a = 5.0282189046354215 b = 5.0282189046354215 c = 16.5046431335115 ,Gaussian ,LMH = 0.08 ,DW = [0.8 0.8 0.8]
0.0
0.0
0.0
0.0
0.0
0.0
0.0
0.0
0.0
0.0
0.0
0.0
0.0
0.0
0.0
0.0
0.0
0.0
0.0
0.0
0.0
0.0
0.0
0.0
0.0
0.0
0.0
0.0
0.0
0.0
0.0
0.0
0.0
0.0
0.0
0.0
0.0
0.0
0.0
0.0
1.4684440834196695e-33
1.266391822428537e-32
7.278809099624848e-32
2.7882653991510376e-31
7.118515543706584e-31
1.2112291497837343e-30
1.3735508398132162e-30
1.0381131959690153e-30
5.22909139568145e-31
1.755453386258976e-31
3.9276603023480016e-32
5.856795832639968e-33
5.820600584809371e-34
3.855290077681184e-35
1.701875830931895e-36
5.007030409929104e-38
9.817798978979224e-40
1.283008667563945e-41
1.117446123469521e-43
6.486421168549931e-46
2.5093731318136114e-48
6.470038889816975e-51
1.111808747809998e-53
1.273311996038892e-56
9.718989718378043e-60
6.479072566948755e-62
2.5147899525357155e-65
6.50537201476327e-69
0.0
0.0
0.0
0.0
0.0
0.0
0.0
0.0
0.0
0.0
0.0
0.0
0.0
0.0
0.0
0.0
0.0
0.0
0.0
0.0
0.0
0.0
0.0
0.0
0.0
0.0
0.0
0.0
0.0
0.0
0.0
0.0
0.0
0.0
0.0
0.0
0.0
0.0
0.0
0.0
0.0
0.0
0.0
0.0
0.0
0.0
0.0
0.0
0.0
0.0
0.0
0.0
0.0
0.0
0.0
0.0
0.0
0.0
0.0
0.0
0.0
0.0
0.0
0.0
0.0
0.0
0.0
0.0
0.0
0.0
0.0
0.0
0.0
0.0
0.0
0.0
0.0
0.0
0.0
0.0
0.0
0.0
0.0
0.0
0.0
0.0
0.0
0.0
0.0
0.0
0.0
0.0
0.0
0.0
0.0
0.0
0.0
0.0
0.0
0.0
0.0
0.0
0.0
0.0
0.0
0.0
0.0
0.0
0.0
0.0
0.0
0.0
0.0
0.0
0.0
0.0
0.0
0.0
0.0
0.0
0.0
0.0
0.0
0.0
0.0
0.0
0.0
0.0
0.0
0.0
0.0
0.0
0.0
0.0
0.0
0.0
0.0
0.0
0.0
0.0
0.0
0.0
0.0
0.0
0.0
0.0
0.0
0.0
0.0
0.0
0.0
0.0
0.0
5.607602373071111e-34
5.247171490340547e-33
3.2723131213515884e-32
1.3600848328107762e-31
3.76754709241565e-31
6.955573266392798e-31
8.55832388171597e-31
7.0182050765061624e-31
3.835702707835682e-31
1.3971575180391648e-31
3.3917774859986353e-32
5.4877065818731135e-33
5.9174685686717194e-34
4.252678831913372e-35
2.0369049297853292e-36
6.502202358701082e-38
1.3833489714038602e-39
1.961483096703379e-41
1.8536124444879475e-43
1.1674407575248665e-45
4.900408835501086e-48
1.3709175160293841e-50
2.5560649477393537e-53
3.176244984394868e-56
2.9302831699154596e-58
1.8516302984204935e-61
7.797951228566418e-65
2.1887103863986096e-68
0.0
0.0
0.0
0.0
0.0
0.0
0.0
0.0
0.0
0.0
0.0
0.0
0.0
0.0
0.0
0.0
0.0
0.0
0.0
0.0
0.0
0.0
0.0
0.0
0.0
0.0
0.0
0.0
0.0
0.0
0.0
0.0
0.0
0.0
0.0
0.0
0.0
0.0
0.0
0.0
0.0
0.0
0.0
0.0
0.0
0.0
0.0
0.0
0.0
0.0
0.0
0.0
0.0
0.0
0.0
0.0
0.0
0.0
0.0
0.0
0.0
0.0
0.0
0.0
0.0
0.0
0.0
0.0
0.0
0.0
0.0
0.0
0.0
0.0
0.0
0.0
0.0
0.0
0.0
0.0
0.0
0.0
0.0
0.0
0.0
0.0
0.0
0.0
0.0
0.0
0.0
0.0
0.0
0.0
0.0
0.0
0.0
0.0
0.0
0.0
0.0
0.0
0.0
0.0
0.0
0.0
0.0
0.0
0.0
0.0
0.0
0.0
0.0
0.0
0.0
0.0
0.0
0.0
0.0
0.0
0.0
0.0
0.0
0.0
0.0
0.0
0.0
0.0
0.0
0.0
0.0
0.0
0.0
0.0
0.0
0.0
0.0
0.0
0.0
0.0
0.0
0.0
0.0
0.0
0.0
0.0
0.0
0.0
0.0
0.0
0.0
0.0
0.0
0.0
1.2101944308181084e-33
1.1283661631548419e-32
7.011751349151885e-32
2.9039190608623014e-31
8.015378885640704e-31
1.4745012777149481e-30
1.8077892453858603e-30
1.4771751458101076e-30
8.04447550116087e-31
2.919745670909985e-31
7.062750444565191e-32
1.1386342607389936e-32
1.2234217063994982e-33
8.760918982591926e-35
4.181236134068802e-36
1.3299682515851925e-37
2.8194175638935195e-39
3.983447302368351e-41
3.7509415756504635e-43
2.3539816406343502e-45
9.845717968090841e-48
2.744563347596938e-50
4.339017130217692e-52
6.150632986348797e-55
5.810718139326201e-58
3.658654120328259e-61
1.535304232867545e-64
4.293871944543411e-68
0.0
0.0
0.0
0.0
0.0
0.0
0.0
0.0
0.0
0.0
0.0
0.0
0.0
0.0
0.0
0.0
0.0
0.0
0.0
0.0
0.0
0.0
0.0
0.0
0.0
0.0
0.0
0.0
0.0
0.0
0.0
0.0
0.0
0.0
0.0
0.0
0.0
0.0
0.0
0.0
0.0
0.0
0.0
0.0
0.0
0.0
0.0
0.0
0.0
0.0
0.0
0.0
0.0
0.0
0.0
0.0
0.0
0.0
0.0
0.0
0.0
0.0
0.0
0.0
0.0
0.0
0.0
0.0
0.0
0.0
0.0
0.0
0.0
0.0
0.0
0.0
0.0
0.0
0.0
0.0
0.0
0.0
0.0
0.0
0.0
0.0
0.0
0.0
0.0
0.0
0.0
0.0
0.0
0.0
0.0
0.0
0.0
0.0
0.0
0.0
0.0
0.0
0.0
0.0
0.0
0.0
0.0
0.0
0.0
0.0
0.0
0.0
0.0
0.0
0.0
0.0
0.0
1.9403402908084286e-34
1.4543794602268234e-33
7.265393004014206e-33
2.41892296930447e-32
5.367431538393343e-32
7.28836908523457e-32
8.223892275912774e-32
6.184520261283865e-32
3.0996750573976766e-32
1.035399304111086e-32
2.3050540696414847e-33
3.420077233787767e-34
3.3819895264764843e-35
2.228897777739182e-36
9.79015555444316e-38
2.8659630150978818e-39
5.591561668711744e-41
7.270716395387559e-43
6.300903648194964e-45
3.6392343292210543e-47
1.4008729545006265e-49
3.593925160892919e-52
6.144985406246846e-55
7.002517947652566e-58
1.9957038179096007e-34
1.412073399559669e-33
6.658861836371823e-33
2.0927834106093812e-32
4.3835918655876586e-32
6.119521837265413e-32
5.693592930832519e-32
4.331116744097103e-32
2.049138887469515e-32
6.46136758229089e-33
1.3578726778223856e-33
1.9018453516544067e-34
1.7753046770040153e-35
1.1044654713956805e-36
4.5794459482309295e-38
3.826694699685613e-33
2.574994599110797e-32
1.1548099605357438e-31
3.4516461603440804e-31
6.875805195151816e-31
9.128562795051942e-31
8.077236501397417e-31
4.763264949855864e-31
1.8720964829532012e-31
4.9038058088570275e-32
8.560908362540326e-33
9.960656904671554e-34
7.723918133394864e-35
3.9918010781395974e-36
1.3749334203675271e-37
3.15628341984977e-39
4.828940648904223e-41
4.9239007405189216e-43
1.8480558741975866e-44
9.582417740143487e-47
3.3114381675869235e-49
7.626754179611414e-52
1.1706967036220826e-54
1.197651852147118e-57
8.165792381132098e-61
3.7106297732447836e-64
1.1237726662609243e-67
2.2682496481025845e-71
0.0
0.0
0.0
0.0
0.0
0.0
0.0
0.0
0.0
0.0
0.0
0.0
0.0
0.0
0.0
0.0
0.0
0.0
0.0
0.0
0.0
0.0
0.0
0.0
0.00010947506436673655
0.0009344005555811326
0.005315357932911357
0.02015178356678838
0.05091854831854797
0.08574722716326741
0.0962378040527419
0.07198680069381821
0.03588736640293719
0.011923722304907864
0.0026403631659463506
0.0003896700490846605
3.832762732851742e-05
2.512513431722968e-06
1.0977069082618427e-07
3.196288342339573e-09
6.202789634105518e-11
3.5753232544142174e-12
3.528247118822407e-14
2.320514175038699e-16
1.017164053869166e-18
2.971524603779596e-21
5.785610667284299e-24
7.507591398680243e-27
6.492823528639297e-30
3.7423820240937834e-33
1.4376202643630906e-36
3.6806269478344125e-40
0.0
0.0
0.0
0.0
0.0
0.0
0.0
0.0
0.0
0.0
0.0
0.0
0.0
0.0
0.0
0.0
0.0
0.0
0.0
0.0
0.0
0.0
0.0
0.0
0.0
0.0
0.0
0.0
0.0
0.0
0.0
0.0
0.0
0.0
0.0
0.0
0.0
0.0
0.0
0.0
0.0
0.0
0.0
0.0
0.0
0.0
0.0
0.0
0.0
0.0
0.0
0.0
0.0
0.0
0.0
0.0
0.0
0.0
0.0
0.0
0.0
0.0
0.0
0.0
0.0
0.0
0.0
0.0
0.0
0.0
0.0
0.0
0.0
0.0
1.262508669979843e-33
8.635958440163548e-33
3.937025849771424e-32
1.1962102986864878e-31
2.4223023813657754e-31
3.269118951874781e-31
2.9404556856825097e-31
1.7627068909695318e-31
7.042504190502173e-32
1.8752348869021207e-32
3.327865628616613e-33
3.9360212868244834e-34
3.1026346835427364e-35
1.6299917105209593e-36
5.707181663613975e-38
1.3318016412546207e-39
2.0712806263982e-41
2.1469399062371385e-43
8.146568474976465e-45
4.2939624082534523e-47
1.5084235774524582e-49
3.531587201016875e-52
5.510590060847877e-55
5.7307019688241945e-58
3.971907170664108e-61
1.83472891222639e-64
5.648410710644512e-68
1.158943273481659e-71
0.0
0.0
3.0114940904168786e-34
2.8509581522944552e-33
1.7987931210598175e-32
7.564028242732186e-32
2.119857234673497e-31
3.959511728109417e-31
4.9289930062910665e-31
4.089369168926799e-31
2.261184412616495e-31
8.332919681745459e-32
2.046632926492715e-32
3.350150103413939e-33
3.6548547614642403e-34
2.657403661065949e-35
3.6950188602515526e-36
1.3661759801090599e-37
3.3664965942685824e-39
5.528804859962136e-41
6.051539775709662e-43
4.414505587236243e-45
2.1462474770976236e-47
6.954390489301181e-50
1.5018269586624355e-52
2.1615349760826586e-55
2.073414765143841e-58
1.3255363892162508e-61
5.647791697627388e-65
1.603789016179996e-68
0.0
0.0
0.0
0.0
0.0
0.0
0.0
0.0
0.0
0.0
0.0
0.0
0.0
0.0
0.0
0.0
0.0
0.0
0.0
0.0
0.0
0.0
0.0
0.0
0.0
0.0
0.0
0.0
0.0
0.0
0.0
0.0
0.0
0.0
0.0
0.0
0.0
0.0
0.0
0.0
0.0
0.0
0.0
0.0
0.0
0.0
0.0
0.0
0.0
0.0
0.0
0.0
0.0
0.0
0.0
0.0
0.0
0.0
0.0
0.0
0.0
0.0
0.0
0.0
0.0
0.0
0.0
0.0
0.0032184450001192144
0.022832516340521622
0.10795506185093177
0.34018392853414653
0.7144405925486058
1.0
0.9328577548808656
0.5799791759414297
0.24032055768197097
0.06636681773787571
0.012214975854738361
0.0014983586521140804
0.00012249560170173317
6.674315908537206e-06
2.423676045603727e-07
5.865755147785892e-09
9.461387689836836e-11
1.0171085258408e-12
7.287210238193954e-15
3.4796603291233554e-17
1.1073730571051736e-19
1.9123448622124436e-21
3.0947523011742976e-24
3.3378523664808304e-27
2.3993295424121997e-30
1.149460964101577e-33
3.670118619692403e-37
7.809936866180644e-41
0.0
0.0
0.0
0.0
0.0
0.0
0.0
0.0
0.0
0.0
0.0
0.0
0.0
0.0
0.0
0.0
0.0
0.0
0.0
0.0
0.0
0.0
0.0
0.0
0.0
0.0
0.0
0.0
0.0
0.0
0.0
0.0
0.0
0.0
0.0
0.0
0.0
0.0
0.0
0.0
0.0
0.0
0.0
0.0
0.0
0.0
0.0
0.0
0.0
0.0
0.0
0.0
0.0
0.0
0.0
0.0
0.0
0.0
0.0
0.0
0.0
0.0
0.0
1.3067068771356955e-05
0.00012182737956123894
0.000756995289698739
0.0031348950034247925
0.008652355804695493
0.01591575661195393
0.01951199860356698
0.017839619798167387
0.011121481447891329
0.004620843258612496
0.0012795621383117183
0.00023614734813831283
2.904599866522168e-05
2.381064178324899e-06
1.3008806022746223e-07
4.736802993799325e-09
1.1495152982859009e-10
1.8591983980337116e-12
2.0040948211319998e-14
1.4397674245182598e-16
6.893629982730949e-19
2.1998098516185456e-21
4.67847016909728e-24
6.631383355219193e-27
6.2644933602053854e-30
3.9441127341591706e-33
1.6549856581853922e-36
4.628291431807949e-40
0.0
0.0
0.0
0.0
0.0
0.0
0.0
0.0
0.0
0.0
0.0
0.0
0.0
0.0
0.0
0.0
0.0
0.0
0.0
0.0
0.0
0.0
0.0
0.0
7.0242631877895295e-34
5.869777709417728e-33
3.269068960242136e-32
1.2134113629183274e-31
3.001743516545325e-31
4.9490364586225585e-31
5.512977600243097e-31
4.6220632063996255e-31
2.5826590739184302e-31
9.61789051875117e-32
2.3871193102253854e-32
3.948662096521771e-33
4.3531874064651005e-34
3.1984996348648345e-35
1.5662705965158472e-36
5.111740902911882e-38
1.111865919754543e-39
1.6118237576822733e-41
1.557271139949348e-43
1.002749526619426e-45
4.303306151347558e-48
1.2308172412342439e-50
2.3462076486715567e-53
2.9807178579850286e-56
2.523811070175841e-59
1.4242110814770564e-62
5.35640526707326e-66
1.3426228818297743e-69
0.0
0.0
0.0
0.0
0.0
0.0
0.0
0.0
0.0
0.0
0.0
0.0
0.0
0.0
0.0
0.0
0.0
0.0
0.0
0.0
0.0
0.0
0.0
0.0
0.0
0.0
0.0
0.00016656865325551397
0.0014009299341046831
0.007852737930573837
0.01977842736281598
0.0563766188626523
0.10709959863792816
0.13559953769553154
0.11442215493321715
0.06434926409315977
0.02411896097228822
0.006024973667156265
0.0010030746608976657
0.00011129942338609216
8.230649680317942e-06
4.0565503272319014e-07
1.3324814374739013e-08
2.917071103428964e-10
4.25612535633977e-12
4.138694354942242e-14
2.682216604508296e-16
1.1585262725024312e-18
3.3350279301594616e-21
6.39844755538631e-24
8.18148487360434e-27
6.976461508596983e-30
4.7311897292805916e-33
9.441687973348386e-35
7.461241446262888e-36
1.108365548108007e-36
4.5255900595705645e-38
1.2315412243019418e-39
2.2335940505419075e-41
2.6998589928904723e-43
2.175001041448158e-45
1.167775619890758e-47
4.178697055619963e-50
9.965610712963147e-53
1.5839756378985213e-55
1.677933038121679e-58
1.1846288390710808e-61
5.574058534582276e-65
1.7480034972296037e-68
3.6533780701238087e-72
0.0
0.0
0.0
0.0
0.0
0.0
0.0
0.0
0.0
0.0
0.0
0.0
0.0
0.0
2.08767682713543e-34
1.7359994461311265e-33
9.620938579521607e-33
3.55358616274623e-32
8.747779073227285e-32
1.4351930106654972e-31
1.5692941770890733e-31
1.143615318616221e-31
5.554399498235736e-32
1.7979425485049492e-32
3.878788108594295e-33
5.576964102109291e-34
5.344181394682872e-35
3.413076956376628e-36
1.452755467978772e-37
4.1211697656042686e-39
7.791660829947283e-41
9.817956920472396e-43
8.245058720763891e-45
4.614747381452533e-47
1.7214073750075566e-49
4.2795778858622015e-52
7.090873836341279e-55
7.925010278303249e-57
6.677305370004887e-60
3.749593521815523e-63
1.054853862973969e-34
9.60296833254351e-34
5.826399289084004e-33
2.3560067989168995e-32
6.349424786417715e-32
1.1404435014983767e-31
1.3651950812137888e-31
1.0891738430779823e-31
5.7913690310131e-32
2.0523282538854748e-32
4.8472336762948314e-33
7.629966615473044e-34
8.004475263949051e-35
5.596604846214602e-36
2.6079422471602126e-37
8.099399919933826e-39
1.6764448280587187e-40
2.3126357526513956e-42
2.1262129242692796e-44
8.263822809883113e-34
5.670029209786618e-33
2.5928126924364554e-32
5.701588930745173e-32
1.325819281599562e-31
2.054727848068569e-31
2.1222953939724436e-31
1.4609619469208597e-31
6.702757774334805e-32
2.049508359755146e-32
4.1766435381933865e-33
5.6726589885737915e-34
5.134846795230809e-35
3.097774869071447e-36
1.245528765992794e-37
3.337637915736839e-39
5.960823008608289e-41
7.095038906754185e-43
5.628399089031915e-45
2.9757506355069934e-47
1.0485514234384498e-49
2.4624333333960122e-52
3.8540804598862164e-55
0.000397235230565742
0.0029879350455402852
0.014978767980082956
0.050045217759211856
0.11143731028887423
0.1653789412359107
0.1717436906596988
0.12960834281879358
0.06518785221313823
0.021851534238694053
0.004881786094269729
0.0007268706032639403
7.213017940881069e-05
4.770440329658807e-06
2.102720126331031e-07
6.177119789915236e-09
1.2094060130720558e-10
1.578119084288625e-12
1.3724260988587234e-14
7.954625038681154e-17
3.0727838085136523e-19
7.91089912598164e-22
1.3573793438219486e-24
1.5522375076325818e-27
1.183032454491528e-30
6.009200472179524e-34
2.034315343285808e-37
4.5898807770745586e-41
0.0
0.0
0.0
0.0
0.0
0.0
0.0
0.0
0.0
0.0
0.0
0.0
0.0
0.0
0.0
0.0
0.0
0.0
0.0
0.0
0.0
0.0
0.0
0.0
0.0
0.0
0.0
0.0
0.0
0.0
0.0
0.0
0.0
0.0
0.0
0.0
0.0
0.0
0.0
0.0
0.0
0.0
3.183356287151733e-35
2.3349132644590123e-34
1.1413998326536282e-33
3.7186594229684375e-33
8.074517004028373e-33
1.1684987447362332e-32
1.1269937176653736e-32
7.244297685896462e-33
3.1035062872279e-33
8.861158788857914e-34
1.6862033846776163e-34
2.1385083118426944e-35
6.172842903061289e-36
2.0210283992199988e-35
1.3869795105033038e-34
6.431129862165336e-34
1.9875725964629874e-33
4.093930802391083e-33
5.620041787554407e-33
5.1418587244744824e-33
3.135322964181069e-33
1.6687089611752722e-33
2.9877997943370992e-33
1.1859555841463165e-32
3.510666460257452e-32
6.959817245404721e-32
9.197568367915144e-32
8.100898943261056e-32
4.755269027820243e-32
1.8603665554533887e-32
4.8506898078520836e-33
8.429271284490867e-34
9.762433924094818e-35
7.535424655358348e-36
3.87649211006354e-37
1.3290815373378514e-38
3.0370077073872464e-40
4.6251062204402377e-42
4.694389021959231e-44
1.7565135871494863e-45
9.065911164952289e-48
3.1185517340296687e-50
7.149505342619652e-53
1.0923972174638701e-55
1.1124147113407955e-58
7.549781976951435e-62
3.4149444616750415e-65
1.0294717368252872e-68
2.0683629945482584e-72
0.0
0.0001741319151313755
0.0014284171662874458
0.007809321332547847
0.028454638591219893
0.0690994201126019
0.11183488095716043
0.12063177135105761
0.08672167917738957
0.041550399141007444
0.013267963553219386
0.0028236761645266443
0.0004005041808360876
3.7860013839322897e-05
2.3852616787990493e-06
1.0015504759616876e-07
9.657504272379194e-09
2.0620742544841085e-10
2.934440035515533e-12
2.783093049350184e-14
1.759186008753087e-16
7.411009093011406e-19
2.08077191859765e-21
3.893616362619044e-24
4.85582902495453e-27
4.039749439357658e-30
2.666656325039244e-32
1.0715856286000116e-31
3.1325006885207045e-31
6.1029577405123694e-31
7.924485932748654e-31
6.857777384764108e-31
3.958374699161983e-31
1.5468191248570602e-31
5.400179797133711e-32
6.376226678302702e-32
1.4518469940424498e-31
2.434781165157852e-31
2.734324698484555e-31
2.0469873759317246e-31
1.021329776666831e-31
5.128230423871305e-32
1.301131339629228e-32
2.2001702785006667e-33
2.4795507286754505e-34
1.862392655565142e-35
9.322900537976655e-37
3.1103724732625004e-38
6.916004971266287e-40
1.0248958674200532e-41
1.0122452217090441e-43
6.663053140318865e-46
2.92309120820184e-48
8.54659264357338e-51
1.6654254262955383e-53
2.162912373544016e-56
1.872122262133817e-59
1.079968375670256e-62
4.152115418202222e-66
1.0639209097601567e-69
0.0
0.0
3.9870764665480483e-35
3.0153057553736756e-34
1.5198113957897566e-33
5.105397774500668e-33
1.1430126083676909e-32
1.5613472596882632e-32
1.7775569430194898e-32
1.3487426370285966e-32
6.820499789193166e-33
2.298713577602212e-33
5.163391677725858e-34
7.729774563063606e-35
7.712232856115125e-36
5.12831847693631e-37
2.2727485527864053e-38
6.71288705549513e-40
1.3214442293630391e-41
1.7336837777687457e-43
1.5159067276564994e-45
8.833984307958422e-48
1.7562641338601655e-33
1.1189137134245505e-32
4.750998672417404e-32
1.3444813111110906e-31
2.5357485075942333e-31
3.1874188420005588e-31
2.670260557359337e-31
1.4909040490277131e-31
5.547883028129317e-32
1.375898653362872e-32
2.2741920843292433e-33
5.467076307487796e-34
4.595136470173298e-35
2.5740871135636724e-36
9.610137800633293e-38
2.3912090073427713e-39
3.965400061666399e-41
4.382662504494812e-43
3.228275540788316e-45
1.5848373995547875e-47
5.185377454611154e-50
1.1307265431107443e-52
1.643298077881393e-55
1.5916832852431485e-58
1.0274921491354114e-61
4.420607100771805e-65
1.2675551668621137e-68
2.422330352362186e-72
0.0
0.0
0.0
0.0
0.0
0.0
0.0
0.0
0.0
0.0
0.0
0.0
0.0
0.0
0.0
0.0
0.0
0.0
0.0
0.0
0.0
0.0
0.0
0.0
0.0
0.0
0.0
0.0
0.0
0.0
0.0
0.0
0.0
0.0
3.555688332847734e-05
0.0003236942556433804
0.0019639383297136936
0.007941494661495876
0.021402189177044083
0.03844109029535442
0.04601662294067451
0.036712616560034834
0.019520794132702957
0.006917691216042212
0.0016338282910567598
0.0002571776357544239
2.6979974525061875e-05
1.8863897120497892e-06
8.790282880403172e-08
2.7299571585041064e-09
5.650545289571694e-11
7.794826211493962e-13
7.166449778939447e-15
4.3912001726269075e-17
1.7932628688640646e-19
4.880746208408794e-22
8.853399122698737e-25
1.0703243580508093e-27
8.623872421238993e-31
4.630957392952016e-34
2.4420278931753072e-36
6.668400305621015e-40
0.0
0.0
0.0
0.0
0.0
0.0
0.0
0.0
0.0
0.0
0.0
0.0
0.0
0.0
0.0
0.0
0.0
0.0
0.0
0.0
0.0
0.0
0.0
0.0
0.0
0.0
0.0
0.0
0.00023208505253861095
0.0018199063288784436
0.009511137237197986
0.03312816719115726
0.07690311271631914
0.11897945521947154
0.12268220744284897
0.08430876655338415
0.0388307032984229
0.013539479041520924
0.011846907471164141
0.03427785482913753
0.08133972901022042
0.12977900670625317
0.13804891434553127
0.09786977194266809
0.04624299053403569
0.01456212665249848
0.00305622443927178
0.00042749125281341425
3.985205944460948e-05
6.539842973066122e-06
3.1002265963830553e-07
9.794924728217265e-09
2.0624827089100833e-10
2.8944168503736767e-12
2.7071566537502836e-14
1.6875134600491796e-16
7.010720475614817e-19
1.9411522785191778e-21
3.582103323021231e-24
4.405531375282141e-27
3.616657418096275e-30
1.6530958286875737e-32
2.542710708422499e-32
2.959659512507766e-32
2.2960448209258506e-32
1.1871361294061386e-32
4.0907433365799884e-33
9.394755649635716e-34
1.4379715522955625e-34
1.4668869605083706e-35
9.972970855895835e-37
4.518913205451855e-38
1.36466168480685e-39
1.4504479131936366e-34
1.2416324816865126e-33
4.147196360336753e-33
1.805295040264073e-32
5.237491455853937e-32
1.0126981443051992e-31
1.3050232499904649e-31
1.1208255749069118e-31
6.415630794965541e-32
2.4474974205307395e-32
6.222811854657876e-33
1.054466158313467e-33
1.190858525552342e-34
8.963327036072285e-36
4.496347442840343e-37
1.5032528342193164e-38
3.349544470337166e-40
4.974174457219677e-42
4.923090577022067e-44
3.247402999585252e-46
1.427631418226458e-48
4.18290069950341e-51
8.168090869542854e-54
1.0630290054283132e-56
9.220430888802282e-60
5.330143082800629e-63
2.053563166542517e-66
5.2730126463429095e-70
0.0
0.0
0.0
0.0
0.0
0.0
0.0
0.0
0.0
0.0
0.0
0.0
0.0
0.0
0.0
0.0
0.0
0.0
0.0
0.0
0.0
0.0
0.0
0.0
0.0
0.0
0.0
0.0
0.0
0.0
0.0
0.0
0.0
0.0
0.0
0.0
0.0
0.0
0.0
0.0
0.0
0.0
0.0
0.0
0.0
0.0
0.0
0.0
0.0
0.0
0.0
0.0
0.0
0.0
0.0
0.0
0.0
0.0
0.0
0.0
0.0
0.0
0.0
0.0
0.0
0.0
0.0
0.0
0.0
0.0
0.0
0.0
0.0
0.0
0.0
0.0
4.723142558567073e-34
1.8610701802251477e-33
1.0380340157663389e-32
3.8587084697347856e-32
9.559912108650837e-32
1.578510150285817e-31
1.7370903450791218e-31
1.274028027482833e-31
6.227548322798277e-32
2.0287885178476058e-32
4.4049197283393403e-33
6.3741278052692835e-34
6.147309565206641e-35
3.9512176095073836e-36
3.506676946564582e-35
3.1176779567389428e-34
1.8562488466463947e-33
7.365960374351224e-33
1.9480680749661265e-32
3.433684819052274e-32
4.0336505946730144e-32
3.158040326219665e-32
1.647853562222123e-32
5.730613349391367e-33
1.3282051116148098e-33
2.0516852472371167e-34
2.112213782762401e-35
3.7033107569089716e-36
1.938741351561112e-37
6.76442893452857e-39
1.5729827202590215e-40
2.4378013499374388e-42
2.5179912859954926e-44
1.733371615638645e-46
1.029933118736764e-34
8.991230837725263e-34
5.231314379291618e-33
2.028542170542727e-32
5.242504466860928e-32
9.02973751551231e-32
1.0365565280374275e-31
7.930350900673704e-32
4.043648210128345e-32
1.3741554839289116e-32
3.112289110328229e-33
4.697919158216113e-34
4.726206502266311e-35
3.168847911126999e-36
1.4160273650910327e-37
4.217192689900626e-39
8.37060391033608e-41
1.1073162852452845e-42
4.943666254433285e-44
3.3255740252923267e-46
1.490958801326936e-48
4.45498467966848e-51
8.871730383057539e-54
1.177475835260512e-56
1.0415430360204795e-59
6.140220737405773e-63
2.4125276351801644e-66
6.31745501043946e-70
0.0
0.0
0.0
0.0
0.0
0.0
0.0
0.0
0.0
0.0
0.0
0.0
0.0
0.0
0.0
0.0
0.0
0.0
0.0
0.0
5.934228252328727e-35
4.823893185410537e-34
2.6134407996238877e-33
9.436462079534568e-33
2.2708438897356494e-32
3.6420584226708904e-32
3.8960271341947004e-32
2.7943638719821783e-32
1.4147127758992466e-32
7.213914037795964e-33
7.197935818299425e-33
8.857488020757038e-33
8.05691392129696e-33
4.939947860766691e-33
2.0209758364332097e-33
5.511028729516014e-34
6.982254698773201e-05
0.0004992719557268992
0.0023793602711345975
0.007557267369625697
0.015997455741660532
0.022569326295868525
0.022660243597079646
0.0162567913810964
0.007772963693106991
0.002476965706937701
0.0005260595351484402
7.446142581530712e-05
7.024401829228479e-06
4.4164050197649907e-07
1.8505890603780323e-08
5.16812053936389e-10
9.61915286572154e-12
1.1932256122132262e-13
9.864835673251969e-16
5.435489885018015e-18
1.99603924888133e-20
4.885184941930643e-23
7.968461725921001e-26
8.662625118386066e-29
6.276334738952217e-32
3.030708896083103e-35
9.753576570254705e-39
2.0920165691689946e-42
0.0
0.0
9.838553100749079e-05
0.0004115829015046902
0.002511295106502504
0.010212209708708916
0.02767726976878313
0.04999289852251529
0.06018315289875658
0.04828620822542861
0.025819796672305655
0.0092016154865232
0.002185530605643894
0.0003459642728570438
3.649952058208893e-05
2.5664015924568146e-06
1.2026620867183224e-07
3.756160771257819e-09
7.818550997450449e-11
1.0846507528108848e-12
1.0028480144398632e-14
6.179621338096168e-17
2.5378745898939846e-19
6.9464033742675755e-22
1.2671598239596003e-24
1.5406263211857898e-27
1.3262617566155946e-30
8.860491045360835e-32
6.670900624015255e-32
4.580793501237572e-32
2.72714183387507e-32
3.8398687862243435e-32
7.405538153284209e-32
1.0503240650062603e-31
1.0010894234684626e-31
6.363414748100585e-32
2.6959496597615955e-32
7.612313498625445e-33
1.4325284056018404e-33
1.7966826687333948e-34
1.501830997157634e-35
8.366663400659641e-37
3.1064550865257127e-38
7.687044740752794e-40
1.267754868012553e-41
1.3934542455687711e-43
1.0207789074385858e-45
4.9837036565695347e-48
1.6216393753686929e-50
3.5167208801983196e-53
5.0828005380159335e-56
4.8960943988829915e-59
6.939780805117965e-35
5.348887742467313e-34
2.7476585465640086e-33
6.529247637720587e-33
1.7055521341423397e-32
2.969261217866956e-32
3.4451914508150776e-32
2.664157303983266e-32
1.373054940959244e-32
4.716257564739196e-33
1.0796641041041162e-33
1.6472569872353586e-34
1.6750030511011852e-35
1.13514514163037e-36
5.127063958730836e-38
1.5433613631379248e-39
3.0963358464730814e-41
4.140092511663042e-43
3.68938161191464e-45
2.1911830526814535e-47
8.673318402311319e-50
2.2880919209255772e-52
4.0229366492239705e-55
4.7140530737583026e-58
3.68152106792893e-61
1.9162036393063338e-64
6.647182144611622e-68
1.5367918415290277e-71
0.0
0.0
0.0
0.0
0.0
0.0
0.0
0.0
0.0
0.0
0.0
0.0
0.0
0.0
0.0
0.0
0.0
0.0
0.0
4.736539665735934e-06
4.0941715916641474e-05
0.00023585899876223901
0.0009055666267085169
0.0023172341238016257
0.003951854715649346
0.0044917292770454585
0.0039047164448947486
0.002256860339683024
0.0008693635270237009
0.00022319255074456493
3.818910877154954e-05
4.354927197343066e-06
3.309815788268321e-07
1.6765182893523436e-08
5.65971178883373e-10
1.2733913185999307e-11
1.909461919228734e-13
1.908278101758972e-15
1.2710243766697616e-17
5.642189147949893e-20
1.6692560190766336e-22
0.0001227501685558127
0.0008271085997298878
0.0037143645328208373
0.011117011613043688
0.022175485819232617
0.02948083465873304
0.026120889093666222
0.015424734007436427
0.0060705628536485865
0.0015922885964219516
0.00027835316110260175
6.946189061269692e-05
6.174809348247958e-06
3.658323058183326e-07
1.4445151597464002e-08
3.801401150175407e-10
6.667251653605732e-12
7.793482094122894e-14
6.071524953727949e-16
3.1524308930711193e-18
1.0908748106042409e-20
2.5158561200246875e-23
3.867036182328023e-26
3.9614321229344653e-29
2.704629311553773e-32
1.2306791137080488e-35
3.73218753421955e-39
7.543339148385848e-43
0.0
0.0
0.0
0.0
0.0
0.0
0.0
0.0
0.0
0.0
0.0
0.0
0.0
0.0
0.0
3.222641772749196e-34
2.085171905702375e-33
8.991936798536244e-33
2.584319322525009e-32
2.8960683117444817e-05
0.00021746445554711048
0.0010883017067852873
0.0036298768147689613
0.008068931184731199
0.011954232124178947
0.011803448398433308
0.00776743584849598
0.0034066537359455588
0.000995771881012832
0.0001939872883266311
2.5186523990003703e-05
2.1794391330520525e-06
1.2569060107372976e-07
4.831059760553178e-09
4.391737167611292e-10
8.583779006236092e-12
1.1181556513574234e-13
9.707503292059393e-16
5.616870072555056e-18
2.166021473327216e-20
5.566890587606893e-23
9.535515179282834e-26
1.0885720672515106e-28
8.282315280169458e-32
2.57130322295053e-05
0.00020275322819879337
0.0010655254061526034
0.0037319978878857336
0.008711651976272017
0.013553179606759114
0.01405281788375142
0.009711072372435927
0.004472522268524802
0.0013728382804338237
0.0002808457122860764
3.829109299877632e-05
3.4794393988651252e-06
2.1071834109945796e-07
4.1424709343080356e-05
0.0002875764963928945
0.0008354280966905802
0.002949812404378104
0.006941627015212792
0.010887037025459484
0.011379932167877561
0.007927772794829261
0.0036808173290294836
0.0011389873034570455
0.00023489569053594382
3.228589006041119e-05
2.957549528002182e-06
1.8056469431162803e-07
7.347087227147625e-09
1.9924117907312413e-10
3.6010119161984143e-12
4.337620592931069e-14
3.482251337008327e-16
1.8631602657116163e-18
6.6438812562904554e-21
1.5789742885463667e-23
2.5009776039095306e-26
2.640134761793038e-29
1.8574791016030015e-32
8.709702587709776e-36
2.7218504689131086e-39
5.6690037987338555e-43
0.0
0.0
0.0
0.0
0.0
0.0
0.0
5.552731486679192e-05
0.00044766207059590725
0.002405334462364786
0.008613550343543002
0.020557507968779958
0.03269943783385974
0.03466503584777582
0.024492017953428286
0.011532913448477015
0.0036193871870609665
0.0007570291534589546
0.00010552897330174818
9.804204679097293e-06
6.070641323944796e-07
2.5051764860148593e-08
6.890069896993308e-10
1.2629625616791953e-11
1.542903890747707e-13
6.532388404300972e-15
4.0581021692053744e-17
1.680178808315897e-19
4.6362791488906e-22
8.526390108191558e-25
1.0450627533299735e-27
8.53691757988782e-31
4.6477351573241384e-34
1.6864129331208866e-37
4.078483269815183e-41
2.0744778583675825e-47
9.499316845436847e-50
2.899061921413767e-52
5.896633803474006e-55
7.993415202621196e-58
7.221744755471486e-61
4.348439633731381e-64
1.7450436887594665e-67
4.667246207889486e-71
4.353555090856658e-36
3.8060060185473536e-35
2.2175654424221e-34
8.611225610838286e-34
2.228614944842153e-33
3.844029018626399e-33
4.418957499852608e-33
3.87058072507042e-33
2.262621330476126e-33
8.815139161034398e-34
2.2889063109524504e-34
3.961032526112832e-35
4.568465492771772e-36
3.511671130807746e-37
1.799031940243865e-38
6.1425041524586e-40
1.3977631660909757e-41
2.1198409283019874e-43
2.1426661187252132e-45
1.443401924056006e-47
5.752294068715185e-34
3.8361521129785235e-33
1.705030325217264e-32
5.050681050628415e-32
9.971243641215792e-32
1.3119892017484432e-31
1.1505162082963712e-31
6.724140357994784e-32
2.619161916326078e-32
6.799382490962242e-33
1.1764084789738492e-33
4.107445723951544e-34
1.7620786667242153e-33
4.8046896225924044e-33
1.555263585726075e-32
3.3562703230009245e-32
4.827174649638036e-32
4.6271188946251276e-32
2.9560369213128787e-32
1.2586083178922584e-32
3.571518377898983e-33
6.754554792763009e-34
8.513773989518248e-35
7.15202548305663e-36
4.004216377415865e-37
1.4941271936981647e-38
3.715687238734626e-40
4.3725178187081185e-35
3.237024189570523e-34
1.5584504038502447e-33
5.324977353839979e-33
1.32071892261656e-32
2.4086223020528122e-32
3.215340675094528e-32
3.0825250538450326e-32
2.0733522348292423e-32
9.59475638999136e-33
3.014240616860735e-33
6.376159781095947e-34
1.8127798550536215e-34
1.9652266886549837e-35
1.4227282514022187e-36
6.871812828337268e-38
2.2133295516916115e-39
4.752607099113311e-41
6.802492021321963e-43
6.489663801028289e-45
4.1264563767644803e-47
1.7487355256208126e-49
4.9392158011092514e-52
9.297716654280624e-55
1.1664810636537738e-57
9.753521369107383e-61
5.435345631529635e-64
2.0187134141163497e-67
4.9969348431148615e-71
0.0
0.0
0.0
0.0
0.0
0.0
0.0
0.0
0.0
0.0
0.0
0.0
0.0
0.0
0.0
5.1108663846634315e-34
3.481812367720012e-33
1.580875788650883e-32
4.7837853119563455e-32
9.647774899672337e-32
1.296773691793697e-31
1.1616699857975266e-31
6.935581734086524e-32
4.763005050445191e-05
0.0003400308460579326
0.0016178458465034274
0.005130237946953136
0.010842250257643913
0.015271542112917086
0.014335997253145378
0.008969215779013339
0.0037399223360268415
0.001039327080211212
0.00019249677190082154
4.9923510492598724e-05
4.701959719099855e-06
2.951441914265309e-07
1.234727511522089e-08
3.4426237266269255e-10
6.397194252867221e-12
7.922660889962189e-14
6.539343408723484e-16
3.597317496381196e-18
1.3188789707264572e-20
3.2226464707944763e-23
5.248098028134663e-26
5.696041029074426e-29
4.1206329545953696e-32
2.0057482954104217e-35
1.3182400960902922e-38
1.6036324607633234e-40
2.4776448065098394e-42
2.573190481544976e-44
1.781092087625305e-46
8.216414883396292e-49
2.5261544216191675e-51
5.1762945074568397e-54
7.069026481319121e-57
6.43401083034401e-60
3.902882843371635e-63
2.232315251479579e-65
6.885917798669172e-69
1.4156297785840783e-72
0.0
0.0
0.0
0.0
0.0
0.0
0.0
0.0
0.0
0.0
1.0020103376150685e-05
8.121822692896159e-05
0.00043874921704187666
0.0015796495675325184
0.0037904144548231667
0.006061696587982394
0.006460754480511795
0.004589377991639545
0.0021727310362381963
0.0006855508215901297
0.00014416335854805455
2.0204665991568058e-05
4.351280276569023e-06
3.1011046517442463e-07
1.4729816444694586e-08
4.662939660169906e-10
9.837931729646366e-12
1.3833413585697052e-13
1.2963923712670898e-15
8.097018287410957e-18
3.370507685471193e-20
9.350763470373092e-23
1.7289417814591124e-25
2.1305670966880235e-28
1.7498128846150258e-31
9.577883553701097e-35
3.494049420279051e-38
8.495131039237594e-42
0.0
0.0
0.0
0.0
0.0
0.0
0.0
0.0
0.0
0.0
0.0
0.0
0.0
0.0
0.0
1.501333525818244e-35
1.0116880444087255e-34
4.54357395003919e-34
1.3599725177143177e-33
2.712965130036855e-33
3.606947652719819e-33
3.1960753926646305e-33
1.8874512335304544e-33
7.4287545928921005e-34
1.948667904816878e-34
3.406757344782215e-35
3.969411446812866e-36
3.0824254573278445e-37
1.5952935013065946e-38
5.502628047046004e-40
1.2649730325267186e-41
1.9380899291765745e-43
1.979010647621993e-45
1.346802410490765e-47
6.108592960841383e-50
1.846545604305255e-52
3.081343618667145e-54
4.7365438536356526e-57
4.8524887999548277e-60
3.3132108042960423e-63
1.5077007273604794e-66
4.5725953248410376e-70
9.242552790253166e-74
2.3837785792461548e-05
0.00017664197596730313
0.0008723755070527694
0.0028714057220183176
0.006298936169196304
0.00920918932748811
0.008973402405980584
0.005827394695586752
0.002522163712369938
0.0007275346127008296
0.00013986710791725798
1.7920869534991066e-05
1.530326538000873e-06
8.70944917672818e-08
3.303534274569138e-09
8.351192470754736e-11
1.4070182067411578e-12
1.5799105152780588e-14
1.1823520539960804e-16
3.6106928889675694e-18
1.374065550754344e-20
3.485025021942026e-23
5.890957612898732e-26
6.636627515965373e-29
4.982995982729903e-32
2.493533347461099e-35
8.316132785001743e-39
1.8484608621728075e-42
1.8073984329193834e-50
4.438081946600666e-53
7.263037403614154e-56
7.92178028196138e-59
5.758493126728183e-62
2.7898217842647795e-65
9.00794275595134e-69
1.9384576725268145e-72
0.0
0.0
0.0
0.0
0.0
0.0
0.0
0.0
0.0
0.0
0.0
0.0
0.0
0.0
0.0
0.0
0.0
0.0
0.0
0.0
0.0
0.0
6.250234017494319e-35
5.899761780581539e-34
3.711540656646435e-33
1.556164545698501e-32
4.3484888313373653e-32
6.572748601697394e-05
0.00041622830088063935
0.0017567005571246111
0.004941347766285011
0.00926349026320584
0.011574051935615795
0.00964394411659342
0.0068330267695833604
0.003017675041473404
0.0013123912376763014
0.0013853786969934962
0.0020486360047534255
0.0022290565680080795
0.0016294611112622856
0.0007943558112254271
0.0002581000000812472
5.5891276163279755e-05
8.066436383484856e-06
7.758914342031169e-07
4.9739538385761666e-08
2.1251230985507787e-09
6.051290207927269e-11
1.1484006220814966e-12
1.4525142608636193e-14
1.224415839424003e-16
6.878900401907924e-19
2.575672564233992e-21
6.427525830432311e-24
1.0690020978947122e-26
1.1849358319950709e-29
8.753720097623257e-33
4.309947969118893e-36
1.414272011986505e-39
5.370413840499065e-42
0.0
0.0
0.0
0.0
0.0
1.2663895778988558e-34
8.45147271629352e-34
3.759057838674786e-33
1.1143129314240356e-32
2.201490831446473e-32
2.898732500948129e-32
2.5437881912435755e-32
1.4877683040512762e-32
5.799241645217173e-33
1.5065677170125882e-33
2.60848087461322e-34
3.0100118459671333e-35
2.3148896912277294e-36
1.1865169459708937e-37
4.0532103014116905e-39
9.22796372118908e-41
1.4002131995989761e-42
1.416002448920637e-44
9.543669468000304e-47
2.7180065981569177e-48
9.315463580514227e-51
2.127844984667352e-53
3.239343835481301e-56
3.286666651189087e-59
2.222469535150841e-62
1.0016073966786267e-65
3.008436005736894e-69
6.022344300166081e-73
0.0
6.5844730265193155e-06
5.4333002942484204e-05
0.00029880505677177855
0.0010952007314840818
0.0026753527686950804
0.004355619508644708
0.00472607229939098
0.003417687391485043
0.0016471982015952044
0.0005291038612094253
0.00011327069114988247
1.616127864676295e-05
1.5367932143974285e-06
9.73950081874278e-08
4.113765302461287e-09
1.1580408284445961e-10
8.553574424030103e-12
1.2244317411717836e-13
1.1681619832630463e-15
7.427678640652516e-18
3.1476373578838197e-20
8.889919425802791e-23
1.6733720337384237e-25
2.0992721128704947e-28
1.7551996142857503e-31
9.780607759736777e-35
3.6323421960847767e-38
8.990636760656604e-42
1.4676189451675361e-49
5.280463320616867e-52
1.2662291270347246e-54
2.023644013889061e-57
2.1554476632839539e-60
1.5301090922591103e-63
7.239171371238802e-67
7.387280004199385e-36
5.315939851581783e-35
2.549512257479135e-34
8.149213545854622e-34
1.7360244630681734e-33
2.464776423867538e-33
2.3322804392612864e-33
1.7942534464618446e-33
8.633553967976397e-34
2.7687068506841505e-34
5.917603883006661e-35
8.429394009234232e-36
8.002549441407e-37
5.063396370109252e-38
2.1351924939245902e-39
6.000862702453741e-41
7.892464346646942e-36
7.293072521936602e-35
5.364074103963626e-34
2.4942159404828187e-33
8.276831593358944e-33
1.990534821699386e-32
3.4816677632046287e-32
4.3834582690771476e-32
3.899356559989217e-32
2.4047900743646833e-32
1.0129958729854684e-32
2.8855389358599902e-33
5.523878448825256e-34
7.080753716904885e-35
6.065014062862889e-36
3.4673290801337634e-37
4.109062663842802e-38
1.1959043987297534e-39
2.3203883057560874e-41
3.0010792183594306e-43
2.587110138338893e-45
1.4864676488607986e-47
5.692321359543427e-50
1.4528187403442055e-52
2.4712608961177893e-55
2.8016203721200244e-58
2.1168135799370392e-61
1.3924552580055649e-07
1.16680071621905e-06
6.516189006388699e-06
2.4253376396957e-05
6.016338857105156e-05
9.94658319067698e-05
0.00010959660417719297
8.048256788645159e-05
3.939019216373338e-05
1.2848603362513854e-05
2.793220970539799e-06
4.0470280397537826e-07
3.90794714345484e-08
2.5150272616056704e-09
1.0787436717025788e-10
1.0550413887999285e-11
2.30116437262239e-13
3.3450863573822546e-15
3.2407727231132163e-17
2.0925284133664405e-19
9.004833786217575e-22
2.582626421521583e-24
4.936649745833826e-27
6.333321166857487e-30
4.0370825353900037e-32
1.843498078608608e-32
6.463522606725746e-33
1.5105963696177846e-33
2.35293118476346e-34
2.4425955586450104e-35
1.6899561994320762e-36
7.792573053701595e-38
2.3947923619411698e-39
4.904970440086046e-41
6.695553317775886e-43
6.091413749349821e-45
3.693441918981854e-47
1.4925400611248973e-49
4.019779840864105e-52
7.2153946015144e-55
8.631761947628646e-58
7.764137649098617e-60
4.723187365569918e-63
1.91495542858031e-66
5.174444273770277e-70
0.0
8.545344237919903e-36
7.998931968217684e-35
4.9901774800667445e-34
5.9484882533337745e-06
5.389753942660153e-05
0.0003254713892272272
0.001309900309028661
0.0035135425694528457
0.006281071585137906
0.007483534468670905
0.00594269635478941
0.0031467078926424663
0.001115705322463077
0.0002753486580529268
6.267127494545449e-05
2.5984293269697095e-05
1.470330639672455e-05
6.3825439521191696e-06
1.8768686203247525e-06
3.684737571540327e-07
4.8221386195671575e-08
9.92128575526709e-09
6.602565203176191e-10
2.92845921804335e-11
8.656597611529984e-13
1.705441515911717e-14
2.2392778265888426e-16
1.959569525080311e-18
1.1428649716935226e-20
4.442328959510687e-23
1.1508217387370667e-25
1.9869500376666518e-28
2.28637458959901e-31
1.753433787925485e-34
8.962164381020922e-38
3.0529380231258177e-41
6.931139163106687e-45
1.082830237738938e-57
9.665596849511203e-61
5.750141434368452e-64
2.2798691680203463e-67
6.024525847088088e-71
0.0
0.0
0.0
0.0
0.0
0.0
0.0
0.0
0.0
0.0
0.0
0.0
0.0
0.0
0.0
0.0
0.0
0.0
0.0
0.0
0.0
0.0
0.0
0.0
0.0
0.0
0.0
0.0
0.0
0.0
0.0
0.0
0.0
0.0
0.0
0.0
0.0
0.0
0.0
0.0
0.0
0.0
0.0
0.0
0.0
0.0
0.0
0.0
0.0
0.0
0.0
0.0
0.0
0.0
0.0
0.0
0.0
0.0
0.0
0.0
0.0
0.0
0.0
0.0
0.0
0.0
0.0
0.0
0.0
0.0
0.0
0.0
0.0
0.0
0.0
0.0
0.0
0.0
0.0
0.0
0.0
0.0
0.0
0.0
0.0
0.0
0.0
0.0
0.0
0.0
0.0
0.0
0.0
0.0
0.0
0.0
0.0
0.0
0.0
0.0
0.0
0.0
0.0
0.0
0.0
0.0
0.0
0.0
0.0
0.0
0.0
0.0
0.0
0.0
0.0
0.0
0.0
0.0
0.0
0.0
0.0
0.0
0.0
0.0
0.0
0.0
0.0
0.0
0.0
0.0
0.0
0.0
0.0
0.0
0.0
0.0
0.0
0.0
0.0
0.0
0.0
0.0
0.0
0.0
0.0
0.0
0.0
0.0
0.0
0.0
0.0
0.0
0.0
0.0
0.0
0.0
0.0
0.0
0.0
0.0
0.0
0.0
0.0
0.0
0.0
0.0
0.0
0.0
0.0
0.0
0.0
0.0
0.0
0.0
0.0
0.0
0.0
0.0
0.0
0.0
0.0
0.0
0.0
0.0
0.0
0.0
0.0
0.0
0.0
0.0
0.0
0.0
0.0
0.0
0.0
0.0
0.0
0.0
0.0
0.0
0.0
0.0
0.0
0.0
0.0
0.0
0.0
0.0
0.0
0.0
0.0
0.0
0.0
0.0
0.0
0.0
0.0
0.0
0.0
0.0
0.0
0.0
0.0
0.0
0.0
0.0
0.0
0.0
0.0
0.0
0.0
0.0
0.0
0.0
0.0
0.0
0.0
0.0
0.0
0.0
0.0
0.0
0.0
0.0
0.0
0.0
0.0
0.0
0.0
0.0
0.0
0.0
0.0
0.0
0.0
0.0
0.0
0.0
0.0
0.0
0.0
0.0
0.0
0.0
0.0
0.0
0.0
0.0
0.0
0.0
0.0
0.0
0.0
0.0
0.0
0.0
0.0
0.0
0.0
0.0
0.0
0.0
0.0
0.0
0.0
0.0
0.0
0.0
0.0
0.0
0.0
0.0
0.0
0.0
0.0
0.0
0.0
0.0
0.0
0.0
0.0
0.0
0.0
0.0
0.0
0.0
0.0
0.0
0.0
0.0
0.0
0.0
0.0
0.0
0.0
0.0
0.0
0.0
0.0
0.0
0.0
0.0
0.0
0.0
0.0
