a = 5.0282189046354215 b = 5.0282189046354215 c = 16.266012932448106 ,Gaussian ,LMH = 0.08 ,DW = [0.2 0.2 0.2]
0.0
0.0
0.0
0.0
0.0
0.0
0.0
0.0
0.0
0.0
0.0
0.0
0.0
0.0
0.0
0.0
0.0
0.0
0.0
0.0
0.0
0.0
0.0
0.0
0.0
0.0
0.0
0.0
0.0
0.0
0.0
0.0
0.0
0.0
0.0
0.0
0.0
0.0
0.0
0.0
0.0
0.0
0.0
3.0353015696198337e-33
2.2438822145220503e-32
1.1055536283543978e-31
3.6302883370077593e-31
7.944818401106267e-31
1.1587997085453394e-30
1.1264562475081919e-30
7.297965852494053e-31
3.1511630405017947e-31
9.068207921807747e-32
1.7392163635086976e-32
2.2231425170137347e-33
1.893923986391691e-34
1.0753239840878576e-35
4.069093494925835e-37
1.0262130972325934e-38
1.7248803938781226e-40
1.932243996217088e-42
1.442601885729721e-44
7.178150715796837e-47
2.380456217451737e-49
5.261255244767258e-52
7.125407077909718e-54
8.008320298261343e-57
5.998666763675059e-60
2.9946742415319036e-63
9.96382257556931e-67
2.209448749783743e-70
0.0
0.0
0.0
0.0
0.0
0.0
0.0
0.0
0.0
0.0
0.0
0.0
0.0
0.0
0.0
0.0
0.0
0.0
0.0
0.0
0.0
0.0
0.0
0.0
0.0
0.0
0.0
0.0
0.0
0.0
0.0
0.0
0.0
0.0
0.0
0.0
0.0
0.0
0.0
0.0
0.0
0.0
0.0
0.0
0.0
0.0
0.0
0.0
0.0
0.0
0.0
0.0
0.0
0.0
0.0
0.0
0.0
0.0
0.0
0.0
0.0
0.0
0.0
0.0
0.0
0.0
0.0
0.0
0.0
0.0
0.0
0.0
0.0
0.0
0.0
0.0
0.0
0.0
0.0
0.0
0.0
0.0
0.0
0.0
0.0
0.0
0.0
0.0
0.0
0.0
0.0
0.0
0.0
0.0
0.0
0.0
0.0
0.0
0.0
0.0
0.0
0.0
0.0
0.0
0.0
0.0
0.0
0.0
0.0
0.0
0.0
0.0
0.0
0.0
0.0
0.0
0.0
0.0
0.0
0.0
0.0
0.0
0.0
0.0
0.0
0.0
0.0
0.0
0.0
0.0
0.0
0.0
0.0
0.0
0.0
0.0
0.0
0.0
0.0
0.0
0.0
0.0
0.0
0.0
0.0
0.0
0.0
0.0
0.0
0.0
0.0
0.0
0.0
0.0
0.0
0.0
2.4371387572674468e-33
1.687688213881542e-32
7.789072153270536e-32
2.395856401389567e-31
4.911536663812735e-31
6.710510254130133e-31
6.110478868167808e-31
3.7083139671866083e-31
1.4998896057298172e-31
4.0431852685987514e-32
7.263894654753452e-33
8.697550925754697e-34
6.940743125713523e-35
3.69144592666575e-36
1.3084845493635195e-37
3.091165336719325e-39
4.866955986727383e-41
5.107097523487151e-43
1.9538272663112454e-44
1.042570611415652e-46
3.707714961096905e-49
8.787973696585427e-52
1.388202127058334e-54
1.4614979511111477e-57
1.0254754420055018e-60
4.795499677311074e-64
1.494596689656011e-67
3.1045289505582203e-71
0.0
0.0
0.0
0.0
0.0
0.0
0.0
0.0
0.0
0.0
0.0
0.0
0.0
0.0
0.0
0.0
0.0
0.0
0.0
0.0
0.0
0.0
0.0
0.0
0.0
0.0
0.0
0.0
0.0
0.0
0.0
0.0
0.0
0.0
0.0
0.0
0.0
0.0
0.0
0.0
0.0
0.0
0.0
0.0
0.0
0.0
0.0
0.0
0.0
0.0
0.0
0.0
0.0
0.0
0.0
0.0
0.0
0.0
0.0
0.0
0.0
0.0
0.0
0.0
0.0
0.0
0.0
0.0
0.0
0.0
0.0
0.0
0.0
0.0
0.0
0.0
0.0
0.0
0.0
0.0
0.0
0.0
0.0
0.0
0.0
0.0
0.0
0.0
0.0
0.0
0.0
0.0
0.0
0.0
0.0
0.0
0.0
0.0
0.0
0.0
0.0
0.0
0.0
0.0
0.0
0.0
0.0
0.0
0.0
0.0
0.0
0.0
0.0
0.0
0.0
0.0
0.0
0.0
0.0
0.0
0.0
0.0
0.0
0.0
0.0
0.0
0.0
0.0
0.0
0.0
0.0
0.0
0.0
0.0
0.0
0.0
0.0
0.0
0.0
0.0
0.0
0.0
0.0
0.0
0.0
0.0
0.0
0.0
0.0
0.0
0.0
0.0
0.0
0.0
0.0
0.0
1.2717624278712314e-33
1.1532986452952763e-32
6.97042280096832e-32
2.8077472438158985e-31
7.537693008448738e-31
1.3486536436789518e-30
1.608214459602637e-30
1.278112385213217e-30
6.769797406972632e-31
2.3898126148437126e-31
5.622553215012859e-32
8.816269308406764e-33
9.213352122290767e-34
6.417000002916992e-35
8.670466797305753e-36
3.0708558434522266e-37
7.24866331204065e-39
1.1403494948698411e-40
1.1956376140962883e-42
8.354928009976679e-45
3.891055301641738e-47
1.2077405347849123e-49
2.4983968866510077e-52
3.444536298468969e-55
3.1650578297860585e-58
1.9382691416866475e-61
7.91093947532353e-65
2.1519074557780046e-68
0.0
0.0
0.0
0.0
0.0
0.0
0.0
0.0
0.0
0.0
0.0
0.0
0.0
0.0
0.0
0.0
0.0
0.0
0.0
0.0
0.0
0.0
0.0
0.0
0.0
0.0
0.0
0.0
0.0
0.0
0.0
0.0
0.0
0.0
0.0
0.0
0.0
0.0
0.0
0.0
0.0
0.0
0.0
0.0
0.0
0.0
0.0
0.0
0.0
0.0
0.0
0.0
0.0
0.0
0.0
0.0
0.0
0.0
0.0
0.0
0.0
0.0
0.0
0.0
0.0
0.0
0.0
0.0
0.0
0.0
0.0
0.0
0.0
0.0
0.0
0.0
0.0
0.0
0.0
0.0
0.0
0.0
0.0
0.0
0.0
0.0
0.0
0.0
0.0
0.0
0.0
0.0
0.0
0.0
0.0
0.0
0.0
0.0
0.0
0.0
0.0
0.0
0.0
0.0
0.0
0.0
0.0
0.0
0.0
1.631632915911252e-34
1.2229882617871246e-33
6.10947184292186e-33
2.034073279036304e-32
4.51347529782723e-32
6.128792438683017e-32
6.915474258742992e-32
5.200565527207871e-32
2.606517978437671e-32
8.70667683241984e-33
1.9383208763939232e-33
2.875944294947267e-34
2.8439163268454506e-35
1.8742810204933012e-36
8.232545667474339e-38
2.409989429879671e-39
4.701946412820475e-41
6.1139482848275326e-43
5.298432363169033e-45
3.060233582943998e-47
1.177994620016236e-49
3.022133085424592e-52
5.167320652012653e-55
5.888420104335854e-58
4.57003097774775e-35
4.267660300539581e-34
2.6560857395050427e-33
1.1017318014363035e-32
3.045728793809555e-32
5.611618274251496e-32
6.890751063258798e-32
6.306954736652214e-32
3.938226901422515e-32
1.6389409364441242e-32
4.545769595767362e-33
8.40297525002177e-34
1.0352382201139104e-34
8.500198323153835e-36
4.6515679340452255e-37
1.6964896936407922e-38
4.123676913802367e-40
6.680355668587307e-42
7.212670416170266e-44
5.190081024493631e-46
2.4890506624703373e-48
7.9556356115642e-51
1.6947185299228661e-53
2.406034337971311e-56
2.276604617768246e-59
8.254124477323806e-34
7.259958094525582e-33
4.2557760086882115e-32
1.662665778999101e-31
4.329250369338803e-31
7.512802902188002e-31
8.689060800143809e-31
6.697692816501802e-31
4.494289160189195e-31
1.7616352042475752e-31
4.6020623478190856e-32
8.012546516542767e-33
9.29758543401882e-34
7.190371672842279e-35
3.706073687240296e-36
1.2730876599386306e-37
2.914634593486248e-39
4.4472492447393037e-41
4.522518718554287e-43
3.065143589696461e-45
1.3845314448659988e-47
4.1680831220161797e-50
8.362795311518441e-53
1.1182736998820682e-55
9.966124385673463e-59
5.919513884938137e-62
2.3432969763291996e-65
6.18230132697349e-69
0.0
0.0
0.0
0.0
0.0
0.0
0.0
0.0
0.0
0.0
0.0
0.0
0.0
0.0
0.0
0.0
0.0
0.00031769107833497505
0.002220785138110877
0.010346408330148011
0.032125820927834975
0.06648143765115047
0.0916912975958428
0.08428249498477826
0.05163309949079503
0.021081453805632453
0.005736598648388765
0.0010403750381922964
0.00012574969173873452
1.0129907573319006e-05
5.438580794546941e-07
6.17788537474408e-08
1.686640514780233e-09
3.0689284177673225e-11
3.7216243733128827e-13
3.0078755541620852e-15
1.6202004149099942e-17
5.81646557723451e-20
1.3916535556827659e-22
2.219139751933091e-25
2.3584122437326658e-28
1.6704609848610455e-31
7.885595593405347e-35
2.480928300080042e-38
5.2020613971712286e-42
0.0
0.0
0.0
0.0
0.0
0.0
0.0
0.0
0.0
0.0
0.0
0.0
0.0
0.0
0.0
0.0
0.0
0.0
0.0
0.0
0.0
0.0
0.0
0.0
0.0
0.0
0.0
0.0
0.0
0.0
0.0
0.0
0.0
0.0
0.0
0.0
0.0
0.0
0.0
0.0
0.0
0.0
0.0
0.0
0.0
0.0
0.0
0.0
0.0
0.0
0.0
0.0
0.0
0.0
0.0
0.0
0.0
0.0
0.0
0.0
0.0
0.0
0.0
0.0
0.0
0.0
0.0
0.0
0.0
0.0
0.0
0.0
0.0
0.0
0.0
0.0
1.2433640426974258e-33
8.594003853814827e-33
3.9588981849184555e-32
1.2154432034821563e-31
2.4870044047678974e-31
3.3915637723748217e-31
3.082513370036792e-31
1.8672028367971546e-31
7.538059762308755e-32
2.0281926389385248e-32
3.636975506530527e-33
4.346634258042598e-34
3.462161870290854e-35
5.1157707700373674e-36
2.072086718207233e-37
5.593534562816857e-39
1.0063435633078593e-40
1.206667924471541e-42
9.642969920790277e-45
5.135886338025715e-47
1.8230624410084493e-49
4.312898443747773e-52
6.800149617670804e-55
7.145773606748791e-58
5.0045102767618864e-61
2.33590655990454e-64
7.266593990824731e-68
1.506564995836061e-71
0.0
0.0
0.0
0.0
0.0
0.0
0.0
0.0
0.0
0.0
0.0
4.62703500222983e-34
4.035944194111519e-33
2.3462218144111205e-32
9.090222896856738e-32
2.347261874253021e-31
4.039523185526907e-31
4.633191104187275e-31
3.541700808862926e-31
1.8043678307747317e-31
6.12660426444605e-32
1.3864241996544316e-32
2.0909997449627732e-33
2.1018096303813732e-34
1.4080378311473963e-35
6.2866143239357535e-37
1.870685845062412e-38
3.7099362812827436e-40
4.903583661479737e-42
4.319587504868685e-44
2.5360190487594306e-46
9.923029777705885e-49
2.587722047784822e-51
4.497513812088297e-54
5.209654636896496e-57
4.021859637189709e-60
2.069314180578391e-63
1.0605398132606696e-65
2.7747833595913e-69
0.0
0.0
0.0
0.0
0.0
0.0
0.0
0.0
0.0
0.0
0.0
0.0
0.0
0.0
0.0
0.0
0.0
0.0
0.0
0.0
0.0
0.0
0.0
0.0
0.0
0.0
0.0
0.0
0.0
0.0
0.0
0.0
0.0
0.0
0.0
0.0
0.0
0.0
0.0
0.0
0.0
0.0
0.0
0.0
0.0
0.0
0.0
0.0
0.0
0.0
0.0
0.0
0.0
0.0
0.0
0.0
0.0
0.0
0.0
0.0
0.0
0.0
0.0039911460183914465
0.027121580683109485
0.12283267946511474
0.37076130509900396
0.7458584718218705
1.0
0.8935628840317806
0.5321472112281272
0.21121269015364771
0.05587142829814752
0.009850110165123712
0.001157374607586506
9.063341833167845e-05
1.3241346808691356e-05
5.272895338096291e-07
1.399418754586699e-08
2.475299629881706e-10
2.9180277125973187e-12
2.2926227384206384e-14
1.2004866283721279e-16
4.189513621393324e-19
9.744317691867559e-22
1.510500282601714e-24
1.5605286098536019e-27
1.074494526921155e-30
4.930809549390721e-34
1.5080432507198112e-37
3.073908347900628e-41
0.0
0.0
0.0
0.0
0.0
0.0
0.0
0.0
0.0
0.0
0.0
0.0
0.0
0.0
0.0
0.0
0.0
0.0
0.0
0.0
0.0
0.0
0.0
0.0
0.0
0.0
0.0
0.0
0.0
0.0
0.0
0.0
0.0
0.0
0.0
0.0
0.0
0.0
0.0
0.0
0.0
0.0
0.0
0.0
0.0
0.0
0.0
0.0
0.0
0.0
0.0
0.0
0.0
0.0
0.0
0.0
0.0
0.0
0.0
0.0
0.0
0.0
0.0
0.0
0.0
0.0
0.0
0.0
0.0
0.0
0.0
0.0
2.5520818575687176e-05
0.0002109673084077004
0.0011622974154194485
0.004267769253623509
0.010443982530417686
0.017033852854631142
0.018515745131474057
0.013413775858331336
0.006476530934887138
0.0020840848263018177
0.0004469612646514842
6.388603438689935e-05
6.085881934452727e-06
3.863871395092216e-07
1.6349457672151908e-08
1.5846183114922419e-09
3.4096353800783746e-11
4.889593504858898e-13
4.673251140764135e-15
2.976782020002662e-17
1.2637364010640166e-19
3.5755882775983605e-22
6.74248614262365e-25
8.47372115378057e-28
7.097572258062742e-31
3.9621145275518444e-34
1.4740960262821379e-37
3.655157321666207e-41
0.0
0.0
0.0
0.0
0.0
0.0
0.0
0.0
0.0
0.0
0.0
0.0
0.0
0.0
0.0
0.0
0.0
0.0
3.570528046731952e-34
3.336114554673675e-33
2.0774520530474563e-32
8.621892658714225e-32
2.384820862687013e-31
4.396331790605557e-31
5.401404577763015e-31
4.422873349577625e-31
2.4137030920904263e-31
8.778993720612111e-32
2.1280762171081223e-32
3.438041907445837e-33
3.7018319744426015e-34
2.656463093916769e-35
1.2704934172503744e-36
4.049697648956973e-38
8.603087278565147e-40
1.2180569832136392e-41
1.1493768120261093e-43
7.228343868628159e-46
3.029679765808364e-48
6.286412393203885e-50
1.3398721792588204e-52
1.9032919897566826e-55
1.8018930832172225e-58
1.1369311478237953e-61
4.781023292248295e-65
1.3399515716649025e-68
0.0
0.0
0.0
0.0
0.0
0.0
0.0
0.0
0.0
0.0
0.0
0.0
0.0
0.0
0.0
0.0
0.00017715142255741276
0.0014899365869831913
0.00835165361658862
0.021035029549626993
0.059958449776115454
0.11390406227834984
0.14421471586278636
0.12169184971082245
0.06843762888050206
0.025651334529872817
0.006407764217018739
0.0010668039852416444
0.00011837071860346155
8.753575603468302e-06
4.314279110142717e-07
1.417139285011502e-08
3.1024042373738545e-10
4.526533934939564e-12
4.401642074776644e-14
2.8526284976733983e-16
1.2321320562586015e-18
3.546915524328251e-21
6.804966403571109e-24
8.701298053495368e-27
7.424041579951149e-30
6.1121351076745784e-33
2.728526464221638e-34
2.580267356340979e-35
4.291494642915232e-36
2.07580148815296e-37
6.691825559596816e-39
1.4377552165224022e-40
2.058765305164578e-42
1.9647634831330805e-44
1.2496697664657767e-46
5.297388157665962e-49
1.496614256397741e-51
2.8179903894178094e-54
3.536312902420357e-57
2.957627064505513e-60
1.648609074501636e-63
6.124540466951125e-67
1.5163898863589053e-70
0.0
0.0
0.0
0.0
0.0
0.0
0.0
0.0
0.0
0.0
0.0
0.0
0.0
0.0
0.0
0.0
5.309133206656374e-34
3.7862165802304865e-33
1.799570362929152e-32
5.700510626008515e-32
1.2034837625379039e-31
1.6933559531140241e-31
1.5879536828199754e-31
9.924507196471058e-32
4.1339157303879897e-32
1.1476139951749533e-32
2.1233011772545565e-33
2.6182367442587393e-34
2.1517299978944228e-35
1.178550465692306e-36
4.3021954960479376e-38
1.0466793280656577e-39
1.6971440300452357e-41
1.8340252173521544e-43
1.3209106843244611e-45
6.340494810698375e-48
2.02840371855231e-50
3.515141045932634e-52
5.718427018608921e-55
6.2000038317789515e-58
4.480112102901437e-61
2.1575822106454838e-64
6.925121100346279e-68
1.481388402151757e-71
0.0
0.0
0.0
0.0
0.0
0.0
0.0
0.0
0.0
0.0
0.0
0.0
0.0
0.0
0.0
0.0
4.084980884061736e-34
2.9203905721720883e-33
8.65052377298492e-33
3.144820729114499e-32
7.619578210059308e-32
1.2304033843947006e-31
1.324175813578524e-31
9.497850588398916e-32
4.5403210556386923e-32
1.4465363198568343e-32
3.07152227544324e-33
4.3466987704404576e-34
4.0996517584276816e-35
3.217293249328911e-34
2.6226053096706246e-33
1.4361961386796154e-32
5.241961393071226e-32
1.2751331012332969e-31
2.067277463194064e-31
2.233693439545641e-31
1.608532778773853e-31
7.720009065706145e-32
2.469376173720352e-32
5.264271078548935e-33
7.479469305599996e-34
0.00013888030181762002
0.0012734618011748134
0.00778238552754541
0.020763384545886197
0.06452493066767577
0.13364062374987615
0.1844722265200571
0.16970906212153317
0.10405444217916601
0.042520441528108285
0.011580210500849664
0.0021019224581392223
0.00025427196262641503
2.0500375129460827e-05
1.101556276224736e-06
3.9448738387331386e-08
9.415450317410085e-10
1.4977199741972067e-11
1.5878215635863828e-13
1.1219004383223907e-15
5.2830958243482115e-18
1.6580751344746308e-20
3.4681787508636007e-23
4.8348197538687965e-26
4.492009342846394e-29
2.781522402218339e-32
1.1479051953095409e-35
3.157264954985865e-39
0.0
0.0
0.0
0.0
0.0
0.0
0.0
0.0
0.0
0.0
0.0
0.0
0.0
0.0
0.0
0.0
0.0
0.0
0.0
0.0
0.0
0.0
0.0
0.0
0.0
0.0
0.0
0.0
0.0
0.0
0.0
0.0
0.0
0.0
0.0
0.0
0.0
0.0
0.0
2.849901421351284e-35
2.090332350786763e-34
1.0218388116148198e-33
3.3291318404454654e-33
7.228715673260338e-33
1.0460991271732739e-32
1.008941729454434e-32
6.485461383966061e-33
2.7784156661449625e-33
7.932957152521803e-34
1.5095744834078106e-34
1.9145007117456644e-35
1.618221869657868e-36
9.44880104581882e-36
7.436577228987478e-35
4.005103704450198e-34
1.4377976625151355e-33
3.4400413068944125e-33
5.485435232711637e-33
5.829617685174732e-33
4.1290543988964816e-33
1.949138425770444e-33
6.132199992815573e-34
1.2857942681918382e-34
1.7968350424861468e-35
1.6735029423571208e-36
1.0387865072789804e-37
5.9781386356421424e-34
3.797980742575643e-33
1.608141196124245e-32
4.538132358244607e-32
8.535160402832332e-32
1.0698620055588694e-31
8.937692112650846e-32
4.976277189586716e-32
1.8465679153434794e-32
4.5667533420038886e-33
7.52716391316891e-34
8.268690563599305e-35
1.5138209485115593e-35
8.456340415301749e-37
3.148269864600014e-38
7.811653935646924e-40
1.2918009112993815e-41
1.4237368504970895e-43
1.0457922367836249e-45
5.1196780276750595e-48
1.6704036619324125e-50
3.63230045893912e-53
5.264094123085897e-56
5.084486218388683e-59
3.273045564744967e-62
0.0006639132555393137
0.004348069026466578
0.018978551748892444
0.05520917468761175
0.10703874039536822
0.1383095832643229
0.11910914411516209
0.0683627435007921
0.026150223849776718
0.006666730304853009
0.0011327443652917604
0.00012827218204955617
9.680874786083466e-06
1.3799717946191738e-06
5.296084558400136e-08
1.3546314658592658e-09
2.3092393870019656e-11
2.62360410363594e-13
1.9865943450618027e-15
1.0025398316206736e-17
3.3719072973988614e-20
7.558422495676649e-23
1.1291931899524846e-25
1.1243120999872313e-28
7.460828672403186e-32
3.299657004617144e-35
9.725950988647365e-39
1.9106313691438935e-42
0.0
0.0
0.0
0.0
0.0
0.0
0.0
0.0
0.0
0.0
0.0
7.775830511053959e-34
6.891636604746505e-33
4.070797513716889e-32
1.6025743239486155e-31
4.204732853131257e-31
7.352587207420386e-31
8.568869101081578e-31
6.6556178989128465e-31
3.445361541735403e-31
1.1886740193582244e-31
2.733205509840833e-32
4.188546611368124e-33
4.277952579505685e-34
3.7882628058171247e-34
2.910508629159854e-33
1.6129560409912398e-32
5.960088990065561e-32
1.467795557917574e-31
2.4091284026998663e-31
2.635335272310265e-31
1.9212918920784663e-31
9.335388010233646e-32
3.02310300502613e-32
6.55192531084568e-33
1.1575650990396399e-33
9.062999009456262e-34
2.873111953117799e-33
7.770824038972096e-33
1.407867096379377e-32
1.700111163726787e-32
1.36828081064947e-32
7.339301251958936e-33
2.6237094572843926e-33
6.251126900665068e-34
9.926186669687089e-35
1.0504807761268851e-35
7.4092684179592645e-37
3.4829247847313617e-38
1.0911750102756989e-39
2.2783806057365693e-41
3.170587091110291e-43
2.9405911593562717e-45
1.817653744897221e-47
7.488058214530648e-50
2.0559323339239692e-52
3.7620968329260014e-55
4.5880978426056824e-58
3.729210686491625e-61
5.06037312159889e-34
4.1752344349761585e-33
2.2959410828665452e-32
5.709282267111743e-32
1.5964817891294036e-31
2.975280877743201e-31
3.6955026777656454e-31
3.059148925050246e-31
1.6877544681339912e-31
6.205824094425345e-32
1.5207968498363574e-32
2.483845025822006e-33
2.7037051910944104e-34
1.9614431378562145e-35
9.483609395619859e-37
3.055998538608786e-38
6.5631778709519425e-40
9.39413408578243e-42
8.961503593322727e-44
5.6975292047714234e-46
2.4142029980423755e-48
6.817773327458357e-51
1.2831956518126712e-53
1.6096251485854632e-56
1.3456687481692794e-59
7.49778758128461e-63
2.784259091061992e-66
6.890769275465997e-70
0.0
0.0
0.0
0.0
0.0
0.0
0.0
0.0
0.0
0.0
0.0
0.0
0.0
0.0
0.0
0.0
0.0
0.0
0.0
0.0
0.0
0.0
0.0
0.0
0.0
0.0
0.0
0.0
0.0
0.0
0.0
0.0
0.00017588517174586178
0.0012370292310978246
0.00579845438920878
0.018114488556907286
0.03771563779122758
0.05233574177894788
0.04840128144588049
0.029832996973814137
0.012255145064518125
0.003355224442103811
0.0006122182132845267
7.445133035049674e-05
6.034207322335483e-06
3.2594891578812976e-07
1.1734386866970478e-08
2.8154823676670587e-10
4.502220588790257e-12
4.7982434121222524e-14
3.4081549373363395e-16
1.6133846931588824e-18
3.630651195692327e-20
8.739884835873385e-23
1.402195086473866e-25
1.4993144271996488e-28
1.0684606869082539e-31
5.074647996743828e-35
1.6063302813047425e-38
3.3887951608875146e-42
0.0
0.0
0.0
0.0
0.0
0.0
0.0
0.0
0.0
0.0
0.0
0.0
0.0
0.0
0.0
0.0
0.0
0.0
0.0
0.0
0.0
0.0
0.0
0.0
0.0
0.0
0.0
0.0
0.0
0.0
0.0
0.0
0.0
0.0
0.0
0.0
0.0
0.0
0.0
0.0
0.0
0.0
0.0004882357202171653
0.0020757296673755924
0.011870352498174886
0.04616884690538474
0.12298668814057576
0.22605622033689712
0.2885700577345137
0.25684107391305055
0.15940634123011935
0.06873142327641418
0.020456467778104632
0.004171673026546261
0.0005788167679048484
5.432138969167328e-05
3.432707277280162e-06
1.4558333969067593e-07
4.134244830378494e-09
7.848880287551111e-11
9.951478764319862e-13
8.420369864402623e-15
4.752665457706259e-17
1.7888493603195918e-19
4.489048086438498e-22
7.509693131445657e-25
8.37414900503669e-28
6.224230754341719e-31
3.083482709591137e-34
1.5409575033917144e-36
3.881745912256815e-40
0.0
0.0
0.0
0.0
0.0
7.212415317169669e-34
4.7134306503779496e-33
2.066573000854698e-32
6.051519550494814e-32
1.1944772647982313e-31
1.6114004823909887e-31
1.5273921639935856e-31
1.065104803783687e-31
5.75798732343082e-32
2.467797322625207e-32
8.145634242044982e-33
1.9632763513364526e-33
3.308102461560311e-34
3.799637813009579e-35
2.9381015629535857e-36
1.5208552209633334e-37
5.256770920307339e-39
1.2119610680348103e-40
1.8629159460285195e-42
9.193271060386022e-44
7.187278999270971e-46
3.745041150555406e-48
1.3005802228028564e-50
3.0102475597859433e-53
4.643549745934074e-56
4.773974412530804e-59
3.2710851870898292e-62
1.493775288839016e-65
4.5463226495338125e-69
9.221824280871306e-73
0.0
0.0
0.0
0.0
0.0
0.0
0.0
0.0
0.0
0.0
0.0
0.0
0.0
0.0
0.0
0.0
0.0
0.0
0.0
0.0
0.0
0.0
0.0
0.0
0.0
0.0
0.0
0.0
0.0
0.0
0.0
0.0
0.0
0.0
0.0
0.0
0.0
0.0
0.0
0.0
0.0
0.0
0.0
0.0
0.0
0.0
0.0
0.0
0.0
0.0
0.0
0.0
0.0
0.0
0.0
0.0
0.0
0.0
0.0
0.0
0.0
0.0
0.0
0.0
0.0
0.0
0.0
0.0
0.0
0.0
0.0
0.0
0.0
0.0
0.0
0.0
0.0
0.0
0.0
0.0
2.562987848614342e-34
2.158869722473765e-33
1.2119588436322767e-32
4.534515145594653e-32
1.1307208221293194e-31
1.8791500975505406e-31
2.0813690876743156e-31
1.5364494547952413e-31
7.559081074218063e-32
2.478570504672376e-32
5.4591243548089566e-33
1.167097635849845e-33
1.4672830432946645e-33
5.8408558397447555e-33
1.7508022337010068e-32
3.5051679099834386e-32
4.6771080361384907e-32
4.159372114986247e-32
2.4652428188970016e-32
9.738076392435805e-33
2.563705883553747e-33
4.498262248482046e-34
5.260207673659252e-35
4.099610133785413e-36
2.129431987946059e-37
7.371681070090035e-39
1.7007906105861925e-40
2.6152710710746062e-42
2.6801809641242626e-44
1.8305983852453584e-46
8.333042172831244e-49
2.5281080572514492e-51
5.1117456250982167e-54
6.888495568543958e-57
6.186728830316959e-60
3.7032184090599e-63
1.4773354548141809e-66
6.390181252123465e-69
0.0
0.0
0.0
0.0
0.0
0.0
1.94331441736667e-34
1.561553451208657e-33
8.362809126274236e-33
2.984895028836387e-32
7.100476412971563e-32
1.125712435450728e-31
1.189457657080659e-31
8.376296798503215e-32
3.931304436699995e-32
1.2297103938434074e-32
2.5636017497975534e-33
3.5618844213377997e-34
3.298303646713684e-35
2.0355557202256884e-36
8.372533681091529e-38
2.2951567938815723e-39
4.1932365671769073e-41
5.105848416719773e-43
4.143506440997181e-45
1.3355770439416882e-46
5.511523037932481e-49
1.5158487034667108e-51
2.778571868082725e-54
3.394446438439451e-57
2.763744137524575e-60
1.4997133472404736e-63
5.4237570435137506e-67
1.307295438457521e-70
0.0
3.099835956102354e-35
2.1715192439467277e-34
1.0138418201139998e-33
3.15470147496264e-33
6.54226127492088e-33
9.042302838126795e-33
8.329362434216247e-33
5.113591365110617e-33
2.0922897534424128e-33
5.705571926714883e-34
4.569365640060495e-05
0.0003685098272482119
0.001980723181403693
0.0070954516175837975
0.016940173338023945
0.02695486772149038
0.029323623519019428
0.02372682190250581
0.01279508142323688
0.004598625949389895
0.0011015257794330573
0.0001758501704749596
1.8709943238971213e-05
1.3267334976939351e-06
6.2701288720871e-08
1.9749258209609133e-09
4.1457838655993605e-11
5.800214761830825e-13
5.4083282145411484e-15
3.360961621476628e-17
1.3920204488718739e-19
3.842458849627921e-22
7.068941581085394e-25
8.667293012292543e-28
7.092583204379189e-31
5.265730480872789e-34
1.3311073613803392e-35
8.209075181591409e-37
3.40967699205524e-38
9.43912444205124e-40
1.7415330975341103e-41
9.705828352915184e-43
0.0003675638613092362
0.0024064802751291646
0.010500581634235525
0.03053697074903612
0.059186151128777086
0.07645322196892439
0.06581926597247989
0.03776520312071641
0.014441495302825525
0.0036805612543341503
0.0006251690720502225
7.077216278066248e-05
5.339603375463162e-06
2.684955414265875e-07
8.998014856070056e-09
2.0097307690203836e-10
2.991648777318426e-12
2.9680067048092583e-14
1.9624594782974647e-16
8.648047503512443e-19
2.5399021354830414e-21
4.971614524197257e-24
6.48573890192288e-27
5.639012047610441e-30
3.2675943158061146e-33
1.8127826320732005e-35
5.341625314757492e-39
1.0490173215015669e-42
0.0
0.0
0.0
0.0
3.069066967492199e-34
2.2287724233342605e-33
1.0787147928647524e-32
3.4795981517071746e-32
7.480542535079111e-32
1.0718120865139437e-31
1.0234950621823585e-31
6.513799726022602e-32
2.7628963938398456e-32
7.810455201446404e-33
1.5739040710901116e-33
1.1203580990229804e-33
5.713999001748272e-33
2.313354434785347e-32
6.258503001783982e-32
1.1284856747347314e-31
1.3561364859917136e-31
1.0861562406397885e-31
5.797793611175883e-32
3.0554265725256627e-32
9.035006819628144e-33
5.337771398776913e-33
1.2972284630169257e-32
2.8397023640421503e-32
4.197142807709105e-32
4.136395668178881e-32
2.7169360011313446e-32
1.1893743290307087e-32
3.470078270135269e-33
6.747478810198922e-34
8.744305782941873e-35
7.552499257507967e-36
4.347480017088165e-37
1.6678847810230445e-38
4.264577836346363e-40
7.267208044366539e-42
8.253548150333159e-44
6.247342749828405e-46
3.151603149308815e-48
1.0596178515967765e-50
2.374370867740888e-53
3.545923746007702e-56
3.5293260129291405e-59
2.3411848786831656e-62
1.0350496716168324e-65
4.79452631199216e-68
1.077888325510202e-71
0.0
0.0
0.0
0.0
0.0
0.0
0.0
0.0
0.0
0.0
0.0
0.0
0.0
0.0
0.0
0.0
0.0
0.0
0.0
0.0
0.0
0.0
0.0
0.0
0.0
0.0
0.0
0.0
0.0
0.0
0.0
0.0
0.0
0.0
0.0
0.0
0.0
0.0
0.0
0.0
0.0
0.0
5.0191924949747376e-05
0.0004179558024034901
0.002319574970905777
0.008592036608799628
0.021243887705243956
0.03522187510812362
0.03964032072434971
0.03511396541427282
0.022836230709599923
0.012215232046720068
0.005860634766127702
0.0024025318777618023
0.0007482736524573283
0.0001636224555148836
2.42840006709422e-05
2.416688103041278e-06
1.6060907647107607e-07
7.1184350966627086e-09
2.10316306531921e-10
4.141646555054279e-12
5.435812714627184e-14
4.754892284342506e-16
2.772039862461318e-18
1.077060619641125e-20
2.789089700422189e-23
4.813560125667261e-26
5.536711314028014e-29
4.2444254582837364e-32
2.168540267173132e-35
7.384100858966651e-39
1.675750267623156e-42
0.0
0.0
0.0
0.0
0.0
0.0
0.0
0.0
0.0
0.0
0.0
0.0
0.0
0.0
0.0
0.0
0.0
0.0
0.0
0.0
0.0
0.0
0.0
0.0
0.0
0.0
0.0
0.0
0.0
0.0
2.6499355413334087e-05
0.0002113147919521257
0.001123067954444523
0.003977990303744387
0.009390807828231278
0.01477487225486069
0.01549266264303999
0.010827044998792315
0.0050428420741013185
0.0015653892306464595
0.0003238551919584154
4.465405822957403e-05
4.103482191509296e-06
2.5131922963054325e-07
1.0258419027609343e-08
2.7907227835681763e-10
5.0598134991135625e-12
6.114118742754171e-14
4.923962952724213e-16
2.6428787111486343e-18
9.454122750013329e-21
2.2539630341053793e-23
3.581408800234056e-26
3.8924792088645777e-28
3.145224974572252e-31
1.7001602226626608e-34
8.52405815944616e-38
6.280309892223968e-40
3.28958649379427e-05
0.00025080839182060996
0.001335194627179441
0.004742804010063374
0.011739816470405801
0.02088969099843703
0.027660518935939443
0.02779345814929369
0.020979125577538234
0.011522861267075742
0.004452654649263578
0.0011813904471651318
0.00021213968822336233
2.5583426905342693e-05
2.0639890912406094e-06
1.111808116250679e-07
3.995003757132627e-09
9.571306700714003e-11
1.528608066312929e-12
1.6272177985746986e-14
1.1545095824553667e-16
3.4025584647882403e-18
1.2276473606471345e-20
2.952066851668248e-23
4.7310955632871917e-26
5.05335129678432e-29
3.597320568571071e-32
1.7067130128913764e-35
7.484157705490722e-05
0.0006033739508463032
0.003241990449921039
0.011609632003620075
0.02770809862485259
0.04407339886983361
0.04672269778821964
0.0330111631237532
0.015544447495658923
0.0048783314248455984
0.0010203492795811987
0.00014223548907118865
1.32144358450073e-05
8.182213951974006e-07
3.376560877543025e-08
9.286667261807642e-10
1.702263293374292e-11
2.0795776043687183e-13
8.804572151308124e-15
5.4696461898413634e-17
2.264601341704702e-19
6.2489325119027915e-22
1.1492154515550414e-24
1.4085706245761533e-27
1.1506343812997373e-30
6.264373802618643e-34
2.273012978708542e-37
5.498209288275424e-41
1.1511253927720161e-46
5.888664340047639e-49
2.007670851056289e-51
4.5619421702717334e-54
6.908576735941458e-57
6.972827866429152e-60
4.690410471689504e-63
2.1027822652031688e-66
6.282887862905564e-70
1.2511398575629065e-73
4.9707438299826504e-36
4.4972827289075464e-35
2.711818056736939e-34
1.089814177755935e-33
2.9189449669732324e-33
5.2105180978488534e-33
6.1200049007373794e-33
5.5553234729870544e-33
3.360844988954539e-33
1.355093183021857e-33
3.6414251473774093e-34
6.521615074530109e-35
7.78431648830541e-36
6.192519116617986e-37
3.2831881778252217e-38
1.1601275567540997e-39
2.7321041974071594e-41
4.2881534932795005e-43
4.485645356842176e-45
3.127239152731806e-47
1.453044126375522e-49
4.499643015848592e-52
9.286645441319e-55
1.2773832521309574e-57
1.1710221746525271e-60
7.154685834223046e-64
2.913382894715211e-67
7.906533435265811e-71
0.0
0.0
0.0
0.0
0.0
0.0
0.0
0.0
0.0
0.0
0.0
0.0
3.5169381597561105e-34
2.2542555487449627e-33
9.629929571658125e-33
2.741729612279478e-32
5.202447217357168e-32
6.579187913709855e-32
5.545215738225507e-32
3.114914652839327e-32
1.168314842729282e-32
3.0776683737928424e-33
1.3536443852029537e-33
3.055162949624549e-33
7.83153335278104e-33
1.6441020783068617e-32
3.556501210235493e-32
7.706543305587802e-32
1.34152861744298e-31
1.6462302129660385e-31
1.5196225576239887e-31
9.647553870951857e-32
4.087684262939234e-32
1.1546852088546257e-32
2.1740342501245216e-33
2.728092965465034e-34
2.2815791674352858e-35
1.2717272065187662e-36
4.724262815025817e-38
1.1696494321430912e-39
1.9300072214207903e-41
4.6758162454483895e-35
3.867410250740396e-34
2.1318890682825826e-33
7.832321562778221e-33
1.9177763761358473e-32
3.129586557916158e-32
3.40374894042161e-32
2.4672298954289623e-32
1.1919094595031023e-32
3.83758901683304e-33
8.234840782605918e-34
1.1776968109101444e-34
1.1225180665902598e-35
7.130742081087195e-37
9.061425292446042e-38
2.927119704600608e-39
6.301820091808482e-41
9.042178288178984e-43
8.646924750292564e-45
5.511018150275322e-47
2.340903717644193e-49
6.626997542350854e-52
1.2503500502704187e-54
1.5722730504602784e-57
1.3176676181108507e-60
7.35978833154355e-64
2.7397209032782623e-67
6.797181560805429e-71
0.0
0.0
0.0
0.0
0.0
0.0
0.0
0.0
0.0
0.0
0.0
0.0
0.0
0.0
0.0
0.0
0.0
1.201420058201994e-34
9.050225756733962e-34
4.5436565417668197e-33
1.612538899820231e-32
3.978118915046098e-32
7.535586765546903e-32
1.2059278385049818e-31
1.6630680543932098e-31
1.8218823940716725e-31
1.4478642662148714e-31
7.932600603007124e-32
2.932835814491237e-32
7.258813267090308e-33
1.1992300958071962e-33
1.321169464937955e-34
9.702402159207121e-36
4.749093054147195e-37
1.549293942928751e-38
3.3685428777720595e-40
4.881273389191858e-42
4.714180089089277e-44
1.706432629963444e-45
8.38040405718271e-48
0.00010934277121085407
0.0006971985733697796
0.0029628144300598057
0.008391391059457158
0.01583962948568275
0.019926802870763226
0.016707511881598594
0.009336142696685335
0.00347700032694163
0.0008630253055406801
0.00014276569936629165
1.574003784564252e-05
1.1565627896459648e-06
5.663882133421396e-08
1.8485906270067663e-09
4.0211366739533423e-11
5.829596161888075e-13
5.6326096491036054e-15
3.62712386839521e-17
1.556670401607303e-19
4.452587847595569e-22
8.488088003870614e-25
1.0784221486523859e-27
1.0097385621640897e-29
8.762588274092725e-06
7.665028175300405e-05
0.00044686532178177447
0.0017362853432164177
0.004496215239305176
0.007759873392941166
0.008925729600077032
0.0068424930450298365
0.0034959607775986406
0.0011904201967049414
0.00027015659240920033
4.0861320846989995e-05
4.1189904092826025e-06
2.7672647343040633e-07
1.239059564694725e-08
3.697559818466973e-10
7.353934900311652e-12
9.747784099248531e-14
8.611396184812952e-16
5.070173105205338e-18
1.9895440185213957e-20
5.2031442421436506e-23
9.069006791166259e-26
1.0535014478151246e-28
8.156279403475607e-32
5.4890551381650475e-34
2.161011766204891e-37
5.67019791417035e-41
0.0
0.0
0.0
0.0
0.0
0.0
0.0
0.0
6.892381227633966e-36
5.715443632926901e-35
3.1587274117497185e-34
1.1634719053835586e-33
2.85615123844852e-33
4.672916796258185e-33
5.0953784302122355e-33
3.7029375566239596e-33
1.79348554582936e-33
5.789364870713208e-34
1.2455051004039042e-34
1.7858363035515455e-35
1.706551239153742e-36
1.0868724135574556e-37
4.6133812627515246e-39
4.48071576470245e-40
9.671431430947724e-42
1.3912836041510567e-43
1.3338964765552705e-45
8.523346256991379e-48
3.6297748438274782e-50
1.0302219274428883e-52
1.9487828106609104e-55
2.456844328633492e-58
2.0643027295828755e-61
1.1559809638710137e-64
4.314291905267705e-68
1.0731240254440438e-71
0.0
0.0
0.0
0.0
0.0
0.0
0.0
0.0
0.0
0.0
0.0
0.0
0.0
0.0
0.0
0.0
0.0
0.0
0.0
0.0
2.001312469478209e-05
0.00016141862678199263
0.000867708683448373
0.0031086783386844482
0.0074226533478971
0.011812018498966915
0.012527678700774432
0.008855205468292649
0.004171653485595405
0.0013097830308990623
0.0002740766518774574
3.822313191382963e-05
3.5527287164897624e-06
2.2007938901604093e-07
9.086115334030746e-09
2.5001074077037423e-10
4.584802547764676e-12
5.603561656288088e-14
2.373161861867197e-15
1.4749369604287102e-17
6.109435798118686e-20
1.6865930255627103e-22
3.1031377008915045e-25
3.8052632893507987e-28
3.3084595887688e-31
2.6565363206928614e-32
2.33703978908276e-32
1.3790297514248848e-32
5.4233028233317225e-33
1.4214632066835341e-33
2.4830698627240188e-34
2.890838320955511e-35
2.2430565124166486e-36
1.1599470803653362e-37
3.9977688976393135e-39
9.182876464188531e-41
1.4057929047139501e-42
1.4343181708875003e-44
9.753291446164512e-47
4.420164697286379e-49
1.3350798755522593e-51
2.6875564540532946e-54
3.605699170521663e-57
3.2240586415778393e-60
2.388431301849454e-62
1.0859973788487583e-65
3.2909883737322223e-69
6.646690663676562e-73
0.0
0.0
0.0
0.0
2.3834313159362324e-06
3.9594570445348816e-05
0.00028523862186740446
0.0014090647024107017
0.004766449170191266
0.01101131540634029
0.017312731635535948
0.018457294376243973
0.013295784875663148
0.006451412808730658
0.0021031540772955184
0.0004596973425917242
6.726208402977944e-05
6.580329127008522e-06
4.3005008230353595e-07
1.8762997235649883e-08
5.462503355308839e-10
1.0608133258325054e-11
6.119643833608293e-13
6.04895702246492e-15
3.9863012731595586e-17
1.7512614891571682e-19
5.12851567025357e-22
1.0010821820614688e-24
1.3024741812583316e-27
1.1294824054302958e-30
6.529329263524598e-34
2.5483446093846795e-37
1.2774303629596094e-40
7.923126549849296e-43
6.621284612519533e-45
3.6878179000552654e-47
1.3689205022325466e-49
3.386636120625516e-52
5.583935491248492e-55
6.136119332105048e-58
4.4939553141501294e-61
2.193538445631323e-64
7.135810358206666e-68
1.5471160691882623e-71
0.0
0.0
0.0
0.0
0.0
0.0
0.0
0.0
0.0
0.0
0.0
0.0
0.0
9.469850582157846e-06
7.814223210771607e-05
0.00042974422241922976
0.0015751279172764344
0.0038477173301592824
0.006264292643233923
0.006797081305588738
0.004915349915404992
0.0023690158324714866
0.0007609621131282407
0.00016290696555471562
2.3243301838289393e-05
2.2102303490961115e-06
1.4007441009604016e-07
5.9164556658480356e-09
1.6655051314266998e-10
1.2301830596419154e-11
1.7609891619645087e-13
1.6800614707819657e-15
1.0682556768927558e-17
4.526961435782565e-20
1.2785565121217606e-22
2.4066594356379476e-25
3.0192452075015735e-28
2.5362983448773345e-31
3.2222188877624096e-34
1.8430123136307056e-35
1.2398403155515832e-36
5.574533484669643e-38
1.670464999256974e-39
3.336166987564615e-41
4.44058030997324e-43
3.939247112995519e-45
2.3289934659024794e-47
9.177087297983552e-50
2.4100330819647394e-52
9.248609105686853e-36
6.688845233528732e-35
3.2240919454613775e-34
1.035726857428468e-33
2.2175049896683808e-33
3.1642116235058306e-33
3.201107991076429e-33
2.3227572360006596e-33
1.1232821718117343e-33
3.620390849526704e-34
7.776847795825459e-35
1.1133540369116796e-35
1.0622935028191013e-36
6.755185984164878e-38
2.8629360289769382e-39
8.086629125809954e-41
1.5223165031955e-42
1.9099585116887176e-44
1.5970718680842874e-46
8.900338705872493e-49
3.3057511433156494e-51
8.183052313824263e-54
1.3500257326230927e-56
1.4843978401526596e-59
1.0877776444360065e-62
5.312653515243501e-66
1.7292763596376042e-69
3.751447424850242e-73
4.732870603561156e-35
3.385134292372726e-34
1.6136476946299563e-33
3.648083707756338e-33
8.843011601133593e-33
1.4286213718002965e-32
1.5382100303055969e-32
1.1038134542917002e-32
5.279068239471057e-33
1.6826756754631847e-33
3.5745806954094966e-34
5.060941796914462e-35
4.7755030644034856e-36
3.003229087387032e-37
1.2587495934862508e-38
3.5161854558031987e-40
1.0667605185566167e-07
9.958651585738255e-07
6.196061091214507e-06
2.5692856545806353e-05
7.100527948054266e-05
0.00013078274197320087
0.0001605431514829753
0.00013134534260256318
7.161749386843003e-05
2.6025861219311403e-05
6.303367785939582e-06
1.0174702843336651e-06
1.0945922501484171e-07
1.9762428825058328e-08
1.0811190843832122e-09
3.941742926146584e-11
9.57821559361298e-13
1.5511809686128497e-14
1.6742560442669496e-16
1.204378048733919e-18
5.774113752959244e-21
1.844970335595135e-23
3.9289365767525824e-26
5.577333732783346e-29
8.161965110517595e-32
5.124231165724327e-32
6.05307315429722e-32
4.768550585537894e-32
2.503678234636039e-32
8.760969772532896e-33
2.0431836195661754e-33
3.175734320742329e-34
3.289746815325393e-35
2.271236379969709e-36
1.04506606316701e-37
3.204842580332262e-39
6.550149426024353e-41
8.922309026132266e-43
8.099997088877161e-45
2.813568268782686e-46
1.2988758422712704e-48
3.99631183982157e-51
8.194692245596922e-54
1.1199212229206324e-56
1.1896750070693901e-35
1.1136039907683517e-34
6.947279434960501e-34
2.888552761041331e-33
8.004374317621476e-33
1.47827769226265e-32
1.8195592622456382e-32
1.492649826319213e-32
8.160771404413851e-33
4.190279116497202e-08
3.5107422785836414e-07
1.9603629881256953e-06
7.2955088331012535e-06
1.809490173678818e-05
2.9911515572555733e-05
3.295354617494351e-05
2.4196215422481987e-05
1.1840615448407701e-05
3.861736695503109e-06
8.394070057477485e-07
1.2160293811433004e-07
2.6772725233746513e-08
1.972271231557424e-09
9.683274586028386e-11
3.1685415216344717e-12
6.910000937051523e-14
1.0043344459818314e-15
9.72881977205799e-18
6.280923535360021e-20
2.70251680174153e-22
7.749877668779265e-25
1.481162951035373e-27
1.8866545764287773e-30
1.6016365627767007e-33
9.062261336542393e-37
3.423581580405179e-40
9.254670655778828e-44
4.536403283769946e-47
2.0556946847704447e-49
6.208506183331151e-52
1.24967525737349e-54
1.6764429260741942e-57
1.4988629419942428e-60
8.931339948539195e-64
3.54693202845399e-67
9.387947670400347e-71
0.0
0.0
0.0
0.0
0.0
0.0
0.0
0.0
0.0
0.0
0.0
0.0
0.0
0.0
0.0
0.0
0.0
0.0
0.0
0.0
0.0
0.0
0.0
0.0
0.0
0.0
0.0
0.0
0.0
0.0
0.0
0.0
0.0
0.0
0.0
0.0
0.0
0.0
0.0
0.0
0.0
0.0
0.0
0.0
0.0
0.0
0.0
0.0
0.0
0.0
0.0
0.0
0.0
0.0
0.0
0.0
0.0
0.0
0.0
0.0
0.0
0.0
0.0
0.0
0.0
0.0
0.0
0.0
0.0
0.0
0.0
0.0
0.0
0.0
0.0
0.0
0.0
0.0
0.0
0.0
0.0
0.0
0.0
0.0
0.0
0.0
0.0
0.0
0.0
0.0
0.0
0.0
0.0
0.0
0.0
0.0
0.0
0.0
0.0
0.0
0.0
0.0
0.0
0.0
0.0
0.0
0.0
0.0
0.0
0.0
0.0
0.0
0.0
0.0
0.0
0.0
0.0
0.0
0.0
0.0
0.0
0.0
0.0
0.0
0.0
0.0
0.0
0.0
0.0
0.0
0.0
0.0
0.0
0.0
0.0
0.0
0.0
0.0
0.0
0.0
0.0
0.0
0.0
0.0
0.0
0.0
0.0
0.0
0.0
0.0
0.0
0.0
0.0
0.0
0.0
0.0
0.0
0.0
0.0
0.0
0.0
0.0
0.0
0.0
0.0
0.0
0.0
0.0
0.0
0.0
0.0
0.0
0.0
0.0
0.0
0.0
0.0
0.0
0.0
0.0
0.0
0.0
0.0
0.0
0.0
0.0
0.0
0.0
0.0
0.0
0.0
0.0
0.0
0.0
0.0
0.0
0.0
0.0
0.0
0.0
0.0
0.0
0.0
0.0
0.0
0.0
0.0
0.0
0.0
0.0
0.0
0.0
0.0
0.0
0.0
0.0
0.0
0.0
0.0
0.0
0.0
0.0
0.0
0.0
0.0
0.0
0.0
0.0
0.0
0.0
0.0
0.0
0.0
0.0
0.0
0.0
0.0
0.0
0.0
0.0
0.0
0.0
0.0
0.0
0.0
0.0
0.0
0.0
0.0
0.0
0.0
0.0
0.0
0.0
0.0
0.0
0.0
0.0
0.0
0.0
0.0
0.0
0.0
0.0
0.0
0.0
0.0
0.0
0.0
0.0
0.0
0.0
0.0
0.0
0.0
0.0
0.0
0.0
0.0
0.0
0.0
0.0
0.0
0.0
0.0
0.0
0.0
0.0
0.0
0.0
0.0
0.0
0.0
0.0
0.0
0.0
0.0
0.0
0.0
0.0
0.0
0.0
0.0
0.0
0.0
0.0
0.0
0.0
0.0
0.0
0.0
0.0
0.0
0.0
0.0
0.0
0.0
0.0
0.0
0.0
0.0
