a = 5.0282189046354215 b = 5.0282189046354215 c = 17.06400742792258 ,Gaussian ,LMH = 0.08 ,DW = [0.5 0.5 0.5]
0.0
0.0
0.0
0.0
0.0
0.0
0.0
0.0
0.0
0.0
0.0
0.0
0.0
0.0
0.0
0.0
0.0
0.0
0.0
0.0
0.0
0.0
0.0
0.0
0.0
0.0
0.0
0.0
0.0
0.0
0.0
0.0
0.0
0.0
2.1554742722011117e-33
1.722421658551919e-32
9.17313236932379e-32
3.255947482699135e-31
7.702268787886256e-31
1.0914748079344978e-30
1.312978382155668e-30
1.052647547787821e-30
5.624577934266283e-31
2.002988438988845e-31
4.7538830629139056e-32
7.519692731555424e-33
7.927445104053336e-34
5.569906949273279e-35
2.6082197834259543e-36
8.139954507500876e-38
1.693094967747981e-39
2.347049279319131e-41
2.168426199117823e-43
1.335207095458934e-45
5.479414637006085e-48
1.4986535529508687e-50
2.731806147177206e-53
3.3187921674408452e-56
2.687149215398128e-59
1.4500569461461467e-62
5.21506686502408e-66
1.2500179584580789e-69
0.0
0.0
0.0
0.0
0.0
0.0
0.0
0.0
0.0
0.0
0.0
0.0
0.0
0.0
0.0
0.0
0.0
0.0
0.0
0.0
0.0
0.0
0.0
0.0
0.0
0.0
0.0
0.0
0.0
0.0
0.0
0.0
0.0
0.0
0.0
0.0
0.0
0.0
0.0
0.0
0.0
0.0
0.0
0.0
0.0
0.0
0.0
0.0
0.0
0.0
0.0
0.0
0.0
0.0
0.0
0.0
0.0
0.0
0.0
0.0
0.0
0.0
0.0
0.0
0.0
0.0
0.0
0.0
0.0
0.0
0.0
0.0
0.0
0.0
0.0
0.0
0.0
0.0
0.0
0.0
0.0
0.0
0.0
0.0
0.0
0.0
0.0
0.0
0.0
0.0
0.0
0.0
0.0
0.0
0.0
0.0
0.0
0.0
0.0
0.0
0.0
0.0
0.0
0.0
0.0
0.0
0.0
0.0
0.0
0.0
0.0
0.0
0.0
0.0
0.0
0.0
0.0
0.0
0.0
0.0
0.0
0.0
0.0
0.0
0.0
0.0
0.0
0.0
0.0
0.0
0.0
0.0
0.0
0.0
0.0
0.0
0.0
0.0
0.0
0.0
0.0
0.0
0.0
0.0
0.0
0.0
0.0
7.834825847076766e-34
7.097578882095312e-33
4.285215397107998e-32
1.7243151089590104e-31
4.62425908813207e-31
8.26512130679487e-31
9.845501747014949e-31
7.816422447208828e-31
4.135802021512179e-31
1.458454911108368e-31
5.810533972348606e-32
1.0419620249971286e-32
1.2452865163026482e-33
9.919007723793204e-35
5.2656103597264253e-36
1.8629910072468656e-37
4.39293063626411e-39
6.903661380335985e-41
7.230796932425574e-43
5.0474775619452584e-45
2.3482491677956566e-47
7.281075012990853e-50
1.504625375242469e-52
2.0722531405983707e-55
1.9021237987278092e-58
1.1636337268584301e-61
4.744335244800187e-65
1.2891872064084282e-68
0.0
0.0
0.0
0.0
0.0
0.0
0.0
0.0
0.0
0.0
0.0
0.0
0.0
0.0
0.0
0.0
0.0
0.0
0.0
0.0
0.0
0.0
0.0
0.0
0.0
0.0
0.0
0.0
0.0
0.0
0.0
0.0
0.0
0.0
0.0
0.0
0.0
0.0
0.0
0.0
0.0
0.0
0.0
0.0
0.0
0.0
0.0
0.0
0.0
0.0
0.0
0.0
0.0
0.0
0.0
0.0
0.0
0.0
0.0
0.0
0.0
0.0
0.0
0.0
0.0
0.0
0.0
0.0
0.0
0.0
0.0
0.0
0.0
0.0
0.0
0.0
0.0
0.0
0.0
0.0
0.0
0.0
0.0
0.0
0.0
0.0
0.0
0.0
0.0
0.0
0.0
0.0
0.0
0.0
0.0
0.0
0.0
0.0
0.0
0.0
0.0
0.0
0.0
0.0
0.0
0.0
0.0
0.0
0.0
0.0
0.0
0.0
0.0
0.0
0.0
0.0
0.0
0.0
0.0
0.0
0.0
0.0
0.0
0.0
0.0
0.0
0.0
0.0
0.0
0.0
0.0
0.0
0.0
0.0
0.0
0.0
0.0
0.0
0.0
0.0
0.0
0.0
0.0
0.0
0.0
0.0
0.0
0.0
1.3428091732764597e-33
1.2280608613367855e-32
7.485262406320302e-32
3.0407150046865466e-31
8.232390310410523e-31
1.4854489688709412e-30
1.7863685685544608e-30
1.4317459023798287e-30
7.647903108881311e-31
2.7227035262203794e-31
6.460109487408311e-32
1.0215531129207413e-32
1.0766227997616782e-33
7.562192737311737e-35
1.0275541439130626e-35
3.6702146520852108e-37
8.736948233023083e-39
1.386148018655393e-40
1.4656862132331248e-42
1.032889696424629e-44
4.851191690728588e-47
1.518533840224708e-49
3.1679773035834525e-52
4.404749314692441e-55
4.081707505453035e-58
2.5208332092245412e-61
1.037595050178159e-64
2.846382228476737e-68
0.0
0.0
0.0
0.0
0.0
0.0
0.0
0.0
0.0
0.0
0.0
0.0
0.0
0.0
0.0
0.0
0.0
0.0
0.0
0.0
0.0
0.0
0.0
0.0
0.0
0.0
0.0
0.0
0.0
0.0
0.0
0.0
0.0
0.0
0.0
0.0
0.0
0.0
0.0
0.0
0.0
0.0
0.0
0.0
0.0
0.0
0.0
0.0
0.0
0.0
0.0
0.0
0.0
0.0
0.0
0.0
0.0
0.0
0.0
0.0
0.0
0.0
0.0
0.0
0.0
0.0
0.0
0.0
0.0
0.0
0.0
0.0
0.0
0.0
0.0
0.0
0.0
0.0
0.0
0.0
0.0
0.0
0.0
0.0
0.0
0.0
0.0
0.0
0.0
0.0
0.0
0.0
0.0
0.0
0.0
0.0
0.0
0.0
0.0
0.0
0.0
0.0
0.0
0.0
0.0
0.0
0.0
0.0
0.0
0.0
0.0
0.0
0.0
0.0
0.0
0.0
0.0
0.0
0.0
0.0
0.0
0.0
0.0
0.0
0.0
0.0
0.0
0.0
0.0
0.0
0.0
0.0
0.0
0.0
0.0
2.5057251765664085e-34
1.8781629423636067e-33
9.382415164003442e-33
3.1237593802866653e-32
6.931417341050632e-32
9.41208611679735e-32
1.0620206168341214e-31
7.986592968817573e-32
4.002872005126611e-32
1.337098506071602e-32
2.9767108599497612e-33
4.4166343765057165e-34
4.367448505563559e-35
2.8783638128480213e-36
1.264285412794724e-37
5.166707339807776e-33
3.2949984996069586e-32
1.400484921930589e-31
3.967191847573157e-31
7.489787850540902e-31
9.42404558534375e-31
7.902905487509337e-31
4.417503947186113e-31
1.650474507747632e-31
4.3872107208099517e-32
1.8443751148605487e-32
3.079841248057228e-32
5.1565402360639e-32
5.884423415843853e-32
4.4797492047363236e-32
2.2730195508104244e-32
1.1541728512073615e-32
2.9779932785702212e-33
5.121039482344627e-34
5.86913478915613e-35
4.483029442013779e-36
2.282183950243066e-37
7.743035505856347e-39
1.7508679899302456e-40
2.6386215383830773e-42
2.6502225908440063e-44
1.7740634494016337e-46
7.914755315319337e-49
2.353354682859014e-51
4.663573517931233e-54
6.159306512812479e-57
5.421586042364746e-60
3.1805515603562626e-63
1.2435409017656397e-66
3.2404047235712455e-70
0.0
0.0
0.0
0.0
0.0
0.0
0.0
0.0
0.0
0.0
0.0
0.0
0.0
0.0
0.0
0.0
0.0
0.0
0.0
0.0
0.0
0.0
0.0
0.0
0.0
0.0
0.0
0.0
0.0
0.0
0.0
0.0
0.0
0.0
0.0
0.0
0.0003187376709858962
0.00222206377491564
0.01032431370143054
0.031970351620021764
0.06598043611622265
0.0907537332017497
0.08319464336840952
0.050828556708207316
0.020696730267923368
0.005616648550127137
0.0010158610472478455
0.00012245398253943928
9.837688538300539e-06
5.267381466929451e-07
1.879654471835337e-08
4.4703633235848603e-10
7.085804545773509e-12
7.485435354709495e-14
5.270192853339653e-16
2.472962322397761e-18
7.73374840771099e-21
1.6119223901674942e-23
2.099331618127625e-25
2.2250394492413097e-28
1.5717227231378428e-31
7.399386228243046e-35
2.3216513989679502e-38
4.854895332582545e-42
0.0
0.0
0.0
0.0
0.0
0.0
0.0
0.0
0.0
0.0
0.0
0.0
0.0
0.0
0.0
0.0
0.0
0.0
0.0
0.0
0.0
0.0
0.0
0.0
0.0
0.0
0.0
0.0
0.0
0.0
0.0
0.0
0.0
0.0
0.0
0.0
0.0
0.0
0.0
0.0
0.0
0.0
0.0
0.0
0.0
0.0
0.0
0.0
0.0
0.0
0.0
0.0
0.0
0.0
0.0
0.0
0.0
0.0
0.0
0.0
0.0
0.0
0.0
0.0
0.0
0.0
0.0
3.110999483032302e-34
2.72202943580538e-33
1.5873300714063615e-32
6.169120007669732e-32
1.2171984628963328e-31
2.4055808083702056e-31
3.168546270811588e-31
2.7815169131419946e-31
1.6273647502627557e-31
6.345555581483665e-32
1.649058067492795e-32
2.8561682869837994e-33
1.135930701381033e-33
6.570296415148917e-33
3.5411644275306976e-32
1.2768410700381278e-31
3.0684905590275974e-31
4.9146708351545e-31
5.2462095041486335e-31
3.732315703893364e-31
1.7696715235488725e-31
5.592274761538321e-32
1.1777846448090546e-32
1.6531978163509854e-33
1.546554774797341e-34
9.6424487116371e-36
4.00673774330556e-37
1.1096245195306738e-38
2.0480602131108388e-40
2.519364148603268e-42
1.0715784087910955e-43
6.703085498241873e-46
2.794519288107327e-48
7.764634412000287e-51
1.437859533717575e-53
1.774571320939979e-56
1.4596609982517868e-59
8.00188116670535e-63
2.9235716327446415e-66
7.1189661720136e-70
0.0
0.0
0.0
0.0
0.0
0.0
0.0
0.0
0.0
0.0
0.0
0.0
0.0
0.0
0.0
0.0
0.0
0.0
0.0
0.0
0.0
0.0
0.0
0.0
0.0
0.0
0.0
0.0
0.0
0.0
0.0
0.0
0.0
0.0
0.0
0.0
0.0
0.0
0.0
0.0
0.0
0.0
0.0
0.0
0.0
0.0
0.0
0.0
0.0
0.0
0.0
0.0
0.0
0.0
0.0
0.0
0.0
0.0
0.0
0.0
0.0
0.0
0.0
0.0
0.0
0.0
0.0
0.0
0.0
0.0
0.0
0.0
0.0
0.0
0.0
0.0
0.0
0.0
0.0
0.0
0.0019109987760168796
0.014959938343177525
0.07805140883151934
0.2714021211614757
0.6289661556004954
0.9714553946857883
1.0
0.6860546050868493
0.3136887299625588
0.09559181246476642
0.01941440229143614
0.0026279004006850314
0.00023706930467616845
3.8061608331327065e-05
1.7460478489205086e-06
5.3383456992143186e-08
1.0877743048026991e-09
1.4772447168192494e-11
1.337049984551444e-13
8.065371743293372e-16
3.242520150118602e-18
8.688054289464068e-21
1.5514719091095906e-23
1.846489555655277e-26
1.464641523462545e-29
7.742788167018847e-33
2.7280037378903453e-36
6.405810582981753e-40
0.0
0.0
0.0
0.0
0.0
0.0
0.0
0.0
0.0
0.0
0.0
0.0
0.0
0.0
0.0
0.0
0.0
0.0
0.0
0.0
0.0
0.0
0.0
0.0
0.0
0.0
0.0
0.0
0.0
0.0
0.0
0.0
0.0
0.0
0.0
0.0
0.0
0.0
0.0
0.0
0.0
0.0
0.0
0.0
0.0
9.9076715478418e-05
0.000657399193137238
0.0029071556247920655
0.008568187135728756
0.01683027273561562
0.022033064841343868
0.019223843377211593
0.011178591206658083
0.0043322696267048015
0.0011189880005475301
0.00019262689717175363
2.2099883126919524e-05
1.689836058434162e-06
8.611537899992232e-08
2.9248150564473124e-09
6.620604583612469e-11
9.987997826908473e-13
4.8674312402601344e-14
3.734076355751149e-16
1.9091854311691874e-18
6.5057081573336246e-21
1.477483334416918e-23
2.2363107566694828e-26
2.2559177576626739e-29
1.5166868491699863e-32
6.795949258544617e-36
2.029485170355709e-39
4.0392728000625484e-43
0.0
0.0
0.0
0.0
0.0
0.0
0.0
0.0
0.0
0.0
0.0
0.0
0.0
0.0
0.0
0.0
0.0
0.0
0.0
0.0
0.0
0.0
0.0
0.0
0.0
0.0
0.0
0.0
0.0
0.0
0.0
0.0
0.0
0.0
0.0
0.0
2.4468611976859886e-33
1.6459754618883763e-32
7.379363897876077e-32
2.204936293689405e-31
3.651026502471841e-31
5.547466453786301e-31
5.617666227105654e-31
3.791392334419671e-31
1.7053874844968265e-31
5.112448702887009e-32
1.0214483320365997e-32
1.3601455718123656e-33
1.2070796505738213e-34
7.139503538916648e-36
2.814372938047401e-37
7.393955410665458e-39
1.2946535201878623e-40
1.5108168993233187e-42
1.1750373182694262e-44
6.090781690646247e-47
2.1041464106397438e-49
4.8446278989544266e-52
7.43406654439926e-55
7.602807787479626e-58
5.1820682162364215e-61
2.354039732045692e-64
7.12698754583115e-68
1.4380691153169614e-71
0.0
0.0
0.0
0.0
0.0
0.0
0.0
0.0
0.0
0.0
0.0
0.0
0.0
0.0
0.0
0.0
0.0
0.0
0.0
0.0
0.0
0.0
0.0
0.0
0.0
0.0
0.0
0.0
0.0
0.0
0.0
0.0
0.0
0.0
0.0
0.0
0.0
0.0
0.0
0.0
0.0
0.0
0.0
0.0
0.0
0.0
0.0
0.0
0.0
0.0
0.0
0.00016297080220558863
0.0013706701154906817
0.007683120293304694
0.019351217114894834
0.05515889467864819
0.10478626779280832
0.132670613618089
0.11195065827273991
0.0629593322971432
0.023597996028637377
0.005894835388371609
0.000981408440085229
0.00010889537712973283
8.052869221539339e-06
3.968929616079738e-07
1.3037000932946488e-08
2.8540629255572295e-10
4.16419386273256e-12
4.049299348503622e-14
2.6242812388914895e-16
1.133502326613311e-18
3.2629919647534025e-21
6.260242291259886e-24
8.004755761510271e-27
6.822493823598195e-30
3.986410243219162e-33
1.0788224616385986e-35
5.174482962137151e-37
6.002974651753723e-38
1.693296800166005e-39
3.1833267159031065e-41
3.988511867773176e-43
3.3305971905920056e-45
1.8535951409896227e-47
6.87526118790887e-50
1.699593528538765e-52
2.8001576584109057e-55
3.0746907973003575e-58
2.25010072647987e-61
9.465661872470135e-35
8.964536172629798e-34
5.658303121448008e-33
2.3802695615133228e-32
6.673407187145373e-32
1.2469546374256628e-31
1.5528704755063876e-31
1.2888469828303067e-31
7.129335188774135e-32
2.6283201008342843e-32
6.457865972612185e-33
1.0575023629714396e-33
1.1541312854516374e-34
8.394805323316037e-36
1.5694997105538229e-34
6.948760612071764e-34
4.633420818843694e-33
2.059228222629743e-32
6.099424573661939e-32
1.2040784869892164e-31
1.5841717963239198e-31
1.389092944237682e-31
8.117866067125488e-32
3.1617971704621116e-32
8.207439296417224e-33
1.4199168087363878e-33
1.6371922099802187e-34
1.258108182524191e-35
6.443440945365633e-37
2.1993749095111156e-38
5.003365484638478e-40
3.5271000609456423e-34
2.866178582085841e-33
1.5522807428737405e-32
5.602977022220914e-32
1.3478729610713969e-31
2.16102917080847e-31
2.3091590407001435e-31
1.6444800525440832e-31
7.805215933914256e-32
2.469009626624325e-32
9.149180953356422e-33
1.4717114146222239e-33
1.5777734640780716e-34
1.1273225258307305e-35
5.368256649122607e-37
1.70372660202153e-38
3.603695492719586e-40
5.0801649850699216e-42
4.772974292232631e-44
2.988697235208068e-46
1.2472579953919167e-48
3.4690632609185363e-51
6.430573267268124e-54
7.944539160585721e-57
6.541378477183724e-60
3.589644111571457e-63
1.3128498453469698e-66
3.200075828816348e-70
0.0
0.0
0.0
0.0
0.0
0.0
0.0
0.0
0.0
0.0
0.0
0.0
0.0
0.0
0.0
0.0
0.0
0.0
0.0
0.00017636169328329504
0.0015367136802559287
0.008924074830083954
0.034539416563119665
0.08909397573996464
0.15316630295230674
0.175492947496284
0.13401013816552332
0.06820201248141208
0.02313333638098698
0.0052295088732881925
0.0007878890844028928
7.911353882624729e-05
5.294416304015846e-06
6.96568446829806e-07
2.3704655825269533e-08
5.376319359615728e-10
8.12677079010001e-12
8.187145557490303e-14
5.497035739835186e-16
2.4598360257540005e-18
7.336101019512316e-21
1.4581627395570038e-23
1.9316491094404572e-26
1.705422655639967e-29
1.0034999752591393e-32
3.935358054807585e-36
1.0285672374657174e-39
0.0
0.0
0.0
0.0
0.0
0.0
0.0
0.0
0.0
0.0
0.0
0.0
0.0
0.0
0.0
0.0
0.0
0.0
0.0
0.0
0.0
0.0
0.0
0.0
0.0
0.0
0.0
0.0
0.0
0.0
0.0
0.0
0.0
0.0
0.0
0.0
0.0
0.0
0.0
0.0
0.0
0.0
0.0
0.0
0.0
0.0
0.0
0.0
0.0
0.0
3.0702502551747366e-35
2.2519527817071086e-34
1.1008454006876828e-33
3.5865338379990727e-33
7.787625906684828e-33
1.1269814766501439e-32
1.0869511412240837e-32
7.053980007998216e-33
3.612326860032684e-33
4.6628810948988e-33
1.5775359270128026e-32
4.267994058181165e-32
7.771298472260053e-32
9.256567848826921e-32
8.612949288009269e-32
5.453480665026048e-32
2.550434510928556e-32
1.1556219792086847e-32
6.630216657235944e-33
3.788853573486501e-33
1.6185530499401778e-33
4.71778331020939e-34
9.205636750261766e-35
1.1981398757515468e-35
1.0394618642721512e-36
6.010398845741858e-38
2.3162307020828208e-39
5.948977103127652e-41
1.0183203091558694e-42
1.1617376799551762e-44
3.285894074737992e-34
2.834879331724875e-33
1.6300358052560542e-32
6.246564934767672e-32
1.602835629847257e-31
2.7828386027461716e-31
3.4848652454500527e-31
3.948957094124869e-31
5.500399707433126e-31
7.242045593364881e-31
9.183970061006485e-31
8.203128148676581e-31
4.937030098337801e-31
1.9844461174720506e-31
5.318210854168063e-32
9.499606973384392e-33
1.1309238524570034e-33
0.00025362558809151483
0.0019521630883213184
0.010014301782734788
0.03423787491596979
0.07801434657055252
0.11847417627642444
0.11990974200289978
0.08088477606683651
0.03636307942685588
0.01089522164986068
0.0021756700499984847
0.00028955531758036954
2.5683346138455634e-05
1.5182846906170276e-06
5.981861716223897e-08
1.5707283181890762e-09
2.7488264823406203e-11
3.20608569960422e-13
1.3161170670239698e-14
7.805934487632633e-17
3.0855801457932048e-19
8.1288724461007235e-22
1.4272673616371167e-24
1.6701747299896922e-27
1.3025668776723442e-30
6.770483761028021e-34
2.345421593397789e-37
5.415065146905636e-41
0.0
0.0
0.0
0.0
0.0
0.0
0.0
0.0
0.0
0.0
0.0
0.0
0.0
0.0
0.0
0.0
0.0
0.0
0.0
0.0
0.0
0.0
0.0
0.0
0.0
0.0
0.0
0.0
0.0
2.737611121206251e-35
2.1732151779714735e-34
1.1497813258585736e-33
4.054238749599107e-33
9.52763119853344e-33
1.4922517733947676e-32
1.5576892318922118e-32
1.1264455461844189e-32
8.624040415530824e-33
2.1743524418798477e-32
7.580411143032908e-32
1.881232031429679e-31
2.7591757385641126e-31
3.495845951787858e-31
2.9520238409442123e-31
1.6613827786241045e-31
6.231622491823294e-32
1.5578086761004922e-32
2.595425986895854e-33
2.8819386230845015e-34
2.132761803569128e-35
1.0519171342555232e-36
3.4578189689053134e-38
7.575381758326466e-40
1.1060845941853924e-41
1.0763504858453262e-43
6.980726566967844e-46
3.017373635226787e-48
8.692388001423503e-51
1.668901343135755e-53
2.1355206381578784e-56
1.8212033052065225e-59
1.0351293790640733e-62
3.921140357730967e-66
9.899464206092878e-70
0.0
0.0
0.0
0.0
0.0
0.0
0.0
0.0
0.0
0.0
0.0
0.0
0.0
0.0
0.0
0.0
0.0
0.0
0.0
0.0
0.0
0.0
0.0
0.0
0.0
0.0
0.0
0.0
0.0
0.0
0.0
0.0
0.0
0.0
0.0
0.0
0.0
0.0
0.0
0.0
0.0
0.0
4.6341420728032385e-05
0.0004074807151484123
0.0023879560169386992
0.009326681266438298
0.024277809277047473
0.04211854923694418
0.04869886731061441
0.03752717432691267
0.019273226155526686
0.006596970143232764
0.0015049295427018263
0.00022880703068692076
5.2024233492393065e-05
4.022179682482587e-06
2.072520303376592e-07
7.117339263021827e-09
1.6289887692699668e-10
2.484849332368925e-12
2.526175851639424e-14
1.7116250984246452e-16
7.729212742246379e-19
0.00018836630242308414
0.0015792632437711172
0.008824444796059865
0.032862591004376426
0.08156385824049804
0.13491966951771456
0.14874224238891678
0.10928861655652296
0.053517655616385454
0.01746629459410384
0.003799146399939509
0.0005507478698630909
5.321096939930188e-05
3.4263447945498114e-06
1.4704237384856804e-07
4.205672926900495e-09
8.016965828117727e-11
4.566259453258279e-12
4.4262679632380925e-14
2.8595412673503353e-16
1.2312226115655464e-18
3.533119651035371e-21
6.757120404391707e-24
8.612878897636274e-27
7.351402590660471e-30
2.6357697701095e-32
9.468956208436662e-33
2.6890070633972918e-33
5.090200595443175e-34
0.0002916963092582321
0.002281494013423074
0.011892941457472293
0.04131814133088084
0.09566956973648841
0.14763468878749428
0.15183942596362685
0.10407879171588078
0.04754682026377062
0.014476456287237108
0.002937545460724856
0.0003972724764601339
3.580749228934166e-05
2.1510023492809974e-06
2.6334175766014444e-07
8.044319065143813e-09
1.637722795459234e-10
2.222148346898656e-12
2.0094964850139906e-14
1.2111083588931961e-16
4.864747465525443e-19
1.3023243103630034e-21
2.323590235975942e-24
2.76300382612521e-27
2.189701813103607e-30
1.1565649261872223e-33
4.0713328169247425e-37
9.551789479409115e-41
0.0
0.0
0.0
0.0
0.0
0.0
0.0
0.0
0.0
0.0
0.0
0.0
0.0
0.0
0.0
0.0
0.0
0.0
5.294433664979832e-34
3.6176516437215674e-33
1.6474624569345042e-32
5.000182506599321e-32
1.0114344327211319e-31
1.363550291915466e-31
1.2251411724251179e-31
7.336394181540429e-32
2.927930263201111e-32
7.787899663478369e-33
1.3805798002649848e-33
1.6311136801931853e-34
1.2843650933894705e-35
6.740223622845048e-37
2.3574455221255927e-38
5.495289461800808e-40
8.537309577188147e-42
8.839608573967888e-44
6.099954382045549e-46
1.7647769216332467e-47
6.192784234064402e-50
1.4483170055387638e-52
2.2574745317964055e-55
2.345112259405104e-58
1.623625871057994e-61
7.491863167846886e-65
2.303961719313589e-68
4.722176648898495e-72
0.0
0.0
0.0
0.0
0.0
0.0
0.0
0.0
0.0
0.0
0.0
0.0
0.0
0.0
0.0
0.0
0.0
0.0
0.0
0.0
0.0
0.0
0.0
0.0
0.0
0.0
0.0
0.0
0.0
0.0
0.0
0.0
0.0
0.0
0.0
0.0
0.0
0.0
0.0
0.0
0.0
0.0
0.0
0.0
0.0
0.0
0.0
0.0
0.0
0.0
0.0
0.0
0.0
0.0
0.0
0.0
0.0
0.0
0.0
1.3855401228723128e-34
1.2885935227342025e-33
7.987195771883654e-33
3.299546575076532e-32
9.084389463315259e-32
1.6669354203255182e-31
2.0385593181901557e-31
1.6615349443119262e-31
9.025622272502559e-32
4.7961173113772546e-32
1.3248296896133622e-32
2.4390003084418897e-33
2.9925761231543246e-34
1.1434684006906798e-34
8.374120547936837e-34
5.183688472881765e-33
2.1419249966963366e-32
5.898684720965024e-32
1.0826490043922062e-31
1.3243467980704945e-31
1.0796856246975636e-31
5.866437666456693e-32
2.124384627145099e-32
5.1271188856345895e-33
9.316716247103683e-34
8.832316249527082e-34
3.9422398281992375e-33
1.299017035155329e-32
2.8572264076009846e-32
4.1885700253785853e-32
4.0923106574301807e-32
2.664728452328639e-32
1.156428727579773e-32
3.3447705643016236e-33
6.447559246636317e-34
1.7173106939415976e-34
1.683373412913117e-35
1.0997490644496404e-36
4.788376457732089e-38
1.3895190998193782e-39
2.687338059578469e-41
3.4638703885427783e-43
2.975654550009059e-45
1.7036678908344135e-47
6.500831556381706e-50
1.6532344106811164e-52
2.802086304099995e-55
3.165265373559713e-58
2.382979434975858e-61
5.528189227310774e-35
4.784046010373087e-34
2.7592391501242473e-33
1.0606323942249312e-32
2.7172023368998434e-32
4.639387197182742e-32
5.279354293080884e-32
4.003893754784286e-32
2.023791789130743e-32
6.817586589455336e-33
1.5306540458877562e-33
2.2903664488505153e-34
5.152576552367187e-35
3.920621909664634e-36
1.9882318218800965e-37
6.719866210469874e-39
1.5136859533687552e-40
2.2724403036804585e-42
2.2736872891501614e-44
1.5161791942506259e-46
6.738323850528025e-49
1.9958816025548152e-51
3.940027185490343e-54
5.183763865058122e-57
4.545406720910072e-60
2.656328841639648e-63
1.0345999995914742e-66
2.685620592283684e-70
0.0
0.0
0.0
0.0
0.0
0.0
0.0
0.0
0.0
0.0
0.0
0.0
0.0
0.0
0.0
0.0
0.0
0.0
0.0
0.0
0.0
0.0
0.0
0.0
0.0
0.0
0.0
0.0
0.0
0.0
0.0
0.0
0.0
0.0
0.0
0.0
0.0
0.0
0.0
0.0
0.0
0.0
0.0
0.0
0.0
3.083549204725013e-35
2.1601099324418244e-34
1.0085150254403522e-33
3.138126456374543e-33
6.507887784084861e-33
8.994793956918653e-33
8.285599390939461e-33
5.08672420427105e-33
2.081296719131487e-33
3.389330620656373e-05
0.00027967356005741443
0.001538049930460621
0.0056372981698505995
0.013770608338661615
0.02241902878458206
0.02432551317694905
0.02050184828634382
0.011312036874966782
0.00415977803250097
0.0010194854929386227
0.0001665227182648407
1.8127899343305683e-05
1.3152339743110065e-06
6.359750888385462e-08
2.0495510433171013e-09
4.4020900366034823e-11
6.301452275605352e-13
6.011791777596197e-15
3.8225111151255254e-17
1.6198512372826503e-19
4.574915272162785e-22
8.611376896687731e-25
1.0804272390236977e-27
1.0219787262558989e-30
9.171115422842862e-32
5.053876423453226e-32
1.9088958028818816e-32
4.834253054675257e-33
0.000359545062003472
0.002288567176067441
0.009708576323872288
0.020307244551856698
0.043807196782151656
0.0629827293086288
0.06035024501714055
0.038540571200017006
0.016403586172209474
0.004653085257564342
0.0008796800927707033
0.00011083835357406405
9.30758296894099e-06
5.209131424879647e-07
1.9430110090912918e-08
4.830218268287944e-10
8.002760117589364e-12
8.836787067956357e-14
6.50325119918828e-16
3.1896880935505935e-18
1.0426713803577826e-20
2.2715810495727446e-23
3.298303146722403e-26
3.1917910266939143e-29
2.0585426906267348e-32
8.848442940066731e-36
2.5348681786725095e-39
4.839778128765028e-43
0.0
0.0
0.0
0.0
0.0
0.0
0.0
0.0
1.356039850697845e-05
0.00010103624793836924
0.0005017224283113973
0.001660471283950906
0.0036625264631588834
0.00538408269265187
0.005275021326910276
0.0034444371634294517
0.0014989731754350853
0.00043476142545341824
8.404070657848232e-05
1.0827044815114227e-05
9.296334067873242e-07
5.319796967516004e-08
2.0288967264434187e-09
5.1571097455018584e-11
8.736437085181355e-13
9.863791466932255e-15
7.422239410486739e-17
2.2749046754667327e-18
8.704761174299598e-21
2.219893120709456e-23
3.773017496114486e-26
4.2739274977251236e-29
3.2266291012508614e-32
1.6240151521881675e-35
5.565430444813207e-39
3.066512511839988e-42
1.8805517208454228e-44
1.2741850073209654e-46
5.7538859215213136e-49
1.731695593650582e-51
3.4734688202828904e-54
4.643407578450674e-57
4.137059386389189e-60
2.456564958444982e-63
9.721791400661384e-67
2.5641645522032276e-70
0.0
0.0
0.0
0.0
0.0
0.0
0.0
0.0
0.0
0.0
0.0
0.0
0.0
0.0
1.6030445482845487e-34
1.2421134756899775e-33
6.414436403627288e-33
2.2076858903793928e-32
5.064045610238879e-32
7.741756070585374e-32
7.887927427827853e-32
5.356336803435188e-32
2.4241215741485705e-32
7.311769031846862e-33
1.4698468293851956e-33
1.969260835565617e-34
1.7583930391312952e-35
1.0464300824486739e-36
4.1503624441652053e-38
1.097092841264288e-39
1.9327793905973535e-41
2.2693565689714767e-43
9.357300311022577e-45
5.586934774837944e-47
2.223198202858059e-49
5.89609282780637e-52
1.0421542172650827e-54
0.00010731646042007282
0.0007570815314173488
0.003559594376655595
0.01115423834415003
0.02329490140903029
0.03242376039248538
0.030077894673615265
0.018595721580902533
0.007662318218652122
0.002104209038787999
0.00038512270862528335
4.6977610328024225e-05
3.81912843021562e-06
2.0692794904711296e-07
7.472322227686768e-09
1.798347345350674e-10
2.8845170667788977e-12
2.461224745376287e-05
0.00019655602805574522
0.0010461718037092615
0.0037110875688304503
0.006889708646684424
0.012428010989285683
0.014941147344166572
0.011971479242513712
0.006392831141332323
0.002275203241685646
0.0005396705394245456
8.531369884916765e-05
8.988565360189392e-06
6.311659158050421e-07
2.9537806668974906e-08
3.0857431051721944e-05
0.0002451943976979367
0.0012985412967245883
0.004583345227634796
0.01078179135979722
0.01690366295420973
0.01766250403196657
0.012300004534435251
0.005708734129738601
0.0017658585448009328
0.0003640437281645442
5.0018739563632524e-05
4.5802953363967824e-06
2.7953472712704283e-07
1.1369977458221125e-08
1.0733541019922778e-09
2.2200841463940986e-11
3.0603944021818845e-13
2.81168659581507e-15
1.7216226601130972e-17
7.025715803016161e-20
1.91084180585056e-22
3.4637013480688187e-25
4.184443335494157e-28
3.369120093542956e-31
1.8079101406051693e-34
6.465747459074624e-38
1.541140321007654e-41
0.0
0.0
0.0
0.0
0.0
0.0
0.0
0.0
0.0
0.0
0.0
0.0
0.0
0.0
0.0
0.0
0.0
0.0
0.0
0.0
0.0
5.762371989195723e-05
0.0003853788564332626
0.00171773444663935
0.005102766718192904
0.010102688253573439
0.013330601242766317
0.011723143242129697
0.006871000081545611
0.0026839683117088264
0.0006987412179483192
0.00012123747680655242
1.4019707865668902e-05
1.0804945664050715e-06
5.549933233393136e-08
1.8999163405537234e-09
4.3347369284318556e-11
6.591322502753825e-13
3.229088630486636e-14
2.4968494771491154e-16
1.286726679833373e-18
4.4193846056193655e-21
1.0116233365262088e-23
1.5433251311027526e-26
1.569197347288925e-29
1.063357382543961e-32
4.8024459317837885e-36
1.445530520746066e-39
2.899837058334472e-43
0.0
0.0
0.0
0.0
0.0
0.0
6.051913374468365e-34
4.216630170428129e-33
1.9580323774100398e-32
6.059764884395569e-32
1.2498941273063398e-31
1.7181941225504593e-31
1.5741741589008633e-31
9.612024671810169e-32
3.911636798075983e-32
1.7145697105348046e-32
3.54814511550231e-33
4.893607672353136e-34
4.4981969965261056e-35
2.7556835409490534e-36
1.1251275565596358e-37
3.061651319647134e-39
6.115974213206769e-05
0.0004930707862541919
0.002649320173549124
0.009487268007042192
0.022642764002990385
0.03601631360313575
0.03818129255007033
0.026976372005725783
0.012702757448877543
0.003986520644259413
0.0008338185976231435
0.00011623333147082646
1.0798696667074134e-05
6.686418366157679e-07
2.7592896981881434e-08
7.588965884320979e-10
1.3910714894112422e-11
1.699408738187119e-13
7.19500287870914e-15
4.4697367918760393e-17
1.8506081718318459e-19
5.106561300121642e-22
9.391266651110015e-25
1.1510689587207772e-27
9.40286197167838e-31
5.119179163038929e-34
1.8574716726643163e-37
4.491872277098924e-41
1.056374809350918e-48
3.798583583545785e-51
9.103468333805508e-54
1.4540308899094562e-56
1.5478252536899338e-59
1.0981249816504453e-62
5.19234048309818e-66
1.1015142043547469e-35
8.29632775575448e-35
5.105015899939585e-34
2.0727599340829607e-33
6.378616202539547e-33
1.511756243297085e-32
2.703315819582469e-32
3.5036664140430136e-32
3.174762837860543e-32
2.407843151823611e-32
1.1473797582642023e-32
3.724929945831305e-33
1.2626157261336181e-33
2.9115038036364426e-33
1.095373531614794e-32
2.8511069315508734e-32
8.425654845867411e-05
0.0005721643357618544
0.0025895210836951415
0.0078108746296961995
0.015702233493115784
0.021038014164941776
0.018785796069167582
0.01117985091003122
0.00443428873796464
0.0011721777504027809
0.00020651163574119026
2.4248067255518024e-05
1.897541476086795e-06
9.896621823830389e-08
3.4400457695941586e-09
7.969352095402293e-11
1.2304482618168527e-12
1.2661502570801843e-14
8.683377583993075e-17
2.501834086183837e-18
8.724981688631663e-21
2.0279259497393085e-23
3.1413975452270876e-26
3.259509706498902e-29
1.672905003701027e-31
8.58231082761001e-32
3.3852674302154955e-32
8.909612070162305e-33
1.6399360577909102e-33
6.545744543051392e-34
1.866253962479652e-33
4.839757769847392e-33
8.42634008449994e-33
9.779109052040716e-33
7.563841198195833e-33
3.899124374952926e-33
1.3395944007114123e-33
3.0673342695828452e-34
4.68091158573067e-35
4.7608151326030175e-36
3.227109824093202e-37
1.4578999510563777e-38
4.3895828003893924e-40
8.808466719699661e-42
1.1780370196855989e-43
5.297840496814311e-45
3.602965300921549e-47
1.6330625841130336e-49
4.933181859080984e-52
9.93191447596867e-55
1.3326630754786292e-57
1.1917613768884855e-60
7.102966991854005e-64
2.8214465973295836e-67
7.469394902656403e-71
0.0
0.0
0.0
0.0
0.0
0.0
0.0
0.0
0.0
0.0
0.0
0.0
0.0
0.0
0.0
0.0
0.0
0.0
0.0
0.0
0.0
0.0
0.0
0.0
0.0
0.0
0.0
0.0
0.0
0.0
0.0
0.0
6.740680003573254e-35
5.474834302790376e-34
2.9636014386644266e-33
1.069178365559372e-32
2.570763209328836e-32
4.1196046324786197e-32
4.399775812189255e-32
3.131750143883992e-32
1.4856797791809933e-32
7.213036726243602e-33
1.740038390259444e-33
2.7975706631091324e-34
2.997677085556133e-35
2.1407708347663432e-36
1.0189128957915454e-37
3.232105189567412e-39
6.833063589995846e-41
9.627798368179146e-43
9.041074722990452e-45
5.658413471481672e-47
3.5408551691293666e-05
0.00023504798503303293
0.0010398877207017953
0.003066181899756375
0.006025470012688414
0.007891607764262362
0.006888451446672342
0.0040073683148247625
0.001553740429629634
0.00040149414964652793
6.914511835117533e-05
7.9364333875365e-06
6.07114736727143e-07
3.0952641832801133e-08
1.051734736693967e-09
8.80669066358323e-11
1.5216817007958382e-12
1.7523322031427713e-14
1.3449019231317462e-16
6.8793330450452035e-19
2.3452200799125838e-21
5.328468723678652e-24
8.068685466402539e-27
8.143004962812192e-30
5.552702131666312e-33
5.536724586389301e-34
2.6773887590951995e-33
8.667251579085667e-33
1.8699631012432995e-32
2.688847795980468e-32
2.576801413232982e-32
1.6458006472879402e-32
7.005756780153246e-33
1.987533378746675e-33
3.7579877000953966e-34
4.7356306841349305e-35
3.9772404309173234e-36
2.226216583402448e-37
8.304902337308198e-39
2.0648247345296316e-40
1.4039441458926263e-41
1.0346769902462886e-05
9.262895029746933e-05
0.0005526755372724126
0.002197734824432901
0.005824543403050954
0.01028797807475865
0.012110992143181532
0.00950191110206573
0.004968482353323625
0.0017314824285157508
0.0004021554639571041
6.225172739833133e-05
6.422297041207139e-06
4.4158154857860214e-07
2.0235456023335932e-08
6.180115932766045e-10
1.2579454144446802e-11
1.7065087474137107e-13
1.5428964841504644e-15
9.297080860570764e-18
3.733687580901837e-20
9.993345221384947e-23
1.7826470334032884e-25
2.1193570129483823e-28
1.6834696240006984e-31
1.3023755018828736e-33
2.505876438394749e-35
2.6070198913737132e-36
1.8414442731283847e-37
8.669120740418132e-39
2.720026098332547e-40
5.6879089875565445e-42
7.927089368243826e-44
7.36302742843582e-46
4.5580662206177504e-48
1.880556520370502e-50
5.170990015812734e-53
9.476381929917769e-56
1.1574252719930199e-58
9.421605463192354e-62
5.111382893248478e-65
1.8481340331560924e-68
4.453588247226658e-72
0.0
0.0
0.0
0.0
1.283848503212376e-34
1.1217766608209581e-33
6.53251730916593e-33
2.535340456049593e-32
4.997747279499423e-32
9.863534978887973e-32
1.2973956422133418e-31
1.1373492062400384e-31
6.645027323458385e-32
2.587505379754912e-32
6.71501983730581e-33
1.1614349393581093e-33
1.3388256421522477e-34
1.0285720168815509e-35
5.266558785321298e-37
1.7972178181003677e-38
4.0874837899423566e-40
2.296498231938657e-34
1.452081360181527e-33
6.119238011078414e-33
1.7186414779554744e-32
3.217027551759995e-32
4.013338765343891e-32
3.336863241662136e-32
1.8490665571728358e-32
6.828860296382088e-33
1.6808364617749123e-33
2.757301398422003e-34
3.014564426049638e-35
2.196577075739296e-36
3.058641369469881e-37
1.133321207176197e-38
2.7987172269487763e-40
4.6062401306365686e-42
5.052608827888896e-44
3.693740034949356e-46
1.7996934034573853e-48
1.642231532541741e-05
0.00013917435753404666
0.0007860779455454815
0.0029590584682928226
0.007423744721060366
0.012412922978014461
0.013832689863967513
0.010273555406310928
0.005085298414339969
0.001677620278450982
0.0003688522518429477
5.404963424882857e-05
5.278549857092031e-06
3.435722227460203e-07
1.4904005749496803e-08
4.3089308292087066e-10
8.302666310300451e-12
1.0662209044600307e-13
4.66696409290699e-15
3.0476609415594916e-17
1.3264179399799183e-19
3.8474738188813964e-22
7.437937205843898e-25
1.0490647188574102e-05
7.122360981102693e-05
0.0003222754540833222
0.000971878612567702
0.0019533423645319023
0.0026165332721777507
0.002335907829041648
0.0013898460305130198
0.0005511365686741685
0.00014565765479615555
2.5655999977816817e-05
3.0117999939946725e-06
2.3563774491376578e-07
1.2286979558430792e-08
4.2699910217506904e-10
9.889864380423281e-12
1.5266351538109066e-13
1.5705860269301757e-15
1.0768860427234331e-17
4.9210674226451976e-20
1.4987542599382033e-22
2.5134989074218573e-24
3.892713097654113e-27
4.017978792065465e-30
2.764040689715934e-33
1.2672513780812329e-36
3.872243509515233e-40
7.885769835031391e-44
0.0
0.0
0.0
0.0
0.0
0.0
0.0
0.0
0.0
0.0
0.0
0.0
0.0
0.0
0.0
0.0
0.0
0.0
0.0
0.0
0.0
0.0
0.0
0.0
0.0
0.0
0.0
0.0
0.0
0.0
0.0
0.0
0.0
0.0
0.0
0.0
0.0
0.0
0.0
1.0318505839153429e-34
7.831343168106187e-34
3.961295532046213e-33
1.335425858124331e-32
3.0004325394491513e-32
4.108287080048623e-32
4.693831005914421e-32
3.5741737702667916e-32
1.813866940490461e-32
6.1350306351136605e-33
1.3829599209740707e-33
2.0777055545430955e-34
2.0803669978209773e-35
1.3882812517396751e-36
6.174424861404996e-38
7.491571327868641e-06
6.181809316577708e-05
0.00033996940786572624
0.0012460791266365196
0.0030439180194325993
0.0049556637402336035
0.005377151305647895
0.0038885190609099095
0.0018741215536440053
0.0006019949204950232
0.00012887522793223407
1.8387708666153783e-05
1.748506818309325e-06
1.1081245953560674e-07
4.680490916338548e-09
1.3175762786081078e-10
9.73194250288064e-12
1.3931134182113586e-13
1.3290917564508203e-15
8.450939674719841e-18
3.5812660612136917e-20
1.0114623479992039e-22
1.9039011775613659e-25
2.3884746291462287e-28
1.997225516966731e-31
2.883597888814584e-34
9.333226933847465e-34
3.278220284075449e-33
7.674413883146474e-33
1.1973851027950449e-32
1.2450994241458702e-32
8.628906479744491e-33
3.9855571426008027e-33
1.239580573007656e-33
3.787457138964481e-34
7.937903753979249e-34
3.4356877834249644e-33
1.154611223301601e-32
2.7977536949352105e-32
4.735501728203554e-32
5.480955336116066e-32
4.2844499735782806e-32
2.91344917371108e-32
1.1687102158090996e-32
3.130975755181497e-33
5.595911632327842e-34
6.66894134758844e-35
8.640125774220713e-06
7.672149035722936e-05
0.00045404149496602815
0.001790835139430091
0.004707574677987105
0.008247463020976014
0.009629973322907682
0.0074939594585525
0.0038866831963130606
0.0013434716127975123
0.0003094991026276623
4.751949778958744e-05
4.862569686475348e-06
3.316205098869076e-07
1.507295752374934e-08
4.5660127098436657e-10
9.218437275699196e-12
1.2403922444004088e-13
1.1123522239900802e-15
6.648247225093666e-18
1.7476370508781728e-19
5.311517995960187e-22
1.075889376563494e-24
1.4524397614165527e-27
1.3068031957973309e-30
7.836169013649838e-34
1.417275976001743e-07
1.213642759226234e-06
6.926420614013448e-06
2.634561864015581e-05
6.67866237474738e-05
0.0001128371544762396
0.00012705633102889953
9.535029542095949e-05
4.769021978248787e-05
1.5897109037578714e-05
3.5317384243295615e-06
5.229262652908132e-07
5.1602878691260124e-08
3.3938211477114176e-09
1.487597780181056e-10
4.345739003592062e-12
8.461031392257672e-14
1.0979043885285852e-15
9.494831980000165e-18
5.472573396826927e-20
1.4041990096323924e-21
4.115622698215299e-24
8.039406611770606e-27
1.0466545991585873e-29
1.041948527042366e-32
5.2711156630488054e-33
1.3809809096820162e-32
2.4137212520730215e-32
2.8116947199066865e-32
2.182884537690252e-32
1.1294705512567879e-32
3.894938526704032e-33
8.951748073553193e-34
1.3711868621926484e-34
1.3998032054190276e-35
9.523988713282168e-37
4.3186927602078764e-38
1.3051706330530936e-39
2.6288380149130874e-41
3.5289207670767394e-43
3.157195948527813e-45
1.8825335046004925e-47
7.481099656374696e-50
1.9813888464687887e-52
3.497482386530298e-55
4.1145553252442706e-58
3.6598954550519616e-60
2.1894681429826574e-63
8.729515276516615e-67
2.3196538184640598e-70
0.0
9.681242687397122e-36
9.062198018970008e-35
5.653501824224907e-34
2.3506235004364558e-33
6.513736093402049e-33
1.2029810673601318e-32
1.485368917191464e-32
1.2450811922908713e-32
2.035188346082014e-08
1.851674517119143e-07
1.1228099193541055e-06
4.5376331274988295e-06
1.2221768889533135e-05
2.1939175514076174e-05
2.624750856902747e-05
2.0928467017926996e-05
1.1121626296814371e-05
3.938952342175072e-06
9.297682307024475e-07
1.4626830452087623e-07
1.533583050763989e-08
2.7217373223233425e-09
1.4511284669062287e-10
5.156405501270142e-12
1.2211522459374182e-13
1.9274100102603776e-15
2.0274957665901542e-17
1.4214361300001593e-19
6.641654692701182e-22
2.0682678707708257e-24
4.292588477787981e-27
5.938563490589179e-30
5.61202137491943e-33
1.6863836145433627e-35
8.80125045512377e-37
3.8120455369642226e-38
1.1021097595188557e-39
2.1236231283238093e-41
2.7271661212112965e-43
2.3341420785133287e-45
1.331448984673144e-47
5.061780657823044e-50
1.2825185674535966e-52
2.1657361650392733e-55
2.437412221735524e-58
1.8282432065479558e-61
1.2046794010554935e-63
4.594931575405372e-67
1.1680680931424183e-70
0.0
0.0
0.0
0.0
0.0
0.0
0.0
0.0
0.0
0.0
0.0
0.0
0.0
0.0
0.0
0.0
0.0
0.0
0.0
0.0
0.0
0.0
0.0
0.0
0.0
0.0
0.0
0.0
0.0
0.0
0.0
0.0
0.0
0.0
0.0
0.0
0.0
0.0
0.0
0.0
0.0
0.0
0.0
0.0
0.0
0.0
0.0
0.0
0.0
0.0
0.0
0.0
0.0
0.0
0.0
0.0
0.0
0.0
0.0
0.0
0.0
0.0
0.0
0.0
0.0
0.0
0.0
0.0
0.0
0.0
0.0
0.0
0.0
0.0
0.0
0.0
0.0
0.0
0.0
0.0
0.0
0.0
0.0
0.0
0.0
0.0
0.0
0.0
0.0
0.0
0.0
0.0
0.0
0.0
0.0
0.0
0.0
0.0
0.0
0.0
0.0
0.0
0.0
0.0
0.0
0.0
0.0
0.0
0.0
0.0
0.0
0.0
0.0
0.0
0.0
0.0
0.0
0.0
0.0
0.0
0.0
0.0
0.0
0.0
0.0
0.0
0.0
0.0
0.0
0.0
0.0
0.0
0.0
0.0
0.0
0.0
0.0
0.0
0.0
0.0
0.0
0.0
0.0
0.0
0.0
0.0
0.0
0.0
0.0
0.0
0.0
0.0
0.0
0.0
0.0
0.0
0.0
0.0
0.0
0.0
0.0
0.0
0.0
0.0
0.0
0.0
0.0
0.0
0.0
0.0
0.0
0.0
0.0
0.0
0.0
0.0
0.0
0.0
0.0
0.0
0.0
0.0
0.0
0.0
0.0
0.0
0.0
0.0
0.0
0.0
0.0
0.0
0.0
0.0
0.0
0.0
0.0
0.0
0.0
0.0
0.0
0.0
0.0
0.0
0.0
0.0
0.0
0.0
0.0
0.0
0.0
0.0
0.0
0.0
0.0
0.0
0.0
0.0
0.0
0.0
0.0
0.0
0.0
0.0
0.0
0.0
0.0
0.0
0.0
0.0
0.0
0.0
0.0
0.0
0.0
0.0
0.0
0.0
0.0
0.0
0.0
0.0
0.0
0.0
0.0
0.0
0.0
0.0
0.0
0.0
0.0
0.0
0.0
0.0
0.0
0.0
0.0
0.0
0.0
0.0
0.0
0.0
0.0
0.0
0.0
0.0
0.0
0.0
0.0
0.0
0.0
0.0
0.0
0.0
0.0
0.0
0.0
0.0
0.0
0.0
0.0
0.0
0.0
0.0
0.0
0.0
0.0
0.0
0.0
0.0
0.0
0.0
0.0
0.0
0.0
0.0
0.0
0.0
0.0
0.0
0.0
0.0
0.0
0.0
0.0
0.0
0.0
0.0
0.0
0.0
0.0
0.0
0.0
0.0
0.0
0.0
0.0
0.0
