a = 5.0282189046354215 b = 5.0282189046354215 c = 17.674538760517645 ,Gaussian ,LMH = 0.08 ,DW = [1.4 1.4 1.4]
0.0
0.0
0.0
0.0
0.0
0.0
0.0
0.0
0.0
0.0
0.0
0.0
0.0
0.0
0.0
0.0
0.0
0.0
0.0
0.0
0.0
0.0
0.0
0.0
0.0
0.0
0.0
0.0
0.0
0.0
0.0
0.0
0.0
0.0
0.0
0.0
0.0
0.0
0.0
0.0
0.0
0.0
0.0
0.0
0.0
0.0
0.0
0.0
0.0
0.0
0.0
0.0
0.0
0.0
0.0
0.0
0.0
0.0
0.0
0.0
0.0
0.0
0.0
0.0
0.0
0.0
0.0
0.0
0.0
0.0
0.0
0.0
0.0
0.0
0.0
0.0
0.0
0.0
0.0
0.0
0.0
0.0
0.0
0.0
0.0
0.0
0.0
0.0
0.0
0.0
0.0
0.0
0.0
0.0
0.0
0.0
0.0
0.0
0.0
0.0
0.0
0.0
0.0
0.0
0.0
0.0
0.0
0.0
0.0
0.0
0.0
0.0
0.0
0.0
0.0
0.0
0.0
0.0
0.0
0.0
0.0
0.0
0.0
0.0
0.0
0.0
0.0
0.0
0.0
0.0
0.0
0.0
0.0
0.0
0.0
0.0
0.0
0.0
0.0
0.0
0.0
0.0
0.0
0.0
0.0
0.0
0.0
0.0
0.0
0.0
0.0
0.0
0.0
0.0
0.0
0.0
0.0
0.0
0.0
0.0
0.0
0.0
0.0
0.0
0.0
0.0
0.0
0.0
0.0
0.0
0.0
0.0
0.0
0.0
0.0
0.0
0.0
0.0
0.0
0.0
0.0
0.0
0.0
0.0
0.0
0.0
0.0
0.0
0.0
0.0
0.0
0.0
0.0
0.0
0.0
0.0
0.0
6.183303736098564e-34
5.6724042256115036e-33
3.468129546671183e-32
1.4132044598834802e-31
3.8379228063920823e-31
6.946547657189713e-31
8.379601232321481e-31
6.73688652982298e-31
3.609746145384274e-31
1.2890674381954462e-31
3.0680057090537173e-32
4.866516909821625e-33
5.1447213613339835e-34
3.624824862767722e-35
1.7021339965777065e-36
5.326991600827296e-38
1.1110966196326846e-39
1.544554328180397e-41
1.430988354509273e-43
8.835895243109907e-46
3.6361899768760834e-48
9.972960997269887e-51
1.5597081835811447e-52
2.17532167096884e-55
2.022018711275656e-58
1.2526461330286751e-61
5.1719364775223685e-65
1.423178946497149e-68
0.0
0.0
0.0
0.0
0.0
0.0
0.0
0.0
0.0
0.0
0.0
0.0
0.0
0.0
0.0
0.0
0.0
0.0
0.0
0.0
0.0
0.0
0.0
0.0
0.0
0.0
0.0
0.0
0.0
0.0
0.0
0.0
0.0
0.0
0.0
0.0
0.0
0.0
0.0
0.0
0.0
0.0
0.0
0.0
0.0
0.0
0.0
0.0
0.0
0.0
0.0
0.0
0.0
0.0
0.0
0.0
0.0
0.0
0.0
0.0
0.0
0.0
0.0
0.0
0.0
0.0
0.0
0.0
0.0
0.0
0.0
0.0
0.0
0.0
0.0
0.0
0.0
0.0
0.0
0.0
0.0
0.0
0.0
0.0
0.0
0.0
0.0
0.0
0.0
0.0
0.0
0.0
0.0
0.0
0.0
0.0
0.0
0.0
0.0
0.0
0.0
0.0
0.0
0.0
0.0
0.0
0.0
0.0
0.0
0.0
0.0
0.0
0.0
0.0
0.0
0.0
0.0
0.0
0.0
0.0
0.0
0.0
0.0
0.0
0.0
0.0
0.0
0.0
0.0
0.0
0.0
0.0
0.0
0.0
0.0
0.0
0.0
0.0
0.0
0.0
0.0
0.0
3.6730712501931594e-33
2.883105166500754e-32
1.5082494097843413e-31
5.258566760524846e-31
1.2219211105421237e-30
1.892345763366288e-30
1.953166940006402e-30
1.5922067951473166e-30
8.356817651101314e-31
2.923236325202122e-31
6.815041046062357e-32
1.0588990854052274e-32
1.0965342939055212e-33
7.567830778528339e-35
3.480985019497898e-36
1.0671229112780368e-37
2.1802599775572076e-39
2.968818646725279e-41
2.69426682587549e-43
1.6295927602581147e-45
6.568997817741905e-48
1.7648211378028313e-50
3.159976291336266e-53
3.7709302531207805e-56
2.9991260811498747e-59
1.5897267993029997e-62
5.616060991972953e-66
1.3222777315474268e-69
0.0
0.0
0.0
0.0
0.0
0.0
0.0
0.0
0.0
0.0
0.0
0.0
0.0
0.0
0.0
0.0
0.0
0.0
0.0
0.0
0.0
0.0
0.0
0.0
0.0
0.0
0.0
0.0
0.0
0.0
0.0
0.0
0.0
0.0
0.0
0.0
0.0
0.0
0.0
0.0
0.0
0.0
0.0
0.0
0.0
0.0
0.0
0.0
0.0
0.0
0.0
0.0
0.0
0.0
0.0
0.0
0.0
0.0
0.0
0.0
0.0
0.0
0.0
0.0
0.0
0.0
0.0
0.0
0.0
0.0
0.0
0.0
0.0
0.0
0.0
0.0
0.0
0.0
0.0
0.0
0.0
0.0
0.0
0.0
0.0
0.0
0.0
0.0
0.0
0.0
0.0
0.0
0.0
0.0
0.0
0.0
0.0
0.0
0.0
0.0
0.0
0.0
0.0
0.0
0.0
0.0
0.0
0.0
0.0
0.0
0.0
0.0
0.0
0.0
0.0
0.0
0.0
0.0
0.0
0.0
0.0
0.0
0.0
0.0
0.0
0.0
0.0
0.0
0.0
0.0
0.0
0.0
0.0
0.0
0.0
0.0
0.0
0.0
0.0
0.0
0.0
0.0
0.0
2.397235861687929e-33
1.826230281768128e-32
9.272180167944279e-32
3.1375433288200854e-31
7.075858678743215e-31
1.0635309112072756e-30
1.0653753198901172e-30
7.112736087369255e-31
3.1648439865898354e-31
9.385328223498098e-32
1.869600504805811e-32
3.542783800814952e-33
5.706676365735296e-33
1.8298069110167104e-32
4.0574857277415446e-32
5.509547863249125e-32
6.216739478313249e-32
4.6751038841037007e-32
2.3431571543928186e-32
7.82696005918607e-33
1.7424742382684835e-33
2.5853608170200563e-34
2.556568933281319e-35
1.6849049263510145e-36
7.400734788365101e-38
2.166485718235252e-39
4.226864908611507e-41
5.496199060827048e-43
4.763082319582747e-45
2.751029639264059e-47
1.0589708356316576e-49
1.9100895359229314e-34
1.3685982746567807e-33
6.535514749591621e-33
2.080008732557544e-32
4.4119650719596865e-32
6.237068605356681e-32
5.876388834357962e-32
3.6899635552978695e-32
1.5442413483743923e-32
4.307148298950812e-33
1.4675980210269248e-33
2.081538011536421e-34
1.9676285834197665e-35
1.2396053668444137e-36
5.204815281125311e-38
1.4564941424361566e-39
2.716399938234809e-41
3.376449275282909e-43
2.7971019472298857e-45
1.544322182665593e-47
5.6826259732996025e-50
1.3936116959139164e-52
2.2778023736700225e-55
2.4812575641473746e-58
1.801396037609041e-61
8.716218453452306e-65
2.8107910228977826e-68
6.041023949019553e-72
0.0
0.0
0.0
0.0
0.0
0.0
0.0
0.0
0.0
0.0
0.0
0.0
0.0
0.0
0.0
0.0
0.0
0.0
0.0
0.0
0.0
0.0
0.0
0.0
0.0
0.0
0.0
0.0
0.0
0.0
0.0
0.0001963981751632682
0.0014933203174913015
0.007567458499044084
0.017820325152145492
0.04592141674388773
0.07886721057003634
0.09027328183973768
0.06886578940204148
0.03501300430187763
0.011864153918609947
0.002679326970192435
0.0004032702712049028
4.045276830795907e-05
2.7044679247662554e-06
1.2050275363521236e-07
3.5784393059003265e-09
7.082260354742566e-11
9.341823738472993e-13
8.212454901661606e-15
4.811670447594432e-17
1.8788854359941904e-19
4.889745700738217e-22
8.481131464324794e-25
9.803990122362189e-28
7.553243455454271e-31
3.878337944782133e-34
1.327209139560824e-37
3.0270153712295763e-41
0.0
0.0
0.0
0.0
0.0
0.0
0.0
0.0
0.0
0.0
0.0
0.0
0.0
0.0
0.0
0.0
0.0
0.0
0.0
0.0
0.0
0.0
0.0
0.0
0.0
0.0
0.0
0.0
0.0
0.0
0.0
0.0
0.0
0.0
0.0
0.0
0.0
0.0
0.0
0.0
0.0
0.0
0.0
0.0
0.0
0.0
0.0
0.0
0.0
0.0
0.0
0.0
0.0
0.0
6.74857471120037e-34
5.7045626685433145e-33
3.2137656094278887e-32
1.2066674306107771e-31
3.0195521226376118e-31
5.035922277736695e-31
5.597538058055578e-31
4.146642929329473e-31
2.0507454288413046e-31
7.036584954888866e-32
3.209361257966046e-32
6.880533332322681e-32
1.7112554673780023e-31
2.921385575482567e-31
3.327658643310588e-31
2.5263236862301416e-31
1.2782667151643914e-31
4.3105783394933573e-32
9.687933594792352e-33
1.451136655858333e-33
1.4486618391393714e-34
9.638451706304847e-36
4.273946480363899e-37
4.2737699603925074e-38
9.6368594787649e-40
1.4482430686985133e-41
1.4505374274875758e-43
9.682733255745357e-46
4.307730694565473e-48
1.2772639947819747e-50
2.5240290157099917e-53
3.3242185192848626e-56
2.9178726568617983e-59
1.7069651407442392e-62
6.65525220796617e-66
1.7293620820317242e-69
0.0
0.0
0.0
0.0
0.0
0.0
0.0
0.0
0.0
0.0
0.0
0.0
0.0
0.0
0.0
0.0
0.0
0.0
0.0
0.0
0.0
0.0
0.0
0.0
0.0
0.0
0.0
0.0
0.0
0.0
0.0
0.0
0.0
0.0
0.0
0.0
0.0
0.0
0.0
0.0
0.0
0.0
0.0
0.0
0.0
0.0
0.0
0.0
0.0
0.0
0.0
0.0
0.0
0.0
0.0
0.0
0.0
0.0
0.0
0.0
0.0
0.0
0.0
0.0
0.0
0.0
0.0
0.0
0.0
0.0
0.0
0.0
0.0
0.0
0.0
0.0
0.0
0.0
0.0
0.0
0.0
0.0
0.0
0.0
0.0
0.0011024986284418124
0.009451216883350962
0.05399815845709254
0.2056135430920923
0.5218023526321062
0.7748954371953941
1.0
0.860079199295403
0.49301307509919606
0.18834755123639213
0.047956012782827455
0.008137812975024653
0.0009203518509269128
6.937158601893945e-05
3.4849046955594996e-06
1.1667605476682283e-07
2.603479209485447e-09
3.871756537415716e-11
3.8374569368043973e-13
2.5348982860385245e-15
1.1159869310421797e-17
3.274456519479102e-20
6.4032564452191e-23
8.345341456212861e-26
7.248846021129909e-29
4.1963836530976927e-32
1.6190603852524952e-35
4.163249657859532e-39
0.0
0.0
0.0
0.0
0.0
0.0
0.0
0.0
0.0
0.0
0.0
0.0
0.0
0.0
0.0
0.0
0.0
0.0
0.0
0.0
0.0
0.0
0.0
0.0
0.0
6.39906315627891e-05
0.0004656248717959189
0.002258070477387422
0.007298277343975626
0.012734340850666926
0.0209296478310207
0.02292603334362786
0.016736994244624246
0.008143433646579813
0.002640700851664995
0.0005707059457531782
8.220289960217517e-05
7.891206803586508e-06
5.04871971711233e-07
2.1527849351039432e-08
6.117888790552459e-10
1.15873482343729e-11
1.4626758401951167e-13
1.2305341338828638e-15
6.899550384823919e-18
2.5782763445638567e-20
6.421251582273963e-23
1.065838627567587e-25
1.1790840751389103e-28
8.69319937413496e-32
4.271653867721994e-35
1.3989236656713227e-38
3.053328476166967e-42
0.0
0.0
0.0
0.0
0.0
0.0
0.0
0.0
0.0
0.0
0.0
0.0
0.0
0.0
0.0
0.0
0.0
0.0
0.0
0.0
0.0
0.0
0.0
0.0
0.0
0.0
0.0
0.0
0.0
0.0
0.0
0.0
0.0
0.0
0.0
0.0
0.0
0.0
0.0
0.0
0.0
0.0
0.0
0.0
0.0
0.0
0.0
0.0
0.0
1.039282018320956e-33
8.10949734149564e-33
4.2173146694761056e-32
1.4617046397719544e-31
2.672039649862833e-31
4.7094381494394645e-31
5.531932152956376e-31
4.33078018128751e-31
2.259628191990315e-31
7.857590225812737e-32
1.8210560655433858e-32
2.8127996879064973e-33
2.895581823862069e-34
1.9866182766365797e-35
9.083946328903926e-37
2.7683196840253144e-38
5.6226295423090205e-40
7.61104426367874e-42
6.866423303203636e-44
4.1285585437514866e-46
1.6544279919173586e-48
4.418540497220184e-51
7.864866555632414e-54
9.330081232824106e-57
7.376681624688007e-60
3.887032778096737e-63
1.3650762607788976e-66
3.19504642971445e-70
0.0
0.0
0.0
0.0
0.0
0.0
0.0
0.0
0.0
0.0
0.0
0.0
0.0
0.0
0.0
0.0
0.0
0.0
0.0
0.0
0.0
0.0
0.0
0.0
0.0
0.0
0.0
0.0
0.0
0.0
0.0
0.0
0.0
0.0
0.0
0.0
0.0
0.0
0.0
0.0
0.0
0.0
0.0
0.0
0.0
0.0
0.0
0.0
0.0
0.0
0.0
0.0
0.0
0.0
0.0
0.0
0.0
0.0
0.0
0.0
0.0
0.0
0.0
0.0
0.0
0.0
0.0
0.0
0.0
0.0
0.0
3.391810373884523e-34
2.5523505767788793e-33
1.2800609142996832e-32
4.27860796787978e-32
9.531382589476394e-32
0.0001363598124708417
0.0011468577032094094
0.006428567744695188
0.01619141773347124
0.046152172246112004
0.08767604768688288
0.11100724638105595
0.09367058737798008
0.05267890093894042
0.019744753474879286
0.004932286257576446
0.0008211573425189533
9.111419348368865e-05
6.737941533331063e-06
3.3208555817002904e-07
1.090823005311199e-08
2.388031966720109e-10
3.4842357436402785e-12
3.3881019932865036e-14
2.1957706089865488e-16
9.484162966644094e-19
2.7301882692089726e-21
5.238027007928695e-24
6.6976814662659e-27
5.707863299424231e-30
3.2542114262995505e-33
1.9462011839989282e-36
2.801336069823969e-38
2.5223791670108413e-39
4.941610956355764e-41
6.4522068195630305e-43
5.6147387890389e-45
3.256359777125286e-47
1.2586841252801795e-49
3.2425200948668623e-52
5.567114399477481e-55
6.370289413301498e-58
4.858136683251411e-61
1.835933427888337e-34
1.6372449149817948e-33
9.730875572912858e-33
3.854532719957307e-32
1.0175906364512781e-31
1.79042451511369e-31
2.099522231050266e-31
1.6408409558652015e-31
8.546613133010204e-32
2.9669016646366364e-32
6.864261292367393e-33
1.0584394285343738e-33
4.792275648875317e-34
2.651613248274557e-33
1.2578662940978357e-32
3.9878505060859866e-32
6.869370924573783e-32
1.107479156563272e-31
1.189969165772057e-31
8.521526587237355e-32
4.067060629472236e-32
1.2936757524971115e-32
2.7425324689763115e-33
3.874892565203288e-34
3.6487919568609795e-35
2.2899188187591833e-36
9.57795117113211e-38
2.6699719531258258e-39
4.96046429728484e-41
6.142137085935822e-43
5.068719174937687e-45
2.787780037125658e-47
1.0218810026702696e-49
2.4964547309115997e-52
4.0647010832332514e-55
4.410776777847996e-58
3.189944255294209e-61
1.5375620680207694e-64
4.939281373100225e-68
1.0574903817223122e-71
0.0
0.0
0.0
0.0
0.0
0.0
0.0
0.0
0.0
0.0
0.0
0.0
0.0
0.0
0.0
0.0
0.0
0.0
0.0
0.0
0.0
0.0
0.0
0.0
0.0
0.0
0.0
0.0
0.0
0.0
0.0
0.0
0.0005125405928868813
0.003559205680197167
0.016472497599519752
0.05080978628723041
0.10445201722357031
0.14310929535813344
0.13067737537748667
0.07952698377186607
0.03225597452702801
0.008719415471915785
0.0015708912638787533
0.00018861942877568914
1.5094136540331985e-05
8.050292705629564e-07
2.8615188873788834e-08
6.778960609393258e-10
1.0703138667761876e-11
1.1262653991471018e-13
7.89863199602759e-16
3.691854413157304e-18
1.1500555044456556e-20
1.9579539988733723e-22
3.101553656976675e-25
3.2744447118520207e-28
2.3039739959602094e-31
1.08043596530378e-34
3.376774348182116e-38
7.033744616824228e-42
0.0
0.0
0.0
0.0
0.0
0.0
0.0
0.0
0.0
0.0
0.0
0.0
0.0
0.0
0.0
0.0
0.0
0.0
0.0
0.0
0.0
0.0
0.0
0.0
0.0
0.0
0.0
0.0
0.0
0.0
0.0
0.0
0.0
0.0
0.0
0.0
1.4404934647659014e-33
9.431007295408221e-33
4.1151570812376455e-32
1.1967303421344812e-31
2.3194645293665567e-31
2.996130438022157e-31
2.5793795131109535e-31
1.4799645874362782e-31
5.659381223070171e-32
2.379842559358143e-32
4.627734479950376e-33
5.99749904263262e-34
5.180283045661413e-35
2.9820734800683342e-36
1.144101985829384e-37
2.925450044963865e-39
1.2821190820498727e-33
1.027569205875572e-32
5.538462686479956e-32
2.0052150506033306e-31
4.8712712065598565e-31
7.932221221715288e-31
8.650750116384334e-31
6.3176999140480725e-31
3.1013448955061854e-31
1.0527139858746798e-31
2.894606884887622e-32
1.001577431196707e-32
4.704028542972252e-33
1.9031246027413615e-33
5.385453285175957e-34
1.0234142330891415e-34
2.914425755580299e-35
1.1669323352641297e-34
3.4260342543419006e-34
1.2450362890542907e-33
3.0169119162691308e-33
4.872224234085665e-33
5.244130398448156e-33
3.761848014054287e-33
1.798500473566503e-33
5.730617424661131e-34
1.2169530504067602e-34
1.7223752630807798e-35
1.624662975819947e-36
1.0213635050041735e-37
4.279361115717448e-39
1.1949757297850426e-40
2.223928300909428e-42
2.758443078342735e-44
2.280283368580528e-46
1.2563052106726569e-48
4.612995708842858e-51
1.1288922416652518e-53
1.8412106329914094e-56
2.00140973731943e-59
1.4499401991335726e-62
7.000768572068188e-66
2.252801361247844e-69
4.831496027078582e-73
0.0
0.0
0.0
0.0
0.0
0.0002522301758365499
0.0018530096439966087
0.009072769234726458
0.02960626336413966
0.0643885847743979
0.09332880592238522
0.09015796226059744
0.058046229337891976
0.024907233240481465
0.0071229272737052705
0.0013576039121994644
0.00017245238288619426
1.4599798662545632e-05
8.23770208940079e-07
3.097753421838971e-08
7.763707359569705e-10
1.2968000446632754e-11
1.4436383975133183e-13
1.0710885605341368e-15
5.296315955415138e-18
1.7454360352162285e-20
3.0852580896139864e-22
5.170399877110035e-25
5.774818161758181e-28
4.2986693705141945e-31
2.1326094059870117e-34
7.051315484619206e-38
1.5538551080799647e-41
0.0
0.0
0.0
0.0
0.0
0.0
0.0
0.0
0.0
0.0
0.0
0.0
0.0
0.0
0.0
0.0
0.0
0.0
0.0
0.0
2.5192793048652257e-34
2.2242419456907867e-33
1.3087879334414952e-32
5.13260787787469e-32
1.3414930847902766e-31
2.3369212658517404e-31
2.713999185527071e-31
2.1053820311861777e-31
1.1065324168562763e-31
4.3337373072547203e-32
1.8936864841743022e-32
1.3084859521358126e-32
9.017879374612979e-33
4.474315820037485e-33
1.4959785400955198e-33
3.338550802970629e-34
4.966612579168592e-35
4.924430576750692e-36
3.2541300639246923e-37
1.4331629089650851e-38
4.206663661326806e-40
8.229274935542666e-42
1.0729189181396785e-43
9.322959169056616e-46
3.1451828223883684e-47
1.3897457499325881e-49
4.092666552930016e-52
8.032651366982857e-55
1.0507345725838161e-57
9.16027843080888e-61
5.322379955912382e-64
2.0610314720081516e-67
5.3191828578089296e-71
0.0
0.0
0.0
0.0
0.0
0.0
0.0
0.0
0.0
0.0
0.0
0.0
0.0
0.0
0.0
0.0
0.0
0.0
0.0
0.0
0.0
0.0
0.0
0.0
0.0
0.0
0.0
0.0
0.0
0.0
0.00022999407382795045
0.0018046320539893965
0.009437179952720389
0.032891020926723254
0.0764001163263314
0.11827480312028242
0.12203151302091735
0.08391378414124873
0.0384570675264046
0.011746286017943412
0.002391148379245413
0.0003244098480733351
6.836805503531064e-05
4.7167548913526235e-06
2.1687772058304344e-07
0.00014719600443821918
0.0009975094719811783
0.004505459340550485
0.013562592967839356
0.02720996166688048
0.03638267943564175
0.03242223715009906
0.019256299161642617
0.0076222680772315655
0.00201083836082605
0.00035355066023395545
4.142930918574795e-05
3.2355288677182805e-06
1.684086577574672e-07
5.842047693353616e-09
1.3506640170537366e-10
2.0811870269245082e-12
2.137255475058911e-14
1.4627944864316603e-16
6.672548502531679e-19
2.0285312950699617e-21
4.110107993386235e-24
5.550170213383811e-27
5.412225401207326e-29
3.716477644188269e-32
1.700860605765572e-35
5.187850690032574e-39
1.0545999887461837e-42
0.0
0.0
0.0
0.0
0.0
0.0
0.0
0.0002253360947131279
0.001761788482965215
0.009180330534903367
0.03188191633792639
0.07379247310578685
0.11383118625799657
0.11702859901712612
0.08018706143352657
0.03661829668701045
0.01114483204348694
0.0022606350920274217
0.0003056109775920552
2.7535247437483168e-05
1.6534480910843782e-06
2.0237606453312564e-07
6.17964188509172e-09
1.2576187920237425e-10
1.7057535212386947e-12
1.5419315079682928e-14
9.289566277310307e-17
3.7299871911210926e-19
9.981614465454991e-22
1.78022866898202e-24
2.116081245313433e-27
1.6763721365146646e-30
8.850953874078939e-34
3.114521042638927e-37
7.304222760261638e-41
0.0
0.0
0.0
0.0
0.0
0.0
0.0
0.0
0.0
0.0
0.0
0.0
0.0
0.0
0.0
0.0
0.0
0.0
0.0
0.0
0.0
0.0
0.0
0.0
0.0
0.0
2.387017466896396e-34
1.7983841443045434e-33
9.030065094963868e-33
3.021905265044683e-32
6.739883004932334e-32
1.001856265468157e-31
9.925217381546198e-32
6.553241675652558e-32
2.883725313912518e-32
8.45732739817708e-33
1.6530802790902648e-33
4.443944973758761e-34
4.417047348491438e-35
2.9260179420409723e-36
1.2918243403253493e-37
3.8011192067642104e-39
7.454200403505573e-41
9.74253977069001e-43
8.486426582629142e-45
4.926733578639448e-47
1.9062280030959513e-49
4.915550484721195e-52
8.44794396810484e-55
9.67634705989172e-58
7.386749934076054e-61
3.75817418793934e-64
1.2743301604968441e-67
2.8798413737627668e-71
0.0
0.0
0.0
0.0
0.0
0.0
0.0
0.0
0.0
0.0
0.0
0.0
0.0
0.0
0.0
0.0
0.0
0.0
0.0
0.0
0.0
0.0
0.0
0.0
0.0
0.0
0.0
0.0
0.0
0.0
0.0
0.0
0.0
0.0
0.0
1.1643715235363008e-34
9.99108597624081e-34
5.713672782502774e-33
2.1777076767924473e-32
5.531785700038242e-32
9.36510520997422e-32
1.0566752184662716e-31
7.946061684086792e-32
3.982390929282551e-32
1.3544212671963837e-32
4.9176624125311446e-33
1.097201438776503e-32
3.7834914323531063e-32
9.037422350885408e-32
1.4402894382236169e-31
1.5298523992414376e-31
1.0830068278351352e-31
5.109688384976566e-32
1.6067162448555846e-32
3.367173556705642e-33
4.702982554546061e-34
4.377869198065458e-35
2.7160248776998906e-36
1.1230168014553845e-37
1.535598246149677e-34
5.8736699330449505e-34
3.1334403856488396e-33
1.1140765914701032e-32
2.6399166204609233e-32
4.169144229674623e-32
4.388187511729855e-32
3.078257759364682e-32
1.439150910499072e-32
4.4842440327526226e-33
9.312229897831396e-34
1.2888420222569072e-34
1.1888504714372052e-35
7.308635939756022e-37
2.9945183053446767e-38
8.177097262298577e-40
1.4881712252442946e-41
1.805045653124856e-43
1.5293214480182972e-34
9.989085484296627e-34
4.3484474723021374e-33
1.2616075376783745e-32
2.4394721817750823e-32
3.143757316954587e-32
2.700123971799804e-32
1.545610089439749e-32
5.896546555181633e-33
2.475694871669112e-33
4.8028329898859795e-34
6.209825569964383e-35
5.351097519332556e-36
3.073179151785653e-37
1.1762900924394309e-38
3.000699791308528e-40
5.101668147126561e-42
5.780739654220854e-44
4.365521828744357e-46
2.1972044295369512e-48
7.370319518193053e-51
1.647721140963799e-53
2.455063107866325e-56
2.4379407954429583e-59
1.6134859849851612e-62
7.116865991584066e-66
2.0921553404809183e-69
4.099025448221328e-73
0.0
0.0
0.0
0.0
0.0
0.0
0.0
0.0
0.0
0.0
0.0
0.0
0.0
0.0
0.0
0.0
0.0
0.0
0.0
0.0
0.0
0.0
0.0
0.0
0.0
0.0
0.0
0.0
0.0
0.0
0.0
0.0
0.0
0.0
0.0
0.0
0.0
0.0
0.0
0.0
0.0
0.0
0.0
0.0
0.0
0.0
0.0
0.0
0.0
0.0
0.0
0.0
0.0
0.0
0.0
0.0
0.0
0.0
0.0
0.0
0.0
0.0
0.0
0.0
0.0
0.0
0.0
0.0
0.0
0.0
0.0
0.0
0.0
0.0
0.0
0.0
0.0
3.500644804261751e-34
2.4133826168350273e-33
1.1088833479735227e-32
3.395682617023486e-32
6.930265443382038e-32
9.42658081996841e-32
8.545550984393926e-32
6.388979763405431e-32
2.9452350968726593e-32
9.048778757586889e-33
1.852855371142581e-33
2.528567897823644e-34
2.2997957509336059e-35
1.3083506840932999e-34
1.0179939689092513e-33
5.335218145232974e-33
1.8636505750097977e-32
4.340545060585305e-32
6.744849332020754e-32
7.022034785720314e-32
4.986611081951852e-32
2.5955309654551806e-32
1.2161906488977013e-32
6.365183262012255e-33
3.2499046453679984e-33
1.270123359321029e-33
8.774695627176229e-05
0.0005698451836027466
0.002453095264421087
0.0071058767800151685
0.013936533376191
0.018680198177264476
0.01733302319860875
0.013542867629249547
0.007037156716392164
0.0026205393361166196
0.0006996076605672955
0.0001326669348425847
1.7610403004602663e-05
1.6123131905239936e-06
1.0060301855770423e-07
4.24214554501717e-09
1.20221971247906e-10
2.282045111606296e-12
2.8954378695773406e-14
2.452592888523554e-16
1.3859515927625534e-18
5.222776846068562e-21
1.3121418778959878e-23
2.1974815057633764e-26
2.4530113064272513e-29
1.8250861928134654e-32
8.311202634446574e-05
0.0006412117541304465
0.003297012752766786
0.011298513979755958
0.02580498291153779
0.03927962857714635
0.04148687890919434
0.03211272356188838
0.01656628261313118
0.005695797482971192
0.0013051654264943857
0.00019932332842683591
2.028767357973135e-05
1.376220157867381e-06
6.221930119800924e-08
1.8747522851784354e-09
3.764819873430212e-11
5.038787708269928e-13
4.494583657569807e-15
2.6719875093843415e-17
1.0586707816247092e-19
2.7955610368056072e-22
4.919926477426513e-25
5.770881808063475e-28
4.558227722004229e-31
1.1295917568713317e-33
1.132502798912257e-34
9.541634486807339e-36
5.361658654153624e-37
2.0079733977740332e-38
5.011852676119403e-40
8.337199352099844e-42
4.336462941560529e-43
3.668259993726624e-45
2.068074252200346e-47
7.770584617516308e-50
1.9459102631939145e-52
3.2476817993237136e-55
3.612481922014825e-58
2.6780546891966633e-61
1.3231672680856227e-64
4.357040576847883e-68
9.562027937682406e-72
0.0
8.610934275189078e-35
5.935653057328121e-34
2.726894212835981e-33
8.349291433616043e-33
1.7037760098969594e-32
2.3171648155388048e-32
2.1003075822475878e-32
1.268791975182568e-32
5.1083364603787526e-33
1.370724305402186e-33
2.4513328274949945e-34
2.9217025319677973e-35
2.3208723836009443e-36
1.2287062656754653e-37
1.382759999457546e-38
3.722598518542686e-40
6.679241412837519e-42
7.987109336315728e-44
6.3655167688817865e-46
3.3811096226124156e-48
1.1969234758249836e-50
2.8239374092874468e-53
4.4404327426596465e-56
4.653471669980847e-59
3.250202353284438e-62
1.512952435233004e-65
4.693768836576214e-69
9.705092251182661e-73
0.0
0.0
0.0
0.0
0.0
0.0
0.0
0.0
0.0
0.0
0.0
0.0
0.0
0.0
0.0
0.0
0.0
0.0
0.0
0.0
3.75137644370448e-05
0.00025793887888454667
0.0011820191616926919
0.003610054631542207
0.007366883847707327
0.010120829143787024
0.009841681112415415
0.008438595888990107
0.009456014530342527
0.01231182354440528
0.01270516526840288
0.009035741533911582
0.004390799936557333
0.0019350442957281773
0.0028424621843293287
0.007720507050080768
0.01540485648013459
0.0195497677372168
0.0199364306564795
0.013550260221133686
0.00613804428365826
0.0018530791763852969
0.0003728545813332655
4.9999601143490035e-05
4.468637690902166e-06
2.661737951197239e-07
1.0566642094986799e-08
2.7956979405651615e-10
4.929751679884951e-12
5.793505038319721e-14
4.537736594933204e-16
2.368747255870183e-18
8.240996203792117e-21
1.910830884718499e-23
2.9528836722096623e-26
3.041248956201462e-29
2.0875609076954198e-32
9.550099279089692e-36
2.911777363032897e-39
5.916842276864049e-43
0.0
0.0
0.0
0.0
0.0
0.0
0.0
0.0
0.0
0.0
0.0
0.0
0.0
0.0
0.0
0.0
0.0
0.0
0.0
0.0
0.0
0.0
0.0
0.0
6.008013625366063e-34
3.950778133391511e-33
1.7314737907846325e-32
5.057440136983685e-32
9.845258598429142e-32
1.2251583926271076e-31
1.2128056087770801e-31
8.00150539294319e-32
3.518307191396047e-32
1.0310443766587844e-32
2.0137358791192342e-33
2.6212546044071493e-34
2.2740366134499101e-35
1.314822863703921e-36
5.066623001089844e-38
1.3012222518464872e-39
2.22723437403424e-41
2.540749847019703e-43
1.931698949903536e-45
9.788102926972084e-48
3.3055152074980446e-50
7.439801351962984e-53
1.1160022446316423e-55
6.761126454852838e-06
6.107958332138438e-05
0.0003677516422707782
0.0014756886064580198
0.003946538789315096
0.0070342787687526125
0.008356113365818695
0.00748103492176029
0.004519069393459007
0.0018193568350506571
0.0004881668802319424
8.729719394306009e-05
1.0404322491077437e-05
8.264353286709256e-07
4.3750748917928855e-08
1.543631588020081e-09
3.6298056381266837e-11
5.688589990913634e-13
5.9416551625930525e-15
4.136107342158874e-17
1.918923704511072e-19
5.933420973474289e-22
1.2227401283943713e-24
1.679363525324329e-27
1.5372227941321792e-30
9.37800506698999e-34
3.812989933248196e-37
1.0332428353498565e-40
0.0
0.0
0.0
4.562235611689176e-05
0.0003277071474870375
0.0009737756477772708
0.003556883930183201
0.008658886068713777
0.014048692463312584
0.015191173852597507
0.010947836694789605
0.005258317861410948
0.0016832433536443808
0.000359110852139925
5.106128015987043e-05
4.838786010278459e-06
3.0560656684958816e-07
1.2863836040039495e-08
3.6087754371868474e-10
6.747311623011797e-12
8.407816542879972e-14
6.982601117119015e-16
3.864851293911585e-18
1.4257057182413795e-20
3.5051656152086346e-23
5.743395745769929e-26
6.27206412337307e-29
4.573926160808549e-32
6.335824206517924e-34
2.7686071514375018e-33
8.355041639476446e-33
1.3926492472755753e-32
2.1371388253565054e-32
2.185774061173166e-32
1.4899076485960488e-32
6.768539686125563e-33
2.0493312276123946e-33
4.135336781639636e-34
3.5868639646918375e-05
0.00028917352716078897
0.0015537591772238574
0.005564042383362304
0.013279407569765362
0.02112265567195591
0.02239236098763684
0.015820958897523753
0.007449845495949164
0.0023379933833790265
0.0004890134877361073
6.816790483656902e-05
6.333162075328155e-06
3.9214150116322315e-07
1.618253518009374e-08
4.4507362704320757e-10
8.15828194125628e-12
9.966601806664163e-14
4.2196869463195934e-15
2.6213874145867736e-17
1.0853348187724854e-19
2.9948688585626806e-22
5.507740019843999e-25
6.750727895369076e-28
5.514540611276672e-31
3.6800933010680145e-34
5.236727929022936e-34
2.6953003564231127e-33
9.247540159237722e-33
2.1145932215451898e-32
3.222619225064887e-32
3.273201184886327e-32
2.2157356942971395e-32
1.0010788637029887e-32
3.100255905933244e-33
1.0167706880802485e-33
1.291689021808418e-33
2.3665131201240173e-33
3.063350683816374e-33
2.650113601975286e-33
1.5281594296518443e-33
5.872958000113659e-34
1.504273438882238e-34
2.567900741903714e-35
6.307346984824638e-36
5.475209602645431e-37
3.167643686314099e-38
1.2213874307957377e-39
3.138716692563235e-41
5.375666725654256e-43
6.136123657272325e-45
4.668070628520471e-47
2.366803930447716e-49
7.997766002782337e-52
1.801178081137798e-54
2.7034986767733175e-57
2.704439170699529e-60
1.803058518257773e-63
8.011687011247892e-67
2.372573500225477e-70
4.6827063508775595e-74
0.0
0.0
0.0
0.0
0.0
0.0
0.0
0.0
0.0
0.0
0.0
0.0
8.221160979513536e-36
6.694581537755792e-35
3.633249871870245e-34
1.3141612175997544e-33
3.1679883388692683e-33
5.0897921819846206e-33
5.450019729723911e-33
3.8893555530540414e-33
1.8498595986150408e-33
5.863830878747317e-34
1.2388127116582928e-34
1.7442607899597898e-35
1.6368117405999843e-36
1.0236879543436054e-37
4.2669544100511736e-39
1.1853591612678856e-40
2.1946408902003174e-42
2.708061487289917e-44
2.2270764387615685e-46
1.2206559544429008e-48
4.458953802437083e-51
1.0855609685278922e-53
1.7613960375924091e-56
1.9413018657486983e-58
1.6017637008160308e-61
8.808163573147544e-65
5.172674048743774e-35
3.7242483343510444e-34
1.7870787882524677e-33
5.7151853017534995e-33
1.2181435784288158e-32
1.7304067178752836e-32
1.6382472703859325e-32
1.03369463382899e-32
4.3469697566452716e-33
1.2183232263841589e-33
2.275726030141145e-34
2.8330809154790927e-35
2.3506043105932167e-36
1.299815244338975e-37
4.7903282317979145e-39
1.176604395311732e-40
1.9260928046194814e-42
2.10138437863632e-44
1.527971797268431e-46
7.404687338945095e-49
2.3915510759441198e-51
5.1479479104029893e-54
6.850222210109966e-56
7.4982811991986215e-59
5.4701638498036885e-62
2.6596255425407664e-65
8.618311823075199e-69
1.8612532105590255e-72
0.0
0.0
3.7432107031545915e-06
3.401576615322557e-05
0.0002060145000436974
0.0008315662759686946
0.0022370592976886493
0.004010880031386576
0.0047927347752345344
0.0038168814272138626
0.0020258882669744738
0.0007166446415917307
0.00016895606059988739
2.6547598450815835e-05
2.7800861449537045e-06
2.6917813552914892e-05
0.0001862190789195349
0.0008647489060960668
0.002676444153709306
0.005520876564492605
0.007140722110268048
0.007490219847537369
0.005236348535741927
0.002439742967848077
0.0007576020691461578
0.00015679051173075913
2.1626186860289492e-05
1.9880242287003333e-06
1.217993422454621e-07
4.973358443659651e-09
1.3534310245147532e-10
2.4547317624372556e-12
2.967245670590827e-14
2.3904767044593615e-16
1.2835035520991592e-18
4.59294433815511e-21
1.0953851217330232e-23
1.7411013066617302e-26
1.844432615482139e-29
1.305161085900368e-32
2.605902184742506e-34
1.4654186505674594e-33
5.624445525749026e-33
1.438731766817495e-32
2.4527963937230038e-32
2.786921354587428e-32
2.4221500827951857e-32
1.3994804769253834e-32
5.3890744969235724e-33
1.3830665511698082e-33
2.3656664867017326e-34
3.7607445992282157e-34
2.3570322980883108e-33
1.0587742522822196e-32
3.1724294765629443e-32
6.33528694113289e-32
8.431836924471032e-32
7.479277651834224e-32
4.4215919532134955e-32
1.7421246060847363e-32
4.574686280376745e-33
8.006172934638543e-34
9.338350380968094e-35
7.259336217694532e-36
3.7610162157148955e-37
1.298658757934604e-38
2.9885906929566273e-40
4.5837337021142255e-42
4.685477601796241e-44
3.1920515890066856e-46
1.4493306792655484e-48
3.172001626371125e-50
7.323750916417171e-53
4.435431350786045e-36
3.4835551359606946e-35
1.823438262928767e-34
6.36122836784546e-34
1.4790145908443928e-33
2.2918462432181664e-33
2.3669007423544293e-33
1.6291315781052523e-33
7.4733242563074146e-34
2.284825506941882e-34
4.6555800553565523e-35
6.32231467420826e-36
5.722159572263698e-37
3.4516390189914864e-38
1.3876256629216176e-39
3.7179267117460204e-41
6.639125440651892e-43
7.901371330305548e-45
6.267229786809819e-47
3.3130677163078335e-49
1.1672571827163504e-51
2.7408441772503935e-54
4.289272958512723e-57
4.4736764516539085e-60
3.6724229238900726e-62
1.9477632034141966e-65
6.884956053903796e-69
1.6219883713195113e-72
0.0
0.0
0.0
0.0
0.0
0.0
0.0
0.0
0.0
0.0
0.0
0.0
0.0
0.0
0.0
0.0
0.0
0.0
0.0
1.833852305233152e-05
0.00013856345597021565
0.0006977737157732429
0.00163628669529899
0.00419013368121528
0.007151183244794517
0.008134099541315672
0.006166270993492409
0.003115424848612092
0.0010490435072016196
0.00023542428981023554
3.5211991310072446e-05
3.5100350339367017e-06
2.3319211672771598e-07
1.0325184629013561e-08
3.046936027288268e-10
5.9925324430671165e-12
7.854869970065864e-14
6.861975362992311e-16
3.995221452551967e-18
1.550294148100819e-20
4.0093032552872076e-23
6.910432889990893e-26
7.938220333140171e-29
6.077466764086721e-32
3.1010129805696717e-35
1.0545474455335329e-38
2.3900677512390037e-42
0.0
0.0
0.0
0.0
0.0
0.0
0.0
0.0
0.0
0.0
1.119538045244522e-06
1.0228927884751526e-05
6.228779040172292e-05
0.00025278848164712154
0.0006837434609181618
0.0012325672913709792
0.0014808451238208925
0.0011857419605089375
0.0006327793325804322
0.00022505876511734382
5.3348366403114404e-05
8.428064821833026e-06
8.873933242929048e-07
6.227102229596705e-08
2.9123085283851384e-09
9.077584841789142e-11
7.176176854066381e-12
1.1374403961703795e-13
1.2015606891553773e-15
8.459492751718257e-18
3.96939649777449e-20
1.2413269659912195e-22
2.5871966904647905e-25
3.5938357688018995e-28
3.428271451870573e-31
2.0953091514836097e-32
2.8346361843032135e-32
2.5810792959223797e-32
1.5663478254656218e-32
6.335145858788285e-33
1.7076803320851095e-33
3.0678779842398033e-34
3.6732554982804213e-35
2.9312019440520162e-36
1.5589130437555401e-37
5.525601869825058e-39
1.3053255451425231e-40
2.055131579077006e-42
2.1564628274206832e-44
1.5080851659736609e-46
7.028963823610965e-49
2.1834250889062797e-51
3.710255480098937e-53
5.860752530325308e-56
6.169990572249679e-59
4.329095488564764e-62
2.024376925349513e-65
6.309096057243559e-69
1.3104620515514437e-72
0.0
0.0
0.0
0.0
0.0
0.0
0.0
0.0
0.0
0.0
0.0
0.0
0.0
0.0
0.0
0.0
0.0
0.0
0.0
0.0
0.0
0.0
2.0505799357782417e-05
0.00014266507933266494
0.0006615157808754399
0.0020442983776818103
0.004210463502826296
0.0057795906325487185
0.005287444210693925
0.0032238591982391455
0.0013100500308575514
0.0003547980676100939
6.404071293963507e-05
7.703935154430412e-06
6.176616357830295e-07
3.300427401355624e-08
1.1753610352376266e-09
2.78967713233694e-11
4.4128396210370246e-13
4.652259093885344e-15
3.2688213909816997e-17
1.5307350878089713e-19
4.777387088531966e-22
9.937162101840719e-25
1.2924426989291664e-26
1.3679303213697302e-29
2.761864865204801e-32
2.8096698968923635e-32
3.605050509573497e-32
3.8550823714254823e-32
3.2210888656797783e-32
1.9501098709036064e-32
8.25872877315625e-33
2.8864322175648413e-33
3.986056128820052e-06
3.2891682979613126e-05
0.0001808882385986759
0.0006630039443457233
0.0016195838691209553
0.002636770439686832
0.0028610322159968575
0.0020689725234429904
0.0009971678007345045
0.00032030470475950357
6.857091385373113e-05
9.783586862615137e-06
9.303317040416412e-07
5.896021864443686e-08
2.490358655941103e-09
7.010455845219783e-11
5.178095136680506e-12
7.412367894230114e-14
7.071726490618943e-16
4.4965092649380446e-18
1.9054917730186482e-20
5.38170900985065e-23
1.013012707928819e-25
1.2708407245112842e-28
1.0625488404390114e-31
5.920906842210437e-35
2.198918346727648e-38
5.4426640673495464e-42
1.8087355344035133e-52
4.1650715675020905e-55
1.0948134947961288e-36
1.010813121691815e-35
6.21989636009529e-35
2.550803320769657e-34
6.9719192330790075e-34
1.270016224627368e-33
1.5418699313924013e-33
1.2475781426163471e-33
6.727741926847076e-34
2.4179785191211554e-34
5.791847270647096e-35
9.246200614526352e-36
2.1718424269690976e-36
1.7631006441228952e-37
9.53910092178757e-39
3.439690217079237e-40
8.266330538703294e-42
1.3239992865711454e-43
1.4133322966184626e-45
1.0055006686073306e-47
4.767623944998841e-50
1.5066180601397633e-52
3.1731155991254438e-55
4.453999533882957e-58
4.166736035649551e-61
2.597905552550727e-64
1.0795239350276604e-67
2.989666477433553e-71
0.0
0.0
0.0
0.0
0.0
0.0
0.0
0.0
0.0
0.0
5.587212151266583e-08
5.033945468260845e-07
3.0227581389305814e-06
1.2097060147052618e-05
3.2265457611062355e-05
5.7355803225090134e-05
6.795140665684791e-05
5.3653873994962445e-05
2.8234835818563613e-05
9.902640128059284e-06
2.314718990648749e-06
3.606011447109863e-07
3.7440140990637505e-08
2.590773213735315e-09
1.1948210604059557e-10
3.672466882458736e-12
7.52305878402191e-14
1.027099625273304e-15
9.345708574817701e-18
5.667525021917412e-20
2.290636655690687e-22
6.170218085456699e-25
1.1077107508282927e-27
1.3253597439010744e-30
1.0624073122264827e-33
3.1086946312964746e-35
1.5187384958769762e-34
6.44992431117218e-34
1.8256444198996692e-33
3.4439696735689345e-33
4.329961065334007e-33
3.628191588211572e-33
2.026179799149279e-33
7.541318764670404e-34
1.8706742313241365e-34
3.0926486076103075e-35
3.407568063534858e-36
2.5023038798585044e-37
1.2246644396240414e-38
3.99462222407693e-40
8.683921090817068e-42
1.2581649175018185e-43
2.9745212836702657e-35
2.3947542087752294e-34
3.6319330800688206e-06
2.4097240626376056e-05
0.00010655610548439654
0.0003140298357244499
0.00061680094879834
0.0008074222302246029
0.0007044301242392929
0.0005133697307600823
0.00022775612020970557
6.73428360334422e-05
1.3270714198755664e-05
1.7429251574091478e-06
1.5256142237241882e-07
8.900046338769898e-09
3.460360570574329e-10
8.966686582124652e-12
1.5485462226717753e-13
1.782370168049116e-15
1.3672665354340549e-17
6.990206606897078e-20
3.662052211890877e-08
1.3366794861574808e-05
0.00010270391861947145
0.0005273679662388259
0.001807906276282957
0.00413520755577518
0.006308153277333136
0.006416221227996011
0.004350690462546266
0.001966501854439668
0.0005924610755522287
0.00011896984750342054
1.592261796364654e-05
3.3253752132017545e-06
2.263279111625501e-07
1.0266505436414499e-08
3.1037890068282527e-10
6.2538214228942495e-12
8.398112479185797e-14
7.516234372021606e-16
4.483333390109015e-18
1.7823116609212e-20
4.722239685398971e-23
8.338618202064661e-26
9.81345162856335e-29
7.697170117681571e-32
4.0236663997925566e-35
1.4018269896035375e-38
3.2549804975959756e-42
0.0
0.0
0.0
0.0
0.0
0.0
0.0
0.0
0.0
0.0
0.0
0.0
0.0
0.0
0.0
0.0
0.0
0.0
0.0
0.0
0.0
0.0
0.0
0.0
0.0
0.0
0.0
0.0
0.0
0.0
0.0
0.0
0.0
0.0
0.0
0.0
0.0
0.0
0.0
0.0
0.0
0.0
0.0
0.0
0.0
0.0
0.0
0.0
0.0
0.0
0.0
0.0
0.0
0.0
0.0
0.0
0.0
0.0
0.0
0.0
0.0
0.0
0.0
0.0
0.0
0.0
0.0
0.0
0.0
0.0
0.0
0.0
0.0
0.0
0.0
0.0
0.0
0.0
0.0
0.0
0.0
0.0
0.0
0.0
0.0
0.0
0.0
0.0
0.0
0.0
0.0
0.0
0.0
0.0
0.0
0.0
0.0
0.0
0.0
0.0
0.0
0.0
0.0
0.0
0.0
0.0
0.0
0.0
0.0
0.0
0.0
0.0
0.0
0.0
0.0
0.0
0.0
0.0
0.0
0.0
0.0
0.0
0.0
0.0
0.0
0.0
0.0
0.0
0.0
0.0
0.0
0.0
0.0
0.0
0.0
0.0
0.0
0.0
0.0
0.0
0.0
0.0
0.0
0.0
0.0
0.0
0.0
0.0
0.0
0.0
0.0
0.0
0.0
0.0
0.0
0.0
0.0
0.0
0.0
0.0
0.0
0.0
0.0
0.0
0.0
0.0
0.0
0.0
0.0
0.0
0.0
0.0
0.0
0.0
0.0
0.0
0.0
0.0
0.0
0.0
0.0
0.0
0.0
0.0
0.0
0.0
0.0
0.0
0.0
0.0
0.0
0.0
0.0
0.0
0.0
0.0
0.0
0.0
0.0
0.0
0.0
0.0
0.0
0.0
0.0
0.0
0.0
0.0
0.0
0.0
0.0
0.0
0.0
0.0
0.0
0.0
0.0
0.0
0.0
0.0
0.0
0.0
0.0
0.0
0.0
0.0
0.0
0.0
0.0
0.0
0.0
0.0
0.0
0.0
0.0
0.0
0.0
0.0
0.0
0.0
0.0
0.0
0.0
0.0
0.0
0.0
0.0
0.0
0.0
0.0
0.0
0.0
0.0
0.0
0.0
0.0
0.0
0.0
0.0
0.0
0.0
0.0
0.0
0.0
0.0
0.0
0.0
0.0
0.0
0.0
0.0
0.0
0.0
0.0
0.0
0.0
0.0
0.0
0.0
0.0
0.0
0.0
0.0
0.0
0.0
0.0
0.0
0.0
0.0
0.0
0.0
0.0
0.0
0.0
0.0
0.0
0.0
0.0
0.0
0.0
0.0
0.0
0.0
0.0
0.0
0.0
0.0
0.0
0.0
0.0
0.0
0.0
0.0
0.0
0.0
0.0
0.0
0.0
0.0
0.0
0.0
0.0
0.0
0.0
0.0
0.0
0.0
0.0
0.0
0.0
