a = 5.0282189046354215 b = 5.0282189046354215 c = 16.567808912952202 ,Gaussian ,LMH = 0.08 ,DW = [0.6 0.6 0.6]
0.0
0.0
0.0
0.0
0.0
0.0
0.0
0.0
0.0
0.0
0.0
0.0
0.0
0.0
0.0
0.0
0.0
0.0
0.0
0.0
0.0
0.0
0.0
0.0
0.0
0.0
0.0
0.0
0.0
0.0
0.0
0.0
0.0
0.0
0.0
0.0
0.0
0.0
0.0
0.0
6.35446031502115e-33
4.157135218195775e-32
1.812554935906113e-31
5.267078047907707e-31
1.020069770447457e-30
1.3166536561355475e-30
1.132647496867077e-30
6.493809405136607e-31
2.48133758741754e-31
6.319078041216243e-32
1.0725143998211198e-32
1.2132047244792828e-33
9.146324427910546e-35
4.595583479474749e-36
1.53892078423679e-37
3.434578278439585e-39
5.108720241505606e-41
5.0644509715279036e-43
3.346063430331579e-45
1.4733893150782452e-47
4.323967398190452e-50
8.457243866356023e-53
1.102444778528242e-55
9.57781367677156e-59
5.545714038658669e-62
3.0750514754480774e-64
9.054116075925747e-68
1.776729339356988e-71
0.0
0.0
0.0
0.0
0.0
0.0
0.0
0.0
0.0
0.0
0.0
0.0
0.0
0.0
0.0
0.0
0.0
0.0
0.0
0.0
0.0
0.0
0.0
0.0
0.0
0.0
0.0
0.0
0.0
0.0
0.0
0.0
0.0
0.0
0.0
0.0
0.0
0.0
0.0
0.0
0.0
0.0
0.0
0.0
0.0
0.0
0.0
0.0
0.0
0.0
0.0
0.0
0.0
0.0
0.0
0.0
0.0
0.0
0.0
0.0
0.0
0.0
0.0
0.0
0.0
0.0
0.0
0.0
0.0
0.0
0.0
0.0
0.0
0.0
0.0
0.0
0.0
0.0
0.0
0.0
0.0
0.0
0.0
0.0
0.0
0.0
0.0
0.0
0.0
0.0
0.0
0.0
0.0
0.0
0.0
0.0
0.0
0.0
0.0
0.0
0.0
0.0
0.0
0.0
0.0
0.0
0.0
0.0
0.0
0.0
0.0
0.0
0.0
0.0
0.0
0.0
0.0
0.0
0.0
0.0
0.0
0.0
0.0
0.0
0.0
0.0
0.0
0.0
0.0
0.0
0.0
0.0
0.0
0.0
0.0
0.0
0.0
0.0
0.0
0.0
0.0
0.0
0.0
0.0
0.0
0.0
0.0
0.0
0.0
0.0
0.0
0.0
1.0703866758307691e-33
8.6323461515747e-33
4.639792384544732e-32
1.6620718601983619e-31
3.968099868507396e-31
6.313888950935237e-31
6.695651371396759e-31
4.732278271836486e-31
2.2290985245835304e-31
6.997933360973361e-32
1.464171296817192e-32
2.0417168986080735e-33
1.8974952874982202e-34
1.1752964837880652e-35
4.851719852153532e-37
1.3348287225747582e-38
2.4475801285181506e-40
2.9910924885344727e-42
2.436151618890217e-44
1.3223923677197288e-46
4.784074148764876e-49
1.1534984587596707e-51
1.8536070950995024e-54
1.9851800215809958e-57
1.4169797925501025e-60
9.033173620336355e-63
3.2787378847812686e-66
7.931486480459574e-70
0.0
0.0
0.0
0.0
0.0
0.0
0.0
0.0
0.0
0.0
0.0
0.0
0.0
0.0
0.0
0.0
0.0
0.0
0.0
0.0
0.0
0.0
0.0
0.0
0.0
0.0
0.0
0.0
0.0
0.0
0.0
0.0
0.0
0.0
0.0
0.0
0.0
0.0
0.0
0.0
0.0
0.0
0.0
0.0
0.0
0.0
0.0
0.0
0.0
0.0
0.0
0.0
0.0
0.0
0.0
0.0
0.0
0.0
0.0
0.0
0.0
0.0
0.0
0.0
0.0
0.0
0.0
0.0
0.0
0.0
0.0
0.0
0.0
0.0
0.0
0.0
0.0
0.0
0.0
0.0
0.0
0.0
0.0
0.0
0.0
0.0
0.0
0.0
0.0
0.0
0.0
0.0
0.0
0.0
0.0
0.0
0.0
0.0
0.0
0.0
0.0
0.0
0.0
0.0
0.0
0.0
0.0
0.0
0.0
0.0
0.0
0.0
0.0
0.0
0.0
0.0
0.0
0.0
0.0
0.0
0.0
0.0
0.0
0.0
0.0
0.0
0.0
0.0
0.0
0.0
0.0
0.0
0.0
0.0
0.0
0.0
0.0
0.0
0.0
0.0
0.0
0.0
0.0
0.0
0.0
0.0
0.0
0.0
0.0
0.0
0.0
0.0
0.0
1.3548494932810406e-33
1.2324217682272195e-32
7.47152435101697e-32
3.0188436437852285e-31
8.129307882802222e-31
1.4589757456404348e-30
1.7451152772908104e-30
1.3911748475611706e-30
7.391300542132955e-31
2.617227980596856e-31
6.176519199767166e-32
9.714659543202806e-33
1.0183402802531053e-33
7.114425045828068e-35
3.312594237779195e-36
1.0279647538512436e-37
2.126031791149538e-39
2.9305074702402687e-41
2.6921388752134797e-43
1.6482900394656232e-45
6.725914731699513e-48
1.8291555048367257e-50
3.315365758938104e-53
4.004919723786318e-56
3.625792284549826e-58
2.2272443625988515e-61
9.11831023880027e-65
2.4879543569143786e-68
0.0
0.0
0.0
0.0
0.0
0.0
0.0
0.0
0.0
0.0
0.0
0.0
0.0
0.0
0.0
0.0
0.0
0.0
0.0
0.0
0.0
0.0
0.0
0.0
0.0
0.0
0.0
0.0
0.0
0.0
0.0
0.0
0.0
0.0
0.0
0.0
0.0
0.0
0.0
0.0
0.0
0.0
0.0
0.0
0.0
0.0
0.0
0.0
0.0
0.0
0.0
0.0
0.0
0.0
0.0
0.0
0.0
0.0
0.0
0.0
0.0
0.0
0.0
0.0
0.0
0.0
0.0
0.0
0.0
0.0
0.0
0.0
0.0
0.0
0.0
0.0
0.0
0.0
0.0
0.0
0.0
0.0
0.0
0.0
0.0
0.0
0.0
0.0
0.0
0.0
0.0
0.0
0.0
0.0
0.0
0.0
0.0
0.0
0.0
0.0
0.0
0.0
0.0
0.0
0.0
0.0
0.0
0.0
0.0
0.0
0.0
0.0
0.0
0.0
0.0
0.0
0.0
0.0
0.0
1.5315569330761004e-34
1.1479764431968842e-33
5.734748218924227e-33
1.9093136713002768e-32
4.236641904710756e-32
5.752883788573871e-32
6.491314586266429e-32
4.881589548384062e-32
2.4466475529725407e-32
8.172653993866212e-33
1.8194342292422392e-33
2.699548643027452e-34
2.6694851059902116e-35
1.7593222491875743e-36
7.727603599394256e-38
2.2621730561931688e-39
4.413553169516466e-41
5.738950098874851e-43
4.9734537352810454e-45
2.872534572626339e-47
1.1057424803204602e-49
2.8367709639368783e-52
4.850383743084376e-55
5.527254658639656e-58
3.3188994462605815e-34
2.186283622589232e-33
9.598435625861561e-33
2.8085099042766233e-32
5.476877297006011e-32
7.118223349255854e-32
6.165833011146026e-32
4.47204382153554e-32
1.9698301419806524e-32
5.782731860347542e-33
1.1314070470468899e-33
1.4753200754431334e-34
2.448041644665947e-33
1.7994720641644595e-32
8.861307616450908e-32
2.908370352763067e-31
6.361848037821926e-31
9.27466907322729e-31
9.01145881782023e-31
5.835436267486193e-31
2.51844868520698e-31
7.243933095733731e-32
1.388664403212842e-32
1.774196522434468e-33
1.51073291853469e-34
8.573441908264621e-36
3.2426813572177177e-37
8.174004794829306e-39
1.373241911652379e-40
1.537590756526499e-42
1.1474030962121933e-44
5.706539445877933e-47
1.891521046634477e-49
3.3563785812908145e-51
5.657334730665122e-54
6.35527515777195e-57
4.758152854582539e-60
2.3742364535311785e-63
7.895708315592785e-67
1.7500069433288567e-70
0.0
0.0
0.0
0.0
0.0
0.0
0.0
0.0
0.0
0.0
0.0
0.0
0.0
0.0
0.0
0.0
0.0
0.0
0.0
0.0
0.0
0.0
0.0
0.0
0.0
0.0
0.0
0.00044735734982052813
0.00293666649362534
0.012848020694204555
0.03746272592005048
0.07280212746761142
0.09429101584315373
0.08139132277950027
0.04682388527520735
0.01795305393109389
0.0045876552267032425
0.0007813124721580899
8.868298242592184e-05
6.708684550027384e-06
3.3823301800088877e-07
1.1365176335719711e-08
2.545176497158579e-10
3.798754068207742e-12
1.8380509864545598e-13
1.3950295548821556e-15
7.0565238074677e-18
2.378919585196101e-20
5.345031397664298e-23
8.003912048988633e-26
7.987960396250663e-29
5.313137392102647e-32
2.3553081675117053e-35
6.958665776569887e-39
1.3702056876738261e-42
0.0
0.0
0.0
0.0
0.0
0.0
0.0
0.0
0.0
0.0
0.0
0.0
0.0
0.0
0.0
0.0
0.0
0.0
0.0
0.0
0.0
0.0
0.0
0.0
0.0
0.0
0.0
0.0
0.0
0.0
0.0
0.0
0.0
0.0
0.0
0.0
0.0
0.0
0.0
0.0
0.0
0.0
0.0
0.0
0.0
0.0
0.0
0.0
0.0
0.0
0.0
0.0
0.0
0.0
0.0
0.0
0.0
0.0
0.0
0.0
0.0
0.0
0.0
0.0
0.0
0.0
0.0
0.0
0.0
0.0
0.0
0.0
2.536717503399145e-34
2.306601598333785e-33
1.3978308461801424e-32
5.645705230744986e-32
1.5197191182985043e-31
2.7264026978082352e-31
3.2598545795754353e-31
2.5976940466703018e-31
1.3796194849362377e-31
4.8832863108142754e-32
1.1519844181719382e-32
1.811183986768126e-33
1.8978421286338196e-34
1.3253761288039865e-35
6.168786700866636e-37
1.9135592395293546e-38
3.956085029546146e-40
5.450933346831567e-42
5.005617656402112e-44
3.0635574175936464e-46
8.181616487141632e-48
2.5463028075945357e-50
5.281563770343185e-53
7.301238833943301e-56
6.726855991834371e-59
4.13056303334724e-62
1.6903939345856666e-65
4.6105012664944726e-69
0.0
9.462292240760531e-34
7.320827452418504e-33
3.7749007099491307e-32
1.2972761783296934e-31
2.971261678672528e-31
4.535559915423844e-31
4.614264262301352e-31
3.128639804011522e-31
1.4138072927572117e-31
4.2580074497895154e-32
8.546812264595194e-33
1.143361226358782e-33
1.0193992373163213e-34
6.057406182773112e-36
2.3988916726286604e-37
6.331638707361639e-39
1.1137896097529714e-40
6.013057822200402e-42
5.378795057579581e-44
3.206683981829472e-46
1.2741157251875796e-48
3.373984922062892e-51
5.954687122554454e-54
7.004163981957933e-57
5.490794771395684e-60
2.868769571973065e-63
9.989360085993335e-67
2.3182550748550846e-70
0.0
0.0
0.0
0.0
0.0
0.0
0.0
0.0
0.0
0.0
0.0
0.0
0.0
0.0
0.0
0.0
0.0
0.0
0.0
0.0
0.0
0.0
0.0
0.0
0.0
0.0
0.0
0.0
0.0
0.0
0.0
0.0
0.0
0.0
0.0
0.0
0.0
0.0
0.0
0.0
0.0
0.0
0.0
0.0
0.0
0.0
0.0
0.0
0.0
0.0
0.0
0.0
0.0
0.0
0.0
0.0
0.0
0.0
0.0
0.0
0.0
0.0
0.0
0.0
0.0
0.0
0.0
0.0
0.0
0.0035038421522045594
0.02443838655699488
0.11360097929978517
0.3519436782443843
0.7266843549697699
1.0
0.9171402172108084
0.5605999105423031
0.22837673432500646
0.062005789413909364
0.01122003396800121
0.0013531241668730373
0.00010875836691913546
5.825983536452598e-06
2.079971462909133e-07
4.949109333744474e-09
7.848348296085782e-11
8.294897734234644e-13
5.8428582773625855e-15
2.7429710043310485e-17
8.582199964960379e-20
1.7896066717527128e-22
2.4871277844180623e-25
2.4722514024380777e-27
1.7471722418390196e-30
8.229251943854628e-34
2.583250632643886e-37
5.404484533213671e-41
0.0
0.0
0.0
0.0
0.0
0.0
0.0
0.0
0.0
0.0
0.0
0.0
0.0
0.0
0.0
0.0
0.0
0.0
0.0
0.0
0.0
0.0
0.0
0.0
0.0
0.0
0.0
0.0
0.0
0.0
0.0
0.0
0.0
0.0
0.0
0.0
0.0
0.0
0.0
0.0
0.0
0.0
0.0
0.0
0.0
0.0
0.0
0.0
0.0
0.0
0.0
0.0
0.0
0.0
0.0
0.0
0.0
0.0
0.0
0.0
0.0
2.4081454770876358e-05
0.00020278396082116807
0.0011380622870023598
0.004256768288657842
0.010611469677714678
0.017630012182940292
0.01952141237104811
0.014406265256113458
0.007085542813580301
0.0023226105495152216
0.0005074125566554917
0.00014691019921847647
1.6320721123030406e-05
1.2083932436371101e-06
5.962917229834233e-08
1.9610597310678386e-09
4.298376081105949e-11
6.279131062931533e-13
6.1133073886443666e-15
3.966746681363774e-17
1.7154349293518118e-19
4.94419486045149e-22
9.497262830281847e-25
1.2158580746194138e-27
1.0374062445529138e-30
5.89924428635697e-34
2.235761387749442e-37
5.647237731446318e-41
0.0
0.0
0.0
0.0
0.0
0.0
0.0
0.0
0.0
0.0
0.0
0.0
0.0
0.0
0.0
0.0
0.0
0.0
0.0
0.0
0.0
0.0
0.0
0.0
0.0
4.927265135625093e-34
4.407021913432797e-33
2.627036070706495e-32
1.043682520657036e-31
2.7634545892560296e-31
4.876607507269698e-31
5.735414653746496e-31
4.495659272476015e-31
2.3485699704747763e-31
1.2159370928149945e-31
3.230158271508888e-32
5.7189729977815154e-33
6.7482915564931535e-34
5.307025541000483e-35
2.781570462350191e-36
9.716514480627173e-38
2.2621035784880136e-39
3.5099103145247117e-41
3.629619507474948e-43
2.5015415999928536e-45
1.1490420089354383e-47
3.5175933553685213e-50
7.176900180343701e-53
9.759099091798329e-56
8.844312876773053e-59
5.341952426439645e-62
2.1503912412143876e-65
5.769211985101291e-69
0.0
0.0
0.0
0.0
0.0
0.0
0.0
0.0
0.0
0.0
0.0
0.0
0.0
0.0
0.0
0.0
0.0
0.0
0.0
0.0
0.0
0.0
0.0
0.0
0.0
0.0
0.0
0.0
0.0
0.0
0.00016713091692365734
0.0014056588671191878
0.007879245374486709
0.019845190771787445
0.056566921923280465
0.10746112052100704
0.1360572630356427
0.11480839459651641
0.0645664793528392
0.024200376143768795
0.0060453113701295
0.001006460606735823
0.00011167512205947527
8.258432790705222e-06
4.0702434851125675e-07
1.3369793179941798e-08
2.926917872714738e-10
4.270492193125457e-12
4.1526647955014536e-14
2.6912706066709513e-16
1.1624369556885364e-18
3.3462855407661673e-21
6.420045943797813e-24
8.209101063944251e-27
6.999578724413332e-30
4.639308045861054e-33
7.831571673912666e-35
5.904640725499553e-36
8.519718448287544e-37
3.33016723934091e-38
8.675377735964093e-40
1.5062334608853635e-41
1.7429211380315476e-43
1.3441406984687881e-45
6.908651302240521e-48
2.366591844989439e-50
5.403000431689499e-53
8.221067026199904e-56
8.336867975736108e-59
5.6345496112738835e-62
2.5380316786623015e-65
7.619323584914209e-69
1.524464606249709e-72
0.0
0.0
0.0
0.0
0.0
0.0
0.0
0.0
0.0
0.0
0.0
0.0
0.0
0.0
5.1620757385948076e-34
3.623134494147815e-33
1.6948297838867227e-32
5.283835242972521e-32
1.0978777796283317e-31
1.5203384234561186e-31
1.403162908595718e-31
8.630927500861321e-32
3.538248973820422e-32
9.66720344538794e-33
1.760333182493755e-33
2.1363403384199353e-34
1.727935608563094e-35
9.31464303804032e-37
3.346466071063625e-38
8.012871613333207e-40
1.2787083189781468e-41
1.3599919731304593e-43
9.640126831795651e-46
4.554185316122676e-48
1.4339044011695927e-50
2.423857663805942e-34
1.8985646222490772e-33
5.976841762309423e-33
2.3806338753496056e-32
6.319678840509974e-32
1.1180956451952689e-31
1.3183916740058995e-31
1.0360757182353307e-31
5.426503502511839e-32
1.8942191720128676e-32
4.4067855469893626e-33
6.832744056372873e-34
7.060735419781892e-35
4.8627984649224115e-36
2.2320511983945217e-37
6.828158309012686e-39
1.392145279627458e-40
1.8916774418999744e-42
1.7131333075520425e-44
1.03399105351961e-46
3.9387413021113915e-34
3.109030778203839e-33
1.635588822216891e-32
5.734621974334795e-32
1.3400376586661186e-31
2.0869438310038734e-31
2.1661377231786916e-31
1.7724355924633096e-31
9.355098145530191e-32
3.2908476860524215e-32
7.715227980617252e-33
1.2055113227870394e-33
1.2553804818957252e-34
8.712865273807331e-36
4.030214612349435e-37
1.242444208960284e-38
2.5527434305997477e-40
3.4955779121520915e-42
3.1901591816255685e-44
1.9403821442550817e-46
7.865815099964658e-49
2.1251116167007946e-51
3.826496368588485e-54
4.5920056515291613e-57
3.6726967481903304e-60
1.9577141291540153e-63
0.0003225024890048936
0.0025268354357265324
0.013194787331590638
0.04592079298990936
0.1065118459866543
0.1646523722765743
0.16963662414459296
0.13811946916250967
0.07236175806858144
0.025266487256351493
0.00587979483882373
0.0009119289992460174
9.426303710674231e-05
6.493866833672053e-06
2.98158281675618e-07
9.123719469137087e-09
1.8607092562919451e-10
2.5291038399390373e-12
2.2910594148931885e-14
1.3832083160883618e-16
5.565707501140322e-19
1.4925700212941656e-21
2.6676607459242326e-24
3.177664413126496e-27
2.5227081515669218e-30
1.3347733867628587e-33
4.706841950636246e-37
1.1061989459640858e-40
0.0
0.0
0.0
0.0
0.0
0.0
0.0
0.0
0.0
0.0
0.0
0.0
0.0
0.0
0.0
0.0
0.0
0.0
0.0
0.0
0.0
0.0
0.0
0.0
0.0
0.0
0.0
0.0
0.0
0.0
0.0
0.0
0.0
0.0
0.0
0.0
0.0
0.0
0.0
0.0
0.0
0.0
0.0
2.945517644510994e-35
2.1604644904577627e-34
1.0561222317754685e-33
3.4408265856037734e-33
7.471244234351702e-33
1.0811964982056907e-32
1.0427924433197989e-32
6.703053234104146e-33
2.8716334912859417e-33
8.19911351699433e-34
1.5602217828548515e-34
1.9787335746518143e-35
7.365916115702796e-36
2.559390311050425e-35
1.6962926509339113e-34
7.567895466501428e-34
2.250396012668607e-33
4.459893644998692e-33
5.8907637295217686e-33
5.327462675355756e-33
4.1992761104409384e-33
7.478338158568046e-33
2.3092743859468638e-32
5.506236185400141e-32
8.852505117339906e-32
9.493470728984694e-32
6.78565428473409e-32
3.2325249523615755e-32
1.0262985774259923e-32
2.1716364669374566e-33
3.0625421436185973e-34
2.878449203795697e-35
1.8030867173902194e-36
7.527594332354734e-38
2.094485447683885e-39
3.8840072877163954e-41
4.800254607714764e-43
3.953939851396428e-45
2.1705879706194754e-47
5.3915024580421585e-49
1.5050804732124083e-51
2.8002137461610115e-54
3.472195687342549e-57
2.8694505949330527e-60
1.580428519590209e-63
5.8013960219444926e-67
1.419291872108967e-70
0.0
0.0
0.0
0.0004100736317626237
0.002892244393808426
0.013595327678244767
0.042591792630689074
0.08892906113706753
0.1237493833429392
0.11476882300810358
0.07093921206601063
0.029223372985671986
0.008023352444898883
0.0014681247060217481
0.00017904061973506925
1.4551968499953487e-05
7.882672214283315e-07
2.845815480636866e-08
2.4812076463702835e-09
4.5551109646238105e-11
5.573350543117567e-13
4.5448055434877645e-15
2.469993445252141e-17
8.946596355897895e-20
2.159739816628234e-22
3.474776090212334e-25
3.7306833671110596e-28
1.0219829806256052e-30
7.990441963870973e-31
5.646702445410936e-31
2.7673759884332084e-31
1.3331322806941689e-31
1.5263814994779415e-31
2.4348559981245633e-31
2.8630787568128745e-31
2.262663280217728e-31
1.1925432359537425e-31
4.18921085727595e-32
9.807845116278523e-33
1.5303707685450332e-33
1.5914803591311247e-34
1.1030303285886079e-35
5.095128866173371e-37
5.235616712509211e-38
1.2298103522132268e-39
1.9252626776093119e-41
2.00873842569452e-43
1.3968132019634305e-45
6.47343546853801e-48
1.9994606574874962e-50
4.1159723765272947e-53
5.646945391163047e-56
5.163405970268987e-59
3.1465925164387697e-62
1.277986559776877e-65
3.45934292445632e-69
0.0
0.0
0.0
0.0
0.0
0.0
0.0
2.354768083559901e-35
1.9229945179751522e-34
1.0466211333329093e-33
3.7964921089003533e-33
9.178190160546357e-33
1.4788126251359702e-32
1.622251092030958e-32
1.3291584409402027e-32
7.258000274750848e-33
2.6414278659407747e-33
6.406813443416546e-34
1.0356832426272216e-34
1.1158180149072613e-35
8.012007301971234e-37
3.8341654748540204e-38
1.2228745767016971e-39
2.599408461918517e-41
3.682550309703669e-43
3.308751156350868e-34
2.880757164865049e-33
1.6715937687043228e-32
6.464521505185453e-32
1.6661863556893682e-31
2.86214947624876e-31
3.2767446324476657e-31
2.5001981555880503e-31
1.271416409712443e-31
4.309061996730543e-32
9.733280086525645e-33
1.4652686149155008e-33
1.470133662930569e-34
9.830552910520369e-36
1.292685528824642e-36
4.395584064725167e-38
9.961433536933243e-40
1.5045569850153402e-41
1.5145268918699428e-43
1.0160776182901894e-45
4.5431631091442967e-48
1.353852407336659e-50
2.688845583714114e-53
3.5591144255664176e-56
3.1397826676306593e-59
1.8460300778663162e-62
7.23368355405932e-66
1.8891297511531705e-69
0.0
0.0
0.0
0.0
0.0
0.0
0.0
0.0
0.0
0.0
0.0
0.0
0.0
0.0
0.0
0.0
0.0
0.0
0.0
0.0
0.0
0.0
0.0
0.0
0.0
0.0
0.0
0.0
0.0
0.0
0.0
0.0
0.0
0.0
0.0
0.0
0.00018787409741948422
0.0007058456678105874
0.003665433234152334
0.012685933226958967
0.02926180266631232
0.04498433259413527
0.04608961007623506
0.031472144356783374
0.014322907376952253
0.004344277715293442
0.0008781840110148182
0.00011831369534956119
1.0623461802660412e-05
6.357387014360303e-07
2.5355535577987708e-08
6.73982274091777e-10
1.194003800039663e-11
1.4097577524957048e-13
1.1093403816813461e-15
5.8179060149343324e-18
2.033527867173468e-20
4.73712782341572e-23
7.354643516369499e-26
7.610088349623705e-29
5.248066368693509e-32
2.4120732185170926e-35
7.388617818159943e-39
2.679862678793964e-41
0.0
0.0
0.0
0.0
0.0
0.0
0.0
0.0
0.0
0.0
0.0
0.0
0.0
0.0
0.0
0.0
0.0
0.0
0.0
0.0
0.0
0.0
0.0
0.00013170559256815584
0.0011520372367283648
0.0039036922907788665
0.01736362738322024
0.05147387767473175
0.10169857390965654
0.1339135083199434
0.11752099539324688
0.06873660575177576
0.02679428992200673
0.006961101560581467
0.001445610934288929
0.0020649014307291816
0.010296452966136094
0.036613948355845125
0.08686114698157135
0.13733853840334495
0.14472412140949553
0.10164147803245688
0.04757541332350928
0.014841428920018414
0.0030856766284122167
0.00042756943696141387
3.9486118533840256e-05
2.4303218087255025e-06
9.969300145150561e-08
2.7255057779263143e-09
1.9742535344855723e-10
2.7446561261203256e-12
2.5430476873420475e-14
1.570372265082442e-16
6.462972036894836e-19
1.7727336376695363e-21
3.240680722286435e-24
3.9483355263034784e-27
3.233438992276712e-30
1.7461454073466228e-32
6.012515334729248e-33
1.5316983465647186e-33
2.600859886916276e-34
2.943352388457038e-35
2.2199802590075635e-36
1.1159314382813305e-37
3.738586739666971e-39
8.347548631935206e-41
1.2422013666543169e-42
1.2319883349237702e-44
8.143343171554802e-47
3.587405142284197e-49
1.7538793121956896e-34
1.462393318749328e-33
8.126625212638732e-33
3.0098012374345967e-32
5.75074000534654e-32
1.08306344702725e-31
1.3594574295202456e-31
1.1372576696347897e-31
6.340648589543312e-32
2.3560800542727525e-32
5.8348265327537836e-33
9.6304682502107e-34
1.0593717965642301e-34
7.76660034329155e-36
3.794853868644534e-37
1.235778696682416e-38
2.6820563603820046e-40
3.8795079269301996e-42
3.73995981259392e-44
2.402917031862374e-46
1.028945006920073e-48
2.936480360452948e-51
5.5852624497141e-54
7.080136296858887e-57
5.981652774190799e-60
3.3680794578498516e-63
1.263935773756567e-66
3.161180044539131e-70
0.0
0.0
0.0
0.0
0.0
0.0
0.0
0.0
0.0
0.0
0.0
0.0
0.0
0.0
0.0
0.0
0.0
0.0
0.0
0.0
0.0
0.0
0.0
0.0
0.0
0.0
0.0
0.0
0.0
0.0
0.0
0.0
0.0
0.0
0.0
0.0
0.0
0.0
0.0
0.0
0.0
0.0
0.0
0.0
0.0
0.0
0.0
0.0
0.0
0.0
0.0
0.0
0.0
0.0
0.0
0.0
0.0
0.0
0.0
0.0
0.0
0.0
0.0
0.0
0.0
0.0
0.0
0.0
0.0
0.0
0.0
0.0
0.0
0.0
3.914821425510709e-34
3.0036264520956132e-33
1.5358946670697623e-32
5.234298582723158e-32
1.1888774813778797e-31
1.6396722003191465e-31
1.8938179225523422e-31
1.4578101148835827e-31
7.479029467370005e-32
2.557237578020307e-32
5.8274487017824334e-33
8.850491490905646e-34
8.95855298728622e-35
6.043519014328395e-36
2.717211644690353e-37
8.142140449518429e-39
2.533608033901257e-34
1.6129876194171445e-33
6.843912779754007e-33
1.9353496895854389e-32
3.6475056755178354e-32
4.581567123462258e-32
3.835426629533156e-32
2.1399067713696645e-32
7.957150548121519e-33
1.9719769989759516e-33
3.257074282061829e-34
3.585378665016096e-35
2.630413014060816e-36
1.286158248801436e-37
4.191277524532497e-39
3.413096907599887e-40
2.4293901420392175e-34
1.8510116828567485e-33
9.399453703069988e-33
3.181102145428044e-32
7.175202531014753e-32
1.0786294209531876e-31
1.080667045542948e-31
7.215943137659523e-32
3.2112627726447043e-32
9.524455022164735e-33
1.8827210314116358e-33
2.4803522441357526e-34
2.1778215762022998e-35
1.2744205900844512e-36
4.970325271102366e-38
1.2919282378038908e-39
2.2380692417235382e-41
2.5839862287258233e-43
1.988329788695867e-45
1.019690073493907e-47
3.485214499940993e-50
7.939120268808392e-53
1.2053045558323681e-55
1.2195588535198139e-58
9.810871789170209e-61
5.0479628004810317e-64
1.7310365567372253e-67
3.956196746990196e-71
0.0
0.0
0.0
0.0
0.0
0.0
0.0
0.0
0.0
0.0
0.0
0.0
0.0
0.0
0.0
0.0
0.0
0.0
7.024105958896334e-35
5.6590732258876585e-34
3.0386530873482684e-33
1.0874229051804536e-32
2.030692853735028e-32
3.6954231611180895e-32
4.481936101643652e-32
3.6228361520643197e-32
1.951700949494383e-32
7.007440229650878e-33
1.6768224466935808e-33
2.674214898995444e-34
2.842412323191926e-35
2.0135360002534926e-36
2.7640368306538295e-35
1.929653304151713e-34
9.009052226811304e-34
2.803284281045896e-33
5.81348768950893e-33
8.035037737746726e-33
7.401515154756928e-33
4.543964112862108e-33
1.859219651030088e-33
5.0700011454249465e-34
8.759767086196542e-05
0.0006072654705246784
0.0028057318649550617
0.008639632900417984
0.017730703316425317
0.024251476475733846
0.023851399068549183
0.0165893229065826
0.0076899764648658275
0.0023757618756248284
0.0004891728616267118
6.71279446163145e-05
6.139399472078717e-06
3.7422257557624916e-07
1.5202521370988083e-08
4.1160705490178244e-10
7.427309907834003e-12
8.93226973055165e-14
7.159351099036939e-16
3.8244328603496845e-18
1.3615762561304132e-20
3.230713495273257e-23
5.1090066792404576e-26
5.384632191876181e-29
3.7823103775757695e-32
1.7706789872677015e-35
5.524640857547169e-39
1.14881425676291e-42
0.0
0.0
0.00020547582627584816
0.0007920874912355207
0.004275068462747232
0.015377811798322654
0.03686613058199609
0.05890363831863621
0.06272464799373709
0.044515975313807944
0.02105596263399135
0.006637673066419754
0.0013945630769690127
0.00019527291768655912
1.8223316434543426e-05
1.133429118433138e-06
4.698322922839247e-08
1.2979946691873983e-09
2.389926268082819e-11
2.932767566058529e-13
2.3985696546717805e-15
1.3074002791104799e-17
4.7494832451865024e-20
1.14991488338807e-22
1.855524858199229e-25
1.9960949990164851e-28
2.0346853116697994e-31
9.138237406873215e-32
1.1846455855016384e-31
1.1527305702983517e-31
7.936313849280944e-32
3.646078932750602e-32
1.1165584150612729e-32
2.2789073549466944e-33
3.0999484441493953e-34
2.810372898102875e-35
1.6980676585203106e-36
6.837976161541095e-38
1.8351929104601886e-39
3.2825958148767716e-41
3.913223458163408e-43
3.109090997769297e-45
1.6463181513079983e-47
5.809993518036745e-50
1.366529707562828e-52
2.142121278326213e-55
2.2379510399484823e-58
1.5582554528312775e-61
7.23116510485788e-65
2.236451313137599e-68
4.609907029903067e-72
3.455635675575469e-35
3.0459980570462567e-34
1.7894222913844967e-33
7.006120661175228e-33
1.389168687683931e-32
2.765809954155504e-32
3.670043680535097e-32
3.245649956272101e-32
1.912994289367605e-32
7.514623322420721e-33
1.9673530670790153e-33
3.4327244673914956e-34
3.991876829869099e-35
3.093833002196312e-36
1.5980786564693973e-37
5.5014982964894005e-39
1.2622499512919182e-40
1.9301510196872267e-42
1.9670652523179257e-44
1.3360656272596218e-46
6.0480916502999406e-49
1.8246958503649298e-51
3.6689699378472466e-54
4.9167640834677754e-57
4.3913306169992494e-60
2.613932985752759e-63
1.036989385252275e-66
2.7417996761317374e-70
0.0
0.0
0.0
0.0
0.0
0.0
0.0
0.0
0.0
0.0
0.0
0.0
0.0
1.1176103299057057e-05
8.428342263031023e-05
0.00042361903610529017
0.001419025893327864
0.003168011292014007
0.004713729642527317
0.004674381633499683
0.003089336475728383
0.0013607796490099837
0.0003994771540838795
7.815875576583105e-05
1.0191658784752945e-05
8.85714309881309e-07
5.130078323286585e-08
6.129782695348656e-09
1.805418937187452e-10
3.543989744003447e-12
4.63648081950084e-14
4.0426489173143155e-16
2.3492278149636648e-18
9.098416001395867e-21
2.3484860984975825e-23
4.0400965672231646e-26
4.632090608621845e-29
3.539516119285533e-32
1.8025706318374365e-35
6.118179801295911e-39
1.9755521777992598e-05
0.00018677272237491773
0.0011768468294507217
0.004942059643740594
0.013831764034221948
0.025800534819714133
0.03207461069981695
0.026575144059495973
0.01467477358042658
0.005400683653184329
0.0013246697446942918
0.00021654494171944322
2.359228565299456e-05
4.2955508159502905e-06
2.3798161962414318e-07
8.787179921144795e-09
2.1624056629413798e-10
3.546552306100078e-12
3.876654678086673e-14
2.8241607484529173e-16
1.3712077419022393e-18
4.437094198183971e-21
9.569199062876667e-24
1.3754160172797712e-26
1.3175712636512014e-29
8.411930951067836e-33
3.579306031146175e-36
1.0150408332353582e-39
0.0
0.0
0.0
0.0
0.0
0.0
0.0
0.0
3.948810351540571e-34
2.504921495053719e-33
1.0590184118250122e-32
2.2100934202017297e-32
4.7514110475242303e-32
6.807946321826638e-32
6.501165031882032e-32
4.137593365436869e-32
1.2646135987221438e-05
0.00011162329363537425
0.0006566491199314518
0.00257450327308187
0.00672721144368282
0.011715430618783901
0.01359762258418499
0.01051838970278965
0.005422718745831878
0.0018632299255819467
0.0004266751697389342
6.511931705563755e-05
6.623748782097774e-06
4.4903419657510225e-07
2.0287873494890407e-08
6.109071219981641e-10
1.2260139066913725e-11
1.6398236771471289e-13
1.4617747554238814e-15
8.684509812726233e-18
2.2738199479677397e-19
6.869474334661443e-22
1.38316020898291e-24
1.856107031835698e-27
1.7199482417177226e-05
0.00014797641640760766
0.0008484987006697631
0.0032425852716849906
0.008258728287835835
0.014018982660054292
0.01585993369213251
0.011958254284103869
0.006009187417784248
0.002012543436648875
0.00044921714561787477
6.682653351552336e-05
6.625567631110564e-06
4.378030647814718e-07
1.9280400530222868e-08
5.658936935416248e-10
1.1069683520100696e-11
1.4431687076320786e-13
2.7751682612599545e-05
0.0002108565488145376
0.0010677422211308912
0.0036035229016425246
0.006471456856359126
0.011106200534592766
0.012703123190430692
0.009683604795049754
0.004919773989279029
0.0016658457896456763
0.0003759291364976574
5.654038051617883e-05
5.667519394443428e-06
3.786246206124371e-07
1.6858007222288458e-08
5.002477778563588e-10
9.893401834208311e-12
1.3040302856876704e-13
1.1455426285061122e-15
6.7068158241537995e-18
2.616995970083105e-20
6.805676092893601e-23
1.1795627396577756e-25
1.3625497349226715e-28
1.0489752221926327e-31
5.382197675396003e-35
1.8404990897278338e-38
4.194624777077546e-42
0.0
0.0
0.0
0.0
0.0
0.0
0.0
0.0
0.0
6.029275888782336e-05
0.00048608115394041177
0.0026117641584477904
0.009352779173227304
0.022321786570620235
0.03550575650585532
0.03764004532222851
0.026593962569319684
0.012522686744195773
0.003930008852663829
0.00082199862049967
0.00011458564056672981
1.0645617390679973e-05
6.591633586409126e-07
2.7201747861406186e-08
7.481386845667734e-10
1.3713520525591169e-11
1.675318399513861e-13
7.093008548441029e-15
4.406375064542871e-17
1.8243744726580455e-19
5.034172128281291e-22
9.258138705426805e-25
1.1347517300276856e-27
9.269569659796678e-31
5.046611259348111e-34
1.831142770786761e-37
4.428410985826896e-41
1.559355076502494e-47
6.939685510630114e-50
2.0583352386654068e-52
4.068871522252672e-55
5.3605998853836526e-58
4.7068933361269416e-61
2.754462530864304e-64
1.0742885066658169e-67
2.792457281253036e-71
8.129001399758915e-36
6.345144300495011e-35
3.300861910591776e-34
1.1444445558478529e-33
2.6445008258952545e-33
4.0726229533818505e-33
4.180095947657976e-33
3.394911633265096e-33
1.7719158810244804e-33
6.16366852630912e-34
1.4289498836931127e-34
1.984608447337698e-34
1.4910636646291235e-33
8.375336823902054e-33
3.1400500482212364e-32
7.846216765151572e-32
1.3066692727546095e-31
1.4502824923189206e-31
1.0728057145014363e-31
5.288969960098065e-32
1.7378115153832208e-32
3.8055356016731654e-33
5.554058578645544e-34
5.402399180703916e-35
3.502228145910028e-36
1.513156142757249e-37
4.357171002712662e-39
8.361939333254817e-41
1.0004828475468117e-34
7.813577176358135e-34
4.066977012356497e-33
1.4108312715697318e-32
3.261819955042725e-32
4.5521592913372057e-32
5.351862400346051e-32
4.193474199498765e-32
2.1899013935866643e-32
7.62178498243072e-33
1.7679516093432416e-33
2.7331634409873116e-34
2.8160630897012085e-35
1.9337516882164947e-36
8.849945161411993e-38
1.5316994959530337e-34
9.91809477642788e-34
4.280279140520087e-33
1.2330876479286312e-32
2.3750873751458233e-32
3.0922392078978885e-32
2.8297769458255167e-32
2.0519804766637812e-32
1.4500430599602152e-32
1.0440663653965062e-32
6.307224985037185e-33
2.7424536652111366e-33
8.115649026956658e-34
1.6092310913848656e-34
2.1295196525086013e-35
1.878769445422351e-36
2.9720659002268693e-37
1.333512510249948e-38
3.987686104408896e-40
7.947440786645851e-42
1.0556389705399169e-43
9.345125408079543e-46
5.513614726383732e-48
2.1680497786784017e-50
5.6817697759436725e-53
9.923835654228414e-56
1.1551996346885984e-58
8.962229698996001e-62
4.634006582856391e-65
1.5969038591627714e-68
3.6676040417957283e-72
0.0
0.0
0.0
0.0
0.0
0.0
0.0
0.0
0.0
0.0
4.146062127938615e-34
3.0039525096396863e-33
1.450547208319656e-32
4.6682297373591594e-32
1.001276727963e-31
3.8178200124319364e-05
0.00028993963501676076
0.0014675106909298754
0.004950356866294289
0.011129439429445458
0.016675989796465132
0.016652962320644484
0.01108339793473682
0.004916271982860934
0.001453384166573402
0.0002863561376434078
3.760227451660733e-05
3.2908136003267655e-06
1.919437606764819e-07
7.461502068293725e-09
1.9331256175935858e-10
3.3379162566143024e-12
3.841247984939993e-14
2.9461225102873858e-16
1.5059508832758697e-18
5.130413395794927e-21
9.271448491218916e-23
1.606170802981874e-25
1.8545167699477244e-28
1.5944067242207958e-31
3.281363930750185e-32
4.2676027994742026e-32
3.707356083460007e-32
2.146477860635659e-32
8.282664575133385e-33
2.1300769008043864e-33
3.650917672042555e-34
4.1705213125671994e-35
3.175120399600765e-36
1.6110595727778982e-37
5.4480934649123485e-39
1.2278888265846338e-40
1.8443999150351964e-42
1.8464293200585804e-44
1.2319464497310607e-46
5.4781323566249106e-49
1.6235092218756382e-51
3.206701588339584e-54
4.2212772981250984e-57
3.7034864972723775e-60
2.1655050317646106e-63
8.438964831286627e-67
3.5937127212444737e-69
0.0
0.0
0.0
0.0
0.0
0.0
0.0
0.0
0.0
2.2406571109374763e-05
0.00015981661374043287
0.0007597137657584274
0.002406908691895959
0.005082188661858848
0.007151934013862148
0.0067077638234760975
0.0041928910265579145
0.0017467507390526583
0.0004849867172059637
8.974500811503038e-05
1.1068080424065012e-05
9.09737002332413e-07
4.983574567266851e-08
1.819481358667077e-09
1.5982801421382806e-10
2.967304625029088e-12
3.671579290872498e-14
3.027786427740326e-16
1.664098818964602e-18
6.095572976671243e-21
1.4880979071577438e-23
2.4211964303579176e-26
2.625488329678747e-29
1.897455972718548e-32
9.139340779815263e-36
2.9338613308082777e-39
6.276909152438156e-43
0.0
0.0
0.0
0.0
0.0
0.0
0.0
0.0
0.0
0.0
0.0
0.0
0.0
0.0
0.0
0.0
9.048261301690988e-36
6.94859290487848e-35
3.556396313044853e-34
1.2131234066442745e-33
2.7579180771364564e-33
4.178681677600891e-33
4.219672683367117e-33
2.8398786852671892e-33
1.2738032718222724e-33
3.8079082893015455e-34
7.58668667690635e-35
1.0073940117898336e-35
8.915139221843433e-37
5.258216244491936e-38
2.0669515825655882e-39
5.415065483429699e-41
9.454937672142339e-43
1.1002596236753933e-44
8.533225641997926e-47
4.41075395013697e-49
1.5194764797014884e-51
3.4886442116958055e-54
5.338274806839609e-57
1.2926482573163287e-05
0.00010900741312999801
0.0006126511458104579
0.002294837905892919
0.0057289143304016035
0.00953178393123606
0.010569576793435564
0.007811286302622748
0.0038474152476717003
0.0012629818682966627
0.0002763164355370857
4.02900557396549e-05
3.915349785967289e-06
2.5358573148538096e-07
1.0946130168003853e-08
3.1490383628374496e-10
6.037773857929504e-12
7.715379311334982e-14
6.570815452619417e-16
3.72960471867942e-18
1.4108728936396518e-20
3.5570872826471804e-23
5.976992381981344e-26
6.6934871025515e-29
4.995784631885828e-32
2.485058018645003e-35
1.2452578153464295e-37
3.149884877202485e-41
1.3357443542749134e-57
1.1372377837709317e-60
6.452986575136726e-64
2.4403481616786454e-67
6.1506975052552476e-71
0.0
0.0
0.0
0.0
0.0
0.0
0.0
0.0
0.0
0.0
0.0
0.0
0.0
0.0
0.0
0.0
0.0
0.0
0.0
0.0
0.0
0.0
0.0
0.0
7.222344384599097e-35
6.7939221022621544e-34
4.259361304651714e-33
1.7797128958964842e-32
4.956064637221098e-32
9.198256679040696e-32
1.1377730309383015e-31
9.379664281816841e-32
1.3475074357833344e-05
0.00011653333940524686
0.0006716619740748001
0.002580078260365035
0.006605360810986569
0.01127046305559657
0.012816472859091243
0.009713524340859554
0.004908058551236501
0.0016668947341176008
0.00046545973981530157
0.00045088924348703484
0.0008300584760524843
0.0017340434275539857
0.002448474953856317
0.002305332395545457
0.0014466414542981178
0.0006050205008088595
0.000168640093370491
3.1328032869131105e-05
3.878706926957912e-06
3.2005333279003777e-07
1.7601078924213635e-08
6.451159429874285e-10
1.5758606374610443e-11
2.5655435347456347e-13
2.783700565934496e-15
2.0130158529003834e-17
9.701824641312859e-20
3.1163138817699396e-22
6.671300697230512e-25
9.51834377573177e-28
9.051372720987568e-31
9.324944086872337e-34
1.9955009443935268e-33
7.392836165294109e-33
1.8255952479614784e-32
3.0045501932312583e-32
3.3429532388647837e-32
2.797743201421055e-32
1.5605113961390776e-32
5.801063084599919e-33
1.4372416037047458e-33
2.37319552251385e-34
2.6116730559852914e-35
1.915515387382387e-36
9.363409767823034e-38
3.050450362983515e-39
6.623315507899386e-41
9.58447817523097e-43
9.243640574027789e-45
5.941542059704068e-47
2.545287528863681e-49
7.26701525012724e-52
1.382791947262626e-54
1.7536348196335368e-57
1.4821870915611844e-60
8.349268766323174e-64
3.1345514619050035e-67
7.843030708365555e-71
0.0
0.0
0.0
0.0
0.0
0.0
0.0
0.0
0.0
0.0
0.0
0.0
0.0
7.3059179249478045e-06
6.028613960676732e-05
0.00033154440933111167
0.0012151992457618474
0.002968484747320847
0.004832854279195272
0.005243896692667021
0.0037921551921852098
0.0018276777531789452
0.0005870765007617419
0.00012568148878583997
1.7932031140520505e-05
1.7051759566459196e-06
1.0806634536296548e-07
4.564500688397205e-09
1.284924581250384e-10
9.49076903424282e-12
1.3585897868626866e-13
1.2961546866986823e-15
8.241511553458554e-18
3.4925164248649214e-20
9.863966550205104e-23
1.8567193892596818e-25
2.329284317360952e-28
1.9475126212891085e-31
1.0852245460242583e-34
4.0303291291282216e-38
9.975712208131114e-42
1.2160222413543866e-49
4.2606662589172916e-52
9.949358129622954e-55
1.5484392047200168e-57
1.6061082087385003e-60
1.1102914439166376e-63
5.115413350558095e-67
1.4674794133204016e-35
9.500080352281675e-35
4.0988694670666795e-34
1.1786434457847942e-33
2.2588237804503223e-33
2.8851194939808597e-33
2.4559912053507596e-33
1.7607715084614795e-33
7.621993684727244e-34
2.19895182679039e-34
1.1728911988081855e-34
5.943774096966095e-34
3.082537928833173e-33
1.0763002524374152e-32
2.5102963870498247e-32
3.937363745795444e-32
4.249567445383539e-32
3.391373691766058e-32
2.3445257437750548e-32
1.605183122023613e-32
9.937700431073005e-33
4.683882350401372e-33
1.5353115593339961e-33
3.3949895334912037e-34
5.020096480563551e-35
4.9517917668180466e-36
3.2561290361364916e-37
1.427090602207997e-38
4.168606960836882e-40
8.115476971392767e-42
1.0529779615068127e-43
9.105550767605108e-46
3.0619521466189875e-47
1.3464429917980043e-49
3.9460182939461745e-52
7.70746866943642e-55
1.003335064566601e-57
8.704859398533236e-61
5.033372586698618e-64
3.663076182433569e-35
3.347484929083746e-34
2.0387917056181822e-33
8.275774224251638e-33
5.633725953665416e-07
3.7253119808997777e-06
1.641765514750332e-05
4.8221549031949717e-05
9.439581349343869e-05
0.0001231532445337667
0.00010708300024617899
6.205499595060706e-05
2.396704662161558e-05
6.169270855965931e-06
1.0583631333975512e-06
1.2100884536738166e-07
9.221064903703277e-09
4.683026214757992e-10
1.5850889816859022e-11
1.323851319633681e-12
2.2786039778254535e-14
2.6138462482920967e-16
1.998355604400402e-18
1.0182327371700762e-20
3.4578240229103387e-23
7.826007624311926e-26
1.1804815242876643e-28
1.1867511744369877e-31
7.951365081723953e-35
3.550628764888772e-38
1.0566968099381029e-41
2.0959319934587954e-45
1.1651484861023968e-54
1.4250577868673136e-57
1.1616230580536425e-60
6.310728855905562e-64
2.2849429743370602e-67
5.513822216116409e-71
0.0
0.0
0.0
0.0
0.0
0.0
2.8137676664762815e-05
0.00010793752246499166
0.0005782958174398887
0.0020649484078085435
0.004914166960811641
0.00779421099428067
0.008239027585714511
0.005804453065357413
0.0027253871187431005
0.0008528578323432272
0.00017787160901543573
2.47239680296788e-05
2.290399610626985e-06
1.4141188038424423e-07
5.818915913385766e-09
6.550900373740448e-08
4.818457807512583e-07
2.3678307642170575e-06
7.754921774424094e-06
1.6927223890602854e-05
2.462496397786302e-05
2.3875199951320852e-05
1.542765715796594e-05
6.644074431879262e-06
1.9069993596647604e-06
3.647943922081794e-07
4.650796190140725e-08
9.403313984326278e-09
6.096248652608756e-10
2.6340617727796255e-11
7.585265503721164e-13
1.4557847518506383e-14
1.862108976871858e-16
1.5874299487256999e-18
9.019149659663422e-21
3.415215914876348e-23
8.618908812671012e-26
1.449666004109528e-28
1.6250441745458168e-31
1.2140705824367171e-34
6.045110573787197e-38
2.006070125424332e-41
4.436796604624243e-45
8.828849807447136e-61
5.1861591395520874e-64
2.0303415279991828e-67
5.297535849119203e-71
0.0
0.0
0.0
0.0
0.0
0.0
0.0
0.0
0.0
0.0
0.0
0.0
0.0
0.0
0.0
0.0
0.0
0.0
0.0
0.0
0.0
0.0
0.0
0.0
0.0
0.0
0.0
0.0
0.0
0.0
0.0
0.0
0.0
0.0
0.0
0.0
0.0
0.0
0.0
0.0
0.0
0.0
0.0
0.0
0.0
0.0
0.0
0.0
0.0
0.0
0.0
0.0
0.0
0.0
0.0
0.0
0.0
0.0
0.0
0.0
0.0
0.0
0.0
0.0
0.0
0.0
0.0
0.0
0.0
0.0
0.0
0.0
0.0
0.0
0.0
0.0
0.0
0.0
0.0
0.0
0.0
0.0
0.0
0.0
0.0
0.0
0.0
0.0
0.0
0.0
0.0
0.0
0.0
0.0
0.0
0.0
0.0
0.0
0.0
0.0
0.0
0.0
0.0
0.0
0.0
0.0
0.0
0.0
0.0
0.0
0.0
0.0
0.0
0.0
0.0
0.0
0.0
0.0
0.0
0.0
0.0
0.0
0.0
0.0
0.0
0.0
0.0
0.0
0.0
0.0
0.0
0.0
0.0
0.0
0.0
0.0
0.0
0.0
0.0
0.0
0.0
0.0
0.0
0.0
0.0
0.0
0.0
0.0
0.0
0.0
0.0
0.0
0.0
0.0
0.0
0.0
0.0
0.0
0.0
0.0
0.0
0.0
0.0
0.0
0.0
0.0
0.0
0.0
0.0
0.0
0.0
0.0
0.0
0.0
0.0
0.0
0.0
0.0
0.0
0.0
0.0
0.0
0.0
0.0
0.0
0.0
0.0
0.0
0.0
0.0
0.0
0.0
0.0
0.0
0.0
0.0
0.0
0.0
0.0
0.0
0.0
0.0
0.0
0.0
0.0
0.0
0.0
0.0
0.0
0.0
0.0
0.0
0.0
0.0
0.0
0.0
0.0
0.0
0.0
0.0
0.0
0.0
0.0
0.0
0.0
0.0
0.0
0.0
0.0
0.0
0.0
0.0
0.0
0.0
0.0
0.0
0.0
0.0
0.0
0.0
0.0
0.0
0.0
0.0
0.0
0.0
0.0
0.0
0.0
0.0
0.0
0.0
0.0
0.0
0.0
0.0
0.0
0.0
0.0
0.0
0.0
0.0
0.0
0.0
0.0
0.0
0.0
0.0
0.0
0.0
0.0
0.0
0.0
0.0
0.0
0.0
0.0
0.0
0.0
0.0
0.0
0.0
0.0
0.0
0.0
0.0
0.0
0.0
0.0
0.0
0.0
0.0
0.0
0.0
0.0
0.0
0.0
0.0
0.0
0.0
0.0
0.0
0.0
0.0
0.0
0.0
0.0
0.0
0.0
0.0
0.0
0.0
0.0
0.0
0.0
0.0
0.0
0.0
0.0
0.0
0.0
0.0
0.0
0.0
0.0
0.0
