a = 5.0282189046354215 b = 5.0282189046354215 c = 16.809461498729757 ,Gaussian ,LMH = 0.08 ,DW = [1. 1. 1.]
0.0
0.0
0.0
0.0
0.0
0.0
0.0
0.0
0.0
0.0
0.0
0.0
0.0
0.0
0.0
0.0
0.0
0.0
0.0
0.0
0.0
0.0
0.0
0.0
0.0
0.0
0.0
0.0
0.0
0.0
0.0
0.0
0.0
0.0
0.0
0.0
0.0
6.258432606785499e-33
4.2792345997023476e-32
1.230459435146791e-31
4.2782917540007705e-31
9.914139888047654e-31
1.5311623288325096e-30
1.5760463188809757e-30
1.0811806549225587e-30
4.943210493860598e-31
1.5062653649859438e-31
3.058971453470206e-32
4.140291380041508e-33
3.7348050457341343e-34
2.2453627602558207e-35
8.996770504559401e-37
2.402527223170063e-38
4.27593938997799e-40
5.071965748002024e-42
4.0096146084069636e-44
2.11256703847145e-46
7.418223526049793e-49
1.736084579398253e-51
2.7078424476177227e-54
2.814864230966941e-57
1.9501726487423282e-60
9.00472010369739e-64
2.7710791022317395e-67
5.683412478389336e-71
0.0
0.0
0.0
0.0
0.0
0.0
0.0
0.0
0.0
0.0
0.0
0.0
0.0
0.0
0.0
0.0
0.0
0.0
0.0
0.0
0.0
0.0
0.0
0.0
0.0
0.0
0.0
0.0
0.0
0.0
0.0
0.0
0.0
0.0
0.0
0.0
0.0
0.0
0.0
0.0
0.0
0.0
0.0
0.0
0.0
0.0
0.0
0.0
0.0
0.0
0.0
0.0
0.0
0.0
0.0
0.0
0.0
0.0
0.0
0.0
0.0
0.0
0.0
0.0
0.0
0.0
0.0
0.0
0.0
0.0
0.0
0.0
0.0
0.0
0.0
0.0
0.0
0.0
0.0
0.0
0.0
0.0
0.0
0.0
0.0
0.0
0.0
0.0
0.0
0.0
0.0
0.0
0.0
0.0
0.0
0.0
0.0
0.0
0.0
0.0
0.0
0.0
0.0
0.0
0.0
0.0
0.0
0.0
0.0
0.0
0.0
0.0
0.0
0.0
0.0
0.0
0.0
0.0
0.0
0.0
0.0
0.0
0.0
0.0
0.0
0.0
0.0
0.0
0.0
0.0
0.0
0.0
0.0
0.0
0.0
0.0
0.0
0.0
0.0
0.0
0.0
0.0
0.0
0.0
0.0
0.0
0.0
0.0
0.0
0.0
4.354241714772825e-33
2.90727399857528e-32
1.2937219371371872e-31
3.8368733925137966e-31
6.32173101732043e-31
9.5339993912578e-31
9.582873931216937e-31
6.419452325093037e-31
2.8660365801954206e-31
8.527996797971534e-32
1.6911957410533227e-32
2.2352302803175083e-33
1.968938794930667e-34
1.1559091682176445e-35
4.522689250407924e-37
1.1793734247216433e-38
2.0496866582216875e-40
2.3741336261338992e-42
1.8327549130334722e-44
9.429424200798175e-47
3.233311175206966e-49
7.389097225806877e-52
1.1254256445049465e-54
1.1424146956770777e-57
7.728804169837555e-61
3.4848362354762845e-64
1.0472105109062224e-67
2.0973318857435425e-71
0.0
0.0
0.0
0.0
0.0
0.0
0.0
0.0
0.0
0.0
0.0
0.0
0.0
0.0
0.0
0.0
0.0
0.0
0.0
0.0
0.0
0.0
0.0
0.0
0.0
0.0
0.0
0.0
0.0
0.0
0.0
0.0
0.0
0.0
0.0
0.0
0.0
0.0
0.0
0.0
0.0
0.0
0.0
0.0
0.0
0.0
0.0
0.0
0.0
0.0
0.0
0.0
0.0
0.0
0.0
0.0
0.0
0.0
0.0
0.0
0.0
0.0
0.0
0.0
0.0
0.0
0.0
0.0
0.0
0.0
0.0
0.0
0.0
0.0
0.0
0.0
0.0
0.0
0.0
0.0
0.0
0.0
0.0
0.0
0.0
0.0
0.0
0.0
0.0
0.0
0.0
0.0
0.0
0.0
0.0
0.0
0.0
0.0
0.0
0.0
0.0
0.0
0.0
0.0
0.0
0.0
0.0
0.0
0.0
0.0
0.0
0.0
0.0
0.0
0.0
0.0
0.0
0.0
0.0
0.0
0.0
0.0
0.0
0.0
0.0
0.0
0.0
0.0
0.0
0.0
0.0
0.0
0.0
0.0
0.0
0.0
0.0
0.0
0.0
0.0
0.0
0.0
0.0
0.0
0.0
0.0
0.0
0.0
0.0
0.0
1.7471911818984092e-33
1.5427886059507465e-32
9.079333412672842e-32
3.5610908596305236e-31
9.308799856180985e-31
1.6217573663486585e-30
1.8741953828044882e-30
1.6603881696649183e-30
9.803608174202375e-31
3.8578364165643167e-31
1.0117733119942472e-31
1.7684963960297307e-32
2.0601872105254146e-33
1.599523932995006e-34
8.276683472540646e-36
2.8543255096496786e-37
6.560428389862791e-39
1.0049453567918128e-40
1.0259690144488548e-42
6.980838482300424e-45
3.16564698305527e-47
9.567509987782898e-50
1.9271561879115064e-52
2.5871192746348487e-55
2.3147150612980655e-58
1.3802576778300547e-61
5.485350131522698e-65
1.4528811341838538e-68
0.0
0.0
0.0
0.0
0.0
0.0
0.0
0.0
0.0
0.0
0.0
0.0
0.0
0.0
0.0
0.0
0.0
0.0
0.0
0.0
0.0
0.0
0.0
0.0
0.0
0.0
0.0
0.0
0.0
0.0
0.0
0.0
0.0
0.0
0.0
0.0
0.0
0.0
0.0
0.0
0.0
0.0
0.0
0.0
0.0
0.0
0.0
0.0
0.0
0.0
0.0
0.0
0.0
0.0
0.0
0.0
0.0
0.0
0.0
0.0
0.0
0.0
0.0
0.0
0.0
0.0
0.0
0.0
0.0
0.0
0.0
0.0
0.0
0.0
0.0
0.0
0.0
0.0
0.0
0.0
0.0
0.0
0.0
0.0
0.0
0.0
0.0
0.0
0.0
0.0
0.0
0.0
0.0
0.0
0.0
0.0
0.0
0.0
0.0
0.0
0.0
0.0
0.0
0.0
0.0
0.0
0.0
0.0
0.0
0.0
0.0
0.0
0.0
0.0
0.0
0.0
0.0
0.0
0.0
0.0
0.0
0.0
0.0
0.0
0.0
0.0
0.0
1.8422504376645003e-34
1.3808563424804216e-33
6.898106226446053e-33
2.2966393678405773e-32
5.096092240923137e-32
6.919920799840493e-32
7.808150568421003e-32
5.871874749015377e-32
2.9429774551191826e-32
9.830568535797583e-33
2.188526872710608e-33
3.247182368287982e-34
3.2110201055157066e-35
2.1162205031771135e-36
9.295234676316447e-38
2.7210802372683528e-39
5.308891940351552e-41
6.90316050488055e-43
5.982374616739361e-45
3.4552604342292086e-47
1.3300547464619652e-49
3.412241776327741e-52
5.834338496049871e-55
1.4182604812751125e-34
1.0741181517818525e-33
6.791815542045942e-33
2.9522822615706295e-32
1.0282861319136066e-31
2.8767656297416293e-31
6.1324785428209445e-31
9.379696521603796e-31
1.0147290524951318e-30
8.264565906918992e-31
4.524235015522363e-31
1.6564338446547104e-31
4.047716416829319e-32
6.596046768384949e-33
7.165452858616539e-34
5.188333700118678e-35
2.5038666154478177e-36
8.053472279922764e-38
1.7263927842427742e-39
2.466486801925888e-41
2.3485511031786564e-43
1.4904004752203662e-45
6.303584449864617e-48
1.776862214280377e-50
3.3381165061141624e-53
4.179562098486487e-56
3.4877201032428287e-59
1.9396975451309094e-62
7.189653428551541e-66
1.7760837656858041e-69
0.0
0.0
0.0
0.0
0.0
0.0
0.0
0.0
0.0
0.0
0.0
0.0
0.0
0.0
0.0
0.0
0.0
0.0
0.0
0.0
0.0
0.0
0.0
0.0
0.0
0.0
0.0
0.0
0.0
0.0
0.0
0.0
0.0
0.0
0.0
0.00012502400512480832
0.0010414856729982702
0.005782221722430157
0.021395267955305147
0.052762123633459265
0.08671782021542146
0.09498958413006985
0.06934659924350138
0.033740840599592876
0.0109412811103912
0.0023646235075221733
0.0003405943013697042
3.2695975561219065e-05
2.091860749032681e-06
8.919752216487868e-08
2.534862213455531e-09
4.801063753906615e-11
6.060411823018449e-13
5.098569558809509e-15
2.8587495468243595e-17
7.201596904786456e-19
2.0533318766493996e-21
3.901854207175876e-24
4.941564572185231e-27
4.1709929876983674e-30
2.3463672750189754e-33
8.796989512690309e-37
2.1981316714592444e-40
0.0
0.0
0.0
0.0
0.0
0.0
0.0
0.0
0.0
0.0
0.0
0.0
0.0
0.0
0.0
0.0
0.0
0.0
0.0
0.0
0.0
0.0
0.0
0.0
0.0
0.0
0.0
0.0
0.0
0.0
0.0
0.0
0.0
0.0
0.0
0.0
0.0
0.0
0.0
0.0
0.0
0.0
0.0
0.0
0.0
0.0
0.0
0.0
0.0
0.0
0.0
0.0
0.0
0.0
0.0
0.0
0.0
0.0
0.0
0.0
0.0
0.0
0.0
0.0
0.0
0.0
0.0
0.0
0.0
0.0
0.0
1.8013390759320526e-33
1.1605776863437569e-32
4.98350055401504e-32
1.426186606206305e-31
2.7201931608219634e-31
3.4578383241427773e-31
2.929484271513114e-31
1.6540902663836307e-31
6.224561892598785e-32
1.5611330619754877e-32
2.6094717608248862e-33
2.9070120335545868e-34
2.1583536490129434e-35
1.0680213401572872e-36
3.522238851276586e-38
7.741751449188959e-40
1.1340734760412354e-41
1.1071965158926128e-43
7.204266601507038e-46
3.124182458764335e-48
2.8018391880724932e-33
1.795933021711764e-32
7.6721770183608e-32
2.1843822639227357e-31
3.50243044784843e-31
5.0708659151889845e-31
4.893012018254308e-31
3.1466756986389123e-31
1.348680996036638e-31
3.852547819230021e-32
7.334464084876427e-33
9.306155021242232e-34
7.869619369566254e-35
4.435256286357649e-36
1.665962652225371e-37
4.170550173282236e-39
6.958297415300911e-41
7.737384394544001e-43
5.734121711415317e-45
2.832182199625876e-47
9.323028654315702e-50
2.0453818475916024e-52
2.9907032581223803e-55
2.9144311396550516e-58
1.8928483525700854e-61
8.193310103169671e-65
2.363657311505294e-68
4.544553068436064e-72
0.0
0.0
0.0
0.0
0.0
0.0
0.0
0.0
0.0
0.0
0.0
0.0
0.0
0.0
0.0
0.0
0.0
0.0
0.0
0.0
0.0
0.0
0.0
0.0
0.0
0.0
0.0
0.0
0.0
0.0
0.0
0.0
0.0
0.0
0.0
0.0
0.0
0.0
0.0
0.0
0.0
0.0
0.0
0.0
0.0
0.0
0.0
0.0
0.0
0.0
0.0
0.0
0.0
0.0
0.0
0.0
0.0
0.0
0.0
0.0
0.0
0.0
0.0
0.0
0.0
0.0
0.0
0.0
0.0
0.0
0.0
0.0
0.0
0.0
0.0032918863280629743
0.02326586420321184
0.10959105197592517
0.34404286127062844
0.7198326711226312
0.9398930027706074
1.0
0.7090928916334871
0.33511032712418604
0.10554897979003769
0.022156533621666415
0.0030997819193354084
0.00028902939476611503
1.796116218153298e-05
7.43889456810902e-07
2.0533544358641688e-08
3.7774696720500196e-10
4.6314779407661e-12
3.7845980542118475e-14
2.061111430401144e-16
7.481087425403034e-19
1.8097122928595636e-21
2.9176681265446703e-24
3.1350451070938843e-27
2.2450873603362722e-30
1.07152977639559e-33
3.4084489314666057e-37
7.225882362002379e-41
0.0
0.0
0.0
0.0
0.0
0.0
0.0
0.0
0.0
0.0
0.0
0.0
0.0
0.0
0.0
0.0
0.0
0.0
0.0
0.0
0.0
0.0
0.0
0.0
0.0
0.0
0.0
0.0
0.0
0.0
0.0
0.0
0.0
0.0
0.0
0.0
0.0
0.0
0.0
0.0
0.0
0.0
0.0
0.0
0.0
0.0
0.0
0.0
0.0
0.0
0.0
0.0
0.0
4.8378076152210646e-05
0.00019372783556781135
0.0011070276422198927
0.004216056791922701
0.010701286409018702
0.018102854930463215
0.020409844826250516
0.01533606295648002
0.007680148381981251
0.002563343968904566
0.0005701980286092091
8.453296148260491e-05
8.35233692267294e-06
5.500111248833232e-07
2.413884528052961e-08
7.060623543089774e-10
1.3764206198288787e-11
1.7883018746859722e-13
1.5485029668344383e-15
8.93644526963246e-18
3.43715491270027e-20
8.810792242882596e-23
1.5052629197780094e-25
1.7139230297434495e-28
1.3006241491927748e-31
6.577999872627285e-35
2.2172642575782238e-38
8.571708233165759e-41
0.0
0.0
0.0
0.0
0.0
0.0
0.0
0.0
0.0
0.0
0.0
0.0
0.0
0.0
0.0
0.0
0.0
0.0
0.0
0.0
0.0
0.0
0.0
0.0
0.0
0.0
0.0
0.0
0.0
0.0
0.0
1.846936327840825e-33
1.2958580497087128e-32
6.059607385909298e-32
1.8884830442870854e-31
3.9225026139377788e-31
5.429938886333637e-31
5.009659285292579e-31
3.0803707169839064e-31
1.2623486814319278e-31
3.447761561556273e-32
6.27590938554104e-33
7.613733187979012e-34
6.156022391648258e-35
3.3172963918759033e-36
1.1913789159229793e-37
2.851655719192471e-39
4.549103542730069e-41
4.836554659363178e-43
3.427109072501717e-45
1.009152199418118e-46
3.6362277584655964e-49
8.732267531758077e-52
1.3976052903864e-54
1.490814428258725e-57
1.0598494695004721e-60
5.021648781139092e-64
1.5857328764694613e-67
3.337300199765744e-71
0.0
0.0
0.0
0.0
0.0
0.0
0.0
0.0
0.0
0.0
0.0
0.0
0.0
0.0
0.0
0.0
0.0
0.0
0.0
0.0
0.0
0.0
0.0
0.0
0.0
0.0
0.0
0.0
0.0
0.0
0.0
0.0
0.0
0.0
0.0
0.0
0.0
0.0
0.0
0.0
0.0001586559455034937
0.0013343799024332205
0.007479700032485542
0.018838869333992554
0.05369849365488646
0.1020119197270552
0.12915799247004492
0.10898662396957254
0.06129240488901124
0.022973209441456408
0.005738762216741917
0.0009554244188502335
0.00010601223523267913
7.839659393389756e-06
3.8638472189735324e-07
1.2691829956983699e-08
2.778498024508231e-10
4.053941599417518e-12
3.942089061776075e-14
2.5548000966343117e-16
1.1034914286816939e-18
3.176600153736461e-21
6.094494523670564e-24
7.792824201957942e-27
6.642987194743737e-30
4.0661190625434834e-33
3.02796059096621e-35
1.8855641488551666e-36
2.441081681724402e-37
8.110909510534822e-39
1.7961324076131654e-40
2.6508715843099916e-42
2.6074775557915117e-44
1.7093618858164642e-46
7.468424613651436e-49
2.1747309499003533e-51
4.220497205524358e-54
5.458876223492691e-57
4.7057020468043325e-60
2.7035048416149846e-63
1.035169401566533e-66
2.641662000463093e-70
0.0
0.0
0.0
0.0
0.0
0.0
0.0
0.0
0.0
0.0
0.0
0.0
0.0
1.7861113510605222e-34
1.5009599461614287e-33
8.406422698637143e-33
3.1378696070502814e-32
7.82599026404818e-32
1.3104064503811576e-31
1.5178541937771206e-31
1.3707731502055819e-31
1.2833623500960401e-31
1.4020481570908405e-31
1.358820681531757e-31
9.50011804148637e-32
4.5041513640534313e-32
1.428352259638251e-32
3.0210423964843994e-33
4.259165191266672e-34
4.002089889683714e-35
2.5063020767655785e-36
1.046073211511922e-37
2.9098620853262277e-39
5.394662775002801e-41
6.665577011019459e-43
5.488993901034764e-45
3.0125155296964615e-47
1.1019132081837453e-49
2.0879830967645065e-51
3.8837176901589106e-54
4.814485423591057e-57
3.977714855410529e-60
1.7144603221386877e-34
1.540344789779276e-33
9.223377782097336e-33
3.6808116852027544e-32
9.789911116006161e-32
1.7353834318178951e-31
2.050188027342153e-31
1.6142600072110786e-31
8.471002891110362e-32
2.962632077071059e-32
6.905611782676427e-33
1.0727737715459025e-33
1.1106972130836522e-34
7.664163582585741e-36
3.524645127576396e-37
1.080307962944464e-38
2.2067915146168868e-40
3.004391894620377e-42
2.7260474196014404e-44
1.648510731912847e-46
6.644031757060046e-49
1.3430510074331373e-50
2.7525486782251567e-53
3.7597507744698877e-56
3.4226670585473335e-59
2.0765949844248607e-62
8.396929263215475e-66
2.262928003179386e-69
0.0
0.0
0.0
0.0
0.0
0.0
0.0
0.0
0.0
0.0006568894353363476
0.004460982667491839
0.020190651962548847
0.06090482472338015
0.12244318018363574
0.16405861930725588
0.14650250541585297
0.08719118891363645
0.03458451546941908
0.00914265516490908
0.003005847634721175
0.0004040733303166837
3.620219969799961e-05
2.161679383188407e-06
8.602588507876051e-08
2.281647590597408e-09
4.033197898104748e-11
4.751514356236915e-13
3.7307496555899135e-15
1.952278257341977e-17
6.808773319425144e-20
1.5826233975269272e-22
2.4517028764858913e-25
2.531276803690956e-28
1.7417787598941787e-31
7.987813002953133e-35
2.4414303363190373e-38
4.9732733703705713e-42
0.0
0.0
0.0
0.0
0.0
0.0
0.0
0.0
0.0
0.0
0.0
0.0
0.0
0.0
0.0
0.0
0.0
0.0
0.0
0.0
0.0
0.0
0.0
0.0
0.0
0.0
0.0
0.0
0.0
0.0
0.0
0.0
0.0
0.0
0.0
0.0
0.0
0.0
0.0
0.0
0.0
0.0
0.0
0.0
0.0
0.0
2.7695017600465194e-35
2.0313611836584765e-34
9.930113252511195e-34
3.235212426108738e-33
7.024783604787948e-33
1.0165872237488875e-32
9.804780876187395e-33
6.302497547122624e-33
2.700032716879304e-33
7.709157457757083e-34
1.4669872990683765e-34
1.86048999837892e-35
1.195151554312321e-35
1.010648839936665e-34
7.96738782672819e-34
4.408040168913774e-33
1.6903741805375033e-32
4.446497883496909e-32
7.952737842907723e-32
9.606750533573129e-32
7.801189494490728e-32
4.2452894650073305e-32
1.5450130499575934e-32
3.755544018515232e-33
6.0922212049344595e-34
6.592038583720879e-35
4.7562849413840305e-36
2.287889316097969e-37
7.336156487564156e-39
1.567964046778474e-40
2.2336621624051173e-42
2.1208031795058198e-44
1.3420759524663448e-46
5.6603457541062215e-49
1.5910911304223253e-51
2.980791399939267e-54
3.721786388744768e-57
3.0970908740237316e-60
1.717665842528217e-63
9.254712609083541e-66
2.6100574513566886e-69
0.0
0.0
0.0
0.0
0.0
0.0
0.0
9.250776170101906e-05
0.0008369094018249692
0.005046151308783433
0.02027793090140613
0.05430859371329883
0.09693821616541203
0.11531957638453831
0.09143081715928723
0.04831296734756957
0.017014389539662486
0.003993471405496729
0.0006246925616632545
6.512738468376285e-05
4.5252490994221e-06
2.0955734661600607e-07
6.46762512142946e-09
1.3303574188662523e-10
7.97171065610658e-12
8.338301681294337e-14
5.81279797242616e-16
2.7006879228482116e-18
8.362673165857691e-21
1.7258275339775386e-23
2.3737294137850404e-26
2.1759383042844303e-29
1.3293627082272962e-32
5.41279967100345e-36
1.4688652774896956e-39
5.326835860705367e-57
4.2569998140902944e-60
2.267588335246257e-63
8.050710961510882e-67
1.9048268725959643e-70
0.0
0.0
0.0
0.0
0.0
0.0
0.0
0.0
0.0
0.0
0.0
0.0
0.0
0.0
0.0
0.0
0.0
0.0
0.0
0.0
0.0
0.0
0.0
0.0
0.0
0.0
2.115160263759579e-35
1.7128428740253033e-34
9.244284857522887e-34
3.325145564348362e-33
7.971307317996856e-33
1.2735910302852697e-32
1.3561632730053264e-32
9.624440991154633e-33
4.552192276595693e-33
2.2057257506451698e-33
5.305168437387933e-34
8.504100601613381e-35
9.0852974243921e-36
6.348362986952031e-34
4.840622672726733e-33
2.4624052844340337e-32
8.348378031650062e-32
1.886367232231317e-31
2.8407428956395464e-31
2.8511440691664224e-31
1.9071635803392301e-31
8.502336217850898e-32
2.52621408954833e-32
5.002459478908488e-33
6.60204612277206e-34
5.8070434670794e-35
3.404184953720367e-36
1.3300034484222577e-37
3.463170986092856e-39
6.010030139304781e-41
6.9512180777280285e-43
5.3582963036498396e-45
2.752796362359039e-47
9.425469534888941e-50
2.150866475743591e-52
2.9756918006213806e-54
3.453035037649935e-57
2.67051837232959e-60
1.3764856979530057e-63
4.728565232696866e-67
1.082601474531172e-70
0.0
0.0
0.0
0.0
0.0
0.0
0.0
0.0
0.0
0.0
0.0
0.0
0.0
0.0
0.0
0.0
0.0
0.0
0.0
0.0
0.0
0.0
0.0
0.0
0.0
0.0
0.0
0.0
0.0
0.0
0.0
0.0
0.0
0.0
0.0
0.0
0.0
0.0
0.0
0.00023571486737480323
0.0015047880074779152
0.00640243554683445
0.018155016879721705
0.034310705419388854
0.043215962044837936
0.040230435853642874
0.025767474581883724
0.010999438684080307
0.003129325492781746
0.0005933521238854006
7.498179150484977e-05
6.315106399877801e-06
3.54476198769798e-07
1.3260962160172688e-08
3.306317379193615e-10
5.494087758344645e-12
6.08454619531649e-14
4.49099262008745e-16
2.2092152795873164e-18
7.242946600618405e-21
1.5826106231896836e-23
2.304700085962104e-26
2.236847145298013e-29
1.4469040939558513e-32
6.237703558899237e-36
1.792219778008895e-39
3.4319373250434153e-43
0.0
0.0
0.0
0.0
0.0
0.0
0.0
0.0
0.00020117241046916195
0.0016164548959651148
0.008656459678167172
0.030895738319244446
0.07349171698224286
0.11650907597397538
0.12310130874029328
0.08668563412872357
0.04068301577636795
0.012725085114030126
0.002652710160493124
0.00036855342712267824
3.4126571180185036e-05
2.106038978676527e-06
8.662070270391175e-08
2.3744255043527404e-09
4.3378740945562016e-11
5.281738372267067e-13
4.286061272955266e-15
8.97577391986841e-05
0.000838192075923103
0.0052167106000548975
0.01408855334303962
0.04458842939923665
0.09405015101438936
0.1322142810589763
0.1238736077974945
0.0773500775526212
0.03219024399782266
0.00892831145772293
0.0016504255695541008
0.0002033312371607435
1.6695283993963117e-05
9.1361888281866e-07
3.3320988087385445e-08
8.099388363563283e-10
1.3121035919985437e-11
1.4166598096773362e-13
1.0193998615274934e-15
4.888832023161424e-18
1.5625978012131788e-20
3.328670831954323e-23
4.7258076417079193e-26
4.471598256919506e-29
2.819882837649773e-32
1.1851706793899828e-35
3.319802756601687e-39
2.7646859421813327e-61
1.4268809918942193e-64
4.908075661729461e-68
1.125165205952369e-71
0.0
0.0
0.0
0.0
0.0
0.0
0.0
0.0
0.0
0.0
7.665848396888469e-35
7.212775486077373e-34
4.5229954409366424e-33
1.8903030460538294e-32
5.265241146351946e-32
9.774322112197756e-32
1.2093070252014077e-31
9.971673561501942e-32
5.480006553667145e-32
2.007130688227841e-32
4.899500120377012e-33
7.970938206888749e-34
1.8960454733524314e-34
1.5685883997428036e-35
8.648699288061438e-37
3.178148189767107e-38
7.783573630351903e-40
1.2704731197637784e-41
1.3820809210074147e-43
1.0020352761393697e-45
4.841880852375366e-48
1.5592894257728784e-50
3.3467318551160136e-53
4.787366201307559e-56
4.564087159272607e-59
2.8999650089017034e-62
1.228041756554956e-65
3.465892265012493e-69
0.0
0.0
0.0
0.0
0.0
0.0
0.0
0.0
0.0
0.0
0.0
0.0
0.0
0.0
0.0
0.0
0.0
0.0
0.0
0.0
0.0
0.0
0.0
0.0
0.0
0.0
0.0
0.0
0.0
0.0
0.0
0.0
0.0
0.0
0.0
0.0
0.0
0.0
0.0
0.0
0.0
0.0
0.0
0.0
0.0
0.0
0.0
0.0
0.0
0.0
0.0
0.0
0.0
0.0
0.0
0.0
0.0
0.0
0.0
0.0
0.0
0.0
0.0
0.0
0.0
0.0
0.0
1.0958986221530819e-34
1.0310164857756895e-33
6.46461084643639e-33
2.7014734997324707e-32
7.523857905883202e-32
1.3965677419288238e-31
1.7276866447799605e-31
1.4244574927385435e-31
7.827364532043475e-32
2.8665741108892904e-32
6.996685239499775e-33
1.1381592893305865e-33
1.2339435895853628e-34
8.91598056501647e-36
4.29362853265144e-37
1.3780385651435946e-38
2.947676528397086e-40
4.2022300400062996e-42
3.992651193598333e-44
2.5282759128093724e-46
7.72745346767285e-35
5.834235668472239e-34
2.9357095508677916e-33
1.0096251727197747e-32
2.3879010390028632e-32
4.2103751575509786e-32
6.346370509679385e-32
8.986770724551581e-32
1.1014560811924284e-31
1.0159242128151946e-31
6.518572973836685e-32
2.8255672407123296e-32
8.196532666603161e-33
1.586626891651924e-33
2.0476818560456523e-34
1.7614895545793443e-35
1.0099356309082134e-36
3.859163705962286e-38
9.828235528883197e-40
1.668168231863552e-41
1.8870604028219335e-43
1.4227000280688305e-45
7.14862370758085e-48
2.3939390300571978e-50
5.343001336779427e-53
7.947655406385208e-56
8.266259843033111e-58
6.252668140562076e-61
3.15212370992525e-64
1.0590651480868822e-67
2.371502830514785e-71
0.0
0.0
0.0
0.0
0.0
0.0
0.0
0.0
0.0
0.0
0.0
0.0
0.0
8.918302796800069e-35
6.782051907142245e-34
3.4373325715655566e-33
1.1610837464178753e-32
2.6138886679964096e-32
3.92186079544779e-32
3.9217401216855154e-32
3.130190453396689e-32
1.5916954677535254e-32
5.3942459592990885e-33
1.2183808333243488e-33
1.8340742775080976e-34
1.8400614630195974e-35
1.2303517402850057e-36
5.482868047016571e-38
1.6284253274940775e-39
3.2233647413776365e-41
4.252385238295677e-43
3.738843620081574e-45
2.190905007622212e-47
8.556405207295413e-50
2.2271049689717185e-52
3.8634169300223016e-55
4.466671550846123e-58
3.4417395831281995e-61
1.767476071519756e-64
6.049376674510868e-68
1.3799052281466056e-71
0.0
0.0
0.0
0.0
0.0
0.0
0.0
0.0
0.0
0.0
0.0
0.0
0.0
0.0
0.0
2.3729550239096037e-35
1.6623194170309916e-34
7.761059212675752e-34
2.4149551201929648e-33
5.0081655867921484e-33
6.921972082169291e-33
6.376209165303564e-33
3.914504667955836e-33
1.601668459949247e-33
1.4422860565719898e-05
0.0001336807681126955
0.0008257869356098203
0.003399762909456365
0.009328478253562476
0.01705903748655697
0.020791211284755806
0.018934950064295134
0.011735240995721829
0.004847316858358431
0.0013344194224811019
0.0002448301212559487
2.9937731498411738e-05
2.439801413454677e-06
1.3251700634931905e-07
4.797006448020679e-09
1.1573122133621795e-10
1.860854078510437e-12
1.9941400190618565e-14
1.424231306236203e-16
6.779332809183652e-19
2.1506757080402715e-21
4.5472041542549675e-24
6.4076019436934194e-27
6.017666897336447e-30
3.7665376407673006e-33
1.5712237239058408e-36
4.3683285207406235e-40
0.0
0.0
0.00022640981682269643
0.0015220591054644177
0.004327361933784441
0.014793197823389042
0.033704078499343905
0.05117812827605953
0.05179262079035357
0.03493276198685301
0.015702887174475523
0.004704436858319637
0.0009393281244442831
0.00012499958057351555
1.1086164894955231e-05
6.552931986103962e-07
2.5814964666426738e-08
6.777803249931702e-10
1.1860088471172346e-11
1.3831473462978238e-13
1.0750545835949263e-15
5.5689604129924534e-18
1.9226458480685634e-20
4.423907180817042e-23
6.784131640237931e-26
6.933684475164009e-29
4.722972656008902e-32
2.1441162873789206e-35
6.487282175473577e-39
1.3081537477659514e-42
2.2284791759548126e-61
1.062037073676046e-64
3.373480976865836e-68
7.140610796801478e-72
0.0
0.0
0.0
0.0
0.0
0.0
0.0
0.0
0.0
0.0
0.0
0.0
0.0
0.0
0.0
0.0
8.909382375544817e-35
6.431150251922265e-34
3.093935545811e-33
9.920085518231243e-33
2.119830411511898e-32
3.0190365355518933e-32
3.050334001943174e-32
2.2091094149482007e-32
1.0662734745719455e-32
3.430058544086966e-33
7.353871010768833e-34
1.0507805646656237e-34
1.0006670582287422e-35
6.351096667429977e-37
2.6865157503910736e-38
6.088815948457196e-06
5.0063364179876175e-05
0.00027433976484157215
0.0010019338332588061
0.002438770147881391
0.003956254731649347
0.004277393167736069
0.0030821632951518268
0.0014801770465478132
0.00047375437589450357
0.00010105884998194875
1.4367361437103249e-05
1.361323153593473e-06
8.596605415796057e-08
3.618047824617261e-09
1.0148530506463384e-10
1.897201974913948e-12
1.066648595511772e-13
1.0139915892696614e-15
6.424345478330586e-18
2.7127200100071054e-20
7.634183633655842e-23
1.4318640386977213e-25
1.7898742070169005e-28
1.4911618552350308e-31
8.279585776807024e-35
3.0638957355327703e-38
7.556503758440022e-42
0.0
0.0
0.0
0.0
0.0
0.0
0.0
0.0
0.0
0.0
0.0
0.0
0.0
0.0
0.0
0.0
0.0
0.0
0.0
0.0
0.0
0.0
0.0
3.7115347922354616e-05
0.0003055397681984164
0.0016763453796758833
0.006129722401588313
0.014938247832353977
0.02426275215207483
0.026264069054372615
0.018948093081395737
0.009110675021999175
0.002919558286006606
0.0006235413981033336
8.875544036027126e-05
8.419886203499732e-06
5.32352145875023e-07
2.2432276233304532e-08
6.299835765571749e-10
1.1791434946442472e-11
6.634769005661657e-13
6.314890424684531e-15
4.005782632181e-17
1.6935206148154012e-19
4.771722113128412e-22
8.960687851169706e-25
1.1214737216752285e-27
9.354453117601254e-31
5.20031022170045e-34
1.926733504319438e-37
4.757684020880554e-41
2.5936069028600153e-53
3.804432720971871e-56
3.7192657548797838e-59
3.4826914947124644e-05
0.00024956081906014226
0.0011918438162331685
0.003793532777873635
0.008047294266201802
0.011377254480848099
0.010720291886106693
0.006732204447288198
0.002817666124821896
0.0007859651926939842
0.00014611629247900476
1.810404093383709e-05
3.59137676800147e-06
2.2627700832553976e-07
9.501702655950168e-09
2.659157072279089e-10
4.959844890449005e-12
6.165577299145076e-14
5.10811830599716e-16
1.3221869137388962e-05
0.0001161955816842262
0.0006805623548814921
0.0026566098519504623
0.006911450205018097
0.01198373332618887
0.013848305541701453
0.010665536004006364
0.005474573405911246
0.0018728346200459411
0.0004270022097482758
6.488470947027635e-05
6.571070919233123e-06
4.435182475843459e-07
1.9951170453222305e-08
5.981454640152719e-10
1.1951620552617689e-11
1.5915794661106547e-13
7.137238478276036e-15
4.8331950217515515e-17
2.1813230017977346e-19
6.56125907790017e-22
1.3153336856246163e-24
1.7573822943744546e-27
1.5648694019008527e-30
9.286915612292804e-34
3.673215835062698e-37
9.682844215814124e-41
0.0
0.0
0.0
0.0
0.0
9.714265622694168e-06
8.591835392235959e-05
0.000506458039646598
0.0019896768159211125
0.005209585349597232
0.009090867413276216
0.010572776172911759
0.008195100820391184
0.004233515085647221
0.0014575701667600108
0.00033445629760615674
0.00010005685380229693
1.1675065621666195e-05
9.07932089727037e-07
4.7057510720761305e-08
1.625496661731717e-09
3.742180765394345e-11
5.741759407596324e-13
5.871468932898467e-15
4.001566993019425e-17
1.817585984337937e-19
5.502263521556515e-22
1.1101185397843905e-24
1.4927217929538921e-27
1.3377345354247876e-30
7.989922247575657e-34
3.1805096326128108e-37
8.437862141816152e-41
0.0
0.0
0.0
0.0
0.0
0.0
0.0
0.0
0.0
0.0
0.0
0.0
0.0
0.0
0.0
0.0
4.887365146635656e-05
0.000394020133433402
0.0021171108031362395
0.007581415712035462
0.018094166481726848
0.02878116710076362
0.030511233690253062
0.02155721651650538
0.010150960723109193
0.0031856874103596343
0.0006663167323106236
9.288376852230215e-05
8.629397685454966e-06
5.343215477922871e-07
2.2049890712872478e-08
6.064454503739656e-10
1.1116257323561093e-11
1.358022572915483e-13
5.749632858721377e-15
3.5718325567949047e-17
1.47884826910535e-19
4.0807284095626567e-22
7.504700903162892e-25
9.199387153555814e-28
8.057319983783803e-31
1.9597610648462655e-32
4.516437858424336e-33
7.084405438273725e-34
7.406389605510908e-35
5.1604939149829723e-36
2.396390199742046e-37
7.416608380925466e-39
1.5298001828561677e-40
2.103030724490744e-42
1.9268063766510574e-44
1.1765545844565825e-46
7.763645948376526e-36
5.962781277414908e-35
3.0522041941333243e-34
1.0412615664321245e-33
2.36748720551625e-33
3.5875419729255486e-33
3.623163138543659e-33
2.4387109924196735e-33
1.4950056260426996e-33
5.1170287129533935e-34
1.1672783458423772e-34
1.7746493416067806e-35
1.7981761112272458e-36
1.214320826147003e-37
5.465327750289004e-39
1.6393833777439504e-40
3.2773769241902557e-42
4.366704502640677e-44
3.8775978380114735e-46
2.294844555711553e-48
1.628329492561072e-34
1.1230160976436053e-33
5.1852695688469374e-33
1.6019621230585791e-32
3.350235393131082e-32
4.871156385082377e-32
5.235417835545793e-32
4.5912621826996856e-32
3.5086899430291117e-32
2.227837531196286e-32
1.062767714108707e-32
3.5535576450338936e-33
8.069291103585935e-34
1.2294020997305074e-34
2.80318906132763e-35
2.178226437500267e-36
1.1285206290513806e-37
3.897247087257857e-39
8.970339101865487e-41
1.3760955191256913e-42
1.4069295817808414e-44
9.586908007388065e-47
4.353781290038733e-49
1.3177599677448208e-51
2.6581996447204505e-54
3.0998455844971416e-35
2.0884245837565215e-34
9.377327447067427e-34
2.8062148219642906e-33
5.5968580866363664e-33
7.439593807496988e-33
6.59076310080142e-33
1.0551716199535124e-05
9.790967705230082e-05
0.0006054937748963187
0.0024956018282406493
0.006855236716752606
0.012550214972511882
0.015313040180511618
0.012452404721610631
0.008659283487544822
0.003580769317161495
0.0009868525720462538
0.00018126324871313104
2.2189565060574385e-05
1.8103784366632357e-06
9.843997500190277e-08
3.5674276129732704e-09
8.616291684599293e-11
1.3869703076547074e-12
1.4879744813509906e-14
1.0639111263003668e-16
5.069869335321683e-19
1.6101625836452616e-21
3.4081934902238595e-24
4.8079539891037855e-27
4.5204108790636624e-30
2.832546630750015e-33
1.1829265328661943e-36
3.2924563515911476e-40
6.761378078006069e-53
1.011079119058311e-55
1.007666010704449e-58
6.693135640014853e-62
2.9629491012429317e-65
1.3736879680208065e-67
3.0923257680630024e-71
0.0
0.0
0.0
0.0
0.0
0.0
0.0
0.0
0.0
0.0
0.0
0.0
0.0
0.0
0.0
0.0
0.0
0.0
0.0
4.0329242882540664e-35
3.406100220056846e-34
1.9172393059338718e-33
7.192448714747989e-33
1.7982860359174248e-32
2.6441187998219597e-32
3.361750997271134e-32
2.8486013050747826e-32
1.6087158607183234e-32
6.0549221906247345e-33
1.5188655705227836e-33
2.539286226406849e-34
2.829342508037831e-35
2.1010720240784404e-36
1.0398672582045134e-37
3.430018133653165e-39
7.540436314356126e-41
1.1047858030157103e-42
1.0788007540807361e-44
7.020789404889584e-47
3.0451746035409515e-49
8.802783086876227e-52
1.6959355727530782e-54
2.1776107274096418e-57
1.8635141426042602e-60
1.06283705415438e-63
4.0400080375575924e-67
1.0234799033837565e-70
9.217099759130896e-06
7.449585221124077e-05
0.000401283632020108
0.0009842344022956662
0.002696003640092389
0.0049217999288408915
0.0059883749536770135
0.0048559651700721095
0.0026243616879827025
0.0009452645331100619
0.00022691572109951485
3.6304240546764734e-05
3.871075795453363e-06
2.7509806890080054e-07
1.3029416196859366e-08
4.11285993994658e-10
8.65255625811536e-12
1.2131834898939008e-13
1.133678993045408e-15
7.060496715708599e-18
2.930636535852483e-20
8.107187401195651e-23
1.4947205749926021e-25
1.8366709691861737e-28
1.5041261387491243e-31
8.2095377402294e-35
2.9863086834914564e-38
7.239894516426086e-42
0.0
0.0
0.0
0.0
0.0
0.0
0.0
0.0
0.0
0.0
0.0
0.0
0.0
0.0
0.0
0.0
0.0
0.0
0.0
0.0
0.0
8.938984170296481e-35
5.957420464708361e-34
2.6467261010475646e-33
7.874813869944702e-33
1.5768065607320705e-32
2.0190903429958465e-32
1.996232369086009e-05
0.00015074138871813204
0.000758639547682186
0.002544602757595526
0.005688346675617826
0.008474882151988843
0.008415168709536234
0.005568952772635694
0.002456211671358959
0.0007220039851813058
0.00014144739282907496
1.8468509506698452e-05
1.6071273645237668e-06
9.32073783345705e-08
3.6027310092784948e-09
9.281003378123047e-11
1.5934541517186586e-12
1.8233320318026258e-14
1.390508023974766e-16
7.067450659825097e-19
2.394052220761016e-21
5.404879321377611e-24
8.132422477701842e-27
8.155214918731894e-30
5.4504509738372985e-33
3.325558936336923e-35
1.1302232996464491e-38
2.5600321029472607e-42
0.0
0.0
0.0
0.0
0.0
0.0
0.0
0.0
0.0
0.0
0.0
0.0
0.0
0.0
0.0
0.0
0.0
0.0
0.0
0.0
0.0
0.0
0.0
0.0
1.044533276748623e-34
8.94014483411304e-34
5.099744016883941e-33
1.938803289038054e-32
4.912478545590954e-32
8.295625420475562e-32
9.336393530581416e-32
7.003106201849966e-32
3.500933198888949e-32
1.1664294708063399e-32
2.5900890267209287e-33
3.833120287852174e-34
3.7806959541052724e-35
2.485264435913414e-36
1.0888172830154531e-37
3.1792080896848803e-39
6.186776853015121e-41
8.024010666802983e-43
6.935856367255236e-45
3.995675701305265e-47
1.534129151614948e-49
3.925682397281791e-52
1.4040805104594083e-05
0.0001161101458920685
0.0003789859739559986
0.0015936901089463177
0.004466487937082002
0.008342764831802815
0.010385690740669322
0.008616726710125922
0.004764647761982899
0.0017559042459303275
0.0004312731354987851
7.059688386066226e-05
7.701941319189884e-06
5.600108318180456e-07
2.713777249589612e-08
8.76462855780338e-10
8.971726014866665e-06
5.943200930276494e-05
0.00026239000137252795
0.0007720682628864674
0.0015140689991416346
0.001978869625124963
0.0017237339901274517
0.0010007022054321277
0.00038718722224910106
9.984325344741537e-05
1.715923730004304e-05
1.965435447244294e-06
3.699986850657633e-07
2.1550808366949582e-08
8.365819648682476e-10
2.164387308344035e-11
3.7320117950725873e-13
4.2887683070866365e-15
3.284760505723157e-17
1.676703936412693e-19
5.704145642725445e-22
1.2933211379842252e-24
1.9543560785145726e-27
1.968260424462417e-30
1.3211221524249891e-33
5.909965389982649e-37
1.7620103231610958e-40
3.50117249184143e-44
0.0
0.0
0.0
0.0
0.0
0.0
0.0
0.0
0.0
0.0
0.0
0.0
0.0
0.0
0.0
0.0
0.0
0.0
0.0
0.0
0.0
0.0
0.0
0.0
0.0
0.0
0.0
0.0
0.0
0.0
0.0
0.0
0.0
0.0
0.0
0.0
0.0
0.0
0.0
0.0
0.0
0.0
0.0
0.0
0.0
5.671446706263993e-06
4.679899656943032e-05
0.0002573716906756255
0.0009433363241457103
0.0023043788906112026
0.0037516539010108976
0.004070738397437923
0.0029437787688416112
0.0014187918725425265
0.00045573644828400653
9.756417645738877e-05
1.392029858441846e-05
1.3236960313907639e-06
8.388987184949199e-08
3.5433360545362277e-09
9.97462790985596e-11
7.367505538950234e-12
1.0546477049181103e-13
1.0061805106766782e-15
6.397730447380193e-18
2.711174828115205e-20
7.657211756430795e-23
1.4413366094207707e-25
1.8083144934141936e-28
1.5582920181372567e-31
1.1515135932711568e-33
1.6337946436964886e-34
1.6662347097863372e-35
1.1327633910693571e-36
5.132441202430328e-38
1.5498522880437412e-39
3.119163807669433e-41
4.1837681111938195e-43
3.7400600563991407e-45
9.864284663390572e-36
6.462906892417126e-35
2.9895608750431864e-34
9.529801973041513e-34
2.283127826119919e-33
4.469881595182827e-33
7.386001148802005e-33
9.725582244608416e-33
9.875644884772575e-33
7.615413994953917e-33
4.6624070680147284e-33
5.15793008306473e-33
1.28686275493637e-32
2.768408178299795e-32
4.055426699832056e-32
3.965448253363511e-32
2.5845016215302936e-32
1.1226547526774585e-32
3.250105165041977e-33
6.270904303924132e-34
1.0459904011585991e-34
2.335709401072203e-34
1.4294248856585491e-33
6.00469047514014e-33
1.6815866352848663e-32
3.1385603498607867e-32
3.9041210841507844e-32
3.236664031354297e-32
1.7883540919236953e-32
6.58553333011519e-33
1.616255216747007e-33
2.6436896780318914e-34
2.8819905956237037e-35
5.249462150093718e-36
2.9100434461928198e-37
1.0751416475541006e-38
2.647362702482383e-40
4.3445295429979106e-42
4.751750310724158e-44
3.4637458382028163e-46
1.6827514379625872e-48
6.73661241872185e-08
6.231361657500257e-07
3.8415447975184445e-06
1.5783757306209802e-05
4.322116165157615e-05
7.887947730380782e-05
9.594297062832878e-05
7.777568529024146e-05
6.532430923036762e-05
0.00017817295437145064
0.0007638652111351397
0.002363099987195686
0.004893170386682083
0.006754234960849153
0.006213674249223827
0.0038098037204225173
0.0015568195716737768
0.0004239899014567903
0.00014218960885898618
1.9691902187815694e-05
1.8175611386676509e-06
1.1180775703298492e-07
4.5839132508386846e-09
1.2525134357948987e-10
2.2809194290835875e-12
2.768337553248171e-14
2.239286654187989e-16
1.2072073964448695e-18
4.3374614877888316e-21
1.0386540622069709e-23
1.6576306350439955e-26
1.7631373805248432e-29
1.249873585516106e-32
5.9051043283941884e-36
1.8593905016617794e-39
3.902071199392866e-43
0.0
0.0
0.0
0.0
0.0
0.0
0.0
0.0
0.0
0.0
0.0
0.0
0.0
7.031065389446097e-36
6.581480177790874e-35
4.105892424040168e-34
1.7071555864468175e-33
4.730643149967173e-33
8.736728145329461e-33
1.0753726922730235e-32
8.821668497725791e-33
4.8230749601188284e-33
8.4240661529429e-08
5.634932763764467e-07
2.5121019251571413e-06
7.463925956316089e-06
1.4780153238680831e-05
1.9506174241945846e-05
1.7157215651093417e-05
1.0057801701986287e-05
3.929532417854212e-06
1.023199292640435e-06
1.77566540992551e-07
2.053731131130297e-08
3.8913421138181255e-09
2.2886766888634848e-10
8.971210071527057e-12
2.3436845368878186e-13
4.080645156643161e-15
4.735218850982936e-17
3.6621221729167596e-19
1.887587748665927e-21
6.484298801187113e-24
1.4845691806260323e-26
2.2652684154215966e-29
2.3037685362627082e-32
1.5661734196614216e-35
8.593394436005118e-39
3.4957042715779683e-41
4.668195256947747e-43
4.4153597371265035e-45
2.785872566446199e-47
1.1714882811152355e-49
3.2831913775546866e-52
6.132477969874689e-55
7.634091186259485e-58
6.33374008875057e-61
3.502230133907523e-64
1.2906564955059585e-67
5.2952791400542584e-70
0.0
0.0
0.0
0.0
0.0
0.0
0.0
0.0
0.0
0.0
0.0
0.0
0.0
0.0
0.0
0.0
0.0
0.0
0.0
0.0
0.0
0.0
0.0
0.0
0.0
0.0
0.0
0.0
0.0
0.0
0.0
0.0
0.0
0.0
0.0
0.0
0.0
0.0
0.0
0.0
0.0
0.0
0.0
0.0
0.0
0.0
0.0
0.0
0.0
0.0
0.0
0.0
0.0
0.0
0.0
0.0
0.0
0.0
0.0
0.0
0.0
0.0
0.0
0.0
0.0
0.0
0.0
0.0
0.0
0.0
0.0
0.0
0.0
0.0
0.0
0.0
0.0
0.0
0.0
0.0
0.0
0.0
0.0
0.0
0.0
0.0
0.0
0.0
0.0
0.0
0.0
0.0
0.0
0.0
0.0
0.0
0.0
0.0
0.0
0.0
0.0
0.0
0.0
0.0
0.0
0.0
0.0
0.0
0.0
0.0
0.0
0.0
0.0
0.0
0.0
0.0
0.0
0.0
0.0
0.0
0.0
0.0
0.0
0.0
0.0
0.0
0.0
0.0
0.0
0.0
0.0
0.0
0.0
0.0
0.0
0.0
0.0
0.0
0.0
0.0
0.0
0.0
0.0
0.0
0.0
0.0
0.0
0.0
0.0
0.0
0.0
0.0
0.0
0.0
0.0
0.0
0.0
0.0
0.0
0.0
0.0
0.0
0.0
0.0
0.0
0.0
0.0
0.0
0.0
0.0
0.0
0.0
0.0
0.0
0.0
0.0
0.0
0.0
0.0
0.0
0.0
0.0
0.0
0.0
0.0
0.0
0.0
0.0
0.0
0.0
0.0
0.0
0.0
0.0
0.0
0.0
0.0
0.0
0.0
0.0
0.0
0.0
0.0
0.0
0.0
0.0
0.0
0.0
0.0
0.0
0.0
0.0
0.0
0.0
0.0
0.0
0.0
0.0
0.0
0.0
0.0
0.0
0.0
0.0
0.0
0.0
0.0
0.0
0.0
0.0
0.0
0.0
0.0
0.0
0.0
0.0
0.0
0.0
0.0
0.0
0.0
0.0
0.0
0.0
0.0
0.0
0.0
0.0
0.0
0.0
0.0
0.0
0.0
0.0
0.0
0.0
0.0
0.0
0.0
0.0
0.0
0.0
0.0
0.0
0.0
0.0
0.0
0.0
0.0
0.0
0.0
0.0
0.0
0.0
0.0
0.0
0.0
0.0
0.0
0.0
0.0
0.0
0.0
0.0
0.0
0.0
0.0
0.0
0.0
0.0
0.0
0.0
0.0
0.0
0.0
0.0
0.0
0.0
0.0
0.0
0.0
0.0
0.0
0.0
0.0
0.0
0.0
0.0
0.0
0.0
0.0
0.0
0.0
0.0
0.0
0.0
0.0
0.0
0.0
0.0
