a = 5.0282189046354215 b = 5.0282189046354215 c = 16.60208090293312 ,Gaussian ,LMH = 0.08 ,DW = [1.7 1.7 1.7]
0.0
0.0
0.0
0.0
0.0
0.0
0.0
0.0
0.0
0.0
0.0
0.0
0.0
0.0
0.0
0.0
0.0
0.0
0.0
0.0
0.0
0.0
0.0
0.0
0.0
0.0
0.0
0.0
0.0
0.0
0.0
0.0
0.0
0.0
0.0
0.0
0.0
0.0
0.0
1.9522938707462763e-33
1.6510323882244832e-32
9.305667765821597e-32
3.495594453631115e-31
8.751370854886536e-31
1.4602011396482691e-30
1.623793602722861e-30
1.2034568334938458e-30
5.944451070604957e-31
1.9569266348383718e-31
4.2935732847408357e-32
6.278339031845898e-33
6.118601884903555e-34
3.9741218287723464e-35
1.72032977094772e-36
4.963222920659851e-38
9.543274296416228e-40
1.2229609213672592e-41
1.044502060491781e-43
5.9454888711339304e-46
2.2555236655777e-48
5.702808050998698e-51
9.609740674654346e-54
1.079235271127207e-56
8.077968229303993e-60
4.029672015861867e-63
2.02309184072988e-65
5.13198924398067e-69
0.0
0.0
0.0
0.0
0.0
0.0
0.0
0.0
0.0
0.0
0.0
0.0
0.0
0.0
0.0
0.0
0.0
0.0
0.0
0.0
0.0
0.0
0.0
0.0
0.0
0.0
0.0
0.0
0.0
0.0
0.0
0.0
0.0
0.0
0.0
0.0
0.0
0.0
0.0
0.0
0.0
0.0
0.0
0.0
0.0
0.0
0.0
0.0
0.0
0.0
0.0
0.0
0.0
0.0
0.0
0.0
0.0
0.0
0.0
0.0
0.0
0.0
0.0
0.0
0.0
0.0
0.0
0.0
0.0
0.0
0.0
0.0
0.0
0.0
0.0
0.0
0.0
0.0
0.0
0.0
0.0
0.0
0.0
0.0
0.0
0.0
0.0
0.0
0.0
0.0
0.0
0.0
0.0
0.0
0.0
0.0
0.0
0.0
0.0
0.0
0.0
0.0
0.0
0.0
0.0
0.0
0.0
0.0
0.0
0.0
0.0
0.0
0.0
0.0
0.0
0.0
0.0
0.0
0.0
0.0
0.0
0.0
0.0
0.0
0.0
0.0
0.0
0.0
0.0
0.0
0.0
0.0
0.0
0.0
0.0
0.0
0.0
0.0
0.0
0.0
0.0
0.0
0.0
0.0
0.0
0.0
0.0
0.0
0.0
0.0
0.0
0.0
8.95838642852436e-34
8.03834887436184e-33
4.8071254768451526e-32
1.9159563636226652e-31
5.089408575303651e-31
9.010119872328425e-31
1.0631030616075107e-30
8.359912213226455e-31
4.38136680227632e-31
1.5303792118330703e-31
3.562624501779194e-32
5.5274215992622936e-33
5.715532259462638e-34
3.9388760779440305e-35
1.809128865237642e-36
5.537939878569404e-38
1.1298180751411874e-39
1.53620915310719e-41
1.3921105559318177e-43
8.407727993597891e-46
3.3842709615801877e-48
9.078898280016535e-51
1.623239944524846e-53
1.9342554996766322e-56
1.5361248247391335e-59
8.130564944773865e-63
4.246368963610461e-65
1.1429165532482307e-68
0.0
0.0
0.0
0.0
0.0
0.0
0.0
0.0
0.0
0.0
0.0
0.0
0.0
0.0
0.0
0.0
0.0
0.0
0.0
0.0
0.0
0.0
0.0
0.0
0.0
0.0
0.0
0.0
0.0
0.0
0.0
0.0
0.0
0.0
0.0
0.0
0.0
0.0
0.0
0.0
0.0
0.0
0.0
0.0
0.0
0.0
0.0
0.0
0.0
0.0
0.0
0.0
0.0
0.0
0.0
0.0
0.0
0.0
0.0
0.0
0.0
0.0
0.0
0.0
0.0
0.0
0.0
0.0
0.0
0.0
0.0
0.0
0.0
0.0
0.0
0.0
0.0
0.0
0.0
0.0
0.0
0.0
0.0
0.0
0.0
0.0
0.0
0.0
0.0
0.0
0.0
0.0
0.0
0.0
0.0
0.0
0.0
0.0
0.0
0.0
0.0
0.0
0.0
0.0
0.0
0.0
0.0
0.0
0.0
0.0
0.0
0.0
0.0
0.0
0.0
0.0
0.0
0.0
0.0
0.0
0.0
0.0
0.0
0.0
0.0
0.0
0.0
0.0
0.0
0.0
0.0
0.0
0.0
0.0
0.0
0.0
0.0
0.0
0.0
0.0
0.0
0.0
0.0
0.0
0.0
0.0
0.0
0.0
0.0
0.0
0.0
0.0
0.0
2.0844524139663948e-33
1.8121922815480187e-32
1.0500213165663884e-31
4.054837959157919e-31
1.043591274557237e-30
1.7900655036514605e-30
2.046392594854879e-30
1.559159466889479e-30
7.917237346486177e-31
2.6794048638900498e-31
6.043444893442062e-32
9.084736590299184e-33
9.10168206566473e-34
6.077325959127965e-35
2.704487311482759e-36
8.021192039908354e-38
1.585529870387196e-39
2.0887741809085235e-41
1.833961021613521e-43
1.0731742900640288e-45
4.185351782044951e-48
1.0878655444157997e-50
1.8845168500812855e-53
2.175736895387398e-56
1.6741496486715705e-59
1.1220711664799622e-61
4.390468671166508e-65
1.144940480804413e-68
0.0
0.0
0.0
0.0
0.0
0.0
0.0
0.0
0.0
0.0
0.0
0.0
0.0
0.0
0.0
0.0
0.0
0.0
0.0
0.0
0.0
0.0
0.0
0.0
0.0
0.0
0.0
0.0
0.0
0.0
0.0
0.0
0.0
0.0
0.0
0.0
0.0
0.0
0.0
0.0
0.0
0.0
0.0
0.0
0.0
0.0
0.0
0.0
0.0
0.0
0.0
0.0
0.0
0.0
0.0
0.0
0.0
0.0
0.0
0.0
0.0
0.0
0.0
0.0
0.0
0.0
0.0
0.0
0.0
0.0
0.0
0.0
0.0
0.0
0.0
0.0
0.0
0.0
0.0
0.0
0.0
0.0
0.0
0.0
0.0
0.0
0.0
0.0
0.0
0.0
0.0
0.0
0.0
0.0
0.0
0.0
0.0
0.0
0.0
0.0
0.0
0.0
0.0
0.0
0.0
0.0
0.0
0.0
0.0
0.0
0.0
0.0
0.0
0.0
0.0
0.0
0.0
0.0
0.0
0.0
1.6525142167320637e-34
1.2386398127859204e-33
6.18765960082026e-33
2.0601049284452706e-32
4.571237821812962e-32
6.207227457572656e-32
7.003977068968994e-32
5.26712128993672e-32
2.6398756567928014e-32
8.818103082965793e-33
1.9631271063446325e-33
2.912750035614219e-34
2.8803121801963936e-35
1.8982676816043888e-36
8.337904085367983e-38
2.4408319764902172e-39
4.762120951181396e-41
6.192193331304221e-43
5.366240605436729e-45
3.099397819828565e-47
1.1930703516872404e-49
3.0608097200167763e-52
5.233450953700032e-55
5.963778887772313e-58
4.2881705539444774e-34
2.7182118121791616e-33
1.1483547964634451e-32
3.2333329659904335e-32
6.067451589364874e-32
7.58828716769951e-32
6.325032244297485e-32
4.471393879248423e-32
1.8952412243170067e-32
5.353867377677193e-33
1.8393802152895034e-33
7.671003617009108e-33
4.563901551149669e-32
1.8391716884221115e-31
4.940691343748662e-31
8.845778815204094e-31
1.0555188539518544e-30
8.394164252658677e-31
4.449082704941559e-31
1.571610939757489e-31
3.6999951568881463e-32
5.805489129113817e-33
6.0709691353421495e-34
4.231153506915085e-35
1.9653553578713676e-36
6.084220434224693e-38
1.255308130991759e-39
1.7261450675095194e-41
1.5819246357560802e-43
9.66219583475781e-46
3.933212673451216e-48
1.0670888262546459e-50
1.9294577049804853e-53
2.285735202318352e-55
2.101663529084079e-58
1.2878995960741709e-61
5.259959186335637e-65
1.4317404332423591e-68
0.0
0.0
0.0
0.0
0.0
0.0
0.0
0.0
0.0
0.0
0.0
0.0
0.0
0.0
0.0
0.0
0.0
0.0
0.0
0.0
0.0
0.0
0.0
0.0
0.0
0.0
0.0
0.0
0.00011342868641833764
0.0009700293898464975
0.00552876882161505
0.021001654869021523
0.05316920317553386
0.08971154467348383
0.10088301786337844
0.07560827757932474
0.03776610288100928
0.012572352449450352
0.002789410755169683
0.00041246769808673736
4.0648915480194203e-05
2.669866408999241e-06
1.1687231530633563e-07
3.4096932699821965e-09
6.629801494353013e-11
8.591466207182039e-13
3.7833743952199386e-14
2.4931514530707147e-16
1.0949632699083455e-18
3.2050291875216495e-21
6.2523887761564096e-24
8.129082083857262e-27
7.043987736025169e-30
4.067965130690434e-33
1.5657319013263953e-36
4.016420056658876e-40
0.0
0.0
0.0
0.0
0.0
0.0
0.0
0.0
0.0
0.0
0.0
0.0
0.0
0.0
0.0
0.0
0.0
0.0
0.0
0.0
0.0
0.0
0.0
0.0
0.0
0.0
0.0
0.0
0.0
0.0
0.0
0.0
0.0
0.0
0.0
0.0
0.0
0.0
0.0
0.0
0.0
0.0
0.0
0.0
0.0
0.0
0.0
0.0
0.0
0.0
0.0
0.0
0.0
0.0
0.0
0.0
0.0
0.0
0.0
0.0
0.0
0.0
0.0
0.0
0.0
0.0
0.0
0.0
0.0
0.0
0.0
0.0
0.0
1.4186476300721903e-33
9.713763611726157e-33
4.432840166692596e-32
1.3482119195433895e-31
2.732850036143264e-31
3.69194299772489e-31
3.3241125627534584e-31
1.9947019142449324e-31
7.977408570625007e-32
2.1263130988220875e-32
3.777236189250786e-33
4.472008470737482e-34
3.5286829680679525e-35
1.8556848116841996e-36
6.503952087417457e-38
1.5192596430771482e-39
2.3652018939190673e-41
2.454064554797269e-43
1.6970134938714697e-45
7.82106970796415e-48
1.728837831646468e-49
4.0517038948246474e-52
6.328527745307787e-55
6.58793379666673e-58
4.570643116407356e-61
2.1134255150874756e-64
6.512955766441445e-68
8.111820478754881e-34
6.572797456534642e-33
3.549471688118345e-32
1.27749359544747e-31
3.06432831958536e-31
4.898841703412157e-31
5.219550045131572e-31
3.706416954494308e-31
1.7541108297416647e-31
5.532753659450056e-32
1.1630735692225301e-32
1.629500834212433e-33
1.5215405670673748e-34
9.468780147512257e-36
3.927227661907432e-37
1.0855745955515384e-38
1.9999300826414817e-40
2.4555653854941158e-42
2.009415466569275e-44
6.513025213733935e-46
2.710213958458195e-48
7.516331814778196e-51
1.389280240235985e-53
1.7114149506486976e-56
1.4050841430162299e-59
7.68831009954788e-63
2.8037610563622165e-66
6.814478956869032e-70
0.0
0.0
0.0
0.0
0.0
0.0
0.0
0.0
0.0
0.0
0.0
0.0
0.0
0.0
0.0
0.0
0.0
0.0
0.0
0.0
0.0
0.0
0.0
0.0
0.0
0.0
0.0
0.0
0.0
0.0
0.0
0.0
0.0
0.0
0.0
0.0
0.0
0.0
0.0
0.0
0.0
0.0
0.0
0.0
0.0
0.0
0.0
0.0
0.0
0.0
0.0
0.0
0.0
0.0
0.0
0.0
0.0
0.0
0.0
0.0
0.0
0.0
0.0
0.0
0.0
0.0
0.0
0.0
0.0
0.0
0.0042893780279305025
0.02873110715432235
0.12826021072867172
0.3816041460314149
0.7566861208147488
1.0
0.8807766243195215
0.5170268630244658
0.2022748950841077
0.052741491733307645
0.009165251397815665
0.0010614948778874997
8.193566295575906e-05
4.21511656713862e-06
1.4451993410075745e-07
3.302383217590427e-09
5.0293137600210036e-11
5.104715475309722e-13
3.453153617225896e-15
1.5568321991311368e-17
4.6778819726387765e-20
9.367814078928606e-23
1.2502844039748115e-25
1.1121437179894387e-28
8.210378386578986e-31
3.713794358591334e-34
1.1195772885585273e-37
2.249426752015267e-41
0.0
0.0
0.0
0.0
0.0
0.0
0.0
0.0
0.0
0.0
0.0
0.0
0.0
0.0
0.0
0.0
0.0
0.0
0.0
0.0
0.0
0.0
0.0
0.0
0.0
0.0
0.0
0.0
0.0
0.0
0.0
0.0
0.0
0.0
0.0
0.0
0.0
0.0
0.0
0.0
0.0
0.0
0.0
0.0
0.0
0.0
0.0
0.0
0.0
0.0
0.0
0.0
0.0
0.0
0.0
0.0
0.0
0.0
0.0
0.0
4.490136802478295e-05
0.000335813575070975
0.0016738574581581132
0.0055605819210373065
0.01231129004776504
0.018166381539077348
0.017865486513451437
0.011709620275564556
0.005115078750686437
0.0014891669366145198
0.00028894553921569795
3.7365444354530946e-05
3.2203706259918758e-06
5.015303125837759e-07
2.1980393986527338e-08
6.420299774825517e-10
1.2498465292567399e-11
1.6215846280208464e-13
1.4021810619749394e-15
8.080721213705126e-18
3.103685438004758e-20
7.944870479735628e-23
1.355431245299625e-25
1.5411670387874447e-28
1.1678941408683016e-31
5.898462129295734e-35
1.9854349351453672e-38
4.4540395744561104e-42
0.0
0.0
0.0
0.0
0.0
0.0
0.0
0.0
0.0
0.0
0.0
0.0
0.0
0.0
0.0
0.0
0.0
0.0
0.0
0.0
0.0
0.0
0.0
0.0
0.0
0.0
1.4881355476016399e-33
1.075249070031839e-32
5.177942322195293e-32
1.6618311278358211e-31
3.554660421909608e-31
5.067466614380872e-31
4.814655544082803e-31
3.048744961211482e-31
1.286644350859495e-31
3.618907542564459e-32
1.2400075456547944e-32
1.7735599716661278e-33
1.6906315800505876e-34
1.074072566001068e-35
4.547783891247971e-37
1.2833572319164148e-38
2.413664226505227e-40
3.025434070417571e-42
2.5274354994253095e-44
1.40719413749127e-46
5.2216709569986846e-49
1.2913576323758685e-51
2.1284581443013962e-54
2.3381116349314977e-57
1.711775948548191e-60
8.352378083618157e-64
2.716157305974799e-67
5.886826550895197e-71
0.0
0.0
0.0
0.0
0.0
0.0
0.0
0.0
0.0
0.0
0.0
0.0
0.0
0.0
0.0
0.0
0.0
0.0
0.0
0.0
0.0
0.0
0.0
0.0
0.0
0.0
0.0
0.0
0.0
0.0
0.0
0.0001509712274605596
0.0012697473840626344
0.0071174105159284035
0.017926382892844827
0.051097533560018775
0.09707083266200357
0.12290204818775612
0.10370770755077997
0.058323623301591715
0.021860470574100333
0.005460797407978201
0.0009091471284096018
0.00010087738740659245
7.459934752124966e-06
3.676696486332801e-07
1.2077083788103839e-08
2.6439176667823677e-10
3.857583385074023e-12
3.7511485783057174e-14
2.4310548544601806e-16
1.0500423098018192e-18
3.0227371740705635e-21
5.799299336253583e-24
7.415370478873073e-27
6.322115423855939e-30
4.061439117603815e-33
5.456727526692135e-35
3.995445648341868e-36
5.675348188942645e-37
2.166908700257359e-38
5.514044461704705e-40
9.351503962081552e-42
1.0569981055705855e-43
7.962482738487581e-46
3.9976461213037e-48
1.3376476726670435e-50
2.9830509957452435e-53
4.433647542387466e-56
4.391806542123024e-59
2.8993909925774295e-62
1.2757098758640788e-65
3.740921526292353e-69
7.311169064012278e-73
0.0
0.0
0.0
0.0
0.0
0.0
0.0
0.0
0.0
0.0
0.0
0.0
0.0
0.0
7.747808939164166e-34
4.9640247975119734e-33
2.1196811140802729e-32
6.032379655202159e-32
1.1441641896660754e-31
1.446337290324651e-31
1.2185191654701785e-31
6.841899543524304e-32
2.560369060347295e-32
6.385721825052419e-33
1.0614486020734331e-33
1.1758975652694226e-34
8.682035575505509e-36
4.272235448151386e-37
1.4011039114326676e-38
3.0624362719449855e-40
4.461134556998335e-42
4.3311690350508397e-44
1.1306424524119507e-34
9.937567598418805e-34
5.821252694941296e-33
2.2726594144055323e-32
5.913353049557594e-32
8.928961915162905e-32
1.1814164220118383e-31
1.041805352479051e-31
6.122823121714853e-32
2.3982717453168094e-32
6.260753666380552e-33
1.0892721257424932e-33
1.2630708496995778e-34
9.761140913000846e-36
5.027533818962949e-37
1.7258019969509834e-38
3.94828489066046e-40
6.020153220980749e-42
6.117699713124938e-44
4.143337542592972e-46
1.8702257084327854e-48
3.0992935236787057e-34
2.47729790536434e-33
1.3197002844791683e-32
4.685478327166706e-32
1.1087001457663894e-31
1.7484604943221962e-31
1.8377189416627336e-31
1.2873122663591684e-31
6.009941871801446e-32
2.886879839510229e-32
6.853582610382968e-33
1.0843965931067664e-33
1.14351057480388e-34
8.036626296109474e-36
3.764340594458119e-37
1.1751291418701003e-38
2.444915365053731e-40
3.3901866668170284e-42
3.1330327984262326e-44
1.929691213551874e-46
7.921223105446198e-49
2.1670963467035255e-51
3.9513522069531316e-54
4.8016976848483915e-57
3.888887970499668e-60
2.0991216094643678e-63
7.551466756542554e-67
1.810533556260755e-70
0.0007856212523230699
0.005058001962855926
0.021703326904059534
0.0620662031514312
0.11829478340082361
0.15026490336308018
0.12721287495221276
0.09086869028208179
0.03911923560087596
0.011224008829730523
0.0021462839976534925
0.00027353186312272345
2.323326295857297e-05
1.3152067839415687e-06
4.962030403478087e-08
1.247689010225374e-09
2.0909075307542687e-11
2.335311683053883e-13
1.7383468117869963e-15
8.62401586900555e-18
2.851439863211033e-20
6.283482859482749e-23
9.228225553441661e-26
9.032698519421365e-29
5.892483535852812e-32
2.561891828515525e-35
7.42343221703078e-39
1.4336074673225072e-42
0.0
0.0
0.0
0.0
0.0
0.0
0.0
0.0
0.0
0.0
0.0
0.0
0.0
0.0
0.0
0.0
0.0
0.0
0.0
0.0
0.0
0.0
0.0
0.0
0.0
0.0
0.0
0.0
0.0
0.0
0.0
0.0
0.0
0.0
0.0
0.0
0.0
0.0
0.0
0.0
0.0
0.0
0.0
2.503883417511792e-35
1.836536685448487e-34
8.977732480862994e-34
2.9249285422825275e-33
6.351048204187386e-33
9.190880210729433e-33
8.864420525881878e-33
5.698035410125181e-33
2.4410770356108537e-33
6.969784890528861e-34
1.3262909685878014e-34
1.6820534735133263e-35
6.110333490700769e-36
2.0797137268922987e-35
1.3494499979946712e-34
5.896843543327662e-34
1.717488354653555e-33
3.3338782881876566e-33
4.3844814460876394e-33
4.346570116114181e-33
5.815063461103509e-33
1.5181175692620165e-32
3.758877603837226e-32
6.487211206713656e-32
7.495614269651267e-32
5.774728203067991e-32
2.965216489485466e-32
1.014763121365955e-32
2.3144866261346282e-33
3.51824631699595e-34
3.5643419149892873e-35
2.4066560228362158e-36
1.0830044340106523e-37
3.248089559222292e-39
6.492430427621535e-41
8.649045098030775e-43
7.67910431093093e-45
4.543960218037159e-47
1.7920083222698216e-49
3.5703534932311653e-51
7.160103479392797e-54
9.569933701932059e-57
8.524719692130731e-60
5.060959176389455e-63
2.002475028223091e-66
5.2805958726639846e-70
0.0
0.0
0.0
0.0
0.0005050051173646911
0.0032838365555988612
0.014231439649118303
0.041105287106304206
0.07912761661755952
0.10151729368817525
0.08680275846239026
0.04946620237054781
0.01878733421890802
0.004755577909464675
0.0008022745005835983
9.020367361328168e-05
6.7593822835601796e-06
3.3757582795160164e-07
1.123614207782327e-08
9.280014808985131e-10
1.5707140560245668e-11
1.7718507603042721e-13
1.3321057304848766e-15
6.6747007883946326e-18
2.228981457695691e-20
4.960925006838376e-23
7.358755129984361e-26
7.334318506029664e-29
4.111275296882487e-31
1.8372319380208637e-31
1.4942937386195755e-31
1.9479694181884528e-31
2.10109473788484e-31
1.5510761714677592e-31
7.653103515758095e-32
2.5174084695405876e-32
5.519058704918711e-33
8.064163483593903e-34
7.852995214838129e-35
5.0967450068291704e-36
2.2046113008709037e-37
6.355543576817158e-39
1.2211103732013586e-40
1.5636469010439784e-42
6.831174727704295e-44
4.448173742063643e-46
1.9304103550001667e-48
5.583404382902943e-51
1.076291910146591e-53
1.3827466562983899e-56
1.183959117014051e-59
6.756353177074066e-63
2.5696236994042855e-66
6.51340769387324e-70
0.0
0.0
0.0
0.0
0.0
0.0
0.0
0.0
0.0
0.0
5.09196255289564e-35
3.4838267342137522e-34
1.58858128602966e-33
4.827740133017054e-33
9.7782216133842e-33
1.3199498015210395e-32
1.2868362939619602e-32
8.833308956782017e-33
4.041151092890899e-33
1.2321633995045368e-33
2.503877446479203e-34
3.391090502600044e-35
3.060886605944925e-36
1.8413512864749107e-37
7.382570558012127e-39
1.972695761060882e-40
3.513129545425541e-42
4.148398596188184e-34
3.3295592577806645e-33
1.7810436646557633e-32
6.349564414498717e-32
1.5086720618098026e-31
2.3890613963318523e-31
2.52139752276172e-31
1.7735232286904556e-31
8.314075966903109e-32
2.5976022032330575e-32
5.408948516368791e-33
7.506450061647767e-34
6.942851876914457e-35
4.279792843396001e-36
1.758284488157907e-37
1.670965958931583e-38
3.4908933372676642e-40
4.860568906758873e-42
4.510442779000575e-44
2.789541321437667e-46
1.1498149963480362e-48
3.1586731327816226e-51
5.783129964779545e-54
7.056718064596065e-57
5.738840160807248e-60
3.110477322671031e-63
1.1235993987738416e-66
2.7050637532518165e-70
0.0
0.0
0.0
0.0
0.0
0.0
0.0
0.0
0.0
0.0
0.0
0.0
0.0
0.0
0.0
0.0
0.0
0.0
0.0
0.0
0.0
0.0
0.0
0.0
0.0
0.0
0.0
0.0
0.0
0.0
0.0
0.0
0.0
0.0
0.0
0.0
8.138337472865132e-05
0.0006144225102946046
0.0018873636835703546
0.007245854317331263
0.018539804491884526
0.03161565984275976
0.03593195927030308
0.027217052770632494
0.013739876849189958
0.004622810948204908
0.001036599450610381
0.00015491638842715473
1.542997780174665e-05
1.0242707882820745e-06
4.531540032239747e-08
1.3361598054129332e-09
2.6257449168612508e-11
3.4389686116506957e-13
3.001825472908168e-15
1.7463215507237225e-17
6.770870952849337e-20
1.7496307700235729e-22
3.0132129642880187e-25
3.458555863840383e-28
2.645704346385508e-31
1.3488677609833786e-34
4.5833074094808255e-38
1.0379349772138629e-41
0.0
0.0
0.0
0.0
0.0
0.0
0.0
0.0
0.0
0.0
0.0
0.0
0.0
0.0
0.0
0.0
0.0
0.0
0.0
0.0
0.0
7.846898779777883e-05
0.0007124079219967919
0.004310632292489032
0.01738340162122337
0.04672078147005247
0.0720877019837426
0.09852333309819744
0.08974258159507574
0.054480309926566
0.02204256492448078
0.005943828033596311
0.0010681983221168393
0.00020129837003729517
0.0006939559540086161
0.004248102222019896
0.017586045242902894
0.04852634351803402
0.08924193251863446
0.10938100679320147
0.08935038227954911
0.048644356382011596
0.017650217293458934
0.004268243615786172
0.0006879072563504091
7.389109968388243e-05
5.28975938274156e-06
2.523836711876483e-07
8.025426788859043e-09
1.7008130107921019e-10
2.4022961748632464e-12
1.1204024850859943e-13
8.047233889152555e-16
3.852128206851758e-18
1.2289561576662254e-20
2.6130853524662497e-23
3.7029898411374724e-26
3.4979482045112165e-29
2.393418883857404e-32
3.873109046654986e-34
4.960974666891646e-35
4.338018328025997e-36
2.528249373618079e-37
9.820418194410758e-39
2.5422696006097766e-40
4.386264073703284e-42
5.043702861940411e-44
3.8653227236491625e-46
1.9742564919610556e-48
6.720520928161871e-51
1.524698064941246e-53
2.305400104812785e-56
1.6053120440627578e-34
1.2794404198801648e-33
6.796138449681327e-33
2.4059462276899957e-32
5.67663752839827e-32
8.030246108911696e-32
9.634666430945955e-32
7.704173576976555e-32
4.105792366663256e-32
1.4583086610104406e-32
3.452100855615365e-33
5.446268447592286e-34
5.72659092513175e-35
4.013052354695644e-36
1.8742824503084878e-37
5.834139375002062e-39
1.2103197202558214e-40
1.6734200461489577e-42
1.5420248518248917e-44
9.47020384113891e-47
3.876223670652638e-49
1.0574013967110107e-51
1.9224386017807653e-54
2.3294136988194434e-57
1.881145206029885e-60
1.0124639377223618e-63
3.631770149169883e-67
8.68237809376757e-71
0.0
0.0
0.0
0.0
0.0
0.0
0.0
0.0
0.0
0.0
0.0
0.0
0.0
0.0
0.0
0.0
0.0
0.0
0.0
0.0
0.0
0.0
0.0
0.0
0.0
0.0
0.0
0.0
0.0
0.0
0.0
0.0
0.0
0.0
0.0
0.0
0.0
0.0
0.0
0.0
0.0
0.0
0.0
0.0
0.0
0.0
0.0
0.0
0.0
0.0
0.0
0.0
0.0
0.0
0.0
0.0
0.0
0.0
0.0
0.0
0.0
0.0
0.0
0.0
0.0
0.0
0.0
0.0
0.0
0.0
0.0
0.0
0.0
3.2322969344289493e-34
2.3914753553443535e-33
1.1792397698325253e-32
3.875429788273085e-32
8.488269837437743e-32
1.2390819463129685e-31
1.205486717759951e-31
9.447238728259274e-32
4.6737972706587076e-32
1.5410488278804374e-32
3.386448508968043e-33
4.9596850840462825e-34
4.841113615881852e-35
3.1493287425530844e-36
1.3654388852506879e-37
3.945554844671938e-39
5.771179863569796e-35
4.453426134221163e-34
2.290371944257296e-33
7.850536301169864e-33
1.793387693616425e-32
2.730427143030234e-32
2.7705663048581967e-32
1.8736482069693082e-32
8.44479485016843e-33
2.5367151566121835e-33
5.078504622045026e-34
6.776127178553944e-35
6.025717862149415e-36
3.571228065769349e-37
9.323894361517229e-35
7.87157136830063e-34
4.429680254379198e-33
1.1186150777033024e-32
3.20106427753245e-32
6.105056241349032e-32
7.760085236617595e-32
6.573926773381943e-32
3.711630894497302e-32
1.3966456980903672e-32
3.502589675621473e-33
5.854284535117701e-34
6.521386470637632e-35
4.84158541328519e-36
2.3956137981627753e-37
7.900008562207398e-39
1.7362804142896144e-40
2.543277322487575e-42
2.482842206905166e-44
1.6154222801032418e-46
7.0049423512573e-49
2.024438606387029e-51
3.899296000165619e-54
5.005521670307466e-57
4.2824671054098526e-60
2.4418572617961835e-63
9.279574439882945e-67
2.3502680373046456e-70
0.0
0.0
0.0
0.0
0.0
0.0
0.0
0.0
0.0
0.0
0.0
0.0
0.0
0.0
0.0
0.0
0.0
0.0
6.759509665163534e-35
5.137228142566632e-34
2.6021004683895242e-33
8.784171715764125e-33
1.9763284437238098e-32
2.963459344524309e-32
2.961558898520545e-32
1.972528664207441e-32
1.2007690414162e-32
4.066914211473868e-33
9.180198854996024e-34
1.3810859723571432e-34
1.384748450501765e-35
9.253427139484058e-37
4.121125875330054e-38
1.2232372508330695e-39
2.419842301858374e-41
3.1903988426890566e-43
2.024331053747606e-35
1.4180988610284003e-34
6.620839001884194e-34
2.0601606828948583e-33
4.2723882315924045e-33
5.905026810867429e-33
5.4394449480380505e-33
3.339403098011452e-33
1.3663584721013523e-33
3.725992792071037e-34
6.252421109095088e-05
0.0004262827220389514
0.0019369962866831651
0.0058659910252268814
0.01183955960867533
0.015926166466226997
0.015490398100737797
0.010595973462172436
0.004830595726786312
0.0014677161464001821
0.00029721108232393394
4.0111552799368844e-05
3.6079083630113123e-06
2.1628334130576555e-07
8.641162859000542e-09
2.3009270966324392e-10
4.083335599258987e-12
4.8295741642476275e-14
3.807011181776679e-16
2.000050739205421e-18
7.002924152276448e-21
1.6341780768357842e-23
2.541563035758656e-26
2.634413475976624e-29
1.819904258491946e-32
8.379048251616516e-36
2.5711202548938277e-39
5.258133837480095e-43
0.0
0.0
0.00018742850134892075
0.0006914284191414878
0.0034935414960082286
0.011764301181522163
0.026402673854937882
0.039492191634856004
0.03936915638308207
0.026156674609665656
0.011582185040326591
0.003418062633215602
0.0006722813789814318
8.812592653372828e-05
7.69906272952784e-06
4.4828434055432484e-07
1.739605719232567e-08
4.4991413061979205e-10
7.755146176613092e-12
8.909060152573706e-14
6.821114542584637e-16
3.480649897429462e-18
1.1837142868472094e-20
2.682964868252212e-23
4.052893754830801e-26
4.0876206671748515e-29
1.0266648725915623e-31
5.337959997499292e-32
2.533040031801821e-32
1.2308151848317156e-32
2.9732385891985034e-33
4.786999415455296e-34
5.136661463934172e-35
3.6735033874595155e-36
1.7509008526262397e-37
5.561913388135481e-39
1.1775203970757584e-40
1.6614765050717864e-42
1.5624334138148152e-44
9.792427843310605e-47
4.090353007053041e-49
1.1387089880202596e-51
2.1127409748661012e-54
2.61253014267291e-57
2.1530688257513607e-60
1.1825950694476788e-63
4.329081512962236e-67
1.0561777417789304e-70
0.0
0.0
0.0
5.017809271116272e-35
3.8219055943422946e-34
1.9401142659554924e-33
6.56381317303236e-33
1.1807093596266553e-32
2.0313019635143294e-32
2.3290966936492593e-32
1.779844650511702e-32
9.064799958159737e-33
3.076917838585036e-33
6.96073536501178e-34
1.0494841753406355e-34
1.054576802991828e-35
7.0625588879714825e-37
3.152299681279124e-38
9.3772277119296e-40
1.8591009584533332e-41
2.456478884715907e-43
2.1632396983422934e-45
1.2696318284493724e-47
4.966294921874172e-50
1.2946988427523441e-52
2.2495029207585242e-55
2.6048691429365873e-58
2.0103274793737366e-61
1.0340207530841757e-64
3.5446491050134812e-68
8.098391949462938e-72
0.0
0.0
0.0
0.0
0.0
0.0
0.0
0.0
0.0
6.30203344611515e-06
4.845582852218301e-05
0.00024830924645846225
0.0008480497068764307
0.0019303287230447257
0.002928348670686296
0.002960709837555961
0.0019950347093572215
0.0008959558577791695
0.0002681663734047716
5.349381513289347e-05
7.1118792521241235e-06
6.301540394391771e-07
3.721265210625794e-08
1.4645900162016322e-09
3.841696606610287e-11
6.71601421764369e-13
7.824952283676956e-15
3.2099328851112756e-16
1.901816554479103e-18
7.509704408873481e-21
1.9763261209932094e-23
3.466378055542567e-26
4.052049954483648e-29
3.1568591336830694e-32
1.639144208624232e-35
5.6723193340876156e-39
1.308234895452416e-42
0.0
0.0
0.0
5.21018003915188e-05
0.00038195261701029113
0.001866155364154461
0.006076697998170187
0.013187699938641339
0.01907444933609124
0.01838723849981382
0.011813064024074811
0.005058131948772585
0.0014434418713994124
0.00027453011510796606
3.4798636968365505e-05
2.939788067120756e-06
4.517721023993865e-07
1.9407776346077898e-08
5.556658369839776e-10
1.060310745550465e-11
1.348447917710473e-13
1.1429223866762436e-15
6.456257599454108e-18
2.4306728434327183e-20
6.098930942201184e-23
1.019911458683096e-25
1.136718097796614e-28
8.443541184980435e-32
4.1800167863786667e-35
1.3791546683022494e-38
3.0327001305307506e-42
0.0
0.0
0.0
1.2533599590874326e-34
8.994053483784289e-34
4.3014676747457545e-33
1.3710693093319944e-32
2.912619170260964e-32
4.123723578390989e-32
3.891140715053621e-32
2.447067083232988e-32
1.4337035514812116e-32
4.584910686249201e-33
9.772011002054797e-34
2.283984253247137e-05
0.00016611326385938067
0.0008051875772949283
0.002601185763040906
0.005600505383513909
0.008036456863419887
0.007685702417227151
0.004898736281350178
0.0020809713627901803
0.0005891551730959658
0.00011116673108743081
1.3979818185456126e-05
1.1716820035893035e-06
6.544847684401887e-08
2.4365250258666224e-09
6.045382120216324e-11
9.996735149332032e-13
1.1017274326205555e-14
8.092294671081297e-17
3.9614188357344704e-19
1.2924429561109761e-21
2.810305632866551e-24
3.7648631446441066e-26
1.3577299280655274e-05
0.00011148618337602367
0.0006101129639279461
0.002225261255739294
0.005409203345026001
0.008763289470036377
0.009461991541057067
0.0068089399104605645
0.003265562466549296
0.001043801792125518
0.00022236151728400805
3.157059504539139e-05
2.9873592638521004e-06
1.883968728462735e-07
7.918473600173608e-09
2.2181494545278557e-10
4.1411568914831605e-12
5.1526911567637357e-14
4.2729527310796985e-16
2.361585169574206e-18
1.4985103767444854e-05
0.00011588029653503395
0.00059722913950174
0.0020514168995504245
0.004696219815611017
0.006510968616456571
0.00757953687405762
0.005880595218033291
0.0030407551496459575
0.0010479080185891705
0.00024068355881009642
3.6842681655468864e-05
3.7586993665340866e-06
2.555674244114677e-07
1.1581237017607025e-08
3.49772733953372e-10
7.040418924565834e-12
9.444796389064658e-14
8.444389289208116e-16
5.031823983430733e-18
1.9983160822614014e-20
5.2891328370589516e-23
9.330100324437524e-26
1.096906729730549e-28
8.594777465436747e-32
4.488292171853254e-35
1.5621011498997454e-38
3.6234204590790946e-42
0.0
0.0
0.0
0.0
0.0
0.0
0.0
0.0
0.0
0.0
3.527607463877982e-05
0.00028439625890745534
0.001528090422329326
0.005472122063756215
0.013060026173311166
0.02077370051911571
0.022022429769126845
0.015559590004525427
0.007326770916026604
0.002299368749663125
0.00048093477931023286
6.704174238708956e-05
6.228535575030086e-06
3.8566315868590493e-07
1.5915192894880573e-08
4.377208235907417e-10
8.023503693391156e-12
9.801949354304235e-14
4.149975943775262e-15
2.5780809923207034e-17
1.0674046312312173e-19
2.945392365808303e-22
5.416749838839267e-25
6.639203025906412e-28
5.423437858523216e-31
2.952670233381023e-34
1.071364359081006e-37
2.5909453808833e-41
7.118112986648506e-48
3.1195851131365023e-50
9.111929465263309e-53
1.7738030915243843e-55
2.3013465063411495e-58
1.9899408551312693e-61
1.1467793693225445e-64
4.404545719368223e-68
1.127467213453824e-71
7.320010352541992e-36
5.375803879879261e-35
2.6312171169581378e-34
8.583244881929678e-34
1.866069733385834e-33
2.7038698479367568e-33
2.6860457136300215e-33
2.372962765756612e-33
3.287892795342076e-33
1.0687131364061619e-32
3.1334920631621505e-32
6.288902390131931e-32
8.428590837082607e-32
7.529711181420548e-32
4.483195437519244e-32
1.7790120736540242e-32
4.70491401558749e-33
8.29289250886176e-34
9.741861024714248e-35
7.627098787665598e-36
3.979773551103386e-37
1.3840089531746574e-38
3.207753488244986e-40
4.9550109714089515e-42
5.10117007299194e-44
3.500068419548604e-46
1.6005336641870053e-48
1.2214857104857828e-34
8.29882511881903e-34
3.757737017289573e-33
1.1340121336713681e-32
2.2808176655216536e-32
3.0573487609712634e-32
2.9667579817600984e-32
2.0222698851889714e-32
9.187083378147437e-33
2.7816196737862275e-33
5.613056180259413e-34
7.548880959280566e-35
6.766238671139212e-36
8.969013867688176e-35
5.750506237947519e-34
2.4682343544007276e-33
7.060903217015417e-33
1.3462190970166686e-32
1.7106170010835472e-32
1.4509197812348632e-32
8.326551967829824e-33
3.743968731964774e-33
2.7552793525598768e-33
4.055565673737348e-33
5.193554978517816e-33
4.553857666768714e-33
2.667366042136938e-33
1.0414836828038226e-33
2.710260649694506e-34
4.700583851453977e-35
5.433430900947928e-36
4.1857958679915014e-37
6.048971008284065e-38
2.3696705996552852e-39
6.186941445934966e-41
1.0765781953288566e-42
1.2485234431652033e-44
9.650045731228605e-47
4.970998014938421e-49
1.706629923565866e-51
3.90496073016299e-54
5.954914545401796e-57
6.052237256187524e-60
4.099566200259268e-63
1.8507229531660004e-66
5.568349252123347e-70
1.1165882941853972e-73
0.0
0.0
0.0
0.0
0.0
0.0
2.4048521565316077e-34
1.7279756245373383e-33
8.275007376437905e-33
9.409354527599255e-06
4.194414231213328e-05
0.0002815074140286562
0.001259186052598002
0.0037538033713654093
0.007458211306730226
0.009875961665462552
0.008715767880299418
0.005126411493235829
0.0020095685259262914
0.0005250174336175851
9.141683421832779e-05
1.0608651393805971e-05
8.204946009648673e-07
4.229342192755952e-08
1.4529526805910631e-09
3.326684879665665e-11
5.076371604796114e-13
5.162697705375883e-15
3.499302883002529e-17
1.5807672184810368e-19
4.759220819067695e-22
9.549603468353712e-25
1.2770749012079896e-27
1.1382271717805255e-30
6.7611890013082074e-34
8.869912471603592e-35
3.3284582194556697e-34
1.7331859068470758e-33
6.01492531584537e-33
1.3912234129808013e-32
2.144593890956212e-32
2.2033059102785265e-32
1.5086416122648572e-32
6.884603190721309e-33
2.0938872540352845e-33
4.244330758724806e-34
5.733854876176902e-35
5.162567235377129e-36
3.097892141830841e-37
1.238934690360488e-38
3.3022662201020383e-40
5.866205852092482e-42
6.945188921202199e-44
5.480149129610766e-46
2.881922106079739e-48
1.0100750597643181e-50
2.359427329601581e-53
3.673170701162892e-56
3.8111598592043478e-59
2.6354499198835605e-62
1.214601794539887e-65
3.730736852194135e-69
1.35561368064554e-71
0.0
0.0
0.0
0.0
0.0
0.0
0.0
7.667785890454853e-06
5.970610127455283e-05
0.00030984821408701986
0.0010716693981897849
0.002470325661934547
0.0037951516846302584
0.0038858462697935773
0.002651695430250495
0.0012059886300429346
0.000365547934809368
7.384600480199989e-05
9.942399778658522e-06
8.921481675902422e-07
5.335367044429481e-08
2.12653808066645e-09
5.6488959414707514e-11
1.000081821827711e-12
5.422310284248299e-14
4.881563070550886e-16
2.9289704623841343e-18
1.1712581539994543e-20
3.12156089059084e-23
5.544629644857281e-26
6.563792186018433e-29
5.178674928029796e-32
2.723102738777131e-35
9.543132449277228e-39
2.2289453689263224e-42
0.0
0.0
0.0
0.0
0.0
0.0
0.0
0.0
0.0
0.0
0.0
0.0
0.0
0.0
0.0
0.0
0.0
3.729405365899862e-36
2.9794642545365947e-35
1.5864205089631922e-34
5.6296319161806845e-34
1.3314450053461955e-33
2.0986886494039704e-33
2.204724573541534e-33
1.5436264796549763e-33
7.202970653066107e-34
2.2400753081439343e-34
4.6429621229810515e-35
6.413708398780323e-36
5.904795058530999e-37
3.6231139671515445e-38
1.4816332299899103e-39
4.038136289160729e-41
7.335045014952432e-43
8.879860486911299e-45
7.164585171265369e-47
3.852631802873402e-49
5.951381477784025e-06
5.1637181436134414e-05
0.00029859932153229697
0.0011507915191919138
0.0022578897749426703
0.0044249987589281
0.005779697620630004
0.005031281660072584
0.002918997288344801
0.001128678625704682
0.00029086298583746615
4.9956058276149254e-05
5.718332669787022e-06
4.362467647268174e-07
2.2180767486126307e-08
7.516271645858997e-10
1.697500512372798e-11
2.555047090174059e-13
2.563123022447571e-15
1.7136477007845297e-17
7.635811202910552e-20
2.2676204726108405e-22
4.488147330260373e-25
5.920322824464538e-28
5.204814078314079e-31
3.0496261349176775e-34
1.1908841886857062e-37
3.0993741444012975e-41
1.4908340415187685e-62
6.882373214139094e-66
3.28129310268917e-68
7.702940172293974e-72
0.0
0.0
0.0
0.0
0.0
0.0
0.0
0.0
0.0
0.0
0.0
0.0
0.0
0.0
0.0
0.0
0.0
0.0
0.0
0.0
0.0
0.0
0.0
0.0
0.0
8.056844304308554e-35
6.6800061652115055e-34
3.691223173235072e-33
1.3593938230453925e-32
3.336582202600021e-32
5.4580802129502e-32
5.950583407749357e-32
4.3237515256331277e-32
2.0938398341091584e-32
6.75783735961192e-33
1.3559431507451485e-05
0.0001047912738722065
0.0005397470857002485
0.001852836257035652
0.004239018610533385
0.0064636101478276085
0.0065685049747957035
0.004448764949579338
0.00200813976386224
0.0006057933247967882
0.00013507197587458934
9.405533283818919e-05
0.00029127652570878193
0.0007190678361364327
0.0010516427995028693
0.0013265817608470066
0.001115283887596047
0.0006249114471932494
0.00023336358228986899
5.8080351203385485e-05
9.634006454428903e-06
1.0650406406885482e-06
7.84706004413836e-08
3.853268919339378e-09
1.2610526274148838e-10
2.7505443465758824e-12
3.998394484097795e-14
3.873773073948542e-16
2.5012912320596548e-18
1.0764054638326099e-20
3.087230631162039e-23
5.901247538478655e-26
7.518922565627936e-29
7.97430950244014e-32
1.7587320258228703e-32
1.2903078916659045e-32
6.322087996679796e-33
2.0644754638057354e-33
4.4930418448669855e-34
6.517075452445151e-35
1.4360243357593373e-35
1.059196814410672e-36
5.206826185325205e-38
1.7058900763297372e-39
3.724865139186049e-41
5.420653066612222e-43
5.257438722092459e-45
3.3984303591521095e-47
1.464077539767704e-49
4.203696274905827e-52
8.044149433192859e-55
1.0259128693386502e-57
8.720118244391189e-61
4.939873394444522e-64
1.8650514245806027e-67
4.692965394648838e-71
0.0
0.0
0.0
0.0
0.0
0.0
0.0
0.0
0.0
0.0
0.0
0.0
0.0
0.0
0.0
0.0
0.0
0.0
0.0
3.7950354198995133e-06
3.131544009760052e-05
0.000172219670355826
0.0006312313151169613
0.001541969794246567
0.002510410513390762
0.0027239251646955006
0.0019698227409530515
0.0009493812934568398
0.00030495498819847354
6.528484257115081e-05
9.314735537424282e-06
8.857481317350732e-07
5.6134713333024136e-08
2.371015109199555e-09
6.674499149645997e-11
4.929949257169396e-12
7.057150675963091e-14
6.732833568925423e-16
4.281026502102366e-18
1.8141763530744675e-20
5.1238054989510183e-23
9.644668773232885e-26
1.2099391997293495e-28
1.0116291278342588e-31
5.637163778744808e-35
2.0935414033940905e-38
5.181849831108655e-42
5.403988686916471e-50
1.8666093931779325e-52
4.29708565756321e-55
6.59289445333181e-58
6.741550365944912e-61
4.594359680954374e-64
1.0075900338717104e-36
9.245921803012759e-36
5.654550892004755e-35
2.304769862463559e-34
6.260925900601601e-34
1.1335250169766562e-33
1.3819843810710989e-33
1.233013535697899e-33
1.230601683597117e-33
2.5510155222671102e-33
7.18222217255454e-33
1.50002021363805e-32
2.1086856761088884e-32
1.9805826810232592e-32
1.2566515477672793e-32
6.0365287426146776e-33
3.957948216368703e-33
5.060420780462965e-33
6.094712172404941e-33
5.109490681613009e-33
2.8673445722007774e-33
1.0728753096285948e-33
2.675582031137781e-34
4.447035589023714e-35
4.926116290976596e-36
3.6368072151878618e-37
1.7894412720808745e-38
5.86808191802166e-40
1.2824972256032562e-41
1.8680919493432326e-43
1.813516918666669e-45
1.173347149144221e-47
5.0595626926135355e-50
1.0698875844507725e-51
2.3459955672701764e-54
3.4284496418926746e-57
3.3392575040502975e-60
2.167622221678576e-63
1.2112907883010427e-34
7.915422166917563e-34
3.447317621169185e-33
1.0006220386930805e-32
1.9357103708635998e-32
6.235454478831695e-08
5.446764534971008e-07
3.170959076362795e-06
1.230337387350612e-05
3.181554404225371e-05
5.483224590189783e-05
6.298168328179643e-05
4.8214097382266614e-05
2.4598881819142935e-05
8.36446637188665e-06
1.8955823712426415e-06
2.863048011941885e-07
2.882014417207129e-08
1.933504625012769e-09
8.645215624130195e-11
2.576249925815308e-12
1.976500646755562e-13
2.9951025970564504e-15
3.0248789161382883e-17
2.0360377882840796e-19
9.133668004991784e-22
2.730776502907124e-24
5.441374802094322e-27
7.226244855690196e-30
6.395849759150473e-33
3.772813886309028e-36
1.4832489805546052e-39
3.886371237594612e-43
7.172207241416815e-71
0.0
0.0
0.0
0.0
0.0
0.0
0.0
1.4463264007446064e-05
0.00010146161172314742
0.00047437167384719664
0.001478145847173057
0.003069710185569872
0.004248728804841512
0.00421179891540245
0.0029643661442009727
0.0013905211820400983
0.00043471529581828416
9.057613444985585e-05
1.257778570473122e-05
1.1640620965111564e-06
7.180086123330091e-08
2.951648970136311e-09
8.08688577171803e-11
1.4766564222229035e-12
1.797045844735768e-14
1.4575397338511123e-16
7.878856621025691e-19
3.5669549987503594e-08
2.593284186907604e-07
1.2565626355762577e-06
4.057884856166365e-06
8.733671359992336e-06
1.2527820442639456e-05
1.1976660605560673e-05
7.630930768392915e-06
3.2404164810250932e-06
9.170767843254568e-07
1.729784952295774e-07
2.17450333603216e-08
4.3555156715805505e-09
2.7842621564477895e-10
1.1862117360877776e-11
3.368184374035409e-13
6.373985117119637e-15
8.039106491337638e-17
6.757500187309108e-19
3.785697422251483e-21
1.4134722300382326e-23
3.517306461025637e-26
5.833305037519922e-29
6.447638992187028e-32
4.749723046549268e-35
2.3319401987323603e-38
7.630413602019722e-42
1.6640267278888655e-45
7.615543229364656e-63
3.571925022204789e-66
1.1165683895470167e-69
2.3262151048130348e-73
0.0
0.0
0.0
0.0
0.0
0.0
0.0
0.0
0.0
0.0
0.0
0.0
0.0
0.0
0.0
0.0
0.0
0.0
0.0
0.0
0.0
0.0
0.0
0.0
0.0
0.0
0.0
0.0
0.0
0.0
0.0
0.0
0.0
0.0
0.0
0.0
0.0
0.0
0.0
0.0
0.0
0.0
0.0
0.0
0.0
0.0
0.0
0.0
0.0
0.0
0.0
0.0
0.0
0.0
0.0
0.0
0.0
0.0
0.0
0.0
0.0
0.0
0.0
0.0
0.0
0.0
0.0
0.0
0.0
0.0
0.0
0.0
0.0
0.0
0.0
0.0
0.0
0.0
0.0
0.0
0.0
0.0
0.0
0.0
0.0
0.0
0.0
0.0
0.0
0.0
0.0
0.0
0.0
0.0
0.0
0.0
0.0
0.0
0.0
0.0
0.0
0.0
0.0
0.0
0.0
0.0
0.0
0.0
0.0
0.0
0.0
0.0
0.0
0.0
0.0
0.0
0.0
0.0
0.0
0.0
0.0
0.0
0.0
0.0
0.0
0.0
0.0
0.0
0.0
0.0
0.0
0.0
0.0
0.0
0.0
0.0
0.0
0.0
0.0
0.0
0.0
0.0
0.0
0.0
0.0
0.0
0.0
0.0
0.0
0.0
0.0
0.0
0.0
0.0
0.0
0.0
0.0
0.0
0.0
0.0
0.0
0.0
0.0
0.0
0.0
0.0
0.0
0.0
0.0
0.0
0.0
0.0
0.0
0.0
0.0
0.0
0.0
0.0
0.0
0.0
0.0
0.0
0.0
0.0
0.0
0.0
0.0
0.0
0.0
0.0
0.0
0.0
0.0
0.0
0.0
0.0
0.0
0.0
0.0
0.0
0.0
0.0
0.0
0.0
0.0
0.0
0.0
0.0
0.0
0.0
0.0
0.0
0.0
0.0
0.0
0.0
0.0
0.0
0.0
0.0
0.0
0.0
0.0
0.0
0.0
0.0
0.0
0.0
0.0
0.0
0.0
0.0
0.0
0.0
0.0
0.0
0.0
0.0
0.0
0.0
0.0
0.0
0.0
0.0
0.0
0.0
0.0
0.0
0.0
0.0
0.0
0.0
0.0
0.0
0.0
0.0
0.0
0.0
0.0
0.0
0.0
0.0
0.0
0.0
0.0
0.0
0.0
0.0
0.0
0.0
0.0
0.0
0.0
0.0
0.0
0.0
0.0
0.0
0.0
0.0
0.0
0.0
0.0
0.0
0.0
0.0
0.0
0.0
0.0
0.0
0.0
0.0
0.0
0.0
0.0
0.0
0.0
0.0
0.0
0.0
0.0
0.0
0.0
0.0
0.0
0.0
0.0
0.0
0.0
0.0
0.0
0.0
0.0
0.0
0.0
0.0
0.0
0.0
0.0
0.0
0.0
0.0
0.0
0.0
0.0
0.0
