a = 5.0282189046354215 b = 5.0282189046354215 c = 16.837999264926335 ,Gaussian ,LMH = 0.08 ,DW = [1.6 1.6 1.6]
0.0
0.0
0.0
0.0
0.0
0.0
0.0
0.0
0.0
0.0
0.0
0.0
0.0
0.0
0.0
0.0
0.0
0.0
0.0
0.0
0.0
0.0
0.0
0.0
0.0
0.0
0.0
0.0
0.0
0.0
0.0
0.0
0.0
0.0
0.0
0.0
1.4176814702157589e-33
1.2892109143136022e-32
7.813593839873148e-32
2.0731764407489045e-31
6.389482780037683e-31
1.3124316385926674e-30
1.7966737670349502e-30
1.6392428967647896e-30
9.967791435194534e-31
4.03957915344517e-31
1.0910756173470018e-31
1.9640617007233777e-32
2.3563345520905794e-33
1.8840842728345923e-34
1.0040266612216901e-35
3.5659209754013404e-37
8.440724625958438e-39
1.3315862360819907e-40
1.40003989444107e-42
9.810543620184083e-45
4.581706689757917e-47
1.4260772165838336e-49
2.9582872927321294e-52
4.089961338215422e-55
3.768596197459989e-58
2.3143101317851782e-61
9.472073424385918e-65
2.58374770182362e-68
0.0
0.0
0.0
0.0
0.0
0.0
0.0
0.0
0.0
0.0
0.0
0.0
0.0
0.0
0.0
0.0
0.0
0.0
0.0
0.0
0.0
0.0
0.0
0.0
0.0
0.0
0.0
0.0
0.0
0.0
0.0
0.0
0.0
0.0
0.0
0.0
0.0
0.0
0.0
0.0
0.0
0.0
0.0
0.0
0.0
0.0
0.0
0.0
0.0
0.0
0.0
0.0
0.0
0.0
0.0
0.0
0.0
0.0
0.0
0.0
0.0
0.0
0.0
0.0
0.0
0.0
0.0
0.0
0.0
0.0
0.0
0.0
0.0
0.0
0.0
0.0
0.0
0.0
0.0
0.0
0.0
0.0
0.0
0.0
0.0
0.0
0.0
0.0
0.0
0.0
0.0
0.0
0.0
0.0
0.0
0.0
0.0
0.0
0.0
0.0
0.0
0.0
0.0
0.0
0.0
0.0
0.0
0.0
0.0
0.0
0.0
0.0
0.0
0.0
0.0
0.0
0.0
0.0
0.0
0.0
0.0
0.0
0.0
0.0
0.0
0.0
0.0
0.0
0.0
0.0
0.0
0.0
0.0
0.0
0.0
0.0
0.0
0.0
0.0
0.0
0.0
0.0
0.0
0.0
0.0
0.0
0.0
0.0
0.0
0.0
1.731352534414782e-33
1.3617516271825086e-32
7.138251527735216e-32
2.4938328374723422e-31
5.8066330227791875e-31
8.141978165109729e-31
9.640277914299224e-31
7.607303148031406e-31
4.000860788481928e-31
1.4023541547335829e-31
3.275997178348504e-32
5.100478024328442e-33
5.292486886467991e-34
3.6600772241452943e-35
1.686950172302648e-36
5.181980917961417e-38
1.060891358949714e-39
1.4475299655549757e-41
1.3163329784085456e-43
7.977843436695577e-46
3.2224545783485315e-48
8.675003289083132e-51
1.5564459362852418e-53
1.8611440141912219e-56
1.4832264721991655e-59
7.878009576124722e-63
2.7887339828378885e-66
6.579292910521482e-70
0.0
0.0
0.0
0.0
0.0
0.0
0.0
0.0
0.0
0.0
0.0
0.0
0.0
0.0
0.0
0.0
0.0
0.0
0.0
0.0
0.0
0.0
0.0
0.0
0.0
0.0
0.0
0.0
0.0
0.0
0.0
0.0
0.0
0.0
0.0
0.0
0.0
0.0
0.0
0.0
0.0
0.0
0.0
0.0
0.0
0.0
0.0
0.0
0.0
0.0
0.0
0.0
0.0
0.0
0.0
0.0
0.0
0.0
0.0
0.0
0.0
0.0
0.0
0.0
0.0
0.0
0.0
0.0
0.0
0.0
0.0
0.0
0.0
0.0
0.0
0.0
0.0
0.0
0.0
0.0
0.0
0.0
0.0
0.0
0.0
0.0
0.0
0.0
0.0
0.0
0.0
0.0
0.0
0.0
0.0
0.0
0.0
0.0
0.0
0.0
0.0
0.0
0.0
0.0
0.0
0.0
0.0
0.0
0.0
0.0
0.0
0.0
0.0
0.0
0.0
0.0
0.0
0.0
0.0
0.0
0.0
0.0
0.0
0.0
0.0
0.0
0.0
0.0
0.0
0.0
0.0
0.0
0.0
0.0
0.0
0.0
0.0
0.0
0.0
0.0
0.0
0.0
0.0
0.0
0.0
0.0
0.0
0.0
0.0
0.0
1.4873571892979713e-33
1.368167999151272e-32
8.387743240413647e-32
3.4271441777981523e-31
9.332568174241974e-31
1.693758606969246e-30
2.0487237747946936e-30
1.8564027177592673e-30
1.141843721022166e-30
4.680828062095568e-31
1.2788519135180402e-31
2.32862402952393e-32
2.8259211510383843e-33
2.285610662744006e-34
1.232043424133557e-35
4.426202966457943e-37
1.0597860118009888e-38
1.6911673642803335e-40
1.7986080942814617e-42
1.274876295542768e-44
6.022559466612678e-47
1.896163122148726e-49
3.978797560823737e-52
5.564287205370795e-55
5.1861942807994834e-58
3.2215848452897115e-61
1.3337422643375493e-64
3.680067644460075e-68
0.0
0.0
0.0
0.0
0.0
0.0
0.0
0.0
0.0
0.0
0.0
0.0
0.0
0.0
0.0
0.0
0.0
0.0
0.0
0.0
0.0
0.0
0.0
0.0
0.0
0.0
0.0
0.0
0.0
0.0
0.0
0.0
0.0
0.0
0.0
0.0
0.0
0.0
0.0
0.0
0.0
0.0
0.0
0.0
0.0
0.0
0.0
0.0
0.0
0.0
0.0
0.0
0.0
0.0
0.0
0.0
0.0
0.0
0.0
0.0
0.0
0.0
0.0
0.0
0.0
0.0
0.0
0.0
0.0
0.0
0.0
0.0
0.0
0.0
0.0
0.0
0.0
0.0
0.0
0.0
0.0
0.0
0.0
0.0
0.0
0.0
0.0
0.0
0.0
0.0
0.0
0.0
0.0
0.0
0.0
0.0
0.0
0.0
0.0
0.0
0.0
0.0
0.0
0.0
0.0
0.0
0.0
0.0
0.0
0.0
0.0
0.0
0.0
0.0
0.0
0.0
0.0
0.0
0.0
0.0
0.0
0.0
0.0
0.0
0.0
0.0
0.0
0.0
9.941470053761199e-35
7.451615533183737e-34
3.722475244180997e-33
1.2393522092805806e-32
2.7500413281795374e-32
3.7342472011148946e-32
4.21356909268122e-32
3.168682486555818e-32
1.5881403331923048e-32
5.304941212768858e-33
1.1810106770546709e-33
1.7523006434652456e-34
1.7327861385381857e-35
1.141991464860876e-36
5.016055107818705e-38
1.4683963233022288e-39
2.864875978022201e-41
3.725202721220635e-43
3.2283123340219e-45
1.8645873238810584e-47
7.177471184958735e-50
1.8413728525726614e-52
3.148426525305508e-55
1.9712256662929635e-34
3.9451548366269054e-33
2.598916708059359e-32
1.1847183080386682e-31
3.708415312247026e-31
7.911428809535412e-31
1.1430191547353836e-30
1.1128785102592553e-30
8.76389980578868e-31
4.387312130612255e-31
1.469362162449192e-31
3.287927753872343e-32
4.911379527868169e-33
4.8946981140148375e-34
3.2533317041001594e-35
1.4418027956774016e-36
4.25981075329924e-38
8.389526845144888e-40
1.1013331491775243e-41
9.63641493085103e-44
5.619734631314488e-46
2.1842980364158082e-48
5.6584662459409e-51
9.769516292426267e-54
1.1241720657976155e-56
8.62137536292227e-60
4.4065984394710717e-63
1.5011116225451652e-66
3.408022587809996e-70
0.0
0.0
0.0
0.0
0.0
0.0
0.0
0.0
0.0
0.0
0.0
0.0
0.0
0.0
0.0
0.0
0.0
0.0
0.0
0.0
0.0
0.0
0.0
0.0
0.0
0.0
0.0
0.0
0.0
0.0
0.0
0.0
0.0
0.0
0.0
0.0
0.00024208080176144962
0.001801070840710261
0.00893064424126389
0.029513202091536437
0.06500270390103503
0.09541750603208585
0.09334826447750745
0.06086476971076676
0.026448878800055697
0.0076600234299679425
0.0014785447643743028
0.00019020433273005604
1.630751857056123e-05
9.318304671506164e-07
3.5486852266329656e-08
9.006988312302295e-10
1.523608083169399e-11
1.717704625327476e-13
1.2906403849467147e-15
6.4631400051816695e-18
1.5099757274082743e-19
3.84512851642087e-22
6.525793121483146e-25
7.381375379752518e-28
5.564457506576471e-31
2.7956958175366607e-34
9.361351478053378e-38
2.0891457237687578e-41
0.0
0.0
0.0
0.0
0.0
0.0
0.0
0.0
0.0
0.0
0.0
0.0
0.0
0.0
0.0
0.0
0.0
0.0
0.0
0.0
0.0
0.0
0.0
0.0
0.0
0.0
0.0
0.0
0.0
0.0
0.0
0.0
0.0
0.0
0.0
0.0
0.0
0.0
0.0
0.0
0.0
0.0
0.0
0.0
0.0
0.0
0.0
0.0
0.0
0.0
0.0
0.0
0.0
0.0
0.0
0.0
0.0
0.0
0.0
0.0
0.0
0.0
0.0
0.0
0.0
0.0
0.0
0.0
0.0
0.0
6.948674365886196e-34
5.350850249541016e-33
2.746155858042873e-32
9.393103663525479e-32
2.1412856019270963e-31
3.2532813722362916e-31
3.2942018319850662e-31
2.2231068172019254e-31
9.998894928671139e-32
2.997265585468088e-32
5.9879752663852155e-33
7.972899993314412e-34
7.075126082911096e-35
4.184403906319261e-36
1.6493565984533212e-37
4.3328841155717405e-39
7.586144897879489e-41
8.852108768199249e-43
6.884206637905142e-45
1.0151481371911734e-33
7.889901445019334e-33
4.086911965605136e-32
1.4109139763826095e-31
3.246290168328555e-31
4.978009092695123e-31
5.283667077693906e-31
4.120086883475632e-31
2.141207973834687e-31
7.416395433034711e-32
1.7120184938097268e-32
2.6339381576052177e-33
2.7007491262710068e-34
1.8456292432828932e-35
8.40593891124302e-37
2.551582086061342e-38
5.161957297816288e-40
6.959865049793857e-42
6.254156986033035e-44
3.7455731743919714e-46
1.4950280526625026e-48
3.977058194542528e-51
7.051087403395472e-54
8.331664981606389e-57
6.561287186110982e-60
3.4437200880196623e-63
1.2046147841856196e-66
2.808342562898591e-70
0.0
0.0
0.0
0.0
0.0
0.0
0.0
0.0
0.0
0.0
0.0
0.0
0.0
0.0
0.0
0.0
0.0
0.0
0.0
0.0
0.0
0.0
0.0
0.0
0.0
0.0
0.0
0.0
0.0
0.0
0.0
0.0
0.0
0.0
0.0
0.0
0.0
0.0
0.0
0.0
0.0
0.0
0.0
0.0
0.0
0.0
0.0
0.0
0.0
0.0
0.0
0.0
0.0
0.0
0.0
0.0
0.0
0.0
0.0
0.0
0.0
0.0
0.0
0.0
0.0
0.0
0.0
0.0
0.0
0.0
0.0
0.0
0.0
0.0
0.0
0.002517535043859221
0.01865534522170739
0.09213244656200587
0.30325185482115297
0.6652362029540795
0.9725900771028055
1.0
0.7434581704812422
0.3683787971493489
0.12165060145933977
0.02677413468257704
0.003927337053790717
0.0003839391991643595
2.5015447851458813e-05
1.0862646794678728e-06
3.1437252448819214e-08
6.063662977677926e-10
7.79483767290796e-12
6.678218805246934e-14
3.8132542335315234e-16
1.4511504010474348e-18
3.6805323514646806e-21
6.221432605936793e-24
7.008929806946287e-27
5.262529804482016e-30
2.6334129962508276e-33
8.782636913307314e-37
1.9521466112744188e-40
0.0
0.0
0.0
0.0
0.0
0.0
0.0
0.0
0.0
0.0
0.0
0.0
0.0
0.0
0.0
0.0
0.0
0.0
0.0
0.0
0.0
0.0
0.0
0.0
0.0
0.0
0.0
0.0
0.0
0.0
0.0
0.0
0.0
0.0
0.0
0.0
0.0
0.0
0.0
0.0
0.0
0.0
0.0
0.0
0.0
0.0
0.0
0.0
0.0
0.0
0.0
0.0
3.3841889939538807e-05
0.00026905622986019446
0.0014256504129126278
0.0034585487277179012
0.009318939044543359
0.016734802502302068
0.020028861337134263
0.015976199555853516
0.008493217413284604
0.003009210403435688
0.000710582349892637
0.00011182987136702278
1.1729588679415543e-05
8.19953622442171e-07
3.820122968241983e-08
1.1861700252639362e-09
2.45469815144014e-11
3.385562176915884e-13
3.1120390719382286e-15
1.9065176752092153e-17
7.78427516122984e-20
2.118249294761071e-22
3.841647477599759e-25
4.643436360281316e-28
3.7406151951282163e-31
2.0082978246483528e-34
7.186124715807535e-38
1.7137320962674384e-41
0.0
0.0
0.0
0.0
0.0
0.0
0.0
0.0
0.0
0.0
0.0
0.0
0.0
0.0
0.0
0.0
0.0
0.0
0.0
0.0
0.0
0.0
0.0
0.0
0.0
0.0
0.0
0.0
0.0
0.0
0.0
0.0
2.829129486132906e-33
1.810153308685644e-32
7.718971545946208e-32
2.1937395739042845e-31
4.155203017762974e-31
5.245428527149101e-31
4.41317600435115e-31
2.4745889576167205e-31
9.247757679357125e-32
2.3033045218925946e-32
3.823383197848126e-33
4.229858531430106e-34
3.1187847788470496e-35
1.5325918707778103e-36
5.019369616562307e-38
1.0956034356632072e-39
1.593819520798747e-41
1.5452773753510773e-43
9.985166215934072e-46
4.300170736754971e-48
9.08531856841937e-50
1.9896337587628386e-52
2.9039402106872398e-55
2.8247742645800667e-58
1.831307919594249e-61
7.912624335422973e-65
2.278564198987652e-68
4.373040904331084e-72
0.0
0.0
0.0
0.0
0.0
0.0
0.0
0.0
0.0
0.0
0.0
0.0
0.0
0.0
0.0
0.0
0.0
0.0
0.0
0.0
0.0
0.0
0.0
0.0
0.0
0.0
0.0
0.0
0.0
0.0
0.0
0.0
0.0
0.0
0.0
0.0
0.0
0.0
0.0
0.0
0.0
0.000148452112709577
0.0012485603047825819
0.006998648986853879
0.01762726221709272
0.05024491711981994
0.09545110305814314
0.12085129740746832
0.10197723466348754
0.05735043190438874
0.0214957054806919
0.0053696782223296696
0.0008939770461329083
9.919414140713257e-05
7.335457843567307e-06
3.615346913242615e-07
1.1875564860085498e-08
2.5998011016142475e-10
3.793215522588279e-12
3.688556693244665e-14
2.3904901306559817e-16
1.0325212422694745e-18
2.9722996043916904e-21
5.702531880196423e-24
7.291633189486924e-27
6.2153605752300266e-30
3.7434688715788364e-33
2.1948284258807205e-35
1.3221771901544311e-36
1.6903658170545143e-37
5.512322650826146e-39
1.1980366568396473e-40
1.7353502042350775e-42
1.675273443603983e-44
1.0778686118189521e-46
4.621973961037968e-49
1.3209023471772828e-51
2.515912179465604e-54
3.193756426448313e-57
2.7020268070359834e-60
1.5235582513513265e-63
5.725455215647075e-67
1.4339781323963394e-70
0.0
0.0
0.0
0.0
0.0
0.0
0.0
0.0
0.0
0.0
0.0
0.0
0.0
2.6539424131616164e-34
2.0735986754859517e-33
1.1085173104003352e-32
3.963937177713349e-32
9.755220509925155e-32
1.7001763797662317e-31
2.1848226273926515e-31
2.147353305792815e-31
1.6253935722059512e-31
9.206328514491365e-32
3.742480255967187e-32
1.0560278241077871e-32
2.026998696300414e-33
2.6186596559356957e-34
2.2651139360663356e-35
1.30862120399556e-36
5.043710424069309e-38
1.2961839538333811e-39
2.2205282387942982e-41
2.5355356255558903e-43
1.9296747911757203e-45
9.787888921626483e-48
3.3088692990531438e-50
7.455102875311772e-53
1.1194638958777394e-55
1.1716974714601821e-57
8.946951134911336e-61
4.5531954885813344e-64
6.423600725754803e-34
4.552023178453672e-33
2.1498687118921527e-32
6.767074564857493e-32
1.4196181157648053e-31
1.984831536804331e-31
1.8495127050604425e-31
1.1486098450605038e-31
4.754110786695674e-32
1.3114375357613385e-32
2.411056956186506e-33
2.9542611135893476e-34
2.412525065971685e-35
1.3130351093473574e-36
4.762800511733622e-38
1.1514099882282639e-39
1.8551504740569838e-41
1.992094052965379e-43
1.4256800895205106e-45
6.800109062799478e-48
2.1616790819804306e-50
4.579816844351954e-53
6.030040516606255e-55
6.496503856695152e-58
4.664667787127633e-61
2.232252335053829e-64
7.119465681124617e-68
1.5133279875627414e-71
0.0
0.0
0.0
0.0
0.0
0.0
0.0
0.0
0.0
0.00015090601255781286
0.0013142880832050605
0.007628798512127579
0.029512314303564383
0.07609076289080001
0.13075013848330808
0.1497386539671273
0.11428973884848229
0.05813826994354698
0.01971053969830345
0.004453654019797767
0.0013187505168524812
0.00015152461291995087
1.1603400214999882e-05
5.922006893681102e-07
2.0143461070927123e-08
4.5664722909442907e-10
6.899364791016917e-12
6.947346142844166e-14
4.6624084298296e-16
2.0853705747926006e-18
6.216382301719186e-21
1.2350192804195391e-23
1.6352769231865565e-26
1.443080063179908e-29
8.487330099384467e-33
3.3268506792921176e-36
8.691146526573313e-40
0.0
0.0
0.0
0.0
0.0
0.0
0.0
0.0
0.0
0.0
0.0
0.0
0.0
0.0
0.0
0.0
0.0
0.0
0.0
0.0
0.0
0.0
0.0
0.0
0.0
0.0
0.0
0.0
0.0
0.0
0.0
0.0
0.0
0.0
0.0
0.0
0.0
0.0
0.0
0.0
0.0
0.0
0.0
0.0
0.0
0.0
0.0
2.2858658780621537e-35
1.6766262014099112e-34
8.196025500567601e-34
2.670249862199192e-33
5.798051250447842e-33
8.390614082160701e-33
8.092579817091954e-33
5.2018974305674506e-33
2.2285281584591527e-33
6.362913443679954e-34
1.2108084778522166e-34
1.535594114841382e-35
6.202864276021548e-35
2.7661333804374044e-34
1.925917163481723e-33
9.000948959087829e-33
2.818792115924783e-32
5.909601580847889e-32
8.287558008561586e-32
7.769150944145242e-32
4.865782520038516e-32
2.034980342041495e-32
5.68105770724883e-33
1.0583367809731326e-33
1.3153294213621893e-34
1.0903673005825992e-35
6.02792633393856e-37
2.222098395585356e-38
5.461522496845872e-40
8.949181691302849e-42
9.77560214046724e-44
7.118223587578148e-46
3.4550127818480906e-48
1.1177980745604622e-50
2.41046830269398e-53
3.4646144807064904e-56
3.319072584972595e-59
2.1192457611372842e-62
9.018705427990497e-66
4.072813536978347e-68
0.0
0.0
0.0
0.0
0.0
0.0
0.0
0.0
0.00011893985783660443
0.0010084543541993866
0.005698579665624015
0.021461424795609897
0.05386814565979568
0.09011291714348767
0.1004670430507191
0.07465205026451664
0.036969315329460774
0.012201764072777265
0.00268401777436441
0.0003934863758166124
3.844638939679194e-05
2.5035886208720326e-06
1.0865555283539884e-07
3.142841150178946e-09
6.058630740947892e-11
3.4767760155746895e-12
3.4082492402233673e-14
2.2267298361263687e-16
9.69583593777184e-19
2.8137437047201774e-21
5.442085525110834e-24
7.01500099797552e-27
6.026590183328426e-30
3.4506199643970154e-33
1.3167524944817704e-36
3.348827034688753e-40
2.7664006773582274e-65
7.801258111230948e-69
0.0
0.0
0.0
0.0
0.0
0.0
0.0
0.0
0.0
0.0
0.0
0.0
0.0
0.0
0.0
0.0
0.0
0.0
0.0
0.0
0.0
0.0
0.0
0.0
0.0
0.0
0.0
0.0
0.0
4.568503076812495e-35
3.2117309393753993e-34
1.5048247907623718e-33
4.6990954565330484e-33
9.7796687633853e-33
1.3564867998259846e-32
1.2539740423015876e-32
7.725793028168291e-33
3.17233571265479e-33
1.3988486060752458e-33
2.920850748734058e-34
4.064709993086478e-35
5.271547851519887e-34
4.057489928920989e-33
2.0961656300567244e-32
7.217716775433319e-32
1.6563641444187081e-31
2.533339267513738e-31
2.582334142008312e-31
1.7543371810505174e-31
7.943195407242163e-32
2.3969499928986788e-32
4.820634989452291e-33
6.4614661274482185e-34
5.772174388706462e-35
3.436602986817628e-36
1.363643451042199e-37
3.606233531239405e-39
6.356066194443593e-41
7.466284317594353e-43
5.845237806084245e-45
3.0498704591210245e-47
1.0605768676564299e-49
2.458014585884636e-52
3.796717718660625e-55
4.0494098797540084e-57
3.1806667716784815e-60
1.665045683899862e-63
5.809191374613184e-67
1.3507866573130015e-70
0.0
0.0
0.0
0.0
0.0
0.0
0.0
0.0
0.0
0.0
0.0
0.0
0.0
0.0
0.0
0.0
0.0
0.0
0.0
0.0
0.0
0.0
0.0
0.0
0.0
0.0
0.0
0.0
0.0
0.0
0.0
0.0
0.0
0.0
0.0
0.0
0.0
0.0
0.0
8.428599475761681e-05
0.0006340965925432678
0.0031793399720795906
0.010624293732111649
0.023661633130106687
0.03512132660832839
0.03474390711852102
0.027532861143685458
0.013850379345568462
0.004643586505538702
0.0010375928268740744
0.0001545190143360275
1.5336224091591786e-05
1.014463697876453e-06
4.4723535026577874e-08
1.3140663215842127e-09
2.573238225510348e-11
3.358336826415838e-13
2.9211244350105207e-15
1.6933916405744774e-17
6.542538902890982e-20
1.6846774551189974e-22
2.891137604747997e-25
3.3067572110444656e-28
2.5206781928702905e-31
1.2806016211930861e-34
4.3360296031296364e-38
9.784800560704978e-42
0.0
0.0
0.0
0.0
0.0
0.0
0.0
0.00036334777751104456
0.002541653943684997
0.01184927772739016
0.03681704144013883
0.07624079954458013
0.1052222407724988
0.0967852549269555
0.05933246594983791
0.024241369268815163
0.006600904415147946
0.0011979295799736777
0.000144890757188405
1.1679698265946145e-05
6.274861043523455e-07
2.246767590213229e-08
5.361591677966308e-10
8.527286810227563e-12
9.038774520909686e-14
6.385424631117893e-16
3.006433221549529e-18
0.00015549149158150402
0.0012830047069411737
0.007055558837925476
0.02585926247401788
0.049065188540285326
0.09144516939701434
0.11358725744749969
0.094032938261232
0.0518814312081441
0.01907767462800792
0.0046754183309220725
0.0007636547564395279
8.312950513283673e-05
6.031077058050441e-06
2.916191957166796e-07
9.397641778623506e-09
2.0183812973365474e-10
2.8891433340935005e-12
2.7562367019688723e-14
1.7524493830406823e-16
7.426018082760805e-19
2.0972397001015513e-21
3.947495886543332e-24
4.951956833567363e-27
4.140126038248772e-30
2.3069162227524027e-33
8.567056514070363e-37
2.120376531147763e-40
4.7196943479141e-69
1.7207956340879223e-71
0.0
0.0
0.0
0.0
0.0
0.0
0.0
0.0
0.0
0.0
0.0
0.0
0.0
4.747086069464311e-34
3.1133949597597745e-33
1.3608895468129962e-32
3.9645425798432764e-32
7.697413960670408e-32
9.96043138263974e-32
8.589996777934917e-32
4.93729869806395e-32
1.891330174615829e-32
4.8286624729121993e-33
8.216141207082553e-34
9.317308782868302e-35
1.7423674315646782e-35
1.0047659726623233e-36
3.861638727451604e-38
9.891448903055631e-40
1.688611453451795e-41
1.9212376890969833e-43
1.4568472308997946e-45
7.362553713069149e-48
2.4798447210773673e-50
5.566754225681913e-53
8.328391943904434e-56
8.304276699854283e-59
5.5185377257450086e-62
2.4441495093739945e-65
7.214613481534326e-69
1.4193186774042344e-72
0.0
0.0
0.0
0.0
0.0
0.0
0.0
0.0
0.0
0.0
0.0
0.0
0.0
0.0
0.0
0.0
0.0
0.0
0.0
0.0
0.0
0.0
0.0
0.0
0.0
0.0
0.0
0.0
0.0
0.0
0.0
0.0
0.0
0.0
0.0
0.0
0.0
0.0
0.0
0.0
0.0
0.0
0.0
0.0
0.0
0.0
0.0
0.0
0.0
0.0
0.0
0.0
0.0
0.0
0.0
0.0
0.0
0.0
0.0
0.0
0.0
0.0
0.0
0.0
0.0
0.0
4.230764427643806e-34
3.0250228118745947e-33
1.441517808844137e-32
4.57818057568054e-32
9.690526485630605e-32
1.3670467776962883e-31
1.285289401571226e-31
8.053784883456632e-32
3.3634166724601653e-32
9.361444525145923e-33
1.7365472782756647e-33
2.1469004323807815e-34
1.76896297651765e-35
9.714202034403724e-37
3.5553066730173445e-38
8.672185371772376e-40
1.4098132413687748e-41
1.5274822286937667e-43
1.1029918293337704e-45
2.298026039861606e-35
2.077881536740737e-34
8.332739317970146e-34
4.2479539516061846e-33
1.531358584645418e-32
3.971011798602925e-32
7.470163186203879e-32
1.0146127834203859e-31
9.798518258675315e-32
6.603971966950739e-32
3.0563118253528343e-32
9.599993729977177e-33
2.031218648338597e-33
2.8818907873878066e-34
2.734516509374949e-35
1.7326364293091238e-36
7.324646793634445e-38
2.0649522633233773e-39
3.8811559935285763e-41
4.8626732764660485e-43
4.060840094546083e-45
2.2602860490569787e-47
8.385065602088393e-50
2.0731888064043193e-52
3.416308810691107e-55
3.751969856800168e-58
2.746277671859132e-61
1.339713220722334e-64
6.626594914639247e-67
1.643846765853689e-70
0.0
0.0
0.0
0.0
0.0
0.0
0.0
0.0
0.0
0.0
0.0
0.0
0.0
1.4924748926919501e-34
9.886045582284886e-34
4.3643516054562033e-33
1.284098688616445e-32
2.518016790268861e-32
3.290791668443061e-32
2.866313602611652e-32
1.6639051598070987e-32
6.437466477194777e-33
1.6599038821784286e-33
5.3673812026188765e-34
7.03773615963473e-35
6.150140963124848e-36
3.5819432997795624e-37
1.3903812164399826e-38
3.596918729113792e-40
6.201673621306373e-42
7.126376058003715e-44
5.457705711651557e-46
2.785691635201049e-48
9.476271921379735e-51
2.148441519400062e-53
3.2463183545810957e-56
3.2691904833484816e-59
2.1941731330796237e-62
9.814837376405495e-66
2.9260171779057555e-69
5.813694183641476e-73
0.0
0.0
0.0
0.0
0.0
0.0
0.0
0.0
0.0
0.0
0.0
0.0
0.0
0.0
0.0
0.0
0.0
0.0
1.843280452763394e-35
1.2912679999361814e-34
6.028689374775711e-34
1.8759055786984605e-33
3.890277581041902e-33
5.3768974570007005e-33
4.952955955216868e-33
3.040736071266104e-33
1.2441551290626414e-33
1.2261776720913715e-05
0.00011214956149089573
0.0006836334495244406
0.0027773497697719187
0.007520026958145848
0.013570309925451001
0.01632080904494295
0.014732523925041601
0.009010142351847024
0.003672549838430249
0.0009976662756823876
0.00018062773410329854
2.1795414067222154e-05
1.752779811975391e-06
9.394445451968991e-08
3.3558031999139816e-09
7.989201351131601e-11
1.2676279252291312e-12
1.340484440246236e-14
9.447421777969726e-17
4.437581889758981e-19
1.3891879398955652e-21
2.8983923613475257e-24
4.0302770055916974e-27
3.735030608422445e-30
2.3069330016272193e-33
9.496363862524385e-37
2.6053211177482058e-40
0.0
0.0
0.0002311659705436198
0.001474333123845733
0.004047103363098831
0.013125582824893333
0.028370987040270943
0.04087067798941826
0.039240161585792424
0.025109107741096943
0.010708122270872467
0.003043525263427437
0.0005765301829747828
7.278614774338344e-05
6.124307222819967e-06
3.4343673839306504e-07
1.2835656358645093e-08
3.197208508997929e-10
5.307688012269964e-12
5.872477506888843e-14
4.3303089759247407e-16
2.1281290329823838e-18
6.970414046737638e-21
1.5216008563103744e-23
2.213729028478795e-26
2.1464942238320809e-29
1.3871279941954633e-32
5.974270700250042e-36
1.714884226666e-39
3.280698066675476e-43
1.4786071539922204e-68
0.0
0.0
0.0
0.0
0.0
0.0
0.0
0.0
0.0
0.0
0.0
0.0
0.0
0.0
0.0
0.0
0.0
0.0
0.0
1.2197230135357258e-34
7.835337152011802e-34
3.354561108376738e-33
9.571836565916018e-33
1.820272424173474e-32
2.3070608706139657e-32
2.1566269219499475e-32
1.3899534828583585e-32
5.9704498950291485e-33
1.709209894054324e-33
3.2611087855850775e-34
4.146834690057761e-35
7.087795497440284e-06
5.4182916679175056e-05
0.00027605468923443105
0.000937366495013413
0.002121315531692049
0.0031995040596837416
0.0032161893355961363
0.0021546766124980244
0.0009620643815531602
0.0002862910178821349
5.6779669122090966e-05
7.5051528294103456e-06
6.611618275388868e-07
3.881839284027115e-08
1.5189688868164759e-09
3.9613366675130344e-11
6.885193939870958e-13
7.975761337499922e-15
6.157574430790307e-17
3.168317809734474e-19
7.537181572808288e-21
1.9721076893595787e-23
3.4390130464195407e-26
3.99685661555993e-29
3.0958852985904864e-32
1.598205803533721e-35
5.4987261727031494e-39
1.2608778949965328e-42
0.0
0.0
0.0
0.0
0.0
0.0
0.0
0.0
0.0
0.0
0.0
0.0
0.0
0.0
0.0
0.0
0.0
0.0
0.0
0.0
0.0
0.0
0.0
0.0
0.0
0.0
8.526400734689211e-05
0.0005728544548356995
0.002565100571208058
0.007655015038254708
0.015225418791754071
0.02018245507349582
0.017830367308080745
0.010498521292230686
0.0041198132035572465
0.0010774781330078328
0.0001878109689224027
2.1818002619616902e-05
1.6892369560815052e-06
8.716611839448317e-08
2.9976877120979825e-09
6.870789080640625e-11
1.0495627144416136e-12
5.157553864415441e-14
4.006343014785555e-16
2.0741207472457383e-18
7.156513414823865e-21
1.6456993282148808e-23
2.522208832493866e-26
2.5762804668730757e-29
1.7538271444135108e-32
7.957231302199922e-36
2.4061279916874144e-39
4.849053958309825e-43
4.485186173907317e-65
2.5583579189759483e-05
0.0001843973022985116
0.0008857871411835552
0.0028358661446398104
0.006050950951650757
0.008604845668475565
0.0081553778356348
0.005151416157417908
0.002168656325158793
0.0006084660885987644
0.00011377938256576167
1.4179872136162032e-05
1.177775741351505e-06
6.519802547469993e-08
7.558747923967167e-09
2.1277680386652082e-10
3.991905465150723e-12
4.991346997860383e-14
4.159458794074066e-16
3.114182749203451e-05
0.00022345883105128936
0.0010686426392398141
0.0034060343460688793
0.007235142605532241
0.010242989233716051
0.009664689037738733
0.0060775788521009455
0.002547152031849161
0.0007114766981830883
0.00013244880447519074
1.64330036762662e-05
1.3588371457866715e-06
7.488579016346341e-08
2.7505083710657004e-09
6.732991615350854e-11
1.0984612078447853e-12
1.1943811025711594e-14
8.655310862873428e-17
4.180266462785015e-19
9.533499677970017e-21
2.3414033311584527e-23
3.8324955190611104e-26
4.180888906986143e-29
3.039744966759588e-32
1.472947326371551e-35
4.756843167847037e-39
1.0238397761079308e-42
0.0
0.0
0.0
0.0
0.0
0.0
0.0
3.983042252800318e-05
0.0002583364057073268
0.0011167034564441068
0.003217152560806028
0.006177133679364968
0.007904672696624922
0.006741589932972364
0.0038319719454514064
0.0014516564815526677
0.0003665109399564287
6.167250309381815e-05
1.5003601624175519e-05
1.2838158630506728e-06
7.321355566204411e-08
2.7826706597985235e-09
7.048775306692254e-11
1.1900003056253962e-12
1.3389428092720754e-14
1.0040573732902794e-16
5.018068442079807e-19
1.671460736693653e-21
3.710541782795955e-24
5.489844226764797e-27
5.413327036963554e-30
3.557542169174291e-33
1.5581791777753912e-36
4.548479948472204e-40
8.849051460745083e-44
0.0
0.0
0.0
0.0
0.0
0.0
0.0
0.0
0.0
0.0
0.0
0.0
0.0
0.0
0.0
0.0
3.6084436754500305e-05
0.00029091328677712344
0.001563107085023661
0.005597517426313814
0.013359300695687217
0.021249736265012323
0.022527080530408174
0.015916142801983637
0.007494666128283799
0.0023520594927895137
0.0004919555479106996
6.857802456339607e-05
6.371264386181218e-06
3.945007487551827e-07
1.627989444210041e-08
4.477513310855791e-10
8.207364751842108e-12
1.0026564042853506e-13
4.2450739207596804e-15
2.6371585123336707e-17
1.0918645371273778e-19
3.0128869392949456e-22
5.540876388184223e-25
6.791352983851151e-28
5.548994502992822e-31
3.123081939596947e-34
6.606434638871519e-37
1.9722737881029123e-38
4.691971793156059e-40
7.449190871143666e-42
7.882143938223388e-44
5.5585455495770374e-46
2.612519402695617e-48
8.183506439135372e-51
1.7084445219314108e-53
2.377080453434295e-56
7.987867701964853e-36
5.843739370278249e-35
2.8492618381002883e-34
9.258815556357219e-34
2.0052108790083985e-33
2.8943178287742666e-33
2.784286590092015e-33
1.7851026708409337e-33
1.0594087833247518e-33
3.4539449679739305e-34
7.504967332598513e-35
1.0868353281774165e-35
1.048963160078862e-36
6.747428217853082e-38
2.892663118462199e-39
8.264926426316195e-41
1.5738439668306464e-42
1.9974039457561615e-44
1.6894746571127395e-46
1.3431815927826817e-34
9.433516761916085e-34
4.341533089500402e-33
1.3572184805249058e-32
2.9099337633826976e-32
4.331037025484527e-32
4.5317228977494e-32
3.3655284169035577e-32
1.7788829673719404e-32
6.65619965601637e-33
1.743751582531607e-33
3.1577064007688096e-34
3.9078980699724975e-35
3.2765763131105745e-36
1.8500249156700684e-37
2.1814146713427672e-38
6.321186256791116e-40
1.22420117729584e-41
1.5827735989169354e-43
1.3652263360443548e-45
7.85298157155834e-48
3.0116400903401624e-50
7.6992240901816225e-53
1.3119837823559414e-55
1.4901329153720318e-58
4.4845359116677035e-36
4.0679398992004114e-35
2.4593089929844918e-34
9.909077293278449e-34
1.4558746381773781e-05
0.00012129497628159132
0.0006735086773452905
0.0024924423688848472
0.006147359380311521
0.010104937442518579
0.011070320731920573
0.008082920848864915
0.003933308373998617
0.0012756431919972327
0.00027572870598818175
3.972064552845752e-05
8.712444706150077e-06
6.382295827388478e-07
3.1159851134441656e-08
1.0139005674533196e-09
2.1987553351291136e-11
3.1778982992503367e-13
3.0611501411359104e-15
1.9652183732382503e-17
8.408500390451515e-20
2.3977716982825384e-22
4.556996122386955e-25
5.772062652835849e-28
4.872647136866432e-31
2.7414506748819556e-34
1.0279629567660967e-37
2.5689530652281934e-41
2.8678254245703505e-50
6.546167552572261e-53
9.958709678127758e-56
1.0097191071684796e-58
6.823066838479737e-62
3.0728419622316732e-65
9.223215844783318e-69
1.8450411974774415e-72
0.0
0.0
0.0
0.0
0.0
0.0
0.0
0.0
0.0
0.0
0.0
0.0
0.0
0.0
0.0
0.0
0.0
0.0
0.0
0.0
0.0
0.0
8.10449708308855e-35
5.66023369724445e-34
2.634657725076521e-33
8.173265213907445e-33
1.6898514486005856e-32
2.189028149332558e-32
2.3014781888558682e-32
1.6126641395122512e-32
7.531171582428961e-33
2.344027507655665e-33
4.862329812763207e-34
6.722141837212273e-35
6.193732975414236e-36
3.803459818545513e-37
1.5566347996011246e-38
4.245962810764517e-40
7.718753733164329e-42
9.351897371183596e-44
7.551510447315656e-46
4.063960434545751e-48
1.4576278681164304e-50
3.484379122202327e-53
5.551184872612467e-56
5.894236090947623e-59
4.171102976288196e-62
1.967233197277815e-65
6.183613340553885e-69
1.6950437882659465e-05
0.00011523386470758067
0.0005221086414174788
0.0015766060300063279
0.002629050397395789
0.004037046889354924
0.004131523469624778
0.002817981923051512
0.0012809958704721504
0.0003880956766617924
7.83630675074123e-05
1.0545461718359221e-05
9.458043760968028e-07
5.653515496425409e-08
2.252254186845167e-09
5.979952951802329e-11
1.058180318127824e-12
1.2479671110294867e-14
9.80907711622007e-17
5.138480417631752e-19
1.794001537653617e-21
4.174384645207022e-24
6.473567277030478e-27
6.69077484607989e-30
4.6088302573886146e-33
2.1158582028673206e-36
6.473869695475467e-40
1.3201488333326931e-43
0.0
0.0
0.0
0.0
0.0
0.0
0.0
0.0
0.0
0.0
0.0
0.0
0.0
0.0
0.0
0.0
0.0
8.630482483267821e-36
8.069733074460792e-35
5.028805191721258e-34
2.0885842690234533e-33
5.7812365726025916e-33
1.0665249713426127e-32
1.3121942602953597e-32
1.0805781768545195e-32
2.2753848982070775e-05
0.00015746764229707314
0.0004564394298750809
0.0016062834629545833
0.0037674089954074404
0.005889045377830467
0.006135197945540115
0.004259845088854544
0.0019712448922093256
0.0006079514577355597
0.00012496223250331158
1.71186768952739e-05
1.5629430824848377e-06
9.510375805035735e-08
3.85685882681686e-09
1.0424406896358005e-10
1.877805104673599e-12
2.25440128838211e-14
1.8038211750125495e-16
9.61916303864567e-19
3.4187129652911425e-21
8.0978465044872e-24
1.2783741788714282e-26
1.3450176635258524e-29
9.431473172322709e-33
4.407706092520251e-36
1.3728632203773128e-39
2.849859573765159e-43
0.0
0.0
0.0
0.0
0.0
0.0
0.0
0.0
0.0
0.0
0.0
0.0
0.0
0.0
0.0
0.0
0.0
0.0
0.0
0.0
0.0
0.0
0.0
4.585364717838847e-35
4.275451316156719e-34
2.656877887741445e-33
7.168014474547528e-33
2.2651193116198765e-32
4.770510323631081e-32
6.696072473415959e-32
6.26407572491253e-32
3.905488838910158e-32
1.6228386822202438e-32
4.494246090382803e-33
8.295066952402665e-34
1.0203859976520713e-34
8.365475528926356e-36
4.5708642578163905e-37
1.6645144254301973e-38
4.039785915119869e-40
6.534474781446431e-42
7.044409108817342e-44
5.06127578016771e-46
2.423577891151286e-48
7.734558175421417e-51
1.645112441632127e-53
2.3320465307542274e-56
6.4787399815305785e-06
5.7611939723380045e-05
0.0003414412543319103
0.0013486555282412544
0.0026898326416499863
0.005402725263481422
0.007232393643790088
0.006452570767142418
0.0038367636325095543
0.0015204735223628236
0.00040158198927654575
7.068888637809191e-05
8.292960585518774e-06
6.484098608411829e-07
3.378867555041931e-08
1.1734761695789192e-09
2.716182386929599e-11
6.573292637159523e-06
4.3160443743420156e-05
0.00018887323151647154
0.0005508539512444552
0.0010707401185919168
0.001387117431998236
0.0011976334907715293
0.0006891538440445542
0.00026429562974838566
6.755310708968323e-05
1.1507532879624883e-05
1.3064736892045342e-06
9.885545963273956e-08
1.4115670570741925e-08
5.431303682718334e-10
1.3927982312670978e-11
2.3804215594917045e-13
2.7114468241077345e-15
2.0584003945005103e-17
1.0414541848461232e-19
3.5118182434694175e-22
7.892333706816704e-25
1.1821168219424782e-27
1.1800404738362674e-30
7.850818862233581e-34
3.481084450796972e-37
1.028716509377479e-40
2.0260884844244255e-44
0.0
0.0
0.0
0.0
0.0
0.0
0.0
0.0
0.0
0.0
0.0
0.0
0.0
0.0
0.0
0.0
0.0
0.0
0.0
0.0
0.0
0.0
0.0
0.0
0.0
0.0
0.0
0.0
0.0
0.0
0.0
0.0
0.0
0.0
0.0
0.0
0.0
0.0
0.0
0.0
0.0
0.0
0.0
0.0
0.0
0.0
3.924218244428632e-06
3.238141618361228e-05
0.00017808201971345822
0.0006527183989503445
0.0015944583724334421
0.0025958647674266836
0.0028166474472692497
0.0020368754130213255
0.000981698187365332
0.0003153356414390607
6.750713549575898e-05
9.631808690459066e-06
9.158989558562239e-07
5.804553629516778e-08
2.4517243503311506e-09
6.90169878207823e-11
5.097764494541604e-12
7.297375748084455e-14
6.962018902205207e-16
4.426752439869845e-18
1.8759308295301287e-20
5.298219593731899e-23
9.972972875579858e-26
1.251125964610017e-28
1.0461077590990345e-31
5.853880652564516e-35
3.1241623488264076e-38
2.52416064179124e-40
4.2403192665333824e-42
4.850427679800276e-44
3.697796942236764e-46
1.8788306344455716e-48
6.362294306406905e-51
1.1075329401445388e-36
1.0404597397416043e-35
9.159581917599571e-35
4.508463274781559e-34
1.5633890054455314e-33
3.909083257176115e-33
7.180939623927736e-33
1.0765131702147145e-32
1.5756850683518374e-32
2.0725028793411862e-32
2.839126228310149e-32
2.943948325025534e-32
2.1155389264410487e-32
1.0243319962338556e-32
3.3154494692847916e-33
7.157825386842642e-34
1.0301457579767557e-34
9.881537357337443e-36
6.317412623065427e-37
3.125458763030765e-35
2.6585008853469654e-34
1.508388083657993e-33
5.7039034409435155e-33
1.437516338051827e-32
2.4145430997735578e-32
2.702954174698713e-32
2.016619451241339e-32
1.0027456093823379e-32
3.323067281602691e-33
7.339543487277442e-34
1.0803898857758147e-34
1.0599210560439266e-35
6.930236857902281e-37
3.019980816849584e-38
2.984987031398261e-39
6.614562665969424e-41
9.768803416917533e-43
9.615306958338277e-45
6.307633984406333e-47
2.7577275883476557e-49
8.035590403437873e-52
1.560507165645962e-54
8.38268453290632e-08
7.004668805601612e-07
3.900979223164307e-06
1.4479088306997509e-05
5.2070941422583865e-05
0.00017253363655940536
0.0005929523665259027
0.0016851991914078597
0.003408133305248195
0.004670421339522848
0.0042825668118228995
0.0026196496930475047
0.0010682197771865916
0.00029032364844400237
5.258854524481611e-05
6.348669571415164e-06
5.108061765312732e-07
2.7391207334314326e-08
3.108961920199557e-09
8.477602282080003e-11
1.5406792145829636e-12
1.8660915973244983e-14
1.506382422602725e-16
8.104366444610759e-19
2.9059253142743703e-21
6.944346377472597e-24
1.106012027470865e-26
1.1740048007928562e-29
8.305417031162393e-33
3.915926787051315e-36
1.2305215707490608e-39
2.5770654410595758e-43
0.0
0.0
0.0
0.0
0.0
0.0
0.0
0.0
0.0
0.0
0.0
0.0
0.0
0.0
0.0
0.0
0.0
4.7230860094752136e-36
4.421079200318939e-35
2.758114452114648e-34
1.146773955259662e-33
3.1777878941316305e-33
5.868857162633313e-33
7.223766863938292e-33
5.925915455768402e-33
3.239878539741761e-33
6.088548075157391e-08
4.027221549279774e-07
1.7753290222426578e-06
5.21595374778357e-06
1.0213395712243067e-05
1.3328710463652245e-05
1.1592781688254936e-05
6.719991582890396e-06
2.596159369996679e-06
6.684601420871569e-07
1.1470998768403425e-07
1.3119234578304917e-08
2.4672559249022115e-09
1.434907961579824e-10
5.5618009018238255e-12
1.4367737317331442e-13
2.4736763022086006e-15
2.83843469061421e-17
2.170683433084105e-19
1.1063578598083272e-21
3.758169014670071e-24
8.508216605024626e-27
1.2837554968737786e-29
1.2909447117321434e-32
8.651960292262947e-36
3.864585682604247e-39
1.1504636777814083e-42
2.2825717142520352e-46
2.761389982566396e-59
1.9332839246435813e-62
9.020800592265528e-66
2.8052790850966877e-69
5.814181877677618e-73
0.0
0.0
0.0
0.0
0.0
0.0
0.0
0.0
0.0
0.0
0.0
0.0
0.0
0.0
0.0
0.0
0.0
0.0
0.0
0.0
0.0
0.0
0.0
0.0
0.0
0.0
0.0
0.0
0.0
0.0
0.0
0.0
0.0
0.0
0.0
0.0
0.0
0.0
0.0
0.0
0.0
0.0
0.0
0.0
0.0
0.0
0.0
0.0
0.0
0.0
0.0
0.0
0.0
0.0
0.0
0.0
0.0
0.0
0.0
0.0
0.0
0.0
0.0
0.0
0.0
0.0
0.0
0.0
0.0
0.0
0.0
0.0
0.0
0.0
0.0
0.0
0.0
0.0
0.0
0.0
0.0
0.0
0.0
0.0
0.0
0.0
0.0
0.0
0.0
0.0
0.0
0.0
0.0
0.0
0.0
0.0
0.0
0.0
0.0
0.0
0.0
0.0
0.0
0.0
0.0
0.0
0.0
0.0
0.0
0.0
0.0
0.0
0.0
0.0
0.0
0.0
0.0
0.0
0.0
0.0
0.0
0.0
0.0
0.0
0.0
0.0
0.0
0.0
0.0
0.0
0.0
0.0
0.0
0.0
0.0
0.0
0.0
0.0
0.0
0.0
0.0
0.0
0.0
0.0
0.0
0.0
0.0
0.0
0.0
0.0
0.0
0.0
0.0
0.0
0.0
0.0
0.0
0.0
0.0
0.0
0.0
0.0
0.0
0.0
0.0
0.0
0.0
0.0
0.0
0.0
0.0
0.0
0.0
0.0
0.0
0.0
0.0
0.0
0.0
0.0
0.0
0.0
0.0
0.0
0.0
0.0
0.0
0.0
0.0
0.0
0.0
0.0
0.0
0.0
0.0
0.0
0.0
0.0
0.0
0.0
0.0
0.0
0.0
0.0
0.0
0.0
0.0
0.0
0.0
0.0
0.0
0.0
0.0
0.0
0.0
0.0
0.0
0.0
0.0
0.0
0.0
0.0
0.0
0.0
0.0
0.0
0.0
0.0
0.0
0.0
0.0
0.0
0.0
0.0
0.0
0.0
0.0
0.0
0.0
0.0
0.0
0.0
0.0
0.0
0.0
0.0
0.0
0.0
0.0
0.0
0.0
0.0
0.0
0.0
0.0
0.0
0.0
0.0
0.0
0.0
0.0
0.0
0.0
0.0
0.0
0.0
0.0
0.0
0.0
0.0
0.0
0.0
0.0
0.0
0.0
0.0
0.0
0.0
0.0
0.0
0.0
0.0
0.0
0.0
0.0
0.0
0.0
0.0
0.0
0.0
0.0
0.0
0.0
0.0
0.0
0.0
0.0
0.0
0.0
0.0
0.0
0.0
0.0
0.0
0.0
0.0
0.0
0.0
0.0
0.0
0.0
0.0
0.0
0.0
0.0
0.0
0.0
0.0
0.0
0.0
0.0
0.0
0.0
0.0
0.0
