a = 5.0282189046354215 b = 5.0282189046354215 c = 17.046843000599495 ,Gaussian ,LMH = 0.08 ,DW = [1.5 1.5 1.5]
0.0
0.0
0.0
0.0
0.0
0.0
0.0
0.0
0.0
0.0
0.0
0.0
0.0
0.0
0.0
0.0
0.0
0.0
0.0
0.0
0.0
0.0
0.0
0.0
0.0
0.0
0.0
0.0
0.0
0.0
0.0
0.0
0.0
0.0
1.9421630903752153e-33
1.6654524639366978e-32
9.518320727079377e-32
3.625517251469734e-31
9.203672692410757e-31
1.3670660101285983e-30
1.7647502630972274e-30
1.518303430918265e-30
8.705935388342417e-31
3.3270080689591734e-31
8.473714292081193e-32
1.4383856035712798e-32
1.6272653866225482e-33
1.2269390638158304e-34
6.165512028279044e-36
2.064889676282843e-37
4.608993596684333e-39
6.856411974736167e-41
6.797813617395725e-43
4.4918283234201126e-45
1.978147146171691e-47
5.805980683120748e-50
1.1357274628075558e-52
1.4806561560864855e-55
1.2865179615450448e-58
7.4500474605303976e-62
2.8753040304488224e-65
7.39588338867752e-69
0.0
0.0
0.0
0.0
0.0
0.0
0.0
0.0
0.0
0.0
0.0
0.0
0.0
0.0
0.0
0.0
0.0
0.0
0.0
0.0
0.0
0.0
0.0
0.0
0.0
0.0
0.0
0.0
0.0
0.0
0.0
0.0
0.0
0.0
0.0
0.0
0.0
0.0
0.0
0.0
0.0
0.0
0.0
0.0
0.0
0.0
0.0
0.0
0.0
0.0
0.0
0.0
0.0
0.0
0.0
0.0
0.0
0.0
0.0
0.0
0.0
0.0
0.0
0.0
0.0
0.0
0.0
0.0
0.0
0.0
0.0
0.0
0.0
0.0
0.0
0.0
0.0
0.0
0.0
0.0
0.0
0.0
0.0
0.0
0.0
0.0
0.0
0.0
0.0
0.0
0.0
0.0
0.0
0.0
0.0
0.0
0.0
0.0
0.0
0.0
0.0
0.0
0.0
0.0
0.0
0.0
0.0
0.0
0.0
0.0
0.0
0.0
0.0
0.0
0.0
0.0
0.0
0.0
0.0
0.0
0.0
0.0
0.0
0.0
0.0
0.0
0.0
0.0
0.0
0.0
0.0
0.0
0.0
0.0
0.0
0.0
0.0
0.0
0.0
0.0
0.0
0.0
0.0
0.0
0.0
0.0
0.0
0.0
3.0030326820274035e-33
2.0888700317661427e-32
9.683766926609101e-32
2.991980681719853e-31
6.161050808149701e-31
8.45536468405747e-31
7.733773438717645e-31
4.714461516538305e-31
1.915377109739678e-31
8.386291455106608e-32
1.7325857173783936e-32
2.385618842894047e-33
2.189217600523051e-34
1.3389314842766446e-35
5.457695794026442e-37
1.4826609321279721e-38
2.6844536606495933e-40
3.239302656045672e-42
2.6051257455470094e-44
1.3963278585963453e-46
4.988013991509556e-49
1.1875433481409344e-51
1.8843120608134846e-54
1.9926807832105957e-57
1.4044432189096107e-60
6.597086623317225e-64
2.065293298960719e-67
4.3091621192068655e-71
0.0
0.0
0.0
0.0
0.0
0.0
0.0
0.0
0.0
0.0
0.0
0.0
0.0
0.0
0.0
0.0
0.0
0.0
0.0
0.0
0.0
0.0
0.0
0.0
0.0
0.0
0.0
0.0
0.0
0.0
0.0
0.0
0.0
0.0
0.0
0.0
0.0
0.0
0.0
0.0
0.0
0.0
0.0
0.0
0.0
0.0
0.0
0.0
0.0
0.0
0.0
0.0
0.0
0.0
0.0
0.0
0.0
0.0
0.0
0.0
0.0
0.0
0.0
0.0
0.0
0.0
0.0
0.0
0.0
0.0
0.0
0.0
0.0
0.0
0.0
0.0
0.0
0.0
0.0
0.0
0.0
0.0
0.0
0.0
0.0
0.0
0.0
0.0
0.0
0.0
0.0
0.0
0.0
0.0
0.0
0.0
0.0
0.0
0.0
0.0
0.0
0.0
0.0
0.0
0.0
0.0
0.0
0.0
0.0
0.0
0.0
0.0
0.0
0.0
0.0
0.0
0.0
0.0
0.0
0.0
0.0
0.0
0.0
0.0
0.0
0.0
0.0
0.0
0.0
0.0
0.0
0.0
0.0
0.0
0.0
0.0
0.0
0.0
0.0
0.0
0.0
0.0
0.0
0.0
0.0
0.0
0.0
0.0
4.535893155277426e-33
3.422646295130164e-32
1.7212453218602583e-31
5.769060237108959e-31
1.2886913769941052e-30
1.9185552908047887e-30
1.903624409329454e-30
1.2588377510307896e-30
5.548042765814512e-31
1.6296389265172766e-31
3.190248608959246e-32
4.162355925230423e-33
3.61939055411486e-34
5.67022725304084e-35
2.5072594667223534e-36
7.388897511854991e-38
1.4512477312527006e-39
1.899699957976243e-41
1.6573339262302728e-43
9.636438993278422e-46
3.734261096364673e-48
9.644380410395452e-51
1.6600666791223547e-53
1.9044004741720041e-56
1.4560375578869721e-59
7.419393793153883e-63
2.519682475187674e-66
5.703018187536688e-70
0.0
0.0
0.0
0.0
0.0
0.0
0.0
0.0
0.0
0.0
0.0
0.0
0.0
0.0
0.0
0.0
0.0
0.0
0.0
0.0
0.0
0.0
0.0
0.0
0.0
0.0
0.0
0.0
0.0
0.0
0.0
0.0
0.0
0.0
0.0
0.0
0.0
0.0
0.0
0.0
0.0
0.0
0.0
0.0
0.0
0.0
0.0
0.0
0.0
0.0
0.0
0.0
0.0
0.0
0.0
0.0
0.0
0.0
0.0
0.0
0.0
0.0
0.0
0.0
0.0
0.0
0.0
0.0
0.0
0.0
0.0
0.0
0.0
0.0
0.0
0.0
0.0
0.0
0.0
0.0
0.0
0.0
0.0
0.0
0.0
0.0
0.0
0.0
0.0
0.0
0.0
0.0
0.0
0.0
0.0
0.0
0.0
0.0
0.0
0.0
0.0
0.0
0.0
0.0
0.0
0.0
0.0
0.0
0.0
0.0
0.0
0.0
0.0
0.0
0.0
0.0
0.0
0.0
0.0
0.0
0.0
0.0
0.0
0.0
0.0
0.0
0.0
0.0
0.0
0.0
0.0
0.0
0.0
0.0
1.9280980251467548e-34
1.445203286434359e-33
7.219553172870695e-33
2.4036611630400583e-32
5.333566590515318e-32
7.242384290194005e-32
8.172004947441763e-32
6.145500023242475e-32
3.0801181550866305e-32
1.0288666183719473e-32
2.290510700924796e-33
3.398498805365797e-34
3.360651406331139e-35
2.2148349049240072e-36
9.728386139184214e-38
1.1355619594124437e-33
9.646681611466653e-33
5.461698051421663e-32
2.06090977447266e-31
5.182887947431049e-31
8.686927728977168e-31
9.703806892117668e-31
7.22502471440393e-31
3.5904240920300856e-31
1.2198072132953667e-31
3.964577545634885e-32
3.9230690769168474e-32
6.212467104260882e-32
7.182399029283954e-32
5.564197618102708e-32
2.87375124867125e-32
1.4765651733621218e-32
3.878016171283769e-33
6.7880998162274085e-34
7.918964124794863e-35
6.157013127286431e-36
3.190460203663731e-37
1.1018389795114945e-38
2.536088944719537e-40
3.8903831693173805e-42
3.9774233841418133e-44
2.7101468004143655e-46
1.2307372839608414e-48
3.724941417057385e-51
7.513721344159632e-54
1.0101183731938798e-56
9.050467324957533e-60
5.404447310192262e-63
2.1508648270791093e-66
5.7050111343303803e-70
0.0
0.0
0.0
0.0
0.0
0.0
0.0
0.0
0.0
0.0
0.0
0.0
0.0
0.0
0.0
0.0
0.0
0.0
0.0
0.0
0.0
0.0
0.0
0.0
0.0
0.0
0.0
0.0
0.0
0.0
0.0
0.0
0.0
0.0
0.0
0.0
0.0002333117079089205
0.0017365045654257555
0.008613841460787641
0.028477336509060362
0.06274561904482155
0.0921401675691869
0.09017707311914158
0.05881997302755659
0.025570254757747855
0.007408441179143016
0.0014305405321027465
0.00018410053299921332
1.5790339677592053e-05
9.02629342567077e-07
3.438816251210731e-08
8.73152379181644e-10
1.4775856380158825e-11
1.666467425008666e-13
1.2526292383314357e-15
6.2752323173571846e-18
2.0951668827596733e-20
4.662179400937362e-23
6.342640283873549e-25
7.177001256144953e-28
5.412495036982162e-31
2.7204048986443686e-34
9.112785199168525e-38
2.0344652065101985e-41
0.0
0.0
0.0
0.0
0.0
0.0
0.0
0.0
0.0
0.0
0.0
0.0
0.0
0.0
0.0
0.0
0.0
0.0
0.0
0.0
0.0
0.0
0.0
0.0
0.0
0.0
0.0
0.0
0.0
0.0
0.0
0.0
0.0
0.0
0.0
0.0
0.0
0.0
0.0
0.0
0.0
0.0
0.0
0.0
0.0
0.0
0.0
0.0
0.0
0.0
0.0
0.0
0.0
0.0
0.0
0.0
0.0
0.0
0.0
0.0
0.0
0.0
0.0
0.0
0.0
0.0
0.0
0.0
1.521063950176932e-33
1.0120920021768232e-32
4.488219213890171e-32
9.669654698922008e-32
2.1805578540780064e-31
3.277221609865982e-31
3.2826573624139726e-31
2.1914261856293475e-31
9.750113863670041e-32
2.8911729796831597e-32
5.71373393877195e-33
7.5257103436777765e-34
1.0917688179909948e-33
7.972922015510196e-33
4.1264261066582444e-32
1.4240315049515718e-31
3.2752784921061575e-31
5.020632452334474e-31
5.12920636892786e-31
3.4923958619009006e-31
1.5848140226568075e-31
4.7930801763596157e-32
9.661234652250442e-33
1.2978727533445743e-33
1.1620187835252782e-34
6.933870551144059e-36
2.7575275427055816e-37
7.308790889858993e-39
1.291078837039596e-40
6.989698448065144e-42
6.2786785032873425e-44
3.758889856063452e-46
1.4997970760841643e-48
3.9882920542316916e-51
7.068429848529567e-54
8.34911608007831e-57
6.572636200330639e-60
3.4484206564665926e-63
1.2058198518550168e-66
2.8101284341363406e-70
0.0
0.0
0.0
0.0
0.0
0.0
0.0
0.0
0.0
0.0
0.0
0.0
0.0
0.0
0.0
0.0
0.0
0.0
0.0
0.0
0.0
0.0
0.0
0.0
0.0
0.0
0.0
0.0
0.0
0.0
0.0
0.0
0.0
0.0
0.0
0.0
0.0
0.0
0.0
0.0
0.0
0.0
0.0
0.0
0.0
0.0
0.0
0.0
0.0
0.0
0.0
0.0
0.0
0.0
0.0
0.0
0.0
0.0
0.0
0.0
0.0
0.0
0.0
0.0
0.0
0.0
0.0
0.0
0.0
0.0
0.0
0.0
0.0
0.0
0.0
0.0
0.0
0.0
0.0
0.0
0.005280388832013806
0.03392888804549905
0.1452964146543843
0.41468823755813655
0.7888057802560786
1.0
0.8449119717965101
0.4757781308231402
0.17855788616890525
0.04466168913158611
0.007445138836729674
0.0008271647254846601
0.00015258283114472556
8.62040070877808e-06
3.245867497988583e-07
8.145460999652519e-09
1.362329303247942e-10
1.5185534264225006e-12
1.1281311783737341e-14
5.585610865147277e-17
1.8431611110739434e-19
4.0535680593789485e-22
5.941460141320175e-25
5.804040776473984e-28
3.778759656957187e-31
1.63964426148524e-34
4.741672393904479e-38
9.138922714328573e-42
0.0
0.0
0.0
0.0
0.0
0.0
0.0
0.0
0.0
0.0
0.0
0.0
0.0
0.0
0.0
0.0
0.0
0.0
0.0
0.0
0.0
0.0
0.0
0.0
0.0
0.0
0.0
0.0
0.0
0.0
0.0
0.0
0.0
0.0
0.0
0.0
0.0
0.0
0.0
0.0
0.0
0.0
0.0
0.0
0.0
7.776086172296883e-05
0.0005336599618861513
0.002440898526602151
0.007440744256702867
0.015116963990556141
0.020468891668758423
0.018471647178016293
0.011109601214487253
0.004453206799233133
0.0011896762870283733
0.0002118196738918807
2.5135372929147926e-05
1.987860570177799e-06
1.0477750529864726e-07
3.6807111478874024e-09
8.617414187514751e-11
5.629130470169437e-12
6.701763932262386e-14
5.317634522043116e-16
2.8120911443036414e-18
9.911099781065433e-21
2.3280690239060818e-23
3.644612870337622e-26
3.8026688292019454e-29
2.644278252642263e-32
1.2254831660652742e-35
3.785202295296322e-39
7.792061790622098e-43
0.0
0.0
0.0
0.0
0.0
0.0
0.0
0.0
0.0
0.0
0.0
0.0
0.0
0.0
0.0
0.0
0.0
0.0
0.0
0.0
0.0
0.0
0.0
0.0
0.0
0.0
0.0
0.0
0.0
0.0
0.0
0.0
0.0
0.0
0.0
4.437457064491822e-34
3.988073594054404e-33
2.3887665675675478e-32
9.535990473933456e-32
1.9154084524753862e-31
3.8882669714381706e-31
5.260563909955089e-31
4.743403549513604e-31
2.8505548069467662e-31
1.1416954360335586e-31
3.047562932377016e-32
5.421714549002765e-33
6.428389194951073e-34
5.079830539104573e-35
2.6753329290695908e-36
9.390484358752411e-38
2.196745272327724e-39
3.424939903007098e-41
3.558834225422714e-43
2.4645867532235098e-45
1.137527774470786e-47
3.4991411139924053e-50
7.173687483945144e-53
9.801781050999729e-56
8.925839831711885e-59
5.417198255376719e-62
2.1911994921810893e-65
5.907050115781094e-69
0.0
0.0
0.0
0.0
0.0
0.0
0.0
0.0
0.0
0.0
0.0
0.0
0.0
0.0
0.0
0.0
0.0
0.0
0.0
0.0
0.0
0.0
0.0
0.0
0.0
0.0
0.0
0.0
0.0
0.0
0.0
0.0
0.0
0.0
0.0
0.0
0.0
0.0
0.0
0.0
0.0
0.0
0.0
0.0
0.0
0.0
0.0
0.0
0.0
0.0
0.0
0.00014464814790642532
0.0012165669611560288
0.006819314291444806
0.017175577941093728
0.04895743193168399
0.09300524607552468
0.117754581076778
0.09936415085954366
0.05588087367158247
0.02094489548833137
0.005232084579577326
0.0008710696104875298
9.665237210722525e-05
7.147492694788842e-06
3.522706585273265e-07
1.157126315685756e-08
2.533183310157935e-10
3.696017455983979e-12
3.594040424129776e-14
2.3292357628108673e-16
1.0060637241351013e-18
2.8961368413698537e-21
5.556409127774863e-24
7.104788736211921e-27
6.055484373248022e-30
3.543989413059832e-33
1.0150524672639138e-35
4.965162606391134e-37
5.802127984947076e-38
1.654437398321365e-39
3.1440896519571956e-41
3.982181513616343e-43
3.361466061379424e-45
1.8911150805828615e-47
7.090693827608901e-50
1.7719075417941293e-52
2.9510388590436515e-55
3.275596120927252e-58
2.4231891523615974e-61
1.1947191703303097e-64
3.925779445324121e-68
4.098312703570031e-34
2.900562990968398e-33
1.3681731357229594e-32
4.3011180673449547e-32
9.011627216529842e-32
1.258364969647061e-31
1.1710934986704002e-31
7.263702831789865e-32
3.002659697281187e-32
8.272479686993589e-33
1.5189618008674691e-33
1.8588294448885332e-34
1.1649696260643887e-34
4.648658043934278e-34
3.2174079441924726e-33
1.4913244631433778e-32
4.6071493541221535e-32
9.485802193960832e-32
1.3016594794300933e-31
1.1904255925907847e-31
7.255856295784855e-32
2.9475191729037625e-32
7.980059929758337e-33
1.4399161912916836e-33
1.7316089654421663e-34
1.3878546486222028e-35
7.413438537330266e-37
2.6392282206854105e-38
6.262038734200653e-40
9.902300490685963e-42
3.4718427354657713e-34
2.7341779451659527e-33
1.4350765084174647e-32
5.020013475518688e-32
1.1703513456158228e-31
1.8184827379508775e-31
1.8831445386293633e-31
1.299689694966704e-31
5.978293658430214e-32
2.843390337738292e-32
6.650842023385604e-33
1.0368079755972463e-33
1.0772129720185728e-34
7.459098945305167e-36
3.4423316490737815e-37
1.0587674950791923e-38
2.1703513095533202e-40
2.96511146438982e-42
2.6998122181436633e-44
1.6383536048874982e-46
6.626180649599019e-49
1.7860781225580228e-51
3.208626589192406e-54
3.8416646686481725e-57
3.0654996935201663e-60
1.6302891897620285e-63
5.7784261702944355e-67
1.365010640850059e-70
0.0
0.0
0.0
0.0
0.0
0.0
0.0
0.0
0.0
0.0
0.0
0.0
0.0
0.0
0.0
0.0
0.0
0.0
0.0
0.000828191180528221
0.005266639137778486
0.022321227361933742
0.06304986026005398
0.11869481113645848
0.1489226951479861
0.12452931210493694
0.06940069809898075
0.025777312536474424
0.006381062281194602
0.001052761218352713
0.00011575728194499068
8.482977432039933e-06
1.1857209655178337e-06
4.418603886271089e-08
1.0974106980914028e-09
1.816497720393735e-11
2.0039278128524704e-13
1.4733666556196184e-15
7.219733204272372e-18
2.3578328245523138e-20
5.1319972852499007e-23
7.444600115112471e-26
7.197437123778795e-29
4.637628248327764e-32
1.9915698089550145e-35
5.700023989572885e-39
1.0872749470589324e-42
0.0
0.0
0.0
0.0
0.0
0.0
0.0
0.0
0.0
0.0
0.0
0.0
0.0
0.0
0.0
0.0
0.0
0.0
0.0
0.0
0.0
0.0
0.0
0.0
0.0
0.0
0.0
0.0
0.0
0.0
0.0
0.0
0.0
0.0
0.0
0.0
0.0
0.0
0.0
0.0
0.0
0.0
0.0
0.0
0.0
0.0
0.0
0.0
0.0
2.6471901450298025e-35
1.941648632960778e-34
9.491562099832689e-34
3.0923332763396234e-33
6.714542737553353e-33
9.71690908124232e-33
9.371764872676582e-33
6.024155549024554e-33
2.8125348290290786e-33
2.3985600363194417e-33
8.081130176686594e-33
2.530912651567964e-32
5.370811368671495e-32
7.085383085002284e-32
7.679450982171037e-32
5.630751984756974e-32
2.938655973066023e-32
1.2973870058314172e-32
6.344744292509648e-33
3.286453768731048e-33
1.3701247304556373e-33
3.997925529982384e-34
7.860292779143876e-35
1.0323962187707194e-35
9.041779329293936e-37
5.278244205576011e-38
2.0536031373235725e-39
5.325093278589475e-41
9.202798615497392e-43
1.0599716784719728e-44
8.136735019991818e-47
4.1628200454745684e-49
8.496938762403217e-34
5.962561338743078e-33
2.78859073100474e-32
8.691970573611626e-32
1.8463533543564314e-31
2.758939726607572e-31
3.405116172605061e-31
4.041923788820156e-31
5.77175534383421e-31
7.374407174149009e-31
6.871708510877394e-31
4.360129129262642e-31
1.8526124707151906e-31
5.251744828366162e-32
9.924364395085002e-33
0.00016469898332073009
0.001316098785456908
0.007009186350840379
0.02487873378739821
0.058853255029780366
0.09278852058518341
0.09749886530674763
0.06827888502313272
0.03186800142774514
0.00991299263489951
0.0020551157483293986
0.0002839548815679038
2.6148328919792625e-05
1.6047969402255174e-06
6.564139229508957e-08
1.789439537585694e-09
3.2511560972708626e-11
3.93677109021307e-13
1.65694941585079e-14
1.0202677794936415e-16
4.186977636419737e-19
1.1451665634129518e-21
2.0874603013144832e-24
2.536000524886643e-27
2.0533453612717803e-30
1.1080419730746348e-33
3.985033445317812e-37
9.551889232542335e-41
0.0
0.0
0.0
0.0
0.0
0.0
0.0
0.0
0.0
0.0
0.0
0.0
0.0
0.0
0.0
0.0
0.0
0.0
0.0
0.0
0.0
0.0
0.0
0.0
0.0
0.0
0.0
0.0
0.0
1.4263661990197834e-35
1.2287530020809527e-34
7.0547185690289355e-34
2.6994565584618685e-33
6.884216829432469e-33
1.1700765798617334e-32
1.3254262905073499e-32
1.0006412985117767e-32
5.908911261766786e-33
7.836192189746943e-33
2.919510226344679e-32
9.008490628887626e-32
1.5357882291189944e-31
2.4396118492264757e-31
2.5829976604200097e-31
1.8226798034600263e-31
8.571925177696758e-32
2.6867540576228593e-32
5.6125342426355955e-33
7.813968248171056e-34
7.250464471908486e-35
4.483751795854681e-36
1.8479867229142797e-37
5.0761877634405824e-39
9.293045366253727e-41
1.1338614365101557e-42
9.220266217218785e-45
4.996990049246075e-47
1.8049079454658255e-49
4.344933932591364e-52
6.970964091996246e-55
7.453908587319352e-58
5.311984844649048e-61
2.5229645040219007e-64
7.98632540560584e-68
1.6848622939240947e-71
0.0
0.0
0.0
0.0
0.0
0.0
0.0
0.0
0.0
0.0
0.0
0.0
0.0
0.0
0.0
0.0
0.0
0.0
0.0
0.0
0.0
0.0
0.0
0.0
0.0
0.0
0.0
0.0
0.0
0.0
0.0
0.0
0.0
0.0
0.0
0.0
0.0
0.0
0.0
0.0
0.0
0.0
0.00015227331277454986
0.0010262298060123203
0.00460942762777143
0.013798469725311848
0.027529377917638664
0.03660525348513682
0.03243933836159678
0.019159408842973142
0.007541778452119069
0.0019785497914068246
0.0003459407684934871
8.633875472980776e-05
7.676497673665275e-06
4.548854157479416e-07
1.7964802683601026e-08
4.728511375880916e-10
8.29483923234518e-12
9.697796267999099e-14
7.556482614061683e-16
3.924170484550161e-18
1.358180824503993e-20
3.132916863677721e-23
0.0005692512432222564
0.003686847507881458
0.015914313554358486
0.04578278359364764
0.08778049511927614
0.11216966069889532
0.09552880266379166
0.054221909883639556
0.020511472330217717
0.005171308041154197
0.0008689314760394484
9.730881828247194e-05
7.262738642816259e-06
3.6126857120493667e-07
1.1976819246136605e-08
9.865442383127419e-10
1.663146317770262e-11
1.8686411177455579e-13
1.3992744084618902e-15
6.98331174462221e-18
2.3227449087323722e-20
5.1490030837781327e-23
7.607228413932109e-26
7.493229798958768e-29
7.241860556352118e-32
1.325494607918064e-32
5.017315298278071e-33
1.2677986285035271e-33
0.0003681122334415877
0.002608847843991134
0.012322499197322234
0.03879094813331646
0.08138484473426709
0.11379894397239099
0.10605092790216382
0.06586766405453753
0.027265382771974135
0.0075219853704878836
0.001383040564175098
0.000169480173456774
1.3841540563583896e-05
2.079675823957116e-06
8.637016584292575e-08
2.390635762394963e-09
4.410061223229257e-11
5.421973286390319e-13
4.442747964465203e-15
2.42620519219449e-17
8.830492524856169e-20
2.142021742709919e-22
3.462935245785408e-25
3.731181837005035e-28
2.6793534437579705e-31
1.2823162540116997e-34
4.090174490266979e-38
8.695009733852827e-42
0.0
0.0
0.0
0.0
0.0
0.0
0.0
0.0
0.0
0.0
0.0
0.0
0.0
0.0
0.0
0.0
0.0
1.257305651484577e-34
1.0587972550855724e-33
5.94246036798907e-33
2.2228048177107947e-32
5.541379746235517e-32
9.206955516050785e-32
1.0195199414338916e-31
7.524141476985591e-32
3.700835057046508e-32
1.21317668104898e-32
2.650512927204427e-33
3.859378273792793e-34
3.7452974665039554e-35
2.4223496683707196e-36
1.0441644419897324e-37
2.9997323960398085e-39
5.743513884032805e-41
7.329163081824976e-43
6.233222699892969e-45
2.0729349595723255e-46
8.964921982734172e-49
2.583978532429702e-51
4.963783558518444e-54
6.355040452393368e-57
5.422572293257246e-60
3.0837128480167393e-63
1.1687565504640522e-66
2.95226769194266e-70
0.0
0.0
0.0
0.0
0.0
0.0
0.0
0.0
0.0
0.0
0.0
0.0
0.0
0.0
0.0
0.0
0.0
0.0
0.0
0.0
0.0
0.0
0.0
0.0
0.0
0.0
0.0
0.0
0.0
0.0
0.0
0.0
0.0
0.0
0.0
0.0
0.0
0.0
0.0
0.0
0.0
0.0
0.0
0.0
0.0
0.0
0.0
0.0
0.0
0.0
0.0
0.0
0.0
0.0
0.0
0.0
0.0
0.0
0.0
0.0
1.0378142408594978e-34
9.546593857164595e-34
5.852734395896767e-33
2.3913917851364598e-32
6.512147046269159e-32
1.181895862072208e-31
1.4296040636693954e-31
1.1524812912443111e-31
7.967953986984824e-32
3.2663860174928404e-32
8.924209281362657e-33
1.62500062773576e-33
1.9720542956451104e-34
1.595018597190508e-35
1.572339149694939e-34
1.2367668048576611e-33
6.518845096846011e-33
2.2900544007517947e-32
5.361700292072253e-32
8.366442247394117e-32
8.700829313262747e-32
6.030620904184006e-32
2.785768072805592e-32
8.576486983309366e-33
1.9022078413383083e-33
1.1808453984317045e-33
4.15800639378969e-33
1.2127937382333171e-32
2.3695874551612265e-32
3.0859283559070376e-32
2.6784369792453797e-32
1.5493823110654958e-32
5.973340932293901e-33
1.5348203929001006e-33
4.951292610982793e-34
6.469361671355733e-35
5.6335975329365864e-36
3.269578373609731e-37
1.2646758774320763e-38
3.260230198204059e-40
5.601429121436007e-42
6.414029783640895e-44
4.8949092863122115e-46
2.4896590235338464e-48
8.439498558649766e-51
1.9066674979614519e-53
2.870878624381643e-56
2.880953496909094e-59
1.9268114249884473e-62
8.588626677190869e-66
4.370720129014436e-35
3.7032135477575274e-34
2.0911542227172637e-33
7.870003365342058e-33
1.9739916946598247e-32
3.299873353376981e-32
3.6764678432734146e-32
2.729894221904216e-32
1.3509597657893718e-32
4.4557473661304316e-33
1.697749124318316e-33
2.8474377565937424e-34
3.182852492045045e-35
2.371157119817843e-36
1.1772960893320021e-37
3.8957638063008924e-39
8.59173916085605e-41
1.2628480474768612e-42
1.237093880840055e-44
8.076733785988419e-47
3.514393819501492e-49
1.0191700029664644e-51
1.9698102230099972e-54
2.537369350390954e-57
2.1783343522560601e-60
1.2463698629439928e-63
4.7528147415304904e-67
1.2079150203018467e-70
0.0
0.0
0.0
0.0
0.0
0.0
0.0
0.0
0.0
0.0
0.0
0.0
0.0
0.0
0.0
0.0
0.0
0.0
0.0
0.0
0.0
0.0
0.0
0.0
0.0
0.0
0.0
0.0
0.0
0.0
0.0
0.0
0.0
0.0
0.0
0.0
0.0
0.0
0.0
0.0
0.0
0.0
0.0
1.7473690418366986e-35
1.2240794527063213e-34
5.714998583389808e-34
1.778296584609419e-33
3.687854769507799e-33
5.097121354164061e-33
4.6952388003420066e-33
2.8825174527083e-33
1.179418005820658e-33
2.146809443112724e-05
0.0001785106496561765
0.0009892733557221843
0.00365384434457968
0.008994257571114257
0.014755779158791324
0.016133943112297208
0.013667643145747959
0.007599317433579024
0.002816028779828742
0.0006954743867276998
0.00011447396869621471
1.255780940288764e-05
9.181266276071928e-07
4.4737614921862865e-08
1.4528628509309434e-09
3.144546053300863e-11
4.535997934256204e-13
4.36083128645138e-15
2.794134255862845e-17
1.1931823016521192e-19
3.395845197159738e-22
6.441256281865939e-25
8.143814358849422e-28
7.787131481209548e-31
8.178004674915404e-32
5.934002065354265e-32
3.1504851833776556e-32
1.1474980227909076e-32
0.00020144361747645478
0.0013218061768883894
0.005780475841280773
0.01233847994454264
0.027438480253130546
0.0406667995605047
0.0401699679563281
0.026445057984151976
0.011602968416795523
0.0033929326955981646
0.0006612458016655299
8.588793452186687e-05
7.4350336423974616e-06
4.2895848759388425e-07
1.649411966518369e-08
4.2269252222656623e-10
7.2194071774502106e-12
8.217884954163377e-14
6.234478412299341e-16
3.1522579018298744e-18
1.0622455167811795e-20
2.385665882694249e-23
3.5708851390951716e-26
3.562244218287302e-29
2.368389067907432e-32
1.0494553200969662e-35
3.09924855506373e-39
6.1000080690188215e-43
0.0
0.0
0.0
0.0
0.0
0.0
0.0
0.0
0.0
0.0
1.2061608017883502e-05
8.45803542730686e-05
0.00039528955375138936
0.001231240019851511
0.002555945900086831
0.003536243313776165
0.0032607249730926898
0.0020038617162275144
0.00082073485011066
0.00022403689744873425
4.075846059979469e-05
4.941940862279849e-06
3.9935475845676595e-07
2.1508084360420245e-08
7.720157260724175e-10
1.8468520724723822e-11
2.944554678595949e-13
1.4888313037290242e-14
1.2070786934173002e-16
6.522396928873085e-19
2.3488777484809723e-21
5.637611583655489e-24
9.01802502499026e-27
9.61411405289013e-30
6.83106882287759e-33
3.2348184494545124e-36
1.0209475679806056e-39
2.149354389536221e-43
9.365640234940305e-49
3.0151265082103766e-51
6.469268179779297e-54
9.250949690850616e-57
8.816557242275263e-60
5.600067891584023e-63
2.370659066465915e-66
6.688464986025103e-70
0.0
0.0
0.0
0.0
0.0
0.0
0.0
0.0
0.0
0.0
0.0
0.0
0.0
0.0
0.0
0.0
6.373673965134549e-35
5.3623376461075805e-34
3.006768673855005e-33
1.1236406066918374e-32
2.7985713413158074e-32
4.6454403460756963e-32
5.139240488189918e-32
3.7892437433538985e-32
1.862034364705671e-32
6.0982382777977765e-33
1.3310753340050835e-33
1.9363436241633646e-34
1.8773436249911095e-35
1.2130722354914515e-36
5.224095428334955e-38
1.4993985569374013e-39
1.121902906835115e-40
1.637434138075554e-42
1.592773260003801e-44
1.0325845428765738e-46
4.461478777787322e-49
3.541037498161454e-05
0.0002809339938551615
0.0014854553731707956
0.005234756356603945
0.012294613626244328
0.01924486395401116
0.020076886036848048
0.013959164027196182
0.006468506446688656
0.0019976995342397114
0.00041118557408096766
5.64062358545121e-05
5.157009323970025e-06
3.1423189351578876e-07
1.2760983772753335e-08
3.4538191931623986e-10
6.230122541298759e-12
7.489884619437718e-14
1.0766376184892037e-05
9.143421238932746e-05
0.0005175227601545291
0.0013119304089925206
0.0037760184278035646
0.007243341474793116
0.009260306527391007
0.007890296323505528
0.004480668487810344
0.0016957969908291078
0.0004277464913687115
7.190856128753546e-05
8.056683288130395e-06
6.016079017900073e-07
2.994003613787302e-08
9.930535236601092e-10
6.242952424784218e-05
0.00039704583389934026
0.0016829567750369075
0.00475430269276477
0.008951220254932191
0.011232054621723248
0.009393289731975204
0.005235495344607809
0.0019448198813415227
0.0004814847557213752
7.944512370871865e-05
8.736419870886071e-06
6.402967515674583e-07
8.950501279262442e-08
3.3357826062870767e-09
8.285708854119225e-11
1.371649489132045e-12
1.5133457850131486e-14
1.1127939224793586e-16
5.453469227697881e-19
1.781199386459494e-21
3.8773388350569e-24
5.625181261694767e-27
5.4390222563722145e-30
3.504989317646559e-33
1.505338293671973e-36
4.3088667977508724e-40
8.220033283426818e-44
0.0
0.0
0.0
0.0
0.0
0.0
0.0
0.0
0.0
0.0
0.0
0.0
0.0
0.0
0.0
0.0
0.0
0.0
0.0
1.3281273977068741e-05
0.00010627153121281321
0.00056672932923257
0.002014262129108377
0.004771312198456206
0.0075325362358579
0.007925490922411274
0.005557668828643418
0.0025974111714466164
0.0008090405546875167
0.00016795054910082274
2.32366818792677e-05
2.142635739814515e-06
1.3167524207539027e-07
5.39313702018747e-09
1.4721780267769503e-10
2.6783094677268374e-12
1.4787516201097718e-13
1.3680382457823102e-15
8.434955440944988e-18
3.466162302372309e-20
9.492848387437896e-23
1.7327094460173152e-25
2.107834407401214e-28
1.708947748019532e-31
9.234271239568506e-35
3.325508161649218e-38
7.981691856540565e-42
0.0
0.0
0.0
0.0
0.0
0.0
0.0
0.0
2.7800604344327446e-34
2.033501175867026e-33
9.913252471940677e-33
3.220842248275065e-32
6.974358858307377e-32
1.0065159778821686e-31
9.680964004272785e-32
7.529244840525149e-32
3.6825778124681544e-32
1.2004221285023474e-32
2.6079400338684886e-33
3.776093661372576e-34
3.6439252784685533e-35
2.343568845213767e-36
3.657580611925703e-05
0.0002948747141895975
0.0015843922429614255
0.005673739998407571
0.013541217103059578
0.02153909839309057
0.022833836524006154
0.016132876266086067
0.007596722573270689
0.0023840879816004927
0.0004986546100773074
6.951186594757076e-05
6.458023233366066e-06
3.9987274842447813e-07
1.650158118879249e-08
4.5384845513441326e-10
8.319126163884554e-12
1.016309787426533e-13
4.302879985185193e-15
2.6730692544573162e-17
1.1067326861756652e-19
3.0539140542160376e-22
5.616327608175786e-25
6.883821546067277e-28
5.6232620422015e-31
3.06146000673201e-34
1.1108373170660178e-37
2.686307304343288e-41
6.473380080630304e-49
2.3442475127293482e-51
5.657927378864002e-54
9.101077697309338e-57
9.756854382982877e-60
6.971213328137166e-63
3.319620750508714e-66
6.103747354909352e-36
4.728127707429199e-35
2.440975361973049e-34
8.63111964570101e-34
2.1234599689849553e-33
4.0622913389945405e-33
7.222490007091039e-33
1.2665799387635676e-32
1.875023415154436e-32
2.052228404620932e-32
1.7233289268950824e-32
9.754405927089066e-33
3.7659407345501996e-33
1.4964727428123634e-33
2.997715047084656e-33
9.541213865006285e-33
2.1278908385789495e-32
3.1682891594328415e-32
1.691343656083944e-05
0.00013965503424163874
0.0007685336375440279
0.002818712061531874
0.006890013855846635
0.011224603914120427
0.012187187776235626
0.008818963164495371
0.004253173534310878
0.0013670683386188024
0.00029285247292071406
4.181086133183045e-05
3.978422306994364e-06
2.522982257546911e-07
1.0663482479449074e-08
3.0037616706933673e-10
5.639147195469385e-12
3.179408010494486e-13
3.035266328311772e-15
1.9312072905351886e-17
8.189219815693103e-20
2.31439623040466e-22
4.359277604000994e-25
5.473293609289232e-28
5.336752982829334e-31
4.0270879117964565e-32
1.4104511150548104e-32
3.5154424275626664e-33
1.4255134703855155e-33
2.5861254063125497e-33
4.698342170089003e-33
5.800210489474255e-33
4.775766420297843e-33
2.620812068895463e-33
9.585409632617878e-34
2.336506745997756e-34
3.7958142350122144e-35
4.1098352167452684e-36
2.965687703855294e-37
1.4262904424570346e-38
4.5716405444910536e-40
9.766022657867898e-42
1.3904165470775826e-43
6.519244276584367e-45
4.719837372339787e-47
2.2773950025165033e-49
7.323711703462536e-52
1.569660266679297e-54
2.242134380332633e-57
2.1345147459359576e-60
1.3543104479986785e-63
5.726890068052072e-67
1.6139906424782833e-70
0.0
0.0
0.0
0.0
0.0
0.0
0.0
0.0
0.0
0.0
0.0
0.0
0.0
0.0
0.0
0.0
0.0
0.0
0.0
0.0
0.0
0.0
0.0
0.0
0.0
0.0
0.0
0.0
0.0
0.0
0.0
0.0
1.9985458412340102e-35
1.8115942583120301e-34
1.094433315929642e-33
4.4065552803874916e-33
1.1824715175876564e-32
2.114772735473412e-32
2.5206831885759253e-32
2.002416316189111e-32
1.0601615129556599e-32
5.537979364763962e-33
1.4909791563174858e-33
2.6753053574645114e-34
3.199312733775338e-35
2.5498907769461672e-36
1.3544656943730928e-37
4.795081462309152e-39
1.1313722382319712e-40
1.779084573958865e-42
1.8645293259565272e-44
1.3023370356509047e-46
3.1039151807680514e-06
2.8800080579616844e-05
0.0001780980272636393
0.0007340169067331499
0.0020162044347433487
0.003691004853740251
0.00450335532492243
0.0036619242992568073
0.001984559194464891
0.000716803802918733
0.00017255124307896587
2.7683272780827165e-05
2.960045045186267e-06
2.1094088135113208e-07
1.001854701515269e-08
1.0487410242986337e-09
2.5328812062650263e-11
4.0770208685696786e-13
4.373736303323675e-15
3.1271146538806326e-17
1.4901039368164668e-19
4.732284735859493e-22
1.0016286111689747e-24
1.4129413124892777e-27
1.3283822799708578e-30
8.323453775887067e-34
1.6442289925529176e-35
1.3872751127868163e-34
7.96935573592083e-34
3.0511649186829762e-33
7.785557196823141e-33
1.3240221940030864e-32
1.5006602490870682e-32
1.1335770389176195e-32
5.706912981588095e-33
1.914842282304414e-33
4.2819965703870025e-34
6.381770317375912e-35
6.3389535947337e-36
4.196386907888725e-37
5.481276169271057e-38
1.8451947719709262e-39
4.139847039031213e-41
1.2468872911496173e-05
9.766365270823237e-05
0.0005098240002477251
0.0017737366406187418
0.004112818523531102
0.006355818758529093
0.00654613579518716
0.004493451558670211
0.002055685470511303
0.0006267795476909457
0.00012736629486079972
1.7249470247706945e-05
1.5569639492511508e-06
9.366188628023736e-08
3.755162983182252e-09
1.0034049303526107e-10
1.7869204470099746e-12
2.120878327222989e-14
1.6776750204831712e-16
8.84466667391187e-19
3.1076825619942158e-21
7.277351959954276e-24
1.135773345593993e-26
1.2197532573929638e-28
9.683649887043712e-32
5.531182662228784e-35
3.617410502959193e-37
1.9164013308906336e-38
7.11859188798773e-40
1.7627039992599598e-41
2.9090168211714844e-43
3.19959215586868e-45
2.3454412689295574e-47
1.145871847950468e-49
3.7310329559141415e-52
8.096618356290474e-55
1.171007834250659e-57
1.128749265181465e-60
7.25131395360428e-64
3.104684583639346e-67
8.859308188724287e-71
1.6848594670174897e-74
0.0
0.0
0.0
0.0
0.0
7.057301122025154e-35
6.17719279849374e-34
2.0940820234476002e-33
9.320705305779592e-33
2.76493810406496e-32
5.466427574051523e-32
7.202832763639082e-32
6.325350746556196e-32
3.702094001317703e-32
1.4440818827996251e-32
3.7542029374163536e-33
6.5046692600694345e-34
7.51128500875631e-35
5.780758301034287e-36
2.965083512955663e-37
1.0136093234580017e-38
2.3093290114807513e-40
2.2007944829823926e-35
1.9186261916297331e-34
1.1147638228279527e-33
4.3167501409396586e-33
1.114070066995566e-32
1.9162388803476966e-32
2.1966877994655115e-32
1.6782960651265289e-32
8.545753527244444e-33
2.900104837399363e-33
6.559316405099481e-34
1.9435215601845644e-34
2.2353051878902824e-35
1.7134279127823486e-36
8.753392392090353e-38
2.9803584837388256e-39
6.763043193006558e-41
1.0228156519814148e-42
1.030941726693146e-44
7.940917151021442e-06
6.877957958390908e-05
0.00039703602751424443
0.0015275022731466956
0.003916655391602187
0.00669314766109976
0.007623018945892477
0.005786355873233449
0.0029272838005635713
0.0009869748059735902
0.00022178330569696874
3.321491811886336e-05
3.315271255196119e-06
2.205395572142695e-07
9.777672275346217e-09
2.889122810501864e-10
5.6895520899609065e-12
3.311720332849142e-13
3.316410714214016e-15
2.2134234806963084e-17
9.845601736538927e-20
2.9187813580685003e-22
1.5277762264989307e-06
1.3181351007501637e-05
7.579519079994285e-05
0.0002904724342299974
0.0007419074738343755
0.0012629208003789906
0.0014327949245152049
0.0010833617571454855
0.0005459394972550816
0.00018335682422886143
4.104225263191008e-05
6.122754532885594e-06
6.087571230033954e-07
4.033878484134427e-08
1.781488877466046e-09
5.243544610193009e-11
1.0286043753080456e-12
1.344786422522593e-14
1.1717630855778293e-16
6.804682353265649e-19
2.6336463072819063e-21
5.1819279690387424e-23
1.019867013047069e-25
1.3377571055801669e-28
1.1694792916699343e-31
6.813799558925434e-35
2.6458652338041365e-38
6.847430515640975e-42
0.0
0.0
0.0
0.0
0.0
0.0
0.0
0.0
0.0
0.0
0.0
0.0
0.0
0.0
0.0
0.0
0.0
0.0
0.0
0.0
0.0
0.0
0.0
0.0
0.0
0.0
0.0
0.0
0.0
0.0
0.0
0.0
0.0
0.0
0.0
0.0
0.0
0.0
0.0
0.0
0.0
5.913042087801944e-35
4.4253494519263e-34
2.20732214150681e-33
5.143341319479815e-33
1.304566057684147e-32
2.2053034259654837e-32
2.484575381417664e-32
1.865595782918791e-32
9.336078039378778e-33
3.113815981929083e-33
6.921543643109039e-34
1.0254028687131822e-34
1.0124361479025923e-35
4.020913861421802e-06
3.3179318038697024e-05
0.00018247009134938986
0.0006688018592418063
0.0016337469966865067
0.002659828780048439
0.0028860517071247287
0.002087065517784215
0.0010058879510368957
0.0003231057430260907
6.917056084868667e-05
9.869143524067365e-06
9.384673781822897e-07
5.947582090121112e-08
2.512136637310609e-09
7.071761704287399e-11
5.22337715224366e-12
7.477188441069567e-14
7.133568156435043e-16
4.53583086818022e-18
1.9221551416597664e-20
5.42877161196743e-23
1.0218714206398391e-25
1.2819541219961281e-28
1.071840742561182e-31
7.839751058283078e-35
1.3571639793319473e-34
6.572709990992888e-34
2.1218229563938125e-33
4.565153334391302e-33
6.546107647343377e-33
6.255938411746486e-33
3.9845871907740726e-33
1.6973984462966136e-33
5.189860423996198e-34
2.731915930642884e-34
6.720048104654438e-34
1.853822700763908e-33
4.8714238250836955e-33
1.1592562678526465e-32
2.153060113161226e-32
2.823840579234901e-32
2.731159343727471e-32
1.8632568221612137e-32
8.492673568838164e-33
2.5817369642720593e-33
5.231831077431494e-34
7.066498216729336e-35
6.361277946071724e-36
3.816527552971925e-37
2.1082700690648423e-05
0.0001421007986978231
0.0006383345376172357
0.0019110925306644834
0.0038132619107091384
0.005070994085320175
0.004494393779128136
0.0026547931333114373
0.0010451335727456848
0.0002742170535632881
4.795111051277216e-05
5.588360666822402e-06
4.340619659873027e-07
2.2469871416317733e-08
7.752307473019667e-10
1.7825550047546304e-11
2.7317216113816766e-13
1.3452395622140085e-14
1.0483244379904676e-16
5.444692248827173e-19
1.8846578268218186e-21
4.347836818429415e-24
6.684909122022733e-27
5.3148622092013196e-08
4.826292447317193e-07
2.9209007959928466e-06
1.1781525512638128e-05
3.1671439080775443e-05
5.6743433956990685e-05
6.775556640182066e-05
5.392074621867772e-05
2.8598835900096384e-05
1.0109329822723917e-05
2.3816499174070094e-06
3.7395128565433294e-07
3.913214781759672e-08
2.729190734699686e-09
1.2685735127709717e-10
3.929876826228348e-12
8.113790426159416e-14
1.1164780303463808e-15
1.0239013731204242e-17
6.258173761928508e-20
1.6698397901765846e-21
5.1899942638382866e-24
1.0750792962821989e-26
1.4842110720766224e-29
1.3656279095764008e-32
1.797916217889387e-35
9.011983742037914e-35
5.6350799669378265e-34
2.3484310184767216e-33
6.522845341557332e-33
1.2074743196344454e-32
1.4897049910817797e-32
1.2249100299961404e-32
6.712582818759068e-33
2.4516398467331403e-33
5.967675969103596e-34
9.681337152211426e-35
1.0467597230412679e-35
7.54293231611577e-37
3.622554817522202e-38
1.1595013792220894e-39
2.4734840901748676e-41
3.516644935122896e-43
3.3321877941088977e-45
2.1043208849134471e-47
8.85678311774124e-50
1.8428340708121213e-51
3.944144864600556e-54
5.626016878279434e-57
5.348484627204723e-60
3.388769434113864e-63
4.841358219337411e-36
4.5317887673157123e-35
2.827181221309628e-34
1.1754906649763338e-33
3.257363831550151e-33
6.015820970744728e-33
7.418785046052219e-33
6.176490310031147e-33
1.0259812758650853e-08
9.39537018451832e-08
5.734161306087985e-07
2.3324237956367044e-06
6.323049320476217e-06
1.1424237508120287e-05
1.3756546664386268e-05
1.1040104294730336e-05
5.904980595215568e-06
2.1049671449731413e-06
5.000963866267552e-07
7.918513470132266e-08
8.356321704134878e-09
1.4894651250783395e-09
7.992900573063648e-11
2.858643713590541e-12
6.813922640126772e-14
1.082470114449855e-15
1.1460832869545837e-17
8.087196433759039e-20
3.8033067385723464e-22
1.1920823746735685e-24
2.490198107993504e-27
3.469145804091038e-30
3.715878550811067e-33
7.57384257790374e-35
7.264662358106056e-36
4.7682359825564365e-37
2.0860763631457818e-38
6.0825322043682224e-40
1.18200735788087e-41
1.530867105207985e-43
1.3214062315141783e-45
7.601805579559713e-48
2.914598344100335e-50
7.447700740838308e-53
1.2683738215485695e-55
1.4396398849282255e-58
1.2503332980170732e-60
7.216638946574712e-64
2.7760399170362974e-67
7.117016678890822e-71
0.0
0.0
0.0
0.0
0.0
0.0
0.0
0.0
0.0
0.0
0.0
0.0
0.0
0.0
0.0
0.0
0.0
0.0
0.0
0.0
0.0
0.0
0.0
0.0
0.0
0.0
0.0
0.0
0.0
0.0
0.0
0.0
0.0
0.0
0.0
0.0
0.0
0.0
0.0
0.0
0.0
0.0
0.0
0.0
0.0
0.0
0.0
0.0
0.0
0.0
0.0
0.0
0.0
0.0
0.0
0.0
0.0
0.0
0.0
0.0
0.0
0.0
0.0
0.0
0.0
0.0
0.0
0.0
0.0
0.0
0.0
0.0
0.0
0.0
0.0
0.0
0.0
0.0
0.0
0.0
0.0
0.0
0.0
0.0
0.0
0.0
0.0
0.0
0.0
0.0
0.0
0.0
0.0
0.0
0.0
0.0
0.0
0.0
0.0
0.0
0.0
0.0
0.0
0.0
0.0
0.0
0.0
0.0
0.0
0.0
0.0
0.0
0.0
0.0
0.0
0.0
0.0
0.0
0.0
0.0
0.0
0.0
0.0
0.0
0.0
0.0
0.0
0.0
0.0
0.0
0.0
0.0
0.0
0.0
0.0
0.0
0.0
0.0
0.0
0.0
0.0
0.0
0.0
0.0
0.0
0.0
0.0
0.0
0.0
0.0
0.0
0.0
0.0
0.0
0.0
0.0
0.0
0.0
0.0
0.0
0.0
0.0
0.0
0.0
0.0
0.0
0.0
0.0
0.0
0.0
0.0
0.0
0.0
0.0
0.0
0.0
0.0
0.0
0.0
0.0
0.0
0.0
0.0
0.0
0.0
0.0
0.0
0.0
0.0
0.0
0.0
0.0
0.0
0.0
0.0
0.0
0.0
0.0
0.0
0.0
0.0
0.0
0.0
0.0
0.0
0.0
0.0
0.0
0.0
0.0
0.0
0.0
0.0
0.0
0.0
0.0
0.0
0.0
0.0
0.0
0.0
0.0
0.0
0.0
0.0
0.0
0.0
0.0
0.0
0.0
0.0
0.0
0.0
0.0
0.0
0.0
0.0
0.0
0.0
0.0
0.0
0.0
0.0
0.0
0.0
0.0
0.0
0.0
0.0
0.0
0.0
0.0
0.0
0.0
0.0
0.0
0.0
0.0
0.0
0.0
0.0
0.0
0.0
0.0
0.0
0.0
0.0
0.0
0.0
0.0
0.0
0.0
0.0
0.0
0.0
0.0
0.0
0.0
0.0
0.0
0.0
0.0
0.0
0.0
0.0
0.0
0.0
0.0
0.0
0.0
0.0
0.0
0.0
0.0
0.0
0.0
0.0
0.0
0.0
0.0
0.0
0.0
0.0
0.0
0.0
0.0
0.0
0.0
0.0
0.0
0.0
0.0
0.0
0.0
0.0
0.0
0.0
