a = 5.0282189046354215 b = 5.0282189046354215 c = 16.60208090293312 ,Gaussian ,LMH = 0.08 ,DW = [0.4 0.4 0.4]
0.0
0.0
0.0
0.0
0.0
0.0
0.0
0.0
0.0
0.0
0.0
0.0
0.0
0.0
0.0
0.0
0.0
0.0
0.0
0.0
0.0
0.0
0.0
0.0
0.0
0.0
0.0
0.0
0.0
0.0
0.0
0.0
0.0
0.0
0.0
0.0
0.0
0.0
0.0
1.6851313976544507e-33
1.4250961689891356e-32
8.03222975971986e-32
3.0172383653639463e-31
7.553785841908196e-31
1.2603793026157062e-30
1.4015848865072555e-30
1.0387692786573543e-30
5.1309801720925835e-31
1.6891301892024318e-31
3.706017448839002e-32
5.4191770953205744e-33
5.281299245209111e-34
3.4302814612680556e-35
1.4849105223259951e-36
4.2840285996314013e-38
8.237320925036942e-40
1.0556043214501368e-41
9.01566738196361e-44
5.131875954373152e-46
1.9468655841063207e-48
4.9224048927946557e-51
8.294691683884132e-54
9.315468680631461e-57
6.972535280895927e-60
3.4782298597201525e-63
1.746240989759026e-65
4.429700024695039e-69
0.0
0.0
0.0
0.0
0.0
0.0
0.0
0.0
0.0
0.0
0.0
0.0
0.0
0.0
0.0
0.0
0.0
0.0
0.0
0.0
0.0
0.0
0.0
0.0
0.0
0.0
0.0
0.0
0.0
0.0
0.0
0.0
0.0
0.0
0.0
0.0
0.0
0.0
0.0
0.0
0.0
0.0
0.0
0.0
0.0
0.0
0.0
0.0
0.0
0.0
0.0
0.0
0.0
0.0
0.0
0.0
0.0
0.0
0.0
0.0
0.0
0.0
0.0
0.0
0.0
0.0
0.0
0.0
0.0
0.0
0.0
0.0
0.0
0.0
0.0
0.0
0.0
0.0
0.0
0.0
0.0
0.0
0.0
0.0
0.0
0.0
0.0
0.0
0.0
0.0
0.0
0.0
0.0
0.0
0.0
0.0
0.0
0.0
0.0
0.0
0.0
0.0
0.0
0.0
0.0
0.0
0.0
0.0
0.0
0.0
0.0
0.0
0.0
0.0
0.0
0.0
0.0
0.0
0.0
0.0
0.0
0.0
0.0
0.0
0.0
0.0
0.0
0.0
0.0
0.0
0.0
0.0
0.0
0.0
0.0
0.0
0.0
0.0
0.0
0.0
0.0
0.0
0.0
0.0
0.0
0.0
0.0
0.0
0.0
0.0
0.0
0.0
7.1297298571314885e-34
6.397497632954566e-33
3.8258570684236396e-32
1.524856222677115e-31
4.05051831197469e-31
7.170903061909487e-31
8.460940706260083e-31
6.653420924091225e-31
3.4870076162119474e-31
1.217986123549808e-31
2.8353934587154584e-32
4.399120659020886e-33
4.548832685977513e-34
3.134841592347387e-35
1.4398351967507055e-36
4.4074918641056296e-38
8.991906888289739e-40
1.2226260111790202e-41
1.1079419574323854e-43
6.691476169829538e-46
2.693446851385257e-48
7.22564187795994e-51
1.2918913902750253e-53
1.5394199945934793e-56
1.2225588965832911e-59
6.470889830954698e-63
3.37956660229012e-65
9.096154021618807e-69
0.0
0.0
0.0
0.0
0.0
0.0
0.0
0.0
0.0
0.0
0.0
0.0
0.0
0.0
0.0
0.0
0.0
0.0
0.0
0.0
0.0
0.0
0.0
0.0
0.0
0.0
0.0
0.0
0.0
0.0
0.0
0.0
0.0
0.0
0.0
0.0
0.0
0.0
0.0
0.0
0.0
0.0
0.0
0.0
0.0
0.0
0.0
0.0
0.0
0.0
0.0
0.0
0.0
0.0
0.0
0.0
0.0
0.0
0.0
0.0
0.0
0.0
0.0
0.0
0.0
0.0
0.0
0.0
0.0
0.0
0.0
0.0
0.0
0.0
0.0
0.0
0.0
0.0
0.0
0.0
0.0
0.0
0.0
0.0
0.0
0.0
0.0
0.0
0.0
0.0
0.0
0.0
0.0
0.0
0.0
0.0
0.0
0.0
0.0
0.0
0.0
0.0
0.0
0.0
0.0
0.0
0.0
0.0
0.0
0.0
0.0
0.0
0.0
0.0
0.0
0.0
0.0
0.0
0.0
0.0
0.0
0.0
0.0
0.0
0.0
0.0
0.0
0.0
0.0
0.0
0.0
0.0
0.0
0.0
0.0
0.0
0.0
0.0
0.0
0.0
0.0
0.0
0.0
0.0
0.0
0.0
0.0
0.0
0.0
0.0
0.0
0.0
0.0
1.698224215807806e-33
1.4764111646803267e-32
8.554628615936268e-32
3.3035170135237716e-31
8.502242421003546e-31
1.458384257570351e-30
1.6672165007688946e-30
1.270262801509265e-30
6.450252399150008e-31
2.1829379233239042e-31
4.923654959056694e-32
7.401425702266016e-33
7.415231350416737e-34
4.951258201913022e-35
2.2033728440773198e-36
6.534945326910585e-38
1.291747032811639e-39
1.7017452025317174e-41
1.4941463747907443e-43
8.743258205166522e-46
3.409847929518471e-48
8.86294932276462e-51
1.5353347135500898e-53
1.7725945952119698e-56
1.3639464519366224e-59
9.141625944581073e-62
3.576958709233785e-65
9.327944534175552e-69
0.0
0.0
0.0
0.0
0.0
0.0
0.0
0.0
0.0
0.0
0.0
0.0
0.0
0.0
0.0
0.0
0.0
0.0
0.0
0.0
0.0
0.0
0.0
0.0
0.0
0.0
0.0
0.0
0.0
0.0
0.0
0.0
0.0
0.0
0.0
0.0
0.0
0.0
0.0
0.0
0.0
0.0
0.0
0.0
0.0
0.0
0.0
0.0
0.0
0.0
0.0
0.0
0.0
0.0
0.0
0.0
0.0
0.0
0.0
0.0
0.0
0.0
0.0
0.0
0.0
0.0
0.0
0.0
0.0
0.0
0.0
0.0
0.0
0.0
0.0
0.0
0.0
0.0
0.0
0.0
0.0
0.0
0.0
0.0
0.0
0.0
0.0
0.0
0.0
0.0
0.0
0.0
0.0
0.0
0.0
0.0
0.0
0.0
0.0
0.0
0.0
0.0
0.0
0.0
0.0
0.0
0.0
0.0
0.0
0.0
0.0
0.0
0.0
0.0
0.0
0.0
0.0
0.0
0.0
0.0
1.334233633592421e-34
1.000073028959333e-33
4.995892603551518e-33
1.6633208092435142e-32
3.690799865597472e-32
5.011691615960618e-32
5.654984193000544e-32
4.252653505844973e-32
2.1314254692224076e-32
7.119702571179519e-33
1.5850212880357077e-33
2.3517431949537837e-34
2.3255529950378894e-35
1.532654037534818e-36
6.731991744292123e-38
1.970718365994633e-39
3.844918171334282e-41
4.999553120136546e-43
4.332682060600949e-45
2.502441899275224e-47
9.632804210368572e-50
2.4712860156501346e-52
4.225468205648165e-55
4.815132175449459e-58
3.785211277045076e-34
2.399392905534819e-33
1.0136643286316724e-32
2.8540955289314875e-32
5.355800542462835e-32
6.698257403547417e-32
5.583169577237519e-32
3.94694434909377e-32
1.6729484904481103e-32
4.725912581799295e-33
1.658615751595227e-33
7.088664418500139e-33
4.2205571482468e-32
1.7008276438922813e-31
4.569049033681423e-31
8.180393069741134e-31
9.761219784565725e-31
7.762749274558654e-31
4.114419553953546e-31
1.4533932521783637e-31
3.4216789016139403e-32
5.36879612657243e-33
5.61430653877411e-34
3.912883144495112e-35
1.817519936393168e-36
5.626561065572874e-38
1.160882964628372e-39
1.5963032134317049e-41
1.4629311446619092e-43
8.935398623294022e-46
3.6373536314646147e-48
9.868216492516572e-51
1.784322530368048e-53
2.113800582113954e-55
1.9435749104619394e-58
1.1910228766327347e-61
4.864301332321762e-65
1.324043904190732e-68
0.0
0.0
0.0
0.0
0.0
0.0
0.0
0.0
0.0
0.0
0.0
0.0
0.0
0.0
0.0
0.0
0.0
0.0
0.0
0.0
0.0
0.0
0.0
0.0
0.0
0.0
0.0
0.0
0.00010250947104971318
0.0008766494860841902
0.004996541751084583
0.01897993003156195
0.048050868486277085
0.08107546055514231
0.09117151159569294
0.06832984482471674
0.034130548031414354
0.011362074622732893
0.002520888058231079
0.0003727614846920123
3.6735846602782805e-05
2.412851651570068e-06
1.0562159891565937e-07
3.081459061057548e-09
5.991583485717365e-11
7.76440849532165e-13
3.419167763317454e-14
2.2531481653461636e-16
9.89556603020157e-19
2.8964969716745422e-21
5.650502412389219e-24
7.346535791330383e-27
6.365898078353053e-30
3.6763623644356855e-33
1.415006680220909e-36
3.629779278260238e-40
0.0
0.0
0.0
0.0
0.0
0.0
0.0
0.0
0.0
0.0
0.0
0.0
0.0
0.0
0.0
0.0
0.0
0.0
0.0
0.0
0.0
0.0
0.0
0.0
0.0
0.0
0.0
0.0
0.0
0.0
0.0
0.0
0.0
0.0
0.0
0.0
0.0
0.0
0.0
0.0
0.0
0.0
0.0
0.0
0.0
0.0
0.0
0.0
0.0
0.0
0.0
0.0
0.0
0.0
0.0
0.0
0.0
0.0
0.0
0.0
0.0
0.0
0.0
0.0
0.0
0.0
0.0
0.0
0.0
0.0
0.0
0.0
0.0
1.2162278271197625e-33
8.327754799860723e-33
3.800340161729516e-32
1.1558422392174865e-31
2.342913201873499e-31
3.1651579397094345e-31
2.849811407427097e-31
1.7100877790140834e-31
6.839151658403084e-32
1.8229200156102747e-32
3.23828106824303e-33
3.83391973449351e-34
3.025192674962853e-35
1.590906338185594e-36
5.575935381901882e-38
1.3024840103785598e-39
2.0277229518892952e-41
2.1039062398749636e-43
1.454875044720715e-45
6.705120013618454e-48
1.482158525382958e-49
3.473586336505916e-52
5.4255414701895694e-55
5.6479341570683755e-58
3.9184806911672236e-61
1.8118712973590955e-64
5.583654370566368e-68
7.57338989456105e-34
6.136521138095592e-33
3.313871785529479e-32
1.1926986194365809e-31
2.860930316437083e-31
4.573675952129877e-31
4.87309694161559e-31
3.4603996453956964e-31
1.6376798853843384e-31
5.165511337845386e-32
1.0858733423465755e-32
1.521341008880104e-33
1.4205467175922382e-34
8.840279943423602e-36
3.6665538107292605e-37
1.0135184442597739e-38
1.867182627792881e-40
2.2925746599842874e-42
1.8760384094232708e-44
6.080716340542724e-46
2.5303206670860822e-48
7.017427414634604e-51
1.297065308542375e-53
1.5978179900047564e-56
1.3118202107155682e-59
7.177990460546413e-63
2.617658478344028e-66
6.362160775600954e-70
0.0
0.0
0.0
0.0
0.0
0.0
0.0
0.0
0.0
0.0
0.0
0.0
0.0
0.0
0.0
0.0
0.0
0.0
0.0
0.0
0.0
0.0
0.0
0.0
0.0
0.0
0.0
0.0
0.0
0.0
0.0
0.0
0.0
0.0
0.0
0.0
0.0
0.0
0.0
0.0
0.0
0.0
0.0
0.0
0.0
0.0
0.0
0.0
0.0
0.0
0.0
0.0
0.0
0.0
0.0
0.0
0.0
0.0
0.0
0.0
0.0
0.0
0.0
0.0
0.0
0.0
0.0
0.0
0.0
0.0
0.0042893780279305025
0.028731107154322342
0.1282602107286717
0.38160414603141485
0.7566861208147488
1.0
0.8807766243195215
0.5170268630244658
0.20227489508410768
0.05274149173330764
0.009165251397815663
0.0010614948778874997
8.193566295575905e-05
4.21511656713862e-06
1.4451993410075743e-07
3.3023832175904264e-09
5.029313760021003e-11
5.104715475309722e-13
3.453153617225895e-15
1.5568321991311365e-17
4.6778819726387765e-20
9.367814078928605e-23
1.2502844039748113e-25
1.1121437179894387e-28
8.210378386578985e-31
3.713794358591334e-34
1.119577288558527e-37
2.2494267520152668e-41
0.0
0.0
0.0
0.0
0.0
0.0
0.0
0.0
0.0
0.0
0.0
0.0
0.0
0.0
0.0
0.0
0.0
0.0
0.0
0.0
0.0
0.0
0.0
0.0
0.0
0.0
0.0
0.0
0.0
0.0
0.0
0.0
0.0
0.0
0.0
0.0
0.0
0.0
0.0
0.0
0.0
0.0
0.0
0.0
0.0
0.0
0.0
0.0
0.0
0.0
0.0
0.0
0.0
0.0
0.0
0.0
0.0
0.0
0.0
0.0
4.692818552040431e-05
0.0003509719735599773
0.0017494142558819293
0.005811582841926257
0.012867013384495153
0.01898639976024184
0.018671922535918834
0.012238184644215807
0.005345969958670348
0.001556386928650514
0.0003019883461484596
3.9052095333797976e-05
3.36573598598587e-06
5.241690529350317e-07
2.2972574159477854e-08
6.710107780309178e-10
1.3062637593718892e-11
1.694781865416581e-13
1.4654745702455812e-15
8.445479524056303e-18
3.243783707241928e-20
8.303496579499136e-23
1.4166144983481472e-25
1.6107342803949888e-28
1.2206120953956344e-31
6.164714735103157e-35
2.0750561302223055e-38
4.655091919469626e-42
0.0
0.0
0.0
0.0
0.0
0.0
0.0
0.0
0.0
0.0
0.0
0.0
0.0
0.0
0.0
0.0
0.0
0.0
0.0
0.0
0.0
0.0
0.0
0.0
0.0
0.0
1.5964196190110046e-33
1.1534894878955405e-32
5.554714906570288e-32
1.7827541451018867e-31
3.8133150206673955e-31
5.436200442169978e-31
5.1649935933197785e-31
3.2705866594498052e-31
1.380266930463528e-31
3.882237078233772e-32
1.3302366016290548e-32
1.9026129298662064e-33
1.8136502600600588e-34
1.1522273756372888e-35
4.878703044700032e-37
1.376740624557313e-38
2.589294322757108e-40
3.245579553437185e-42
2.711344153810599e-44
1.5095885132700912e-46
5.601625452202511e-49
1.3853231735556218e-51
2.2833352413916627e-54
2.508244152529124e-57
1.8363331969441175e-60
8.960138247873454e-64
2.913798288446629e-67
6.315181042956776e-71
0.0
0.0
0.0
0.0
0.0
0.0
0.0
0.0
0.0
0.0
0.0
0.0
0.0
0.0
0.0
0.0
0.0
0.0
0.0
0.0
0.0
0.0
0.0
0.0
0.0
0.0
0.0
0.0
0.0
0.0
0.0
0.00016744919926045757
0.00140833578888331
0.007894250525395798
0.019882983741570385
0.056674647366464395
0.10766576833353728
0.13631636903718164
0.11502703447948406
0.06468943906792754
0.024246463082153762
0.006056823996667945
0.0010083772995877842
0.00011188779497161982
8.274160062088135e-06
4.077994813422334e-07
1.3395254471569796e-08
2.932491863914556e-10
4.278624872940383e-12
4.160573086076225e-14
2.6963958337289964e-16
1.1646506882369551e-18
3.3526581712891586e-21
6.4322722134216055e-24
8.224735017288444e-27
7.01297868229848e-30
4.6445035573299034e-33
7.626969612474477e-35
5.613846692187154e-36
7.974357087690985e-37
3.0446949115726156e-38
7.74771134231153e-40
1.3139675208982843e-41
1.4851741345587994e-43
1.118797975866662e-45
5.617039980667291e-48
1.8795111496679997e-50
4.1914457155617405e-53
6.229659842341439e-56
6.170869603239474e-59
4.073896145560503e-62
1.7924831660996988e-65
5.256319629129751e-69
1.0272827481933826e-72
0.0
0.0
0.0
0.0
0.0
0.0
0.0
0.0
0.0
0.0
0.0
0.0
0.0
0.0
8.675168017204661e-34
5.558184190927201e-33
2.373392265081551e-32
6.754413726946062e-32
1.281112720068291e-31
1.6194538483893562e-31
1.3643674715832876e-31
7.660827540142257e-32
2.8668275068436823e-32
7.150048507705815e-33
1.188496649429178e-33
1.3166443609842839e-34
9.721215112589466e-36
4.783592446946583e-37
1.5688063472758135e-38
3.4289886869578223e-40
4.9951014710351796e-42
4.84957997609498e-44
1.3303899838095493e-34
1.169321067696055e-33
6.849677598832496e-33
2.674163980917227e-32
6.958049072966922e-32
1.050641736687856e-31
1.39013405272367e-31
1.2258582747010455e-31
7.204525653880212e-32
2.821967901184734e-32
7.366824013271553e-33
1.2817108738836928e-33
1.4862141463887734e-34
1.1485615168180484e-35
5.915734564666683e-37
2.0306947487107415e-38
4.64581765929309e-40
7.083717340620786e-42
7.198497106609191e-44
4.875329733506263e-46
2.200633405065037e-48
3.740929126506339e-34
2.9901639900859307e-33
1.5929130928544527e-32
5.655496070893995e-32
1.3382303535214544e-31
2.110437988458703e-31
2.2181752914575542e-31
1.5538198997092255e-31
7.25415854454022e-32
3.4845402004806443e-32
8.2724551941331e-33
1.3088953236743786e-33
1.3802474606129965e-34
9.70042016358544e-36
4.5436585029170704e-37
1.4184119060173227e-38
2.9510774088012912e-40
4.0920448319253836e-42
3.7816533220837907e-44
2.3291882523508684e-46
9.561125464988584e-49
2.615742517251528e-51
4.7693864576372566e-54
5.795775904634694e-57
4.693990474737133e-60
2.533695214386599e-63
9.1148197876604e-67
2.1853618133895426e-70
0.0009320165597577116
0.006000527066610138
0.025747597861698737
0.07363182827268008
0.14033823135067153
0.17826577103236346
0.15091815008727918
0.10780146776320591
0.046408845582103106
0.013315528399012524
0.0025462297790964372
0.0003245027108137866
2.756262734818533e-05
1.5602868411649628e-06
5.886671843954916e-08
1.4801875783262972e-09
2.480534275037279e-11
2.770481519390991e-13
2.0622762054828463e-15
1.0231044002130842e-17
3.3827867611874e-20
7.454368196729203e-23
1.0947844152069835e-25
1.0715881952666038e-28
6.990508743589936e-32
3.0392833715024455e-35
8.806739553000787e-39
1.7007507062543514e-42
0.0
0.0
0.0
0.0
0.0
0.0
0.0
0.0
0.0
0.0
0.0
0.0
0.0
0.0
0.0
0.0
0.0
0.0
0.0
0.0
0.0
0.0
0.0
0.0
0.0
0.0
0.0
0.0
0.0
0.0
0.0
0.0
0.0
0.0
0.0
0.0
0.0
0.0
0.0
0.0
0.0
0.0
0.0
2.628052114927696e-35
1.9276113602491506e-34
9.422942245862752e-34
3.069977055559848e-33
6.665999522297568e-33
9.646660066888215e-33
9.304011100406051e-33
5.980603532010037e-33
2.562131136486239e-33
7.315419637367846e-34
1.3920623303102568e-34
1.7654672568106325e-35
8.768501635488354e-36
3.216543202333189e-35
2.094173533690352e-34
9.151350654742968e-34
2.6653819742447776e-33
5.173868619331383e-33
6.785529328901984e-33
6.58039182377012e-33
8.057200556668327e-33
1.97827289341434e-32
4.850430200571272e-32
8.36250668737606e-32
9.661440740905035e-32
7.443238198948342e-32
3.821961909504944e-32
1.3079603603125311e-32
2.983215165655267e-33
4.5347791779187635e-34
4.5941932546174794e-35
3.1020152190518914e-36
1.3959187373356726e-37
4.186565570624232e-39
8.368299334843878e-41
1.1148028330493911e-42
9.897840910850031e-45
5.856854331219641e-47
2.309776318508653e-49
4.601941768286211e-51
9.228884291019903e-54
1.2334990836662123e-56
1.098778137473582e-59
6.523230673257616e-63
2.5810535258765496e-66
6.806327371763908e-70
0.0
0.0
0.0
0.0
0.0006410704449537638
0.00416861233572994
0.018065867125866063
0.05218043102751553
0.10044725221371865
0.12886945972902464
0.11019033486449441
0.0627940574728069
0.023849272597593937
0.006036890204879268
0.0010184341769605715
0.00011450757069847804
8.580586728995954e-06
4.2853008571453214e-07
1.426353586075067e-08
1.178036225418568e-09
1.9939171389893786e-11
2.249246821947834e-13
1.6910197223817407e-15
8.473089196954267e-18
2.8295438714273944e-20
6.297564702409549e-23
9.341451097392737e-26
9.310768088737404e-29
5.248802187174516e-31
2.3808025751704076e-31
2.0017297825033204e-31
2.6446679703092974e-31
2.8578169478969603e-31
2.110127393977978e-31
1.0411715399884338e-31
3.4248326238908045e-32
7.508458375121153e-33
1.0970971784448956e-33
1.0683685830805143e-34
6.933917688440532e-36
2.9992854802812857e-37
8.646462785421338e-39
1.6612718127358656e-40
2.1272790558367383e-42
9.293539938783092e-44
6.05156242876653e-46
2.6262460627271346e-48
7.595998301206282e-51
1.464252087151339e-53
1.8811715096982286e-56
1.6107290149134004e-59
9.191748212355192e-63
3.495870246329184e-66
8.861230601391873e-70
0.0
0.0
0.0
0.0
0.0
0.0
0.0
0.0
0.0
0.0
7.049819716361354e-35
4.823356445400446e-34
2.1993900298669583e-33
6.684003902553866e-33
1.3537943141743187e-32
1.827469868190328e-32
1.7816242328301215e-32
1.222971202111853e-32
5.594971753132095e-33
1.7059296366321777e-33
3.466617125749193e-34
4.6949631771350323e-35
4.237796040323546e-36
2.5493499744526145e-37
1.0221165402661086e-38
2.7311963366268096e-40
4.8639261734924583e-42
5.553199693209033e-34
4.4570710890112634e-33
2.3841708801107575e-32
8.499761616659345e-32
2.0195641851929537e-31
3.1980858891699597e-31
3.3752359193921143e-31
2.374103746558651e-31
1.1129529392616145e-31
3.4772463213341823e-32
7.240618408553868e-33
1.0048411504523805e-33
9.293958142829189e-35
5.729088889071864e-36
2.3537046052303063e-37
2.236816794556816e-38
4.673038851012594e-40
6.506537194025548e-42
6.037845418111892e-44
3.7341831193806314e-46
1.5391848533581515e-48
4.228316605826567e-51
7.741511525821159e-54
9.446383630360502e-57
7.682223557192398e-60
4.163799913008016e-63
1.504091685469324e-66
3.6210983241629895e-70
0.0
0.0
0.0
0.0
0.0
0.0
0.0
0.0
0.0
0.0
0.0
0.0
0.0
0.0
0.0
0.0
0.0
0.0
0.0
0.0
0.0
0.0
0.0
0.0
0.0
0.0
0.0
0.0
0.0
0.0
0.0
0.0
0.0
0.0
0.0
0.0
0.0001119077936709323
0.0008448736334427053
0.0025952561734779527
0.009963553030543864
0.025493519071860433
0.04347372851335397
0.049408940064484534
0.037425338233295594
0.0188932851289325
0.006356686184325977
0.0014253962535356597
0.00021302079558822604
2.121729134411313e-05
1.4084434864050896e-06
6.231182334601859e-08
1.8373125508016335e-09
3.6105816620204637e-11
4.7288207341681e-13
4.127718551588785e-15
2.4013134431090636e-17
9.310417908944447e-20
2.405863849526274e-22
4.143377143285367e-25
4.755754566586975e-28
3.638027264128234e-31
1.8547868724883222e-34
6.302366074407384e-38
1.4272326953898198e-41
0.0
0.0
0.0
0.0
0.0
0.0
0.0
0.0
0.0
0.0
0.0
0.0
0.0
0.0
0.0
0.0
0.0
0.0
0.0
0.0
0.0
0.00011094172643468002
0.0010072229425941972
0.006094496717432524
0.024577156419246265
0.06605519329525171
0.1019196798281052
0.13929514034489018
0.12688065968839563
0.0770258392465304
0.031164416368827448
0.008403556133251023
0.001510249709549906
0.0002852945061090417
0.0009875949143146397
0.006046220196051037
0.025029809987503197
0.06906641883526786
0.12701597199654474
0.15567944915251017
0.12717032602511247
0.06923438381077951
0.025121144760194277
0.006074892108193803
0.0009790824374026797
0.00010516748778705766
7.52879179848358e-06
3.5921182349204366e-07
1.1422403745702545e-08
2.420727696647928e-10
3.4191324085265155e-12
1.5946428618732837e-13
1.1453441285590306e-15
5.482644701207897e-18
1.7491447854360516e-20
3.7191437544453363e-23
5.270379582918095e-26
4.978573953501084e-29
3.4140100602272837e-32
5.6604061914704094e-34
7.254898989215455e-35
6.343900284412616e-36
3.697301557428005e-37
1.4361339456332484e-38
3.717804680115509e-40
6.414454665832924e-42
7.37589046446388e-44
5.6526321632815185e-46
2.887144630058404e-48
9.828062355598127e-51
2.229712222591183e-53
3.3714076969476223e-56
2.4004529010164337e-34
1.913171011790502e-33
1.0162391989509735e-32
3.5976560590248794e-32
8.488381479139811e-32
1.2007776082728641e-31
1.4406895575241645e-31
1.1520193772410607e-31
6.139467547122347e-32
2.1806360133201936e-32
5.1619904953128604e-33
8.143906315964872e-34
8.563077720626315e-35
6.000791685571751e-36
2.8026493427288527e-37
8.723896914281428e-39
1.80981354646331e-40
2.5022960609147974e-42
2.3058183875793495e-44
1.416097161156673e-46
5.796189214190521e-49
1.5811519384417856e-51
2.8746581300116426e-54
3.483215547830248e-57
2.8129113487614636e-60
1.513956121782609e-63
5.430653325403515e-67
1.2982921146071657e-70
0.0
0.0
0.0
0.0
0.0
0.0
0.0
0.0
0.0
0.0
0.0
0.0
0.0
0.0
0.0
0.0
0.0
0.0
0.0
0.0
0.0
0.0
0.0
0.0
0.0
0.0
0.0
0.0
0.0
0.0
0.0
0.0
0.0
0.0
0.0
0.0
0.0
0.0
0.0
0.0
0.0
0.0
0.0
0.0
0.0
0.0
0.0
0.0
0.0
0.0
0.0
0.0
0.0
0.0
0.0
0.0
0.0
0.0
0.0
0.0
0.0
0.0
0.0
0.0
0.0
0.0
0.0
0.0
0.0
0.0
0.0
0.0
0.0
5.0001903642404874e-34
3.6994843823728176e-33
1.824220810730524e-32
5.995082468510007e-32
1.3130899144242078e-31
1.916793454977874e-31
1.86482343443119e-31
1.4614372694093816e-31
7.230114234937987e-32
2.3839200594215213e-32
5.238654599822561e-33
7.6723673814629946e-34
7.488943666186546e-35
4.871843011886411e-36
2.112260876860304e-37
6.103562177648893e-39
8.575021832058378e-35
6.6170566793362975e-34
3.403114930792464e-33
1.1664602060910579e-32
2.664678307882291e-32
4.056964372613695e-32
4.1166045464591317e-32
2.783932192400508e-32
1.254757224656903e-32
3.7691403120258404e-33
7.545820209992878e-34
1.0068207319820182e-34
8.953222849605787e-36
5.306255860475065e-37
1.4694646498177795e-34
1.2405863106039053e-33
6.981326313035122e-33
1.7629753003167265e-32
5.04498586556944e-32
9.621775689507474e-32
1.22301575164022e-31
1.0360731549747646e-31
5.849656169786186e-32
2.2011609874656384e-32
5.520200119199498e-33
9.226550975557951e-34
1.0277926250716875e-34
7.630502813832827e-36
3.77556859320888e-37
1.2450681423034965e-38
2.736436818915896e-40
4.008291315557037e-42
3.913043523740642e-44
2.5459603005314037e-46
1.1040026718383758e-48
3.19058390255401e-51
6.1454227409864e-54
7.888871914802359e-57
6.749313398109323e-60
3.848449860243405e-63
1.4624924034264287e-66
3.704102136193808e-70
0.0
0.0
0.0
0.0
0.0
0.0
0.0
0.0
0.0
0.0
0.0
0.0
0.0
0.0
0.0
0.0
0.0
0.0
1.054168113542664e-34
8.011678905938411e-34
4.058062607924837e-33
1.3699209240523906e-32
3.0821502305088187e-32
4.6216138470481673e-32
4.6186500380177526e-32
3.0762243474151207e-32
1.872639433765089e-32
6.342488574791523e-33
1.4316826794097874e-33
2.1538497113529057e-34
2.1595614683705854e-35
1.4431028750068964e-36
6.42703347560557e-38
1.9076793569384063e-39
3.7738249085839053e-41
4.975533575725503e-43
2.76495803431219e-35
1.9369281679069575e-34
9.043156235684646e-34
2.8138963839372997e-33
5.835495209413088e-33
8.065455150228531e-33
7.429534306228404e-33
4.561165728490418e-33
1.866257906837411e-33
5.089194125116803e-34
0.00010159425161819797
0.0006926576660090561
0.0031473837846038117
0.009531523194112605
0.019237846858758696
0.02587808682511063
0.025170016140198502
0.01721717036125059
0.007849131547122362
0.002384860534498657
0.0004829319227620739
6.517640313714411e-05
5.862413034112185e-06
3.514341694848303e-07
1.4040840475285667e-08
3.7387271639519806e-10
6.6349245688076015e-12
7.847471632030464e-14
6.18593094044957e-16
3.249839614168384e-18
1.1378901484332334e-20
2.655340960407992e-23
4.129731348113665e-26
4.280602039990815e-29
2.9571234555731985e-32
1.3614936063046996e-35
4.1777582405055545e-39
8.543829067271953e-43
0.0
0.0
0.000309329708238318
0.0011411250136528365
0.005765698193717669
0.019415658909492234
0.043574650287873246
0.06517743047712894
0.06497437460109966
0.04316865613960204
0.019115096655533632
0.0056411288009211155
0.0011095249725507012
0.00014544195224696323
1.2706439045787463e-05
7.398429975883418e-07
2.8710240209313707e-08
7.42532783196253e-10
1.2798998481513751e-11
1.470340400653861e-13
1.1257484086637837e-15
5.7444220569594105e-18
1.953587593950522e-20
4.4279324326384545e-23
6.688846423172687e-26
6.74629471620087e-29
1.7085517968787888e-31
8.910231060600225e-32
4.228226299925601e-32
2.0545144617325127e-32
4.96302180140143e-33
7.990607654151125e-34
8.57427440526961e-35
6.131925631634758e-36
2.9226579331187887e-37
9.284118094419023e-39
1.965553517677081e-40
2.7733880425281663e-42
2.6080622469792383e-44
1.6345823853095066e-46
6.827743928278245e-49
1.9007683115919332e-51
3.526652672347121e-54
4.3609162310248394e-57
3.593969170103563e-60
1.9740243179770324e-63
7.226236944386603e-67
1.7630045991578675e-70
0.0
0.0
0.0
8.364648557730264e-35
6.371086541992983e-34
3.2341552099181964e-33
1.0941824892997976e-32
1.9682332086533535e-32
3.386164383973269e-32
3.8825858550445823e-32
2.96698702252082e-32
1.5110950177519656e-32
5.129197817247697e-33
1.1603491062691422e-33
1.749481859375433e-34
1.7579712295838247e-35
1.1773230073970826e-36
5.254858755657555e-38
1.5631764783807912e-39
3.099106664000838e-41
4.094930964875575e-43
3.606103549395835e-45
2.1164662642358525e-47
8.278774543034108e-50
2.1582527797662264e-52
3.7499036621507326e-55
4.342296357289286e-58
3.351200084009608e-61
1.7237044561928095e-64
5.908902156680608e-68
1.3499955634013152e-71
0.0
0.0
0.0
0.0
0.0
0.0
0.0
0.0
0.0
1.0863368598342011e-05
8.352756780416964e-05
0.00042803245868484993
0.001461857769287731
0.003327477172836722
0.005047851818961739
0.0051036356047800034
0.003439016564977719
0.0015444378094976185
0.0004622619325786778
9.221198784313297e-05
1.2259370948015373e-05
1.0862518681778587e-06
6.414671705707124e-08
2.5246424550885062e-09
6.622269881213305e-11
1.157698361676322e-12
1.348855756619665e-14
5.533243262680402e-16
3.278328243476889e-18
1.2945137114192346e-20
3.406766927921572e-23
5.97530032814664e-26
6.984874423601484e-29
5.441755375541877e-32
2.8255368487610034e-35
9.777875071685196e-39
2.25511939979846e-42
0.0
0.0
0.0
9.11820064770302e-05
0.0006684453461577543
0.003265909992031207
0.010634671202615588
0.023079450847884073
0.03338169794209976
0.03217902812160094
0.020673736267511015
0.008852105237225771
0.002526130096812978
0.00048044801803027873
6.090018996652241e-05
5.144846676371962e-06
7.906346125771874e-07
3.396504487742986e-08
9.724563367523295e-10
1.8556222729720702e-11
2.3598836478331924e-13
2.0001987586137263e-15
1.1298928594157148e-17
4.2538573578639976e-20
1.0673580500018057e-22
1.7849205312063965e-25
1.9893407939261979e-28
1.4776821937678808e-31
7.315338718155263e-35
2.4136227338207795e-38
5.307449663293378e-42
0.0
0.0
0.0
2.2164109575511025e-34
1.5904863203683657e-33
7.606609752237414e-33
2.424565280494546e-32
5.15060417985594e-32
7.29229145928065e-32
6.880997638138568e-32
4.327333307415686e-32
2.5353261354356203e-32
8.107843409801304e-33
1.7280584165169816e-33
4.077909867864744e-05
0.0002965847583722773
0.0014376116482698919
0.00464425316250463
0.00999934922317951
0.014348586991971366
0.01372233704506684
0.008746384741218867
0.0037154431529032943
0.0010518994124657113
0.00019848118875390885
2.4960083874649185e-05
2.091964337163647e-06
1.1685412856043133e-07
4.3502617989397265e-09
1.0793648584921187e-10
1.784854026639403e-12
1.9670648616746475e-14
1.444828187670565e-16
7.072863544492613e-19
2.3075754033261024e-21
5.017623504054142e-24
6.721925751842412e-26
2.450656359737825e-05
0.00020122877066031927
0.0011012331571263372
0.0040165209116554785
0.009763428134408269
0.015817439557045457
0.017078573040600963
0.012289905046445695
0.005894229228763039
0.0018840267473684827
0.000401354978798631
5.6983850712438495e-05
5.392081906312318e-06
3.400499503264658e-07
1.4292575634191198e-08
4.0036843522575175e-10
7.474647397104098e-12
9.300432355556402e-14
7.712534406749992e-16
4.2625809413551065e-18
2.729917737183831e-05
0.00021110542963897788
0.0010880047588531566
0.0037371775780477424
0.008555358689075475
0.011861385138304464
0.013808053966954241
0.010712999682914327
0.0055395087990551825
0.0019090309491874313
0.00043846631057146464
6.71183140921496e-05
6.847426770400436e-06
4.655810568779374e-07
2.109816845017836e-08
6.371999855463166e-10
1.2825913518952019e-11
1.7206098527400332e-13
1.5383602581635732e-15
9.166747028203458e-18
3.640440935295097e-20
9.635500541262304e-23
1.699715047734343e-25
1.9982945623861568e-28
1.565757288983018e-31
8.17656560792356e-35
2.845764502245891e-38
6.600981837712992e-42
0.0
0.0
0.0
0.0
0.0
0.0
0.0
0.0
0.0
0.0
6.53711911851898e-05
0.0005270235536057665
0.0028317518932940737
0.010140559608218252
0.024201940737492374
0.03849639060367864
0.04081044961894327
0.028833960222740432
0.013577467085726472
0.004261031752502217
0.0008912351991492375
0.0001242371381694714
1.1542293014411526e-05
7.146843955201623e-07
2.9492938999983905e-08
8.111540736233931e-10
1.4868604267526636e-11
1.816429724080926e-13
7.690449507560483e-15
4.777522078792438e-17
1.9780407240511068e-19
5.458198210324269e-22
1.0037947615856752e-24
1.23033136415793e-27
1.0050341393969017e-30
5.4716850709562195e-34
1.985378883196817e-37
4.801387554777772e-41
1.4905600750671437e-47
6.532530502307273e-50
1.9080728689225666e-52
3.714411493911677e-55
4.8191075748328264e-58
4.1670122347976566e-61
2.4013998457584073e-64
9.223287141427274e-68
2.36095945298102e-71
1.4881300572450322e-35
1.092880330794163e-34
5.349163580790932e-34
1.7449407968471677e-33
3.7936482674540766e-33
5.496863799100972e-33
5.4506452736748735e-33
4.77927858731398e-33
6.37935906652353e-33
2.0346403781382583e-32
5.953781902701224e-32
1.1947439243102429e-31
1.6012173465479348e-31
1.4304520215721002e-31
8.51692111751623e-32
3.379666500859434e-32
8.938129492615024e-33
1.575436806398637e-33
1.8507036483025888e-34
1.4489530816017216e-35
7.560548658781915e-37
2.6292619166147583e-38
6.093908616114524e-40
9.413249541233106e-42
9.690914334280353e-44
6.649231986509998e-46
3.0406033139120197e-48
2.346398885989455e-34
1.59415323868784e-33
7.21838157869487e-33
2.1783675275962167e-32
4.381310385855199e-32
5.872978836544244e-32
5.69895952416321e-32
3.8846560095167434e-32
1.764782184427223e-32
5.343320226990344e-33
1.0782335524104527e-33
1.4500935804053427e-34
1.2997528128254436e-35
1.7169775209682768e-34
1.1008274786837206e-33
4.724975206048967e-33
1.3516784803426637e-32
2.5770858590329527e-32
3.274657812746124e-32
2.777697272341909e-32
1.5951763395321673e-32
7.221173898706117e-33
5.434944309100201e-33
8.081209518475746e-33
1.036097617614933e-32
9.085731853580289e-33
5.32190171763018e-33
2.077959220818114e-33
5.407488901966207e-34
9.378564805255399e-35
1.0840734992129142e-35
8.351464215698103e-37
1.2068855364860406e-37
4.7279465698301985e-39
1.2344132805338099e-40
2.1479796333295337e-42
2.4910433253147256e-44
1.9253688939005456e-46
9.918092842431796e-49
3.4050534678815835e-51
7.791144343936447e-54
1.1881194712320595e-56
1.207537215482797e-59
8.179419518108668e-63
3.6925466515897067e-66
1.110992293613482e-69
2.2278074413273535e-73
0.0
0.0
0.0
0.0
0.0
0.0
4.687003930522969e-34
3.367786465399681e-33
1.6127807272114634e-32
1.8342745043681417e-05
8.176657668181745e-05
0.0005487750204637231
0.0024546772743674933
0.007317723865447278
0.014539155484043534
0.0192523564033431
0.01699065622613224
0.009993507921676201
0.003917484776533076
0.0010234773171834567
0.00017820942742127855
2.0680673387649205e-05
1.5994851964681616e-06
8.244746790723856e-08
2.83240901407668e-09
6.485092299306352e-11
9.895959369012816e-13
1.0064244839488538e-14
6.821596574479553e-17
3.081572702671367e-19
9.277700594093012e-22
1.8616148554555587e-24
2.4895500797459658e-27
2.2188781124700285e-30
1.3180369140026671e-33
1.8068970171156927e-34
6.781311525465701e-34
3.531147019728167e-33
1.2254649382404027e-32
2.8344417001751333e-32
4.369338740097106e-32
4.4889570518045676e-32
3.073666426631627e-32
1.4026508029453747e-32
4.266030382270971e-33
8.647286970314642e-34
1.1682003919820903e-34
1.0518077625331569e-35
6.3115633244244204e-37
2.52417269389341e-38
6.727949653522758e-40
1.195165228951749e-41
1.4149943790603471e-43
1.1165110557524505e-45
5.871551698966184e-48
2.0579001496019115e-50
4.8070346927433925e-53
7.483620610531883e-56
7.764756063023118e-59
5.369395800805332e-62
2.4745974970153223e-65
7.600904360560164e-69
2.761891375531817e-71
0.0
0.0
0.0
0.0
0.0
0.0
0.0
1.529865198807532e-05
0.0001191247223140681
0.0006182045331162449
0.0021381787915576594
0.00492875689789332
0.00757203000900067
0.007752982491951937
0.005290623153193641
0.0024061705186069187
0.0007293357847367362
0.00014733644683296164
1.983692767547933e-05
1.7800007111247818e-06
1.0645044711405039e-07
4.2428370458288554e-09
1.127059288822756e-10
1.9953483274472213e-12
1.0818512566103438e-13
9.739621794495393e-16
5.843838159741419e-18
2.3368767910615514e-20
6.228091708218373e-23
1.106256232911132e-25
1.3095980223045505e-28
1.0332414938962138e-31
5.433093949608815e-35
1.904031545786167e-38
4.447158539218568e-42
0.0
0.0
0.0
0.0
0.0
0.0
0.0
0.0
0.0
0.0
0.0
0.0
0.0
0.0
0.0
0.0
0.0
7.848548563425383e-36
6.270294484085419e-35
3.338628329454157e-34
1.1847582966538797e-33
2.8020313585483197e-33
4.41669868740114e-33
4.6398517154068665e-33
3.2485681229876654e-33
1.5158680654141351e-33
4.714247478285475e-34
9.771132425978242e-35
1.3497675071674748e-35
1.2426664904197799e-36
7.624857888075778e-38
3.1181030802090773e-39
8.49827403076122e-41
1.5436631678915004e-42
1.8687702040979162e-44
1.5077898253601505e-46
8.107879094702006e-49
1.2153923695091246e-05
0.00010545355987464653
0.00060980015864499
0.0023501488461842852
0.004611067218429758
0.009036741715792482
0.01180331056311204
0.010274893923923544
0.005961182364322378
0.002304989848878409
0.0005940009977164598
0.00010202036664299398
1.1677990932219156e-05
8.909040548841417e-07
4.529760972830772e-08
1.5349745667683669e-09
3.466639094934857e-11
5.217922508792568e-13
5.234415194563996e-15
3.499614916864444e-17
1.5593869600987733e-19
4.630939269549388e-22
9.165703860177193e-25
1.2090495648355133e-27
1.062928219121995e-30
6.22795286786867e-34
2.4320261796368714e-37
6.329548356832642e-41
2.82773368940203e-62
1.3054114716104193e-65
6.22377997340616e-68
1.4610521913260004e-71
0.0
0.0
0.0
0.0
0.0
0.0
0.0
0.0
0.0
0.0
0.0
0.0
0.0
0.0
0.0
0.0
0.0
0.0
0.0
0.0
0.0
0.0
0.0
0.0
0.0
1.6903726157172255e-34
1.4015039968511381e-33
7.744400083790487e-33
2.8520870028756075e-32
7.000342779800777e-32
1.1451368523312753e-31
1.248466876121922e-31
9.07148121527844e-32
4.3929972872670174e-32
1.4178334323836913e-32
2.8297025312745508e-05
0.00021868773242352565
0.0011263921306838899
0.0038666631736661004
0.008846360325471165
0.013488835417936563
0.013707739254152786
0.009284077604545688
0.004190764317686413
0.0012642332287178453
0.0002819635117455039
0.0001967483531764545
0.0006095937263701709
0.001504911136006738
0.0022009459658844017
0.0027763560562039918
0.0023341382108084054
0.0013078550703645184
0.0004883983894152688
0.00012155431325686486
2.016267144080301e-05
2.2289858960426136e-06
1.6422834486838004e-07
8.06437026601551e-09
2.6392124518910674e-10
5.756517001073074e-12
8.368098428719798e-14
8.107282686150535e-16
5.2348639715302946e-18
2.252770932529818e-20
6.461155820537091e-23
1.2350512308083605e-25
1.5736108398683997e-28
1.6724300242003785e-31
3.7195609577622296e-32
2.7289443159976347e-32
1.3370937592004234e-32
4.366274655054402e-33
9.502585560003342e-34
1.37833274708108e-34
3.037128205781056e-35
2.2401545993432353e-36
1.101220799415532e-37
3.6078823580962806e-39
7.877925669672253e-41
1.1464442427889758e-42
1.1119251279672259e-44
7.187530491052406e-47
3.0964594963690306e-49
8.890632426714591e-52
1.7013021664531266e-54
2.1697605218470128e-57
1.844266592026956e-60
1.0447614602103245e-63
3.9445015977606536e-67
9.925415060118512e-71
0.0
0.0
0.0
0.0
0.0
0.0
0.0
0.0
0.0
0.0
0.0
0.0
0.0
0.0
0.0
0.0
0.0
0.0
0.0
8.094523960067596e-06
6.679346887276242e-05
0.00036733155131582116
0.0013463687263015097
0.003288905125834064
0.005354516045804173
0.005809926673001282
0.004201483150887877
0.0020249586042940903
0.000650445960470123
0.00013924763907352774
1.986762747826222e-05
1.8892338757419301e-06
1.197311044010549e-07
5.057196175419693e-09
1.4236202646480404e-10
1.051520946941037e-11
1.505236945532989e-13
1.4360625557549429e-15
9.131106237703975e-18
3.8695011595275617e-20
1.0928690193643384e-22
2.0571350154596387e-25
2.5807089417602083e-28
2.1577285342171096e-31
1.202364463359072e-34
4.465365674665415e-38
1.105249123551786e-41
9.901377984108328e-50
3.420067328284446e-52
7.873271353923111e-55
1.2079732910954277e-57
1.235210549824679e-60
8.417947266657507e-64
2.171463719837501e-36
1.9925945153059178e-35
1.2186158756237224e-34
4.967024256565546e-34
1.3492961411603559e-33
2.4428670065690537e-33
2.9787283457267298e-33
2.6610606796270176e-33
2.66548422266187e-33
5.56143311038869e-33
1.568031580619194e-32
3.2753214972598976e-32
4.6044097978060215e-32
4.324706113297126e-32
2.7440248671524e-32
1.3183894074128774e-32
8.650470585141668e-33
1.106503647773636e-32
1.332751776980389e-32
1.1173178889370992e-32
6.270170171130273e-33
2.3461118989280627e-33
5.8508335730475585e-34
9.724562670387554e-35
1.0772193214389598e-35
7.95279439047985e-37
3.913063758583449e-38
1.2832038158541457e-39
2.8045029989480597e-41
4.085053261444283e-43
3.965711219883053e-45
2.565818882792733e-47
1.1064007361205759e-49
2.3395785029617695e-51
5.1301098143376486e-54
7.497168111149482e-57
7.302127051357811e-60
4.740051596154183e-63
2.6340562680102197e-34
1.721276804388152e-33
7.496489427281939e-33
2.1759389061527503e-32
4.2093691165415295e-32
1.3560183029237872e-07
1.18450265753856e-06
6.895854279696231e-06
2.6756029118369177e-05
6.918895837542426e-05
0.00011924315907654985
0.00013696566235708746
0.00010485073498853153
5.349495227887039e-05
1.8190124766324954e-05
4.12230479563425e-06
6.226243042143375e-07
6.267489101701105e-08
4.204773957064241e-09
1.880066747153887e-10
5.60254599591938e-12
4.298276993024277e-13
6.5134208813983395e-15
6.57817515681763e-17
4.427751843479059e-19
1.986290017775713e-21
5.938593460520431e-24
1.1833305575010299e-26
1.5714845355684068e-29
1.390899310643951e-32
8.204702160408725e-36
3.225607327025091e-39
8.45165424272695e-43
1.5623105034036018e-70
0.0
0.0
0.0
0.0
0.0
0.0
0.0
3.170208030422453e-05
0.0002223940710055011
0.0010397769750044655
0.003239953189287794
0.00672850877668631
0.009312803921204354
0.009231857163956438
0.006497604794201507
0.0030478883711910145
0.0009528540176277603
0.00019853415428891223
2.7569293643221446e-05
2.551511888582129e-06
1.573805655181791e-07
6.469729974711719e-09
1.7725673956729903e-10
3.2366885133921894e-12
3.9389512388667334e-14
3.194786575516938e-16
1.7269694114456893e-18
7.850803820360117e-08
5.707771869559994e-07
2.765671768598135e-06
8.931331609883871e-06
1.9222653636734697e-05
2.7573507550926887e-05
2.6360414659067277e-05
1.679554142129381e-05
7.132098413829795e-06
2.0184695137640454e-06
3.8072255794207586e-07
4.7860427462325545e-08
9.586411683372101e-09
6.128110946839068e-10
2.6108307036944777e-11
7.413313249149042e-13
1.4029026642032948e-14
1.7693928848720102e-16
1.4873136416129903e-18
8.332251961617603e-21
3.1110269648607175e-23
7.741528281481411e-26
1.283899950796449e-28
1.4191137496800103e-31
1.0454055028046417e-34
5.132558450407478e-38
1.6794403147404778e-41
3.662492909797867e-45
1.6490496523007896e-62
7.734552268312326e-66
2.417787752097329e-69
5.037124856671336e-73
0.0
0.0
0.0
0.0
0.0
0.0
0.0
0.0
0.0
0.0
0.0
0.0
0.0
0.0
0.0
0.0
0.0
0.0
0.0
0.0
0.0
0.0
0.0
0.0
0.0
0.0
0.0
0.0
0.0
0.0
0.0
0.0
0.0
0.0
0.0
0.0
0.0
0.0
0.0
0.0
0.0
0.0
0.0
0.0
0.0
0.0
0.0
0.0
0.0
0.0
0.0
0.0
0.0
0.0
0.0
0.0
0.0
0.0
0.0
0.0
0.0
0.0
0.0
0.0
0.0
0.0
0.0
0.0
0.0
0.0
0.0
0.0
0.0
0.0
0.0
0.0
0.0
0.0
0.0
0.0
0.0
0.0
0.0
0.0
0.0
0.0
0.0
0.0
0.0
0.0
0.0
0.0
0.0
0.0
0.0
0.0
0.0
0.0
0.0
0.0
0.0
0.0
0.0
0.0
0.0
0.0
0.0
0.0
0.0
0.0
0.0
0.0
0.0
0.0
0.0
0.0
0.0
0.0
0.0
0.0
0.0
0.0
0.0
0.0
0.0
0.0
0.0
0.0
0.0
0.0
0.0
0.0
0.0
0.0
0.0
0.0
0.0
0.0
0.0
0.0
0.0
0.0
0.0
0.0
0.0
0.0
0.0
0.0
0.0
0.0
0.0
0.0
0.0
0.0
0.0
0.0
0.0
0.0
0.0
0.0
0.0
0.0
0.0
0.0
0.0
0.0
0.0
0.0
0.0
0.0
0.0
0.0
0.0
0.0
0.0
0.0
0.0
0.0
0.0
0.0
0.0
0.0
0.0
0.0
0.0
0.0
0.0
0.0
0.0
0.0
0.0
0.0
0.0
0.0
0.0
0.0
0.0
0.0
0.0
0.0
0.0
0.0
0.0
0.0
0.0
0.0
0.0
0.0
0.0
0.0
0.0
0.0
0.0
0.0
0.0
0.0
0.0
0.0
0.0
0.0
0.0
0.0
0.0
0.0
0.0
0.0
0.0
0.0
0.0
0.0
0.0
0.0
0.0
0.0
0.0
0.0
0.0
0.0
0.0
0.0
0.0
0.0
0.0
0.0
0.0
0.0
0.0
0.0
0.0
0.0
0.0
0.0
0.0
0.0
0.0
0.0
0.0
0.0
0.0
0.0
0.0
0.0
0.0
0.0
0.0
0.0
0.0
0.0
0.0
0.0
0.0
0.0
0.0
0.0
0.0
0.0
0.0
0.0
0.0
0.0
0.0
0.0
0.0
0.0
0.0
0.0
0.0
0.0
0.0
0.0
0.0
0.0
0.0
0.0
0.0
0.0
0.0
0.0
0.0
0.0
0.0
0.0
0.0
0.0
0.0
0.0
0.0
0.0
0.0
0.0
0.0
0.0
0.0
0.0
0.0
0.0
0.0
0.0
0.0
0.0
0.0
0.0
0.0
0.0
0.0
0.0
