a = 5.0282189046354215 b = 5.0282189046354215 c = 17.863334943173736 ,Gaussian ,LMH = 0.08 ,DW = [0.2 0.2 0.2]
0.0
0.0
0.0
0.0
0.0
0.0
0.0
0.0
0.0
0.0
0.0
0.0
0.0
0.0
0.0
0.0
0.0
0.0
0.0
0.0
0.0
0.0
0.0
0.0
0.0
0.0
0.0
0.0
0.0
0.0
0.0
0.0
0.0
0.0
0.0
0.0
0.0
0.0
0.0
0.0
0.0
0.0
0.0
0.0
0.0
0.0
0.0
0.0
0.0
0.0
0.0
0.0
0.0
0.0
0.0
0.0
0.0
0.0
0.0
0.0
0.0
0.0
0.0
0.0
0.0
0.0
0.0
0.0
0.0
0.0
0.0
0.0
0.0
0.0
0.0
0.0
0.0
0.0
0.0
0.0
0.0
0.0
0.0
0.0
0.0
0.0
0.0
0.0
0.0
0.0
0.0
0.0
0.0
0.0
0.0
0.0
0.0
0.0
0.0
0.0
0.0
0.0
0.0
0.0
0.0
0.0
0.0
0.0
0.0
0.0
0.0
0.0
0.0
0.0
0.0
0.0
0.0
0.0
0.0
0.0
0.0
0.0
0.0
0.0
0.0
0.0
0.0
0.0
0.0
0.0
0.0
0.0
0.0
0.0
0.0
0.0
0.0
0.0
0.0
0.0
0.0
0.0
0.0
0.0
0.0
0.0
0.0
0.0
0.0
0.0
0.0
0.0
0.0
0.0
0.0
0.0
0.0
0.0
0.0
0.0
0.0
0.0
0.0
0.0
0.0
0.0
0.0
0.0
0.0
0.0
0.0
0.0
0.0
0.0
0.0
0.0
0.0
0.0
0.0
0.0
0.0
0.0
0.0
0.0
0.0
0.0
0.0
0.0
0.0
0.0
0.0
0.0
0.0
0.0
2.3910765309908314e-33
1.7655180266528436e-32
8.688251498055481e-32
2.849536076796727e-31
6.228701001891586e-31
9.074074822948848e-31
8.810261042418453e-31
5.701074878168357e-31
2.45870407992531e-31
7.067036378007513e-32
1.3537857552175572e-32
1.7283993783159944e-33
1.4706855013784375e-34
8.340211589396544e-36
3.152215314669428e-37
7.940287523032706e-39
1.3330244988316134e-40
1.4914942438524696e-42
1.1122094488029831e-44
5.527555695340586e-47
1.8308856561917567e-49
4.041763201689031e-52
5.946508677738022e-55
5.8308893033520315e-58
3.8105624581716464e-61
2.2904780617357908e-63
7.611723511814629e-67
1.6858596682873114e-70
0.0
0.0
0.0
0.0
0.0
0.0
0.0
0.0
0.0
0.0
0.0
0.0
0.0
0.0
0.0
0.0
0.0
0.0
0.0
0.0
0.0
0.0
0.0
0.0
0.0
0.0
0.0
0.0
0.0
0.0
0.0
0.0
0.0
0.0
0.0
0.0
0.0
0.0
0.0
0.0
0.0
0.0
0.0
0.0
0.0
0.0
0.0
0.0
0.0
0.0
0.0
0.0
0.0
0.0
0.0
0.0
0.0
0.0
0.0
0.0
0.0
0.0
0.0
0.0
0.0
0.0
0.0
0.0
0.0
0.0
0.0
0.0
0.0
0.0
0.0
0.0
0.0
0.0
0.0
0.0
0.0
0.0
0.0
0.0
0.0
0.0
0.0
0.0
0.0
0.0
0.0
0.0
0.0
0.0
0.0
0.0
0.0
0.0
0.0
0.0
0.0
0.0
0.0
0.0
0.0
0.0
0.0
0.0
0.0
0.0
0.0
0.0
0.0
0.0
0.0
0.0
0.0
0.0
0.0
0.0
0.0
0.0
0.0
0.0
0.0
0.0
0.0
0.0
0.0
0.0
0.0
0.0
0.0
0.0
0.0
0.0
0.0
0.0
0.0
0.0
6.436116007502714e-33
4.42282866346609e-32
2.0256197173776044e-31
6.182971778914121e-31
1.2578190295784237e-30
1.7053778021349956e-30
1.5410069548279132e-30
9.280473607281738e-31
3.7249223976291403e-31
9.96427871797652e-32
1.7764625349488416e-32
2.11080340831562e-33
4.072019066607458e-34
2.460390928723131e-35
9.907862699632109e-37
2.659116655738088e-38
4.7563778629217065e-40
5.670180135842744e-42
4.505042697402846e-44
2.385516994705079e-46
8.418751035557849e-49
1.9801330214572784e-51
3.10400644468163e-54
3.2428914409621704e-57
2.2579990498837923e-60
1.0478440397210983e-63
3.2407914780601585e-67
6.680163268440319e-71
0.0
0.0
0.0
0.0
0.0
0.0
0.0
0.0
0.0
0.0
0.0
0.0
0.0
0.0
0.0
0.0
0.0
0.0
0.0
0.0
0.0
0.0
0.0
0.0
0.0
0.0
0.0
0.0
0.0
0.0
0.0
0.0
0.0
0.0
0.0
0.0
0.0
0.0
0.0
0.0
0.0
0.0
0.0
0.0
0.0
0.0
0.0
0.0
0.0
0.0
0.0
0.0
0.0
0.0
0.0
0.0
0.0
0.0
0.0
0.0
0.0
0.0
0.0
0.0
0.0
0.0
0.0
0.0
0.0
0.0
0.0
0.0
0.0
0.0
0.0
0.0
0.0
0.0
0.0
0.0
0.0
0.0
0.0
0.0
0.0
0.0
0.0
0.0
0.0
0.0
0.0
0.0
0.0
0.0
0.0
0.0
0.0
0.0
0.0
0.0
0.0
0.0
0.0
0.0
0.0
0.0
0.0
0.0
0.0
0.0
0.0
0.0
0.0
0.0
0.0
0.0
0.0
0.0
0.0
0.0
0.0
0.0
0.0
0.0
0.0
0.0
0.0
0.0
0.0
0.0
0.0
0.0
0.0
0.0
0.0
0.0
0.0
0.0
0.0
0.0
0.0
2.8820526673280804e-33
2.0644534707568645e-32
9.855753510338106e-32
3.135856031797367e-31
6.6497289987908205e-31
9.397954226349384e-31
8.852058033686897e-31
5.556953052917215e-31
2.3249346556625033e-31
6.482855221143916e-32
1.2047680525877983e-32
1.4921830780904437e-33
1.2317493075967764e-34
6.77647891254956e-36
2.4846624906743725e-37
6.071727393940214e-39
9.888687974922476e-41
1.3976379082941948e-34
1.047597609909365e-33
5.2333029681360526e-33
1.7423636612581398e-32
3.8661907739362554e-32
5.249852767159995e-32
5.923715321853361e-32
4.4547443231208424e-32
2.2327131745211667e-32
7.458038743969803e-33
1.660343259848961e-33
2.463500643247644e-34
2.4360658559468747e-35
1.6054874594491268e-36
7.051903468026145e-38
2.064369091278749e-39
4.0276329527139125e-41
5.237137436534259e-43
4.5385759236725346e-45
2.6213607173531205e-47
4.112260628839676e-35
3.7188250882605443e-34
2.241364147497834e-33
9.003277526761128e-33
2.4102961245161438e-32
4.300527366090176e-32
5.113927620004298e-32
4.052928913344392e-32
2.1407450287740792e-32
7.536027074720406e-33
1.768078341423961e-33
5.368361259868709e-34
6.404767486230501e-35
5.0926819073057915e-36
2.6988036040477282e-37
9.531857924593695e-39
2.2437030979433364e-40
3.5199359659118185e-42
3.6803208873249183e-44
2.564591261933998e-46
1.1910559914872219e-48
3.686614664128838e-51
7.605098836126593e-54
1.0455950703546683e-56
9.580843357283423e-60
5.850938060154486e-63
2.381380590693907e-66
6.459719601054796e-70
0.0
0.0
0.0
0.0
0.0
0.0
0.0
0.0
0.0
0.0
0.0
0.0
0.0
0.0
0.0
0.0
0.0
0.0
0.0
0.0
0.0
0.0
0.0
0.0
0.0
0.0
0.0
0.0
0.0
0.0
6.861487662333023e-05
0.000618408673167741
0.003714620107464511
0.014870815546753803
0.03967680714389384
0.06092172563680647
0.08265644192581327
0.07474166438275848
0.045043317678952276
0.01809170617091012
0.004842952712190022
0.0008640173818742512
0.00010273449220848431
8.141260026023854e-06
4.299802635579875e-07
1.5135158218646445e-08
3.5506425826377485e-10
5.551476392794335e-12
5.784843118751077e-14
4.017503114862385e-16
1.859526649839913e-18
5.7362773279692795e-21
1.179341064217801e-23
1.6159586738247975e-26
1.4757154612861233e-29
8.981658805546885e-33
3.643275614286332e-36
9.849383528730329e-40
0.0
0.0
0.0
0.0
0.0
0.0
0.0
0.0
0.0
0.0
0.0
0.0
0.0
0.0
0.0
0.0
0.0
0.0
0.0
0.0
0.0
0.0
0.0
0.0
0.0
0.0
0.0
0.0
0.0
0.0
0.0
0.0
0.0
0.0
0.0
0.0
0.0
0.0
0.0
0.0
0.0
0.0
0.0
0.0
0.0
0.0
0.0
1.5482511113634587e-33
1.1344842272428236e-32
5.540348354841822e-32
1.8032553547145625e-31
3.911640525655094e-31
5.655124772537411e-31
5.44887687162549e-31
4.242785307144165e-31
2.0788274329996582e-31
6.788399152782662e-32
1.4773991678182603e-32
2.142939340194515e-33
2.071588319278243e-34
1.3346843791386648e-35
5.513225772609781e-34
4.3859590549531655e-33
2.327841269669826e-32
8.23427400165714e-32
1.9412381574596268e-31
3.0500985547200264e-31
3.1939673613423583e-31
2.2290952343340854e-31
1.0368318296197625e-31
3.214175356823777e-32
6.640677065640183e-33
9.144010233403504e-34
8.391557869980433e-35
5.132512698934349e-36
2.0921798711952767e-37
5.683940911626287e-39
1.029157012826921e-40
1.2419247129859138e-42
5.215210994093178e-44
3.2002808686697014e-46
1.3088378785257611e-48
3.5675097060764095e-51
6.480761209092053e-54
7.846363505057529e-57
6.331292483647423e-60
3.404849167755449e-63
1.2203514649525064e-66
2.915100447296302e-70
0.0
0.0
0.0
0.0
0.0
0.0
0.0
0.0
0.0
0.0
0.0
0.0
0.0
0.0
0.0
0.0
0.0
0.0
0.0
0.0
0.0
0.0
0.0
0.0
0.0
0.0
0.0
0.0
0.0
0.0
0.0
0.0
0.0
0.0
0.0
0.0
0.0
0.0
0.0
0.0
0.0
0.0
0.0
0.0
0.0
0.0
0.0
0.0
0.0
0.0
0.0
0.0
0.0
0.0
0.0
0.0
0.0
0.0
0.0
0.0
0.0
0.0
0.0
0.0
0.0
0.0
0.0
0.0
0.0
0.0
0.0
0.0
0.0
0.0
0.0
0.0
0.0
0.0
0.0
0.0
0.0
0.0
0.0
0.001377540496644693
0.011388497794720677
0.06274946931458363
0.23042798422340485
0.563951728692214
0.919877914696974
1.0
0.724521631090792
0.3498519190592212
0.11258971325051612
0.04220292397294499
0.006906524780126638
0.000753282980877123
5.475682833212063e-05
2.652772226921119e-06
8.565312009492586e-08
1.8431809004181434e-09
2.6434693754098314e-11
2.52674929761755e-13
1.6096504376910264e-15
6.834119028874924e-18
1.9338155731807706e-20
3.6469441815746257e-23
4.583790153747438e-26
3.83974060720925e-29
2.143683149606294e-32
7.97628842653957e-36
1.9779834512978864e-39
0.0
0.0
0.0
0.0
0.0
0.0
0.0
0.0
0.0
0.0
0.0
0.0
0.0
0.0
0.0
0.0
0.0
0.0
0.0
6.0341503812245344e-05
0.00044951024564204823
0.002231745197507093
0.007384671330771972
0.016285431914567768
0.023935854688760975
0.023446614677543064
0.015307099354545082
0.0066601989765841365
0.0019313592116948631
0.00037326773780749553
4.8079440183547197e-05
4.127431725522761e-06
2.361467331924899e-07
9.004622987418418e-09
8.14245666142277e-10
1.578852750957095e-11
2.0403719705052342e-13
1.7573514240255404e-15
1.0087636738886751e-17
3.8592401101649036e-20
9.840013931351223e-23
1.6721343745914497e-25
1.8937741523620768e-28
1.4294426721846125e-31
7.190959600004651e-35
2.4109516621701447e-38
5.3873067624403886e-42
0.0
0.0
0.0
0.0
0.0
0.0
0.0
0.0
0.0
0.0
0.0
0.0
0.0
0.0
0.0
0.0
0.0
0.0
0.0
0.0
0.0
0.0
0.0
0.0
0.0
0.0
0.0
0.0
0.0
0.0
0.0
0.0
0.0
0.0
0.0
0.0
0.0
0.0
0.0
0.0
0.0
0.0
0.0
0.0
0.0
0.0
0.0
0.0
0.0
0.0
0.0
0.0
0.0
1.4024608067112734e-33
1.0486317684752184e-32
5.225608098616801e-32
1.7355303382491947e-31
3.8415733661764402e-31
5.667187764007513e-31
5.571955253694848e-31
3.6511458903164476e-31
1.5945285557025867e-31
4.6410576600249354e-32
9.002915524419996e-33
2.408027871122992e-33
2.375364713200438e-34
1.5616389774080328e-35
6.842464105904914e-37
1.9981402296929469e-38
3.8888478147364005e-40
5.044260192357625e-42
4.360693481824482e-44
2.5124370511548873e-46
9.64753507592614e-49
2.4689886375438934e-51
4.211175728680309e-54
4.787063473105508e-57
3.6267411134996873e-60
1.8312408739998975e-63
6.16248591122163e-67
1.3821270080872293e-70
0.0
0.0
0.0
0.0
0.0
0.0
0.0
0.0
0.0
0.0
0.0
0.0
0.0
0.0
0.0
0.0
0.0
0.0
0.0
0.0
0.0
0.0
0.0
0.0
0.0
0.0
0.0
0.0
0.0
0.0
0.0
0.0
0.0
0.0
0.0
0.0
0.0
0.0
0.0
0.0
0.0
0.0
0.0
0.0
0.0
0.0
0.0
0.0
0.0
0.0
0.0
0.0
0.0
0.0
0.0
0.0
0.0
0.0
0.0
0.0
0.0
0.0
0.0
0.0
0.0
3.476270060473909e-34
2.683965869920585e-33
1.38109011851842e-32
4.736402429472609e-32
1.0825718266887167e-31
1.6490977314429976e-31
1.6742396238441813e-31
1.1328447232176242e-31
5.10863299764529e-32
1.535396586046495e-32
3.0755159607125074e-33
4.105792035575925e-34
3.65306549690632e-35
2.166204820826227e-36
8.560972960091387e-38
2.2549051621541722e-39
3.958357221898001e-41
4.631090163460534e-43
0.00015174586106871154
0.0012762624599092218
0.00715392996060267
0.018018363191971858
0.05135971508596286
0.0975689032587398
0.1235326587924279
0.10423983196312347
0.058622881905489664
0.021972636683375284
0.005488816768161478
0.0009138119637710608
0.00010139498944177576
7.49821168919979e-06
3.6955616218503057e-07
1.2139051324223768e-08
2.65748361253459e-10
3.877376651556588e-12
3.7703957276255177e-14
2.443528600783915e-16
1.055430078563007e-18
3.038246843279649e-21
5.8290555248544184e-24
7.453408313286989e-27
6.351819547986191e-30
3.613311035164501e-33
1.6650891583691807e-36
1.0730812423013708e-38
8.815638234863042e-40
3.478703913701046e-34
2.855751980318326e-33
1.5624462103325165e-32
5.697327851988732e-32
1.3845826855375247e-31
2.242580953647296e-31
2.4207999990409884e-31
1.7416113240817692e-31
8.35074298505487e-32
2.6685819435119957e-32
5.683521628603119e-33
8.067445480586673e-34
7.631960420455182e-35
4.8119125710376864e-36
2.0219988050456003e-37
5.662726799985906e-39
1.0569437439579766e-40
1.3147999647104503e-42
1.0900565859189367e-44
6.023098295415717e-47
4.498048659463859e-34
3.195387587205737e-33
1.512880017027356e-32
4.7738303082732703e-32
1.0039475321378543e-31
1.3153497179057377e-31
1.4066558458070086e-31
1.0025730425003681e-31
4.7623985659405055e-32
1.5077071789772492e-32
3.1811915112165334e-33
4.473466353867119e-34
4.192567696398516e-35
2.618771105934775e-36
1.0901758206078685e-37
3.024663729883374e-39
5.592927630543565e-41
6.8925964069966186e-43
5.661194120892169e-45
3.0989515960641855e-47
1.1305846556561228e-49
2.7489885386300176e-52
4.454760083745685e-55
4.8112426228222966e-58
3.46315352756204e-61
1.6613754169180186e-64
5.311844625508496e-68
1.1318907076523547e-71
0.0
0.0
0.0
0.0
0.0
0.0
0.0
0.0
0.0
0.0
0.0
0.0
0.0
0.0
0.0
0.0
0.0
0.0
0.0
0.0
0.0
0.0
0.0
0.0
0.0
0.0
0.0
0.0
0.0
0.0
0.0
0.00090281100008128
0.00580642535008932
0.024888710726097597
0.07110129345725007
0.13537365379974206
0.17177990118610498
0.1452754048752442
0.08188293264068933
0.030759284627647234
0.007700884703749714
0.0012849509798748117
0.0001428940175124479
1.0590661365138692e-05
5.231348648277633e-07
1.722208769636875e-08
3.778674440182981e-10
5.525539701868874e-12
5.3850715707363404e-14
3.4977583646943517e-16
1.5141527030999768e-18
4.36848749373129e-21
8.399899025190932e-24
1.0764616998271024e-26
1.0137147998754685e-28
6.606065634630855e-32
2.869138609487643e-35
8.305039901137374e-39
1.6021879648846645e-42
0.0
0.0
0.0
0.0
0.0
0.0
0.0
0.0
0.0
0.0
0.0
0.0
0.0
0.0
0.0
0.0
0.0
0.0
0.0
0.0
0.0
0.0
0.0
1.8149909231414653e-33
1.178566302606521e-32
5.100527929799636e-32
1.47115282012261e-31
2.828016867162588e-31
3.623161979758078e-31
3.0936776051126386e-31
1.7605319249715336e-31
6.677198764866022e-32
1.6878204791658472e-32
2.8434117123563812e-33
3.1925285672879487e-34
2.3889737864266958e-35
1.1914327255187774e-36
3.960127908956009e-38
8.772642881420124e-40
1.2951892627329626e-41
1.2744346437186466e-43
8.357635955001152e-46
3.6528419328886666e-48
5.63706620715333e-33
3.581430382765134e-32
1.516496595787144e-31
4.2796466620663065e-31
6.821602729760818e-31
9.78938656688549e-31
9.362807218138193e-31
5.970303184548675e-31
2.5519085611575602e-31
8.011086519864865e-32
4.1570771129804127e-32
6.458764028368909e-32
9.418564961229638e-32
9.37411001974454e-32
6.22650018897317e-32
2.7565917041927937e-32
8.158039410179415e-33
1.7785315821123468e-33
1.0849250104152844e-33
2.8700067441155722e-33
6.193100273364095e-33
8.960805575269864e-33
8.642479311754053e-33
5.5553712817855225e-33
2.379958747250972e-33
6.795279408740565e-34
1.2930840550142842e-34
4.83536342019253e-35
2.095622040455114e-34
5.7981943503220315e-34
1.9201715410420865e-33
4.239594883792581e-33
6.238673484557376e-33
6.118454402368901e-33
3.99919653760345e-33
1.742149079811184e-33
5.058007071385874e-34
9.787124133865989e-35
1.2621538877539804e-35
1.0848034813099286e-36
6.214001865734586e-38
2.372319816225154e-39
6.036103000767033e-41
1.0235795384069958e-42
1.1568261505636222e-44
8.713570462782862e-47
4.3742716067140775e-49
1.4635140364999023e-51
3.2633945707459163e-54
4.849800002900465e-57
4.8035201894249196e-60
3.1708592121795e-63
1.395005265551586e-66
4.090310550711429e-70
7.99315557832183e-74
0.0
0.0
0.0
0.0
0.0002546943597719081
0.0019484440878864142
0.009934319341181537
0.033757465546032095
0.07645098723311701
0.11539258728075305
0.11607916416335637
0.07782375500208746
0.03477375895475527
0.010355537487493838
0.002055299890879476
0.00027186875687308236
2.396762228018389e-05
1.408225325350348e-06
5.514433414930411e-08
1.4391669998909674e-09
2.5032431431347506e-11
2.9018598025759905e-13
2.2419781003205364e-15
1.1544306635338225e-17
3.9617392640570926e-20
9.061194939984074e-23
1.2555077271340216e-24
1.4602309673991186e-27
1.1318927207570812e-30
5.8475040025703e-34
2.0133409956385685e-37
4.62003955562092e-41
0.0
0.0
0.0
0.0
0.0
0.0
0.0
0.0
0.0
0.0
0.0
0.0
0.0
0.0
0.0
0.0
2.0898724750203903e-33
1.3230199800221295e-32
5.582060868715272e-32
1.163360207186706e-31
2.496002120430149e-31
3.5690878959346438e-31
3.4013481350391253e-31
2.1603617285866436e-31
9.146839278338354e-32
2.5960993608630097e-32
5.785610424560112e-33
4.225970719697413e-33
9.386679733696567e-33
1.6058165265834528e-32
1.8402060403723985e-32
1.4056917622216253e-32
7.156449524862967e-33
2.428212824227977e-33
5.491075751274685e-34
8.275793963531814e-35
8.312725752855409e-36
5.564918188478622e-37
2.482879618257087e-38
7.383020783737641e-40
1.4631675699867897e-41
1.9325715894156106e-43
1.7012128829006462e-45
9.980752431046896e-48
3.902558767784922e-50
7.731096440511127e-52
1.5371981024578142e-54
2.0370427190004685e-57
1.7990862399931365e-60
1.0589741900451343e-63
4.154323544242591e-67
1.0861675073072679e-70
0.0
0.0
0.0
0.0
0.0
0.0
0.0
0.0
0.0
0.0
0.0
0.0
0.0
0.0
0.0
0.0
0.0
0.0
0.00028969968033565156
0.0012101677823899354
0.007367891692071276
0.029896643147080265
0.08085058569457065
0.1457221134307436
0.17504483486637323
0.1401376039204656
0.07477245208287323
0.02658949608232575
0.00630173503347889
0.0009953864366445046
0.00010478638231898938
7.3518988510003295e-06
3.4377615345309655e-07
1.0713552957968045e-08
2.2252194211206216e-10
3.080304929505622e-12
2.841817132924729e-14
1.747350762287215e-16
7.160537236656313e-19
1.955656921830542e-21
3.55976459727503e-24
4.3184852232135386e-27
3.491589223325436e-30
0.00010518734380439378
0.00042662858711480206
0.002485026015617166
0.009647026571162046
0.024959596368915486
0.04303910081227951
0.04946185146381531
0.03788428513733243
0.019338793349757886
0.0065793228330000425
0.0014918136243857489
0.00022543922858022497
2.2705232760995594e-05
1.5240667042530308e-06
6.818102727564096e-08
2.0328468152265495e-09
4.0394972347827286e-11
5.349725824596602e-13
4.721905407030094e-15
2.777695202608648e-17
1.0890139499507417e-19
2.845534433989458e-22
4.955366676729815e-25
5.7513433428078615e-28
4.4488149532149665e-31
2.2935115786847048e-34
7.880233392116512e-38
3.085546075925749e-40
0.0
0.0
0.0
0.0
0.0008657949659583684
0.005598050375861522
0.024123487669298508
0.06928272147537322
0.13261459681703397
0.16917620087989496
0.14383638345313537
0.08150416264432586
0.030780266323365474
0.007747230983932948
0.0012995775019530502
0.00014529123392650943
1.082575484849934e-05
5.37599074503275e-07
1.7792639716206124e-08
3.9246759623368666e-10
5.769640773572329e-12
5.6529519131549944e-14
3.691334114064301e-16
1.6064712943849126e-18
4.6595516613478344e-21
7.564131999751005e-23
1.1156625132995602e-25
1.0967007258391373e-28
7.184970165585776e-32
3.1372083016208254e-35
9.129422162453593e-39
1.7706175843795663e-42
0.0
0.0
0.0
0.0
0.0
0.0
0.0
0.0
0.0
0.0
0.0
0.0
0.0
0.0
0.0
0.0
0.0
0.0
0.0
0.0
0.0
0.0
0.0
0.0
0.0
0.0
0.0
0.0
3.869851456859177e-34
2.850141119148866e-33
1.3990073001313873e-32
4.576728455011491e-32
9.978651585048703e-32
1.4500070724280488e-31
1.404267776164554e-31
9.063820329963498e-32
3.899008608515412e-32
1.117837431833166e-32
2.1359183689186654e-33
2.720020650945671e-34
2.3085607104061902e-35
1.3058459518524817e-36
4.922935460693376e-38
1.236909387498553e-39
8.469307629031431e-41
1.08209211299483e-42
9.214294813417245e-45
5.229275508043113e-47
1.97789162615278e-49
4.9859165825674644e-52
8.376624984760779e-55
9.379391970052189e-58
6.99941665617593e-61
3.481212672834589e-64
1.1539335840115206e-67
2.5492511200169858e-71
0.0
0.0
0.0
0.0
0.0
0.0
0.0
0.0
0.0
0.0
0.0
0.0
0.0
0.0
0.0
0.0
0.0
0.0
0.0
0.0
0.0
0.0
0.0
0.0
3.684745046589355e-34
2.788909459008501e-33
1.406834257020677e-32
4.7296935551964847e-32
1.059752913257086e-31
1.5825512505504956e-31
1.5750432939947615e-31
1.0447412840833912e-31
4.618559740653475e-32
1.3607737490863707e-32
2.6720638275286463e-33
3.496948861730726e-34
3.050094414838636e-35
1.7730412223772932e-36
6.869196356430272e-38
3.1936073463422772e-34
1.363863689191966e-33
8.583411814973429e-33
3.600232263521742e-32
1.006427830498921e-31
1.8758999273075107e-31
2.3352873122064823e-31
1.966175201835371e-31
1.2100125104202113e-31
7.576495516015625e-32
7.050802300620082e-32
6.899534964741165e-32
4.990193626986742e-32
2.4456790734563544e-32
8.008287641682512e-33
1.748318537528282e-33
2.5439378632513095e-34
2.467047153610735e-35
1.5945217997563106e-36
6.868550497709422e-38
1.9718836646055247e-39
3.772932476658472e-41
4.811254438788827e-43
4.089019343014191e-45
2.3161226484010065e-47
8.743503535090702e-50
1.69200759363168e-51
3.248095760891571e-54
4.1556301622672457e-57
3.5434515833769303e-60
2.013713420914997e-63
7.626940778552282e-67
1.9252389173610144e-70
0.0
0.0
0.0
2.058924683688953e-34
1.3630200613822827e-33
6.0137529630918255e-33
1.7683591259093825e-32
3.465587753886659e-32
4.5265245568298955e-32
3.940346460731236e-32
2.2860487440119473e-32
8.839304835815622e-33
2.2778875695686503e-33
3.9122626735546505e-34
4.4782184586163383e-35
3.4163636594311754e-36
1.7370185625834626e-37
5.886082890481006e-39
1.329320909801705e-40
8.477471488209993e-42
9.7358165171948e-44
7.451779085948921e-46
3.801273433914584e-48
1.2923489602295245e-50
2.9282761695694505e-53
4.422072075139503e-56
4.450626491743338e-59
2.9853690680539624e-62
1.3346163990191247e-65
3.976458307580037e-69
7.896196691262617e-73
0.0
0.0
0.0
0.0
0.0
0.0
0.0
0.0
0.0
0.0
0.0
0.0
0.0
0.0
0.0
0.0
0.0
0.0
0.0
0.0
0.0
0.0
0.0
0.0
0.0
0.0
0.0
0.0
0.0
0.0
0.0
0.0
0.0
0.0
0.0
0.0
0.0
0.0
0.0
0.0
0.0
0.0
0.0
0.0
0.0
0.0
0.0
0.0
0.0
0.0
0.0
0.0
0.0
0.0
0.0
0.0
0.0
0.0
0.0
0.0
0.0
0.0
0.0
0.0
0.0
0.0
0.0
0.0
0.0
0.0
0.0
0.0
4.779468997694164e-34
3.4157466468902734e-33
1.6269462328967414e-32
5.164666689696094e-32
1.092679877291954e-31
1.5407250363023778e-31
1.4479010482163145e-31
9.068473191421816e-32
3.785393330329485e-32
1.0530994838289153e-32
1.952582242705249e-33
2.412852751227052e-34
1.9871646415463713e-35
1.0907329452250435e-36
3.9901071588593707e-38
9.728194291958698e-40
4.996306889324818e-34
3.332951278940682e-33
1.4818027143343396e-32
3.1979047686689134e-32
5.051692723580314e-06
4.628652627622067e-05
0.0002826531306186533
0.0011503620848500491
0.0031203037040829955
0.0056408002673203695
0.00679619961117215
0.005457240305446871
0.0029205293711645603
0.0010416735255434377
0.0002476185767925146
3.9229824735842e-05
4.142199966335707e-06
2.914924442432971e-07
1.3671151347942077e-08
4.2733102914287803e-10
8.902363316820185e-12
2.2712112037272477e-05
0.00020148955232613658
0.0011913218097466998
0.00469447684596112
0.012328971776143468
0.02157983220959059
0.025173918216700012
0.019571996008946674
0.013208662587112573
0.005222106543584635
0.001375986453470029
0.00024163739024478574
2.8281058687424904e-05
2.2060164046553082e-06
1.1468413954694737e-07
3.9735577708134385e-09
9.175658692905845e-11
1.4121359784465968e-12
1.4484294074957666e-14
9.901470491158591e-17
4.511111997488446e-19
1.3697744766427279e-21
2.772018221136896e-24
3.7387826264275754e-27
3.45014594664639e-30
1.1289014656064131e-31
7.162533538267593e-05
0.0006166747052208476
0.0035385647705517454
0.013532552235645194
0.03449163828994295
0.058590807317469004
0.06633254944799098
0.057512072896757395
0.033109971633612824
0.01270399003642656
0.0032486507794454523
0.0005536654974828628
6.288881927132072e-05
4.760811316033162e-06
2.401983646619763e-07
8.076824963763721e-09
1.8100594714878e-10
2.7035011934669924e-12
2.691174351976187e-14
1.78541283624517e-16
7.894361661500859e-19
2.326360058254939e-21
4.568970931403317e-24
5.980553853393764e-27
5.217301853295076e-30
3.0334166827091532e-33
1.1754379980302351e-36
3.03563064980901e-40
0.0
0.0
0.0
0.0
0.0
0.0
0.0
0.0
0.0
0.0
0.0
0.0
0.0
0.0
0.0
6.023703832267826e-35
4.847540165871367e-34
2.599924700026875e-33
9.293550685429776e-33
2.214033164215857e-32
3.51534634847179e-32
3.719920569989415e-32
2.623498144106586e-32
1.2331315349851449e-32
3.862954520982174e-33
8.065129300180991e-34
1.1222370996515644e-34
1.0407333158898732e-35
6.432441440431493e-37
2.649682107855645e-38
7.274334260746297e-40
5.283971098716182e-41
7.376706324230225e-43
6.863507343283768e-45
4.256094473496672e-47
1.7589681050598315e-49
4.844915621256575e-52
8.893977352467697e-55
1.0881464983671514e-57
8.87279130407284e-61
4.821861286930249e-64
1.7464280850045913e-67
4.215685938373962e-71
0.0
0.0
0.0
0.0
0.0
0.0
0.0
0.0
0.0
0.0
3.2480788458726064e-05
0.00026907110163111185
0.0014627185451869882
0.00546126188242866
0.01074930830443956
0.022246267715375443
0.03303596080256682
0.03548816105508805
0.02745920628384666
0.015086193729701207
0.005781628887985482
0.0015215837468531463
0.0002718558794725757
3.272798671151119e-05
2.6426419354707573e-06
1.4273001710811215e-07
5.14835190636415e-09
1.2391042074170618e-10
1.988902928382325e-12
2.1284380090417425e-14
1.5183782725214332e-16
9.683475118114298e-05
0.0007043655785168962
0.0034146528356479465
0.011032566039677423
0.02375680668524699
0.03409424988751256
0.03261037284523422
0.020787963079106925
0.012289953657923203
0.0039839052241399655
0.0008606950379546455
0.00012392848724479864
1.1892537947358582e-05
7.60605552501416e-07
3.2420968579172005e-08
9.210305321405156e-10
1.743827882689667e-11
2.200466472731579e-13
1.85057820249293e-15
1.0372457813732075e-17
3.8746944449850956e-20
9.646611562139863e-23
1.600640017869299e-25
1.7700849032538992e-28
1.304596093626887e-31
6.408252234987707e-35
2.0978994530817455e-38
4.5773201584467795e-42
0.0
0.0
0.0
0.0
0.0
3.0628860876276427e-34
1.3118190438576798e-33
8.29162878773997e-33
3.4929093784948094e-32
9.806551965323333e-32
1.834961252286264e-31
2.2883318750797673e-31
1.9019218614638696e-31
1.0535323578528457e-31
3.8894181421446573e-32
9.56980174083526e-33
1.569288505129914e-33
1.7150792588501031e-34
1.2492436320357455e-35
6.064453103121692e-37
1.962084413439455e-38
4.230827142130265e-40
6.080151825632466e-42
5.823513873614858e-44
3.7173833809757e-46
1.5815070776011986e-48
4.4842154925580553e-51
8.473900455433636e-54
1.0672392508101868e-56
8.958220928242226e-60
5.011448786927168e-63
1.868471046494758e-66
7.725666378865217e-69
0.0
0.0
0.0
0.0
0.0
0.0
0.0
0.0
0.0
0.0
0.0
0.0
0.0
2.5115689336824346e-05
0.0001992672320690664
0.001053678751605741
0.003713317671027155
0.0087216275118107
0.013652573181370023
0.014243379305689386
0.009903600537474258
0.004589387599016261
0.0014174178871844967
0.00039353334967430015
0.0004688769328715405
0.0020639385138206466
0.007263395061382762
0.017103528236389155
0.02684400804031828
0.028079620384159874
0.019575671367356846
0.009095438620072964
0.002816515706437688
0.000581275817577637
7.995283764189357e-05
7.32937692745867e-06
4.4779761844090353e-07
1.823383625917745e-08
4.948298268085577e-10
8.949839293479652e-12
1.078837794698116e-13
8.667195970631598e-16
4.6406907473154915e-18
1.6560299556428676e-20
3.938540328004477e-23
6.24286513891302e-26
6.594990251240577e-29
4.643291091614619e-32
2.1788092574290098e-35
6.813873413919026e-39
2.5057908596188146e-41
0.0
0.0
0.0
0.0
0.0
0.0
0.0
1.0737921797239099e-34
7.865616856680175e-34
3.83996164647819e-33
1.2494029697565828e-32
2.7093164216293886e-32
3.9156013805937374e-32
3.77154040540028e-32
2.4211439133825252e-32
1.0358669884593942e-32
2.9537173181564985e-33
5.613263298406609e-34
7.109571835022376e-35
6.001406269390693e-36
3.3763243179142013e-37
1.2659508190525227e-38
3.1635234612410958e-40
5.268740796231052e-42
3.244655054901969e-34
1.3656551121659388e-33
8.409130219176427e-33
3.450981800606945e-32
9.438778798375071e-32
1.720562669453995e-31
2.0902909085796942e-31
1.692483781206367e-31
6.410842989565369e-05
0.0005168431525743426
0.0027770515488825353
0.009944676591627412
0.02373443703531299
0.037752764077071906
0.040022122910296096
0.028276980792915542
0.013315194064002946
0.004178722315378742
0.0008740193998199965
0.00012183727599840084
1.1319333014037781e-05
7.008789902256227e-07
2.8923230218353696e-08
7.954851842326607e-10
1.4581390625583428e-11
1.7813421404045893e-13
7.541894742667664e-15
4.685235708732074e-17
1.9398313353254062e-19
5.352763365372082e-22
9.844046919488648e-25
1.2066065923228992e-27
1.0465466974588632e-30
6.04747529170727e-32
3.92991873234217e-32
1.7172796452305888e-32
5.0012915500674366e-33
9.70744351112579e-34
1.2557671549658185e-34
1.0826670401588042e-35
1.3202413149158325e-35
9.451849040023543e-35
4.730481524054865e-34
1.5782792206105708e-33
3.50949338019479e-33
5.2009965707456256e-33
5.137008158874762e-33
3.38154749604704e-33
1.4835503016382994e-33
4.337810831388829e-34
8.453187256845443e-35
1.0978725300036114e-35
2.247365613203054e-36
1.4842523349170769e-37
6.533160059183898e-39
1.916551104052505e-40
3.747132566860233e-42
4.882691214648908e-44
4.240343218107732e-46
2.45428113275253e-48
9.467365750073093e-51
2.433971845262256e-53
4.170455517217127e-56
4.7624780222791245e-59
3.6246328650027526e-62
1.8385549377903317e-65
6.215423812582899e-69
1.400381714448568e-72
0.0
0.0
0.0
0.0
0.0
0.0
0.0
0.0
0.0
0.0
0.0
0.0
4.515807783451728e-35
2.999873608482144e-34
1.328164949589869e-33
4.116807516919064e-33
8.975514211662017e-33
1.552357673361541e-32
2.427170646408725e-32
3.446974521679946e-32
3.911410347690002e-32
3.1824280606846015e-32
1.7688215050289703e-32
6.603602742331571e-33
1.64705795714869e-33
2.7399402838774725e-34
3.038462634145448e-35
2.245839024091596e-36
1.1063542523564481e-37
3.632404446613271e-39
7.948343207191876e-41
1.1591532069429424e-42
1.1266439816212146e-44
7.298172674476216e-47
3.1508165929868486e-49
9.0659571873097e-52
1.4638892368330285e-53
2.1419105936590084e-56
2.088699718708856e-59
1.357476205824614e-62
5.879900700069763e-66
1.697419964140428e-69
3.265804386633568e-73
0.0
0.0
0.0
0.0
0.0
0.0
0.0
0.0
0.0
0.0
0.0
0.0
0.0
0.0
0.0
0.0
0.0
0.0
8.729317551359391e-06
7.672359000184583e-05
0.0004494269253010307
0.0017545704364745635
0.00458092475523774
0.008052298940449397
0.009932108146415411
0.010055997318260138
0.011325496318263918
0.01439820755878048
0.015258354751979503
0.011401111329620489
0.0057455493919868735
0.001934386799871076
0.00043425681685555954
6.497908915092619e-05
6.480232370372656e-06
4.307157748685218e-07
1.9079758075950336e-08
5.632958679817323e-10
1.1083625140996242e-11
1.4534786056597353e-13
1.2703313231849662e-15
7.399577418439592e-18
2.872621311539669e-20
7.43243955886626e-23
1.1180663806926065e-24
1.4710381618802156e-27
1.2903470662406403e-30
8.022877949022117e-34
3.8948547357036083e-36
1.784818571554177e-37
5.890426587695601e-39
1.2961834365688075e-40
1.9009370501783442e-42
1.858020714371346e-44
1.2103609840008468e-46
8.941099622814551e-34
5.743980839165354e-33
2.459328707794422e-32
7.017811913324056e-32
1.3346531554528777e-31
1.6916739394698797e-31
1.429046789433942e-31
8.045587943971804e-32
3.0189135195926713e-32
7.549620242012634e-33
1.2582909957089279e-33
1.3977149787500513e-34
1.0347553918475908e-35
5.105500522694617e-37
1.6788832649319463e-38
1.3754436741150817e-39
2.2999985683396374e-41
2.563267135319089e-43
1.9038894226852682e-45
9.424777823237224e-48
3.109439199552054e-50
6.837141461557379e-53
1.0019559074250599e-55
9.78597727516046e-59
6.370028037072034e-62
2.7635035891539525e-65
7.990248205935104e-69
1.5397210804500232e-72
0.0
0.0
0.0
0.0
0.0
0.0
0.0
0.0
0.0
0.0
2.2109495276275607e-35
1.4776517021977214e-34
4.184739597818689e-34
1.4222117709742134e-33
3.221377694667648e-33
4.862958617883867e-33
4.892615070613966e-33
3.280673962203745e-33
1.4661102936980322e-33
4.36668397527651e-34
8.667990566317813e-35
1.146744446996025e-35
1.0111053532712286e-36
5.941658979458207e-38
2.3270224987946002e-39
6.074002842522872e-41
1.0566494895151636e-42
1.2250912908437426e-44
9.466457851823833e-47
4.875151393759996e-49
1.6732863042251178e-51
3.8276652914316023e-54
5.835515137069829e-57
5.929335080063062e-60
4.0152661377336825e-63
1.812192074359337e-66
5.450993514472977e-70
1.0927697191525429e-73
0.0
0.0
0.0
0.0
0.0
0.0
0.0
0.0
0.0
0.0
0.0
0.0
0.0
7.326707739108475e-05
0.00048574287632055025
0.0021462759569627022
0.0063204242269079966
0.012404762275128616
0.016226027616901537
0.014145474624245842
0.008218723791915798
0.003182532114823744
0.0008213395813408504
0.00014127140304332674
1.6194491372504735e-05
1.2372626840273017e-06
1.7781122598692983e-07
6.908064103631681e-09
1.7886900442731604e-10
3.0867067290562877e-12
3.550072283440364e-14
2.7212006824895e-16
1.3901622619240163e-18
4.7331685099992676e-21
1.0740388388468897e-23
1.6243123804035814e-26
1.637195984438061e-29
1.099799037472351e-32
4.923880994776351e-36
1.4692080822926409e-39
2.9217336192189853e-43
0.0
0.0
1.0708293552264633e-34
8.887253579847699e-34
4.915825115229952e-33
1.8122029135245642e-32
4.4524471454149266e-32
7.290751053666684e-32
7.956596127455858e-32
5.787138911032567e-32
2.805317676163913e-32
1.381746380881131e-32
3.406034614158095e-33
5.595660110548063e-34
6.126820329436509e-35
1.2630910808028796e-05
8.455385388635635e-05
0.00037723648888393136
0.0011216969244666382
0.002222894812636085
0.0029359174743178
0.0025843440102212402
0.0015161366679121884
0.0005927996347107566
0.00015447530151534386
2.6828211656957726e-05
3.1053170266563665e-06
2.395530547859432e-07
1.2316265159133293e-08
4.220247249523968e-10
9.637808857037861e-12
1.4668991955166808e-13
1.4880029086097387e-15
1.0059788221394928e-17
4.5326840131937e-20
1.3611425123875693e-22
2.261360983434012e-24
3.453191230855936e-27
3.514413934217233e-30
2.383783136725797e-33
1.0776112641766178e-36
3.2466767428831465e-40
6.519248400365673e-44
1.0326751535741529e-54
1.2408944069315334e-57
9.937736436542596e-61
5.304221724879685e-64
1.8868501630453535e-67
4.473368812777873e-71
0.0
0.0
0.0
0.0
0.0
0.0
0.0
0.0
0.0
0.0
0.0
0.0
0.0
0.0
0.0
0.0
0.0
0.0
0.0
6.310876720011733e-05
0.0004077183654999885
0.0017555467560970129
0.005037859774545858
0.009635212507315173
0.012281688220913288
0.010433652958885388
0.005907398309285309
0.002229141666584643
0.0005606097326078907
9.396478942747048e-05
1.0496661804045355e-05
7.814817003877183e-07
3.877644306433086e-08
1.2823266658967893e-09
2.8262522826569084e-11
4.1514969857757305e-13
4.0642468326145465e-15
2.6517768392678167e-17
1.1531224263288958e-19
2.4520834279737103e-21
5.422209180734698e-24
7.990958004149497e-27
7.84880559837724e-30
5.138614867705394e-33
2.269569672814874e-36
1.4196950521809247e-39
1.4171670560554389e-41
1.712132021096931e-43
1.3909871882740486e-45
7.531657429729285e-48
2.71793793282142e-50
2.325423546237806e-34
1.6113356100809447e-33
7.441345899930706e-33
2.290332460326406e-32
4.6981525273469484e-32
6.42298997735447e-32
5.852331584460422e-32
3.553875039095101e-32
1.438324671070628e-32
3.879656315004354e-33
6.974468670548171e-34
8.356233152629084e-35
4.1285049386095626e-35
1.3952317557548141e-34
7.910921599158538e-34
3.0104437100666237e-33
7.63549493719232e-33
1.2907007977836345e-32
1.4541041460890775e-32
1.0918098176488883e-32
5.4636142094257265e-33
1.822193968054295e-33
4.050333012034972e-34
8.111764557328705e-06
6.693573286533178e-05
0.0003681139339943797
0.0013492363688076814
0.0032959101935791505
0.005365920676283897
0.00582230128655236
0.004210431926536838
0.0020292715813066088
0.0006518313510007956
0.00013954422383585227
1.9909943711505367e-05
1.8932577714700044e-06
1.1998612072576894e-07
5.067967541711392e-09
1.4266524458802699e-10
1.0537605905874408e-11
1.5084429628464835e-13
1.4391212379316424e-15
9.150554660609296e-18
3.877742843834373e-20
1.0951967306312318e-22
2.0615165252911386e-25
2.5862056162646e-28
2.1623242989433655e-31
1.204925387831517e-34
4.474876250781408e-38
1.1076012935197821e-41
1.5360507513202556e-52
3.318098012339083e-55
9.59532838484991e-36
6.865184086022146e-35
3.273603527457006e-34
1.040354909819351e-33
2.2035276802804387e-33
3.1105490055708896e-33
2.9264232163415572e-33
1.834926899794812e-33
7.667997267906726e-34
2.135633278873448e-34
3.964176276126025e-35
4.9041165701819196e-36
9.718521414035316e-37
6.113791205357103e-38
2.5633184177583213e-39
7.162688448535947e-41
1.3339240809147225e-42
1.655646870279455e-44
1.3695751277512132e-46
7.550671155885966e-49
2.7743854660696036e-51
6.79406336714734e-54
1.108852892731803e-56
1.2061458381059104e-59
8.743941827238283e-63
4.2247036003784983e-66
1.3604004854015362e-69
2.9195697807623286e-73
0.0
0.0
0.0
0.0
0.0
0.0
0.0
0.0
0.0
2.979825236669904e-07
2.275419533596343e-06
1.1580137556871529e-05
3.927783150149468e-05
8.878975044512152e-05
0.00013377030466099263
0.000134319215058598
8.988725590090783e-05
4.0090331537498935e-05
1.191688425937074e-05
2.3608442850534727e-06
3.117119938408016e-07
2.742971095825742e-08
1.6086830933447437e-09
6.316602359278169e-06
4.3749212123041704e-05
0.00020194949580062716
0.000621293592266809
0.0012738917471902594
0.0017408033822527166
0.0015854350960917136
0.0009623404965818013
0.00038930555811540464
0.00010496245854869422
1.8860748908029326e-05
2.2587357217475527e-06
4.380300833025505e-07
2.6675526839878164e-08
1.082688741809049e-09
2.9287060504369894e-11
5.279946186269329e-13
6.344023106707907e-15
5.0802088213796785e-17
2.711314649454977e-19
9.644058256072821e-22
2.2862371544848287e-24
3.6121475496486325e-27
3.8276976541917204e-30
4.150480072622608e-32
4.1622698726291586e-32
2.972945122690374e-32
1.4152661310683116e-32
4.4902537936291835e-33
9.494786671465611e-34
1.33807692891973e-34
1.2567778041665564e-35
7.867150704121205e-37
3.2821466764768045e-38
9.12599127825441e-40
1.6911559640405233e-41
2.1393374695658947e-05
0.00017387698220266848
0.0005610283637245497
0.0023187300741410823
0.006387002993159114
0.011725343991548101
0.014346158140186556
0.011698419291971003
0.006357703947737426
0.002302793349138012
0.0005558929681389826
8.943529472591884e-05
9.589771359888302e-06
6.8531322263198e-07
3.264010280668283e-08
1.0836038808892691e-07
7.369756366299653e-07
3.3725930429743446e-06
1.0286535620453988e-05
2.091009069648219e-05
2.832854357025557e-05
2.5578444242035707e-05
1.539237207127674e-05
6.173316279719293e-06
1.650110588916205e-06
2.939605983544135e-07
3.490171295555556e-08
2.7617598414447246e-09
4.06299432416429e-10
1.6348878407154695e-11
4.3844110155015765e-13
7.83639113740439e-15
9.334745834995344e-17
7.410891218749824e-19
3.921208429991982e-21
1.38277323572145e-23
3.2498517534556616e-26
5.090467677464684e-29
5.314144581911322e-32
3.697350274937707e-35
1.714467964016205e-38
5.298460498618113e-42
1.0913186461137607e-45
0.0
0.0
0.0
0.0
0.0
0.0
0.0
0.0
0.0
0.0
0.0
0.0
0.0
0.0
0.0
0.0
0.0
0.0
0.0
0.0
0.0
0.0
0.0
0.0
0.0
0.0
0.0
0.0
0.0
0.0
0.0
0.0
0.0
0.0
0.0
0.0
0.0
0.0
0.0
0.0
0.0
0.0
0.0
0.0
0.0
0.0
0.0
0.0
0.0
0.0
0.0
0.0
0.0
0.0
0.0
0.0
0.0
0.0
0.0
0.0
0.0
0.0
0.0
0.0
0.0
0.0
0.0
0.0
0.0
0.0
0.0
0.0
0.0
0.0
0.0
0.0
0.0
0.0
0.0
0.0
0.0
0.0
0.0
0.0
0.0
0.0
0.0
0.0
0.0
0.0
0.0
0.0
0.0
0.0
0.0
0.0
0.0
0.0
0.0
0.0
0.0
0.0
0.0
0.0
0.0
0.0
0.0
0.0
0.0
0.0
0.0
0.0
0.0
0.0
0.0
0.0
0.0
0.0
0.0
0.0
0.0
0.0
0.0
0.0
0.0
0.0
0.0
0.0
0.0
0.0
0.0
0.0
0.0
0.0
0.0
0.0
0.0
0.0
0.0
0.0
0.0
0.0
0.0
0.0
0.0
0.0
0.0
0.0
0.0
0.0
0.0
0.0
0.0
0.0
0.0
0.0
0.0
0.0
0.0
0.0
0.0
0.0
0.0
0.0
0.0
0.0
0.0
0.0
0.0
0.0
0.0
0.0
0.0
0.0
0.0
0.0
0.0
0.0
0.0
0.0
0.0
0.0
0.0
0.0
0.0
0.0
0.0
0.0
0.0
0.0
0.0
0.0
0.0
0.0
0.0
0.0
0.0
0.0
0.0
0.0
0.0
0.0
0.0
0.0
0.0
0.0
0.0
0.0
0.0
0.0
0.0
0.0
0.0
0.0
0.0
0.0
0.0
0.0
0.0
0.0
0.0
0.0
0.0
0.0
0.0
0.0
0.0
0.0
0.0
0.0
0.0
0.0
0.0
0.0
0.0
0.0
0.0
0.0
0.0
0.0
0.0
0.0
0.0
0.0
0.0
0.0
0.0
0.0
0.0
0.0
0.0
0.0
0.0
0.0
0.0
0.0
0.0
0.0
0.0
0.0
0.0
0.0
0.0
0.0
0.0
0.0
0.0
0.0
0.0
0.0
0.0
0.0
0.0
0.0
0.0
0.0
0.0
0.0
0.0
0.0
0.0
0.0
0.0
0.0
0.0
0.0
0.0
0.0
0.0
0.0
0.0
0.0
0.0
0.0
0.0
0.0
0.0
0.0
0.0
0.0
0.0
0.0
0.0
0.0
0.0
0.0
0.0
0.0
0.0
0.0
0.0
0.0
0.0
0.0
0.0
0.0
0.0
0.0
0.0
0.0
0.0
0.0
0.0
0.0
0.0
0.0
0.0
0.0
0.0
0.0
0.0
