a = 5.0282189046354215 b = 5.0282189046354215 c = 16.923634574385524 ,Gaussian ,LMH = 0.08 ,DW = [1. 1. 1.]
0.0
0.0
0.0
0.0
0.0
0.0
0.0
0.0
0.0
0.0
0.0
0.0
0.0
0.0
0.0
0.0
0.0
0.0
0.0
0.0
0.0
0.0
0.0
0.0
0.0
0.0
0.0
0.0
0.0
0.0
0.0
0.0
0.0
0.0
0.0
0.0
7.986497899854001e-33
5.069926920531833e-32
2.145006265318319e-31
4.478652179502142e-31
9.635556041777485e-31
1.3816173421819233e-30
1.320323393887482e-30
8.409194719366497e-31
3.5695218744396716e-31
1.0098275960355155e-31
1.9039957290613007e-32
2.3925788163969208e-33
2.003770990216031e-34
1.1184368418705677e-35
4.160604097492763e-37
1.0315323881984146e-38
1.7044760093289583e-40
1.87706998557306e-42
1.3776902536895014e-44
6.739136529622025e-47
2.1970425703959448e-49
4.773690268521053e-52
6.912761138938675e-55
6.671606333854034e-58
4.291319223709066e-61
1.8396397293775926e-64
5.256011252772662e-68
1.0008323640173478e-71
0.0
0.0
0.0
0.0
0.0
0.0
0.0
0.0
0.0
0.0
0.0
0.0
0.0
0.0
0.0
0.0
0.0
0.0
0.0
0.0
0.0
0.0
0.0
0.0
0.0
0.0
0.0
0.0
0.0
0.0
0.0
0.0
0.0
0.0
0.0
0.0
0.0
0.0
0.0
0.0
0.0
0.0
0.0
0.0
0.0
0.0
0.0
0.0
0.0
0.0
0.0
0.0
0.0
0.0
0.0
0.0
0.0
0.0
0.0
0.0
0.0
0.0
0.0
0.0
0.0
0.0
0.0
0.0
0.0
0.0
0.0
0.0
0.0
0.0
0.0
0.0
0.0
0.0
0.0
0.0
0.0
0.0
0.0
0.0
0.0
0.0
0.0
0.0
0.0
0.0
0.0
0.0
0.0
0.0
0.0
0.0
0.0
0.0
0.0
0.0
0.0
0.0
0.0
0.0
0.0
0.0
0.0
0.0
0.0
0.0
0.0
0.0
0.0
0.0
0.0
0.0
0.0
0.0
0.0
0.0
0.0
0.0
0.0
0.0
0.0
0.0
0.0
0.0
0.0
0.0
0.0
0.0
0.0
0.0
0.0
0.0
0.0
0.0
0.0
0.0
0.0
0.0
0.0
0.0
0.0
0.0
0.0
0.0
9.636387950364537e-34
8.296220185983328e-33
4.760228631338729e-32
1.8203584017127036e-31
4.639461137338435e-31
7.880608050247185e-31
8.921409267204315e-31
7.734818840164421e-31
4.452731025911266e-31
1.7083793969039031e-31
4.3684134627741333e-32
7.444657061141299e-33
8.455654022971388e-34
6.400755838533029e-35
3.229214288536816e-36
1.0857854511791394e-37
2.433171488937797e-39
3.633983640881349e-41
3.6172186812474445e-43
2.3996511493043454e-45
1.0609697559383314e-47
3.126363313512816e-50
6.139845398986396e-53
8.036315414899051e-56
7.010323512077289e-59
4.075685785522329e-62
1.579228152502305e-65
4.0782196076033755e-69
0.0
0.0
0.0
0.0
0.0
0.0
0.0
0.0
0.0
0.0
0.0
0.0
0.0
0.0
0.0
0.0
0.0
0.0
0.0
0.0
0.0
0.0
0.0
0.0
0.0
0.0
0.0
0.0
0.0
0.0
0.0
0.0
0.0
0.0
0.0
0.0
0.0
0.0
0.0
0.0
0.0
0.0
0.0
0.0
0.0
0.0
0.0
0.0
0.0
0.0
0.0
0.0
0.0
0.0
0.0
0.0
0.0
0.0
0.0
0.0
0.0
0.0
0.0
0.0
0.0
0.0
0.0
0.0
0.0
0.0
0.0
0.0
0.0
0.0
0.0
0.0
0.0
0.0
0.0
0.0
0.0
0.0
0.0
0.0
0.0
0.0
0.0
0.0
0.0
0.0
0.0
0.0
0.0
0.0
0.0
0.0
0.0
0.0
0.0
0.0
0.0
0.0
0.0
0.0
0.0
0.0
0.0
0.0
0.0
0.0
0.0
0.0
0.0
0.0
0.0
0.0
0.0
0.0
0.0
0.0
0.0
0.0
0.0
0.0
0.0
0.0
0.0
0.0
0.0
0.0
0.0
0.0
0.0
0.0
0.0
0.0
0.0
0.0
0.0
0.0
0.0
0.0
0.0
0.0
0.0
0.0
0.0
0.0
0.0
0.0
6.395098395379086e-33
4.464201111629992e-32
2.0769298101140787e-31
6.439934296646196e-31
1.3308300584663577e-30
1.8329276154341234e-30
1.6824787036493057e-30
1.0292843872620076e-30
4.1966499250228204e-31
1.8418256128408805e-31
3.8187255419460535e-32
5.276791473328134e-33
4.859627338081937e-34
2.982754771224345e-35
1.2201512798576073e-36
3.3265293433464876e-38
6.0443636596507144e-40
7.31966762932002e-42
5.907635404937533e-44
3.1777341137778335e-46
1.1392078688878612e-48
2.721886077438835e-51
4.3342949355709143e-54
4.5999014239283847e-57
3.253569868954133e-60
1.533745488471014e-63
4.818679120329784e-67
1.0089839651093399e-70
0.0
0.0
0.0
0.0
0.0
0.0
0.0
0.0
0.0
0.0
0.0
0.0
0.0
0.0
0.0
0.0
0.0
0.0
0.0
0.0
0.0
0.0
0.0
0.0
0.0
0.0
0.0
0.0
0.0
0.0
0.0
0.0
0.0
0.0
0.0
0.0
0.0
0.0
0.0
0.0
0.0
0.0
0.0
0.0
0.0
0.0
0.0
0.0
0.0
0.0
0.0
0.0
0.0
0.0
0.0
0.0
0.0
0.0
0.0
0.0
0.0
0.0
0.0
0.0
0.0
0.0
0.0
0.0
0.0
0.0
0.0
0.0
0.0
0.0
0.0
0.0
0.0
0.0
0.0
0.0
0.0
0.0
0.0
0.0
0.0
0.0
0.0
0.0
0.0
0.0
0.0
0.0
0.0
0.0
0.0
0.0
0.0
0.0
0.0
0.0
0.0
0.0
0.0
0.0
0.0
0.0
0.0
0.0
0.0
0.0
0.0
0.0
0.0
0.0
0.0
0.0
0.0
0.0
0.0
0.0
0.0
0.0
0.0
0.0
0.0
0.0
0.0
0.0
0.0
0.0
1.7875643116409124e-34
1.3398664301311067e-33
6.693339980385742e-33
2.2284649723660488e-32
4.944817725353879e-32
6.714507000936437e-32
7.576370188693075e-32
5.697571583737554e-32
2.8556168918076837e-32
9.53875386237366e-33
2.1235617333787442e-33
3.1507916601718315e-34
3.115702853005174e-35
2.053401736105923e-36
9.019311075195047e-38
2.640306562998421e-39
5.151300590250568e-41
6.69824422552304e-43
5.804791327560683e-45
3.3526930505079587e-47
9.22304650337964e-34
8.21028523048112e-33
4.8710618034945855e-32
1.9288300079031013e-31
5.094284164298786e-31
8.997621689388178e-31
1.068198284107773e-30
8.630711898183372e-31
4.8806582347558e-31
2.0378969631404562e-31
6.743030219689331e-32
2.896597472775514e-32
6.808573836313927e-33
1.2112747068003042e-33
1.5321067490474783e-34
1.3288926820133166e-35
7.772706721011375e-37
3.0442444960283556e-38
7.961183423647589e-40
1.38859742342341e-41
1.614664138132917e-43
1.2514657701643373e-45
6.464824125496829e-48
2.2257871668903314e-50
5.1073439040748875e-53
7.810688136893558e-56
7.960961160999213e-59
5.4078351331092415e-62
2.4482906303049004e-65
7.387272555361793e-69
1.4855484588139284e-72
0.0
0.0
0.0
0.0
0.0
0.0
0.0
0.0
0.0
0.0
0.0
0.0
0.0
0.0
0.0
0.0
0.0
0.0
0.0
0.0
0.0
0.0
0.0
0.0
0.0
0.0
0.0
0.0
0.0
0.0
0.0
0.0
0.0
0.0
0.0
0.0
0.00015562334321282437
0.001241496685985173
0.006600820706623554
0.023390088043282267
0.05523919294291647
0.0869449458357881
0.09120589426164508
0.06376509612681297
0.029711506965395484
0.009226731632269888
0.0019096450275135099
0.000263414059858836
2.4216245217575856e-05
1.4837345430105247e-06
6.058807548540881e-08
1.64892026767835e-09
2.990843597269414e-11
3.615507755110985e-13
2.912905800329254e-15
1.5641022163340975e-17
5.5973874627349e-20
1.045281001634126e-21
1.902198682812621e-24
2.307067197948844e-27
1.8648596850599566e-30
1.0046473072711538e-33
3.6071369972100337e-37
8.631637585947114e-41
0.0
0.0
0.0
0.0
0.0
0.0
0.0
0.0
0.0
0.0
0.0
0.0
0.0
0.0
0.0
0.0
0.0
0.0
0.0
0.0
0.0
0.0
0.0
0.0
0.0
0.0
0.0
0.0
0.0
0.0
0.0
0.0
0.0
0.0
0.0
0.0
0.0
0.0
0.0
0.0
0.0
0.0
0.0
0.0
0.0
0.0
0.0
0.0
0.0
0.0
0.0
0.0
0.0
0.0
0.0
0.0
0.0
0.0
0.0
0.0
0.0
0.0
0.0
0.0
0.0
0.0
0.0
0.0
0.0
7.1449844409696785e-34
2.9144076281476847e-33
1.7120841095204772e-32
6.703188712694374e-32
1.7491189460283745e-31
3.041856974452486e-31
3.525654770735958e-31
2.7234683130194063e-31
1.4021239812557067e-31
4.8109634352379163e-32
1.1001685938962864e-32
1.676748700144252e-33
1.703171031305093e-34
1.1530020867109093e-35
5.202157216430291e-37
1.5642940772968415e-38
3.3765263578632786e-34
3.1569071110407646e-33
1.9671406491168734e-32
8.169407710260094e-32
2.2611390859629743e-31
4.17105130470762e-31
5.127968331819165e-31
4.201715912234874e-31
2.294508043647631e-31
8.350914395347723e-32
2.0256295656803749e-32
6.288468420968441e-33
7.756636867880507e-34
6.376517913918394e-35
3.493616711028849e-36
1.2756997682684312e-37
3.1045827864465663e-39
5.035464771054697e-41
5.443239291320136e-43
3.921541722421758e-45
1.8829457223557526e-47
6.025600172237732e-50
1.2851220298681943e-52
1.826711548090151e-55
1.7305220141148472e-58
1.0926116593861328e-61
4.597651840901346e-65
1.2894006347635605e-68
0.0
0.0
0.0
0.0
0.0
0.0
0.0
0.0
0.0
0.0
0.0
0.0
0.0
0.0
0.0
0.0
0.0
0.0
0.0
0.0
0.0
0.0
0.0
0.0
0.0
0.0
0.0
0.0
0.0
0.0
0.0
0.0
0.0
0.0
0.0
0.0
0.0
0.0
0.0
0.0
0.0
0.0
0.0
0.0
0.0
0.0
0.0
0.0
0.0
0.0
0.0
0.0
0.0
0.0
0.0
0.0
0.0
0.0
0.0
0.0
0.0
0.0
0.0
0.0
0.0
0.0
0.0
0.0
0.0
0.0
0.0
0.0
0.0
0.0
0.0
0.0
0.0
0.0010746699988778909
0.009259951962492451
0.05317700707599671
0.20352632729022632
0.5191571610972396
0.8825892844644192
1.0
0.7551320403409615
0.3800382799742998
0.19192483148317374
0.04911771946133217
0.008377737892168363
0.0009523506696545877
7.215203131460901e-05
3.643189666888511e-06
1.2260171597774763e-07
2.749747806202273e-09
4.1102735647243336e-11
4.094775911000943e-13
2.7187614276918705e-15
1.203077509149841e-17
3.5481148107501997e-20
6.974021292469197e-23
9.135880742779026e-26
7.976256705952036e-29
4.641190257473261e-32
1.7998701285774114e-35
4.651944393844717e-39
0.0
0.0
0.0
0.0
0.0
0.0
0.0
0.0
0.0
0.0
0.0
0.0
0.0
0.0
0.0
0.0
0.0
0.0
0.0
0.0
0.0
0.0
0.0
0.0
0.0
0.0
0.0
0.0
0.0
0.0
0.0
0.0
0.0
0.0
0.0
0.0
0.0
0.0
0.0
0.0
0.0
0.0
0.0
0.0
0.0
0.0
0.0
0.0
0.0
0.0
0.00010792695735817285
0.0006946320806843005
0.002979622794192805
0.00851822853162891
0.016230011777276246
0.020609617457155838
0.017442252721918006
0.009838225367798164
0.0053607689371076486
0.0015376017368480652
0.0002939288270469075
3.7447432826880804e-05
3.1796803825932377e-06
1.799394682283137e-07
6.7865795810970526e-09
1.705913506461545e-10
2.8578841347701003e-12
3.190904272447709e-14
2.3744579431136743e-16
1.1775971231993676e-18
3.892337932009409e-21
8.574442441036412e-24
1.2588755197188163e-26
1.231802937413574e-29
8.033064067937559e-33
3.491425457403725e-36
1.0113602163698147e-39
1.9524975867796062e-43
0.0
0.0
0.0
0.0
0.0
0.0
0.0
0.0
0.0
0.0
0.0
0.0
0.0
0.0
0.0
0.0
0.0
0.0
0.0
0.0
0.0
0.0
0.0
0.0
0.0
0.0
0.0
0.0
0.0
0.0
0.0
0.0
0.0
1.4172559404883998e-33
1.0441247041736903e-32
5.126701185140599e-32
1.6776647774114878e-31
3.658928446054481e-31
5.31843914886073e-31
5.152239239559032e-31
3.3265143048574886e-31
1.4314108935402178e-31
4.105072095853716e-32
7.846189770614906e-33
9.994898200955052e-34
8.485540108239233e-35
4.801336607855759e-36
1.8106160506693662e-37
4.550636290865422e-39
7.622535122113383e-41
8.509583232540343e-43
6.331384592726375e-45
3.1395734499960265e-47
1.037586108651654e-49
2.2853840804394893e-52
3.354870765333405e-55
3.2822672591036236e-58
2.5819048366825547e-60
1.28452025517815e-63
4.259152897527334e-67
9.412111277279616e-71
0.0
0.0
0.0
0.0
0.0
0.0
0.0
0.0
0.0
0.0
0.0
0.0
0.0
0.0
0.0
0.0
0.0
0.0
0.0
0.0
0.0
0.0
0.0
0.0
0.0
0.0
0.0
0.0
0.0
0.0
0.0
0.0
0.0
0.0
0.0
0.0
0.0
0.0
0.0
0.0
0.0
0.0
0.0
0.0
0.0
0.0001539463366181812
0.0012947696160053254
0.007257669514683798
0.01827964852368476
0.05210448529899172
0.09898375559472683
0.12532401305619023
0.1057514198239075
0.059472975722638766
0.02229126316477404
0.005568410419077529
0.0009270632041602836
0.00010286532407584091
7.6069436926338784e-06
3.749151175681748e-07
1.2315080412889435e-08
2.696019936829134e-10
3.933602715699264e-12
3.825070455173495e-14
2.478962351019911e-16
1.0707349314644356e-18
3.0823046373403775e-21
5.9135830145897244e-24
7.561496275213652e-27
6.44514239000895e-30
3.835969452350883e-33
1.7413101534728933e-35
9.725638126781445e-37
1.1979983617614368e-37
3.6952926342575276e-39
7.59666537676174e-41
1.0408273728727992e-42
9.504208650707553e-45
5.784086337975606e-47
2.3460384200824984e-49
6.341865416164031e-52
1.1425638283766871e-54
1.371909516314409e-57
1.0978727722208249e-60
5.855447730996507e-64
2.0813722060346752e-67
4.930840350591104e-71
0.0
0.0
0.0
0.0
0.0
0.0
0.0
0.0
2.357157434338069e-34
1.872038350767187e-33
9.908831452355927e-33
3.495519176998498e-32
6.474432179750872e-32
1.168225859198619e-31
1.4394493445383585e-31
1.3263048025050545e-31
1.2056324387630016e-31
1.3606128130827972e-31
1.4804991996100083e-31
1.192283160740309e-31
6.541129130248863e-32
2.4018818745416564e-32
5.882795582086717e-33
9.604268026390582e-34
1.0450547316416324e-34
7.578753153177185e-36
3.663013292156801e-37
1.1799425501268657e-38
2.5331726784531835e-40
3.624518154068878e-42
3.4563468024009024e-44
2.1966754343655917e-46
9.304563896814201e-49
2.626683222899812e-51
4.94197934462809e-54
6.196917292012167e-57
7.809189920009288e-34
5.4204856846002544e-33
1.574323118816853e-32
5.556849954417097e-32
1.3072089583485573e-31
2.0494763394727043e-31
2.1415210643541792e-31
1.4913629180472234e-31
6.921908887504003e-32
2.141164156666016e-32
4.414236515734876e-33
6.065167255347192e-34
5.554072089672257e-35
3.389704121356659e-36
1.3787756933600235e-37
3.737721975284239e-39
6.75308035547798e-41
8.131644599905757e-43
6.525839812534034e-45
3.4904062466606376e-47
1.2442197578174396e-49
2.955968202427299e-52
4.680410777169973e-55
4.939121748233897e-58
3.473737848740523e-61
1.6282680374612824e-64
5.08670208992966e-68
1.869293232532399e-70
0.0
0.0
0.0
0.0
0.0
0.0
0.0
0.0
0.0
0.0
0.0
0.0
0.0
0.0002297616271870415
0.0018831101836637128
0.010286213017733786
0.03744698390251201
0.0908572781423966
0.14692109239418397
0.15833981144578674
0.11373068274352906
0.054443585307394377
0.0173699007354828
0.003693426866618702
0.0005234114508421783
0.00011355856349973061
8.18344534170175e-06
3.93037537518331e-07
1.2580949597930706e-08
2.6839496414501607e-10
3.816074561053577e-12
3.616103801290809e-14
2.2837390266989765e-16
9.612439222124719e-19
2.6965115713602047e-21
5.041415797329299e-24
6.2818027558511435e-27
5.2167211355584404e-30
2.8873038898374438e-33
1.0650473554324723e-36
2.6183451154350833e-40
0.0
0.0
0.0
0.0
0.0
0.0
0.0
0.0
0.0
0.0
0.0
0.0
0.0
0.0
0.0
0.0
0.0
0.0
0.0
0.0
0.0
0.0
0.0
0.0
0.0
0.0
0.0
0.0
0.0
0.0
0.0
0.0
0.0
0.0
0.0
0.0
0.0
0.0
0.0
0.0
0.0
0.0
0.0
0.0
0.0
0.0
0.0
0.0
2.687290721212703e-35
1.9710614158213735e-34
9.635343652432414e-34
3.139177038720501e-33
6.816257014892342e-33
9.864104269924277e-33
9.513731694346194e-33
6.11541159611466e-33
2.6198838259335872e-33
7.480315630581271e-34
1.4234406396828271e-34
4.774342784020954e-34
2.9825438295229915e-33
8.268135384981186e-33
2.727136629641111e-32
6.011037728405451e-32
8.868438268218513e-32
8.781151135194306e-32
5.859368419013044e-32
2.6510348780204983e-32
8.203302642027702e-33
1.755169649344437e-33
2.6274908549803723e-34
2.7789599332397664e-35
2.0851776549129707e-36
1.1064526269379493e-37
4.114018623789995e-39
1.0593568789795605e-40
1.8681421431190102e-42
2.2360346221868785e-44
1.804856040658266e-46
9.781605274739754e-49
3.549423266103504e-51
8.608245977013666e-54
1.3938072661426754e-56
1.5056651158631453e-59
1.08470699295805e-62
5.210097608160969e-66
1.668255158388672e-69
6.230260956665276e-72
0.0
0.0
0.0
6.525663798527417e-34
6.057975439616276e-33
3.3744625887079907e-32
1.3174163505963566e-31
3.633325198703102e-31
0.00038165944366765786
0.0026687482074281834
0.012437146115924998
0.03862917390415012
0.07996347387966742
0.1103187757257168
0.1014352169160861
0.0621598043951749
0.025387039821105066
0.006910286244364091
0.0012536074342466127
0.000151568386914602
1.2213418717310371e-05
6.559147729209403e-07
2.3476812242886213e-08
5.600314144989558e-10
8.903631958858026e-12
4.4933605374982936e-13
3.632692671201331e-15
1.957345973740474e-17
7.028911644282345e-20
1.682248383298451e-22
2.683327634306979e-25
2.852586582520979e-28
2.0210893573113916e-31
9.543633289779399e-35
3.0034715314056696e-38
6.299627126541034e-42
0.0
0.0
0.0
0.0
0.0
0.0
0.0
0.0
0.0
0.0
0.0
0.0
0.0
0.0
0.0
0.0
0.0
0.0
0.0
0.0
0.0
0.0
0.0
0.0
0.0
0.0
0.0
0.0
0.0
0.0
5.135999092282119e-35
3.5590031154066284e-34
1.6436651467701866e-33
5.059176983589452e-33
1.0378341256469776e-32
1.4189188868087383e-32
1.292911327179784e-32
7.851659533785193e-33
3.177867068296477e-33
8.572185132539604e-34
7.030591266533122e-34
3.464284276592405e-33
1.8734691626329817e-32
6.82710242612048e-32
1.6583955611147648e-31
2.6848666802374237e-31
2.8969359580973766e-31
2.0832270795168973e-31
9.984259914532157e-32
3.189162820366676e-32
6.789207069181152e-33
9.63258755714905e-34
9.108532746924221e-35
5.7403111138614846e-36
2.411037615828475e-37
6.749227841720491e-39
1.25917398052181e-40
1.5656653511660415e-42
1.2974591359347257e-44
7.16588747964209e-47
2.63771475510553e-49
6.4709377385043474e-52
1.0580060760207093e-54
1.1528973757465488e-57
8.372876543040897e-61
4.052660960470916e-64
1.994121073558715e-66
4.908171039641228e-70
0.0
0.0
0.0
0.0
0.0
0.0
0.0
0.0
0.0
0.0
0.0
0.0
0.0
0.0
0.0
0.0
0.0
0.0
0.0
0.0
0.0
0.0
0.0
0.0
0.0
0.0
0.0
0.0
0.0
0.0
0.0
0.0
0.0
0.0
0.0
0.0
0.0
0.0
0.0
0.0
5.744568891868965e-05
0.0004745612920537725
0.0026128154150341742
0.009587529112670712
0.0234469420439061
0.03821617987312232
0.041513550925256194
0.030054813808282597
0.014501727791619132
0.00712072827626874
0.001747160091144959
0.00028570808905610236
3.113822985207391e-05
2.2617617335454372e-06
1.0949173360599736e-07
3.532623554570789e-09
7.596174569801833e-11
1.088614366602754e-12
1.0397638985484482e-14
6.618764903011101e-17
2.8080234127503966e-19
7.939735630114778e-22
1.496211221238661e-24
1.879149450457967e-27
1.5729368365412133e-30
8.774912477576485e-34
3.26254005097115e-37
8.084449607656321e-41
0.0
8.715654019917682e-05
0.0008084966145428039
0.004998480217137392
0.020595829963951227
0.05655905778857856
0.10351578560970348
0.1236261620520459
0.11505814916815929
0.07136839476906756
0.029503668641697275
0.00812882292491636
0.001492659855168926
0.000182673517057704
1.4899506237993664e-05
8.099341491693803e-07
2.9343309390072773e-08
7.08516589177209e-10
1.1401775930654607e-11
1.2228594071002778e-13
8.741019797304339e-16
4.164177441209331e-18
1.322141382055741e-20
2.797744935011149e-23
3.9456623115586735e-26
0.00013824768459536212
0.0011970763183958403
0.006908239099294406
0.026570175910751673
0.06810877155699108
0.11635718686539202
0.13248445598571798
0.10053520985969419
0.06676075256228135
0.02576185111583885
0.006625435899443417
0.0011356209487110977
0.000129728047671163
9.87679221709082e-06
5.011635774789731e-07
1.6948241050454958e-08
3.819894002552304e-10
5.737986733747218e-12
5.744461404800163e-14
3.8328395582001284e-16
1.7044077984193891e-18
5.0513554915384045e-21
9.977549753803104e-24
1.3134738146288588e-26
1.1523926623893062e-29
6.738466874102622e-33
2.626051623751953e-36
6.820668920454819e-40
0.0
0.0
0.0
0.0
0.0
0.0
0.0
0.0
0.0
0.0
0.0
0.0
0.0
0.0
0.0
0.0
2.6826655302454555e-34
2.0327765822924434e-33
1.0265835884872488e-32
3.4552584159231155e-32
7.750831542318657e-32
1.1587709810417553e-31
1.1545918074580622e-31
7.667272182728506e-32
3.393398300156295e-32
1.0009452971639687e-32
1.967738564075037e-33
2.5781370431013145e-34
2.2512625608421238e-35
1.3101705923921854e-36
5.081724231366995e-38
4.647657520392338e-39
9.166846196520449e-41
1.2050007567087043e-42
1.0556895989538054e-44
6.164057964984745e-47
2.398715456186992e-49
6.2211733254729774e-52
1.0753440020209045e-54
1.2388082277277249e-57
9.51135285082632e-61
4.867007929393339e-64
1.6598290544728116e-67
3.772647419668003e-71
0.0
0.0
0.0
0.0
0.0
0.0
0.0
0.0
0.0
0.0
0.0
0.0
0.0
0.0
0.0
0.0
0.0
0.0
0.0
0.0
0.0
0.0
0.0
0.0
0.0
0.0
0.0
0.0
0.0
0.0
0.0
0.0
0.0
0.0
0.0
0.0
0.0
0.0
0.0
0.0
0.0
0.0
0.0
0.0
0.0
0.0
0.0
0.0
0.0
0.0
0.0
0.0
0.0
0.0
0.0
0.0
0.0
0.0
0.0
0.0
0.0
0.0
0.0
1.0631467488564029e-34
4.961992660494804e-34
3.567810348854133e-33
1.7097355912137105e-32
5.460566395753928e-32
1.1623260733270304e-31
1.6489208749486873e-31
1.5590254341511553e-31
9.823995002116653e-32
4.125766198946382e-32
1.1547890106933959e-32
2.1541811404852294e-33
2.6782020899895386e-34
2.219146726391773e-35
1.2254913202448696e-36
4.5104098756325985e-38
1.1063774803989538e-39
1.808723551418627e-41
1.9707094899494013e-43
4.428466052472314e-34
2.974681314642199e-33
1.3317083390590486e-32
3.9860653319025865e-32
7.989895912927386e-32
1.0884815736523444e-31
1.0532889316471793e-31
8.101630107341001e-32
6.49655150595647e-32
4.538284674256793e-32
2.724535153263935e-32
1.212638519480188e-32
3.72394361007033e-33
7.700466096398811e-34
1.0643795091114943e-34
9.813502271314782e-36
6.031668189324721e-37
2.4709393969887883e-38
6.7464722589352094e-40
1.2276521658956887e-41
1.4888678818379621e-43
1.2034241729667879e-45
6.482804185219597e-48
2.3274943785081934e-50
5.569239956007324e-53
8.881468284936563e-56
9.439634022224815e-59
6.686626924773878e-62
3.15675281798535e-65
9.932432198246295e-69
2.082822159628819e-72
0.0
0.0
0.0
0.0
0.0
0.0
0.0
0.0
1.7063405296136437e-34
1.1548897786498506e-33
5.2095104921548916e-33
1.5661553726483936e-32
3.13800997985225e-32
4.190398681440556e-32
3.7293909843070377e-32
2.2120861516916923e-32
8.74475618908497e-33
2.303959933081018e-33
4.045606954261803e-34
4.7344986851593734e-35
3.6927156040874174e-36
1.9195493019681006e-37
6.650192683062853e-39
1.5355032310339796e-40
2.36291875113772e-42
2.4234183439767537e-44
1.6564927574138589e-46
7.546268264664229e-49
1.6552422603571405e-50
3.834483248338173e-53
5.920163103835223e-56
6.091749653506965e-59
4.1776492154200835e-62
1.9094286844542533e-65
5.816429418608313e-69
1.1808399302515207e-72
0.0
0.0
0.0
0.0
0.0
0.0
0.0
0.0
0.0
0.0
0.0
0.0
0.0
0.0
0.0
0.0
0.0
0.0
0.0
0.0
0.0
0.0
0.0
0.0
0.0
0.0
0.0
0.0
2.3025152428501193e-35
1.6129744380462347e-34
7.530676712281847e-34
2.3432685908568093e-33
4.859501122489718e-33
6.716497392149864e-33
6.18693512805128e-33
3.798304887939423e-33
1.5541238691281256e-33
1.915265346226261e-05
0.00016839267659390073
0.0009867315110307672
0.00385350869384726
0.010029868450165999
0.01739865509649005
0.0201148903323755
0.017685602352686406
0.010397392204916487
0.00407390169610699
0.001063844645560498
0.00018515158198944098
2.147623712081294e-05
1.6602385808740264e-06
8.553903795007583e-08
2.9372422684231093e-09
6.721972405620631e-11
1.0252628697093411e-12
1.0422101103983208e-14
7.06084832548111e-17
3.188159431954489e-19
9.59411076684907e-22
1.9242033808159177e-24
2.5720462084731878e-27
2.29133246357874e-30
1.491970421575499e-33
1.2096565536073714e-33
7.046926347204859e-33
2.786207395386068e-32
7.54542742349493e-05
0.000617518186091632
0.003368194842200953
0.008330345921915294
0.023105377614755795
0.04271148323983584
0.052620840945566835
0.043206835904812724
0.0236444213956275
0.008623557556667005
0.002096166567812889
0.00033958356393615864
3.666477988121386e-05
2.6383539022638803e-06
1.26531473849185e-07
4.0443211204904445e-09
8.615376162517321e-11
1.2231631967415082e-12
1.1573803763061291e-14
7.298764850802186e-17
3.067638484664806e-19
8.592915306196161e-22
1.6041997092140235e-24
1.9959878046377945e-27
1.6551558060132956e-30
9.14747915169386e-34
3.3693453162504066e-37
8.271250349468412e-41
0.0
0.0
0.0
0.0
0.0
0.0
0.0
0.0
0.0
0.0
0.0
0.0
0.0
0.0
0.0
0.0
0.0
0.0
0.0
0.0
1.140500884116857e-34
7.77400778832001e-34
3.531635426754348e-33
5.7644908276045235e-06
4.7850185719017426e-05
0.0002647206686749391
0.0009760534992780509
0.001859366479708974
0.0034862084343431584
0.004356354861069239
0.0036280619799716573
0.002013759926563628
0.000744941619795538
0.00018366158663278784
3.01783834824842e-05
3.304875946035786e-06
2.412103282209899e-07
1.1733246244758557e-08
3.8038380563052155e-10
8.218780865037131e-12
1.1835165390331298e-13
1.1358547793405222e-15
7.26528802842574e-18
3.097165487235735e-20
8.799490648728288e-23
1.6662194711750343e-25
2.10275379091659e-28
1.768586037873015e-31
9.913922232918887e-35
3.7037901450629917e-38
9.222077846150792e-42
0.0
0.0
0.0
0.0
0.0
0.0
0.0
0.0
0.0
0.0
0.0
0.0
0.0
0.0
0.0
0.0
0.0
0.0
0.0
0.0
0.0
0.0
0.0
0.0
0.0
0.0
0.0
0.0
3.6187056042135644e-34
2.290574472515975e-33
9.663114552268918e-33
2.7168858237404e-32
5.091048046225273e-32
6.358058972834428e-32
3.524538517511788e-05
0.00029150045302643406
0.0016067849498437865
0.0059027966829404924
0.014452382330776187
0.023583193143489774
0.025647634839596485
0.018589751479202065
0.008980104575404461
0.0028911508529065144
0.0006203569603281491
8.871439888630549e-05
8.455282399250587e-06
5.370857978512959e-07
2.273739821416757e-08
6.415336122344206e-10
1.2063674520328642e-11
1.51189404118498e-13
1.2628292935076875e-15
4.149486625433342e-17
1.7624639461984397e-19
4.989162648363059e-22
9.412752321190154e-25
1.183551467555797e-27
9.918345064064226e-31
2.7113870003391546e-05
0.00020311153549173758
0.0010140496451881667
0.003374157832581101
0.007482610139333056
0.01105916635084392
0.010893644826193274
0.007151638942086091
0.0031291003972906293
0.0009124623698574813
0.00017733398628426913
2.2969446944112294e-05
1.982853591962293e-06
1.140807339267187e-07
4.3743699836858605e-09
1.1178930788652823e-10
1.9039983603283805e-12
2.4612664281741638e-05
0.00019398155294217292
0.0010189286744965286
0.0024575378345028593
0.0065642656069524645
0.011685670230093944
0.01386445030652358
0.01096309639668602
0.005777571893076775
0.0020292662481993873
0.0004750225797692954
7.410901209824175e-05
7.70565112349774e-06
5.33985185842654e-07
2.466213230986136e-08
7.591255105353579e-10
1.5573208467648192e-11
2.1292377456961784e-13
1.9402235151707327e-15
1.178313679082656e-17
4.769266855230514e-20
1.2865417233213675e-22
2.313010878651294e-25
2.7714881352658848e-28
2.2132471836776747e-31
1.1779540915065213e-34
4.178384077835537e-38
9.87801995166049e-42
0.0
0.0
0.0
0.0
0.0
0.0
0.0
0.0
0.0
0.0
0.0
0.0
1.0364057927960457e-05
9.033485635821849e-05
0.0005247620658559679
0.002031660121290424
0.0052422922340548475
0.009015149779762857
0.010332519037274243
0.00789261702306488
0.004018069031500548
0.0013633121520920646
0.00030828668383581876
4.646177257495009e-05
4.666790781692288e-06
3.1240820834971607e-07
4.1111125460411436e-08
1.3994779217236006e-09
3.1750771664200395e-11
4.800915546596716e-13
4.83810618717698e-15
3.2494381425579384e-17
1.4545300570388082e-19
4.339289989153946e-22
8.627723072761644e-25
1.1432870062064977e-27
1.0097082075996902e-30
5.943168638080584e-34
2.331426716384099e-37
6.095467672252148e-41
0.0
0.0
0.0
0.0
0.0
0.0
0.0
0.0
0.0
0.0
0.0
0.0
0.0
0.0
0.0
0.0
0.0
0.0
0.0
4.742286572698097e-05
0.0003823238763815722
0.0020542656080318306
0.007356365823817666
0.01755705173973448
0.027926815000202502
0.029605525575543315
0.020917303161058498
0.009849635395121655
0.00309112214407828
0.0006465375100888292
9.012656821603119e-05
8.37323906571122e-06
5.184605253697706e-07
2.1395352612255082e-08
5.884434721154472e-10
1.0786277730950677e-11
1.3177104676517264e-13
5.578958372412117e-15
3.4658047978417446e-17
1.4349495237655657e-19
3.959594374013738e-22
7.281926997667405e-25
8.925313738916185e-28
7.290917934149126e-31
3.9693781920076075e-34
1.4402715682097547e-37
3.4829806308439037e-41
1.5617508566165382e-48
5.953687554327732e-51
1.51266192054898e-53
2.561410922651145e-56
2.8906678237372714e-59
2.174195876084247e-62
1.0898850495080357e-65
3.6411977937455534e-69
2.4199615639576536e-35
1.5322130890415943e-34
6.465638453888766e-34
1.8183823707994988e-33
3.408321519814196e-33
4.257723447782801e-33
3.544833897946431e-33
1.9669615887960252e-33
1.0601404328275256e-33
2.9913413042415764e-34
5.625356949129003e-35
7.050432367031553e-36
5.889290330667453e-37
8.958750785203683e-35
6.21298973505461e-34
2.9028317053907836e-33
9.132311874016002e-33
1.991361046872789e-32
3.2035262963391e-32
4.2364474196601697e-32
4.984279290042692e-32
4.962038275384014e-32
3.735671648185422e-32
1.972310754068204e-32
7.067103961097103e-33
1.6981149637643757e-33
2.725020954261167e-34
2.916433208430983e-35
2.080724919442546e-36
9.89445013308156e-38
3.1358919706827715e-39
6.623929189138294e-41
9.325089633972679e-43
8.749279577037618e-45
3.106605364108631e-46
9.697207576244295e-06
9.143935017679105e-05
0.0005746469661003112
0.0024068590250274574
0.0067186456575647376
0.012499549726158484
0.015498460060959594
0.012807497404356473
0.0070537741922567735
0.002589168872537419
0.000633403924423809
0.00010327201970107169
1.1221893419288123e-05
8.127016787219072e-07
3.922633402884499e-08
1.2618444903704812e-09
2.7053004050437443e-11
3.865509166627453e-13
3.681115681265998e-15
2.3363277745231295e-17
9.882563793561092e-20
2.7860379584366085e-22
5.234629898963961e-25
6.554908224941642e-28
5.470690714602191e-31
3.873150894848545e-33
1.753709900251766e-36
3.606524377069808e-39
5.922052081770777e-41
7.43927513860726e-43
6.228315018497058e-45
3.4752981436074113e-47
1.2923945403689216e-49
3.2031679417172764e-52
5.291098567343712e-55
5.8249679882885664e-58
4.27388450777013e-61
2.089938803353148e-64
6.8112356354702696e-68
1.4794482849582012e-71
0.0
0.0
0.0
0.0
0.0
0.0
0.0
0.0
0.0
0.0
0.0
0.0
0.0
0.0
0.0
0.0
0.0
0.0
0.0
0.0
0.0
0.0
0.0
0.0
0.0
0.0
0.0
0.0
0.0
2.922416900458409e-35
2.612704715996309e-34
1.5567541631350845e-33
6.182032595622035e-33
1.6361536804361335e-32
2.886014074945279e-32
3.3927694131381193e-32
3.016424576190239e-32
1.8032292782807105e-32
7.18440783965866e-33
1.9077108694639576e-33
3.376102926744022e-34
3.981991703835783e-35
3.130160246317718e-36
1.639888575603647e-37
5.725898659661688e-39
1.332461049406747e-40
2.0665548463923408e-42
2.1360966431681082e-44
1.4715546903886187e-46
6.756370628373139e-49
2.0674359862020996e-51
4.2163070031212927e-54
5.730782529932373e-57
4.122694454950836e-06
3.815952943116498e-05
0.00023539997916105596
0.0009678128359740298
0.0026519045211642897
0.004842904865970125
0.00589434484186879
0.004781307668434635
0.0025848740662520455
0.0013692057529617581
0.00037641246280262355
6.896691844409517e-05
8.421688946725606e-06
6.853921410949194e-07
3.717582303452675e-08
1.3438896588510407e-09
3.237786293365185e-11
5.198933909085041e-13
5.563677666560304e-15
3.9681782627677505e-17
1.8862616480860317e-19
5.975775092039826e-22
1.2617348565910466e-24
1.7755115690811896e-27
1.665177216601909e-30
1.0408279880391492e-33
4.335897549905266e-37
1.203817383017501e-40
0.0
0.0
0.0
0.0
0.0
0.0
0.0
0.0
0.0
0.0
2.953719488812516e-35
2.386294355044641e-34
1.284873368042734e-33
4.6108202220683535e-33
1.1027513526468603e-32
1.7577558714858202e-32
1.8673299531498746e-32
1.3221024746917053e-32
6.238651425922177e-33
1.9619948891133275e-33
4.11231686488666e-34
1.2170605322676061e-05
0.00010032831819243576
0.000551209169532648
0.00201832399387669
0.004925460957221272
0.008010957483655701
0.008683674200332819
0.006273417098214391
0.0030205522579378487
0.0009692818765602377
0.0002072981275783798
5.9173387316201054e-05
6.4353815030674575e-06
4.664485133977979e-07
2.253277483252213e-08
7.254495048750184e-10
1.5566151342790934e-11
2.2260599530401212e-13
2.1216513258127364e-15
1.3476984149437838e-17
5.705490286105476e-20
1.60981055724707e-22
3.027179127711355e-25
3.7938749986454575e-28
3.1689067751434098e-31
1.7640766710300174e-34
6.544960028155303e-38
1.6183710036411526e-41
1.8110319510273254e-60
1.1760029367955765e-63
5.089466362746068e-67
1.4679715494049126e-70
2.8219192173208884e-74
0.0
0.0
0.0
0.0
0.0
0.0
0.0
0.0
0.0
0.0
0.0
0.0
0.0
0.0
0.0
0.0
0.0
1.224267050778645e-34
1.0202786872537511e-33
5.6668669521553346e-33
2.0977260243972935e-32
5.175306365642546e-32
8.509517000064584e-32
9.32513879602483e-32
6.810629373773316e-32
3.3151313306208714e-32
1.0754637508226877e-32
2.3252645142759554e-33
3.3506610655821007e-34
3.2178825058486187e-35
5.3863863201193146e-36
2.6305088198512727e-37
8.561770341862506e-39
1.8572438737254054e-40
2.685071425487685e-42
2.587166025098832e-44
1.6614003750102865e-46
7.110593591594699e-49
2.0282382011095955e-51
3.855792085467737e-54
7.369105806313943e-35
5.422342634780198e-34
2.6591367360171287e-33
8.691123694283966e-33
1.8931836286983003e-32
2.748470612626122e-32
2.3453991694766833e-05
0.00017643102146449856
0.0008845342995636109
0.0029555339748009494
0.006581710597247957
0.009768393734049615
0.009662490474887509
0.0063699577152500925
0.002798759419474591
0.001291077881368796
0.00028845896440631333
4.295336449321043e-05
4.262769824889163e-06
2.819474210904328e-07
1.2428706100031994e-08
3.651449162331969e-10
7.14967246608512e-12
9.330149082940659e-14
8.11470185459093e-16
9.888407446422908e-06
6.398103237322205e-05
0.00027590380000793347
0.0007929497542384932
0.001518851113266599
0.001938948558071321
0.0016496769960400238
0.0009354338856767271
0.00035351579744247424
8.904019484484713e-05
1.4946686511539125e-05
1.6721887532574413e-06
1.2468299292643525e-07
6.1959897032978456e-09
2.0520866935081255e-10
4.5296252121617155e-12
2.844946952319291e-13
3.1933264500320487e-15
2.3888782250598135e-17
1.1910397435050487e-19
3.9576742346240923e-22
8.764666219233615e-25
1.2936365218768603e-27
1.2725378319823125e-30
8.342777962983238e-34
3.6452911080591013e-37
1.0615373890343443e-40
2.0602499990040406e-44
0.0
0.0
0.0
0.0
0.0
0.0
0.0
0.0
0.0
0.0
0.0
0.0
0.0
0.0
0.0
0.0
0.0
0.0
0.0
0.0
0.0
0.0
0.0
0.0
0.0
0.0
0.0
0.0
0.0
0.0
0.0
0.0
0.0
0.0
0.0
0.0
0.0
0.0
0.0
0.0
0.0
0.0
0.0
0.0
0.0
0.0
0.0
0.0
0.0
5.503093130130226e-06
4.5409795746431576e-05
0.0002497317626704873
0.000915333937472235
0.0022359747519329577
0.0036402882506991726
0.003949900910601136
0.002856394419001249
0.0013766758661859398
0.0004422081785466972
9.46680409808787e-05
1.3507082668107675e-05
1.2844028894217885e-06
8.139965010207318e-08
3.4381541975744007e-09
9.678536918227101e-11
7.148805449024736e-12
1.0233411050538942e-13
9.763126311070042e-16
6.207817563465262e-18
2.6306951901158176e-20
7.429911903733272e-23
1.3985511226075034e-25
1.7545048625849695e-28
1.4682127088465226e-31
9.90876101584517e-34
4.3282692909921866e-33
1.3733354537138288e-32
2.9041803603941076e-32
4.0930974528037993e-32
3.8446971331756986e-32
2.4111602060066745e-32
1.03238571005143e-32
4.029846586934229e-33
4.1469671771099046e-33
7.212556818427089e-33
9.584272347844686e-33
9.023369408281575e-33
6.399295562219912e-33
3.752722846759675e-33
1.892263879204252e-33
7.6955147617189945e-34
3.577691228147316e-34
8.430023145350374e-35
1.3529585855963427e-35
1.458787302981493e-36
2.151448012869819e-34
1.3689147444164959e-33
5.807812266116174e-33
1.64222199932101e-32
3.0948009524600444e-32
3.887005241796411e-32
3.2537117745178953e-32
1.815200404979334e-32
6.749189602538588e-33
1.672477277125987e-33
2.762169792190728e-34
3.040339381736629e-35
2.230361741245369e-36
1.090460896916755e-37
3.55325548316398e-39
7.716570373773478e-41
1.116872906421298e-42
1.0773696534287435e-44
6.926395230275734e-47
2.9677775722275837e-49
8.474946704721407e-52
1.918860832284519e-05
0.000139099886476058
0.0006720345809263633
0.002163904125689175
0.004643719267403621
0.006641641765522652
0.006330915040585587
0.004022036895519034
0.0017035150426020927
0.0004842409868766021
0.0001056176711964098
5.3161568175016037e-05
7.746397672444161e-05
9.333042616551527e-05
7.578564867749908e-05
4.1035107727798175e-05
1.4808665889202252e-05
3.561707950990835e-06
5.709291879853577e-07
6.099408715168149e-08
4.342849445743522e-09
2.0608356568316633e-10
6.517686907151563e-12
1.3738052658688922e-13
1.929916003195375e-15
1.8068961238003665e-17
6.406643608866761e-19
3.050197246828345e-21
9.678472760327864e-24
2.046761728239275e-26
2.8847573687293495e-29
2.709772576450702e-32
1.6964378100408743e-35
7.078228715946408e-39
1.9683067789014233e-42
0.0
0.0
0.0
0.0
0.0
0.0
0.0
0.0
0.0
0.0
0.0
0.0
0.0
0.0
0.0
0.0
0.0
0.0
0.0
0.0
9.060282267860672e-35
5.982460087872602e-34
2.639510631139075e-33
7.785342322471786e-33
1.5491671257095472e-32
2.1319381867433014e-32
2.1662572128072937e-32
1.8356561534233317e-32
1.4244550558234144e-32
9.53911245385174e-33
4.874896772500276e-33
1.0274743479687338e-07
6.573264723121352e-07
2.802675427365326e-06
7.964271140909904e-06
1.508345445918825e-05
1.903869357185651e-05
1.6016035386742423e-05
8.979547324356274e-06
3.355331358685575e-06
8.35599047142512e-07
1.386889961144825e-07
1.534149282426893e-08
2.821752331151412e-09
1.5872564096386778e-10
5.950546245331667e-12
1.4867848534724235e-13
2.4758308473174348e-15
2.7477382503000363e-17
2.0324098797665875e-19
1.0019101666746078e-21
3.291757379728048e-24
7.20789415196926e-27
1.0518904957654368e-29
1.0230908722277244e-32
6.631922418350528e-36
2.8651424048742867e-39
8.249631238254453e-43
1.5830856328279416e-46
0.0
0.0
0.0
0.0
0.0
0.0
0.0
0.0
0.0
0.0
0.0
0.0
0.0
0.0
0.0
0.0
0.0
0.0
0.0
0.0
0.0
0.0
0.0
0.0
0.0
0.0
0.0
0.0
0.0
0.0
0.0
0.0
0.0
0.0
0.0
0.0
0.0
0.0
0.0
0.0
0.0
0.0
0.0
0.0
0.0
0.0
0.0
0.0
0.0
0.0
0.0
0.0
0.0
0.0
0.0
0.0
0.0
0.0
0.0
0.0
0.0
0.0
0.0
0.0
0.0
0.0
0.0
0.0
0.0
0.0
0.0
0.0
0.0
0.0
0.0
0.0
0.0
0.0
0.0
0.0
0.0
0.0
0.0
0.0
0.0
0.0
0.0
0.0
0.0
0.0
0.0
0.0
0.0
0.0
0.0
0.0
0.0
0.0
0.0
0.0
0.0
0.0
0.0
0.0
0.0
0.0
0.0
0.0
0.0
0.0
0.0
0.0
0.0
0.0
0.0
0.0
0.0
0.0
0.0
0.0
0.0
0.0
0.0
0.0
0.0
0.0
0.0
0.0
0.0
0.0
0.0
0.0
0.0
0.0
0.0
0.0
0.0
0.0
0.0
0.0
0.0
0.0
0.0
0.0
0.0
0.0
0.0
0.0
0.0
0.0
0.0
0.0
0.0
0.0
0.0
0.0
0.0
0.0
0.0
0.0
0.0
0.0
0.0
0.0
0.0
0.0
0.0
0.0
0.0
0.0
0.0
0.0
0.0
0.0
0.0
0.0
0.0
0.0
0.0
0.0
0.0
0.0
0.0
0.0
0.0
0.0
0.0
0.0
0.0
0.0
0.0
0.0
0.0
0.0
0.0
0.0
0.0
0.0
0.0
0.0
0.0
0.0
0.0
0.0
0.0
0.0
0.0
0.0
0.0
0.0
0.0
0.0
0.0
0.0
0.0
0.0
0.0
0.0
0.0
0.0
0.0
0.0
0.0
0.0
0.0
0.0
0.0
0.0
0.0
0.0
0.0
0.0
0.0
0.0
0.0
0.0
0.0
0.0
0.0
0.0
0.0
0.0
0.0
0.0
0.0
0.0
0.0
0.0
0.0
0.0
0.0
0.0
0.0
0.0
0.0
0.0
0.0
0.0
0.0
0.0
0.0
0.0
0.0
0.0
0.0
0.0
0.0
0.0
0.0
0.0
0.0
0.0
0.0
0.0
0.0
0.0
0.0
0.0
0.0
0.0
0.0
0.0
0.0
0.0
0.0
0.0
0.0
0.0
0.0
0.0
0.0
0.0
0.0
0.0
0.0
0.0
0.0
0.0
0.0
0.0
0.0
0.0
0.0
0.0
0.0
0.0
0.0
0.0
0.0
0.0
0.0
0.0
0.0
0.0
0.0
0.0
0.0
0.0
0.0
0.0
0.0
0.0
0.0
0.0
0.0
0.0
0.0
0.0
0.0
0.0
