a = 5.0282189046354215 b = 5.0282189046354215 c = 17.53874797921835 ,Gaussian ,LMH = 0.08 ,DW = [0.8 0.8 0.8]
0.0
0.0
0.0
0.0
0.0
0.0
0.0
0.0
0.0
0.0
0.0
0.0
0.0
0.0
0.0
0.0
0.0
0.0
0.0
0.0
0.0
0.0
0.0
0.0
0.0
0.0
0.0
0.0
0.0
0.0
0.0
0.0
0.0
0.0
0.0
0.0
0.0
0.0
0.0
0.0
0.0
0.0
0.0
0.0
0.0
0.0
0.0
0.0
0.0
0.0
0.0
0.0
0.0
0.0
0.0
0.0
0.0
0.0
0.0
0.0
0.0
0.0
0.0
0.0
0.0
0.0
0.0
0.0
0.0
0.0
0.0
0.0
0.0
0.0
0.0
0.0
0.0
0.0
0.0
0.0
0.0
0.0
0.0
0.0
0.0
0.0
0.0
0.0
0.0
0.0
0.0
0.0
0.0
0.0
0.0
0.0
0.0
0.0
0.0
0.0
0.0
0.0
0.0
0.0
0.0
0.0
0.0
0.0
0.0
0.0
0.0
0.0
0.0
0.0
0.0
0.0
0.0
0.0
0.0
0.0
0.0
0.0
0.0
0.0
0.0
0.0
0.0
0.0
0.0
0.0
0.0
0.0
0.0
0.0
0.0
0.0
0.0
0.0
0.0
0.0
0.0
0.0
0.0
0.0
0.0
0.0
0.0
0.0
0.0
0.0
0.0
0.0
0.0
0.0
0.0
0.0
0.0
0.0
0.0
0.0
0.0
0.0
0.0
0.0
0.0
0.0
0.0
0.0
0.0
0.0
0.0
0.0
0.0
0.0
0.0
0.0
0.0
0.0
0.0
0.0
0.0
0.0
0.0
0.0
0.0
0.0
0.0
0.0
0.0
0.0
0.0
0.0
0.0
0.0
0.0
0.0
0.0
0.0
0.0
0.0
1.7625531734031373e-33
1.3689634723292118e-32
7.086357211619583e-32
2.4447573996459224e-31
5.621213054351702e-31
8.614019909831842e-31
8.797580399653318e-31
5.988280924112415e-31
2.7165808539979858e-31
8.213431762314272e-32
1.6550389513356175e-32
2.222661533990406e-33
1.9893902994349785e-34
1.186719849245062e-35
4.718000311872419e-37
1.250113002166138e-38
2.207608854689616e-40
2.598223644676931e-42
2.0380389613503885e-44
6.4220050583717585e-46
2.5615873810002795e-48
6.809720001119249e-51
1.2065098819891907e-53
1.4246692800633093e-56
1.1211888867253603e-59
5.880646275975578e-63
2.0556675395111478e-66
4.7891919877828e-70
0.0
0.0
0.0
0.0
0.0
0.0
0.0
0.0
0.0
0.0
0.0
0.0
0.0
0.0
0.0
0.0
0.0
0.0
0.0
0.0
0.0
0.0
0.0
0.0
0.0
0.0
0.0
0.0
0.0
0.0
0.0
0.0
0.0
0.0
0.0
0.0
0.0
0.0
0.0
0.0
0.0
0.0
0.0
0.0
0.0
0.0
0.0
0.0
0.0
0.0
0.0
0.0
0.0
0.0
0.0
0.0
0.0
0.0
0.0
0.0
0.0
0.0
0.0
0.0
0.0
0.0
0.0
0.0
0.0
0.0
0.0
0.0
0.0
0.0
0.0
0.0
0.0
0.0
0.0
0.0
0.0
0.0
0.0
0.0
0.0
0.0
0.0
0.0
0.0
0.0
0.0
0.0
0.0
0.0
0.0
0.0
0.0
0.0
0.0
0.0
0.0
0.0
0.0
0.0
0.0
0.0
0.0
0.0
0.0
0.0
0.0
0.0
0.0
0.0
0.0
0.0
0.0
0.0
0.0
0.0
0.0
0.0
0.0
0.0
0.0
0.0
0.0
0.0
0.0
0.0
0.0
0.0
0.0
0.0
0.0
0.0
0.0
0.0
0.0
0.0
0.0
0.0
0.0
4.143539661629649e-33
3.127496559068262e-32
1.5732716942180468e-31
3.6867400330499637e-31
9.43087489226767e-31
1.6078406359349905e-30
1.8269033234526762e-30
1.3834697870901559e-30
6.982409907698821e-31
2.348672974871543e-31
5.265278026807027e-32
7.866863500037411e-33
7.833637468001375e-34
5.198845025152525e-35
2.2994915724871244e-36
6.778573682384019e-38
1.3317612318472014e-39
1.7437971499381323e-41
1.52176330305069e-43
8.850744393324565e-46
3.430789233382443e-48
8.863185248175214e-51
1.5260443761954356e-53
1.751160881633128e-56
1.3392648782662813e-59
6.826348568725654e-63
2.3189532295879577e-66
5.2502147374439254e-70
0.0
0.0
0.0
0.0
0.0
0.0
0.0
0.0
0.0
0.0
0.0
0.0
0.0
0.0
0.0
0.0
0.0
0.0
0.0
0.0
0.0
0.0
0.0
0.0
0.0
0.0
0.0
0.0
0.0
0.0
0.0
0.0
0.0
0.0
0.0
0.0
0.0
0.0
0.0
0.0
0.0
0.0
0.0
0.0
0.0
0.0
0.0
0.0
0.0
0.0
0.0
0.0
0.0
0.0
0.0
0.0
0.0
0.0
0.0
0.0
0.0
0.0
0.0
0.0
0.0
0.0
0.0
0.0
0.0
0.0
0.0
0.0
0.0
0.0
0.0
0.0
0.0
0.0
0.0
0.0
0.0
0.0
0.0
0.0
0.0
0.0
0.0
0.0
0.0
0.0
0.0
0.0
0.0
0.0
0.0
0.0
0.0
0.0
0.0
0.0
0.0
0.0
0.0
0.0
0.0
0.0
0.0
0.0
0.0
0.0
0.0
0.0
0.0
0.0
0.0
0.0
0.0
0.0
0.0
0.0
0.0
0.0
0.0
0.0
0.0
0.0
0.0
0.0
0.0
0.0
0.0
0.0
0.0
0.0
0.0
0.0
0.0
0.0
0.0
0.0
0.0
0.0
0.0
0.0
1.1708766913063382e-33
9.834406083613337e-33
5.505118378078429e-32
2.0538406027022294e-31
5.106794200578166e-31
8.46445129076317e-31
9.359405554526103e-31
6.943598479696299e-31
3.587184580681102e-31
1.5740570221956644e-31
1.0569675852470707e-31
7.904535219173991e-32
5.498702541689476e-32
2.723031951845986e-32
9.079674946082024e-33
2.0208280662396583e-33
2.9982464909176096e-34
2.9648395764165446e-35
1.9539737577938197e-36
8.582585014823974e-38
2.512459647894003e-39
4.901868220047435e-41
6.373906921356686e-43
5.523716121999001e-45
3.190351488970345e-47
1.2280817094842856e-49
1.1104833652385994e-34
9.041472175148128e-34
4.906228727764659e-33
1.7743446455301902e-32
4.276709168041743e-32
6.870099123176559e-32
7.355256744724076e-32
5.248246428108438e-32
2.4958136119695953e-32
7.910275825749353e-33
2.9350272624790922e-33
4.7303600505276e-34
5.08110073489234e-35
3.637499648826573e-36
1.7355201616372787e-37
5.5187143396542066e-39
1.1695740242379273e-40
1.6519582302077526e-42
1.5550772142819416e-44
9.756328214520702e-47
4.079457325426968e-49
1.1368415417376712e-51
2.1114413558344917e-54
2.613603244079821e-57
2.1561642729018856e-60
1.1855109750734384e-63
4.3442104939634565e-67
1.0609567739442826e-70
0.0
0.0
0.0
0.0
0.0
0.0
0.0
0.0
0.0
0.0
0.0
0.0
0.0
0.0
0.0
0.0
0.0
0.0
0.0
0.0
0.0
0.0
0.0
0.0
0.0
0.0
0.0
0.0
0.0
0.0
0.0
0.0
0.00013038050447122888
0.0010607719142846288
0.0034250147247527974
0.014170147753653748
0.03907219976187741
0.07180305041479368
0.08794263520522275
0.07178564446211573
0.03905325888331723
0.014159845191232041
0.003421694867447004
0.000551068516362913
5.9149553290540106e-05
4.231349384903616e-06
2.01738065782175e-07
6.410300174078564e-09
1.3575331040521436e-10
1.9160376525897933e-12
1.8023502780278192e-14
1.1299413572838915e-16
4.721219145872228e-19
1.3147220984403586e-21
2.440030832521308e-24
3.0181318867734288e-27
2.488070382197171e-30
1.3670004495276389e-33
5.005600686118039e-37
2.044947161835669e-39
0.0
0.0
0.0
0.0
0.0
0.0
0.0
0.0
0.0
0.0
0.0
0.0
0.0
0.0
0.0
0.0
0.0
0.0
0.0
0.0
0.0
0.0
0.0
0.0
0.0
0.0
0.0
0.0
0.0
0.0
0.0
0.0
0.0
0.0
0.0
0.0
0.0
0.0
0.0
0.0
0.0
0.0
0.0
0.0
0.0
0.0
0.0
0.0
0.0
0.0
0.0
0.0
0.0
0.0
0.0
0.0
0.0
0.0
0.0
0.0
1.5881440665158574e-33
1.1458819298954224e-32
5.510251145034852e-32
1.7659746467415646e-31
3.785348476232566e-31
5.458668349970518e-31
5.491172438550187e-31
4.400236427539435e-31
3.693005772590375e-31
3.465006629838153e-31
2.7850899891235864e-31
1.6005172700664954e-31
6.228864205225423e-32
1.6212081818573169e-32
2.8142996291914427e-33
3.256503571760471e-34
6.17232768543023e-35
3.632033078837903e-36
1.424404256642078e-37
3.7230469445251424e-39
6.485528315098106e-41
7.529632255394042e-43
5.826177645624318e-45
3.004520889118028e-47
1.0326384251409606e-49
2.3653906902329295e-52
3.611095991395225e-55
3.674148718917193e-58
2.491471809986216e-61
1.125995804207598e-64
3.3915569573243112e-68
6.808367749875751e-72
0.0
0.0
0.0
0.0
0.0
0.0
0.0
0.0
0.0
0.0
0.0
0.0
0.0
0.0
0.0
0.0
0.0
0.0
0.0
0.0
0.0
0.0
0.0
0.0
0.0
0.0
0.0
0.0
0.0
0.0
0.0
0.0
0.0
0.0
0.0
0.0
0.0
0.0
0.0
0.0
0.0
0.0
0.0
0.0
0.0
0.0
0.0
0.0
0.0
0.0
0.0
0.0
0.0
0.0
0.0
0.0
0.0
0.0
0.0
0.0
0.0
0.0
0.0
0.0
0.0
0.0
0.0
0.0
0.0
0.0
0.0
0.0
0.0
0.0
0.0
0.0
0.0
0.0
0.0
0.0
0.0
0.0
0.0
0.0
0.0
0.0
0.0019736547746103416
0.008075547922879973
0.04766224586134515
0.18748155832305766
0.4915007160990444
0.8587590034878029
1.0
0.776086707043348
0.4014228017929759
0.13838065407960112
0.03179290910623454
0.0048681808766023295
0.0004968035514535657
3.3789691426585824e-05
1.5316703588173865e-06
4.6273029978355876e-08
9.316914643797354e-10
1.2502528219462677e-11
1.1181630026021717e-13
6.66490466244636e-16
2.647672793145902e-18
7.00997117614063e-21
1.2369430360830092e-23
1.4546707816544712e-26
1.140148131284589e-29
5.955790216594407e-33
2.0734761888324908e-36
8.1904233966529e-39
0.0
0.0
0.0
0.0
0.0
0.0
0.0
0.0
0.0
0.0
0.0
0.0
0.0
0.0
0.0
0.0
0.0
0.0
0.0
0.0
0.0
0.0
0.0
0.0
0.0
0.0
0.0
0.0
0.0
2.8428095226993405e-05
0.00023884937190300152
0.0013374636694223352
0.004991389167556367
0.012414876931251716
0.020579980244008724
0.022736784025403807
0.016741511581702794
0.008215648441945826
0.002687017992418786
0.0005857075876684058
8.508885392741063e-05
8.238460166956269e-06
5.316195781787091e-07
2.2863222087206458e-08
6.553230617291575e-10
1.2518578485703231e-11
1.5938084666049484e-13
1.3523801597726115e-15
7.647914079285889e-18
2.8824962954159434e-20
5.572115666751256e-22
1.0679439528274357e-24
1.3641381257968366e-27
1.1613143201109706e-30
6.589049403630193e-34
2.4915941040264874e-37
6.279330955490886e-41
0.0
0.0
0.0
0.0
0.0
0.0
0.0
0.0
0.0
0.0
0.0
0.0
0.0
0.0
0.0
0.0
0.0
0.0
0.0
0.0
0.0
0.0
0.0
0.0
0.0
0.0
0.0
0.0
0.0
0.0
0.0
0.0
0.0
0.0
0.0
0.0
0.0
0.0
0.0
0.0
0.0
0.0
0.0
0.0
0.0
0.0
0.0
2.7536954937251765e-33
1.7971778158806465e-32
7.817137165253847e-32
2.2661359685743672e-31
4.378302296857455e-31
5.637766332607106e-31
4.838268300003563e-31
2.7672880793416064e-31
1.0548734088414864e-31
2.679957245052349e-32
4.537712061222691e-33
5.120678993631309e-34
3.851232313064215e-35
1.9304272092162513e-36
6.448945280543293e-38
1.4358381946938997e-39
2.1306095035290237e-41
2.1070932996015736e-43
1.3888176286896167e-45
6.100820160899349e-48
1.7861288029028077e-50
3.485129120469541e-53
4.532173426623678e-56
4.3098862854400896e-58
2.850073362415366e-61
1.2561104099179026e-64
3.6896157429597167e-68
7.222973320993789e-72
0.0
0.0
0.0
0.0
0.0
0.0
0.0
0.0
0.0
0.0
0.0
0.0
0.0
0.0
0.0
0.0
0.0
0.0
0.0
0.0
0.0
0.0
0.0
0.0
0.0
0.0
0.0
0.0
0.0
0.0
0.0
0.0
0.0
0.0
0.0
0.0
0.0
0.0
0.0
0.0
0.0
0.0
0.0
0.0
0.0
0.0
0.0
0.0
0.0
0.0
0.0
0.0
0.0
0.0
0.0
0.0
0.0
0.0
0.0
0.0
0.0
0.0
0.0
0.0
0.0
0.0
0.0
0.0
0.0
0.0
0.00014602317489197445
0.0012281316609156082
0.006884138772846001
0.017338849185857153
0.049422821852146706
0.09388935503234459
0.1188739575015446
0.10030870763960305
0.056412077910189075
0.021143997909778153
0.005281820836776059
0.0008793500083913244
9.75711506867529e-05
7.2154368439300256e-06
3.5561934752682614e-07
1.1681259719743817e-08
2.5572637803279587e-10
3.73115184114269e-12
3.628205414431137e-14
2.3513775052107978e-16
1.0156273776618753e-18
2.9236675520387155e-21
5.609228409679459e-24
7.172324058741539e-27
6.112425989198288e-30
3.4920516163613465e-33
2.597889579652438e-36
5.379443350937158e-38
5.126879287573478e-39
1.0856879439959287e-40
1.5322812474304634e-42
1.4412970777605236e-44
9.03545596786362e-47
3.775097647923767e-49
1.0512060550630975e-51
1.9508733051742035e-54
2.4129694672708322e-57
1.9890977916149526e-60
1.0928032855687065e-63
4.001376314794364e-67
9.764687527982386e-71
0.0
0.0
0.0
0.0
3.3727659143564442e-34
2.736014012489491e-33
1.4792173176360025e-32
5.329999841203885e-32
1.27998228125941e-31
2.0486240537332315e-31
2.192897928045321e-31
1.602782954444087e-31
9.475004852132748e-32
8.02868347895615e-32
1.0593766054939786e-31
1.4302034713700955e-31
1.375141901053989e-31
8.879968718122996e-32
3.82495763592939e-32
1.0981563929601203e-32
2.101298798747675e-33
2.6797450393184807e-34
2.2776172432475546e-35
1.2901777941187817e-36
4.870795905758488e-38
1.2255523021818375e-39
2.0551584740677167e-41
2.296890705255433e-43
1.7108695337736462e-45
8.493271423623752e-48
2.8100539762595913e-50
6.19634897462739e-53
9.106230185422216e-56
8.919138901897896e-59
5.82222224126668e-62
2.533005767605976e-65
7.344548897634069e-69
1.4193046402764052e-72
0.0
0.0
0.0
0.0
0.0
0.0
0.0
0.0
0.0
0.0
0.0
0.0
0.0
0.0
0.0
0.0
0.0
0.0
0.0
0.0
0.0
0.0
0.0
0.0
0.0
0.0
0.0
0.0
0.0
0.0
0.0
0.0
0.00013877192887446236
0.0012374880672173356
0.007354649205176723
0.029131607797985397
0.07690392290275025
0.1353050735388459
0.1586577231584013
0.12399092550163665
0.06458031128095867
0.022417744469105293
0.0051863908594894275
0.0007996871547493719
8.217818499909392e-05
5.628264752666569e-06
2.5690587729085774e-07
7.815470163612874e-09
1.5845929788319533e-10
2.14122296829479e-12
1.9283577495346e-14
1.1574303598172283e-16
3.0511758497189104e-18
9.312731482236753e-21
1.8943859840035692e-23
2.5682743295247746e-26
2.3205765442073728e-29
1.3974360210068157e-32
5.608536070257888e-36
1.5001982314365333e-39
0.0
0.0
0.0
0.0
0.0
0.0
0.0
0.0
0.0
0.0
0.0
0.0
0.0
0.0
0.0
0.0
0.0
0.0
0.0
0.0
0.0
0.0
0.0
0.0
0.0
0.0
0.0
0.0
0.0
0.0
0.0
0.0
0.0
0.0
0.0
0.0
0.0
0.0
0.0
0.0
0.0
0.0
0.0
0.0
0.0
0.0
6.911279639410743e-34
5.2163138802397014e-33
2.623919549165179e-32
8.796681389189547e-32
1.965480582662977e-31
2.926848218605201e-31
2.9047796472345116e-31
1.9220355061905556e-31
8.531676973217333e-32
2.8612704760756844e-32
1.991647947251952e-32
4.1154945661494845e-32
7.319217318193375e-32
8.928907269100981e-32
7.970465193380091e-32
7.423361576609661e-32
1.4353843664415192e-31
3.5997373030689064e-31
6.81012778664514e-31
8.741610319081422e-31
7.500948737614181e-31
4.292294503811154e-31
1.6380325081686853e-31
6.901624679269706e-32
1.4465898303427244e-32
4.672000546611887e-33
5.249764777504297e-33
5.8900455884294434e-33
4.519710051891971e-33
2.314471760053033e-33
7.899562636574576e-34
1.7969548516422485e-34
2.724287280001062e-35
2.7526449107129602e-36
1.8536555181503083e-37
8.319350343086897e-39
2.488463912699036e-40
4.9608355285661236e-42
6.591129711340006e-44
5.836418649344601e-46
3.4444077894158135e-48
1.3547658386828306e-50
3.55136622182062e-53
6.204520594234722e-56
7.2244127326675595e-59
5.6063268874122276e-62
2.8995849161033073e-65
9.994815815973486e-69
2.2961238363984377e-72
0.0
0.0
0.0
0.0
0.0
0.0
0.0005841909274566213
0.003746626432526702
0.016014283983388854
0.045620097247330585
0.08661366901076809
0.10959688570191745
0.09242544262501592
0.051947710659767526
0.019459103810130277
0.004858036854351463
0.0008083144145125845
8.963577755058143e-05
6.6246662725458584e-06
3.2630833548190993e-07
1.071208176700531e-08
2.343695242273016e-10
3.4175111953634607e-12
3.3212403202209903e-14
2.1511574829241552e-16
9.285935392007805e-19
1.9649981802868307e-20
4.313384614928312e-23
6.31038367720921e-26
6.152829694934085e-29
3.998301789748025e-32
1.73164074673447e-35
4.998291377235507e-39
9.615389724000574e-43
0.0
0.0
0.0
0.0
0.0
0.0
0.0
0.0
0.0
0.0
0.0
0.0
0.0
0.0
0.0
0.0
0.0
0.0
0.0
0.0
0.0
0.0
0.0
2.5635023178832943e-34
2.3056658011597995e-33
1.3821034453439526e-32
5.527130611334015e-32
1.4739909111373845e-31
2.6263899026321335e-31
3.1390110150906223e-31
2.5412092584154916e-31
1.426033890458294e-31
5.818155806267386e-32
1.8562225878768992e-32
4.894141591017811e-33
1.0459134089197787e-33
1.6857868814183843e-34
1.9242411407246745e-35
1.5024457127347637e-36
7.90083625391057e-38
2.780463833814785e-39
6.531881098930869e-41
1.0233167430237732e-42
5.114718742673574e-44
4.075970442177512e-46
2.1649266209143725e-48
7.663817008275567e-51
1.80813896063516e-53
2.8431597354314004e-56
2.979564142982786e-59
2.081066460737328e-62
9.687255444092203e-66
3.005364655054934e-69
6.214055752350176e-73
0.0
0.0
0.0
0.0
0.0
0.0
0.0
0.0
0.0
0.0
0.0
0.0
0.0
0.0
0.0
0.0
0.0
0.0
0.0
0.0
0.0
0.0
0.0
0.0
0.0
0.0
0.0
0.0
0.0
0.0
0.0
0.0
0.0
0.0
0.0
0.0
0.0
0.0
0.00025346568159839407
0.001999450237240109
0.00632420223497217
0.02536879060519891
0.06782273928190813
0.12084604381136473
0.14350634265506845
0.11363522838470087
0.060388615126445326
0.023703068512491172
0.014638285688419702
0.02452256616971573
0.03882746577747329
0.04213280185408597
0.030526009501441825
0.014741834446369213
0.0047447985528137745
0.0010178078126312944
0.00014551083839475914
1.3864571599199833e-05
8.804386819770241e-07
3.726261447799164e-08
1.0510638026331414e-09
1.9759064751833736e-11
2.475627152243918e-13
2.0672149559263044e-15
1.150449573990511e-17
4.267082946409421e-20
8.160954254091278e-22
1.5392424115182835e-24
1.934882724829012e-27
1.6210030099225663e-30
9.050957874412789e-34
3.368114244390625e-37
8.353349121594e-41
2.1769920322321737e-70
0.0
0.0
0.0
0.0
0.0
0.0
0.0
0.0
0.0
0.0
0.0007679142735442077
0.0049095880424511315
0.020919866712781593
0.05940928450747528
0.11244270351793392
0.14183708077514515
0.1192421608847231
0.0668115333708199
0.03624377010958402
0.010326604612335257
0.001960935365301366
0.00024817072951309455
2.093241728751398e-05
1.1767108514510886e-06
4.408609998983971e-08
1.1008170622903776e-09
1.8319354701193945e-11
2.0318270554107764e-13
1.5019132704847838e-15
7.399195774287539e-18
2.4294374975682488e-20
5.31628788454376e-23
7.753410872715165e-26
7.536308281778529e-29
4.882093136071728e-32
2.1078272421821366e-35
6.06520541841077e-39
1.16315492416523e-42
0.0
0.0
0.0
0.0
0.0
0.0
0.0
0.0
0.0
0.0
0.0
0.0
0.0
0.0
0.0
0.0
0.0
0.0
0.0
0.0
0.0
0.0
0.0
0.0
5.007398663465895e-34
3.381674855354538e-33
1.5220645663009131e-32
4.5657891453312784e-32
9.128095498809188e-32
1.2162589441771692e-31
1.0800738893186306e-31
7.964758414226865e-32
3.596686690831814e-32
1.0824657317229458e-32
2.171237110921053e-33
2.902564627750441e-34
2.5860569915406736e-35
1.5355919722510878e-36
6.077082366587672e-38
1.6028613633726537e-39
2.817593562949048e-41
3.3009753451353197e-43
2.577435245097857e-45
1.3412656226397758e-47
4.651825041886764e-50
1.0752600222447915e-52
1.6564761005876063e-55
1.7007418466462516e-58
1.1637861089941608e-61
5.307493718161932e-65
1.6131968179826419e-68
3.267885059212857e-72
0.0
0.0
0.0
0.0
0.0
0.0
0.0
0.0
0.0
0.0
0.0
0.0
0.0
0.0
0.0
0.0
0.0
0.0
0.0
0.0
0.0
0.0
0.0
0.0
0.0
0.0
0.0
0.0
0.0
0.0
0.0
0.0
0.0
0.0
0.0
0.0
0.0
0.0
0.0
0.0
0.0
0.0
0.0
2.458070602077914e-34
1.899330650561066e-33
9.781114635674247e-33
3.357048914508959e-32
7.703727166121371e-32
1.191293404463793e-31
1.3042356560661475e-31
1.231445557373748e-31
1.4172987755393614e-31
1.8467358425369721e-31
1.931018455014977e-31
1.4010348206924695e-31
6.826520087444683e-32
3.37688693228118e-32
8.380476443742106e-33
1.3862390456549741e-33
1.52825421652644e-34
1.1228863794834785e-35
5.498671689984938e-37
1.7945739272516507e-38
3.9034306950397995e-40
5.658654024925289e-42
5.46715464634815e-44
3.52039279969761e-46
1.5107842115792494e-48
4.321109774021559e-51
3.8729691305623564e-35
3.569283418001925e-34
2.192297968669973e-33
8.974281264953066e-33
2.4483940769306448e-32
4.451890890508739e-32
5.39497270400915e-32
4.3572807125692545e-32
2.3454348611621894e-32
8.56095259668473e-33
3.0255463072118608e-33
4.987761429863451e-33
1.4354588492762993e-32
2.4141994114312423e-32
3.765950688272762e-32
3.916154821212092e-32
2.714126980310095e-32
1.2536668501266608e-32
3.8593634067965525e-33
7.918278187652872e-34
1.0827479856356128e-34
9.86746424944818e-36
5.99328992174289e-37
2.426088060089551e-38
6.5452973658281845e-40
1.1768842535028077e-41
1.4103265124767338e-43
1.1263857213759844e-45
5.995648319745826e-48
2.126996198238293e-50
5.028967448294127e-53
7.924511200219412e-56
8.322382855176978e-59
5.825114229512367e-62
2.717332291945635e-65
8.448169167224283e-69
1.7505076040406588e-72
0.0
0.0
0.0
0.0
0.0
0.0
0.0
0.0
0.0
0.0
0.0
0.0
0.0
0.0
0.0
0.0
0.0
0.0
0.0
0.0
0.0
0.0
0.0
0.0
0.0
0.0
0.0
0.0
0.0
0.0
0.0
0.0
0.0
0.0
0.0
0.0
0.0
0.0
0.0
0.0
0.0
0.0
0.0
0.0
0.0
0.0
0.0
0.0
0.0
0.0
0.0
0.0
0.0
0.0
0.0
0.0
0.0
0.0
0.0
0.0
0.0
0.0
0.0
0.0
0.0
0.0
0.0
0.0
0.0
0.0
0.0
0.0
0.0
0.0
0.0
0.0
0.0
0.0
0.0
0.0
0.0
3.4521751275054064e-34
2.485001536717614e-33
1.1921806051116817e-32
3.8118779876430625e-32
8.123019169016678e-32
1.1536591456508915e-31
1.0919910947576588e-31
6.888778618709156e-32
2.8989472562113343e-32
8.29970962804797e-33
2.374139638493047e-33
3.184517953667632e-33
7.804701864161405e-33
1.8045916775650053e-32
3.9029184131575577e-32
6.992741340895677e-32
9.145849911714395e-32
8.4376841390165e-05
0.0005680749813723284
0.002548998678266934
0.007622810189560753
0.015192951434284547
0.020181374498028423
0.01786655751007335
0.01314826661159021
0.005919175575412392
0.0017759694502753227
0.0003551332270170387
4.732914649342902e-05
4.203853626011041e-06
2.488559605285901e-07
9.818158906976789e-09
1.6625662638013956e-05
0.00011724475121798462
0.0005510564799096926
0.001726157353570514
0.0036036798386167705
0.005014106631231351
0.004649673729231546
0.002873643843357252
0.0011836544935235904
0.0003249365083680744
5.945024050021435e-05
7.249203149917305e-06
0.00028820015086717456
0.0018406057820688358
0.00785023375542458
0.02231481784234643
0.042275204196109535
0.051663221854645475
0.049771007858468844
0.031956038246748655
0.01367448494638949
0.0038998739562545676
0.0007412619580257123
9.390190484660282e-05
7.92790870268325e-06
4.460919912348449e-07
1.672906854748208e-08
4.1811971261435665e-10
6.964838875945226e-12
7.732199536160136e-14
5.721061020477026e-16
2.821185579206562e-18
9.271890173263414e-21
2.0308902301728338e-23
2.964736978293822e-26
2.884479377145933e-29
1.8703817424304096e-32
8.08303797065271e-36
2.3280941070798488e-39
4.468975691249184e-43
0.0
0.0
1.3811914887727624e-34
5.733311978371014e-34
3.457676723802833e-33
1.3897758041560116e-32
3.722945293697683e-32
6.646761734617876e-32
7.908882356919523e-32
6.271936725391255e-32
3.314894944047415e-32
1.1676681072522859e-32
2.7412624411871687e-33
4.289072242104926e-34
4.4725752372141037e-35
3.1083756405318006e-36
7.371918164273355e-35
5.491418647149199e-34
2.731568889308181e-33
9.055757737737692e-33
2.000870568608213e-32
2.946420617550747e-32
2.8916920549119584e-32
1.8914326729549634e-32
8.24539147920039e-33
2.3955940272631442e-33
4.638704540725467e-34
5.986345096978379e-35
5.148827419425855e-36
8.007683865488776e-37
3.5023221090575785e-38
1.0209084542378758e-39
1.9833486412764356e-41
2.567987313861359e-43
2.215992228890259e-45
1.2744568631189846e-47
4.884989064798053e-50
1.247910961619281e-52
2.1246390112136298e-55
2.4108392392640126e-58
1.823194070631687e-61
9.189229459698549e-65
3.0867882672739423e-68
6.910606012492181e-72
0.0
0.0
0.0
0.0
0.0
0.0
0.0
0.0
0.0
0.0
0.0
0.0
0.0
0.0
0.0
0.0
0.0
0.0
0.0
0.0
0.0
0.0
0.0
0.0
0.0
0.0
0.0
2.1358397927173022e-05
0.0001705995577837433
0.0009081731894949465
0.003222114732846219
0.007618945601621316
0.012006883396344807
0.012701755858469273
0.00952587000421562
0.007517588663171132
0.009838773725615287
0.020516272074007406
0.034997599794593874
0.041789632616553087
0.03447805496509811
0.019669316594425154
0.007756395137972139
0.002108504038260718
0.00039334160423271244
5.008709833262371e-05
4.330617415928614e-06
2.5305988453751183e-07
9.95644546805306e-09
2.6298359795837366e-10
4.65328595398883e-12
5.507087423028201e-14
4.3544866289809644e-16
2.2986362163630025e-18
8.096363710396435e-21
1.9021140296145717e-23
2.97989033566686e-26
3.1124775617838906e-29
2.1672209273621002e-32
1.0059032843321944e-35
3.1120140619641625e-39
6.414852000041225e-43
0.0
0.0
0.0
0.0
0.0
0.0
0.0
0.0
0.0
0.0
0.0
0.0
0.0
0.0
0.0
0.0
0.0
0.0
0.0
0.0
0.0
0.0
0.0
0.0
0.0
0.0
0.0
0.0
0.0
0.0
0.0
0.0
0.0
0.0
0.0
0.0
1.1224915116706697e-34
1.0419647744260361e-33
6.446211592032079e-33
2.657893803840074e-32
7.30385664903081e-32
1.3376682070244753e-31
1.6327741558855005e-31
1.32826698556304e-31
7.20155342943158e-32
2.602247165696911e-32
6.26689544939444e-33
1.005860845225311e-33
5.49509132625473e-05
0.0003574324004705161
0.001549510306147499
0.0032882313344195398
0.007248789615212064
0.01065001391208249
0.010428369317106896
0.006805564892210358
0.0029600122191085726
0.0008580337612903964
0.0001657665112413941
2.134375201308012e-05
1.8315816487193282e-06
1.0475224731159348e-07
3.99284050455667e-09
1.014336665340953e-10
1.7173698501002115e-12
1.9378809449987782e-14
1.457376957706561e-16
7.304630515212507e-19
2.440091746446039e-21
5.4324483620744025e-24
8.060585814802914e-27
7.971116439630858e-30
5.253554581435438e-33
2.3076444317925357e-36
6.755633555665057e-40
1.3180892687768532e-43
0.0
0.0
0.0
0.0
0.0
0.0
0.0
0.0
0.0
0.0
0.0
0.0
0.0
0.0
0.0
0.0
0.0
1.7685252420353897e-05
0.0001572313249472353
0.0009316406582989572
0.0036790809298254353
0.009683041587092015
0.016985009773703253
0.019856438423315824
0.015471002408707975
0.008033727606298066
0.0027803361031649146
0.0010939184749339391
0.00019251640101678542
2.2580422280765213e-05
1.7651350265213003e-06
9.196135349794917e-08
3.1931132690159916e-09
7.389326263715298e-11
4.867827674316153e-05
0.000392445010219334
0.002108647503638101
0.007551108468930183
0.018021833777232286
0.02866611235883834
0.030389262885324838
0.021471040025668492
0.010110381542904232
0.0031729524006371196
0.0006636530842588232
9.251245911782365e-05
8.59490106062406e-06
5.32185559784187e-07
2.1961744722247143e-08
6.040211419871564e-10
1.1071819302230701e-11
1.3525937820638658e-13
5.726648296545378e-15
3.5575539046615964e-17
1.4729364690254509e-19
4.064415409350425e-22
7.474699049927377e-25
9.161604561566958e-28
7.56331086970368e-31
3.05418198168371e-32
7.623948097892438e-32
1.2855161945750794e-31
1.4446331064999693e-31
1.0822807837652515e-31
5.429199746141038e-32
1.9746506502339776e-32
1.1424648325900848e-32
2.1337169770794992e-32
3.8646431437988395e-32
4.8006518908958183e-32
4.0411076955256945e-32
2.412884310850241e-32
1.186903699435036e-32
6.102576016431033e-33
3.2542109436525764e-33
1.4164622617022808e-33
4.357882565479796e-34
9.065265120355894e-35
2.545638334349129e-35
2.7035980602515604e-36
1.914240801729126e-37
9.033623255554271e-39
2.841290991429545e-40
5.955970910318753e-42
8.320919698566768e-44
7.7476808986984e-46
4.8078807475391876e-48
1.9884615678133282e-50
5.481031085810961e-53
1.0069058806335333e-55
1.2328125237762683e-58
1.0059739765228067e-61
5.470890253112227e-65
1.982945635614415e-68
4.790106406573409e-72
0.0
0.0
0.0
0.0
0.0
0.0
0.0
0.0
0.0
0.0
0.0
0.0
0.0
9.267139781494837e-36
7.890560716353026e-35
4.4776646702736905e-34
1.6934672997523527e-33
4.2685818337285015e-33
7.170871774223619e-33
8.028637505961906e-33
5.990916840976108e-33
2.9793826253532336e-33
9.875084454494631e-34
2.1814080146933498e-34
3.2115488959284e-35
3.151183696324565e-36
2.0606984827240754e-37
8.981248852766424e-39
2.6087986248138553e-40
5.0504018094702757e-42
6.516176738200685e-44
5.603267118239769e-46
3.211229510348092e-48
1.2265433834398646e-50
3.1223100720707137e-53
4.646282737413779e-55
6.014524944952598e-58
5.1889391157364416e-61
2.9835778042071e-64
1.1433460837060785e-67
2.9201125956548844e-71
0.0
0.0
0.0
0.0
0.0
0.0
0.0
0.0
0.0
0.0
0.0
0.0
0.0
0.0
1.6531066224449264e-35
1.5342260741431953e-34
9.489851162999524e-34
3.912109399784329e-33
1.0748407646876854e-32
1.682933988257328e-32
2.3512716092496875e-32
2.189374556125646e-32
1.3586853150226967e-32
5.619520301606995e-33
1.549034732986682e-33
2.845801573711557e-34
3.4844129794372227e-35
2.8433883430653902e-36
1.5464086938822063e-37
7.847158025432757e-35
5.930905952178879e-34
2.987734825264379e-33
1.0031011029002657e-32
5.5651071514140065e-06
4.988480480693291e-05
0.00029801942462301086
0.0011865947288829852
0.0031487762847049977
0.0055688144169379105
0.006563949521069654
0.0051564316824336594
0.0026996959310634323
0.0009420240357964929
0.00021907391233890117
3.395477778251653e-05
7.820032745007848e-06
6.163414564558474e-07
3.237544430568059e-08
1.1334220107457756e-09
2.6445336379904115e-11
4.112331316262366e-13
4.261952907313983e-15
1.2638924930739868e-05
0.00010658682071088479
0.0005990711842666771
0.0022440622522322414
0.0056023845913696834
0.009321643411172753
0.010336978197410744
0.007639699269213071
0.0037630542071753577
0.0012353392313872035
0.00027027977040427337
3.9411448514913786e-05
3.830123704979943e-06
2.480760013899382e-07
1.070873701798803e-08
3.080869493836528e-10
5.907311856970425e-12
7.548975979638207e-14
6.429359890288029e-16
2.1402034444975812e-17
9.269094973343434e-20
2.675476579619876e-22
5.146909398464555e-25
6.598928782160355e-28
5.638737890973284e-31
3.21123376628995e-34
1.2188309794707109e-37
3.0831637773244567e-41
0.0
0.0
0.0
0.0
0.0
7.292215853449322e-35
5.643418740829838e-34
2.910761250690611e-33
1.000581437424286e-32
2.2923442972149813e-32
3.513241334531029e-32
3.6734324013504257e-32
3.0500948225424004e-32
3.4960904441821227e-32
6.401511885512202e-32
1.028874493812466e-31
1.1564897075068282e-31
9.886446108304895e-32
5.639583510247572e-32
2.144362971031309e-32
5.434237513126558e-33
9.236310192882165e-34
1.4894292579928875e-34
2.4685645897168933e-34
8.354820937786468e-34
1.9438647688773796e-33
3.015589802143078e-33
3.117904686921673e-33
2.14849818944654e-33
9.867081104465977e-34
3.0201182808665477e-34
6.160851694441817e-35
8.376046988299772e-36
7.589602029705546e-37
4.583322855558867e-38
1.844690221897536e-39
4.948208477494271e-41
8.846145544281572e-43
1.0540026920905843e-44
8.369719587692555e-47
4.4295707633858e-49
1.562406108586972e-51
2.8896792839997423e-53
5.183039385964341e-56
6.195850381511509e-59
4.936269731358095e-62
2.6210686250471724e-65
9.275545264948967e-69
2.1876712258557175e-72
0.0
0.0
0.0
0.0
0.0
0.0
0.0
0.0
0.0
0.0
0.0
0.0
0.0
0.0
0.0
0.0
0.0
0.0
0.0
0.0
0.0
0.0
0.0
0.0
2.8495233929850094e-05
0.00021120001217311433
0.001043271153632188
0.003434646204594093
0.007536129709626275
0.0110203723843542
0.010740530259982877
0.006976485957449445
0.0030201552896365973
0.0008713715409635364
0.00016755562716863967
2.1473172447299342e-05
1.8340659756143535e-06
1.044035448630212e-07
3.960929234683487e-09
1.0015219461546165e-10
1.6877394637109907e-12
1.895535353004775e-14
1.4188612244578059e-16
7.078308710439474e-19
2.353426436748478e-21
4.1845513960716427e-23
7.074937612227616e-26
7.97219422705068e-29
5.987074681057164e-32
2.9966293455033223e-35
9.99615379024675e-39
2.2223598289098624e-42
0.0
0.0
0.0
0.0
0.0
0.0
0.0
8.488232722806999e-06
5.743315725090928e-05
0.00025899396984056995
0.0007783916383117869
0.001559151150917898
0.0020814204896610878
0.0018518805888860868
0.0010981146403910317
0.00043397422088184147
0.00011430407953715507
2.0065088404370242e-05
5.021053345330495e-06
4.4820506764407905e-07
2.666491710394388e-08
1.0572684226572573e-09
2.7939062746991156e-11
4.920621420927605e-13
5.77576641335794e-15
4.518360071177305e-17
2.355773876993666e-19
8.185927882698159e-22
1.8957618311763638e-24
2.9260462337906326e-27
3.009955959523082e-30
2.0635768473603228e-33
1.4373596324522095e-34
1.0438305026418032e-33
5.085505715262675e-33
1.6512771736961085e-32
3.5734470928558167e-32
5.162054537712047e-32
5.016859439637643e-32
3.4956143844921034e-32
2.4553389840691716e-32
2.8925267793579083e-32
3.8800698172202923e-32
3.862192081507108e-32
3.1019339074015804e-32
1.5956026066114235e-32
5.472651187455084e-33
1.2510574233836414e-33
1.9060811120732786e-34
1.9354744737764964e-35
1.3098305476873882e-36
5.907780293737613e-38
1.775886091184628e-39
3.557848279435995e-41
4.7505215289841156e-43
4.2274327279498325e-45
2.5072270702293453e-47
9.910422718245807e-50
2.610791790968009e-52
4.583886397065263e-55
5.363854659272928e-58
4.18313331268595e-61
2.174242383468273e-64
7.531747597265033e-68
1.7388619566906717e-71
0.0
0.0
0.0
0.0
0.0
0.0
0.0
0.0
0.0
0.0
0.0
0.0
0.0
0.0
0.0
0.0
0.0
0.0
0.0
0.0
0.0
0.0
0.0
0.0
0.0
3.990590431992552e-05
0.00026063178714960455
0.0011344860374652979
0.0032911863766844946
0.006363372492882326
0.007882756647927822
0.0077502474593114665
0.005078489601374376
0.0022178650329663483
0.0006455311565958376
0.00012522206203546149
1.6189224364115472e-05
1.394931177161551e-06
8.01052662533875e-08
3.0658500070570456e-09
5.772386722624223e-06
4.7631277899284034e-05
0.0002619488253841448
0.0009601127512870935
0.0023453602920209577
0.00381837384671697
0.004143132987138082
0.0029961313484798547
0.00144402386867062
0.0004638413299943355
9.929927162550665e-05
1.4167859151109981e-05
1.3472368295763158e-06
8.538178124272768e-08
3.6063512460797024e-09
1.0152018108990411e-10
7.49853030363215e-12
1.0734037094611225e-13
1.0240745677550157e-15
6.51150859412668e-18
2.759390746239273e-20
7.793388694222558e-23
1.4669692790976084e-25
1.8403365599858595e-28
1.5387048715407161e-31
8.574581980755676e-35
3.192723407823629e-38
9.166351835721928e-42
1.3072707457484796e-44
8.86570773842129e-47
4.007216746676504e-49
5.853491152693285e-36
4.3490100911202474e-35
2.1535125778648676e-34
7.106994152855754e-34
1.563169424921656e-33
2.291435798380787e-33
2.2386741459415103e-33
1.457657937728353e-33
6.325602659132495e-34
1.8294887488490403e-34
3.526461329117625e-35
9.392464762568999e-36
9.20643598063449e-37
6.014299465897395e-38
2.6185454016974485e-39
7.598304888548072e-41
1.469450198521796e-42
1.8939764558003363e-44
1.6269560761294954e-46
9.314480302669592e-49
3.5540454491831733e-51
9.037927934542623e-54
1.531779733095761e-56
1.730235874142969e-59
1.3025543502619707e-62
6.535336338070435e-66
2.1853529118177645e-69
4.870311812379074e-73
0.0
0.0
0.0
0.0
0.0
0.0
0.0
0.0
0.0
0.0
7.381965246506085e-08
6.761335860255634e-07
4.1273810975291195e-06
1.6791835863356515e-05
4.5530596307753345e-05
8.227919693206395e-05
9.909649600783299e-05
7.954412350414435e-05
4.255390809152511e-05
1.5172332441535954e-05
3.605344731556289e-06
5.709824923838077e-07
6.026710571600782e-08
4.239546731735169e-09
1.987650702130705e-10
6.210724348375625e-12
1.2933795513392016e-13
1.7951108612057604e-15
1.6604970448376872e-17
1.0236853488670114e-19
4.206069227607177e-22
1.1517756518448527e-24
2.1020397222583486e-27
2.556792548977715e-30
2.3254092787286016e-32
1.4383234288158343e-35
5.929188486395716e-39
1.6289790789187076e-42
0.0
0.0
0.0
0.0
0.0
0.0
0.0
0.0
0.0
0.0
0.0
0.0
9.489066677862451e-36
7.68648499506941e-35
4.1496705370639285e-34
1.4930728524180347e-33
3.580386648775113e-33
5.7221654015266825e-33
6.094982084947503e-33
4.32679189925868e-33
2.0656948569761565e-33
8.189456583851782e-34
8.523408988276488e-34
2.950439103960321e-33
9.214802856946387e-33
1.941594078132942e-32
2.730045665572378e-32
2.57164088287299e-32
1.6813032598305447e-32
9.619685277241638e-33
9.052767109908658e-33
1.2979764231679175e-32
1.6483768116128527e-32
1.59233212832429e-32
1.1259657624208193e-32
4.170532319210366e-08
3.1955999036883923e-07
2.3548046811675764e-06
1.236771063206873e-05
5.539924403951878e-05
0.00019823387775773753
0.0005191642948510459
0.0009426417411982633
0.0011580828353545617
0.0009535422929139698
0.0005243303332704725
0.00019229650912314352
5.315945240420867e-05
4.330371051726366e-05
0.0002071614742730447
0.0009816567342161725
0.0031268076334584473
0.0066387883744772665
0.0093941859917965
0.008859537516074588
0.00556858043532617
0.002332703232013115
0.000651262441733925
0.00012118088598728685
1.5027743089639467e-05
1.242038186691009e-06
6.841600065290089e-08
2.511666460916387e-09
6.145366626302957e-11
1.0021094946779437e-12
1.0890908379885229e-14
7.888502732705627e-17
3.8080847422223265e-19
1.2251807834700477e-21
2.62709208985436e-24
3.7543258635715886e-27
3.5757749863096666e-30
2.2698123095759307e-33
1.3381474894999847e-35
4.3194288918333594e-39
0.0
0.0
0.0
0.0
0.0
0.0
0.0
0.0
0.0
0.0
0.0
0.0
0.0
0.0
0.0
0.0
0.0
0.0
0.0
0.0
0.0
0.0
0.0
0.0
0.0
0.0
0.0
0.0
0.0
0.0
0.0
0.0
0.0
0.0
0.0
0.0
0.0
0.0
0.0
0.0
0.0
0.0
0.0
0.0
0.0
0.0
0.0
0.0
0.0
0.0
0.0
0.0
0.0
0.0
0.0
0.0
0.0
0.0
0.0
0.0
0.0
0.0
0.0
0.0
0.0
0.0
0.0
0.0
0.0
0.0
0.0
0.0
0.0
0.0
0.0
0.0
0.0
0.0
0.0
0.0
0.0
0.0
0.0
0.0
0.0
0.0
0.0
0.0
0.0
0.0
0.0
0.0
0.0
0.0
0.0
0.0
0.0
0.0
0.0
0.0
0.0
0.0
0.0
0.0
0.0
0.0
0.0
0.0
0.0
0.0
0.0
0.0
0.0
0.0
0.0
0.0
0.0
0.0
0.0
0.0
0.0
0.0
0.0
0.0
0.0
0.0
0.0
0.0
0.0
0.0
0.0
0.0
0.0
0.0
0.0
0.0
0.0
0.0
0.0
0.0
0.0
0.0
0.0
0.0
0.0
0.0
0.0
0.0
0.0
0.0
0.0
0.0
0.0
0.0
0.0
0.0
0.0
0.0
0.0
0.0
0.0
0.0
0.0
0.0
0.0
0.0
0.0
0.0
0.0
0.0
0.0
0.0
0.0
0.0
0.0
0.0
0.0
0.0
0.0
0.0
0.0
0.0
0.0
0.0
0.0
0.0
0.0
0.0
0.0
0.0
0.0
0.0
0.0
0.0
0.0
0.0
0.0
0.0
0.0
0.0
0.0
0.0
0.0
0.0
0.0
0.0
0.0
0.0
0.0
0.0
0.0
0.0
0.0
0.0
0.0
0.0
0.0
0.0
0.0
0.0
0.0
0.0
0.0
0.0
0.0
0.0
0.0
0.0
0.0
0.0
0.0
0.0
0.0
0.0
0.0
0.0
0.0
0.0
0.0
0.0
0.0
0.0
0.0
0.0
0.0
0.0
0.0
0.0
0.0
0.0
0.0
0.0
0.0
0.0
0.0
0.0
0.0
0.0
0.0
0.0
0.0
0.0
0.0
0.0
0.0
0.0
0.0
0.0
0.0
0.0
0.0
0.0
0.0
0.0
0.0
0.0
0.0
0.0
0.0
0.0
0.0
0.0
0.0
0.0
0.0
0.0
0.0
0.0
0.0
0.0
0.0
0.0
0.0
0.0
0.0
0.0
0.0
0.0
0.0
0.0
0.0
0.0
0.0
0.0
0.0
0.0
0.0
0.0
0.0
0.0
0.0
0.0
0.0
0.0
0.0
0.0
0.0
0.0
0.0
