a = 5.0282189046354215 b = 5.0282189046354215 c = 17.038705956865485 ,Gaussian ,LMH = 0.08 ,DW = [1.3 1.3 1.3]
0.0
0.0
0.0
0.0
0.0
0.0
0.0
0.0
0.0
0.0
0.0
0.0
0.0
0.0
0.0
0.0
0.0
0.0
0.0
0.0
0.0
0.0
0.0
0.0
0.0
0.0
0.0
0.0
0.0
0.0
0.0
0.0
0.0
0.0
1.385654866115143e-33
1.2287209006997921e-32
7.261610801131912e-32
2.8601857546843855e-31
7.508221190328745e-31
1.140424304902252e-30
1.5223407189298955e-30
1.3543746343755176e-30
8.030587291232998e-31
3.173491585442486e-31
8.358126564496179e-32
1.4671079942405372e-32
1.7163141067918302e-33
1.3381752979767244e-34
6.953617436468099e-36
2.4081865513721713e-37
5.558415502114901e-39
8.550537922066674e-41
8.76632192325442e-43
5.989946465147163e-45
2.7277842341072523e-47
8.279014384269037e-50
1.6746683307255527e-52
2.2576703329167967e-55
2.028494305748499e-58
1.214698815210797e-61
4.8478030885948354e-65
1.2894451779123307e-68
0.0
0.0
0.0
0.0
0.0
0.0
0.0
0.0
0.0
0.0
0.0
0.0
0.0
0.0
0.0
0.0
0.0
0.0
0.0
0.0
0.0
0.0
0.0
0.0
0.0
0.0
0.0
0.0
0.0
0.0
0.0
0.0
0.0
0.0
0.0
0.0
0.0
0.0
0.0
0.0
0.0
0.0
0.0
0.0
0.0
0.0
0.0
0.0
0.0
0.0
0.0
0.0
0.0
0.0
0.0
0.0
0.0
0.0
0.0
0.0
0.0
0.0
0.0
0.0
0.0
0.0
0.0
0.0
0.0
0.0
0.0
0.0
0.0
0.0
0.0
0.0
0.0
0.0
0.0
0.0
0.0
0.0
0.0
0.0
0.0
0.0
0.0
0.0
0.0
0.0
0.0
0.0
0.0
0.0
0.0
0.0
0.0
0.0
0.0
0.0
0.0
0.0
0.0
0.0
0.0
0.0
0.0
0.0
0.0
0.0
0.0
0.0
0.0
0.0
0.0
0.0
0.0
0.0
0.0
0.0
0.0
0.0
0.0
0.0
0.0
0.0
0.0
0.0
0.0
0.0
0.0
0.0
0.0
0.0
0.0
0.0
0.0
0.0
0.0
0.0
0.0
0.0
0.0
0.0
0.0
0.0
0.0
0.0
2.3140917433566154e-33
1.7215716822326623e-32
8.535936905012767e-32
2.8207125465084835e-31
6.2122369508141215e-31
9.11840216800771e-31
8.920126667342387e-31
5.8157382009203415e-31
2.527087172188972e-31
1.1571722223699027e-31
2.556913023670482e-32
3.7654376325924264e-33
3.695698301833043e-34
2.417458961214276e-35
1.0539093519423665e-36
3.0621675822179565e-38
5.92974747611706e-40
7.652881551401525e-42
6.582567668375262e-44
3.7735249106959036e-46
1.441719121313936e-48
3.6710951740607205e-51
6.230059256130636e-54
7.046448126270436e-57
5.311655365370852e-60
2.668523717975503e-63
8.934984295284447e-67
1.9938756425409726e-70
0.0
0.0
0.0
0.0
0.0
0.0
0.0
0.0
0.0
0.0
0.0
0.0
0.0
0.0
0.0
0.0
0.0
0.0
0.0
0.0
0.0
0.0
0.0
0.0
0.0
0.0
0.0
0.0
0.0
0.0
0.0
0.0
0.0
0.0
0.0
0.0
0.0
0.0
0.0
0.0
0.0
0.0
0.0
0.0
0.0
0.0
0.0
0.0
0.0
0.0
0.0
0.0
0.0
0.0
0.0
0.0
0.0
0.0
0.0
0.0
0.0
0.0
0.0
0.0
0.0
0.0
0.0
0.0
0.0
0.0
0.0
0.0
0.0
0.0
0.0
0.0
0.0
0.0
0.0
0.0
0.0
0.0
0.0
0.0
0.0
0.0
0.0
0.0
0.0
0.0
0.0
0.0
0.0
0.0
0.0
0.0
0.0
0.0
0.0
0.0
0.0
0.0
0.0
0.0
0.0
0.0
0.0
0.0
0.0
0.0
0.0
0.0
0.0
0.0
0.0
0.0
0.0
0.0
0.0
0.0
0.0
0.0
0.0
0.0
0.0
0.0
0.0
0.0
0.0
0.0
0.0
0.0
0.0
0.0
0.0
0.0
0.0
0.0
0.0
0.0
0.0
0.0
0.0
0.0
0.0
0.0
0.0
0.0
2.542027528988773e-33
2.1227400781170808e-32
1.1813944818411822e-31
4.382022513839478e-31
1.0832677633031816e-30
1.784754896831797e-30
1.959760018681864e-30
1.4341968114552581e-30
6.995135961825533e-31
2.2738672978840117e-31
4.926240605821861e-32
7.112915866144815e-33
6.844808024040017e-34
1.1472846920856768e-34
5.6141935319717125e-36
1.8309863568529569e-37
3.97982875197931e-39
5.765343800399596e-41
5.566312489056465e-43
3.581718954363586e-45
1.536020369131047e-47
4.390196839775381e-50
8.362816335146986e-53
1.0617020921207745e-55
8.983267572339855e-59
5.065794244820206e-62
1.9038919829107058e-65
4.768904352855568e-69
0.0
0.0
0.0
0.0
0.0
0.0
0.0
0.0
0.0
0.0
0.0
0.0
0.0
0.0
0.0
0.0
0.0
0.0
0.0
0.0
0.0
0.0
0.0
0.0
0.0
0.0
0.0
0.0
0.0
0.0
0.0
0.0
0.0
0.0
0.0
0.0
0.0
0.0
0.0
0.0
0.0
0.0
0.0
0.0
0.0
0.0
0.0
0.0
0.0
0.0
0.0
0.0
0.0
0.0
0.0
0.0
0.0
0.0
0.0
0.0
0.0
0.0
0.0
0.0
0.0
0.0
0.0
0.0
0.0
0.0
0.0
0.0
0.0
0.0
0.0
0.0
0.0
0.0
0.0
0.0
0.0
0.0
0.0
0.0
0.0
0.0
0.0
0.0
0.0
0.0
0.0
0.0
0.0
0.0
0.0
0.0
0.0
0.0
0.0
0.0
0.0
0.0
0.0
0.0
0.0
0.0
0.0
0.0
0.0
0.0
0.0
0.0
0.0
0.0
0.0
0.0
0.0
0.0
0.0
0.0
0.0
0.0
0.0
0.0
0.0
0.0
0.0
0.0
0.0
0.0
0.0
0.0
0.0
0.0
2.2196163773688955e-34
1.6637104760028458e-33
8.311111909660128e-33
2.7670821781601054e-32
6.139974005312469e-32
8.337394972690906e-32
9.407569418521015e-32
7.074667532876957e-32
3.5458159347169016e-32
1.1844258779803e-32
2.6368239570830007e-33
3.912334076626833e-34
3.8687643485100536e-35
2.5497063759314958e-36
1.119926731850591e-37
3.278465367842458e-39
5.474518752783124e-33
3.551554007793241e-32
1.5355800176640765e-31
4.42494654900216e-31
8.498164904019354e-31
1.0877368145463473e-30
9.279731928939445e-31
5.281505964088932e-31
2.034520023514942e-31
6.455792309316103e-32
4.565641052820862e-32
6.633304161588767e-32
7.673610752329345e-32
5.991771560666713e-32
3.120655992825671e-32
1.6124584741475064e-32
4.270764419184906e-33
7.5388390313962995e-34
8.869208974209492e-35
6.954194837368177e-36
3.6340455703552904e-37
1.2656552703307062e-38
2.9377987590309237e-40
4.544752135172753e-42
4.685758588263005e-44
3.219816825758517e-46
1.4745651631789964e-48
4.5006819269764415e-51
9.155334613733487e-54
1.2412283035638895e-56
1.1215294105010435e-59
6.753846900972203e-63
2.710649124302799e-66
7.250650071529153e-70
0.0
0.0
0.0
0.0
0.0
0.0
0.0
0.0
0.0
0.0
0.0
0.0
0.0
0.0
0.0
0.0
0.0
0.0
0.0
0.0
0.0
0.0
0.0
0.0
0.0
0.0
0.0
0.0
0.0
0.0
0.0
0.0
0.0
0.0
0.0
0.0
0.00019794564797302435
0.001519793300264254
0.007776866462906123
0.026522002151958518
0.06028225897422159
0.09131755586967126
0.0921935605281581
0.06203380846805882
0.027818765268730002
0.008314359587583314
0.0016561562387725002
0.0002198646226115259
1.9453195556445323e-05
1.1471180111321507e-06
4.5082375611417693e-08
1.180829068347225e-09
2.061336181654861e-11
2.398237365511073e-13
1.8595893584596055e-15
9.610002209617916e-18
3.309874072983111e-20
7.597680082055037e-23
1.0552650397830047e-24
1.2317814582427134e-27
9.582687432879266e-31
4.968468387878464e-34
1.7168774142880675e-37
3.954008441751625e-41
0.0
0.0
0.0
0.0
0.0
0.0
0.0
0.0
0.0
0.0
0.0
0.0
0.0
0.0
0.0
0.0
0.0
0.0
0.0
0.0
0.0
0.0
0.0
0.0
0.0
0.0
0.0
0.0
0.0
0.0
0.0
0.0
0.0
0.0
0.0
0.0
0.0
0.0
0.0
0.0
0.0
0.0
0.0
0.0
0.0
0.0
0.0
0.0
0.0
0.0
0.0
0.0
0.0
0.0
0.0
0.0
0.0
0.0
0.0
0.0
0.0
0.0
0.0
0.0
0.0
0.0
0.0
0.0
1.09513818379155e-33
7.758144622309968e-33
3.6629278890527497e-32
8.228289454018963e-32
1.9755254955388365e-31
3.1610929426578087e-31
3.3711140034361963e-31
2.3960239909854686e-31
1.1349858131895787e-31
3.5832016720059817e-32
7.539345038723313e-33
1.0572496125846402e-33
4.89117469536675e-34
3.607024680893435e-33
2.2140891235576546e-32
9.073071233827619e-32
2.4779927714916566e-31
4.510527461849578e-31
5.471875102288966e-31
4.424116641987017e-31
2.383957504541709e-31
8.561542141789195e-32
2.0492126871727202e-32
3.268914951574758e-33
3.475375660500502e-34
2.4625294732505866e-35
1.1629007944567835e-36
3.660036744666591e-38
7.677322281067332e-40
4.66079694928969e-41
4.971495948107935e-43
3.5342359872066326e-45
1.6745015269547525e-47
5.287581802210307e-50
1.1127822734930815e-52
1.5607913391638975e-55
1.4590193187898723e-58
9.089893323620448e-62
3.774314441383021e-65
1.0444770920095137e-68
0.0
0.0
0.0
0.0
0.0
0.0
0.0
0.0
0.0
0.0
0.0
0.0
0.0
0.0
0.0
0.0
0.0
0.0
0.0
0.0
0.0
0.0
0.0
0.0
0.0
0.0
0.0
0.0
0.0
0.0
0.0
0.0
0.0
0.0
0.0
0.0
0.0
0.0
0.0
0.0
0.0
0.0
0.0
0.0
0.0
0.0
0.0
0.0
0.0
0.0
0.0
0.0
0.0
0.0
0.0
0.0
0.0
0.0
0.0
0.0
0.0
0.0
0.0
0.0
0.0
0.0
0.0
0.0
0.0
0.0
0.0
0.0
0.0
0.0
0.0
0.0
0.0
0.0
0.0
0.0
0.0032200439241226895
0.02284159044807466
0.10798723790979207
0.34025151983408053
0.7145115652869909
1.0
0.9327650937223848
0.5798639625062169
0.2402489513647897
0.06634045268928263
0.012208910466018132
0.0014974658782167041
0.000295060549028872
1.8403217243202824e-05
7.649937864587644e-07
2.1193545214387717e-08
3.913189341322745e-10
4.8154808635866755e-12
3.9493898795506985e-14
2.1587477838263208e-16
7.8642144663562e-19
1.909371082503505e-21
3.0896329012613248e-24
3.331999823833599e-27
2.394884683726674e-30
1.1472175744877555e-33
3.662591848856653e-37
7.793145879393885e-41
0.0
0.0
0.0
0.0
0.0
0.0
0.0
0.0
0.0
0.0
0.0
0.0
0.0
0.0
0.0
0.0
0.0
0.0
0.0
0.0
0.0
0.0
0.0
0.0
0.0
0.0
0.0
0.0
0.0
0.0
0.0
0.0
0.0
0.0
0.0
0.0
0.0
0.0
0.0
0.0
0.0
0.0
0.0
0.0
0.0
2.5245955450611542e-05
0.0002134602942339543
0.0012028845426042874
0.004517647413006607
0.011307908078619432
0.018863998553006564
0.02097330089782525
0.01554108618667778
0.007674984347825958
0.0025261269734453053
0.0005541334948611555
8.101308605380852e-05
7.893643317851264e-06
5.126032660344394e-07
2.2185375695196068e-08
6.399318920309442e-10
4.8041061235440736e-11
7.046640890744575e-13
6.888635969087693e-15
4.4881346572403236e-17
1.948857435041452e-19
5.639957225439947e-22
1.0878101289054492e-24
1.3983372749831402e-27
1.1979875898134949e-30
6.8402858642609354e-34
2.603021364872986e-37
6.601806056326173e-41
0.0
0.0
0.0
0.0
0.0
0.0
0.0
0.0
0.0
0.0
0.0
0.0
0.0
0.0
0.0
0.0
0.0
0.0
0.0
0.0
0.0
0.0
0.0
0.0
0.0
0.0
0.0
0.0
0.0
0.0
0.0
0.0
0.0
0.0
0.0
0.0
2.1017271903750005e-33
1.4445719411698223e-32
6.617341616799269e-32
1.4568471962853249e-31
3.3936024384297872e-31
5.268530179567042e-31
5.45129304813826e-31
3.7591628019442043e-31
1.7276839075555763e-31
5.291989693845252e-32
1.0803270231150829e-32
1.4698500708286937e-33
1.3328227094364628e-34
8.054772493893696e-36
3.2442605153847443e-37
8.708827969542423e-39
1.5580638483164204e-40
1.857771679081826e-42
1.4763215979585149e-44
7.818998987898631e-47
2.759960640440765e-49
6.492861943091418e-52
1.0180075449002327e-54
1.0637691052819196e-57
7.408414918266217e-61
3.4386246356534935e-64
1.0637162435204326e-67
2.1930491258327406e-71
0.0
0.0
0.0
0.0
0.0
0.0
0.0
0.0
0.0
0.0
0.0
0.0
0.0
0.0
0.0
0.0
0.0
0.0
0.0
0.0
0.0
0.0
0.0
0.0
0.0
0.0
0.0
0.0
0.0
0.0
0.0
0.0
0.0
0.0
0.0
0.0
0.0
0.0
0.0
0.0
0.0
0.0
0.0
0.0
0.0
0.0
0.0
0.0
0.0
0.0
0.0001502758459808136
0.0012638988602764465
0.0070846273456530015
0.017843813022597355
0.050862175610719325
0.09662371925905852
0.1223359548362601
0.1032300243501412
0.05805498159974025
0.021759780087366808
0.0054356446855288515
0.0009049595485237226
0.00010041274081063075
7.4255738970534505e-06
3.6597614273401136e-07
1.2021456099723403e-08
2.6317396418011906e-10
3.839815151433231e-12
3.733870589029179e-14
2.419857286880757e-16
1.0452057592387252e-18
3.0088142863394574e-21
5.772587444323306e-24
7.38120882750923e-27
6.291147882125022e-30
3.691077941145782e-33
1.1371308019805329e-35
5.6503716450001674e-37
6.62587805610799e-38
1.8990562338213336e-39
3.627552942142373e-41
4.6181841037453445e-43
3.9184135795712874e-45
2.215801499109464e-47
8.35089415249479e-50
2.097570924510941e-52
3.511412719605122e-55
3.917677205556828e-58
2.9131105743321038e-61
1.4436663634443909e-64
4.768241619090988e-68
1.1143530047102396e-34
1.0096636553620224e-33
6.0969440051399685e-33
2.453743927005595e-32
6.581544426722372e-32
1.1765433808923798e-31
1.401746953024231e-31
1.1130453120033562e-31
5.890302747132987e-32
2.0775138964860002e-32
4.8835069044899313e-33
7.6507008840494345e-34
1.7921998304301567e-34
4.736869339449036e-34
3.261457042212812e-33
1.5419627854526234e-32
4.8597748374585386e-32
1.020800064746108e-31
1.4290478915469612e-31
1.3333201003157977e-31
8.290937042319679e-32
3.436009504717841e-32
9.490446469274637e-33
1.747030469477138e-33
2.1433636604634366e-34
1.7525595961606255e-35
9.550613613775826e-37
3.4687364472287734e-38
8.396395363552396e-40
1.3545530074155513e-41
1.2940694761789787e-34
1.2174281349929793e-33
7.633269987495874e-33
3.189770675888548e-32
8.883617418678532e-32
1.648928335100379e-31
2.039836051604154e-31
1.6817842985253495e-31
9.241168137760275e-32
4.94840744000487e-32
1.3826893255112995e-32
2.574929347620326e-33
3.195858721831605e-34
2.643573415301238e-35
1.4573931617249675e-36
5.354804593205689e-38
1.3112698489294167e-39
2.1400408894902915e-41
2.327735423951138e-43
1.6874336618076198e-45
8.152697888847269e-48
2.6251706379033294e-50
5.633720218008747e-53
8.057764318597504e-56
7.680958065754216e-59
4.879752281473234e-62
2.0661493249201705e-65
5.830518581654808e-69
0.0
0.0
0.0
0.0
0.0
0.0
0.0
0.0
0.0
0.0
0.0
0.0
0.0
0.0
0.0
0.0
0.0
0.0
0.0
0.000696753061007577
0.00462610150559245
0.020470713420587358
0.06037155292401675
0.11866243726343574
0.15544463214756774
0.13571246626047195
0.078966939125398
0.030623329988330457
0.007914820540455699
0.0013633622927979674
0.0001565175469290796
1.1975573902982916e-05
1.7227386486822394e-06
6.702784856953216e-08
1.738091800816279e-09
3.003804683305996e-11
3.4598097441915393e-13
2.6559157420746615e-15
1.3588074423103688e-17
4.633221776058603e-20
1.0529065054712035e-22
1.5946966333850863e-25
1.6097109336355803e-28
1.0829271914805356e-31
4.855480022374011e-35
1.45093057547495e-38
2.8896326914830815e-42
0.0
0.0
0.0
0.0
0.0
0.0
0.0
0.0
0.0
0.0
0.0
0.0
0.0
0.0
0.0
0.0
0.0
0.0
0.0
0.0
0.0
0.0
0.0
0.0
0.0
0.0
0.0
0.0
0.0
0.0
0.0
0.0
0.0
0.0
0.0
0.0
0.0
0.0
0.0
0.0
0.0
0.0
0.0
0.0
0.0
0.0
0.0
0.0
0.0
2.6698042382352225e-35
1.9582355121618783e-34
9.572645459255756e-34
3.118750084011963e-33
6.771902914563644e-33
9.799917507382155e-33
9.451824842954088e-33
6.075617970537935e-33
2.7655075798981452e-33
1.9976686788976013e-33
6.589258759616844e-33
2.210499505604835e-32
5.044333589400531e-32
6.984643869907957e-32
8.133659991741011e-32
6.377948398707773e-32
3.480353284317394e-32
1.484533016467141e-32
6.296096360725793e-33
2.8988615738995558e-33
1.1591129090097206e-33
3.354574963042235e-34
6.604302778265456e-35
8.707009031757918e-36
7.658914717137671e-37
4.491127902871923e-38
1.7552941188404544e-39
4.572266791333837e-41
7.93772529418323e-43
9.184222747683607e-45
7.082235546595626e-47
3.639819847024081e-49
1.7367991374067896e-34
1.6243065918257464e-33
1.0124369037849719e-32
4.205808316283418e-32
1.1776423556218226e-31
2.253325016929295e-31
3.195354908523647e-31
3.7595824559546787e-31
5.109240108551467e-31
7.06626435057129e-31
7.852037801978739e-31
6.1358237144930085e-31
3.238028025782364e-31
1.142413104247083e-31
2.6882112345892883e-32
0.00015794309382201175
0.0012847844873137698
0.006965326452257641
0.025167160317649605
0.0606050067050959
0.09726673541292388
0.10404033074516113
0.07416869825295902
0.03523880216211183
0.011158431877079069
0.0023548689507184827
0.00033121642768914306
3.104835120510088e-05
1.9397544818662754e-06
8.07674801969428e-08
2.24134056829623e-09
4.145345355639057e-11
5.109696823198446e-13
2.1763008701657723e-14
1.3641305352730686e-16
5.698682661697805e-19
1.5866259918550298e-21
2.9441247206458843e-24
3.6409892056660945e-27
3.0009870898109324e-30
1.648505540065343e-33
6.035291389489281e-37
1.4726095865124808e-40
0.0
0.0
0.0
0.0
0.0
0.0
0.0
0.0
0.0
0.0
0.0
0.0
0.0
0.0
0.0
0.0
0.0
0.0
0.0
0.0
0.0
0.0
0.0
0.0
0.0
0.0
0.0
0.0
0.0
1.3168077904674142e-35
1.1792954355772284e-34
7.038893530960674e-34
2.8000624848226127e-33
7.423566408158571e-33
1.3117135989712297e-32
1.5447101220688675e-32
1.2123737146076728e-32
6.864864980217301e-33
6.307586844288211e-33
2.1895316041840366e-32
7.44543356400754e-32
1.3630387525577949e-31
2.4106819123175457e-31
2.84188450177373e-31
2.2328361624044308e-31
1.1692003714208066e-31
4.080398553465154e-32
9.490689685378384e-33
1.4712094657831396e-33
1.519962227909744e-34
1.046580476309525e-35
4.8027945625236464e-37
1.4689159274683368e-38
2.9942042174217527e-40
4.067686215803954e-42
3.682943174074121e-44
2.2224097840632865e-46
8.937885997496974e-49
2.3956701947447854e-51
4.279576525860901e-54
5.0951398843911224e-57
4.0428997752802275e-60
2.1380181451620867e-63
7.535487372747973e-67
1.77007983406146e-70
0.0
0.0
0.0
0.0
0.0
0.0
0.0
0.0
0.0
0.0
0.0
0.0
0.0
0.0
0.0
0.0
0.0
0.0
0.0
0.0
0.0
0.0
0.0
0.0
0.0
0.0
0.0
0.0
0.0
0.0
0.0
0.0
0.0
0.0
0.0
0.0
0.0
0.0
0.0
0.0
0.0
0.0
0.00011498639200374141
0.0008281409258320832
0.003975059156663996
0.012716409154700634
0.027112336002959155
0.038525734847931155
0.036485178279054765
0.023028389279700093
0.009687064693152371
0.0027158287786997384
0.0005074510088392898
0.0001323801299666135
1.2578160079915588e-05
7.965132052482342e-07
3.361633717894246e-08
9.455605622112846e-10
1.7725963775068217e-11
2.2146847382603628e-13
1.8441469153451558e-15
1.0234359500770188e-17
3.785361566151218e-20
9.331159574788105e-23
0.00014661047191204756
0.001234951930032498
0.006932927568167435
0.025939692343034004
0.06468365125748782
0.10749933588169323
0.11906896641423727
0.08789677370981867
0.0432442961887825
0.01417967511201555
0.00309874097955687
0.0004513212880978289
4.380946106324664e-05
2.8342068960159657e-06
1.2220155671898327e-07
1.1993365170799205e-08
2.6295947589228177e-10
3.842537742685009e-12
3.742217338916805e-14
2.4289659095908214e-16
1.0507402785814796e-18
3.0293600225256317e-21
5.820870646472865e-24
7.454318952820767e-27
6.391088756365805e-30
2.6481138541467146e-32
1.2055950297603097e-32
4.236124824393966e-33
0.00017748878756988656
0.0014554703008402563
0.007954581236512772
0.02897429270076404
0.07033798340608732
0.11380164266985261
0.12271246980338929
0.088188186429938
0.042239004503038774
0.013483371013142164
0.0028685659818973846
0.00040673612896494196
3.843635592414744e-05
6.3649652461165725e-06
3.058637947156596e-07
9.795839395313723e-09
2.0909169739072387e-10
2.974496542366429e-12
2.8201466776170412e-14
1.7820154844975657e-16
7.504690706776234e-19
2.1063749010921647e-21
3.940216564044487e-24
4.912313346025101e-27
4.081629491946489e-30
2.260282096431544e-33
8.34205903532737e-37
2.0519436072654973e-40
0.0
0.0
0.0
0.0
0.0
0.0
0.0
0.0
0.0
0.0
0.0
0.0
0.0
0.0
0.0
0.0
0.0
7.440141479506012e-35
6.9194255688346455e-34
4.288845861635812e-33
1.7717089645978918e-32
4.877821181259079e-32
8.950368495137559e-32
1.0945547876878517e-31
8.921043193202073e-32
4.845909815262351e-32
1.7543512917368557e-32
4.232913002671028e-33
6.806810695566402e-34
7.295071464042322e-35
5.2107108833207225e-36
2.480538382423072e-37
7.870031562922872e-39
1.6641349624782242e-40
2.3452123039254806e-42
2.2027100395353323e-44
7.826632995874689e-46
3.738115508514561e-48
1.1899042419643045e-50
2.524369107095622e-53
3.569235869282385e-56
3.363405183133867e-59
2.112344156331522e-62
8.841617326069491e-66
2.4664953392888274e-69
0.0
0.0
0.0
0.0
0.0
0.0
0.0
0.0
0.0
0.0
0.0
0.0
0.0
0.0
0.0
0.0
0.0
0.0
0.0
0.0
0.0
0.0
0.0
0.0
0.0
0.0
0.0
0.0
0.0
0.0
0.0
0.0
0.0
0.0
0.0
0.0
0.0
0.0
0.0
0.0
0.0
0.0
0.0
0.0
0.0
0.0
0.0
0.0
0.0
0.0
0.0
0.0
0.0
0.0
0.0
0.0
0.0
0.0
0.0
0.0
0.0
3.982807467895544e-34
2.9453416067332468e-33
1.4516555546226006e-32
4.768403918979262e-32
1.0439123617792574e-31
1.5231286694907476e-31
1.4811215245061668e-31
1.1603641089084785e-31
5.737873483792524e-32
1.8909898476050038e-32
4.1534498829016415e-33
6.080094088056001e-34
5.931891156024188e-35
3.857070663370526e-36
2.9682118296733424e-34
2.1283283538956857e-33
1.0176690931941812e-32
3.243075540742943e-32
6.887935895456462e-32
9.749956466470858e-32
9.198093178918391e-32
5.783283485995879e-32
2.4234424210815752e-32
6.849052321669099e-33
1.8716028487345298e-33
3.2414906354374924e-33
1.0381620446845333e-32
2.322513835254456e-32
3.466949888063898e-32
3.4493005146993447e-32
2.2871590248004387e-32
1.0107488279938741e-32
2.9769509521801208e-33
1.0518605358691463e-33
1.5753939547018023e-34
1.5725401260514417e-35
1.046154543684664e-36
4.6384353030214737e-38
1.3706567507717074e-39
2.699401367678868e-41
3.5431355374808817e-43
3.09948555372632e-45
1.8070618412993106e-47
7.021630344350257e-50
1.818379209815147e-52
3.1384303908315295e-55
3.6101237744421275e-58
2.7676631526758674e-61
1.414118876971998e-64
4.815486345530248e-68
5.606686581546074e-35
4.60796308764594e-34
2.524022673035472e-33
9.214230247788456e-33
2.241849308376615e-32
3.6352586953001336e-32
3.928672030648305e-32
2.8296829386975024e-32
1.3583488697674467e-32
6.64703377425853e-33
1.622572141853958e-33
2.6397432814876e-34
2.862206208102265e-35
2.0683388702065044e-36
9.961483415159417e-38
3.197480370191259e-39
6.840270965258916e-41
9.75259687516654e-43
9.267205386115606e-45
5.868928947486759e-47
2.477139493457787e-49
6.968248392123737e-52
1.3064064962246914e-54
1.6323549011402438e-57
1.3593534443521712e-60
7.544522265527418e-64
2.7906967420800976e-67
6.879788612537145e-71
0.0
0.0
0.0
0.0
0.0
0.0
0.0
0.0
0.0
0.0
0.0
0.0
0.0
0.0
0.0
0.0
0.0
0.0
0.0
0.0
0.0
0.0
0.0
0.0
0.0
0.0
0.0
0.0
0.0
0.0
0.0
0.0
0.0
0.0
0.0
0.0
0.0
0.0
0.0
0.0
0.0
0.0
2.1767074784017336e-35
1.524842683525556e-34
7.119205993511292e-34
2.2152340930035397e-33
4.593981502390227e-33
6.349512841470478e-33
5.848885475757194e-33
3.590768261144488e-33
1.4692076670495398e-33
2.316272127427664e-05
0.00019330534350119703
0.0010751763072448903
0.003985630743249499
0.009846819631863034
0.01621348797277482
0.01779256138429035
0.015109404416963441
0.008431637855622063
0.0031358703051428375
0.0007772948466265157
0.00012840887241381444
1.4137929917468656e-05
1.0374284765615377e-06
5.0735512694089596e-08
1.6536648305225392e-09
3.592232808260861e-11
5.200714438175217e-13
5.018143650783085e-15
3.227042751064343e-17
1.3830818957386996e-19
3.9506869921521114e-22
7.521058222934204e-25
9.543718082040625e-28
9.170326462032925e-31
1.0037212613211253e-31
7.956738101528672e-32
4.860947209331727e-32
2.0868975326024393e-32
0.0002064635584566262
0.0013744565495536945
0.0060981790296050055
0.013142575088676656
0.029651877848271353
0.04458671600242668
0.04468279359872605
0.029843977068896903
0.013284787922443529
0.003941251073706884
0.0007792828642339129
0.00010269225706259765
9.019071298376506e-06
5.279192389076721e-07
2.0594663792676502e-08
5.354556086483272e-10
9.278414831097592e-12
1.0715332390468166e-13
8.247437962618705e-16
4.2307173904265624e-18
1.4464070237524308e-20
3.295706865173817e-23
5.004816737407195e-26
5.065348498581205e-29
3.416740767463341e-32
1.5360179004657319e-35
4.602163804776847e-39
9.189871021569457e-43
0.0
0.0
0.0
0.0
0.0
0.0
0.0
0.0
0.0
0.0
0.0
1.7245997233862923e-05
0.00011513315667946736
0.0005122642642593963
0.001519040163627316
0.0030021058544920758
0.003954251556454751
0.003471235952409071
0.0020308859001169776
0.000791896569841653
0.00020579411313739266
3.564338823943328e-05
4.114400490090531e-06
3.1653059430732915e-07
1.6229546011520553e-08
5.545983817183159e-10
1.263084403998972e-11
8.100324477929117e-13
9.381208123285448e-15
7.240968765975364e-17
3.7249129299066737e-19
1.2770771227486321e-21
2.9180966558295506e-24
4.443894794677437e-27
4.510341368485051e-30
3.0509606467182094e-33
1.3754517465080763e-36
4.1327198342897626e-40
8.275908682923747e-44
5.2058096319294167e-51
1.1532894458790768e-53
1.7028245424025966e-56
1.6756489254846146e-59
1.098949439900382e-62
4.803457359772838e-66
1.3993028408673312e-69
2.716758534493076e-73
0.0
0.0
0.0
0.0
0.0
0.0
0.0
0.0
0.0
0.0
0.0
0.0
0.0
0.0
0.0
0.0
6.324552723861303e-35
5.421492017308348e-34
3.0973435298418506e-33
1.1793466500759347e-32
2.9927823064693424e-32
5.061629185992826e-32
5.705412796904344e-32
4.2861302671275274e-32
2.1459777209000847e-32
7.16088335848895e-33
1.592537027218598e-33
2.360445762649101e-34
2.331739668715654e-35
1.53513878694691e-36
6.735917765328485e-38
6.688525560547867e-39
1.4923892193388728e-40
2.21929667959052e-42
2.1995314282216274e-44
1.4528692380370747e-46
2.8717682535114188e-05
0.00024090818575742248
0.0013468997491778763
0.005018807464410768
0.012463710320126862
0.02062888269175053
0.02275545972840542
0.01672927306147103
0.008196908252540635
0.0026767303699484555
0.0005825600876674463
8.450032428979857e-05
8.16878700987683e-06
5.263059958329561e-07
2.259959263600529e-08
6.467619360542385e-10
1.233587165018032e-11
1.5681109227256093e-13
1.3285113403524095e-15
3.3224530759039874e-05
0.00023478391080908404
0.0006900949407102139
0.002479824236373962
0.00593901613516336
0.00947959227337388
0.010084313990273984
0.007149647152394863
0.003378348179608439
0.0010639121110823427
0.00022329996078555137
3.123583277200947e-05
2.912051689526282e-06
1.8093668040472124e-07
7.492654466541579e-09
1.534181520798694e-05
0.00012905775153341522
0.0007235671106240707
0.0027036788421937077
0.006733066984722639
0.011175123104101303
0.012361558971419316
0.009113301159271905
0.004477749021806279
0.0014663083959101644
0.0003200165530911596
4.654800937259668e-05
4.512438866978011e-06
7.60067804626857e-07
3.7468398910239e-08
1.2310040507304096e-09
2.695475426433792e-11
3.933623772952888e-13
3.825884114875094e-15
2.4800038250086604e-17
1.0714068983465191e-19
3.0848785737467793e-22
5.919748526840649e-25
7.570943241170353e-28
6.45324674042673e-31
3.665963184925743e-34
1.3879680722451023e-37
3.502292394338126e-41
0.0
0.0
0.0
0.0
0.0
0.0
0.0
0.0
0.0
0.0
0.0
0.0
0.0
0.0
0.0
0.0
0.0
0.0
0.0
9.127703667933064e-06
7.953218417154683e-05
0.0004618551971908192
0.0017875175265534538
0.00461080048982084
0.007926544474147406
0.009081822696593987
0.006934955608075869
0.003529359518550044
0.0011970978833240598
0.00027061070574970066
4.077010529905533e-05
4.0937398498060115e-06
2.7395560865887146e-07
1.221860709959837e-08
3.631990901210714e-10
7.1953073883790184e-12
4.20487683009207e-13
4.236043969505892e-15
2.844128328154988e-17
1.2726807197218297e-19
3.795520049789105e-22
7.544051824342903e-25
9.993545280210337e-28
8.82299542799718e-31
5.1915145075478815e-34
2.0358868534419683e-37
5.321018294949691e-41
0.0
0.0
0.0
0.0
0.0
0.0
0.0
0.0
0.0
3.05309250093035e-34
2.239357218993686e-33
1.0946829148409964e-32
3.566439415732115e-32
7.743956595303159e-32
1.120656507768169e-31
1.1444050945381341e-31
8.421548811363971e-32
4.130339075561397e-32
1.3500846207397193e-32
2.9411543888459253e-33
4.270278528787109e-34
4.132150505121806e-35
4.112114259252673e-05
0.0003315192870824228
0.001781287311423267
0.006378825137762387
0.01522400675341795
0.02421579810022058
0.025671435499647025
0.018137735726241083
0.008540779966756782
0.002680362574234756
0.0005606232507508245
7.815022154761805e-05
7.260572559336688e-06
4.495656022785848e-07
1.8552260225078984e-08
5.10248960149488e-10
9.352957857303562e-12
1.1426083009813351e-13
4.837606062663694e-15
3.005256032193536e-17
1.2442682042783126e-19
3.433429050867082e-22
6.314278013972332e-25
7.739285539033865e-28
6.322074201639457e-31
3.441912750640909e-34
1.248882914547727e-37
3.0201384275336137e-41
6.883005210031205e-49
2.5009698493044126e-51
6.05648104103422e-54
9.774933605992296e-57
1.051450467862414e-59
7.53781317323484e-63
3.6015004043889067e-66
5.484256803907584e-36
4.305319002827291e-35
2.252549988372244e-34
7.854618340021321e-34
1.8807355077358522e-33
3.237987467461331e-33
4.949906490846053e-33
8.704264996969056e-33
1.563266826845912e-32
2.0282428418567795e-32
2.227347972627513e-32
1.652457973627215e-32
8.237158731707142e-33
3.0761873165972394e-33
2.675499854345493e-33
7.940870362329222e-33
1.9786031321625707e-32
3.319603958701678e-32
3.713381946874895e-32
1.2502764977196885e-05
0.0001109976952189709
0.0006567550226911146
0.002589848697709399
0.0068065483038037295
0.011922326669001582
0.013917994217771066
0.010828637972081525
0.005615036262309276
0.0019404964134485162
0.00044694560562797737
6.8608519388379e-05
7.0191249051828925e-06
4.785964165791119e-07
2.1748908321890455e-08
6.586990404680656e-10
5.1084318391608903e-11
7.867554346694409e-13
8.075574877059179e-15
5.524445495884605e-17
2.518752452053905e-19
7.653565928352642e-22
1.5499716121017738e-24
2.0921231702438287e-27
1.9600381364877525e-30
3.9429253090471266e-32
1.2699483657619865e-32
3.635404073137539e-33
3.0316289350400705e-33
5.076131340871883e-33
6.414661432254227e-33
5.439215193943488e-33
3.0748899225718612e-33
1.1585425921652797e-33
2.9092186714467086e-34
4.86880403925505e-35
5.430624487360792e-36
4.037000470873442e-37
2.0000892459966351e-38
6.604219476370273e-40
1.4533665775788298e-41
2.1316229526982925e-43
1.0194550015251364e-44
7.603365370168159e-47
3.779420446232774e-49
1.2520627761978644e-51
2.7644487839154486e-54
4.067921284820569e-57
3.9894964334252635e-60
2.6076252027865835e-63
1.1359358518657105e-66
3.297949428878443e-70
6.3813964311468665e-74
0.0
0.0
0.0
0.0
0.0
0.0
0.0
0.0
0.0
0.0
0.0
0.0
0.0
0.0
0.0
0.0
0.0
0.0
0.0
0.0
0.0
0.0
0.0
0.0
0.0
0.0
0.0
0.0
0.0
0.0
0.0
0.0
1.5774724645110388e-34
1.0040209003056185e-33
4.258976736750741e-33
1.2040633312873176e-32
2.2686888748135388e-32
2.848932111612366e-32
2.3843544004959503e-32
1.3299676059758095e-32
7.193199300138014e-33
2.04030422582567e-33
3.856997105677279e-34
4.859429043948837e-35
4.080399872654915e-36
2.2835038796661897e-37
8.516915343573973e-39
2.117115029855698e-40
3.507422861126398e-42
3.8726954883870965e-44
2.849837644988381e-46
1.397682207387004e-48
1.4311155009770291e-05
0.00010376024228023439
0.0005013820904455801
0.0016146864637562623
0.003465685429452799
0.0049576016150896865
0.004726456410254445
0.0030031791317507183
0.0012717693853226493
0.0003589360201829646
6.751608763566554e-05
8.464066006231582e-06
7.071838970208328e-07
3.937923115366186e-08
4.583437769500097e-09
1.297862813559214e-10
2.4493327379725007e-12
3.080692375351428e-14
2.5824411195496484e-16
1.4427599263788615e-18
5.372040299003258e-21
1.3331100455786e-23
2.2048258311885487e-26
2.4303237099467518e-29
1.7853999057864157e-32
8.741549867136911e-36
1.2779225439738824e-35
1.1686157061214057e-34
7.123893208358148e-34
2.894307250614788e-33
7.837064351459169e-33
1.4143071642090265e-32
1.7010442762832687e-32
1.3635436424279743e-32
7.284571591506826e-33
2.593704747999318e-33
6.154866060662725e-34
9.734154253229278e-35
1.0260284184794149e-35
1.8274031132769698e-36
9.794857150504733e-38
3.4989956362780975e-39
8.330484167802014e-41
2.2399720418793607e-05
0.00016135153894441775
0.0007746137012054892
0.0024784421424901538
0.005285108942270556
0.0075112229131937365
0.007114574084672439
0.00449126529766195
0.0018896007865121197
0.0005298500269977719
9.90187429778445e-05
1.2332848737166087e-05
1.0237430094361926e-06
5.663697399074157e-08
2.0882893923861845e-09
5.131719045760698e-11
8.404591476215859e-13
9.173855469713563e-15
6.673731457136559e-17
3.235691505926616e-19
1.0455553742750238e-21
2.251689573594599e-24
2.997209030587274e-26
3.282326351131399e-29
2.3963592287795393e-32
1.227964567185843e-35
4.1606520449057214e-38
1.523808349349787e-39
4.086556628979184e-41
7.308007032767477e-43
8.710075909197858e-45
6.91873141231839e-47
3.662794481277562e-49
1.2923500949215316e-51
3.038990588735005e-54
4.76277515444175e-57
4.974762499311451e-60
3.46310909181709e-63
1.606724963675593e-66
4.968192997824775e-70
1.0238513885482948e-73
0.0
0.0
0.0
0.0
0.0
0.0
9.029718578795546e-35
3.960243154110562e-34
2.593848443556673e-33
1.1322671052554852e-32
3.294084472011714e-32
6.387076553639954e-32
8.253745231907266e-32
7.108558559873897e-32
4.0803139461650616e-32
1.5609434229553852e-32
3.9798095772747495e-33
6.762682084762688e-34
7.658737748940653e-35
5.7806539773988686e-36
2.9078921645291127e-37
9.749024657237974e-39
2.1783396100242207e-40
3.2439306157528196e-42
1.1588206210584528e-34
7.6847758919636025e-34
3.396469720606466e-33
1.0004740667250341e-32
1.9641084881993297e-32
2.5698433890919714e-32
2.2409356753519836e-32
1.3023678653049448e-32
5.0445159711672714e-33
2.1394932195949227e-33
4.214046507297751e-34
5.531835821695487e-35
4.8397261517767754e-36
2.8219794240807785e-37
1.096651016274815e-38
2.8403025007820247e-40
4.902778750591244e-42
5.640291404080489e-44
2.8044545565960814e-05
0.0001983485884457915
0.0009349564228016635
0.0029372111815485417
0.006149793377390154
0.008581583335842989
0.007980973564402881
0.004946817272060865
0.002043513037653108
0.000562613961856496
0.00010323456834411462
1.2624707800818635e-05
1.028961374299824e-06
5.589312059882593e-08
2.023481281018477e-09
4.882267523277428e-11
3.253898642706105e-12
3.9923534464898725e-14
3.264641469449986e-16
1.7791950080880748e-18
6.462389913638887e-21
1.564387412248813e-23
8.582469816109063e-06
5.530195005482051e-05
0.00023749263976367827
0.0006797377851279013
0.0012966244824743514
0.0016484226422910093
0.0013967043093853979
0.0007887183102613423
0.0002968389737379217
7.44563029318298e-05
1.2446967698580587e-05
1.3867788365413797e-06
1.0297514124590653e-07
5.096114010898826e-09
1.6808440568861623e-10
3.694853798465414e-12
5.4131323078630115e-14
5.28544519790274e-16
3.43950586508647e-18
1.4917363847649986e-20
3.166578764541429e-22
6.9837535263233195e-25
1.0265238887183224e-27
1.0056127371697571e-30
6.565593927476122e-34
2.856924873099455e-37
8.285241459693131e-41
1.601375085986282e-44
0.0
0.0
0.0
0.0
0.0
0.0
0.0
0.0
0.0
0.0
0.0
0.0
0.0
0.0
0.0
0.0
0.0
0.0
0.0
0.0
0.0
0.0
0.0
0.0
0.0
0.0
0.0
0.0
0.0
0.0
0.0
0.0
0.0
0.0
0.0
0.0
0.0
0.0
0.0
0.0
0.0
7.779617786847548e-35
5.667656387765423e-34
1.700074188913678e-33
6.298189245261631e-33
1.555052609450918e-32
2.558915912323665e-32
2.806393020934864e-32
2.0512685269357498e-32
9.992590488437097e-33
3.2442567062368956e-33
7.0199477644027735e-34
1.0123579512470743e-34
4.619461143360102e-06
3.811834217924557e-05
0.00020963231888678635
0.0007683587134299024
0.0018769441548309965
0.0030557669527095945
0.0033156650896462017
0.0023977429995582643
0.0011556229415832307
0.00037120278537320956
7.946718808642845e-05
1.1338249611632425e-05
1.078166242111732e-06
6.832930350948594e-08
2.8860895763542222e-09
8.124453677430007e-11
6.000921338656185e-12
8.590231637762207e-14
8.195460546501316e-16
5.2110279330885234e-18
2.2082843090966845e-20
6.236890513439726e-23
1.1739856867977623e-25
1.4727839138631147e-28
1.231393367968608e-31
7.779485931134732e-35
7.772383122341404e-35
4.384264043249319e-34
1.648781686623276e-33
4.1324838279846566e-33
6.903045223456892e-33
7.685140693493315e-33
5.702226642025518e-33
2.8262315369095473e-33
9.735133209187674e-34
4.0641438436329095e-34
6.786978435156788e-34
1.5348490247210965e-33
3.3186859973152894e-33
7.840651989722339e-33
1.7306592281655245e-32
2.874503863819188e-32
3.282528381380323e-32
2.8803883083151896e-32
1.6894180133099983e-32
6.608425133212379e-33
1.7230915684282377e-33
2.9944429355466825e-34
3.468238246385689e-35
2.6772208516891195e-36
1.377340185425959e-37
1.947707308318038e-05
0.00013684411345065762
0.0006407816922066354
0.001999749596715491
0.0041593233956105135
0.005765690264407113
0.005326739710140848
0.0032798440262669843
0.0013459423396112973
0.0003681130950238596
6.709924402821189e-05
8.151462512165111e-06
6.599864088525178e-07
3.561360987253023e-08
1.280791833733953e-09
3.069888846792407e-11
2.036977562401143e-12
2.4827496346929455e-14
2.0167922152121817e-16
1.0918700014169178e-18
3.939691905423485e-21
9.474038262269643e-24
5.183786026676862e-08
4.84035351546371e-07
3.0122335722615582e-06
1.2493431955106643e-05
3.4534757851522035e-05
6.362277723091076e-05
7.811786739178623e-05
6.392484484057314e-05
3.486346389941277e-05
1.2672226742913443e-05
3.069848079422334e-06
4.95635471624866e-07
5.333219094189016e-08
3.824705659132404e-09
1.8280503769535365e-10
5.82317509880854e-12
1.2362693064912182e-13
1.7492338494532755e-15
1.649545148705954e-17
1.0367214615310958e-19
2.818133336597317e-21
9.006623322701864e-24
1.9184214016189648e-26
2.723375772801178e-29
2.5766336651226615e-32
1.6247230135137386e-35
6.827906032805916e-39
3.556946550351307e-35
2.7159114749748426e-34
1.3820872241736408e-33
4.687452102397737e-33
1.0595459159122777e-32
1.596188835339047e-32
1.6026190615673303e-32
1.0724026717221686e-32
4.782632589090403e-33
1.421535463207807e-33
2.8159823374421715e-34
3.717780135277085e-35
3.2712898555224284e-36
1.918385571478292e-37
7.497808086248287e-39
1.9530541692416383e-40
3.3905941311316673e-42
3.923005086171804e-44
3.025126114166387e-46
9.424552839452649e-48
3.6956254347132483e-50
9.658211006601497e-53
1.682236220051223e-55
1.952804727585324e-58
5.9752473002961956e-36
5.593173933971324e-35
3.4893321656314965e-34
1.4508010157910815e-33
4.0202673627435676e-33
7.424779656033643e-33
9.151459658038283e-33
7.592435794837548e-33
1.1628474187368822e-08
1.068155254987231e-07
6.539244531316643e-07
2.668101349390723e-06
7.2553541354957245e-06
1.3149112960885287e-05
1.5882389611295373e-05
1.2785472512952541e-05
6.859607530759212e-06
2.4528065780565343e-06
5.845327977728375e-07
9.28401886609321e-08
9.827537114554554e-09
1.7552999412922818e-09
9.44849411598414e-11
3.389654265879553e-12
8.10456591596999e-14
1.2914739841080674e-15
1.37158622066929e-17
9.70827596576732e-20
4.579759379907036e-22
1.4398749047269676e-24
3.0171025965198356e-27
4.218129901697093e-30
5.19614136260492e-33
2.3176217034076984e-34
2.7501383793027645e-35
2.1978540726454536e-36
1.1706861523929235e-37
4.155886819837798e-39
9.83260267444148e-41
1.550439473587935e-42
1.6293811649101482e-44
1.1412272018616568e-46
5.327250098056153e-49
1.657355239201576e-51
3.436447181611959e-54
4.748815414848091e-57
4.702583975956551e-59
3.3045684777819975e-62
1.5476562295808655e-65
4.830763683174193e-69
1.0049365301262399e-72
0.0
0.0
0.0
0.0
0.0
0.0
0.0
0.0
0.0
0.0
0.0
0.0
0.0
0.0
0.0
0.0
0.0
0.0
0.0
0.0
0.0
0.0
0.0
0.0
0.0
0.0
0.0
0.0
0.0
0.0
0.0
0.0
0.0
0.0
0.0
0.0
0.0
0.0
0.0
0.0
0.0
0.0
0.0
0.0
0.0
0.0
0.0
0.0
0.0
0.0
0.0
0.0
0.0
0.0
0.0
0.0
0.0
0.0
0.0
0.0
0.0
0.0
0.0
0.0
0.0
0.0
0.0
0.0
0.0
0.0
0.0
0.0
0.0
0.0
0.0
0.0
0.0
0.0
0.0
0.0
0.0
0.0
0.0
0.0
0.0
0.0
0.0
0.0
0.0
0.0
0.0
0.0
0.0
0.0
0.0
0.0
0.0
0.0
0.0
0.0
0.0
0.0
0.0
0.0
0.0
0.0
0.0
0.0
0.0
0.0
0.0
0.0
0.0
0.0
0.0
0.0
0.0
0.0
0.0
0.0
0.0
0.0
0.0
0.0
0.0
0.0
0.0
0.0
0.0
0.0
0.0
0.0
0.0
0.0
0.0
0.0
0.0
0.0
0.0
0.0
0.0
0.0
0.0
0.0
0.0
0.0
0.0
0.0
0.0
0.0
0.0
0.0
0.0
0.0
0.0
0.0
0.0
0.0
0.0
0.0
0.0
0.0
0.0
0.0
0.0
0.0
0.0
0.0
0.0
0.0
0.0
0.0
0.0
0.0
0.0
0.0
0.0
0.0
0.0
0.0
0.0
0.0
0.0
0.0
0.0
0.0
0.0
0.0
0.0
0.0
0.0
0.0
0.0
0.0
0.0
0.0
0.0
0.0
0.0
0.0
0.0
0.0
0.0
0.0
0.0
0.0
0.0
0.0
0.0
0.0
0.0
0.0
0.0
0.0
0.0
0.0
0.0
0.0
0.0
0.0
0.0
0.0
0.0
0.0
0.0
0.0
0.0
0.0
0.0
0.0
0.0
0.0
0.0
0.0
0.0
0.0
0.0
0.0
0.0
0.0
0.0
0.0
0.0
0.0
0.0
0.0
0.0
0.0
0.0
0.0
0.0
0.0
0.0
0.0
0.0
0.0
0.0
0.0
0.0
0.0
0.0
0.0
0.0
0.0
0.0
0.0
0.0
0.0
0.0
0.0
0.0
0.0
0.0
0.0
0.0
0.0
0.0
0.0
0.0
0.0
0.0
0.0
0.0
0.0
0.0
0.0
0.0
0.0
0.0
0.0
0.0
0.0
0.0
0.0
0.0
0.0
0.0
0.0
0.0
0.0
0.0
0.0
0.0
0.0
0.0
0.0
0.0
0.0
0.0
0.0
0.0
0.0
0.0
0.0
0.0
0.0
