a = 5.0282189046354215 b = 5.0282189046354215 c = 16.60208090293312 ,Gaussian ,LMH = 0.08 ,DW = [0.2 0.2 0.2]
0.0
0.0
0.0
0.0
0.0
0.0
0.0
0.0
0.0
0.0
0.0
0.0
0.0
0.0
0.0
0.0
0.0
0.0
0.0
0.0
0.0
0.0
0.0
0.0
0.0
0.0
0.0
0.0
0.0
0.0
0.0
0.0
0.0
0.0
0.0
0.0
0.0
0.0
0.0
1.4312247686203047e-33
1.2103702640412143e-32
6.821976135131932e-32
2.5626169492486257e-31
6.415621600096318e-31
1.0704720583040765e-30
1.190401536453008e-30
8.82253053124297e-31
4.3578713919995685e-31
1.4346210435434274e-31
3.147614466800807e-32
4.602644336909498e-33
4.485541187328216e-34
2.9134249100927534e-35
1.2611721090094336e-36
3.638533974148593e-38
6.9961652553605285e-40
8.965514812820956e-42
7.657234611300294e-44
4.358632202574355e-46
1.6535222410702343e-48
4.1807231255388035e-51
7.044891693649513e-54
7.911863446128964e-57
5.921950779617194e-60
2.954148699095698e-63
1.4831266926732842e-65
3.7622564042935014e-69
0.0
0.0
0.0
0.0
0.0
0.0
0.0
0.0
0.0
0.0
0.0
0.0
0.0
0.0
0.0
0.0
0.0
0.0
0.0
0.0
0.0
0.0
0.0
0.0
0.0
0.0
0.0
0.0
0.0
0.0
0.0
0.0
0.0
0.0
0.0
0.0
0.0
0.0
0.0
0.0
0.0
0.0
0.0
0.0
0.0
0.0
0.0
0.0
0.0
0.0
0.0
0.0
0.0
0.0
0.0
0.0
0.0
0.0
0.0
0.0
0.0
0.0
0.0
0.0
0.0
0.0
0.0
0.0
0.0
0.0
0.0
0.0
0.0
0.0
0.0
0.0
0.0
0.0
0.0
0.0
0.0
0.0
0.0
0.0
0.0
0.0
0.0
0.0
0.0
0.0
0.0
0.0
0.0
0.0
0.0
0.0
0.0
0.0
0.0
0.0
0.0
0.0
0.0
0.0
0.0
0.0
0.0
0.0
0.0
0.0
0.0
0.0
0.0
0.0
0.0
0.0
0.0
0.0
0.0
0.0
0.0
0.0
0.0
0.0
0.0
0.0
0.0
0.0
0.0
0.0
0.0
0.0
0.0
0.0
0.0
0.0
0.0
0.0
0.0
0.0
0.0
0.0
0.0
0.0
0.0
0.0
0.0
0.0
0.0
0.0
0.0
0.0
5.511733452365333e-34
4.9456714940908615e-33
2.9576302062702466e-32
1.1788105890393904e-31
3.1313075988704366e-31
5.543562951471669e-31
6.540843883801195e-31
5.1435164325756534e-31
2.6956780848721623e-31
9.415805361785738e-32
2.1919390061305127e-32
3.400799326648273e-33
3.516536220434351e-34
2.4234314088526973e-35
1.1130839427087043e-36
3.4072707992042823e-38
6.951314424229918e-40
9.451674636461783e-42
8.565094151429903e-44
5.1729355515572844e-46
2.0822052743133005e-48
5.585879528623099e-51
9.987139955210642e-54
1.1900693085803208e-56
9.451155798062806e-60
5.002408318762463e-63
2.6126193656141458e-65
7.031904071186638e-69
0.0
0.0
0.0
0.0
0.0
0.0
0.0
0.0
0.0
0.0
0.0
0.0
0.0
0.0
0.0
0.0
0.0
0.0
0.0
0.0
0.0
0.0
0.0
0.0
0.0
0.0
0.0
0.0
0.0
0.0
0.0
0.0
0.0
0.0
0.0
0.0
0.0
0.0
0.0
0.0
0.0
0.0
0.0
0.0
0.0
0.0
0.0
0.0
0.0
0.0
0.0
0.0
0.0
0.0
0.0
0.0
0.0
0.0
0.0
0.0
0.0
0.0
0.0
0.0
0.0
0.0
0.0
0.0
0.0
0.0
0.0
0.0
0.0
0.0
0.0
0.0
0.0
0.0
0.0
0.0
0.0
0.0
0.0
0.0
0.0
0.0
0.0
0.0
0.0
0.0
0.0
0.0
0.0
0.0
0.0
0.0
0.0
0.0
0.0
0.0
0.0
0.0
0.0
0.0
0.0
0.0
0.0
0.0
0.0
0.0
0.0
0.0
0.0
0.0
0.0
0.0
0.0
0.0
0.0
0.0
0.0
0.0
0.0
0.0
0.0
0.0
0.0
0.0
0.0
0.0
0.0
0.0
0.0
0.0
0.0
0.0
0.0
0.0
0.0
0.0
0.0
0.0
0.0
0.0
0.0
0.0
0.0
0.0
0.0
0.0
0.0
0.0
0.0
1.645609584183713e-33
1.4306687775253993e-32
8.289587857997063e-32
3.2011669650952146e-31
8.23882469983588e-31
1.4132003826943587e-30
1.6155625547180557e-30
1.2309073331646996e-30
6.250409733673551e-31
2.115305820551588e-31
4.77110955927762e-32
7.172113646064661e-33
7.185491565600386e-34
4.7978575944169715e-35
2.1351076235943385e-36
6.332478692729754e-38
1.2517259368631453e-39
1.6490214831807466e-41
1.447854512756087e-43
8.472373297639548e-46
3.304203521061811e-48
8.588356127484782e-51
1.4877667483655308e-53
1.71767580959003e-56
1.3216884629999273e-59
8.858398749348439e-62
3.4661368501005354e-65
9.03894478908467e-69
0.0
0.0
0.0
0.0
0.0
0.0
0.0
0.0
0.0
0.0
0.0
0.0
0.0
0.0
0.0
0.0
0.0
0.0
0.0
0.0
0.0
0.0
0.0
0.0
0.0
0.0
0.0
0.0
0.0
0.0
0.0
0.0
0.0
0.0
0.0
0.0
0.0
0.0
0.0
0.0
0.0
0.0
0.0
0.0
0.0
0.0
0.0
0.0
0.0
0.0
0.0
0.0
0.0
0.0
0.0
0.0
0.0
0.0
0.0
0.0
0.0
0.0
0.0
0.0
0.0
0.0
0.0
0.0
0.0
0.0
0.0
0.0
0.0
0.0
0.0
0.0
0.0
0.0
0.0
0.0
0.0
0.0
0.0
0.0
0.0
0.0
0.0
0.0
0.0
0.0
0.0
0.0
0.0
0.0
0.0
0.0
0.0
0.0
0.0
0.0
0.0
0.0
0.0
0.0
0.0
0.0
0.0
0.0
0.0
0.0
0.0
0.0
0.0
0.0
0.0
0.0
0.0
0.0
0.0
0.0
1.567047844945194e-34
1.1745786085447079e-33
5.8676400750699164e-33
1.9535583753495563e-32
4.334818003302794e-32
5.88619590196905e-32
6.641738425511521e-32
4.994711078965896e-32
2.5033439452528324e-32
8.362039668253344e-33
1.8615961485852926e-33
2.762105535890447e-34
2.7313453337012827e-35
1.8000911880019107e-36
7.906676079419239e-38
2.314594603728288e-39
4.5158288493726875e-41
5.871939325577123e-43
5.088704043246648e-45
2.9391000845941145e-47
1.1313659541015793e-49
2.9025077224599024e-52
4.962782138625144e-55
5.655338247131413e-58
3.654758745895549e-34
2.3167008561775155e-33
9.787296664087444e-33
2.7557327273226125e-32
5.171219633773979e-32
6.467410412817232e-32
5.390752681619411e-32
3.8109178916624303e-32
1.615292431356977e-32
4.563039966992866e-33
1.5618534410092468e-33
6.485010860973048e-33
3.8577691051461057e-32
1.5546098416893825e-31
4.176253492102685e-31
7.477134693045018e-31
8.922059670361391e-31
7.095395223366252e-31
3.7607079421879544e-31
1.328446813679338e-31
3.1275213556069406e-32
4.9072472965932296e-33
5.131651479236563e-34
3.5764973711094426e-35
1.661269972652843e-36
5.142852499369666e-38
1.0610832774293944e-39
1.4590709805285317e-41
1.3371647452233243e-43
8.167233343266513e-46
3.3246547929831305e-48
9.01985800232181e-51
1.630926506980087e-53
1.9320797339976913e-55
1.776488154930148e-58
1.088632098099065e-61
4.446123302150832e-65
1.2102174707756728e-68
0.0
0.0
0.0
0.0
0.0
0.0
0.0
0.0
0.0
0.0
0.0
0.0
0.0
0.0
0.0
0.0
0.0
0.0
0.0
0.0
0.0
0.0
0.0
0.0
0.0
0.0
0.0
0.0
0.00010092554035704143
0.0008631038886530001
0.0049193374132247124
0.018686660605684476
0.04730840786653555
0.0798227186467043
0.08976277000299013
0.06727404249411181
0.03360317800373713
0.011186512905917032
0.0024819364186671068
0.00036700174024495305
3.6168220661885984e-05
2.3755693424463374e-06
1.0398958100923154e-07
3.033845728015829e-09
5.899004206129331e-11
7.644436313236961e-13
3.366336305811582e-14
2.2183335233654426e-16
9.742664151027937e-19
2.8517415904625845e-21
5.563193365641152e-24
7.233020392162472e-27
6.267535056385711e-30
3.6195568504984515e-33
1.3931426271906236e-36
3.5736935454241753e-40
0.0
0.0
0.0
0.0
0.0
0.0
0.0
0.0
0.0
0.0
0.0
0.0
0.0
0.0
0.0
0.0
0.0
0.0
0.0
0.0
0.0
0.0
0.0
0.0
0.0
0.0
0.0
0.0
0.0
0.0
0.0
0.0
0.0
0.0
0.0
0.0
0.0
0.0
0.0
0.0
0.0
0.0
0.0
0.0
0.0
0.0
0.0
0.0
0.0
0.0
0.0
0.0
0.0
0.0
0.0
0.0
0.0
0.0
0.0
0.0
0.0
0.0
0.0
0.0
0.0
0.0
0.0
0.0
0.0
0.0
0.0
0.0
0.0
1.3557161730933019e-33
9.282859359058898e-33
4.23619860163369e-32
1.28840500300214e-31
2.6116203305887196e-31
3.528167760657734e-31
3.1766543481119153e-31
1.906216588473357e-31
7.623529331254089e-32
2.031989477885041e-32
3.609677331290519e-33
4.273629392860955e-34
3.37214997446911e-35
1.7733663088950763e-36
6.215435635336094e-38
1.4518650196052112e-39
2.2602811242519875e-41
2.3452018219523414e-43
1.621733678490725e-45
7.474125687883147e-48
1.6521462830762302e-49
3.8719696014431566e-52
6.04779314772257e-55
6.295691901275413e-58
4.36788858839859e-61
2.0196735896188206e-64
6.224039909583914e-68
7.278080735355699e-34
5.897239796059007e-33
3.184653997415617e-32
1.14619172735855e-31
2.7493740730567063e-31
4.395334625629416e-31
4.683080293774949e-31
3.3254682970796426e-31
1.5738218407394053e-31
4.964092576724908e-32
1.043531887833298e-32
1.462019365540488e-33
1.3651553456142343e-34
8.495570946055433e-36
3.5235838939413718e-37
9.73998323972765e-39
1.7943755837118214e-40
2.2031803062429506e-42
1.802886051887631e-44
5.843610994734301e-46
2.431655884324304e-48
6.743796897989926e-51
1.2464888466101613e-53
1.5355142800729124e-56
1.2606684109471166e-59
6.898099109751136e-63
2.5155881326878917e-66
6.114081068160924e-70
0.0
0.0
0.0
0.0
0.0
0.0
0.0
0.0
0.0
0.0
0.0
0.0
0.0
0.0
0.0
0.0
0.0
0.0
0.0
0.0
0.0
0.0
0.0
0.0
0.0
0.0
0.0
0.0
0.0
0.0
0.0
0.0
0.0
0.0
0.0
0.0
0.0
0.0
0.0
0.0
0.0
0.0
0.0
0.0
0.0
0.0
0.0
0.0
0.0
0.0
0.0
0.0
0.0
0.0
0.0
0.0
0.0
0.0
0.0
0.0
0.0
0.0
0.0
0.0
0.0
0.0
0.0
0.0
0.0
0.0
0.0042893780279305025
0.028731107154322345
0.1282602107286717
0.3816041460314148
0.7566861208147488
1.0
0.8807766243195215
0.5170268630244658
0.20227489508410765
0.05274149173330763
0.009165251397815663
0.0010614948778874995
8.193566295575905e-05
4.21511656713862e-06
1.4451993410075743e-07
3.3023832175904264e-09
5.029313760021003e-11
5.104715475309721e-13
3.4531536172258955e-15
1.5568321991311365e-17
4.6778819726387765e-20
9.367814078928605e-23
1.2502844039748113e-25
1.1121437179894387e-28
8.210378386578986e-31
3.713794358591334e-34
1.119577288558527e-37
2.249426752015267e-41
0.0
0.0
0.0
0.0
0.0
0.0
0.0
0.0
0.0
0.0
0.0
0.0
0.0
0.0
0.0
0.0
0.0
0.0
0.0
0.0
0.0
0.0
0.0
0.0
0.0
0.0
0.0
0.0
0.0
0.0
0.0
0.0
0.0
0.0
0.0
0.0
0.0
0.0
0.0
0.0
0.0
0.0
0.0
0.0
0.0
0.0
0.0
0.0
0.0
0.0
0.0
0.0
0.0
0.0
0.0
0.0
0.0
0.0
0.0
0.0
4.7248022652827184e-05
0.00035336400871623563
0.0017613373173175283
0.005851191447509174
0.012954707988880704
0.01911580079262801
0.018799180261622157
0.012321593491995905
0.005382405198657551
0.0015669944202183182
0.0003040465353920061
3.93182532951203e-05
3.3886750221815514e-06
5.277415057144529e-07
2.3129142800733855e-08
6.755840245924526e-10
1.3151665466915433e-11
1.7063325820255038e-13
1.4754624523464605e-15
8.503039344939123e-18
3.2658915826609164e-20
8.36008872142023e-23
1.4262693766238763e-25
1.621712174119705e-28
1.228931127296458e-31
6.206730096686296e-35
2.089198590557113e-38
4.686818508387937e-42
0.0
0.0
0.0
0.0
0.0
0.0
0.0
0.0
0.0
0.0
0.0
0.0
0.0
0.0
0.0
0.0
0.0
0.0
0.0
0.0
0.0
0.0
0.0
0.0
0.0
0.0
1.662163742579427e-33
1.2009927599200105e-32
5.783470466108671e-32
1.8561719404057967e-31
3.970355845610019e-31
5.660075311506741e-31
5.377699559210933e-31
3.4052767189551562e-31
1.437109403803976e-31
4.0421162673603946e-32
1.3850187143463353e-32
1.9809667774852265e-33
1.8883404263467634e-34
1.1996786710615746e-35
5.079618926718007e-37
1.4334378767488366e-38
2.6959272430013584e-40
3.3792397644940437e-42
2.82300335854718e-44
1.5717567380726551e-46
5.83231289272756e-49
1.4423738742735584e-51
2.3773680836785703e-54
2.611539245836613e-57
1.911957497206402e-60
9.329136742469304e-64
3.033795006382086e-67
6.575254295565836e-71
0.0
0.0
0.0
0.0
0.0
0.0
0.0
0.0
0.0
0.0
0.0
0.0
0.0
0.0
0.0
0.0
0.0
0.0
0.0
0.0
0.0
0.0
0.0
0.0
0.0
0.0
0.0
0.0
0.0
0.0
0.0
0.00017013922202748
0.0014309602944195586
0.008021069367980185
0.02020239810232805
0.05758510912084771
0.1093953876409171
0.13850625192612565
0.11687491039014512
0.06572865612388946
0.024635975471575883
0.006154125115567545
0.0010245765881219772
0.00011368523991106941
8.407082041072247e-06
4.143506616048767e-07
1.3610445345325685e-08
2.9796014942554464e-10
4.34735973921977e-12
4.2274114846761324e-14
2.7397126498957507e-16
1.1833604633856074e-18
3.406517651358592e-21
6.53560479686394e-24
8.356862218079136e-27
7.125442520157186e-30
4.6857095890971164e-33
7.373141257612683e-35
5.42145153977272e-36
7.701036433139757e-37
2.940338159424615e-38
7.482158958330226e-40
1.2689313557351614e-41
1.4342698720438007e-43
1.0804512362220986e-45
5.4245162414775595e-48
1.8150910074528315e-50
4.047784142108803e-53
6.0161385907826775e-56
5.959363383921666e-59
3.93426357721251e-62
1.7310459032780153e-65
5.076159560328493e-69
9.920726879894323e-73
0.0
0.0
0.0
0.0
0.0
0.0
0.0
0.0
0.0
0.0
0.0
0.0
0.0
0.0
8.811829338473355e-34
5.645743163143122e-33
2.4107806963132788e-32
6.860817096020783e-32
1.3012942954189294e-31
1.6449653661162339e-31
1.3858605724653474e-31
7.781509792240562e-32
2.9119891030407476e-32
7.262684375306358e-33
1.2072192288780475e-33
1.3373856720062997e-34
9.874354982501951e-36
4.8589491504610485e-37
1.593520006747104e-38
3.483006098914076e-40
5.0737901103271284e-42
4.925976191801345e-44
1.4060477368345044e-34
1.235819016134789e-33
7.239210910403269e-33
2.8262406204582647e-32
7.353745346018772e-32
1.110390527643542e-31
1.4691893824485385e-31
1.2955714292796088e-31
7.614238767491702e-32
2.982449980207296e-32
7.785766848498993e-33
1.3546003017401634e-33
1.5707334408800683e-34
1.2138788934001438e-35
6.252155606693694e-37
2.1461780307836816e-38
4.910019982930464e-40
7.486560223969579e-42
7.607867383649391e-44
5.1525841456578425e-46
2.3257809036822507e-48
3.922193894359311e-34
3.135050825194574e-33
1.6700968651799864e-32
5.929530180527444e-32
1.4030736066710826e-31
2.2126981594241243e-31
2.325655817194954e-31
1.6291094317697159e-31
7.605655009743973e-32
3.6533817767722405e-32
8.673292691885709e-33
1.3723171632672745e-33
1.4471266307514915e-34
1.0170448958456176e-35
4.763819103634897e-37
1.4871403144339334e-38
3.094070324019144e-40
4.29032272798262e-42
3.9648913595731867e-44
2.4420478531534487e-46
1.0024404807958344e-48
2.742486955362696e-51
5.000484588558573e-54
6.076607200378218e-57
4.921435332667897e-60
2.6564640932706766e-63
9.55647362203147e-67
2.2912523791776068e-70
0.000956842846318194
0.006160364145586846
0.026433441086334962
0.0755931720380151
0.14407644513070217
0.18301426725728595
0.1549381829955128
0.11067299413503956
0.04764504604152625
0.01367021643569726
0.002614054142819239
0.00033314654573707455
2.8296817827680375e-05
1.6018484720499128e-06
6.043476141642008e-08
1.5196155912709897e-09
2.5466086962376734e-11
2.8442793155683473e-13
2.117209414027436e-15
1.0503570093594101e-17
3.472894638163401e-20
7.652931493745572e-23
1.1239463773302147e-25
1.1001322756608779e-28
7.176716135996178e-32
3.120241289180479e-35
9.041326200112688e-39
1.7460538974469947e-42
0.0
0.0
0.0
0.0
0.0
0.0
0.0
0.0
0.0
0.0
0.0
0.0
0.0
0.0
0.0
0.0
0.0
0.0
0.0
0.0
0.0
0.0
0.0
0.0
0.0
0.0
0.0
0.0
0.0
0.0
0.0
0.0
0.0
0.0
0.0
0.0
0.0
0.0
0.0
0.0
0.0
0.0
0.0
2.737093519678471e-35
2.0075905392544733e-34
9.81391274965832e-34
3.1973545184303294e-33
6.94258077723182e-33
1.0046912922937697e-32
9.690046991567588e-33
6.228746788638629e-33
2.6684373914844755e-33
7.6189462033248306e-34
1.4498208622417453e-34
1.8387188596348878e-35
8.503978204175435e-36
3.074218400388413e-35
2.000229820425488e-34
8.740788082690747e-34
2.54580326220586e-33
4.9417500884303536e-33
6.488781019895302e-33
6.352646765357531e-33
8.091075410908312e-33
2.043903952817899e-32
5.034614760990612e-32
8.684256111352706e-32
1.0033646191005993e-31
7.7300239866224e-32
3.9692228072706476e-32
1.3583563756456152e-32
3.0981591499781283e-33
4.709505291820584e-34
4.771208607144975e-35
3.221536599014736e-36
1.4497038163963696e-37
4.347874932112452e-39
8.690731887176942e-41
1.157756449838836e-42
1.0279207061817381e-44
6.082520313648718e-47
2.3987725462839012e-49
4.7792556728998247e-51
9.58447538522825e-54
1.2810260950615829e-56
1.1411143189529212e-59
6.774572293732173e-63
2.680502128604163e-66
7.068576774979503e-70
0.0
0.0
0.0
0.0
0.0006650369129915238
0.004324456229474393
0.01874126096199544
0.05413120046675817
0.10420248048638459
0.13368725442218324
0.11430980903365599
0.0651416181554583
0.024740879493424676
0.0062625798108837056
0.0010565084172298265
0.00011878844506233136
8.90137262577917e-06
4.445507160264421e-07
1.4796779249216002e-08
1.2220772005813735e-09
2.0684598850443414e-11
2.333335087896725e-13
1.7542386251508532e-15
8.789856290209578e-18
2.935326587336023e-20
6.532999644482421e-23
9.690681791071219e-26
9.658678594444791e-29
5.425321408889573e-31
2.4265587348120875e-31
1.976445734438741e-31
2.5780295770276438e-31
2.7809101078482837e-31
2.0529496738411685e-31
1.0129387188931608e-31
3.3319564490775523e-32
7.304838947571405e-33
1.0673453338373307e-33
1.0393958179563377e-34
6.745878865865328e-36
2.917948761824366e-37
8.411981968599574e-39
1.61622028342445e-40
2.0695900166301637e-42
9.041511231771026e-44
5.887451932188131e-46
2.555025687730679e-48
7.390004713947903e-51
1.4245434763641342e-53
1.8301565868184464e-56
1.5670481404942382e-59
8.942479964475499e-63
3.401066795344102e-66
8.620925560932011e-70
0.0
0.0
0.0
0.0
0.0
0.0
0.0
0.0
0.0
0.0
7.39551843801724e-35
5.059877125978393e-34
2.3072404930473327e-33
7.01176428475105e-33
1.4201796945988584e-32
1.9170826558523813e-32
1.868988909451726e-32
1.2829414706012494e-32
5.869329773702421e-33
1.7895825126411856e-33
3.636608013042469e-34
4.925187896894922e-35
4.4456028684014654e-36
2.674361260227254e-37
1.072237592373765e-38
2.8651247376569635e-40
5.102436252906632e-42
5.82411925815191e-34
4.674514693971196e-33
2.5004855407159986e-32
8.914432769601729e-32
2.118091067108526e-31
3.354108378115019e-31
3.539900886866457e-31
2.489927269874971e-31
1.16724969478352e-31
3.6468879896729967e-32
7.593860736857063e-33
1.053863541570428e-33
9.747375134069461e-35
6.008589421214381e-36
2.4685329317593334e-37
2.3459426078386614e-38
4.901018704505891e-40
6.823966482232984e-42
6.332409011037735e-44
3.916359760238019e-46
1.6142758484376503e-48
4.4346001465916376e-51
8.119190530799031e-54
9.907236883404699e-57
8.057010126897883e-60
4.366935928865722e-63
1.5774706178998728e-66
3.797757986482856e-70
0.0
0.0
0.0
0.0
0.0
0.0
0.0
0.0
0.0
0.0
0.0
0.0
0.0
0.0
0.0
0.0
0.0
0.0
0.0
0.0
0.0
0.0
0.0
0.0
0.0
0.0
0.0
0.0
0.0
0.0
0.0
0.0
0.0
0.0
0.0
0.0
0.00011752791918179187
0.0008873040639337796
0.002725592631282391
0.010463933001669206
0.02677383005108193
0.04565702426653927
0.0518903082999935
0.03930487755095911
0.019842125511303814
0.006675925560040151
0.0014969811323434369
0.00022371892096767365
2.2282845729941074e-05
1.479176979657806e-06
6.544118776763257e-08
1.929584293452073e-09
3.791908819335636e-11
4.966307017943195e-13
4.3350168600662775e-15
2.5219098957642888e-17
9.77799675658653e-20
2.5266888283131584e-22
4.351461842484821e-25
4.994593495372012e-28
3.8207327680581233e-31
1.9479361937047828e-34
6.61887743784027e-38
1.4989098022129588e-41
0.0
0.0
0.0
0.0
0.0
0.0
0.0
0.0
0.0
0.0
0.0
0.0
0.0
0.0
0.0
0.0
0.0
0.0
0.0
0.0
0.0
0.00011701267286375173
0.0010623401354046193
0.006427999397377483
0.025922066083041782
0.06966986157872718
0.1074969223696558
0.14691764057127485
0.13382381545681657
0.08124084255275081
0.03286979367228804
0.008863415022581558
0.0015928935026100122
0.0003010192641501913
0.0010426902717269122
0.006383617888469942
0.02642655381607586
0.07292054702620476
0.13410387153896045
0.164366862861735
0.13426683901851902
0.07309788498798553
0.026522985392141405
0.006413890616154122
0.0010337183847641124
0.00011103617167654776
7.948922582862014e-06
3.7925699796374523e-07
1.2059810593124694e-08
2.555812083782147e-10
3.6099309880512273e-12
1.6836290596981767e-13
1.209258012751134e-15
5.78859390002233e-18
1.846752687256935e-20
3.926683931429315e-23
5.564483667055833e-26
5.256377218440682e-29
3.59945212332399e-32
5.87644771740043e-34
7.52876268175491e-35
6.583369071802322e-36
3.836866853362245e-37
1.4903449576403252e-38
3.858143925466915e-40
6.656586731553986e-42
7.654314693448748e-44
5.8660070445082986e-46
2.9961282194249575e-48
1.0199050875147882e-50
2.313879132257758e-53
3.4986711905066357e-56
2.4971469086502676e-34
1.990236540691556e-33
1.0571749077164148e-32
3.742575287512121e-32
8.830306797980809e-32
1.2491468135889563e-31
1.4987227924250617e-31
1.198424524540599e-31
6.386774928832588e-32
2.2684754519650066e-32
5.369923568337627e-33
8.471955634971172e-34
8.908011921225191e-35
6.24251298608468e-36
2.9155444538247767e-37
9.075309164223564e-39
1.882715674558987e-40
2.603092470756355e-42
2.398700368590693e-44
1.4731397757620894e-46
6.0296688062653206e-49
1.6448432183420092e-51
2.9904538679952164e-54
3.6235249330423354e-57
2.9262198295549297e-60
1.5749406488003858e-63
5.6494085585851065e-67
1.3505893571765223e-70
0.0
0.0
0.0
0.0
0.0
0.0
0.0
0.0
0.0
0.0
0.0
0.0
0.0
0.0
0.0
0.0
0.0
0.0
0.0
0.0
0.0
0.0
0.0
0.0
0.0
0.0
0.0
0.0
0.0
0.0
0.0
0.0
0.0
0.0
0.0
0.0
0.0
0.0
0.0
0.0
0.0
0.0
0.0
0.0
0.0
0.0
0.0
0.0
0.0
0.0
0.0
0.0
0.0
0.0
0.0
0.0
0.0
0.0
0.0
0.0
0.0
0.0
0.0
0.0
0.0
0.0
0.0
0.0
0.0
0.0
0.0
0.0
0.0
5.28910972062205e-34
3.913246773169542e-33
1.929627338110641e-32
6.341488353502626e-32
1.388962444330214e-31
2.0275489844651426e-31
1.9725760492704753e-31
1.5458815574287882e-31
7.64788231958185e-32
2.521666944851908e-32
5.541352818296477e-33
8.115689592078845e-34
7.921667347966017e-35
5.153346243733872e-36
2.234310840681057e-37
6.456236201544585e-39
9.2357266261271e-35
7.126900578567341e-34
3.665324772859026e-33
1.256335908979861e-32
2.8699916435990966e-32
4.36955328278782e-32
4.4337887291652975e-32
2.9984340341952133e-32
1.3514362085879157e-32
4.05955239214733e-33
8.127225294970723e-34
1.0843962210534727e-34
9.643068240409972e-36
5.715102619822464e-37
1.5614726775795155e-34
1.3182609638078738e-33
7.418435799242479e-33
1.8733573671222417e-32
5.360858678275512e-32
1.0224206980943515e-31
1.2995902824215498e-31
1.100942978270927e-31
6.215910386735353e-32
2.3389784027878026e-32
5.865826684826177e-33
9.804236758211067e-34
1.0921439941360882e-34
8.108258044549389e-36
4.011961618458111e-37
1.3230234005737256e-38
2.9077685169256863e-40
4.2592553986541045e-42
4.1580440246381207e-44
2.7053660278408233e-46
1.1731256463086398e-48
3.390350311881834e-51
6.530195269232935e-54
8.382803954892474e-57
7.171896268250801e-60
4.089406071877139e-63
1.5540608639417126e-66
3.936020558065941e-70
0.0
0.0
0.0
0.0
0.0
0.0
0.0
0.0
0.0
0.0
0.0
0.0
0.0
0.0
0.0
0.0
0.0
0.0
1.1460725393879017e-34
8.710152650730608e-34
4.411852396511784e-33
1.4893532938622718e-32
3.3508580804851744e-32
5.02453512842135e-32
5.021312928756884e-32
3.3444155673811805e-32
2.035899780729061e-32
6.895439060968984e-33
1.5564995591402353e-33
2.3416265170974747e-34
2.347836236197799e-35
1.568915389594735e-36
6.987354750623671e-38
2.0739945525356604e-39
4.1028343018753515e-41
5.409310267200289e-43
2.9771348739654705e-35
2.085563804395131e-34
9.737108290915183e-34
3.029828645633012e-33
6.283298364453192e-33
8.684380559897414e-33
7.999660539464123e-33
4.911179622869783e-33
2.0094704618665472e-33
5.479727765203208e-34
0.00010947201761682973
0.0007463673486246066
0.0033914364998713707
0.01027061136236779
0.02072957747793152
0.027884711306844407
0.027121735791418914
0.018552214786541826
0.008457764620704968
0.0025697860881683395
0.0005203791662841421
7.023027620937747e-05
6.316993065309463e-06
3.786848860069556e-07
1.512958766251929e-08
4.0286335047263454e-10
7.1494062677138464e-12
8.455975993383165e-14
6.665597020531494e-16
3.5018369034413565e-18
1.2261238051483118e-20
2.861239959608152e-23
4.44995672188694e-26
4.6125261465932505e-29
3.1864231082702636e-32
1.4670658002848214e-35
4.501707689350779e-39
9.206329996726319e-43
0.0
0.0
0.0003341153288615047
0.001232559786708121
0.006227685530372639
0.02097137484321404
0.04706615052874625
0.07039989382926076
0.070180567721907
0.0466276253410492
0.02064672947728183
0.006093134782313765
0.0011984277332916975
0.00015709576031997104
1.37245662067839e-05
7.991242996119357e-07
3.101070182963881e-08
8.02029609315528e-10
1.3824542140175652e-11
1.5881541714846727e-13
1.2159511025246647e-15
6.204704603418119e-18
2.110122448729348e-20
4.7827287892221565e-23
7.224802968722548e-26
7.287196664910343e-29
1.881553438050674e-31
9.880908962057749e-32
4.6889383782088114e-32
2.2783806477273413e-32
5.503811291131518e-33
8.861295145841276e-34
9.508560631966441e-35
6.800084071199636e-36
3.2411220974301613e-37
1.0295751675862063e-38
2.179727866235263e-40
3.0755871798069014e-42
2.892246843192446e-44
1.81269283328084e-46
7.571721436312511e-49
2.107883412372416e-51
3.9109304505468164e-54
4.836098608159219e-57
3.9855820154610957e-60
2.1891216778538485e-63
8.013635799824591e-67
1.955108430542357e-70
0.0
0.0
0.0
8.78522880155145e-35
6.691429125754133e-34
3.3967707432971686e-33
1.1491987323563325e-32
2.0671973189897486e-32
3.556423042469321e-32
4.0778049242381405e-32
3.1161691569205834e-32
1.587073907554307e-32
5.387097387528089e-33
1.2186922520288483e-33
1.8374470024293954e-34
1.8463632239714074e-35
1.2365196125012805e-36
5.519076643766898e-38
1.6417740596031794e-39
3.254931864232205e-41
4.300826891255729e-43
3.787420899381533e-45
2.2228836338728586e-47
8.695036982731244e-50
2.266771203950702e-52
3.93845138004329e-55
4.560629984588523e-58
3.5197007136175054e-61
1.8103734938048277e-64
6.206005793805395e-68
1.4178742625832582e-71
0.0
0.0
0.0
0.0
0.0
0.0
0.0
0.0
0.0
1.1812631072705308e-05
9.082637065464417e-05
0.0004654347752094866
0.0015895977709896958
0.0036182386604802926
0.005488943020508394
0.005549601303042465
0.0037395245836732605
0.0016793938172287469
0.0005026552877291756
0.0001002696523652859
1.3330618848231767e-05
1.1811706888764072e-06
6.975198312207168e-08
2.7452506690237036e-09
7.200936823831962e-11
1.2588603172357537e-12
1.4667214206166853e-14
6.01674892146728e-16
3.5647950011871e-18
1.4076308608259652e-20
3.7044569100208124e-23
6.497433801130885e-26
7.595226462975055e-29
5.917266643147678e-32
3.072437805511095e-35
1.0632284990720779e-38
2.4521761600527404e-42
0.0
0.0
0.0
9.938078872636238e-05
0.0007285497247569189
0.0035595697381273555
0.0115909054077211
0.02515467817887765
0.03638326900984328
0.03507245912578272
0.022532649758081582
0.009648057049346398
0.0027532712993096724
0.000523648303197789
6.637613215917708e-05
5.607454149441774e-06
8.617258429389411e-07
3.7019068558176485e-08
1.0598963708123834e-09
2.0224736457474806e-11
2.5720765234880846e-13
2.180049967321111e-15
1.231489061093492e-17
4.636350039746713e-20
1.163331329951958e-22
1.9454146389052669e-25
2.168215690622217e-28
1.6105504537295685e-31
7.97310960462257e-35
2.630647649055776e-38
5.784677855234906e-42
0.0
0.0
0.0
2.4667177462243327e-34
1.770105321945572e-33
8.465649928557751e-33
2.6983796411489183e-32
5.732279336980736e-32
8.115834607279945e-32
7.658091983301693e-32
4.816033699374905e-32
2.821649094198366e-32
9.023489598996788e-33
1.9232139003880906e-33
4.458282131277323e-05
0.00032424908139342507
0.0015717067151741135
0.00507745182175011
0.010932051323009189
0.015686969812523075
0.01500230560010394
0.009562214974964735
0.004062005869452642
0.00115001667679148
0.00021699477572798166
2.7288267651633794e-05
2.287094988818287e-06
1.277538469970503e-07
4.756038037384747e-09
1.1800439974569093e-10
1.951338570921245e-12
2.1505453548583573e-14
1.579596386525905e-16
7.7325939461936375e-19
2.522817453199545e-21
5.485648759891537e-24
7.348921981667963e-26
2.6837322826107884e-05
0.0002203671460771254
0.001205968744951873
0.0043985223760806295
0.010692003866288734
0.017321797484502945
0.018702874284214428
0.013458767808186748
0.006454814931307526
0.0020632119159113443
0.00043952686761178047
6.240344515736414e-05
5.9049096071552076e-06
3.723912680637782e-07
1.565190748948532e-08
4.3844649629647235e-10
8.185542800006043e-12
1.0184973693135363e-13
8.446054660375046e-16
4.6679845724188016e-18
2.993814689726129e-05
0.00023151266711285466
0.0011931805069359757
0.004098444791532935
0.009382392066382422
0.013008007012031008
0.015142857324867084
0.01174860889941187
0.006075004602001961
0.00209357403740488
0.0004808521750157317
7.360653837357684e-05
7.5093569937372505e-06
5.10588062179957e-07
2.3137695972340904e-08
6.987971289529664e-10
1.406577486902851e-11
1.8869385631138326e-13
1.687071180295734e-15
1.0052882376722995e-17
3.9923567661822445e-20
1.0566949571547701e-22
1.8640238894176462e-25
2.191466626918606e-28
1.7171166399830095e-31
8.966981640173358e-35
3.120860183543034e-38
7.239088608123053e-42
0.0
0.0
0.0
0.0
0.0
0.0
0.0
0.0
0.0
0.0
7.187911624759793e-05
0.0005794905460348017
0.0031136624533247624
0.011150086906477402
0.026611326490281383
0.04232883759875025
0.044873269082196916
0.03170447931501856
0.014929150246599321
0.004685231997764207
0.0009799607032113028
0.00013660536904481973
1.2691367654543903e-05
7.858336648694319e-07
3.2429061677301026e-08
8.919072284841245e-10
1.6348824538892705e-11
1.9972614989213313e-13
8.456059988018975e-15
5.253140697775557e-17
2.1749614251906715e-19
6.001580459975055e-22
1.103725954026836e-24
1.3528150480956017e-27
1.105088716068433e-30
6.016409970643595e-34
2.1830299315014247e-37
5.279363158023113e-41
1.5146325751768166e-47
6.638030672252554e-50
1.9388881880195404e-52
3.7743991271444615e-55
4.8969360163456346e-58
4.2343093563005636e-61
2.4401823806037635e-64
9.372242949675091e-68
2.3990888767067023e-71
1.631320811857508e-35
1.1980393916609655e-34
5.8638704546625805e-34
1.9128423779208034e-33
4.158680446937578e-33
6.025782673874878e-33
5.97558850491788e-33
5.2412694239810356e-33
7.007592377400309e-33
2.2369372290143662e-32
6.546341505860434e-32
1.3136616595846408e-31
1.7605939081622785e-31
1.5728315774146571e-31
9.364649990709905e-32
3.7160604677533317e-32
9.827783201439557e-33
1.7322473783426154e-33
2.0349128126503273e-34
1.5931741385957738e-35
8.313085323267382e-37
2.8909646159935507e-38
6.700463757892939e-40
1.0350194164094669e-41
1.0655496228805012e-43
7.3110610529371e-46
3.3432487407378886e-48
2.5437277008200923e-34
1.72821926263928e-33
7.82543722060825e-33
2.3615651437614843e-32
4.7497723686017493e-32
6.36688801808223e-32
6.178233928607313e-32
4.2113500643766463e-32
1.9131978604517187e-32
5.792685871488573e-33
1.1689114632627933e-33
1.572044391635053e-34
1.409060178959603e-35
1.8358472799682156e-34
1.1769660666495273e-33
5.0517755262790847e-33
1.4451665780586862e-32
2.7553285832163644e-32
3.501147716939909e-32
2.96990462274982e-32
1.7061038019831933e-32
7.747264449513186e-33
5.889960327063842e-33
8.796704828470305e-33
1.1284088277609886e-32
9.895666531445388e-33
5.7963369431286584e-33
2.2632051981689565e-33
5.889556059732116e-34
1.0214645708402502e-34
1.1807165540130547e-35
9.095981090803526e-37
1.3144770467937488e-37
5.1494338581648516e-39
1.3444588359587956e-40
2.3394678613961443e-42
2.713115017708885e-44
2.097011805288907e-46
1.0802271628267627e-48
3.7086073959167483e-51
8.485709786681829e-54
1.2940380231342515e-56
1.315186821712474e-59
8.908598941336371e-63
4.0217300406659725e-66
1.210035106868624e-69
2.4264121640137245e-73
0.0
0.0
0.0
0.0
0.0
0.0
5.2666906604318675e-34
3.784312918566355e-33
1.8122487881893841e-32
2.032661313155749e-05
9.061007866298948e-05
0.0006081280370339745
0.0027201640321594957
0.008109175680209914
0.01611164458100115
0.021334603929220684
0.01882828852156165
0.011074360400655599
0.0043411821573992775
0.0011341719805716235
0.0001974837506034311
2.2917401198663417e-05
1.7724782588885792e-06
9.136461199433371e-08
3.1387495231693964e-09
7.186490461298284e-11
1.0966261439087415e-12
1.1152747902584352e-14
7.559389512245786e-17
3.414861625934555e-19
1.0281134599944296e-21
2.0629586725810397e-24
2.758808521959264e-27
2.4588619026679054e-30
1.4605898070459734e-33
2.002814587845956e-34
7.516598437460414e-34
3.914023724304999e-33
1.3583401695764396e-32
3.141775745292788e-32
4.843099251523518e-32
4.975687588193895e-32
3.406939231706665e-32
1.5547380182619194e-32
4.728589331321552e-33
9.58489866425627e-34
1.294866518843582e-34
1.1658536200738118e-35
6.995916185656929e-37
2.79786475979191e-38
7.457450627995902e-40
1.3247551105764137e-41
1.568419988875674e-43
1.2375725893736154e-45
6.508194793318492e-48
2.281035018590857e-50
5.328253886297611e-53
8.295057795575593e-56
8.60667632197686e-59
5.951590922757317e-62
2.7429142024704924e-65
8.4250584377243e-69
3.06135890332232e-71
0.0
0.0
0.0
0.0
0.0
0.0
0.0
1.7013921518003945e-05
0.0001324808668035171
0.000687517005858587
0.002377909254970853
0.0054813641821149384
0.008420998425581932
0.0086222391195869
0.0058838025193287385
0.002675947945898946
0.0008111081820447226
0.00016385566160413985
2.2061024127615715e-05
1.979572607094666e-06
1.1838556456912629e-07
4.7185396836060425e-09
1.2534240468450682e-10
2.2190647823565833e-12
1.2031473353645464e-13
1.0831618429894934e-15
6.499043438026837e-18
2.5988850750613204e-20
6.926379109293643e-23
1.230288573151641e-25
1.4564288402004473e-28
1.1490874947673716e-31
6.042246998666178e-35
2.1175096546454033e-38
4.945769498081433e-42
0.0
0.0
0.0
0.0
0.0
0.0
0.0
0.0
0.0
0.0
0.0
0.0
0.0
0.0
0.0
0.0
0.0
8.242161170989345e-36
6.584756061551614e-35
3.5060638994609805e-34
1.2441751173195654e-33
2.9425560505472746e-33
4.638200570599473e-33
4.87254494749338e-33
3.411487083022779e-33
1.59189037414152e-33
4.950671732736407e-34
1.0261164548728278e-34
1.4174597057705537e-35
1.3049874652693023e-36
8.007252183196289e-38
3.2744790870766025e-39
8.924471024257447e-41
1.6210794289751982e-42
1.9624909101658657e-44
1.583407002220607e-46
8.514497389344522e-49
1.3565131253359492e-05
0.0001176979070068816
0.0006806048316462324
0.0026230276216311116
0.005146464105359298
0.010086009304710692
0.013173807984120087
0.011467924942515646
0.006653342840214189
0.002572625155638032
0.0006629712100220469
0.00011386608133692766
1.3033937331289585e-05
9.943480592637405e-07
5.055717288040247e-08
1.713202418507137e-09
3.869154975015305e-11
5.823782136316814e-13
5.8421898088366104e-15
3.9059596616238714e-17
1.7404493659163383e-19
5.168643525641499e-22
1.0229945407913304e-24
1.3494338495341183e-27
1.1863461682841568e-30
6.951088406659683e-34
2.7144118365417247e-37
7.064480277229195e-41
3.2967296111676167e-62
1.5219214841005863e-65
7.256029734560676e-68
1.7033761137613804e-71
0.0
0.0
0.0
0.0
0.0
0.0
0.0
0.0
0.0
0.0
0.0
0.0
0.0
0.0
0.0
0.0
0.0
0.0
0.0
0.0
0.0
0.0
0.0
0.0
0.0
1.8873906750209156e-34
1.5648535417967756e-33
8.647033420838686e-33
3.184506400260018e-32
7.816253979564122e-32
1.2786060284085963e-31
1.3939794801190686e-31
1.0128789886411704e-31
4.905014455562476e-32
1.58308622260687e-32
3.1687977571110565e-05
0.00024489400859363167
0.0012613724650876895
0.00433002178030997
0.009906457109229423
0.015105259632766113
0.015350395641784186
0.010396627901689135
0.004692961335580506
0.0014157333609734625
0.000315766770916209
0.00022040584206915094
0.0006829428097434367
0.0016859924443299518
0.002465779113226252
0.0031104265662761804
0.002614997988017503
0.0014652253074788964
0.000547165887504473
0.00013618057539628315
2.258878459156356e-05
2.4971930138903565e-06
1.8398944390640256e-07
9.034731500756903e-09
2.956780887997514e-10
6.449181246477447e-12
9.375006352820122e-14
9.08280744235912e-16
5.864759288778317e-18
2.5238400317366457e-20
7.238607119651166e-23
1.3836612015169304e-25
1.7629561134346094e-28
1.8694481165090697e-31
4.1205709476633126e-32
3.0230853056529673e-32
1.4812132384816958e-32
4.836896274006924e-33
1.0526827632202512e-33
1.5268971962129433e-34
3.364486951185779e-35
2.481611050788962e-36
1.2199165655751783e-37
3.996760193436293e-39
8.727052768984923e-41
1.2700144458121805e-42
1.231774666812007e-44
7.96224291828233e-47
3.4302133016902736e-49
9.848914751288163e-52
1.8846780745574752e-54
2.40362950403503e-57
2.0430520093197125e-60
1.1573717215126468e-63
4.369662146410518e-67
1.0995232071964393e-70
0.0
0.0
0.0
0.0
0.0
0.0
0.0
0.0
0.0
0.0
0.0
0.0
0.0
0.0
0.0
0.0
0.0
0.0
0.0
9.095004643514196e-06
7.50491211776118e-05
0.0004127336186053821
0.001512779488701676
0.0036954127925379146
0.0060163325898603594
0.0065280318311618625
0.00472078518211623
0.002275242867873972
0.0007308408820599028
0.00015645860463442838
2.2323260152397667e-05
2.122742604422866e-06
1.3452983225113383e-07
5.6822640745164015e-09
1.599579293538432e-10
1.181488614075498e-11
1.6912837711950308e-13
1.6135594480171256e-15
1.0259708173332231e-17
4.3477703182551135e-20
1.2279472955922243e-22
2.311396273609261e-25
2.899683776916496e-28
2.424423120496997e-31
1.3509763430678077e-34
5.017283519458598e-38
1.2418576889215631e-41
1.1705930998060032e-49
4.0433838823114696e-52
9.308196429421179e-55
1.428129702326073e-57
1.4603310253916762e-60
9.952141005722331e-64
2.4372887331785205e-36
2.236522819875554e-35
1.367795702316611e-34
5.575074613200338e-34
1.5144735104381526e-33
2.7419165134427628e-33
3.342557915266279e-33
2.97916840621283e-33
2.964682800044689e-33
6.113425438127538e-33
1.7191770278027268e-32
3.590119955987425e-32
5.046837840515559e-32
4.7405048157870227e-32
3.009325375133754e-32
1.4520665132821295e-32
9.680819561144871e-33
1.2505949411172852e-32
1.508553873579191e-32
1.2648962000771398e-32
7.098457607465256e-33
2.6560364141001563e-33
6.6237374504440315e-34
1.1009192116745458e-34
1.219521625776131e-35
9.00337057905274e-37
4.4299854099860583e-38
1.4527169841815571e-39
3.1749820943671084e-41
4.6246949867718504e-43
4.489587680698642e-45
2.9047674448241616e-47
1.2525579497312286e-49
2.6486403680281797e-51
5.807805093725585e-54
8.487555378007581e-57
8.266749098699904e-60
5.366219593921243e-63
2.956322219752265e-34
1.931867942593671e-33
8.413654079133567e-33
2.4421560826952898e-32
4.724368116771908e-32
1.5281741522792818e-07
1.3348834161409405e-06
7.771330405640197e-06
3.015289102526342e-05
7.7972972477196e-05
0.00013438189819710105
0.00015435439515278893
0.00011816225688951065
6.028650437366405e-05
2.0499486205087996e-05
4.64565973993291e-06
7.016707416335658e-07
7.06318994681743e-08
4.738598928574926e-09
2.1187541505638763e-10
6.313827740716696e-12
4.843972818002286e-13
7.340344457303766e-15
7.413319733324722e-17
4.98988539116491e-19
2.238463195924723e-21
6.692538742061621e-24
1.333562509942715e-26
1.7709953049927406e-29
1.5674835438180803e-32
9.246345526201416e-36
3.635120360790183e-39
9.524649873743447e-43
1.7597791010324856e-70
0.0
0.0
0.0
0.0
0.0
0.0
0.0
3.577023807403685e-05
0.0002509327081939464
0.0011732059720653521
0.003655718988072706
0.0075919421853601005
0.010507866051740233
0.010416531831705047
0.00733140753443298
0.0034390075229877824
0.001075128658222646
0.00022401097645934653
3.1107113088084916e-05
2.878933711209986e-06
1.7757636857861484e-07
7.299955689006684e-09
2.0000314533633033e-10
3.652035373846142e-12
4.444415704716699e-14
3.604756385237892e-16
1.9485821246172217e-18
8.863889943951038e-08
6.444316127955258e-07
3.122560535058919e-06
1.0083851571686618e-05
2.170318991092696e-05
3.113165758470167e-05
2.9762024343154222e-05
1.8962877447189918e-05
8.052441107452772e-06
2.2789375501684845e-06
4.298518890545001e-07
5.403644918451752e-08
1.0823464713059024e-08
6.918896744844589e-10
2.9477384162650695e-11
8.36994456415764e-13
1.5839365117396733e-14
1.9977194893651177e-16
1.6792400794941607e-18
9.407465281645617e-21
3.512481175198252e-23
8.740513233444679e-26
1.4495774093081157e-28
1.602239513677505e-31
1.1803070788280242e-34
5.794875821164122e-38
1.8961592287770664e-41
4.1351095780482983e-45
1.8605287229648618e-62
8.726454436584352e-66
2.727852101077438e-69
5.683100847765053e-73
0.0
0.0
0.0
0.0
0.0
0.0
0.0
0.0
0.0
0.0
0.0
0.0
0.0
0.0
0.0
0.0
0.0
0.0
0.0
0.0
0.0
0.0
0.0
0.0
0.0
0.0
0.0
0.0
0.0
0.0
0.0
0.0
0.0
0.0
0.0
0.0
0.0
0.0
0.0
0.0
0.0
0.0
0.0
0.0
0.0
0.0
0.0
0.0
0.0
0.0
0.0
0.0
0.0
0.0
0.0
0.0
0.0
0.0
0.0
0.0
0.0
0.0
0.0
0.0
0.0
0.0
0.0
0.0
0.0
0.0
0.0
0.0
0.0
0.0
0.0
0.0
0.0
0.0
0.0
0.0
0.0
0.0
0.0
0.0
0.0
0.0
0.0
0.0
0.0
0.0
0.0
0.0
0.0
0.0
0.0
0.0
0.0
0.0
0.0
0.0
0.0
0.0
0.0
0.0
0.0
0.0
0.0
0.0
0.0
0.0
0.0
0.0
0.0
0.0
0.0
0.0
0.0
0.0
0.0
0.0
0.0
0.0
0.0
0.0
0.0
0.0
0.0
0.0
0.0
0.0
0.0
0.0
0.0
0.0
0.0
0.0
0.0
0.0
0.0
0.0
0.0
0.0
0.0
0.0
0.0
0.0
0.0
0.0
0.0
0.0
0.0
0.0
0.0
0.0
0.0
0.0
0.0
0.0
0.0
0.0
0.0
0.0
0.0
0.0
0.0
0.0
0.0
0.0
0.0
0.0
0.0
0.0
0.0
0.0
0.0
0.0
0.0
0.0
0.0
0.0
0.0
0.0
0.0
0.0
0.0
0.0
0.0
0.0
0.0
0.0
0.0
0.0
0.0
0.0
0.0
0.0
0.0
0.0
0.0
0.0
0.0
0.0
0.0
0.0
0.0
0.0
0.0
0.0
0.0
0.0
0.0
0.0
0.0
0.0
0.0
0.0
0.0
0.0
0.0
0.0
0.0
0.0
0.0
0.0
0.0
0.0
0.0
0.0
0.0
0.0
0.0
0.0
0.0
0.0
0.0
0.0
0.0
0.0
0.0
0.0
0.0
0.0
0.0
0.0
0.0
0.0
0.0
0.0
0.0
0.0
0.0
0.0
0.0
0.0
0.0
0.0
0.0
0.0
0.0
0.0
0.0
0.0
0.0
0.0
0.0
0.0
0.0
0.0
0.0
0.0
0.0
0.0
0.0
0.0
0.0
0.0
0.0
0.0
0.0
0.0
0.0
0.0
0.0
0.0
0.0
0.0
0.0
0.0
0.0
0.0
0.0
0.0
0.0
0.0
0.0
0.0
0.0
0.0
0.0
0.0
0.0
0.0
0.0
0.0
0.0
0.0
0.0
0.0
0.0
0.0
0.0
0.0
0.0
0.0
0.0
0.0
0.0
0.0
0.0
0.0
0.0
0.0
0.0
0.0
0.0
0.0
