a = 5.0282189046354215 b = 5.0282189046354215 c = 16.837999264926335 ,Gaussian ,LMH = 0.08 ,DW = [0.2 0.2 0.2]
0.0
0.0
0.0
0.0
0.0
0.0
0.0
0.0
0.0
0.0
0.0
0.0
0.0
0.0
0.0
0.0
0.0
0.0
0.0
0.0
0.0
0.0
0.0
0.0
0.0
0.0
0.0
0.0
0.0
0.0
0.0
0.0
0.0
0.0
0.0
0.0
1.06521657857968e-33
9.686864560652779e-33
5.870973043933645e-32
1.5577419620716707e-31
4.800925404498431e-31
9.86134028731177e-31
1.3499835634118601e-30
1.2316932587734847e-30
7.489592628291752e-31
3.035256349989382e-31
8.198116858402642e-32
1.475755399868164e-32
1.770501119115995e-33
1.4156620122566793e-34
7.544048979539661e-36
2.6793593770569885e-37
6.34218616501231e-39
1.0005263977014384e-40
1.0519610628786755e-42
7.371439867595041e-45
3.442599784687027e-47
1.0715249690106153e-49
2.222795976828473e-52
3.073112483126376e-55
2.8316453532370493e-58
1.7389248375922605e-61
7.117120352602408e-65
1.941374663259723e-68
0.0
0.0
0.0
0.0
0.0
0.0
0.0
0.0
0.0
0.0
0.0
0.0
0.0
0.0
0.0
0.0
0.0
0.0
0.0
0.0
0.0
0.0
0.0
0.0
0.0
0.0
0.0
0.0
0.0
0.0
0.0
0.0
0.0
0.0
0.0
0.0
0.0
0.0
0.0
0.0
0.0
0.0
0.0
0.0
0.0
0.0
0.0
0.0
0.0
0.0
0.0
0.0
0.0
0.0
0.0
0.0
0.0
0.0
0.0
0.0
0.0
0.0
0.0
0.0
0.0
0.0
0.0
0.0
0.0
0.0
0.0
0.0
0.0
0.0
0.0
0.0
0.0
0.0
0.0
0.0
0.0
0.0
0.0
0.0
0.0
0.0
0.0
0.0
0.0
0.0
0.0
0.0
0.0
0.0
0.0
0.0
0.0
0.0
0.0
0.0
0.0
0.0
0.0
0.0
0.0
0.0
0.0
0.0
0.0
0.0
0.0
0.0
0.0
0.0
0.0
0.0
0.0
0.0
0.0
0.0
0.0
0.0
0.0
0.0
0.0
0.0
0.0
0.0
0.0
0.0
0.0
0.0
0.0
0.0
0.0
0.0
0.0
0.0
0.0
0.0
0.0
0.0
0.0
0.0
0.0
0.0
0.0
0.0
0.0
0.0
1.3439471075236994e-33
1.0570476688828868e-32
5.54100467858735e-32
1.935815705899231e-31
4.507347579592428e-31
6.320138612451331e-31
7.483180554575116e-31
5.905101854550097e-31
3.1056328375680838e-31
1.088565022151938e-31
2.5429638647137e-32
3.95920100125732e-33
4.108246184004338e-34
2.841102606735204e-35
1.309480166249955e-36
4.0224669023234317e-38
8.235075439094709e-40
1.1236323461524603e-41
1.0217918440672696e-43
6.1927304797275436e-46
2.5014018945378312e-48
6.733894655407457e-51
1.2081774061078865e-53
1.4446965969312554e-56
1.1513414440395497e-59
6.115235327538635e-63
2.1647301143986052e-66
5.107117990638056e-70
0.0
0.0
0.0
0.0
0.0
0.0
0.0
0.0
0.0
0.0
0.0
0.0
0.0
0.0
0.0
0.0
0.0
0.0
0.0
0.0
0.0
0.0
0.0
0.0
0.0
0.0
0.0
0.0
0.0
0.0
0.0
0.0
0.0
0.0
0.0
0.0
0.0
0.0
0.0
0.0
0.0
0.0
0.0
0.0
0.0
0.0
0.0
0.0
0.0
0.0
0.0
0.0
0.0
0.0
0.0
0.0
0.0
0.0
0.0
0.0
0.0
0.0
0.0
0.0
0.0
0.0
0.0
0.0
0.0
0.0
0.0
0.0
0.0
0.0
0.0
0.0
0.0
0.0
0.0
0.0
0.0
0.0
0.0
0.0
0.0
0.0
0.0
0.0
0.0
0.0
0.0
0.0
0.0
0.0
0.0
0.0
0.0
0.0
0.0
0.0
0.0
0.0
0.0
0.0
0.0
0.0
0.0
0.0
0.0
0.0
0.0
0.0
0.0
0.0
0.0
0.0
0.0
0.0
0.0
0.0
0.0
0.0
0.0
0.0
0.0
0.0
0.0
0.0
0.0
0.0
0.0
0.0
0.0
0.0
0.0
0.0
0.0
0.0
0.0
0.0
0.0
0.0
0.0
0.0
0.0
0.0
0.0
0.0
0.0
0.0
1.1954016798764043e-33
1.0996083094945918e-32
6.741300900757414e-32
2.75442505458439e-31
7.500664771933908e-31
1.3612882625940168e-30
1.6465768005251308e-30
1.4920067239423387e-30
9.177095536214003e-31
3.762021502906577e-31
1.027824208423117e-31
1.871535026503848e-32
2.2712169715897275e-33
1.8369648161496493e-34
9.902038256090206e-36
3.557377138221338e-37
8.51759071682288e-39
1.35920565870735e-40
1.4455566913003463e-42
1.0246289702917638e-44
4.84038249543973e-47
1.5239625006325083e-49
3.1977935914249212e-52
4.472065163953354e-55
4.1681886503397966e-58
2.5892152629062768e-61
1.0719400523177612e-64
2.9577018055244473e-68
0.0
0.0
0.0
0.0
0.0
0.0
0.0
0.0
0.0
0.0
0.0
0.0
0.0
0.0
0.0
0.0
0.0
0.0
0.0
0.0
0.0
0.0
0.0
0.0
0.0
0.0
0.0
0.0
0.0
0.0
0.0
0.0
0.0
0.0
0.0
0.0
0.0
0.0
0.0
0.0
0.0
0.0
0.0
0.0
0.0
0.0
0.0
0.0
0.0
0.0
0.0
0.0
0.0
0.0
0.0
0.0
0.0
0.0
0.0
0.0
0.0
0.0
0.0
0.0
0.0
0.0
0.0
0.0
0.0
0.0
0.0
0.0
0.0
0.0
0.0
0.0
0.0
0.0
0.0
0.0
0.0
0.0
0.0
0.0
0.0
0.0
0.0
0.0
0.0
0.0
0.0
0.0
0.0
0.0
0.0
0.0
0.0
0.0
0.0
0.0
0.0
0.0
0.0
0.0
0.0
0.0
0.0
0.0
0.0
0.0
0.0
0.0
0.0
0.0
0.0
0.0
0.0
0.0
0.0
0.0
0.0
0.0
0.0
0.0
0.0
0.0
0.0
0.0
1.5346919469353894e-34
1.1503262886266137e-33
5.746486937059733e-33
1.9132219326857899e-32
4.245314080586997e-32
5.764659629235461e-32
6.504601954664857e-32
4.891581897058171e-32
2.4516557076298796e-32
8.189382972714216e-33
1.823158512291439e-33
2.7050744724804372e-34
2.6749493970157086e-35
1.762923486278435e-36
7.743421584256586e-38
2.2668036015748754e-39
4.4225874731432673e-41
5.7506974180304e-43
4.983634124956356e-45
2.878414494881912e-47
1.1080058751220147e-49
2.8425776800278748e-52
4.860312215169902e-55
1.4933439157933764e-34
3.0879519974921504e-33
2.043960340517563e-32
9.353902925719054e-32
2.93674690157615e-31
6.278838414481019e-31
9.08533575864634e-31
8.854983257080776e-31
6.976746776724253e-31
3.4944970498087883e-31
1.170757018665445e-31
2.6203509995484327e-32
3.914762220397612e-33
3.901843466337656e-34
2.593579402237894e-35
1.149462319173105e-36
3.3961794173645413e-38
6.688753566204011e-40
8.780742306751091e-42
7.683004954420572e-44
4.480571741369303e-46
1.7415294378128092e-48
4.51147435724382e-51
7.789209194819755e-54
8.963001039043317e-57
6.873808652088715e-60
3.5133750060576253e-63
1.1968345383122122e-66
2.7172135045478717e-70
0.0
0.0
0.0
0.0
0.0
0.0
0.0
0.0
0.0
0.0
0.0
0.0
0.0
0.0
0.0
0.0
0.0
0.0
0.0
0.0
0.0
0.0
0.0
0.0
0.0
0.0
0.0
0.0
0.0
0.0
0.0
0.0
0.0
0.0
0.0
0.0
0.0002177085630453655
0.001619742424103211
0.008031523816377862
0.02654186854745899
0.0584583542246484
0.08581105141946847
0.08395013720337569
0.05473701944723256
0.023786055547665157
0.00688882671280759
0.001329687665060592
0.00017105491911113344
1.4665708346137293e-05
8.380155325376083e-07
3.191410288503144e-08
8.100181710278851e-10
1.3702140938791947e-11
1.5447693621112842e-13
1.160701144289634e-15
5.812443254693439e-18
1.3579542179944382e-19
3.458008226772377e-22
5.868788573368275e-25
6.638232422940803e-28
5.004238415723374e-31
2.5142304334716117e-34
8.418868260598102e-38
1.87881447105524e-41
0.0
0.0
0.0
0.0
0.0
0.0
0.0
0.0
0.0
0.0
0.0
0.0
0.0
0.0
0.0
0.0
0.0
0.0
0.0
0.0
0.0
0.0
0.0
0.0
0.0
0.0
0.0
0.0
0.0
0.0
0.0
0.0
0.0
0.0
0.0
0.0
0.0
0.0
0.0
0.0
0.0
0.0
0.0
0.0
0.0
0.0
0.0
0.0
0.0
0.0
0.0
0.0
0.0
0.0
0.0
0.0
0.0
0.0
0.0
0.0
0.0
0.0
0.0
0.0
0.0
0.0
0.0
0.0
0.0
0.0
6.945849329979118e-34
5.348674821064677e-33
2.7450393876922855e-32
9.38928482647382e-32
2.1404150461355557e-31
3.2519587261877856e-31
3.2928625494154e-31
2.222202996378964e-31
9.994829802617274e-32
2.996047024566232e-32
5.985540809933884e-33
7.96965855076312e-34
7.072249637105913e-35
4.182702705390476e-36
1.648686040103792e-37
4.331122548895399e-39
7.583060693525632e-41
8.848509876697541e-43
6.881407811838504e-45
9.555307487172986e-34
7.426545110869121e-33
3.8468967309949655e-32
1.3280541418899183e-31
3.0556427790719822e-31
4.685661709064149e-31
4.973369081571798e-31
3.878123359848504e-31
2.0154595998755223e-31
6.980847052056053e-32
1.6114754618318283e-32
2.4792528376945674e-33
2.5421401470171144e-34
1.7372395496565114e-35
7.912276846368564e-37
2.401733354753414e-38
4.858807045912193e-40
6.551127681130215e-42
5.886864279724571e-44
3.5256040065295225e-46
1.4072283858655578e-48
3.743494427166372e-51
6.636992749136825e-54
7.842364859146446e-57
6.175957407399696e-60
3.241478079428853e-63
1.1338704416418034e-66
2.64341486081631e-70
0.0
0.0
0.0
0.0
0.0
0.0
0.0
0.0
0.0
0.0
0.0
0.0
0.0
0.0
0.0
0.0
0.0
0.0
0.0
0.0
0.0
0.0
0.0
0.0
0.0
0.0
0.0
0.0
0.0
0.0
0.0
0.0
0.0
0.0
0.0
0.0
0.0
0.0
0.0
0.0
0.0
0.0
0.0
0.0
0.0
0.0
0.0
0.0
0.0
0.0
0.0
0.0
0.0
0.0
0.0
0.0
0.0
0.0
0.0
0.0
0.0
0.0
0.0
0.0
0.0
0.0
0.0
0.0
0.0
0.0
0.0
0.0
0.0
0.0
0.0
0.002517535043859221
0.01865534522170739
0.09213244656200587
0.30325185482115297
0.6652362029540794
0.9725900771028055
1.0
0.7434581704812421
0.3683787971493489
0.12165060145933979
0.02677413468257704
0.003927337053790717
0.00038393919916435945
2.501544785145881e-05
1.0862646794678728e-06
3.1437252448819214e-08
6.063662977677926e-10
7.79483767290796e-12
6.678218805246934e-14
3.813254233531523e-16
1.4511504010474348e-18
3.6805323514646806e-21
6.221432605936793e-24
7.008929806946287e-27
5.2625298044820156e-30
2.6334129962508273e-33
8.782636913307314e-37
1.9521466112744188e-40
0.0
0.0
0.0
0.0
0.0
0.0
0.0
0.0
0.0
0.0
0.0
0.0
0.0
0.0
0.0
0.0
0.0
0.0
0.0
0.0
0.0
0.0
0.0
0.0
0.0
0.0
0.0
0.0
0.0
0.0
0.0
0.0
0.0
0.0
0.0
0.0
0.0
0.0
0.0
0.0
0.0
0.0
0.0
0.0
0.0
0.0
0.0
0.0
0.0
0.0
0.0
0.0
3.5323868862127686e-05
0.00028083854055136473
0.0014880814375005363
0.0036100029262387764
0.009727027105510912
0.017467640550839176
0.020905950364907774
0.01667581742728884
0.008865146085528968
0.003140987511614169
0.0007416996446768806
0.00011672704207994226
1.2243242119710606e-05
8.558604228049954e-07
3.987410957498691e-08
1.2381139024879463e-09
2.5621924707069244e-11
3.533820202583697e-13
3.2483191768355958e-15
1.990006481988359e-17
8.125158360636994e-20
2.21101009545019e-22
4.0098780521921063e-25
4.846778278437011e-28
3.904421439005246e-31
2.0962437121778986e-34
7.50081415493012e-38
1.7887785800829049e-41
0.0
0.0
0.0
0.0
0.0
0.0
0.0
0.0
0.0
0.0
0.0
0.0
0.0
0.0
0.0
0.0
0.0
0.0
0.0
0.0
0.0
0.0
0.0
0.0
0.0
0.0
0.0
0.0
0.0
0.0
0.0
0.0
3.1198927663177235e-33
1.9961914933112147e-32
8.512287474875435e-32
2.419200768772227e-31
4.58225326951022e-31
5.784526511884197e-31
4.866739383951721e-31
2.7289143979871673e-31
1.019819433147362e-31
2.540026234819718e-32
4.2163307265699045e-33
4.66458149032778e-34
3.439317330267161e-35
1.6901037279466583e-36
5.535234436933808e-38
1.2082038840684962e-39
1.7576240388179933e-41
1.7040929829981561e-43
1.1011389899355547e-45
4.7421200200600273e-48
1.0019060569775595e-49
2.1941180147503905e-52
3.202392149793836e-55
3.115089937643739e-58
2.0195202655966562e-61
8.725842895377467e-65
2.512743229624717e-68
4.822479406159329e-72
0.0
0.0
0.0
0.0
0.0
0.0
0.0
0.0
0.0
0.0
0.0
0.0
0.0
0.0
0.0
0.0
0.0
0.0
0.0
0.0
0.0
0.0
0.0
0.0
0.0
0.0
0.0
0.0
0.0
0.0
0.0
0.0
0.0
0.0
0.0
0.0
0.0
0.0
0.0
0.0
0.0
0.00016662624229738042
0.00140141428821964
0.007855452917125097
0.01978526550828446
0.056396110378015576
0.10713662699319967
0.13564641955055526
0.11446171497132823
0.06437151205153314
0.024127299803311113
0.006027056726927601
0.0010034214614961733
0.00011133790377857792
8.233495325160258e-06
4.057952829095623e-07
1.3329421263717772e-08
2.9180796445116926e-10
4.257596858789628e-12
4.140125257082716e-14
2.683143947566627e-16
1.1589268185638199e-18
3.3361809746160094e-21
6.4006597289136164e-24
8.184307037016393e-27
6.976609790548658e-30
4.25066431912211e-33
2.9340905563062174e-35
1.7858082234633067e-36
2.283203232594056e-37
7.445579393813429e-39
1.6182066272665538e-40
2.343964339563135e-42
2.2628177305316586e-44
1.4558937917385321e-46
6.242971658759654e-49
1.7841632140145118e-51
3.398281462581995e-54
4.313856162621195e-57
3.649669366321192e-60
2.0578936756968928e-63
7.733460842941497e-67
1.9368964246222217e-70
0.0
0.0
0.0
0.0
0.0
0.0
0.0
0.0
0.0
0.0
0.0
0.0
0.0
3.034048776260331e-34
2.3705862993154814e-33
1.2685224048532179e-32
4.5410069969030793e-32
1.11993146327451e-31
1.9593870231866644e-31
2.53277890109272e-31
2.5070021810684e-31
1.9098142529692594e-31
1.0865851480025211e-31
4.428570270536937e-32
1.25130259034661e-32
2.4033911919317185e-33
3.105877808144065e-34
2.6869400918846926e-35
1.5524259342926703e-36
5.983571340213765e-38
1.5377408267547336e-39
2.6343631947211393e-41
3.0080868926704823e-43
2.2893141222792112e-45
1.1612094837401497e-47
3.9255569552223556e-50
8.844542432059137e-53
1.3281032754274156e-55
1.390071880758809e-57
1.0614433936804068e-60
5.401794686071441e-64
7.02561683296812e-34
4.9786361313494114e-33
2.3513531515715728e-32
7.401280839606778e-32
1.5526638962031292e-31
2.1708487888527544e-31
2.0228479552539735e-31
1.2562568886972272e-31
5.199663272171967e-32
1.4343446954431378e-32
2.6370198055294545e-33
3.231132739212647e-34
2.6386255057059995e-35
1.4360919926923018e-36
5.209167393163748e-38
1.2593194596467665e-39
2.0290140926671665e-41
2.1787919437854998e-43
1.5592939945976853e-45
7.437411311396429e-48
2.364270382644654e-50
5.009034603378028e-53
6.59517239094443e-55
7.105352402748636e-58
5.1018377269389145e-61
2.4414577197656933e-64
7.786697845416059e-68
1.6551562024386643e-71
0.0
0.0
0.0
0.0
0.0
0.0
0.0
0.0
0.0
0.00018175152775777993
0.0015829314086796254
0.009188141420172198
0.035544695147820354
0.09164387932097601
0.15747574944887247
0.1803455585475274
0.137650808544102
0.07002185800506604
0.023739416623473366
0.005363990529487449
0.001588305973411602
0.00018249657137124782
1.3975160303524931e-05
7.132477905121879e-07
2.4260828060563745e-08
5.499869099150248e-10
8.309609869554791e-12
8.367398713423057e-14
5.615414792221341e-16
2.511624828496947e-18
7.487024282952545e-21
1.487459891239065e-23
1.9695310614766537e-26
1.7380487477877022e-29
1.0222158719863763e-32
4.006866150225141e-36
1.0467635665386482e-39
0.0
0.0
0.0
0.0
0.0
0.0
0.0
0.0
0.0
0.0
0.0
0.0
0.0
0.0
0.0
0.0
0.0
0.0
0.0
0.0
0.0
0.0
0.0
0.0
0.0
0.0
0.0
0.0
0.0
0.0
0.0
0.0
0.0
0.0
0.0
0.0
0.0
0.0
0.0
0.0
0.0
0.0
0.0
0.0
0.0
0.0
0.0
2.6805788963045353e-35
1.96613845791369e-34
9.611278247444909e-34
3.131336574540978e-33
6.799232610628266e-33
9.83946750836624e-33
9.489970029539448e-33
6.1001376357833506e-33
2.6133403576811194e-33
7.461632661755466e-34
1.419885429126222e-34
1.8007535862177689e-35
7.939697713766583e-35
3.5273295895616747e-34
2.4382195146929904e-33
1.1325085334676295e-32
3.528342833545164e-32
7.365568424444218e-32
1.0293148266926023e-31
9.621693185219442e-32
6.01206066757201e-32
2.5096839411137655e-32
6.995781683035672e-33
1.3016952906966463e-33
1.6162316087725062e-34
1.3387829173713653e-35
7.396758424287343e-37
2.725380810598186e-38
6.6959362571560385e-40
1.0968545126527529e-41
1.1978562743852431e-43
8.720673930500758e-46
4.232164610962097e-48
1.3690660039418512e-50
2.952034419595181e-53
4.242701170897114e-56
4.06423301591097e-59
2.59491337420891e-62
1.1042557866607603e-65
4.986676746421912e-68
0.0
0.0
0.0
0.0
0.0
0.0
0.0
0.0
0.00015426068483338635
0.001307928747617283
0.007390851290611115
0.02783469012565213
0.06986503255788591
0.11687318753974946
0.13030211357306334
0.09682100355156671
0.04794786208991855
0.01582524576940226
0.0034810737755145743
0.0005103375681637754
4.98635736211124e-05
3.2470637027946415e-06
1.409223139846434e-07
4.076151064642913e-09
7.857824485843616e-11
4.5092524821379546e-12
4.420375738148225e-14
2.887987893273525e-16
1.2575147801568474e-18
3.649323605481751e-21
7.058187686576293e-24
9.098202047132074e-27
7.816269043868794e-30
4.4753290317438225e-33
1.707780261801485e-36
4.3433072912305196e-40
3.625197257296337e-65
1.0223549174930788e-68
0.0
0.0
0.0
0.0
0.0
0.0
0.0
0.0
0.0
0.0
0.0
0.0
0.0
0.0
0.0
0.0
0.0
0.0
0.0
0.0
0.0
0.0
0.0
0.0
0.0
0.0
0.0
0.0
0.0
6.49758577732699e-35
4.567907019304642e-34
2.1402476902015573e-33
6.6833217120156e-33
1.390920299177669e-32
1.9292729345890447e-32
1.7834734409505665e-32
1.0988063716796885e-32
4.511876879775219e-33
1.9895223128118838e-33
4.154200613105605e-34
5.781062504715387e-35
7.122091094605663e-34
5.479781322360916e-33
2.830936049724488e-32
9.747747902289257e-32
2.236970584109501e-31
3.4213523880510293e-31
3.4875214689174374e-31
2.3692861752877222e-31
1.072752904588064e-31
3.237154489098929e-32
6.510415420699392e-33
8.726408203174328e-34
7.795498566770828e-35
4.641237747548507e-36
1.8416423088298485e-37
4.870329001012326e-39
8.58406236062964e-41
1.0083445990611104e-42
7.894172953075972e-45
4.118943606317937e-47
1.4323415917478511e-49
3.3196240950127508e-52
5.1275837390084515e-55
5.46885225360701e-57
4.2955880384535133e-60
2.2486952694715966e-63
7.845491141691402e-67
1.8242788145311797e-70
0.0
0.0
0.0
0.0
0.0
0.0
0.0
0.0
0.0
0.0
0.0
0.0
0.0
0.0
0.0
0.0
0.0
0.0
0.0
0.0
0.0
0.0
0.0
0.0
0.0
0.0
0.0
0.0
0.0
0.0
0.0
0.0
0.0
0.0
0.0
0.0
0.0
0.0
0.0
0.00011887479102810398
0.0008943134639032296
0.004484059016864187
0.014984229596600153
0.03337175650372101
0.04953421233505145
0.04900190963031614
0.03883163655211697
0.01953421745924912
0.006549194525783926
0.0014633941359014318
0.00021792962866353243
2.1629814529576958e-05
1.4307734094787205e-06
6.307691919175087e-08
1.8533252152342445e-09
3.629228760990906e-11
4.73651155912936e-13
4.1198784896298985e-15
2.388315852247064e-17
9.227427962510018e-20
2.3760255900513185e-22
4.0775858383857185e-25
4.6637650012200125e-28
3.5550994478768497e-31
1.8061274657474736e-34
6.115424210700535e-38
1.3800230100509848e-41
0.0
0.0
0.0
0.0
0.0
0.0
0.0
0.000523322802015675
0.0036606951958664245
0.017066286367944713
0.05302687529936801
0.10980815437730945
0.1515495656878162
0.13939793756034788
0.0854554073347125
0.03491437701189024
0.009507155425679908
0.0017253548892017917
0.00020868336544511846
1.682204433752664e-05
9.037561440583963e-07
3.235976063601085e-08
7.722197172630195e-10
1.2281686866748346e-11
1.3018372759763378e-13
9.196804045168404e-16
4.330107833194294e-18
0.00022676867591752515
0.0018711331123638846
0.010289821772633077
0.03771312919950356
0.07155663455123573
0.1333635671784978
0.16565557195758818
0.13713756736944485
0.07566384076784097
0.027822866518140286
0.006818626623746666
0.001113713530010996
0.00012123600858746202
8.795718305228137e-06
4.2529721859502285e-07
1.3705513795065849e-08
2.9436057860039867e-10
4.213524494135475e-12
4.019693560487497e-14
2.5557708795681193e-16
1.083009926034808e-18
3.058612822068191e-21
5.757025071124794e-24
7.221930170759182e-27
6.037956741402955e-30
3.364404907081417e-33
1.2494188861697415e-36
3.0923555592939552e-40
6.69558057162037e-69
2.4412016893467587e-71
0.0
0.0
0.0
0.0
0.0
0.0
0.0
0.0
0.0
0.0
0.0
0.0
0.0
7.149331818949782e-34
4.6889172273382076e-33
2.0495627837234955e-32
5.970785024517846e-32
1.1592662477017036e-31
1.5000871686829994e-31
1.2936933603164346e-31
7.435800860823913e-32
2.848430974213759e-32
7.272189666545387e-33
1.2373889771796009e-33
1.4032299219689006e-34
2.6240861733928605e-35
1.5132241619043134e-36
5.815807049517845e-38
1.4896980872754997e-39
2.543127176830034e-41
2.8934730783123574e-43
2.1940795070513912e-45
1.1088347411301945e-47
3.7347611800208493e-50
8.383790083340949e-53
1.254294458831249e-55
1.2506625912163243e-58
8.311173797865383e-62
3.681002535437464e-65
1.0865542560254857e-68
2.137559764687578e-72
0.0
0.0
0.0
0.0
0.0
0.0
0.0
0.0
0.0
0.0
0.0
0.0
0.0
0.0
0.0
0.0
0.0
0.0
0.0
0.0
0.0
0.0
0.0
0.0
0.0
0.0
0.0
0.0
0.0
0.0
0.0
0.0
0.0
0.0
0.0
0.0
0.0
0.0
0.0
0.0
0.0
0.0
0.0
0.0
0.0
0.0
0.0
0.0
0.0
0.0
0.0
0.0
0.0
0.0
0.0
0.0
0.0
0.0
0.0
0.0
0.0
0.0
0.0
0.0
0.0
0.0
6.665459805487181e-34
4.7658451109888856e-33
2.2710739815630998e-32
7.212804950819626e-32
1.5267173554248724e-31
2.1537468003223293e-31
2.024940171240598e-31
1.2688529541366376e-31
5.298975876062684e-32
1.4748713446664063e-32
2.735885271239477e-33
3.382386039958908e-34
2.7869553644564337e-35
1.530447376829254e-36
5.601293603192935e-38
1.3662803498013455e-39
2.2211242564551307e-41
2.4065086990968395e-43
1.7377350665443372e-45
3.6383386547193734e-35
3.2897959309054716e-34
1.3226390538214485e-33
6.753357690372357e-33
2.4398416703286425e-32
6.343383028506274e-32
1.1964930810371989e-31
1.6288705223241464e-31
1.5758026714100065e-31
1.063296382138156e-31
4.924512990241863e-32
1.5474788120836752e-32
3.27505888198955e-33
4.647310569946723e-34
4.4100089632920993e-35
2.7943822393094618e-36
1.1813427272157173e-37
3.330468177070828e-39
6.259789604540123e-41
7.842880556859146e-43
6.549640165317627e-45
3.6455707908793054e-47
1.3524116967089253e-49
3.343809196444446e-52
5.510104724929884e-55
6.051487326337887e-58
4.4294240992977246e-61
2.16080053398142e-64
1.068792209775977e-66
2.6513324566264135e-70
0.0
0.0
0.0
0.0
0.0
0.0
0.0
0.0
0.0
0.0
0.0
0.0
0.0
2.4006859240073514e-34
1.5901969667763777e-33
7.020176699749788e-33
2.0655072067829267e-32
4.050297592550738e-32
5.293326725934097e-32
4.610542363744052e-32
2.676436109975205e-32
1.0354837614853265e-32
2.6699999475122854e-33
8.633576728830345e-34
1.1320387510733084e-34
9.89266681344587e-36
5.761651939660547e-37
2.2364655054874868e-38
5.785740319696078e-40
9.975558477304902e-42
1.146296716641898e-43
8.778866125984972e-46
4.480859765211815e-48
1.5242837735574547e-50
3.455825849689026e-53
5.221790206891014e-56
5.258580639917937e-59
3.529386377762395e-62
1.5787429357326702e-65
4.706577167092031e-69
9.351483138170435e-73
0.0
0.0
0.0
0.0
0.0
0.0
0.0
0.0
0.0
0.0
0.0
0.0
0.0
0.0
0.0
0.0
0.0
0.0
2.9156639537356604e-35
2.042501756247688e-34
9.53605962237099e-34
2.9672697218825276e-33
6.153562848271469e-33
8.505068273689457e-33
7.834486131188787e-33
4.809775171500932e-33
1.9679795644905684e-33
2.0760144906571017e-05
0.00018987795983826217
0.0011574447813015485
0.004702269906640426
0.012731992508569743
0.02297559374074532
0.02763240340101728
0.024943312742086613
0.015254874159805953
0.0062179134849500465
0.0016891268633394277
0.0003058168501579621
3.690133694593413e-05
2.967593009898641e-06
1.5905529299608726e-07
5.68163670680162e-09
1.3526341370608954e-10
2.1461930040275374e-12
2.269544769727456e-14
1.5995222353839374e-16
7.51317245151295e-19
2.3520035954906657e-21
4.9072044604307064e-24
6.823573496245327e-27
6.323698304592029e-30
3.9058176065012465e-33
1.607808512246665e-36
4.411011973521886e-40
0.0
0.0
0.000397820804095378
0.0025372263376546014
0.006964787725368439
0.022588229146963713
0.0488245257327372
0.07033563782522916
0.06752963075915568
0.04321105484596318
0.01842794509127928
0.005237698545049616
0.0009921689617071268
0.00012525997556726872
1.0539513312361167e-05
5.910311067936465e-07
2.2089285553924606e-08
5.502176885806542e-10
9.134167576495455e-12
1.0106131617593397e-13
7.452165189939801e-16
3.662364322606988e-18
1.1995605211397836e-20
2.6185708681347084e-23
3.809676052611457e-26
3.693969558334419e-29
2.387152281697625e-32
1.0281310732145413e-35
2.951198311665071e-39
5.645856696856334e-43
2.5096093942770638e-68
0.0
0.0
0.0
0.0
0.0
0.0
0.0
0.0
0.0
0.0
0.0
0.0
0.0
0.0
0.0
0.0
0.0
0.0
0.0
2.1876619471056056e-34
1.4053247122484475e-33
6.016649357761129e-33
1.7167785133829595e-32
3.264790998889639e-32
4.1378814864434573e-32
3.8680672569889166e-32
2.492982676355045e-32
1.0708436175680436e-32
3.065592272461888e-33
5.849035819137052e-34
7.437649656276749e-35
1.260685854567342e-05
9.637359971983645e-05
0.000491010557415935
0.0016672668973527125
0.0037731230886161697
0.005690866096702111
0.0057205437183686855
0.0038324614861198225
0.0017111963197092312
0.0005092176215637694
0.00010099236880506126
1.3349200060612222e-05
1.1759895779430817e-06
6.904516188205717e-08
2.701746389027454e-09
7.045915903917054e-11
1.224649696662786e-12
1.4186257915063344e-14
1.0952301016791996e-16
5.635396008460651e-19
1.340616866778484e-20
3.5077313793223674e-23
6.116873861357037e-26
7.109094216657396e-29
5.506562378535812e-32
2.8426828199685515e-35
9.780426518470508e-39
2.2426873449337526e-42
0.0
0.0
0.0
0.0
0.0
0.0
0.0
0.0
0.0
0.0
0.0
0.0
0.0
0.0
0.0
0.0
0.0
0.0
0.0
0.0
0.0
0.0
0.0
0.0
0.0
0.0
0.00015604774960079106
0.0010484218524026163
0.004694573760862664
0.014009989760625554
0.02786512636588409
0.03693735250824905
0.032632628697141966
0.019214093645908172
0.007539964390545003
0.0019719696872312533
0.000343726268124475
3.9930684887044334e-05
3.091593202587346e-06
1.5952893888221654e-07
5.486282383792801e-09
1.2574721824340086e-10
1.9208796859285943e-12
9.439207691851808e-14
7.3322944937671e-16
3.795996518099453e-18
1.3097646335430452e-20
3.011911880269212e-23
4.616074526413314e-26
4.715034886413565e-29
3.2098043194363847e-32
1.4563097330265585e-35
4.4036266888877104e-39
8.874599979901572e-43
8.125143742882407e-65
4.75367504420872e-05
0.0003426279206885621
0.001645877692207632
0.005269312014749958
0.011243248772676373
0.015988630758073517
0.015153476300481063
0.00957182661902645
0.004029572006288798
0.0011305885072472658
0.0002114130346800091
2.6347566071101313e-05
2.1884205911181225e-06
1.2114420125969843e-07
1.4044880548226763e-08
3.953597637861564e-10
7.417344245610146e-12
9.274402727126037e-14
7.728674443925715e-16
5.842516984670086e-05
0.00041923102172652536
0.002004880019291826
0.006390059646424766
0.013573848089083587
0.01921686792051176
0.018131919158882483
0.011402143203751897
0.004778710887285639
0.0013348011430590978
0.0002484871480145095
3.082995148961277e-05
2.5493138145762033e-06
1.4049320035967226e-07
5.1602276322861896e-09
1.2631762821366376e-10
2.06082262368062e-12
2.2407778990253152e-14
1.6238225177013805e-16
7.842596204578946e-19
1.788579485456773e-20
4.392705833899888e-23
7.190143279007585e-26
7.843763971890622e-29
5.702864291410299e-32
2.7633958777953437e-35
8.924311525605505e-39
1.920825386057206e-42
0.0
0.0
0.0
0.0
0.0
0.0
0.0
7.604201976956988e-05
0.0004932014481188332
0.0021319479162433806
0.006142008121017008
0.011793038877137299
0.015091159955587496
0.012870667254433421
0.007315786977343453
0.0027714215381783504
0.0006997222317271664
0.00011774170098752623
2.8644038875514853e-05
2.4509895964561055e-06
1.397752344489821e-07
5.312519523884889e-09
1.3457128426039315e-10
2.2718821700307256e-12
2.5562348855678816e-14
1.9168903010216073e-16
9.58021621310723e-19
3.1910595549007488e-21
7.083959287773351e-24
1.0480904211598786e-26
1.0334821863225825e-29
6.791860964297734e-33
2.974788724815181e-36
8.68370406866872e-40
1.689411518662223e-43
0.0
0.0
0.0
0.0
0.0
0.0
0.0
0.0
0.0
0.0
0.0
0.0
0.0
0.0
0.0
0.0
7.039497946017039e-05
0.0005675254123181575
0.0030493725561772642
0.010919863511633283
0.026061864411888184
0.04145484542509925
0.0439467403086987
0.031049855461331065
0.014620897971909574
0.004588492840015494
0.0009597267909737153
0.0001337847854853174
1.2429320392387895e-05
7.696080250491775e-07
3.175947688091523e-08
8.734914159662562e-10
1.6011259287731462e-11
1.956022688270806e-13
8.28146199127006e-15
5.144675544527923e-17
2.1300535238307297e-19
5.877661764559635e-22
1.0809365883195617e-24
1.3248846383470374e-27
1.0825221731479053e-30
6.094139576576775e-34
1.296881051406599e-36
3.8764398363012645e-38
9.222009948735614e-40
1.464128842877244e-41
1.549225208921525e-43
1.0925249472519473e-45
5.1348731375271583e-48
1.6084576191754906e-50
3.35792563820543e-53
4.672120924149302e-56
1.4872100700650892e-35
1.0880085102280622e-34
5.304858638097609e-34
1.723839733712999e-33
3.733374065686899e-33
5.388745509472076e-33
5.1838853737067735e-33
3.32356865089502e-33
1.972445550754951e-33
6.43067953736632e-34
1.3973019345080724e-34
2.023509282922099e-35
1.952997511980383e-36
1.2562605650271443e-37
5.38566471002601e-39
1.538793864417786e-40
2.930239562688269e-42
3.7188388352821733e-44
3.1455249597583857e-46
2.8086962122383175e-34
1.9694179512906737e-33
9.054548041664243e-33
2.826131158385233e-32
6.045345190392153e-32
8.969051973995787e-32
9.347223717443058e-32
6.91088151802895e-32
3.6368209713640627e-32
1.3556588318388735e-32
3.5410211390153795e-33
6.398896691059346e-34
7.908025841998608e-35
6.624532932632651e-36
3.7382595506933667e-37
4.40679449301813e-38
1.2766630047698222e-39
2.472099461280936e-41
3.195899770428399e-43
2.7564857735335324e-45
1.5855201245682184e-47
6.080396905257581e-50
1.5544288487412398e-52
2.6488013214735824e-55
3.008459380007066e-58
9.036897054128284e-36
8.197404328017582e-35
4.955813183716466e-34
1.9968021923467386e-33
2.9524527328163985e-05
0.00024598112695184735
0.0013658473627187325
0.005054568635534452
0.012466587112697523
0.020492389512638674
0.022450146352594652
0.01639182462800915
0.007976584489692146
0.002586950915654315
0.0005591662566015197
8.055180395651464e-05
1.7668472619584542e-05
1.2943028378326622e-06
6.319087181242987e-08
2.0561478458950495e-09
4.4589836430722005e-11
6.444644526523514e-13
6.2078841562022456e-15
3.9853804747310604e-17
1.7052086289349634e-19
4.862580484351828e-22
9.241397097087069e-25
1.1705501082625942e-27
9.881524121682857e-31
5.55954704116881e-34
2.084665782187808e-37
5.209729135239072e-41
5.867251262700771e-50
1.3392729386390246e-52
2.0374410322629503e-55
2.0657727823146404e-58
1.3959234471031156e-61
6.286692254178887e-65
1.8869671894192805e-68
3.7747487008405614e-72
0.0
0.0
0.0
0.0
0.0
0.0
0.0
0.0
0.0
0.0
0.0
0.0
0.0
0.0
0.0
0.0
0.0
0.0
0.0
0.0
0.0
0.0
1.7406596014283681e-34
1.2156880347327151e-33
5.658638924309625e-33
1.75542941452781e-32
3.629412311261248e-32
4.7015290731409554e-32
4.943045898886615e-32
3.4636317214287374e-32
1.6175224681509356e-32
5.0344320509745086e-33
1.0443166290427305e-33
1.443761483426649e-34
1.3302714112680848e-35
8.168957041903484e-37
3.3432935838760625e-38
9.119351710653564e-40
1.657810800466513e-41
2.008572497939609e-43
1.62189078861354e-45
8.728452460027586e-48
3.1306494628035706e-50
7.483645082350586e-53
1.1922668549020476e-55
1.2659463677521188e-58
8.958570001058712e-62
4.225164520369341e-65
1.3280979464124589e-68
3.563071398315802e-05
0.00024222765824652182
0.0010974998875700216
0.003314108986927478
0.00552640252749742
0.008486085377083757
0.008684680129207877
0.005923546554079024
0.0026927208482969605
0.0008157975710694095
0.00016472329886273328
2.2167116443144467e-05
1.988130657273441e-06
1.1883987602382829e-07
4.734357029852695e-09
1.2570176341956563e-10
2.2243508113965063e-12
2.623292654815068e-14
2.061919719043516e-16
1.0801356716335724e-18
3.771085804153435e-21
8.774776579737641e-24
1.3607779674799445e-26
1.4064361435185352e-29
9.688004158637899e-33
4.4476454813246316e-36
1.3608415374313004e-39
2.775022440204763e-43
0.0
0.0
0.0
0.0
0.0
0.0
0.0
0.0
0.0
0.0
0.0
0.0
0.0
0.0
0.0
0.0
0.0
1.9536111014800565e-35
1.8266788850810724e-34
1.1383291338316158e-33
4.72775586098621e-33
1.30865081650018e-32
2.4142045685859596e-32
2.970266486579282e-32
2.4457483431428282e-32
4.883561106097227e-05
0.0003379660531265563
0.0009796363897745608
0.003447497366811771
0.00808582849223877
0.012639405747078657
0.013167712455442598
0.009142722978570146
0.004230798443714633
0.0013048201628357175
0.00026820108495275455
3.674108267989243e-05
3.3544777653578447e-06
2.041171206789552e-07
8.277810832440732e-09
2.237345783269439e-10
4.030252631649596e-12
4.8385248834838685e-14
3.8714640936516374e-16
2.0645197445826973e-18
7.337437144529526e-21
1.7380060957431945e-23
2.743719721395164e-26
2.886753776815671e-29
2.0242366728305004e-32
9.460070714849543e-36
2.946517502295506e-39
6.116531485835569e-43
0.0
0.0
0.0
0.0
0.0
0.0
0.0
0.0
0.0
0.0
0.0
0.0
0.0
0.0
0.0
0.0
0.0
0.0
0.0
0.0
0.0
0.0
0.0
9.825313674282426e-35
9.161245149581527e-34
5.693038667080806e-33
1.5359299634385457e-32
4.8535959767294863e-32
1.0222035366942266e-31
1.4348043500462984e-31
1.342238026067673e-31
8.368506161443792e-32
3.4773458768811115e-32
9.63006876980563e-33
1.7774297089053177e-33
2.18643730928833e-34
1.7925165426093772e-35
9.794242739491186e-37
3.5666467885520227e-38
8.656271907572125e-40
1.4001779220445363e-41
1.5094443605507593e-43
1.0845074534362038e-45
5.19313390753363e-48
1.6573264043720025e-50
3.5250730886502975e-53
4.997004617438957e-56
1.4289033212149648e-05
0.0001270646641894183
0.0007530577607768241
0.0029744956102152153
0.005932497377766459
0.011915854154678987
0.015951236393815262
0.014231316314327802
0.008462084159633933
0.0033534447625885176
0.0008856997500335014
0.00015590621757717173
1.8290344970061746e-05
1.430085180615033e-06
7.452182191457988e-08
2.588132879013611e-09
5.990612441267296e-11
1.4576530696580432e-05
9.570995360291059e-05
0.00041883369718688084
0.001221539945905974
0.0023744076330745783
0.0030759865641708326
0.0026557985945770456
0.0015282253081298062
0.0005860857828770599
0.00014980162816966404
2.551839931352347e-05
2.897155944934413e-06
2.192158058220017e-07
3.130204553576614e-08
1.204412601888086e-09
3.088583956303377e-11
5.278676891480644e-13
6.012738221020116e-15
4.5645825011703565e-17
2.3094649421075366e-19
7.787592804713363e-22
1.7501555298853485e-24
2.621389781207804e-27
2.6167853989616338e-30
1.74094945250462e-33
7.719439430568055e-37
2.2812186540165025e-40
4.492929590635195e-44
0.0
0.0
0.0
0.0
0.0
0.0
0.0
0.0
0.0
0.0
0.0
0.0
0.0
0.0
0.0
0.0
0.0
0.0
0.0
0.0
0.0
0.0
0.0
0.0
0.0
0.0
0.0
0.0
0.0
0.0
0.0
0.0
0.0
0.0
0.0
0.0
0.0
0.0
0.0
0.0
0.0
0.0
0.0
0.0
0.0
0.0
8.907213923790167e-06
7.349953115176722e-05
0.0004042116280918885
0.001481544106192045
0.0036191111021937586
0.005892109296807431
0.006393243137367245
0.00462331193369471
0.002228264387658493
0.0007157507154656894
0.00015322809787572442
2.1862336683425614e-05
2.0789129004152155e-06
1.3175210370529858e-07
5.564938520320409e-09
1.5665516966802548e-10
1.1570936185939722e-11
1.6563626898873067e-13
1.5802431934425084e-15
1.0047869031127703e-17
4.257998960323073e-20
1.2025930362964265e-22
2.2636713180342205e-25
2.839813150637956e-28
2.3744608213267667e-31
1.3286711908021428e-34
7.073420270330743e-38
5.6834588011074424e-40
9.545929306466128e-42
1.0919423003397645e-43
8.324587368219495e-46
4.2296778354602903e-48
1.4322980856901123e-50
2.190366535373263e-36
2.0577159493204467e-35
1.913773455373481e-34
9.608584119927762e-34
3.404116950720337e-33
8.69348488448336e-33
1.6256492575736255e-32
2.464667361874864e-32
3.61288109579795e-32
4.740303271697833e-32
6.472245096580396e-32
6.701436476914862e-32
4.813375934787296e-32
2.330274315690448e-32
7.542073968270663e-33
1.628262484508246e-33
2.343368475737982e-34
2.2478432822683882e-35
1.437079015218778e-36
7.020223193236497e-35
5.971304210429037e-34
3.388016093976481e-33
1.2811634395295275e-32
3.228829862051407e-32
5.423346265632458e-32
6.071151279470925e-32
4.529563200224994e-32
2.2522839441271757e-32
7.463997861051032e-33
1.648547328349871e-33
2.4266820720652476e-34
2.3807066859565e-35
1.5566122711488395e-36
6.783230204869344e-38
6.70463006902353e-39
1.4857081547495021e-40
2.194187527064887e-42
2.1597104268010034e-44
1.4167683822879214e-46
6.1941787741537875e-49
1.8048876083729398e-51
3.50508164881895e-54
1.9418251582628713e-07
1.6226117133028407e-06
9.036508015618838e-06
3.3540398464082016e-05
0.00012065467196819117
0.00039990534227640534
0.001374655805412388
0.0039071227586655885
0.00790188531969033
0.01082859804068016
0.009929349522340942
0.006073792979168622
0.0024767228233318786
0.0006731304101515258
0.00012192926529287319
1.4719719160441792e-05
1.1843305720710817e-06
6.350793264429554e-08
7.2082892080509815e-09
1.9655759899559455e-10
3.572144542346208e-12
4.3266300030579094e-14
3.492625654098056e-16
1.8790393282572377e-18
6.7375383230984736e-21
1.6100826685827935e-23
2.5643461599953636e-26
2.7219909259156654e-29
1.9256539478800936e-32
9.079279040175307e-36
2.853027983753043e-39
5.975059677198642e-43
0.0
0.0
0.0
0.0
0.0
0.0
0.0
0.0
0.0
0.0
0.0
0.0
0.0
0.0
0.0
0.0
0.0
1.1189922898803567e-35
1.0474409164225634e-34
6.534517475083622e-34
2.7169338258858937e-33
7.528806685448295e-33
1.3904480888599086e-32
1.7114529374277265e-32
1.4039663245989595e-32
7.675911679030976e-33
1.4294553268322968e-07
9.455018215985713e-07
4.168076684947812e-06
1.2245896356969088e-05
2.3978775770009155e-05
3.129284015972979e-05
2.7217266468987433e-05
1.5777041826482675e-05
6.095203314381974e-06
1.5693953617289286e-06
2.6931347328085465e-07
3.0801037489443894e-08
5.792566767929875e-09
3.368843940911692e-10
1.3057868358356061e-11
3.3732243532060286e-13
5.807640382242519e-15
6.664011745130514e-17
5.096280686275898e-19
2.5974815613900048e-21
8.823342857512618e-24
1.9975395443651898e-26
3.013971657453041e-29
3.0308503309038806e-32
2.0312873569610598e-35
9.073185465248609e-39
2.70103218736492e-42
5.358969421839892e-46
6.5307352461044495e-59
4.572250043314336e-62
2.1334350000515315e-65
6.634533735497129e-69
1.3750641074072914e-72
0.0
0.0
0.0
0.0
0.0
0.0
0.0
0.0
0.0
0.0
0.0
0.0
0.0
0.0
0.0
0.0
0.0
0.0
0.0
0.0
0.0
0.0
0.0
0.0
0.0
0.0
0.0
0.0
0.0
0.0
0.0
0.0
0.0
0.0
0.0
0.0
0.0
0.0
0.0
0.0
0.0
0.0
0.0
0.0
0.0
0.0
0.0
0.0
0.0
0.0
0.0
0.0
0.0
0.0
0.0
0.0
0.0
0.0
0.0
0.0
0.0
0.0
0.0
0.0
0.0
0.0
0.0
0.0
0.0
0.0
0.0
0.0
0.0
0.0
0.0
0.0
0.0
0.0
0.0
0.0
0.0
0.0
0.0
0.0
0.0
0.0
0.0
0.0
0.0
0.0
0.0
0.0
0.0
0.0
0.0
0.0
0.0
0.0
0.0
0.0
0.0
0.0
0.0
0.0
0.0
0.0
0.0
0.0
0.0
0.0
0.0
0.0
0.0
0.0
0.0
0.0
0.0
0.0
0.0
0.0
0.0
0.0
0.0
0.0
0.0
0.0
0.0
0.0
0.0
0.0
0.0
0.0
0.0
0.0
0.0
0.0
0.0
0.0
0.0
0.0
0.0
0.0
0.0
0.0
0.0
0.0
0.0
0.0
0.0
0.0
0.0
0.0
0.0
0.0
0.0
0.0
0.0
0.0
0.0
0.0
0.0
0.0
0.0
0.0
0.0
0.0
0.0
0.0
0.0
0.0
0.0
0.0
0.0
0.0
0.0
0.0
0.0
0.0
0.0
0.0
0.0
0.0
0.0
0.0
0.0
0.0
0.0
0.0
0.0
0.0
0.0
0.0
0.0
0.0
0.0
0.0
0.0
0.0
0.0
0.0
0.0
0.0
0.0
0.0
0.0
0.0
0.0
0.0
0.0
0.0
0.0
0.0
0.0
0.0
0.0
0.0
0.0
0.0
0.0
0.0
0.0
0.0
0.0
0.0
0.0
0.0
0.0
0.0
0.0
0.0
0.0
0.0
0.0
0.0
0.0
0.0
0.0
0.0
0.0
0.0
0.0
0.0
0.0
0.0
0.0
0.0
0.0
0.0
0.0
0.0
0.0
0.0
0.0
0.0
0.0
0.0
0.0
0.0
0.0
0.0
0.0
0.0
0.0
0.0
0.0
0.0
0.0
0.0
0.0
0.0
0.0
0.0
0.0
0.0
0.0
0.0
0.0
0.0
0.0
0.0
0.0
0.0
0.0
0.0
0.0
0.0
0.0
0.0
0.0
0.0
0.0
0.0
0.0
0.0
0.0
0.0
0.0
0.0
0.0
0.0
0.0
0.0
0.0
0.0
0.0
0.0
0.0
0.0
0.0
0.0
0.0
0.0
0.0
0.0
0.0
0.0
0.0
0.0
0.0
0.0
0.0
0.0
0.0
0.0
0.0
