a = 5.0282189046354215 b = 5.0282189046354215 c = 17.772583010243252 ,Gaussian ,LMH = 0.08 ,DW = [0.3 0.3 0.3]
0.0
0.0
0.0
0.0
0.0
0.0
0.0
0.0
0.0
0.0
0.0
0.0
0.0
0.0
0.0
0.0
0.0
0.0
0.0
0.0
0.0
0.0
0.0
0.0
0.0
0.0
0.0
0.0
0.0
0.0
0.0
0.0
0.0
0.0
0.0
0.0
0.0
0.0
0.0
0.0
0.0
0.0
0.0
0.0
0.0
0.0
0.0
0.0
0.0
0.0
0.0
0.0
0.0
0.0
0.0
0.0
0.0
0.0
0.0
0.0
0.0
0.0
0.0
0.0
0.0
0.0
0.0
0.0
0.0
0.0
0.0
0.0
0.0
0.0
0.0
0.0
0.0
0.0
0.0
0.0
0.0
0.0
0.0
0.0
0.0
0.0
0.0
0.0
0.0
0.0
0.0
0.0
0.0
0.0
0.0
0.0
0.0
0.0
0.0
0.0
0.0
0.0
0.0
0.0
0.0
0.0
0.0
0.0
0.0
0.0
0.0
0.0
0.0
0.0
0.0
0.0
0.0
0.0
0.0
0.0
0.0
0.0
0.0
0.0
0.0
0.0
0.0
0.0
0.0
0.0
0.0
0.0
0.0
0.0
0.0
0.0
0.0
0.0
0.0
0.0
0.0
0.0
0.0
0.0
0.0
0.0
0.0
0.0
0.0
0.0
0.0
0.0
0.0
0.0
0.0
0.0
0.0
0.0
0.0
0.0
0.0
0.0
0.0
0.0
0.0
0.0
0.0
0.0
0.0
0.0
0.0
0.0
0.0
0.0
0.0
0.0
0.0
0.0
0.0
0.0
0.0
0.0
0.0
0.0
0.0
0.0
0.0
0.0
0.0
0.0
0.0
0.0
0.0
0.0
0.0
0.0
3.9808781660432904e-33
2.591754595458537e-32
1.1245801575540904e-31
3.2521345385533905e-31
6.267987753821282e-31
8.051361433956338e-31
6.892742508794439e-31
3.9327499573446854e-31
1.495485351152459e-31
3.790090147308576e-32
6.401746378326181e-33
7.2065754404916436e-34
5.406808132533404e-35
2.703550757452002e-36
9.009685782912375e-38
2.0010885667708555e-39
2.962132795066466e-41
2.922296557247606e-43
1.921434554271021e-45
8.419929496215256e-48
2.4590811544448204e-50
4.786508299444605e-53
6.209352558957496e-56
5.895204132493464e-58
3.8889193011175386e-61
1.7097812991590035e-64
5.009954045735516e-68
9.783820361075062e-72
0.0
0.0
0.0
0.0
0.0
0.0
0.0
0.0
0.0
0.0
0.0
0.0
0.0
0.0
0.0
0.0
0.0
0.0
0.0
0.0
0.0
0.0
0.0
0.0
0.0
0.0
0.0
0.0
0.0
0.0
0.0
0.0
0.0
0.0
0.0
0.0
0.0
0.0
0.0
0.0
0.0
0.0
0.0
0.0
0.0
0.0
0.0
0.0
0.0
0.0
0.0
0.0
0.0
0.0
0.0
0.0
0.0
0.0
0.0
0.0
0.0
0.0
0.0
0.0
0.0
0.0
0.0
0.0
0.0
0.0
0.0
0.0
0.0
0.0
0.0
0.0
0.0
0.0
0.0
0.0
0.0
0.0
0.0
0.0
0.0
0.0
0.0
0.0
0.0
0.0
0.0
0.0
0.0
0.0
0.0
0.0
0.0
0.0
0.0
0.0
0.0
0.0
0.0
0.0
0.0
0.0
0.0
0.0
0.0
0.0
0.0
0.0
0.0
0.0
0.0
0.0
0.0
0.0
0.0
0.0
0.0
0.0
0.0
0.0
0.0
0.0
0.0
0.0
0.0
0.0
0.0
0.0
0.0
0.0
0.0
0.0
0.0
0.0
0.0
0.0
1.885524770453692e-33
1.617530477677094e-32
9.248136919436108e-32
3.5240136141311704e-31
8.94957583365448e-31
1.5147776037489735e-30
1.708743386078796e-30
1.284654569407395e-30
6.436909950215439e-31
2.1495623628741264e-31
8.25846476058979e-32
1.4024084376764957e-32
1.5871985583177577e-33
1.1972078416970902e-34
6.018515640224948e-36
2.016465436417719e-37
4.5027073302799915e-39
6.70097819230133e-41
6.646365767213122e-43
4.393512026900449e-45
1.9356237818242293e-47
5.683444552152782e-50
1.112202465652396e-52
1.450566448009563e-55
1.2608776611649534e-58
7.3044886935778405e-62
2.820254105522269e-65
7.257185216922017e-69
0.0
0.0
0.0
0.0
0.0
0.0
0.0
0.0
0.0
0.0
0.0
0.0
0.0
0.0
0.0
0.0
0.0
0.0
0.0
0.0
0.0
0.0
0.0
0.0
0.0
0.0
0.0
0.0
0.0
0.0
0.0
0.0
0.0
0.0
0.0
0.0
0.0
0.0
0.0
0.0
0.0
0.0
0.0
0.0
0.0
0.0
0.0
0.0
0.0
0.0
0.0
0.0
0.0
0.0
0.0
0.0
0.0
0.0
0.0
0.0
0.0
0.0
0.0
0.0
0.0
0.0
0.0
0.0
0.0
0.0
0.0
0.0
0.0
0.0
0.0
0.0
0.0
0.0
0.0
0.0
0.0
0.0
0.0
0.0
0.0
0.0
0.0
0.0
0.0
0.0
0.0
0.0
0.0
0.0
0.0
0.0
0.0
0.0
0.0
0.0
0.0
0.0
0.0
0.0
0.0
0.0
0.0
0.0
0.0
0.0
0.0
0.0
0.0
0.0
0.0
0.0
0.0
0.0
0.0
0.0
0.0
0.0
0.0
0.0
0.0
0.0
0.0
0.0
0.0
0.0
0.0
0.0
0.0
0.0
0.0
0.0
0.0
0.0
0.0
0.0
0.0
0.0
1.1152596486991168e-33
9.467301204757224e-33
5.356214341686069e-32
2.019627379600253e-31
5.075351199656069e-31
8.500461360842744e-31
9.488562964384948e-31
7.058947278450718e-31
3.4999430756713815e-31
1.1565477597097072e-31
2.5471100574388074e-32
3.738637844957987e-33
3.657300398012522e-34
2.384456570674781e-35
1.399672075884996e-34
1.0413862911796759e-33
5.202124841872229e-33
1.731983096691189e-32
3.843156979833274e-32
5.218575462232975e-32
5.888423312983566e-32
4.4282040747087935e-32
2.2194112299006652e-32
7.413605621309022e-33
1.6504513514992596e-33
2.4488237248225634e-34
2.4215523870976345e-35
1.5959223681878716e-36
7.009889997388151e-38
2.0520700984471448e-39
4.0036373266298786e-41
5.2059358863549915e-43
4.5115362276284685e-45
2.605743308233802e-47
1.0030448706107476e-49
2.6898231711586852e-34
1.76053312238416e-33
7.679734714459659e-33
2.2326969770512256e-32
4.326083509886765e-32
5.586522615971716e-32
4.8080588196871824e-32
2.7579064524225563e-32
1.0543160988767186e-32
2.6862330821344702e-33
8.6170733608667e-34
1.1164395831393993e-34
9.640336862212969e-36
5.5479270478675405e-37
2.1278980760167237e-38
5.439418202575043e-40
9.266924544744088e-42
1.052204976676239e-43
7.96244828213498e-46
4.0158219171461934e-48
1.349844728870877e-50
3.0239508807503137e-53
4.514890254282795e-56
4.492635784926244e-59
2.9794546134124445e-62
1.3169032952336415e-65
3.8792926433600476e-69
7.616101959658596e-73
0.0
0.0
0.0
0.0
0.0
0.0
0.0
0.0
0.0
0.0
0.0
0.0
0.0
0.0
0.0
0.0
0.0
0.0
0.0
0.0
0.0
0.0
0.0
0.0
0.0
0.0
0.0
0.0
0.0
0.0
0.00012225322115387303
0.0009971875873780863
0.005420944553042335
0.019640593840147356
0.036980709668522294
0.0681329935520575
0.08366065277185898
0.06846467880683772
0.03734164530485628
0.013573813317032819
0.0032884545416089575
0.0005309619035644968
5.713686776711336e-05
4.0978026980675375e-06
1.9586967718299465e-07
6.239717378894178e-09
1.324781269278694e-10
1.874584350800054e-12
1.7678578586241023e-14
1.1111463087502596e-16
4.654539288586329e-19
1.2994623510181877e-21
2.4178661228827318e-24
2.9983501414129086e-27
2.478072412718583e-30
1.364982823813544e-33
5.0109714488279664e-37
1.2260218726416388e-40
0.0
0.0
0.0
0.0
0.0
0.0
0.0
0.0
0.0
0.0
0.0
0.0
0.0
0.0
0.0
0.0
0.0
0.0
0.0
0.0
0.0
0.0
0.0
0.0
0.0
0.0
0.0
0.0
0.0
0.0
0.0
0.0
0.0
0.0
0.0
0.0
0.0
0.0
0.0
0.0
0.0
0.0
0.0
0.0
0.0
0.0
0.0
0.0
0.0
0.0
6.9503677326083354e-34
5.7772251746993126e-33
3.2004596434462466e-32
7.997886847693213e-32
2.2530503441163145e-31
4.230075168087305e-31
5.293060057746689e-31
4.4141502007243425e-31
2.4534032721257516e-31
9.088083772712675e-32
2.2436610638746105e-32
3.691677283892033e-33
1.8030392607835205e-33
9.232690389879437e-33
4.037320305578353e-32
1.1803283188398505e-31
2.2999010769262455e-31
2.9867385175419428e-31
2.5850372103079143e-31
1.4911383621141877e-31
5.732586755085999e-32
1.468807483949086e-32
2.508191349495806e-33
2.8545522897830868e-34
2.165194365166186e-35
1.0945543258842372e-36
3.687731588842283e-38
8.280619583740463e-40
5.260568903628111e-41
6.006739856301601e-43
4.5711606243769494e-45
2.318439079772755e-47
7.83693858682427e-50
1.7655448178376984e-52
2.6508954374509503e-55
2.6526991426461978e-58
1.7691511724303426e-61
7.863636689947685e-65
2.3295041273932744e-68
4.599229448380442e-72
0.0
0.0
0.0
0.0
0.0
0.0
0.0
0.0
0.0
0.0
0.0
0.0
0.0
0.0
0.0
0.0
0.0
0.0
0.0
0.0
0.0
0.0
0.0
0.0
0.0
0.0
0.0
0.0
0.0
0.0
0.0
0.0
0.0
0.0
0.0
0.0
0.0
0.0
0.0
0.0
0.0
0.0
0.0
0.0
0.0
0.0
0.0
0.0
0.0
0.0
0.0
0.0
0.0
0.0
0.0
0.0
0.0
0.0
0.0
0.0
0.0
0.0
0.0
0.0
0.0
0.0
0.0
0.0
0.0
0.0
0.0
0.0
0.0
0.0
0.0
0.0
0.0
0.0
0.0
0.0
0.0
0.0
0.0
0.0
0.004767234123457268
0.031264399279754086
0.13665176457333714
0.39807229061260735
0.7728410819542387
1.0
0.8623654496671119
0.62361962537899
0.2734725263574978
0.07992620260031989
0.015568479695620505
0.0020210859260036823
0.0001748658081196827
1.0083390091785468e-05
3.875161321042353e-07
9.925549342036666e-09
1.6943411823737327e-10
1.9276524260652256e-12
1.461632327087086e-14
7.386336662969264e-17
2.4877206174778515e-19
5.584131805086243e-22
8.353938310975191e-25
8.329298291049824e-28
5.534866052590811e-31
2.451248624724665e-34
7.235176983440275e-38
1.4232870679448385e-41
0.0
0.0
0.0
0.0
0.0
0.0
0.0
0.0
0.0
0.0
0.0
0.0
0.0
0.0
0.0
0.0
0.0
0.0
0.0
0.0
0.0
3.485101121772255e-05
0.0002849762421164337
0.0015530429800607172
0.005640788843014651
0.0136545615253208
0.022029123760820057
0.023686355064835782
0.016973867032246927
0.008106714986162557
0.002580420963055894
0.0009601856094244214
0.00015541875655930194
1.67661449103391e-05
1.2054370871425697e-06
5.776136275037094e-08
1.8446410153512083e-09
3.9261585983925916e-11
5.569360950650262e-13
5.265315992308571e-15
3.317607947856913e-17
1.393180007926507e-19
3.8991590685747773e-22
7.2730440876716e-25
9.041553068573596e-28
7.491200127292896e-31
4.1365788897932835e-34
1.5223439000348407e-37
3.733926626854413e-41
0.0
0.0
0.0
0.0
0.0
0.0
0.0
0.0
0.0
0.0
0.0
0.0
0.0
0.0
0.0
0.0
0.0
0.0
0.0
0.0
0.0
0.0
0.0
0.0
0.0
0.0
0.0
0.0
0.0
0.0
0.0
0.0
0.0
0.0
0.0
0.0
0.0
0.0
0.0
0.0
0.0
0.0
0.0
0.0
0.0
0.0
0.0
0.0
0.0
0.0
0.0
5.710677100314144e-34
5.0066149923599624e-33
2.9253803155772547e-32
1.1392053666266947e-31
2.9566727441446014e-31
5.114298137908629e-31
5.895903594063896e-31
4.529979678756112e-31
3.0331533461910013e-31
1.185066790319106e-31
3.0858359661899194e-32
5.3553072594530315e-33
6.1940898164962e-34
4.7747666492323026e-35
2.4530610299247658e-36
8.399358203849898e-38
1.9167496854176638e-39
2.915185845869378e-41
2.954939822421255e-43
1.9962392170693386e-45
8.98789673127231e-48
2.6970258722512823e-50
5.393785849308277e-53
7.189254115687299e-56
6.386391203209572e-59
3.7810180409308116e-62
1.4919131066326757e-65
3.9233753324423914e-69
0.0
0.0
0.0
0.0
0.0
0.0
0.0
0.0
0.0
0.0
0.0
0.0
0.0
0.0
0.0
0.0
0.0
0.0
0.0
0.0
0.0
0.0
0.0
0.0
0.0
0.0
0.0
0.0
0.0
0.0
0.0
0.0
0.0
0.0
0.0
0.0
0.0
0.0
0.0
0.0
0.0
0.0
0.0
0.0
0.0
0.0
0.0
0.0
0.0
0.0
0.0
0.0
0.0
0.0
0.0
0.0
0.0
0.0
0.0
0.0
0.0
0.0
0.0
0.0
0.0
0.0
0.0
0.0
2.20856552606774e-34
1.8362281418567906e-33
1.0174768514841586e-32
3.757543214253445e-32
9.248365366884318e-32
1.5170766417475754e-31
1.6585616252636837e-31
1.208473835615624e-31
5.868463929387207e-32
1.8992982811537076e-32
4.096787701468903e-33
5.889457486447595e-34
0.00014956431744335966
0.001257914531246903
0.007051082936032428
0.017759325844370517
0.05062135254838475
0.09616622369016628
0.12175671655312453
0.10274124913967546
0.057780101921772235
0.02165675152412811
0.005409907906022002
0.0009006747312278131
9.993730492042222e-05
7.390415168115727e-06
3.6424331289776607e-07
1.1964536712440134e-08
2.619278837830542e-10
3.8216343317481994e-12
3.716191397393862e-14
2.408399706955362e-16
1.0402569018867058e-18
2.9945681031405124e-21
5.7452552900662664e-24
7.346256096879969e-27
6.2605320310307586e-30
3.56396607808851e-33
1.7986446522764287e-36
1.684582171433034e-38
1.4486774777991687e-39
2.686007463219822e-41
3.3191300554989478e-43
2.7335238853422316e-45
1.5003860734317248e-47
5.48863971612039e-50
1.3328776172155424e-33
8.560412142808492e-33
3.664212247161505e-32
1.0453172511257263e-31
1.9874543480829816e-31
2.5184176467463098e-31
2.1268648514217456e-31
1.197108687952428e-31
4.4906459860182614e-32
1.1227048642936449e-32
1.870699100374384e-33
2.0774176574142683e-34
1.537535840564865e-35
7.584172909407426e-37
2.493289750078932e-38
1.5127367632565783e-34
1.3069553851712495e-33
7.525602493077974e-33
2.8880408913465386e-32
7.386640270872871e-32
1.1026649001915044e-31
1.4341340331776596e-31
1.2431326755069155e-31
7.181691906190905e-32
2.765143066110677e-32
7.095614142789353e-33
1.2135115753156276e-33
1.3831822403753077e-34
1.0507428249692889e-35
5.319796388318852e-37
1.7950441538066467e-38
4.036796059309955e-40
6.050343488056715e-42
6.043726474452163e-44
4.023565902135642e-46
1.7852497682426956e-48
5.2792034586161484e-51
1.0404455632228357e-53
1.366632905820044e-56
1.1963711524549334e-59
6.980098316403354e-63
2.714180308013587e-66
7.033919584305449e-70
0.0
0.0
0.0
0.0
0.0
0.0
0.0
0.0
0.0
0.0
0.0
0.0
0.0
0.0
0.0
0.0
0.0
0.0
0.0
0.0
0.0
0.0
0.0
0.0
0.0
0.0
0.0
0.0
0.0
0.0
0.0
0.0
0.000806054822646709
0.005277365715196737
0.023027741738627358
0.0669679580812732
0.12979689764098443
0.16766527113905677
0.14434557243033339
0.08282193385450405
0.03167151328867823
0.008071863533085345
0.001371072294910087
0.0001552131267033092
1.1710571454267363e-05
5.888562341325015e-07
1.9734313097499988e-08
4.407743356524329e-10
6.561333806477478e-12
6.509528227442266e-14
4.304160369288703e-16
1.8967448886388214e-18
5.570715105693652e-21
1.0904217937879898e-23
1.3619184374298753e-25
1.3556177728363276e-28
8.993007526942623e-32
3.976071705571236e-35
1.1716152266024312e-38
2.30089793696095e-42
0.0
0.0
0.0
0.0
0.0
0.0
0.0
0.0
0.0
0.0
0.0
0.0
0.0
0.0
0.0
0.0
0.0
0.0
0.0
0.0
0.0
0.0
0.0
0.0
0.0
0.0
0.0
0.0
0.0
1.2239818693845425e-33
8.541427227986539e-33
3.972532451666777e-32
1.2313627465906132e-31
2.543818464310324e-31
3.502416324524765e-31
3.213889714544004e-31
1.965512088711771e-31
8.011281956026746e-32
2.1762554053508246e-32
3.940027534742119e-33
4.754120651018688e-34
3.8231619004229495e-35
2.0490696851589515e-36
7.319346631031626e-38
1.7424866123213995e-39
2.7647007686024616e-41
1.3933753252166742e-42
1.0095743112354596e-33
8.750048110143341e-33
5.054336340387657e-32
1.9458053115097861e-31
4.996148074233076e-31
8.562500743910694e-31
9.846007658391515e-31
7.746967302266926e-31
4.469774799454243e-31
2.2540722579324005e-31
1.1836589241993535e-31
5.869374145188104e-32
2.259238496141226e-32
7.105131963246968e-33
4.927920147690587e-33
8.534826650350097e-33
1.217911981674545e-32
1.1737406048041847e-32
7.544464162805623e-33
3.2320920696002315e-33
9.228296871819723e-34
1.7560666365201655e-34
4.2339246480280686e-35
1.3855062281835232e-34
3.922194143619678e-34
1.3572990709094764e-33
3.132681227013512e-33
4.818837564747122e-33
4.940261823228533e-33
3.375508407327333e-33
1.5371277747947204e-33
4.665114357553016e-34
9.436178912015134e-35
1.2720716891185644e-35
1.1429008506359426e-36
6.843638690232605e-38
2.7311599674186207e-39
7.264216033767428e-41
1.2876917489475544e-42
1.5213061558690509e-44
1.1978512227092827e-46
6.285946589895168e-49
2.198467454789416e-51
5.124493461688872e-54
7.960922462446183e-57
8.242470336596283e-60
5.687651001330547e-63
2.6157126645357906e-66
8.017310037569727e-70
1.6377547592066545e-73
0.0
0.0
0.0
0.0
9.149112812580208e-05
0.000833064099292103
0.005055445159676365
0.020446639334535995
0.05511451846396612
0.09901286937513812
0.11854925355736151
0.09459921864755957
0.05031040611204727
0.01783239374400464
0.004212530079863748
0.0006632204871378693
6.95912119210068e-05
4.866675780719881e-06
2.2682555241053367e-07
7.045845052887457e-09
1.4586656216903994e-10
2.0126115230944722e-12
1.8507412742988035e-14
1.134261038009477e-16
4.632995370665213e-19
1.2612241162080663e-21
1.962667480232366e-23
2.7169378692496874e-26
2.5066531024402183e-29
1.5413111233596157e-32
6.316375461727032e-36
1.725150986823712e-39
0.0
0.0
0.0
0.0
0.0
0.0
0.0
0.0
0.0
0.0
0.0
0.0
0.0
0.0
0.0
0.0
0.0
0.0
5.258991443518708e-34
2.2249461090890002e-33
1.3806904934885023e-32
5.710244722425919e-32
1.573963495844309e-31
2.8914530086748383e-31
3.540129668096023e-31
2.8888849709884756e-31
1.5724757456629442e-31
5.778908425402059e-32
1.6960796288657058e-32
1.0283545827598963e-32
1.377205330513383e-32
1.5146878884146767e-32
1.1273103591022256e-32
5.597220783051197e-33
1.8522954547126505e-33
4.085369863049338e-34
6.005292435236536e-35
5.883266154829789e-36
3.8413544287903104e-37
1.6715978812549547e-38
4.847979696286986e-40
9.370684604719278e-42
1.2071560004028318e-43
1.036422952689465e-45
5.930512087115802e-48
1.5143624680265802e-49
4.406437259967082e-52
8.545291703556748e-55
1.1044542792097959e-57
9.513715064002081e-61
5.461778534389497e-64
2.08977524631314e-67
5.329011078494193e-71
0.0
0.0
0.0
0.0
0.0
0.0
0.0
0.0
0.0
0.0
0.0
0.0
0.0
0.0
0.0
0.0
0.0
0.0
0.0
0.0
0.0
0.0
0.0
0.0
0.00039538439418990954
0.0029571101379829074
0.014739984432127092
0.04896751868060387
0.10841783203315557
0.1599833873480106
0.1573369059012524
0.10312592829883195
0.04504915868272656
0.013115566285303916
0.002544889658113724
0.0003291034349648399
2.8364649523023767e-05
1.6293109508065434e-06
6.237521841753715e-08
1.5914819980883333e-09
2.7062812573678505e-11
3.0670840484988796e-13
2.316647586373203e-15
7.11842144646314e-17
0.00011560661942923875
0.0008620516367315754
0.004284157296912265
0.014189891783384277
0.031323790236968976
0.04608409665224805
0.04518657233199003
0.02952903584113837
0.012860879920153773
0.0037331345910313887
0.0007222011249950895
9.31159806797497e-05
8.001507757993166e-06
4.5824843237783926e-07
1.7490881338362557e-08
4.449425578732688e-10
7.543584318152753e-12
8.523797018273853e-14
6.419038748841701e-16
3.2217248265386676e-18
1.077676563886817e-20
2.4025364276084656e-23
3.5697111209919007e-26
3.534904713003581e-29
2.3329417691566896e-32
1.411526005487395e-34
4.737155615808559e-38
1.0595658865734988e-41
0.0
0.0
0.0
0.0
0.0
0.0002428694416740418
0.0019737570646393364
0.010690452020809706
0.03859046290968003
0.0928422070071127
0.14886495538130273
0.15908199752064758
0.11330032295067029
0.05378024893794853
0.017013592112335593
0.0035871602089847083
0.0005040656213985568
4.7206840172521156e-05
2.9464856672933303e-06
1.225703094055789e-07
3.3981909589807774e-09
6.279019415998702e-11
7.732455335020191e-13
3.29130914308516e-14
2.0610894989947856e-16
8.602141322730794e-19
2.39275285987821e-21
4.435786787077089e-24
5.4805611789536935e-27
4.51295440120644e-30
2.476728541725602e-33
9.058940781859218e-37
2.208299532959914e-40
0.0
0.0
0.0
0.0
0.0
0.0
0.0
0.0
0.0
0.0
0.0
0.0
0.0
0.0
0.0
0.0
0.0
0.0
0.0
0.0
0.0
0.0
0.0
0.0
0.0
0.0
0.0
1.4667091830238498e-34
1.2766083475830586e-33
7.405474603408697e-33
2.8630548092674327e-32
7.377139151807088e-32
1.2668577046160253e-31
1.449937381525452e-31
1.1059925579879556e-31
5.622593818808717e-32
1.9050341491805542e-32
4.3018015097172056e-33
6.474101714909526e-34
6.493670039838962e-35
4.340926818007963e-36
5.70704752503123e-37
1.9400204884269786e-38
4.395240987610291e-40
6.636523183398155e-42
6.678517799897495e-44
4.479206739736124e-46
2.002182569951286e-48
5.96468884091661e-51
1.1842774435586644e-53
1.5671142886142259e-56
1.3820680635372247e-59
8.123435580088834e-63
3.182230238942041e-66
8.308162913068641e-70
0.0
0.0
0.0
0.0
0.0
0.0
0.0
0.0
0.0
0.0
0.0
0.0
0.0
0.0
0.0
0.0
0.0
0.0
0.0
0.0
0.0
0.0
0.0
0.0
0.0
0.0
0.0
0.0
0.0
0.0
7.848540308761972e-34
5.1112177427877545e-33
2.2184079888371844e-32
6.417117722795532e-32
1.2371436796781467e-31
1.5895779257012145e-31
1.361209757983898e-31
7.768726504009966e-32
4.266455417145235e-32
1.238210751929981e-32
2.3949887521941087e-33
3.0874073491525533e-34
3.973712601274345e-34
2.9649085932285446e-33
1.578219975232506e-32
5.601762220155488e-32
1.3251496465495419e-31
2.089232337727798e-31
2.195280915460222e-31
1.5373580017732462e-31
7.175323260961677e-32
2.231975785656011e-32
4.983279744579304e-33
2.9284582730719925e-33
9.866900294322797e-33
2.8011225300755456e-32
5.330320106563222e-32
6.760980218404177e-32
5.715427771894887e-32
3.220100225112257e-32
1.20912607376532e-32
3.0259052987705282e-33
5.046852654389812e-34
1.2205765294508022e-34
1.035220559559048e-35
5.851703471555031e-37
2.2045161304985248e-38
5.535104179328688e-40
9.262321810379229e-42
1.0329884863457394e-43
7.678080196636622e-46
3.803569490944154e-48
1.2557743689309652e-50
2.7632070115118424e-53
4.052255104783673e-56
3.9606063735599393e-59
1.027404470339302e-34
7.755973661497894e-34
3.9022289658128573e-33
1.3084909379036633e-32
2.9242213145100713e-32
4.3554326820439174e-32
4.32348464713016e-32
2.8603428012067543e-32
1.261199519607652e-32
3.706218817020918e-33
7.258717005246595e-34
9.474803708761959e-35
8.242560167234878e-36
1.291687893677026e-36
5.714155755226645e-38
1.684721457249888e-39
3.3104397532047394e-41
4.3353565236856116e-43
3.7839509289284195e-45
2.201140281720896e-47
8.533584548002262e-50
2.2049402124605897e-52
3.797027026741599e-55
4.357848289824698e-58
3.333358881270524e-61
1.69931381793365e-64
5.773599465533095e-68
1.3073782736768367e-71
0.0
0.0
0.0
0.0
0.0
0.0
0.0
0.0
0.0
0.0
0.0
0.0
0.0
0.0
0.0
0.0
0.0
0.0
0.0
0.0
0.0
0.0
0.0
0.0
0.0
0.0
0.0
0.0
0.0
0.0
0.0
0.0
0.0
0.0
0.0
0.0
0.0
0.0
0.0
0.0
0.0
0.0
0.0
0.0
0.0
0.0
0.0
0.0
0.0
0.0
0.0
0.0
0.0
0.0
0.0
0.0
0.0
0.0
0.0
0.0
0.0
0.0
0.0
0.0
0.0
0.0
0.0
0.0
0.0
0.0
0.0
0.0
0.0
0.0
9.204202650516065e-35
8.68454438998131e-34
5.461217269092292e-33
2.2888293747080638e-32
6.393209416078177e-32
1.190161755232189e-31
1.4766398983710013e-31
1.2210255599368936e-31
6.729091904399788e-32
2.4715517750422156e-32
6.050127313839109e-33
9.87053886526436e-34
1.073244719267209e-34
7.777467515762841e-36
1.0790262986556344e-36
1.0797620107120483e-34
9.418393827782107e-34
5.477296583313091e-33
2.1229397302911492e-32
5.483913823398678e-32
9.441154969660563e-32
1.0832811330927684e-31
8.283975018812206e-32
4.221997093248895e-32
7.418359503844002e-06
6.299342926922243e-05
0.0003565038094238382
0.0013446666896630075
0.003380233227203358
0.0056631782918488
0.006323468374466248
0.00470578428792526
0.0023515457408898083
0.0009333116287979781
0.0011614214688133585
0.004073449774899341
0.011020211907802405
0.019983833615244525
0.024156758673145116
0.01946181236568158
0.013449742329594514
0.005510122884898718
0.0015044929373571028
0.0002737792758498806
3.3204162891187276e-05
2.6838982627223612e-06
1.445842914003877e-07
5.191079986505469e-09
1.242155248640084e-10
1.980959447008439e-12
2.105507726355367e-14
1.49148758283476e-16
7.041480693440383e-19
2.2155925280845968e-21
4.646193993539251e-24
6.493611983288842e-27
6.04862803371246e-30
3.7549915991316316e-33
1.5536121524403997e-36
0.00029179349033796884
0.0019281445375945929
0.008491513844495216
0.02492368225017885
0.04875518827317387
0.06356397059165586
0.060548770893019466
0.04014191547681109
0.017736682865909046
0.005223099001252273
0.0010250986529781393
0.00013408636457924416
1.1689208833224823e-05
6.791522865997165e-07
2.6298487098224185e-08
6.786969712386707e-10
1.1673540794200387e-11
1.3381686393054655e-13
1.0223524411890963e-15
5.2056141846995154e-18
1.7665456476330153e-20
3.99539111304938e-23
6.022478837984388e-26
6.050242948633688e-29
4.05090346551767e-32
1.8076424094201715e-35
5.3759435275225574e-39
1.0655612588651183e-42
6.930813323178286e-64
2.4288597283416984e-67
5.672861947426009e-71
0.0
0.0
0.0
0.0
0.0
0.0
0.0
0.0
0.0
0.0
0.0
0.0
9.531278988701563e-35
6.9914243927148855e-34
3.417918455532169e-33
1.1136257823376298e-32
2.4182344573857456e-32
3.4997665940783514e-32
3.375680273853819e-32
2.1700267054988314e-32
9.297162019763146e-33
2.654711116540618e-33
5.0520272643109265e-34
6.407603811752679e-35
5.416355541635377e-36
3.0514076202976987e-37
1.1457103501326348e-38
1.02539714334787e-39
1.9578043697580922e-41
2.4913114956805882e-43
2.112848311309625e-45
1.1942359856247082e-47
4.498767370915491e-50
1.1294797988991248e-52
1.889926642090568e-55
2.10762322133341e-58
1.5664716906586893e-61
7.759498878617172e-65
2.5616886666765447e-68
5.636383920441394e-72
0.0
0.0
0.0
0.0
0.0
0.0
0.0
0.0
0.0
0.0
0.0
0.0
0.0
0.0
0.0
5.2949267588391e-05
0.0003735000503310582
0.0017559127015683202
0.005594021147018745
0.012103186973940607
0.018714809826204163
0.02288824550652849
0.02504332733184539
0.02462323317632234
0.019280641709334898
0.010830611424315954
0.004159559674423121
0.0010735351413779918
0.00018514241614130944
2.1297849701200835e-05
1.633276730401408e-06
4.2110192408852104e-05
0.000351898907160999
0.001963744568846852
0.0073036021091298815
0.01810384306208816
0.029907905188742135
0.032929319996835904
0.028025162150457895
0.015690886523873897
0.00585501992512421
0.0014560987239736008
0.0002413430591854932
2.6660012807743255e-05
1.9627611005163695e-06
9.630660622503874e-08
3.1493886918713445e-09
6.864011411394763e-11
9.970370065458322e-13
9.6521954518179e-15
6.227625456006675e-17
2.67793734066911e-19
7.674673084261667e-22
1.4658883968902904e-24
1.8660508650605482e-27
1.583170162291801e-30
8.951859617199897e-34
3.373498162526397e-37
8.4728445996466e-41
0.0
0.0
0.0
0.0
0.0
0.0
0.0
0.0
0.0
0.0
0.0
0.0
0.0
0.0
0.0
1.044995380630855e-33
6.804757674692382e-33
2.9531975924103507e-32
8.541888447808756e-32
1.6466330707601479e-31
2.115540381881922e-31
1.8114541833764676e-31
1.0337486051684774e-31
3.931733449480503e-32
9.966318136555162e-33
1.6837087674346306e-33
1.8957486207021755e-34
1.4225779478391046e-35
7.1146402316880486e-37
2.3714357558101564e-38
5.268067510321337e-40
3.322860970357434e-41
3.7536581554222e-43
2.826043325102193e-45
1.418026870104691e-47
4.742110321645926e-50
1.0569158100983567e-52
1.5699675781567448e-55
1.5542558879907427e-58
1.0255005721074144e-61
4.509525435757779e-65
1.3216221934755104e-68
2.581459722122451e-72
0.0
0.0
0.0
0.0
2.0686828869644048e-05
0.0001681750404547336
0.0009111936993275891
0.0032903448967699775
0.007918696299090509
0.012701280253860945
0.013577595270880177
0.00967341382192571
0.004593230324173999
0.0022314032143760107
0.0005387894596519944
8.670450753787185e-05
9.299204724635838e-06
6.647088945688796e-07
3.1666401914970356e-08
1.0054199471554719e-09
2.127540435974433e-11
3.0004728199172707e-13
2.8202208511888766e-15
1.7666808014473014e-17
6.749867280246918e-05
0.0004988127009396968
0.002456752014418949
0.00806430020698843
0.01764223492369454
0.025723026380663608
0.024996089649221457
0.016188389019506134
0.0069874182384613535
0.0020100709827944206
0.0003853786024133758
4.924309587184097e-05
4.193577258517937e-06
2.3801564043475734e-07
9.003427924745752e-09
8.097985901995173e-10
1.557693446198782e-11
1.9969560976232418e-13
1.7062261346260348e-15
9.715971019338954e-18
3.687375618988775e-20
9.326744872229106e-23
1.5722599886033338e-25
1.7664452291117099e-28
1.322688379151811e-31
6.600798082682611e-35
2.1954164103618033e-38
4.8665244823365496e-42
0.0
2.6101636073729446e-35
2.430793869935454e-34
1.508724986678439e-33
6.240991364053347e-33
1.720594888982552e-32
3.161442035855165e-32
3.871447433615796e-32
3.159679687426386e-32
1.7186771296251675e-32
6.230560044057353e-33
1.5053636387903e-33
2.424026179373568e-34
5.726669092991957e-35
4.689219402500245e-36
2.559060574315347e-37
9.307694640899288e-39
2.256239696385824e-40
3.645103742742453e-42
3.9247870570698707e-44
6.074056093116158e-05
0.0004896913409343043
0.002631162065401201
0.009422243462172096
0.0224875733387441
0.035769462307461995
0.03791960276026178
0.026791479335821582
0.012615694342713011
0.003959197531819056
0.000828103709546363
0.00011543668279683357
1.0724683754669265e-05
6.640590493397288e-07
2.7403778727125435e-08
7.536952064083544e-10
1.3815372599140264e-11
1.6877612038635543e-13
7.145689231494809e-15
4.4391017765728856e-17
1.837924335556015e-19
5.071561569520029e-22
9.326900089282048e-25
1.1431809629143528e-27
9.399983300724976e-31
2.0146008023031465e-32
4.1745498605808774e-32
5.914371955934706e-32
5.584587268468693e-32
3.514431463873569e-32
1.474010655826119e-32
4.1202893526585466e-33
7.733333958596395e-34
1.4434609436250764e-34
2.875490914205623e-34
1.0633791687669545e-33
2.69259529013841e-33
4.545776954640316e-33
5.114806589418637e-33
3.835587494083207e-33
1.9169735499075444e-33
6.385308659063455e-34
1.4175200762025581e-34
2.0972880856838623e-35
4.682863843317792e-36
3.5232461187118194e-37
1.7666722275861145e-38
5.904056838843471e-40
1.315002643685681e-41
1.952020032299807e-43
1.9311831467375153e-45
1.2733394764048477e-47
5.595597819484901e-50
1.638816505416686e-52
3.198863544498397e-55
4.16143052028015e-58
3.608038221998557e-61
2.0848804618685416e-64
8.029208532384142e-68
2.0608475373948854e-71
0.0
0.0
0.0
0.0
0.0
0.0
0.0
0.0
0.0
0.0
0.0
0.0
8.906460262939274e-36
7.911178027779614e-35
4.683372796225642e-34
1.8478122777742985e-33
4.858906210262148e-33
8.515315271992957e-33
9.945909335832422e-33
7.742296662874895e-33
4.016767261265862e-33
1.3888811295053636e-33
3.200626775247614e-34
4.91571322676004e-35
5.031756221226875e-36
3.4326869074702713e-37
6.851930719927956e-35
5.240068935795567e-34
2.6714111769812727e-33
9.076667240260255e-33
2.0553871600063052e-32
3.102004421153982e-32
3.1201303211295453e-32
2.0916287544463418e-32
9.344972366286604e-33
2.782614138977566e-33
9.903844776381928e-34
1.4996205093917932e-34
1.5133537802428337e-35
1.0178437369776102e-36
4.562504434824429e-38
1.363035097110882e-39
2.7138905329321243e-41
3.6012988434181674e-43
3.184986128749703e-45
1.8773164129981794e-47
7.374778097353486e-50
1.9308208746188634e-52
3.369120636949831e-55
3.918074472269824e-58
3.036759224334871e-61
1.5686627377400746e-64
5.400454974693799e-68
1.2391180033834898e-71
0.0
0.0
0.0
0.0
0.0
0.0
0.0
0.0
0.0
0.0
0.0
1.1483504409879598e-05
9.514853587502048e-05
0.0005254257179934632
0.0019337578560890448
0.004743232400622668
0.007754044071430361
0.008448190034034795
0.006134520637139968
0.0029891106059837308
0.001123478864520299
0.0011087887516109292
0.0033042291491560856
0.007918163794147762
0.012751194708147387
0.013689932933600792
0.009795778177445485
0.0046715213092783205
0.0014847703397443276
0.00031451530282529974
4.4402336816405325e-05
4.17783631808486e-06
2.619862889705409e-07
3.300635132656186e-08
1.052512447321107e-09
2.2368584956963008e-11
3.1683367170819383e-13
2.9909262021824387e-15
1.881748648255858e-17
7.890401019530428e-20
2.2050482041032233e-22
4.1069429136923264e-25
5.098376806166612e-28
4.729757380083231e-31
4.8005419840867445e-32
2.969846819661566e-32
1.2304551401953923e-32
3.397663122445359e-33
6.2528267693802445e-34
7.669269967237392e-35
6.269215556950419e-36
3.4154971533874257e-37
1.2401556636828708e-38
3.1831012431943846e-34
2.4470091087300195e-33
1.253726124787652e-32
4.281059997925333e-32
9.742748714052938e-32
1.4777236924252965e-31
1.5570477094005203e-31
1.2009259668442601e-31
6.173224896456596e-32
2.1148984106163072e-32
4.8289028796647834e-33
7.3483355426817275e-34
7.452655311625886e-35
5.037495137768788e-36
2.2693411732545294e-37
6.813440907546559e-39
1.3633731687308738e-40
1.818212085383254e-42
1.616054063746435e-44
9.573015880258578e-47
3.779403154659511e-49
9.944414343863127e-52
1.7438806130363115e-54
2.038148558309798e-57
1.5875831129897133e-60
8.241735136249979e-64
2.851559149775155e-67
6.5754830679568225e-71
0.0
0.0
0.0
1.1299016319331075e-35
8.430214143028132e-35
4.191969610457122e-34
1.3892461205855113e-33
3.068469480119158e-33
4.516957159046632e-33
4.4315094853526576e-33
2.897603403587335e-33
1.262722011822601e-33
3.6673985372719263e-34
7.098882893095089e-35
9.158059578142162e-36
7.8740553871588e-37
4.5120615401067476e-38
1.723189785368553e-39
4.3860417058850393e-41
7.440360021723587e-43
8.411950188279135e-45
6.338419547789442e-47
3.183074624764503e-49
1.06535465241458e-51
2.3764196857226536e-54
3.532918541613519e-57
3.500464317341392e-60
2.3115284020829882e-63
1.017312454337688e-66
4.698132991202108e-69
1.0514364144825977e-72
0.0
0.0
0.0
0.0
0.0
0.0
0.0
0.0
0.0
0.0
0.0
0.0
0.0
0.0
0.0
0.0
8.015523837380032e-05
0.0005150788026022429
0.002205956748106353
0.006296538407934954
0.011978109220827461
0.015186448754969448
0.012832336436647137
0.007226646212450246
0.0039336135540772735
0.001126484780741722
0.00021500101672502066
2.7348735240993657e-05
2.3185449943616584e-06
1.3100122536213903e-07
4.933063839952994e-09
1.238054211424018e-10
2.070828512564413e-12
2.3085014857354568e-14
1.715132707431973e-16
8.492720818361096e-19
2.802705815636479e-21
6.1643846428853246e-24
9.036151281059359e-27
8.827928452406312e-30
5.747985506496777e-33
2.494330931375619e-36
7.213964957813402e-40
1.390514534267602e-43
0.0
0.0
0.0
0.0
0.0
0.0
0.0
0.0
0.0
0.0
5.327736554380423e-35
4.907244926843452e-34
2.1775362135705244e-06
1.9759374004359822e-05
0.00011949851961015539
0.0004816520541743471
0.0012938557396213457
0.0023164335414814843
0.0027639830859804457
0.0021980241791762513
0.0011649602265968403
0.00041150136392237985
9.687528831692464e-05
1.5199744413540572e-05
1.5894289194066503e-06
1.1077135909555784e-07
5.145118788685189e-09
1.5927399595699539e-10
3.286063066354083e-12
4.518439384576746e-14
4.1407839861002665e-16
1.4473698163532565e-17
6.744910734940269e-20
2.0948573240707288e-22
4.336249383762683e-25
5.982153175002171e-28
5.504806070013247e-31
3.897151699833238e-34
4.1521112971372924e-36
2.0394814964918714e-37
6.902938169119241e-39
1.5574335788930265e-40
2.3418907589720997e-42
2.3469577956768384e-44
1.5675647005243967e-46
6.97793980361309e-49
2.0701914482780662e-51
4.09331672566855e-54
5.394134088588537e-57
4.7375049224784216e-60
2.7730593117042957e-63
1.0818080060595207e-66
2.812695846899377e-70
0.0
0.0
0.0
0.0
0.0
0.0
0.0
0.0
0.0
0.0
0.0
0.0
0.0
0.0
0.0
0.0
0.0
0.0
0.0
0.0
7.630522815988678e-06
7.108472131235095e-05
0.0004413465978336771
0.001826269429346562
0.005036530447512396
0.009257199566552287
0.011339902933394213
0.009258072898106588
0.005037480792898008
0.0018267863532327828
0.0007414892440901792
0.00013673566001063433
1.680506803847193e-05
1.3765129679332774e-06
7.51453112120831e-08
2.7340409547879353e-09
6.629636126845355e-11
1.0714105469371052e-12
1.1539943705347868e-14
8.283864975508218e-17
3.9631807590431805e-19
1.2636776323293041e-21
2.6854079465258528e-24
3.803368270364165e-27
3.599979250333577e-30
5.131850462657844e-33
5.561963485607691e-34
7.151083229418979e-35
1.7407810104584122e-34
1.2153865598668536e-33
5.8587675038843e-33
1.8827955389229648e-32
4.032576195710451e-32
5.756301851593371e-32
5.476285547657325e-32
4.2281328947145055e-32
2.0454729244491917e-32
6.595084880336884e-33
1.4486985013922998e-33
4.408429715517827e-34
1.2163615286238865e-33
4.015489014338081e-33
8.972309386671097e-33
1.3365336114107619e-32
1.3269040248873574e-32
7.6029363295672525e-06
6.27370421751527e-05
0.0003450231799019879
0.0012646025575672587
0.0030891669959915644
0.00502933152989955
0.00545708466516348
0.003946323346936312
0.0019019810694746243
0.000610943799496427
0.00013079100625822986
1.8661048812996166e-05
1.7744990242523806e-06
1.1245972807305e-07
4.750068159354222e-09
1.3371625413670832e-10
9.876611457620797e-12
1.4138225687213897e-13
1.3488492010825147e-15
8.57656604468164e-18
3.6345029168125435e-20
1.0264981130174164e-22
1.9322033786075186e-25
2.4239801952664434e-28
2.026687763501569e-31
1.129343799469965e-34
4.194179820982665e-38
1.0381245735662863e-41
1.8455004163316498e-52
4.109917677216563e-55
4.7266966216489165e-36
3.818926113927031e-35
2.0563940176673965e-34
7.379942120183462e-34
1.765148011836319e-33
2.8137845987871182e-33
2.9893868290078208e-33
2.1166786702064247e-33
9.988707557331782e-34
3.141558935130441e-34
6.585104522189786e-35
9.199446162875263e-36
1.976947859375101e-36
1.4044193516687504e-37
6.649361477089485e-39
2.0981891125925476e-40
4.412562435809665e-42
6.184700111259461e-44
5.777340665034688e-46
3.5968212527296825e-48
1.4924207642475618e-50
4.12710252879259e-53
7.606428400335616e-56
9.343247498370569e-59
7.648855794026136e-62
4.173271516403409e-65
1.5175337459581377e-68
3.677745068879588e-72
0.0
0.0
0.0
0.0
0.0
0.0
0.0
0.0
0.0
0.0
5.688229462872351e-07
3.8009096752344235e-06
1.692698225851873e-05
5.024039867934955e-05
9.938209860345857e-05
0.00013102217293795167
0.00011512323378388429
6.741595812107559e-05
2.631140200521538e-05
6.8439498306501846e-06
1.1864547862907958e-06
1.37080953379301e-07
1.0555640432225e-08
5.417184259861825e-10
1.8528666993924438e-11
4.2237314006147593e-13
6.416969230672099e-15
6.497483264255071e-17
4.384720657030608e-19
1.9720605234416507e-21
5.911260480836301e-24
1.1809229193757344e-26
1.5723647083530182e-29
1.4003266777488498e-32
1.364441604998215e-35
1.010646250403882e-36
5.199984543797261e-38
1.8679584916005687e-39
6.944669996905475e-06
4.6457356249634745e-05
0.00020712805085449187
0.0006154671716691917
0.0012188560463408285
0.0016087238009030013
0.001415116212452345
0.0008296296676278728
0.00032415892973034914
8.441376163667751e-05
1.4650419679551633e-05
1.694604775952851e-06
1.306376425150911e-07
6.7119666694335945e-09
2.2983321703668981e-10
5.24514319415821e-12
7.97780561682407e-14
8.087068090026333e-16
5.4636176247947814e-18
2.46009026898471e-20
7.382497985099253e-23
1.4765126743677561e-25
1.9681245123941435e-28
1.9026710008762197e-30
1.3310473296120776e-33
2.793400315315333e-34
1.251928166397318e-33
3.747260191767358e-33
7.484581972491983e-33
3.4877870128698286e-05
0.000255868224484092
0.001251020144535108
0.004076559623206929
0.008853293102926577
0.012814375162335271
0.012361511430371182
0.007947525704078457
0.0034059772789273714
0.0009753425962717499
0.00019406933660357428
4.228737798635544e-05
2.8244499297737042e-05
2.4545591751627557e-05
1.5156314149928216e-05
6.262461477636698e-06
1.724980936652994e-06
3.166733477648274e-07
3.8745445999769935e-08
3.159449276326727e-09
4.742122081655275e-10
1.9663736007634035e-11
5.434265940245611e-13
1.0009152104473647e-14
1.2286699547067565e-16
1.0052052215505192e-18
5.4809492594778655e-21
1.9917662793806086e-23
4.823946929818492e-26
7.786610798086434e-29
8.377089515611236e-32
6.022671941565411e-35
3.413230440407787e-38
1.270217887660947e-40
1.7066563403905693e-42
1.6430058242845444e-44
1.0553770064725177e-46
4.518119372288237e-49
1.2891080562057399e-51
2.4513340177542688e-54
3.1066849234237204e-57
2.6240582758953345e-60
1.4771727582851303e-63
5.5420527125182767e-67
1.3857713002154465e-70
0.0
0.0
0.0
0.0
0.0
0.0
0.0
0.0
0.0
0.0
0.0
0.0
0.0
0.0
0.0
0.0
0.0
0.0
0.0
0.0
0.0
0.0
0.0
0.0
0.0
0.0
0.0
0.0
0.0
0.0
0.0
0.0
0.0
0.0
0.0
0.0
0.0
0.0
0.0
0.0
0.0
0.0
0.0
0.0
0.0
0.0
0.0
0.0
0.0
0.0
0.0
0.0
0.0
0.0
0.0
0.0
0.0
0.0
0.0
0.0
0.0
0.0
0.0
0.0
0.0
0.0
0.0
0.0
0.0
0.0
0.0
0.0
0.0
0.0
0.0
0.0
0.0
0.0
0.0
0.0
0.0
0.0
0.0
0.0
0.0
0.0
0.0
0.0
0.0
0.0
0.0
0.0
0.0
0.0
0.0
0.0
0.0
0.0
0.0
0.0
0.0
0.0
0.0
0.0
0.0
0.0
0.0
0.0
0.0
0.0
0.0
0.0
0.0
0.0
0.0
0.0
0.0
0.0
0.0
0.0
0.0
0.0
0.0
0.0
0.0
0.0
0.0
0.0
0.0
0.0
0.0
0.0
0.0
0.0
0.0
0.0
0.0
0.0
0.0
0.0
0.0
0.0
0.0
0.0
0.0
0.0
0.0
0.0
0.0
0.0
0.0
0.0
0.0
0.0
0.0
0.0
0.0
0.0
0.0
0.0
0.0
0.0
0.0
0.0
0.0
0.0
0.0
0.0
0.0
0.0
0.0
0.0
0.0
0.0
0.0
0.0
0.0
0.0
0.0
0.0
0.0
0.0
0.0
0.0
0.0
0.0
0.0
0.0
0.0
0.0
0.0
0.0
0.0
0.0
0.0
0.0
0.0
0.0
0.0
0.0
0.0
0.0
0.0
0.0
0.0
0.0
0.0
0.0
0.0
0.0
0.0
0.0
0.0
0.0
0.0
0.0
0.0
0.0
0.0
0.0
0.0
0.0
0.0
0.0
0.0
0.0
0.0
0.0
0.0
0.0
0.0
0.0
0.0
0.0
0.0
0.0
0.0
0.0
0.0
0.0
0.0
0.0
0.0
0.0
0.0
0.0
0.0
0.0
0.0
0.0
0.0
0.0
0.0
0.0
0.0
0.0
0.0
0.0
0.0
0.0
0.0
0.0
0.0
0.0
0.0
0.0
0.0
0.0
0.0
0.0
0.0
0.0
0.0
0.0
0.0
0.0
0.0
0.0
0.0
0.0
0.0
0.0
0.0
0.0
0.0
0.0
0.0
0.0
0.0
0.0
0.0
0.0
0.0
0.0
0.0
0.0
0.0
0.0
0.0
0.0
0.0
0.0
0.0
0.0
0.0
0.0
0.0
0.0
0.0
0.0
0.0
0.0
0.0
0.0
0.0
0.0
0.0
0.0
0.0
0.0
0.0
