a = 5.0282189046354215 b = 5.0282189046354215 c = 16.307757921410698 ,Gaussian ,LMH = 0.08 ,DW = [1.2 1.2 1.2]
0.0
0.0
0.0
0.0
0.0
0.0
0.0
0.0
0.0
0.0
0.0
0.0
0.0
0.0
0.0
0.0
0.0
0.0
0.0
0.0
0.0
0.0
0.0
0.0
0.0
0.0
0.0
0.0
0.0
0.0
0.0
0.0
0.0
0.0
0.0
0.0
0.0
0.0
0.0
0.0
0.0
0.0
1.2221843969200201e-33
1.1230567223540762e-32
6.877778683395532e-32
2.8072187111107814e-31
7.636350456018816e-31
1.3844491240961458e-30
1.6728218735622214e-30
1.3471127435902098e-30
7.23002399568814e-31
2.5861700683283292e-31
6.165324950060372e-32
9.795721068871436e-33
1.0372857150541508e-33
7.320520010990277e-35
3.443237784274817e-36
1.0793782109124273e-37
2.25507934158081e-39
3.140013782341479e-41
2.9139549303477104e-43
1.8022525742941562e-45
7.428994330730666e-48
2.0409198399394725e-50
3.7368306486819945e-53
4.463983584631685e-55
4.156259334194315e-58
2.579076565296352e-61
1.0666142479502826e-64
2.939896724679868e-68
0.0
0.0
0.0
0.0
0.0
0.0
0.0
0.0
0.0
0.0
0.0
0.0
0.0
0.0
0.0
0.0
0.0
0.0
0.0
0.0
0.0
0.0
0.0
0.0
0.0
0.0
0.0
0.0
0.0
0.0
0.0
0.0
0.0
0.0
0.0
0.0
0.0
0.0
0.0
0.0
0.0
0.0
0.0
0.0
0.0
0.0
0.0
0.0
0.0
0.0
0.0
0.0
0.0
0.0
0.0
0.0
0.0
0.0
0.0
0.0
0.0
0.0
0.0
0.0
0.0
0.0
0.0
0.0
0.0
0.0
0.0
0.0
0.0
0.0
0.0
0.0
0.0
0.0
0.0
0.0
0.0
0.0
0.0
0.0
0.0
0.0
0.0
0.0
0.0
0.0
0.0
0.0
0.0
0.0
0.0
0.0
0.0
0.0
0.0
0.0
0.0
0.0
0.0
0.0
0.0
0.0
0.0
0.0
0.0
0.0
0.0
0.0
0.0
0.0
0.0
0.0
0.0
0.0
0.0
0.0
0.0
0.0
0.0
0.0
0.0
0.0
0.0
0.0
0.0
0.0
0.0
0.0
0.0
0.0
0.0
0.0
0.0
0.0
0.0
0.0
0.0
0.0
0.0
0.0
0.0
0.0
0.0
0.0
0.0
0.0
0.0
0.0
0.0
0.0
0.0
0.0
2.862224515341354e-33
2.0383427092081064e-32
9.674583105801951e-32
3.0603342524211592e-31
6.451890897380749e-31
9.065394636903978e-31
8.489223404110957e-31
5.298229408979705e-31
2.203814841114324e-31
6.109434260665714e-32
1.1287777412880661e-32
1.3899443927169493e-33
1.1406908635511266e-34
6.23907273175741e-36
2.2743310576373784e-37
5.5254654003608226e-39
8.946756010141606e-41
9.654813118525688e-43
6.943903842293794e-45
2.0651159572385134e-46
7.552780253262776e-49
1.8409873485492818e-51
2.990723801391307e-54
3.2380485659070686e-57
2.3365332070360114e-60
1.1236785877093983e-63
3.6015860956339226e-67
7.693554683754338e-71
0.0
0.0
0.0
0.0
0.0
0.0
0.0
0.0
0.0
0.0
0.0
0.0
0.0
0.0
0.0
0.0
0.0
0.0
0.0
0.0
0.0
0.0
0.0
0.0
0.0
0.0
0.0
0.0
0.0
0.0
0.0
0.0
0.0
0.0
0.0
0.0
0.0
0.0
0.0
0.0
0.0
0.0
0.0
0.0
0.0
0.0
0.0
0.0
0.0
0.0
0.0
0.0
0.0
0.0
0.0
0.0
0.0
0.0
0.0
0.0
0.0
0.0
0.0
0.0
0.0
0.0
0.0
0.0
0.0
0.0
0.0
0.0
0.0
0.0
0.0
0.0
0.0
0.0
0.0
0.0
0.0
0.0
0.0
0.0
0.0
0.0
0.0
0.0
0.0
0.0
0.0
0.0
0.0
0.0
0.0
0.0
0.0
0.0
0.0
0.0
0.0
0.0
0.0
0.0
0.0
0.0
0.0
0.0
0.0
0.0
0.0
0.0
0.0
0.0
0.0
0.0
0.0
0.0
0.0
0.0
0.0
0.0
0.0
0.0
0.0
0.0
0.0
0.0
0.0
0.0
0.0
0.0
0.0
0.0
0.0
0.0
0.0
0.0
0.0
0.0
0.0
0.0
0.0
0.0
0.0
0.0
0.0
0.0
0.0
0.0
0.0
0.0
0.0
0.0
0.0
0.0
3.8150618231738484e-33
2.936079339315256e-32
1.5059673007401282e-31
5.148074763236085e-31
1.1728857147839035e-30
1.7809351125502043e-30
1.8022790909851345e-30
1.215563190376518e-30
5.464048990226233e-31
1.6369415671083902e-31
3.2683858193417345e-32
4.349256351085447e-33
3.857254046377457e-34
2.2799379547824064e-35
8.981510083609338e-37
8.299802869852596e-38
1.6626341294182665e-39
2.219765785140023e-41
1.9751458157074384e-43
1.1713123470417057e-45
4.629433262428925e-48
1.2194513598656355e-50
2.1408324801400253e-53
2.5048541086495165e-56
1.953276546051603e-59
1.0151415003531287e-62
3.5161790195644885e-66
8.11702571803663e-70
0.0
0.0
0.0
0.0
0.0
0.0
0.0
0.0
0.0
0.0
0.0
0.0
0.0
0.0
0.0
0.0
0.0
0.0
0.0
0.0
0.0
0.0
0.0
0.0
0.0
0.0
0.0
0.0
0.0
0.0
0.0
0.0
0.0
0.0
0.0
0.0
0.0
0.0
0.0
0.0
0.0
0.0
0.0
0.0
0.0
0.0
0.0
0.0
0.0
0.0
0.0
0.0
0.0
0.0
0.0
0.0
0.0
0.0
0.0
0.0
0.0
0.0
0.0
0.0
0.0
0.0
0.0
0.0
0.0
0.0
0.0
0.0
0.0
0.0
0.0
0.0
0.0
0.0
0.0
0.0
0.0
0.0
0.0
0.0
0.0
0.0
0.0
0.0
0.0
0.0
0.0
0.0
0.0
0.0
0.0
0.0
0.0
0.0
0.0
0.0
0.0
0.0
0.0
0.0
0.0
0.0
0.0
0.0
0.0
0.0
1.7215510067291598e-34
1.2903862460519818e-33
6.446160345993943e-33
2.1461695624901822e-32
4.7622096042859544e-32
6.466545685587715e-32
7.296580962574882e-32
5.487164871226861e-32
2.750161268554046e-32
9.186495393632467e-33
2.0451403153119565e-33
3.0344354713500713e-34
3.000642465465302e-35
1.9775712700191107e-36
8.686235208652235e-38
2.542802176124798e-39
4.961067223908551e-41
6.450883481323051e-43
5.5904250765900513e-45
3.228880806563834e-47
1.2429130377514341e-49
3.1886806186283127e-52
5.452087895393146e-55
6.212926608557705e-58
6.733763895547456e-35
5.9851211454565846e-34
3.5454352173823375e-33
1.3997410889434566e-32
3.683048319696576e-32
6.458752907401041e-32
7.548687931510024e-32
6.685299467185037e-32
3.9732532577079844e-32
1.5738131809507223e-32
4.1547190050932624e-33
7.309904162391557e-34
8.571626874501553e-35
6.69879026793086e-36
3.48908099956228e-37
1.2111760405713675e-38
2.802109087019427e-40
4.3206029133948924e-42
4.4400229811252036e-44
3.0409384506918062e-46
1.3880707101799043e-48
4.2227668021126313e-51
8.561781794622873e-54
7.181813202976681e-34
6.611152429728239e-33
4.056035843804025e-32
1.6584712455635818e-31
4.519554796038013e-31
8.208521017412695e-31
9.936094674691482e-31
8.015822202340506e-31
4.309848245575652e-31
1.544391595239467e-31
6.219019572097506e-32
1.1332349365551213e-32
1.3762569795645677e-33
1.1139370838402508e-34
6.009015691505962e-36
2.1603671366255006e-37
5.176465626407178e-39
8.266480677914911e-41
8.798112757282706e-43
6.240795338227649e-45
2.950338900510402e-47
9.295771050623877e-50
1.952002997266149e-52
2.7318515115945428e-55
2.5480928404936708e-58
1.5839991842180125e-61
6.5626041340648576e-65
1.81208685565664e-68
0.0
0.0
0.0
0.0
0.0
0.0
0.0
0.0
0.0
0.0
0.0
0.0
0.0
0.0
0.0
0.0
0.0
0.0
9.785097346160066e-05
0.0008563892124866284
0.0049952677738412145
0.0194190467667226
0.05031281186714348
0.08687820113007406
0.09998263965646322
0.07668667802913737
0.039200968777493635
0.013355348431499886
0.0030324607902924242
0.00045889857970204923
4.628281665412898e-05
3.1110314172001377e-06
1.393704046191684e-07
1.4031869283869775e-08
3.196570407207019e-10
4.853271275523254e-12
4.910960123486433e-14
3.3119196857099317e-16
1.4885887538301165e-18
4.4591411405374255e-21
8.90244403668474e-24
1.1845375537965981e-26
1.0504368862344113e-29
6.208299238544552e-33
2.445439189992537e-36
6.419816907079064e-40
0.0
0.0
0.0
0.0
0.0
0.0
0.0
0.0
0.0
0.0
0.0
0.0
0.0
0.0
0.0
0.0
0.0
0.0
0.0
0.0
0.0
0.0
0.0
0.0
0.0
0.0
0.0
0.0
0.0
0.0
0.0
0.0
0.0
0.0
0.0
0.0
0.0
0.0
0.0
0.0
0.0
0.0
0.0
0.0
0.0
0.0
0.0
0.0
0.0
0.0
0.0
0.0
0.0
0.0
0.0
0.0
0.0
0.0
0.0
0.0
0.0
0.0
0.0
0.0
0.0
0.0
0.0
0.0
0.0
0.0
0.0
0.0
0.0
0.0
0.0
0.0
9.739334658618546e-34
7.030007543301972e-33
3.381923979689044e-32
1.084309940942654e-31
2.3169922752318476e-31
3.29972145457759e-31
3.131926225173249e-31
1.981195415810092e-31
8.352657116958991e-32
2.3469483986914565e-32
4.395051583877238e-33
5.485370422756739e-34
4.562779613492897e-35
2.5294993527975878e-36
2.9354328689072675e-37
8.275225046438977e-39
1.5547802741951913e-40
1.946882668114319e-42
1.6247707196052797e-44
9.037034436082463e-47
3.349973245924522e-49
8.2763393263458e-52
1.3627518681482175e-54
1.495466993213021e-57
1.0937509072075975e-60
5.3314036949626186e-64
1.7319935055294192e-67
3.750010622750151e-71
0.0
0.0
0.0
0.0
0.0
0.0
0.0
0.0
0.0
0.0
2.333992141908156e-33
1.5212498411750845e-32
4.236776067871619e-32
1.4042332328959328e-31
3.1018767088846443e-31
4.566583097610141e-31
4.4806368479350325e-31
2.930013865606669e-31
1.2769713488241763e-31
3.7091481400285786e-32
7.180401897473482e-33
9.264135002116315e-34
7.966041151683562e-35
4.565220556612328e-36
1.743662915225069e-37
4.438588114592027e-39
7.53023811001991e-41
8.514401396338268e-43
6.416247083902405e-45
3.2224752286997904e-47
1.0786477539816012e-49
2.4063081810299322e-52
3.577703945135342e-55
3.545186610065722e-58
2.3412907482602283e-61
1.0305122194042343e-64
3.022960628326772e-68
5.910080333146869e-72
0.0
0.0
0.0
0.0
0.0
0.0
0.0
0.0
0.0
0.0
0.0
0.0
0.0
0.0
0.0
0.0
0.0
0.0
0.0
0.0
0.0
0.0
0.0
0.0
0.0
0.0
0.0
0.0
0.0
0.0
0.0
0.0
0.0
0.0
0.0
0.0
0.0
0.0
0.0
0.0
0.0
0.0
0.0
0.0
0.0
0.0
0.0
0.0
0.0
0.0
0.0
0.0
0.0
0.0
0.0
0.0
0.0
0.0
0.0
0.0
0.0
0.0
0.0010412088339511972
0.009019054258635976
0.05206737742946509
0.20033275116496743
0.5137120527490647
0.877948626115455
1.0
0.7591235151304184
0.3840665086285432
0.1295036409061427
0.029103087677530053
0.0043589080228236855
0.000435108823796787
2.8946737609628497e-05
1.28346167947431e-06
1.2833327808221097e-07
2.893511082411253e-09
4.3480302867440515e-11
4.3545323291647714e-13
2.9065113689489735e-15
1.2929569980547333e-17
3.8333430309461975e-20
7.574480218571724e-23
9.974922619493342e-26
8.754831324164362e-29
5.121150972446864e-32
1.9964982013407873e-35
5.1874248197848926e-39
0.0
0.0
0.0
0.0
0.0
0.0
0.0
0.0
0.0
0.0
0.0
0.0
0.0
0.0
0.0
0.0
0.0
0.0
0.0
0.0
0.0
0.0
0.0
0.0
0.0
0.0
0.0
0.0
0.0
0.0
0.0
0.0
0.0
0.0
0.0
0.0
0.0
0.0
0.0
0.0
0.0
0.0
0.0
0.0
0.0
0.0
0.0
0.0
0.0
0.0
0.0
0.0
0.0
0.0
0.0
0.0
0.0
0.0
0.0
0.0
0.0
0.0
0.0
0.0
0.0
0.0
0.0
0.0
0.0
0.0
0.0
1.9526229133770408e-05
0.00016811003495644127
0.000964607076855135
0.00368883132626977
0.009401750006333188
0.015970192424530082
0.018079780230080864
0.013641360726117656
0.006859678914071998
0.002298960082297622
0.0005135002050747304
7.644188016487249e-05
7.584092960853629e-06
5.014844639705997e-07
2.2100030176937836e-08
6.490972938317988e-10
1.2705983250611928e-11
1.6576327047244594e-13
7.332338716084598e-15
4.864353490515636e-17
2.1507467935138836e-19
6.337748322322012e-22
1.244692985388233e-24
1.629187402491166e-27
1.4212202693401055e-30
8.262915097930805e-34
3.2017449720861797e-37
8.268404795831246e-41
0.0
0.0
0.0
0.0
0.0
0.0
0.0
0.0
0.0
0.0
0.0
0.0
0.0
0.0
0.0
0.0
0.0
0.0
0.0
0.0
2.8231639298554397e-33
1.7998078927886313e-32
7.647117364566686e-32
2.165463696949282e-31
4.08682091537326e-31
5.140458477866947e-31
4.309229773392075e-31
2.407570406186797e-31
8.964785218922186e-32
2.224755709361861e-32
3.679648369309829e-33
4.056129911748394e-34
2.979881142193413e-35
1.4590412669590762e-36
4.761214607333454e-38
1.0354985316098309e-39
1.500938043597901e-41
1.4499652433550625e-43
9.335422257659444e-46
4.0058242327447313e-48
1.1455956619696436e-50
2.1834958940960353e-53
2.679171938763158e-55
2.5967143940058715e-58
1.6773717830744495e-61
7.221310662782922e-65
2.0719738641579117e-68
3.9621787567348544e-72
0.0
0.0
0.0
0.0
0.0
0.0
0.0
0.0
0.0
0.0
0.0
0.0
0.0
0.0
0.0
0.0
0.0
0.00016288630587146701
0.0013699594569034895
0.007679136785273723
0.019341183986967186
0.05513029615467046
0.1047319387021065
0.13260182718306698
0.11189261462259813
0.06292668943900018
0.023585761050776
0.005891779061877374
0.000980899604058524
0.00010883891756737118
8.04869400782515e-06
3.966871824141509e-07
1.3030241570092126e-08
2.8525831644509564e-10
4.1620348311071966e-12
4.047199886844974e-14
2.6229206139121093e-16
1.1329146336645074e-18
3.261300184071713e-21
6.256996540728668e-24
8.000622895796487e-27
6.824976975189557e-30
5.3095889405188e-33
2.004879530424488e-34
1.8368776679690376e-35
2.9942342033944588e-36
1.4052657818010054e-37
4.395544931578535e-39
9.163228667324437e-41
1.2731098354969998e-42
1.1788668906035268e-44
7.275204669456882e-47
2.9923143068230656e-49
8.20258521050665e-52
1.498565880945987e-54
1.82466221347258e-57
1.4807122338945813e-60
8.008301199412472e-64
2.8866337269678424e-67
6.934649452081686e-71
0.0
0.0
0.0
0.0
0.0
0.0
0.0
0.0
0.0
0.0
0.0
0.0
0.0
0.0
0.0
0.0
9.215610418237838e-34
5.845715188315549e-33
2.471341404276751e-32
6.963208295081164e-32
1.3075779137157793e-31
1.6364672339240454e-31
1.3649872666837184e-31
7.588071845575199e-32
2.8113558258589033e-32
6.941954249126403e-33
1.1424290182555428e-33
1.2530207206402446e-34
9.159438013183766e-36
4.462322467930932e-37
1.4488873566775612e-38
3.13537753551261e-40
4.5219588947979454e-42
4.346552466520851e-44
2.7844844091496248e-46
1.1888476481474166e-48
3.3829000276748294e-51
5.422072630245713e-53
7.845685077124269e-56
7.566202506791243e-59
4.863026074544944e-62
2.0831319678723075e-65
5.947144863347242e-69
1.1315709751747662e-72
0.0
0.0
0.0
0.0
0.0
0.0
0.0
0.0
0.0
0.0
0.0
0.0
9.933914333878222e-35
8.920802263547805e-34
5.339111169419034e-33
2.1296859344408214e-32
5.661659016721322e-32
1.0031211908517907e-31
1.1723592882269004e-31
1.0562652790520198e-31
6.342592766564393e-32
2.5382956171584715e-32
6.77016292278722e-33
1.2034764280726489e-33
1.4257966990044413e-34
1.1257946218638502e-35
5.924371479408563e-37
8.480293219528134e-34
5.679654255066856e-33
2.5352748281072146e-32
7.542403717276315e-32
1.4954643126562801e-31
1.9761680819768e-31
1.7404167551010298e-31
1.0215607044247488e-31
3.9962868172117515e-32
1.0419111125890755e-32
1.810448760645564e-33
2.0966375228695273e-34
1.6182365952359893e-35
8.324194718604713e-37
0.0005034834840228475
0.0035888124553783668
0.017048958217581636
0.03845593973021062
0.09289943906831323
0.14956993438359673
0.1604933575778834
0.11477607538434663
0.05470502571669682
0.017377393306282414
0.003678947438591729
0.000519091698609274
4.8814195075183536e-05
3.0593539781806776e-06
1.277894127718631e-07
3.557472632450332e-09
6.600393216134681e-11
8.161680673295735e-13
6.7262179678862e-15
3.694399211653841e-17
1.3523784980925465e-19
3.2993944506067574e-22
5.364778186803076e-25
5.813676327737631e-28
4.198860789156792e-31
2.021127221033234e-34
6.483915922671903e-38
1.386317310838492e-41
0.0
0.0
0.0
0.0
0.0
0.0
0.0
0.0
0.0
0.0
0.0
0.0
0.0
0.0
0.0
0.0
0.0
0.0
0.0
0.0
0.0
0.0
0.0
0.0
0.0
0.0
0.0
0.0
0.0
0.0
0.0
0.0
0.0
0.0
0.0
0.0
0.0
0.0
0.0
2.9561403903360575e-35
2.168256012327943e-34
1.0599310421043613e-33
3.453235618805494e-33
7.498188608168775e-33
1.0850957366328617e-32
1.046553180959353e-32
6.72722719581524e-33
2.8819897805234266e-33
8.228682886250758e-34
1.5658485831087491e-34
1.9858697002351105e-35
1.6785461397301816e-36
8.832364939759549e-36
6.748508940051724e-35
3.5387913437714352e-34
1.2369559589372336e-33
2.881611653537505e-33
4.474023045553817e-33
4.629589986405828e-33
3.192775567502907e-33
1.4674921979171643e-33
4.495362917216886e-34
9.17772973886199e-35
1.2487839801445025e-35
5.738069028742635e-35
5.267712069315248e-34
3.2870340515843184e-33
1.3671734998709916e-32
3.789875717378461e-32
7.001770235385991e-32
8.621290721875378e-32
7.074866897389195e-32
3.8694194044314843e-32
1.4104408733781458e-32
3.426458789566739e-33
5.547760307257769e-34
5.986478309263611e-35
4.305332382882657e-36
5.942890489288806e-37
2.1733795698855093e-38
5.2973050305403475e-40
8.605100175005435e-42
9.316191943834533e-44
6.722061374374997e-46
3.23257096020562e-48
1.0360368650058294e-50
2.2130126639560813e-53
3.1504612154648844e-56
2.9891377133375332e-59
1.8901630047774549e-62
0.00010476928647565566
0.0009274661342681419
0.005471969692245748
0.021516461665987748
0.05638707582706378
0.09848494355504069
0.11464144611908199
0.08893956875211673
0.045986454903710755
0.01584697566686238
0.003639522421470017
0.0005570881949230287
5.683096887200908e-05
3.863916323501645e-06
5.137561196734321e-07
1.7762424342836043e-08
4.092880100586056e-10
6.285464122146869e-12
6.433202608314722e-14
4.38832369796202e-16
1.9950400989488986e-18
6.0448586683699056e-21
1.2206811036382972e-23
1.6428572937178844e-26
1.4735979441536222e-29
8.809265958941885e-33
3.509796891585592e-36
9.319782911434604e-40
0.0
0.0
0.0
0.0
0.0
0.0
0.0
0.0
0.0
1.6943272078613407e-33
1.266130213402782e-32
3.862779852080799e-32
1.4678565844400181e-31
3.7174817172794044e-31
6.2747381276615705e-31
7.0586868910110315e-31
5.292169901632307e-31
2.6443880580779024e-31
8.80639465305295e-32
1.954576393883451e-32
2.8912703508498757e-33
5.94674027718145e-34
2.588824977527962e-33
1.421861155299019e-32
5.241995154598299e-32
1.288078243934252e-31
2.1094518564559503e-31
2.3023881474126707e-31
1.6748233685945882e-31
8.11971958569731e-32
2.623581733981845e-32
5.6497562881182645e-33
8.108609352934153e-34
7.756121254999353e-35
4.944522416675594e-36
6.817143215277904e-35
4.343980465480113e-34
1.1941609780067396e-33
3.8813714252526936e-33
8.407932959694062e-33
1.2138773979417689e-32
1.1679976207230158e-32
7.49015214250144e-33
3.201259414951759e-33
9.118694088404447e-34
1.731115209770495e-34
2.1902860954145318e-35
1.8469590574987925e-36
1.0379949453891374e-37
3.887897056966195e-39
9.705453294492394e-41
1.6147245152268674e-42
1.7904516680322772e-44
1.3231476608149153e-46
6.5168177080945096e-49
2.1391654742473535e-51
4.679880207349277e-54
6.823491273737044e-57
6.630710895795567e-60
1.2889341638526134e-33
8.557628558535949e-33
3.7866719046894823e-32
1.1167178828341784e-31
1.8330241773669737e-31
2.748884972301817e-31
2.7474290695508493e-31
1.830113224254555e-31
8.12476816585188e-32
2.4039506288780154e-32
4.7404727980090444e-33
6.230161744468652e-34
5.457057537331574e-35
3.1856590443530356e-36
1.2394288462986999e-37
3.213848906558647e-39
5.554063735579177e-41
6.3970215129573035e-43
4.910506740032727e-45
2.512212428942827e-47
8.565800523698668e-50
1.9465299994400365e-52
2.948056444011974e-55
2.975719805569088e-58
2.0018421295794175e-61
8.975303899051871e-65
2.6819461172999227e-68
5.341121804483623e-72
0.0
0.0
0.0
0.0
0.0
0.0
0.0
0.0
0.0
0.0
0.0
0.0
0.0
0.0
0.0
0.0
0.0
0.0
0.0
0.0
0.0
0.0
0.0
0.0
0.0
0.0
0.0
0.0
0.0
0.0
0.0
0.0
0.0001241502428646848
0.000889484814454523
0.004247281547979042
0.01351652686323038
0.028668219503220488
0.04052451990316622
0.03817829980076619
0.023971589814980578
0.010031332819850518
0.0027977054561204575
0.0005200281916332594
6.442187111691799e-05
5.318893926088004e-06
2.926785348065625e-07
1.0733514894884387e-08
2.623460940436745e-10
4.273550004912139e-12
4.63964258181811e-14
3.357080918159313e-16
1.6189023053527939e-18
5.203086209212111e-21
9.044588277954397e-23
1.4781951141908983e-25
1.6101126837791065e-28
1.1688595461717056e-31
5.655225581612794e-35
1.8235559235082157e-38
3.918950590142988e-42
0.0
0.0
0.0
0.0
0.0
0.0
0.0
0.0
0.0
0.0
0.0
0.0
0.0
0.0
0.0
0.0
0.0
0.0
0.0
0.0
0.0
0.0
0.0
0.0
0.0
0.0
0.0
0.0
0.0
0.0
0.0
0.0
0.0
0.0
0.0
0.0
0.0
0.0
0.0
0.0
0.0001447455746919771
0.0016409495661806716
0.009694526919165574
0.038597725770055234
0.07790175348707072
0.16094375987658385
0.22445274007791507
0.21131783906924592
0.13427748672731663
0.05755597122310677
0.016628509472409993
0.0032349588833235922
0.00042331830826187523
3.7218814784188126e-05
2.1962353923216374e-06
8.688957798407244e-08
2.3026100684851356e-09
4.0838935882539995e-11
4.84411718439651e-13
3.840359428820253e-15
2.0338516649493945e-17
7.192300201326005e-20
1.6977014575746708e-22
2.674063828982206e-25
2.809925066181692e-28
1.9694523768036697e-31
9.205671551258214e-35
2.8692570759592787e-38
5.924697270059233e-42
0.0
0.0
0.0
0.0
0.0
4.33299735172966e-35
4.958791992601838e-34
3.0728328416146004e-33
1.3315387221898404e-32
4.0407576259138966e-32
8.560196817587875e-32
1.2574372588190456e-31
1.27015948288708e-31
8.751721861623866e-32
4.085513780302734e-32
1.2854809193184978e-32
2.716015420239393e-33
3.843532571285397e-34
3.6367333328016665e-35
2.2981619036701224e-36
9.692048952189095e-38
2.726512840437018e-39
5.11471967022815e-41
6.396934941852451e-43
5.3333776071948123e-45
2.9639950130097593e-47
1.097929796058025e-49
2.0980790785162208e-51
3.952384646102221e-54
4.9623840296191137e-57
4.1525123219781044e-60
2.315890667614966e-63
8.608152061836314e-67
2.1324505294721067e-70
0.0
0.0
0.0
0.0
0.0
0.0
0.0
0.0
0.0
0.0
0.0
0.0
0.0
0.0
0.0
0.0
0.0
0.0
0.0
0.0
0.0
0.0
0.0
0.0
0.0
0.0
0.0
0.0
0.0
0.0
0.0
0.0
0.0
0.0
0.0
0.0
0.0
0.0
0.0
0.0
0.0
0.0
0.0
0.0
0.0
0.0
0.0
0.0
0.0
0.0
0.0
0.0
0.0
0.0
0.0
0.0
0.0
0.0
0.0
0.0
0.0
0.0
0.0
0.0
0.0
0.0
0.0
0.0
0.0
0.0
0.0
0.0
0.0
0.0
0.0
0.0
0.0
0.0
0.0
0.0
0.0
0.0
8.087255690088032e-34
5.194572498881755e-33
2.2237194665391346e-32
6.344417174206657e-32
1.2063824605903327e-31
1.5288322837517804e-31
1.2912675098783428e-31
7.268656584241327e-32
2.7269277140179694e-32
6.818277126812542e-33
1.164255159571542e-33
3.7965886533001423e-34
1.5359229342278567e-33
6.128135383370518e-33
1.235326916301293e-32
2.5214954093766825e-32
3.4301862700977054e-32
3.109988590493481e-32
1.8792364853770777e-32
7.568078424349026e-33
2.0312873321814994e-33
3.633612782111031e-34
4.331990317982386e-35
3.442055417051742e-36
1.8227612495420575e-37
6.433143877338802e-39
1.5132068199074915e-40
2.372219456534719e-42
2.4785231827811996e-44
1.725888184004618e-46
8.009656171561345e-49
2.4774028908447385e-51
5.1069423416105904e-54
7.016278468594853e-57
6.424424480799614e-60
3.9205156109326127e-63
1.5945336723608912e-66
4.3222088710121616e-70
0.0
0.0
0.0
0.0
2.964977453831281e-34
2.074837290923317e-33
9.676721516582477e-33
3.0078348632538906e-32
6.23105067292113e-32
8.603004013748383e-32
7.916268503189414e-32
4.8548124270229056e-32
1.9842936470743444e-32
5.4053146162822434e-33
9.813356145422107e-34
1.1873963020973864e-34
9.575365752909556e-36
5.1463177777874364e-37
1.8433991202919557e-38
4.400719626890532e-40
7.001797925859937e-42
7.4246672278656e-44
5.247179997193846e-46
2.47147646622684e-48
7.758335293615051e-51
1.6231630886786787e-53
2.2632749661694526e-56
2.254697522570215e-58
1.5986965199914487e-61
7.554840846678603e-65
2.3793928822034726e-68
4.994460061500525e-72
0.0
0.0
0.0
0.0
0.0
2.884395458772862e-35
2.0205973266254365e-34
9.433791927259893e-34
2.935447790471992e-33
6.087570109746881e-33
8.413857253251595e-33
7.750466644026927e-33
4.758193633604708e-33
1.946874334232355e-33
5.309031183640782e-34
3.532616568988902e-05
0.00027885829868050415
0.0014670745843369567
0.005144016602649441
0.012020819556151217
0.018721788840928608
0.02007815083268423
0.015901553596040455
0.008393381251145188
0.0029526766642643757
0.0006922713862048095
0.00010817288655595607
1.126528036495474e-05
7.81892664553146e-07
3.616877675580141e-08
1.115069793931199e-09
2.2911410680674484e-11
3.137495826536544e-13
2.8634923801616422e-15
1.7417685918932857e-17
7.061003492706953e-20
1.9077609100748716e-22
3.4352869027193777e-25
4.122718001137499e-28
3.297507515085097e-31
1.757800226166101e-34
6.245037911470538e-38
1.4787382672564395e-41
1.629027953801962e-48
5.3348964352406296e-51
1.1644075089754873e-53
4.223937582388907e-05
0.0003812006611465963
0.0022928273133852608
0.009191165711457753
0.024555647707897723
0.04372338128012222
0.05188688923026365
0.04103770607905101
0.02163167090836106
0.007599387776526415
0.00177929800952492
0.0002776516943388944
2.8875765840772876e-05
2.0014661197610454e-06
9.245800592037692e-08
2.8465731623747227e-09
5.840926302231639e-11
7.987716653577737e-13
7.280230391708563e-15
4.422309602763786e-17
1.7903366936647473e-19
4.830608373283965e-22
8.686613429773802e-25
1.0410718617290274e-27
8.315578544893862e-31
4.426757989989358e-34
2.3208594812528186e-36
6.282677056045155e-40
0.0
0.0
7.081543592464855e-35
6.2122614063258775e-34
3.632060379101038e-33
1.415265582208842e-32
3.675398036760139e-32
6.361394968070424e-32
7.338070690982429e-32
5.641478918436652e-32
2.8905840113159923e-32
9.870968611148086e-33
2.3899600381870806e-33
1.5015879785859177e-33
6.296634706542357e-33
2.2517056079616261e-32
5.39498324097371e-32
8.615753086538996e-32
9.170198670617842e-32
6.504977644811314e-32
3.0753490892491367e-32
9.690017936785322e-33
2.034868221761447e-33
3.276009896977085e-34
2.4252086975063606e-34
1.1303363273481184e-33
4.662228546451115e-33
1.2864753924049673e-32
2.3659730111145025e-32
2.900012387444708e-32
2.3690349637893956e-32
1.289806721943014e-32
4.6801454438387675e-33
1.1318154335705137e-33
1.8242040764852454e-34
1.9595338957569537e-35
1.4028579149280622e-36
6.693544292105813e-38
2.1285318077136926e-39
4.511133666101779e-41
6.371956390643547e-43
5.998483137544834e-45
3.7634975531649853e-47
1.5737052073114314e-49
4.385677310018041e-52
8.145758198262985e-55
1.0083421058351845e-57
8.318898764220744e-61
4.574096514169548e-64
1.6762020098171188e-67
6.85132505137105e-70
0.0
0.0
0.0
0.0
0.0
0.0
0.0
0.0
0.0
0.0
0.0
0.0
0.0
0.0
0.0
0.0
0.0
0.0
0.0
0.0
0.0
0.0
0.0
0.0
0.0
0.0
0.0
0.0
0.0
0.0
0.0
0.0
0.0
0.0
0.0
0.0
0.0
0.0
0.0
0.0
0.0
8.665497645401672e-06
8.526425894877719e-05
0.000507368560177452
0.0021807878110027047
0.006812364146286056
0.015347663594975552
0.024511759426651843
0.027229093884452143
0.02071249708509929
0.013907862022936245
0.005505191666432653
0.0014617263608716197
0.0002596071082202174
3.079129640452012e-05
2.436742371413534e-06
1.2860081886357037e-07
4.524904297468751e-09
1.0613034901987493e-10
1.659194208275997e-12
1.7288677447430246e-14
1.200665116556794e-16
5.557395621281389e-19
1.714377937218134e-21
3.5247290669230526e-24
4.829784663527677e-27
4.410746192956646e-30
2.684592149400369e-33
1.0889961213501577e-36
2.9441222123491208e-40
0.0
0.0
0.0
0.0
0.0
0.0
0.0
0.0
0.0
0.0
0.0
0.0
0.0
0.0
0.0
0.0
0.0
0.0
0.0
0.0
0.0
0.0
0.0
0.0
0.0
0.0
0.0
0.0
0.0
0.0
0.0
2.4526557505579183e-05
0.00018279845732536266
0.0009080086901014932
0.003006000384455034
0.0066323831430371285
0.009752854160585233
0.009558184325333875
0.006243104738904931
0.0027177367609449122
0.00078848911948206
0.00015246338892559855
1.964793810296951e-05
1.6875239368595391e-06
9.659718055663935e-08
3.6851952905492495e-09
9.369968105603363e-11
1.5878053681255522e-12
1.7932381407044963e-14
1.3497713854509883e-16
6.771174636732551e-19
2.2638589311398976e-21
5.044478265851842e-24
7.491429514164136e-27
7.414718856924997e-30
4.8910965695727126e-33
2.1503030337609818e-36
9.923523787862582e-39
2.219124645808233e-42
3.1681416829875007e-48
3.652825036294087e-05
0.00029303529252604725
0.001460695653086628
0.004951775323614092
0.011477958235098784
0.018286650566822892
0.02010662506981676
0.015287749999359997
0.00803298940711424
0.0029080985671186455
0.0007219106801786527
0.00012222341512718764
1.4039604196974745e-05
1.0892279946554398e-06
5.686745836985993e-08
1.992420027565654e-09
4.674973774486525e-11
7.335311760954061e-13
7.68859746417814e-15
5.379593741179843e-17
2.51135105164719e-19
7.819352600839332e-22
1.623441555317806e-24
2.109284075138377e-26
2.2280590790619483e-29
1.5688420216736045e-32
7.36321119430065e-36
2.3034223397309824e-39
4.801463470390838e-43
0.0
4.636689855050193e-05
0.0003738106526854876
0.002008523179340576
0.007192561280818399
0.01716610804477435
0.027304967300116376
0.02894629794830193
0.020451536590018644
0.009630313101580521
0.003022291982243984
0.000632141029012658
8.811971569234067e-05
8.186791758517538e-06
5.069159405224008e-07
2.0918941291652785e-08
5.753405737089145e-10
1.0546099178565334e-11
1.2883689468344506e-13
5.454731444538831e-15
3.388631559773969e-17
1.4029974353843158e-19
3.8714259002821367e-22
7.119779987508906e-25
8.726573359413989e-28
7.128570735974612e-31
3.880992214753652e-34
1.4082070561496562e-37
3.406120191410974e-41
5.433136620484842e-47
2.7250602396329715e-49
9.109260809226239e-52
2.0294189638467387e-54
3.013296312871953e-57
2.9819030157492607e-60
1.9666484604890265e-63
8.644532410323436e-67
2.5324321916716374e-70
4.944423846765567e-74
4.950217835933821e-36
4.141105329183788e-35
2.3088184882439416e-34
8.579161713039417e-34
2.1246209767599557e-33
3.506708161294592e-33
3.909122291293084e-33
3.280952903298229e-33
1.835279797134235e-33
6.842048047821916e-34
1.7000101079478697e-34
2.8151298756443484e-35
3.106897431824582e-36
2.2852669805594275e-37
1.1202850007655338e-38
3.6601732798971297e-40
7.969963259148463e-42
1.1566249079766045e-43
1.1186914274631616e-45
7.211234653915821e-48
3.0980647733210574e-50
8.870598192379296e-53
1.6927657756360452e-55
2.152892675848996e-58
1.8248595256972327e-61
1.030903575008664e-64
3.881398204966711e-68
9.739572703687035e-72
0.0
0.0
0.0
0.0
0.0
0.0
0.0
0.0
0.0
0.0
1.2005491557012158e-34
8.610394553804835e-34
4.1157378678314086e-33
1.31115461811824e-32
2.783823261317818e-32
3.9392265476049314e-32
3.715025549978927e-32
2.3350393302131596e-32
1.0141569960916254e-32
5.227912047556061e-33
1.2089418081395686e-32
3.5875669215560426e-32
7.411508616515376e-32
1.0308564587175895e-31
9.724128706998545e-32
6.32575350788295e-32
2.918696191727948e-32
9.916506395380649e-33
2.5604727545702818e-33
5.042041084919109e-34
1.4493751610920292e-34
1.6991207601668412e-35
1.3924270573257892e-36
7.79871427196415e-38
2.947816566246305e-39
7.471352150317238e-41
1.2657316690328161e-42
1.991607520450491e-35
1.7489281214901984e-34
1.0235798146524799e-33
3.992574355689917e-33
1.0379247336238597e-32
1.7982921883620712e-32
2.0765204018427404e-32
1.5980622599804123e-32
8.19658102490993e-33
2.8019044796257253e-33
6.3834500292198486e-34
9.69257451802282e-35
9.80854033683143e-36
6.615324683182149e-37
2.9735790929873984e-38
8.908187981415275e-40
1.778610285841922e-41
2.366757566895387e-43
1.0608075879406862e-44
7.178144102830971e-47
3.2371980931371662e-49
9.729889930799809e-52
1.9490730970544508e-54
2.602135303151705e-57
2.3153314491077899e-60
1.3730236408640042e-63
5.4265574781512386e-67
1.429395294214398e-70
0.0
0.0
0.0
0.0
0.0
0.0
0.0
0.0
0.0
0.0
0.0
0.0
0.0
0.0
0.0
0.0
0.0
0.0
0.0
2.965951574841251e-34
2.1675264610576048e-33
1.0502974851313918e-32
3.4255202160415445e-32
7.56862613734194e-32
1.144037093242818e-31
1.199080560198206e-31
8.853148219056428e-32
4.6695361312622207e-32
1.7710431767935129e-32
4.8102009113875426e-33
9.23714267203387e-34
1.2344521948531563e-34
1.1318513286177379e-35
7.044412257600832e-37
2.9547484644730674e-38
8.31478651877713e-40
8.483045416943242e-06
7.825393668623432e-05
0.0004811075200577469
0.0019713314208651086
0.005383425299899803
0.009798041766670375
0.011658084799708065
0.010789725240627494
0.006655414511107632
0.0027360333149738787
0.0007496338711847337
0.00013688585395390447
1.6659021401509526e-05
1.3512072002074735e-06
7.304255624980244e-08
2.6315493856774846e-09
6.318713059719711e-11
1.0111772531640506e-12
1.0784685802942388e-14
7.666007695150458e-17
3.631721632023164e-19
1.1466672348918518e-21
2.4129248796275096e-24
3.384010859300745e-27
3.163014936664905e-30
1.9703904128793747e-33
8.180594707572152e-37
2.2635965127972576e-40
0.0
0.0
2.0671761719734697e-05
7.762119230253859e-05
0.0004027502589586623
0.0013927491285954622
0.0032099000583678716
0.004930508071717348
0.005047465809000932
0.0034437898809570287
0.0015659628453777177
0.00047457822734672377
9.58552080655502e-05
1.2903429900584405e-05
1.1576470451290711e-06
6.921954122589231e-08
2.7584353749836045e-09
7.326194747370379e-11
1.296807915102524e-12
1.5298695275676884e-14
1.2028588953045118e-16
6.3031337431884e-19
2.2013034214284924e-21
5.1237135654149196e-24
7.948246468336491e-27
8.21749326113796e-30
5.6622486336791584e-33
2.6002796842338194e-36
7.958527812098272e-40
2.884974964190552e-42
0.0
0.0
0.0
0.0
0.0
0.0
0.0
0.0
0.0
6.149582515768666e-36
4.780540525819394e-35
2.4767942069906515e-34
8.552328823872324e-34
1.968160021570181e-33
3.018686201201425e-33
3.08572402132239e-33
2.1022179564405708e-33
9.545088283015692e-34
2.8884423633105536e-34
5.825443715330366e-35
7.830254238492309e-36
7.014621858758556e-37
4.1880727141100546e-38
1.666501506926936e-39
4.419557170583239e-41
3.1370996432010353e-42
4.230619230555091e-44
3.802428997097895e-46
2.277717378677532e-48
9.09327040501338e-51
2.419479375672499e-53
4.290474164734543e-56
5.070726728204262e-59
3.994079171724774e-62
2.096740484057776e-65
7.335914148923314e-69
1.7105877119430604e-72
0.0
0.0
0.0
0.0
0.0
0.0
0.0
0.0
0.0
0.0
0.0
0.0
0.0
0.0
0.0
0.0
0.0
4.23361022916266e-05
0.0002676323522607907
0.0011275813879418296
0.003166202842382046
0.0059253105686697186
0.007390350745167153
0.006143283120208082
0.003403435771950428
0.0012566552092820144
0.0003092404244831137
5.0717511200470215e-05
5.54371831547811e-06
4.038554280675328e-07
1.9607952314183536e-08
6.344831717031845e-10
1.3683258192889325e-11
1.9667107155720732e-13
1.8839657119670705e-15
1.2027823678845543e-17
5.1177923373383814e-20
1.4513087533954658e-22
2.7429540684992276e-25
3.3467789202746835e-27
3.231297309419251e-30
1.2294540948981765e-32
4.7252401758384546e-33
1.4534892885205952e-33
2.9803140301964988e-34
4.0728071066051367e-35
3.70943021024664e-36
2.25165638528403e-37
9.109165125128938e-39
2.4560464837651227e-40
4.4134289318261075e-42
5.285635873955445e-44
4.218906429335627e-46
2.2443164538346648e-48
7.95700886171699e-51
1.8801700841106312e-53
2.960915291655064e-56
3.107680593594898e-59
2.1738437093259103e-62
1.0134487843654708e-65
3.148885314704062e-69
6.520688126716526e-73
0.0
0.0
0.0
0.0
0.0
0.0
0.0
0.0
0.0
8.31957100220909e-06
7.941224602078432e-05
0.00047479829751010495
0.001896785899664619
0.005065097929833033
0.009045008034619143
0.010806622949187982
0.008642792214046785
0.0046295110332127375
0.0016617756891370047
0.0003999477357533521
6.457350900717854e-05
6.997328438990483e-06
5.091115098889642e-07
2.4878980042618722e-08
8.167322448173371e-10
1.8013149099681593e-11
2.668961960640081e-13
2.6562186203565413e-15
1.775130587767955e-17
5.04709461261148e-19
1.735259113418647e-21
4.0014860935006166e-24
6.1855797844967084e-27
6.406231079975534e-30
4.4427299734365324e-33
2.062016206864522e-36
6.401938310611193e-40
1.2016535719612532e-43
3.792958171472643e-51
7.621956761012916e-54
1.0207901160055962e-56
9.111460148276982e-60
5.420271639007535e-63
2.1489963211850992e-66
5.678476598226503e-70
0.0
0.0
0.0
0.0
0.0
0.0
0.0
0.0
0.0
0.0
0.0
0.0
0.0
0.0
0.0
0.0
0.0
0.0
0.0
5.265405626388679e-06
4.344847313364718e-05
0.00023894544343683116
0.0008757991824639096
0.002139399381564204
0.003483058306239211
0.003779298293987772
0.0027330221185332708
0.0013172150062009615
0.0004231084912240563
9.057917498992372e-05
1.292368989493517e-05
1.2289274487257902e-06
7.788386739938442e-08
3.289654750195315e-09
9.260505235759578e-11
6.840036965240698e-12
9.791413455759692e-14
9.341441075745532e-16
5.93969187025024e-18
2.5170712048301598e-20
7.109001976959777e-23
1.3381454348741094e-25
1.6787249564160091e-28
1.4035804973974899e-31
7.821258765059696e-35
2.904675643297765e-38
7.189589888664932e-42
4.055244852942323e-49
1.5880069438397124e-51
4.1444832189792223e-54
7.208921717568343e-57
8.357029112935452e-60
6.456767002625012e-63
3.3247567333226757e-66
1.1410014451723505e-69
8.929464567590624e-36
6.002436363371684e-35
2.689126662811047e-34
8.029278118471612e-34
1.597803219799876e-33
2.1191008753459972e-33
2.0417601202918472e-33
1.3770053770099839e-33
6.189393628529535e-34
1.8541382748020345e-34
3.7018403325767795e-35
4.9257775476762016e-36
4.368310042282834e-37
2.581865791286934e-38
1.017033878214694e-39
2.670045883521873e-41
4.67179284815253e-43
5.447910680050535e-45
4.23406896790104e-47
2.1931454004773855e-49
7.57109108443346e-52
1.7419314684534125e-54
2.671069614447205e-57
2.729737570426648e-60
1.8592514787552786e-63
8.439892639759443e-67
3.740535343345683e-35
2.4651762299379153e-34
1.0827887340727259e-33
3.169720974833312e-33
6.184148177318379e-33
7.707022900837242e-33
7.646242775651252e-33
5.055813731209596e-33
2.2280020965273877e-33
6.543674277402567e-34
1.28088252287642e-34
1.6710077902372213e-35
1.4528781667803915e-36
8.419018589620199e-38
3.251436582068853e-39
8.36894387050192e-41
2.565339523114152e-35
2.2626230637721872e-34
1.512473685946823e-07
1.1986713125504386e-06
6.331315328067038e-06
2.228790892094156e-05
5.229091640967626e-05
8.176448955415695e-05
8.52088599820223e-05
5.9181549004061486e-05
2.7394882971395356e-05
8.45150629155227e-06
1.7377221498997551e-06
2.3812670514677293e-07
2.1747904489461598e-08
3.520393036395062e-09
1.6349446245910463e-10
5.0605356700806516e-12
1.0439302474394037e-13
1.4352515359908114e-15
1.3151221957405098e-17
8.03129804350775e-20
3.268789292008671e-22
8.866856300499846e-25
1.6030346318134398e-27
1.9617875491231705e-30
2.010493322475446e-32
7.559373340032633e-33
2.052208298324596e-33
3.7135236857037633e-34
4.478499889837874e-35
3.599651741227384e-36
1.9282793559998847e-37
6.884318680995346e-39
1.6380740425375928e-40
2.597691893048647e-42
2.7455116937171076e-44
1.933928906150056e-46
9.079026003172386e-49
2.84066201072948e-51
5.923541219421679e-54
7.717148238500685e-56
8.183164367910579e-59
5.783187254528228e-62
2.723922724634001e-65
8.550743113275277e-69
6.383952367984456e-36
5.975745301546797e-35
3.7280014067975577e-34
1.550035356657894e-33
4.2952524072175545e-33
7.93263228863334e-33
9.763994025154442e-33
8.178114705198055e-33
5.469292919996957e-33
2.5221339354951804e-08
2.075221386942188e-07
1.138000025084751e-06
4.1591219727128885e-06
1.013077314331165e-05
1.644618124315258e-05
1.779381626745907e-05
1.2830827903060699e-05
6.166259621913898e-06
1.9750153737056753e-06
4.2160009801343855e-07
5.998083039184193e-08
1.3047316010166365e-08
9.439207482150849e-10
4.551257752096227e-11
1.4625437933841611e-12
3.132332631550885e-14
4.471038593859093e-16
4.253344019107162e-18
2.6967094125174028e-20
1.1395131450714136e-22
3.2091208785646743e-25
6.023298148244259e-28
7.534669295473094e-31
6.281677316603003e-34
3.4903582056956543e-37
1.2926747297819939e-40
3.200582705820148e-44
5.356672302674903e-49
1.8175720844815614e-51
4.1102643758703406e-54
6.19483036234075e-57
6.222581990952825e-60
4.1657517496444464e-63
1.858650321893374e-66
5.5269246692911456e-70
1.0953450438447418e-73
0.0
0.0
0.0
0.0
0.0
0.0
0.0
0.0
0.0
0.0
0.0
0.0
0.0
0.0
0.0
0.0
0.0
0.0
0.0
0.0
0.0
0.0
0.0
0.0
0.0
0.0
0.0
0.0
0.0
0.0
0.0
0.0
0.0
0.0
0.0
0.0
0.0
0.0
0.0
0.0
0.0
0.0
0.0
0.0
0.0
0.0
0.0
0.0
0.0
0.0
0.0
0.0
0.0
0.0
0.0
0.0
0.0
0.0
0.0
0.0
0.0
0.0
0.0
0.0
0.0
0.0
0.0
0.0
0.0
0.0
0.0
0.0
0.0
0.0
0.0
0.0
0.0
0.0
0.0
0.0
0.0
0.0
0.0
0.0
0.0
0.0
0.0
0.0
0.0
0.0
0.0
0.0
0.0
0.0
0.0
0.0
0.0
0.0
0.0
0.0
0.0
0.0
0.0
0.0
0.0
0.0
0.0
0.0
0.0
0.0
0.0
0.0
0.0
0.0
0.0
0.0
0.0
0.0
0.0
0.0
0.0
0.0
0.0
0.0
0.0
0.0
0.0
0.0
0.0
0.0
0.0
0.0
0.0
0.0
0.0
0.0
0.0
0.0
0.0
0.0
0.0
0.0
0.0
0.0
0.0
0.0
0.0
0.0
0.0
0.0
0.0
0.0
0.0
0.0
0.0
0.0
0.0
0.0
0.0
0.0
0.0
0.0
0.0
0.0
0.0
0.0
0.0
0.0
0.0
0.0
0.0
0.0
0.0
0.0
0.0
0.0
0.0
0.0
0.0
0.0
0.0
0.0
0.0
0.0
0.0
0.0
0.0
0.0
0.0
0.0
0.0
0.0
0.0
0.0
0.0
0.0
0.0
0.0
0.0
0.0
0.0
0.0
0.0
0.0
0.0
0.0
0.0
0.0
0.0
0.0
0.0
0.0
0.0
0.0
0.0
0.0
0.0
0.0
0.0
0.0
0.0
0.0
0.0
0.0
0.0
0.0
0.0
0.0
0.0
0.0
0.0
0.0
0.0
0.0
0.0
0.0
0.0
0.0
0.0
0.0
0.0
0.0
0.0
0.0
0.0
0.0
0.0
0.0
0.0
0.0
0.0
0.0
0.0
0.0
0.0
0.0
0.0
0.0
0.0
0.0
0.0
0.0
0.0
0.0
0.0
0.0
0.0
0.0
0.0
0.0
0.0
0.0
0.0
0.0
0.0
0.0
0.0
0.0
0.0
0.0
0.0
0.0
0.0
0.0
0.0
0.0
0.0
0.0
0.0
0.0
0.0
0.0
0.0
0.0
0.0
0.0
0.0
0.0
0.0
0.0
0.0
0.0
0.0
0.0
0.0
0.0
0.0
0.0
0.0
0.0
0.0
0.0
0.0
0.0
0.0
0.0
0.0
0.0
0.0
0.0
0.0
