a = 5.0282189046354215 b = 5.0282189046354215 c = 16.809461498729757 ,Gaussian ,LMH = 0.08 ,DW = [1.5 1.5 1.5]
0.0
0.0
0.0
0.0
0.0
0.0
0.0
0.0
0.0
0.0
0.0
0.0
0.0
0.0
0.0
0.0
0.0
0.0
0.0
0.0
0.0
0.0
0.0
0.0
0.0
0.0
0.0
0.0
0.0
0.0
0.0
0.0
0.0
0.0
0.0
0.0
0.0
6.932247070448865e-33
4.739958609666426e-32
1.3629369125672616e-31
4.738914252434624e-31
1.098154626134718e-30
1.696014998535339e-30
1.7457314256462078e-30
1.1975860249076858e-30
5.475421502106415e-31
1.668437501814946e-31
3.388315769976356e-32
4.586056061221903e-33
4.136913020189284e-34
2.4871098555894187e-35
9.965408256711496e-37
2.661195438365315e-38
4.736308621020159e-40
5.618039197207751e-42
4.4413099683492066e-44
2.3400166756916678e-46
8.216906937791056e-49
1.9230002135896572e-51
2.99938244192048e-54
3.117926730995742e-57
2.1601380857654187e-60
9.974213749843404e-64
3.069427474157099e-67
6.295317370798262e-71
0.0
0.0
0.0
0.0
0.0
0.0
0.0
0.0
0.0
0.0
0.0
0.0
0.0
0.0
0.0
0.0
0.0
0.0
0.0
0.0
0.0
0.0
0.0
0.0
0.0
0.0
0.0
0.0
0.0
0.0
0.0
0.0
0.0
0.0
0.0
0.0
0.0
0.0
0.0
0.0
0.0
0.0
0.0
0.0
0.0
0.0
0.0
0.0
0.0
0.0
0.0
0.0
0.0
0.0
0.0
0.0
0.0
0.0
0.0
0.0
0.0
0.0
0.0
0.0
0.0
0.0
0.0
0.0
0.0
0.0
0.0
0.0
0.0
0.0
0.0
0.0
0.0
0.0
0.0
0.0
0.0
0.0
0.0
0.0
0.0
0.0
0.0
0.0
0.0
0.0
0.0
0.0
0.0
0.0
0.0
0.0
0.0
0.0
0.0
0.0
0.0
0.0
0.0
0.0
0.0
0.0
0.0
0.0
0.0
0.0
0.0
0.0
0.0
0.0
0.0
0.0
0.0
0.0
0.0
0.0
0.0
0.0
0.0
0.0
0.0
0.0
0.0
0.0
0.0
0.0
0.0
0.0
0.0
0.0
0.0
0.0
0.0
0.0
0.0
0.0
0.0
0.0
0.0
0.0
0.0
0.0
0.0
0.0
0.0
0.0
3.8617260935771244e-33
2.578427335208748e-32
1.1473868677353567e-31
3.4028781744826406e-31
5.606669364113576e-31
8.455592646695675e-31
8.498938905042206e-31
5.693337250015185e-31
2.541854350744203e-31
7.563380702760791e-32
1.4999017395874767e-32
1.982399614924957e-33
1.7462288083923604e-34
1.0251623334475355e-35
4.011120244470001e-37
1.0459725083398605e-38
1.8178431447333092e-40
2.105591369118215e-42
1.62544891496964e-44
8.362846132332771e-47
2.867585897123927e-49
6.553303981280127e-52
9.981268524943051e-55
1.0131942434464306e-57
6.85458610015787e-61
3.090660533778834e-64
9.287587645202148e-68
1.8600991402448415e-71
0.0
0.0
0.0
0.0
0.0
0.0
0.0
0.0
0.0
0.0
0.0
0.0
0.0
0.0
0.0
0.0
0.0
0.0
0.0
0.0
0.0
0.0
0.0
0.0
0.0
0.0
0.0
0.0
0.0
0.0
0.0
0.0
0.0
0.0
0.0
0.0
0.0
0.0
0.0
0.0
0.0
0.0
0.0
0.0
0.0
0.0
0.0
0.0
0.0
0.0
0.0
0.0
0.0
0.0
0.0
0.0
0.0
0.0
0.0
0.0
0.0
0.0
0.0
0.0
0.0
0.0
0.0
0.0
0.0
0.0
0.0
0.0
0.0
0.0
0.0
0.0
0.0
0.0
0.0
0.0
0.0
0.0
0.0
0.0
0.0
0.0
0.0
0.0
0.0
0.0
0.0
0.0
0.0
0.0
0.0
0.0
0.0
0.0
0.0
0.0
0.0
0.0
0.0
0.0
0.0
0.0
0.0
0.0
0.0
0.0
0.0
0.0
0.0
0.0
0.0
0.0
0.0
0.0
0.0
0.0
0.0
0.0
0.0
0.0
0.0
0.0
0.0
0.0
0.0
0.0
0.0
0.0
0.0
0.0
0.0
0.0
0.0
0.0
0.0
0.0
0.0
0.0
0.0
0.0
0.0
0.0
0.0
0.0
0.0
0.0
1.889289969243398e-33
1.6682633635540126e-32
9.817754188377437e-32
3.8507138259214815e-31
1.0065883102081568e-30
1.75365464096491e-30
2.026623402075238e-30
1.7954272815124215e-30
1.0600934103724253e-30
4.1715936528923345e-31
1.0940606782492614e-31
1.9123279331296127e-32
2.2277419162452715e-33
1.7296129659312388e-34
8.949824853330149e-36
3.0864673598439923e-37
7.093987011450056e-39
1.0866774065111419e-40
1.109410914978772e-42
7.548588991382263e-45
3.423108560308487e-47
1.0345634088488249e-49
2.083891501232553e-52
2.7975292832539484e-55
2.502970477572689e-58
1.4925138203033432e-61
5.931472805404973e-65
1.5710437310781538e-68
0.0
0.0
0.0
0.0
0.0
0.0
0.0
0.0
0.0
0.0
0.0
0.0
0.0
0.0
0.0
0.0
0.0
0.0
0.0
0.0
0.0
0.0
0.0
0.0
0.0
0.0
0.0
0.0
0.0
0.0
0.0
0.0
0.0
0.0
0.0
0.0
0.0
0.0
0.0
0.0
0.0
0.0
0.0
0.0
0.0
0.0
0.0
0.0
0.0
0.0
0.0
0.0
0.0
0.0
0.0
0.0
0.0
0.0
0.0
0.0
0.0
0.0
0.0
0.0
0.0
0.0
0.0
0.0
0.0
0.0
0.0
0.0
0.0
0.0
0.0
0.0
0.0
0.0
0.0
0.0
0.0
0.0
0.0
0.0
0.0
0.0
0.0
0.0
0.0
0.0
0.0
0.0
0.0
0.0
0.0
0.0
0.0
0.0
0.0
0.0
0.0
0.0
0.0
0.0
0.0
0.0
0.0
0.0
0.0
0.0
0.0
0.0
0.0
0.0
0.0
0.0
0.0
0.0
0.0
0.0
0.0
0.0
0.0
0.0
0.0
0.0
0.0
2.0296999254915183e-34
1.5213588544455095e-33
7.599990428879968e-33
2.530323054066676e-32
5.614621025582463e-32
7.624024641106539e-32
8.602632032505914e-32
6.469339616866197e-32
3.2424262191796837e-32
1.0830831583323179e-32
2.4112100828746646e-33
3.5775840657836602e-34
3.537742282845862e-35
2.3315465203892348e-36
1.0241027356662533e-37
2.9979508984900724e-39
5.84907315285243e-41
7.60555898153284e-43
6.591082876469123e-45
3.8068341320627814e-47
1.4653881820844646e-49
3.7594383139089546e-52
6.4279840398557736e-55
1.6710509061647862e-34
1.2655687263099708e-33
7.865370675961382e-33
3.365654921936247e-32
1.1496312139497093e-31
3.162948413018494e-31
6.673140856485932e-31
1.015396387833184e-30
1.0965757064796007e-30
8.919475957839587e-31
4.880079898258758e-31
1.786314806978947e-31
4.3646945703971507e-32
7.112316806881425e-33
7.72617074917275e-34
5.594300859842001e-35
2.699777588790171e-36
8.683593982625428e-38
1.861468820249234e-39
2.6594686403109825e-41
2.532305283725033e-43
1.6070116092016365e-45
6.796786124011372e-48
1.9158865054121212e-50
3.599295602877218e-53
4.506577120122063e-56
3.760604398990813e-59
2.0914623031691455e-62
7.752182372451995e-66
1.9150471433949935e-69
0.0
0.0
0.0
0.0
0.0
0.0
0.0
0.0
0.0
0.0
0.0
0.0
0.0
0.0
0.0
0.0
0.0
0.0
0.0
0.0
0.0
0.0
0.0
0.0
0.0
0.0
0.0
0.0
0.0
0.0
0.0
0.0
0.0
0.0
0.0
0.00012986902584450236
0.0010818460794650429
0.006006298562898293
0.022224392861705144
0.054806799629592784
0.09007837193739673
0.09867068923309287
0.07203396883976153
0.03504839007092623
0.011365285553593315
0.0024562591088355666
0.0003537932582060221
3.396303366647315e-05
2.172926050545462e-06
9.265416909122524e-08
2.63309502829378e-09
4.9871180507676744e-11
6.295269287575684e-13
5.296153015910995e-15
2.969533877985029e-17
7.480678399446168e-19
2.1329040794183264e-21
4.0530616849728046e-24
5.133063658429051e-27
4.332630326279255e-30
2.4372953975993582e-33
9.137896816190688e-37
2.2833152606604072e-40
0.0
0.0
0.0
0.0
0.0
0.0
0.0
0.0
0.0
0.0
0.0
0.0
0.0
0.0
0.0
0.0
0.0
0.0
0.0
0.0
0.0
0.0
0.0
0.0
0.0
0.0
0.0
0.0
0.0
0.0
0.0
0.0
0.0
0.0
0.0
0.0
0.0
0.0
0.0
0.0
0.0
0.0
0.0
0.0
0.0
0.0
0.0
0.0
0.0
0.0
0.0
0.0
0.0
0.0
0.0
0.0
0.0
0.0
0.0
0.0
0.0
0.0
0.0
0.0
0.0
0.0
0.0
0.0
0.0
0.0
0.0
1.7428657076344836e-33
1.1229041092819784e-32
4.8217308643438806e-32
1.379891083170137e-31
2.631892818782822e-31
3.345593241280501e-31
2.83439011904685e-31
1.600396749912486e-31
6.022506041537754e-32
1.5104570345056612e-32
2.5247655523317024e-33
2.812647353659132e-34
2.0882912107294488e-35
1.0333522398157165e-36
3.407903259308075e-38
7.490446023239414e-40
1.097260253629596e-41
1.0712557479846746e-43
6.9704085012013915e-46
3.022768197573333e-48
2.812020643653425e-33
1.8024591679533924e-32
7.700056537590176e-32
2.1923199753683395e-31
3.5151577450401736e-31
5.089292667263887e-31
4.910792476437954e-31
3.1581102374196086e-31
1.3535818967423065e-31
3.86654738946299e-32
7.361116406896905e-33
9.339972166916186e-34
7.898216364137237e-35
4.451373330141544e-36
1.6720165059994672e-37
4.18570531548957e-39
6.983582805110002e-41
7.765500867416892e-43
5.754958633730119e-45
2.8424739170753824e-47
9.356907116194512e-50
2.0528144527589334e-52
3.001571016881679e-55
2.9250217371877016e-58
1.8997266743185902e-61
8.223083340417313e-65
2.3722464810865043e-68
4.561067280029093e-72
0.0
0.0
0.0
0.0
0.0
0.0
0.0
0.0
0.0
0.0
0.0
0.0
0.0
0.0
0.0
0.0
0.0
0.0
0.0
0.0
0.0
0.0
0.0
0.0
0.0
0.0
0.0
0.0
0.0
0.0
0.0
0.0
0.0
0.0
0.0
0.0
0.0
0.0
0.0
0.0
0.0
0.0
0.0
0.0
0.0
0.0
0.0
0.0
0.0
0.0
0.0
0.0
0.0
0.0
0.0
0.0
0.0
0.0
0.0
0.0
0.0
0.0
0.0
0.0
0.0
0.0
0.0
0.0
0.0
0.0
0.0
0.0
0.0
0.0
0.0032918863280629743
0.02326586420321184
0.10959105197592518
0.34404286127062844
0.7198326711226312
0.9398930027706074
1.0
0.7090928916334871
0.335110327124186
0.10554897979003768
0.022156533621666415
0.0030997819193354084
0.00028902939476611503
1.7961162181532977e-05
7.43889456810902e-07
2.0533544358641688e-08
3.7774696720500196e-10
4.6314779407661e-12
3.784598054211848e-14
2.0611114304011438e-16
7.481087425403034e-19
1.8097122928595633e-21
2.91766812654467e-24
3.1350451070938843e-27
2.2450873603362722e-30
1.07152977639559e-33
3.4084489314666053e-37
7.225882362002378e-41
0.0
0.0
0.0
0.0
0.0
0.0
0.0
0.0
0.0
0.0
0.0
0.0
0.0
0.0
0.0
0.0
0.0
0.0
0.0
0.0
0.0
0.0
0.0
0.0
0.0
0.0
0.0
0.0
0.0
0.0
0.0
0.0
0.0
0.0
0.0
0.0
0.0
0.0
0.0
0.0
0.0
0.0
0.0
0.0
0.0
0.0
0.0
0.0
0.0
0.0
0.0
0.0
0.0
4.763369398542525e-05
0.00019074699057610697
0.0010899940662584537
0.004151185310051707
0.010536628212618464
0.017824310526677038
0.020095803307366683
0.015100090535055401
0.007561975731299042
0.0025239023935143827
0.0005614245246216288
8.323227253343652e-05
8.223821463797324e-06
5.415482320719478e-07
2.3767426501967934e-08
6.951983376512565e-10
1.35524195699465e-11
1.7607856911123044e-13
1.5246765130891677e-15
8.798942271947338e-18
3.3842682122568095e-20
8.675222638993891e-23
1.4821017905449932e-25
1.6875512960976191e-28
1.2806117489620707e-31
6.476785723827849e-35
2.1831477299346074e-38
8.439817359134704e-41
0.0
0.0
0.0
0.0
0.0
0.0
0.0
0.0
0.0
0.0
0.0
0.0
0.0
0.0
0.0
0.0
0.0
0.0
0.0
0.0
0.0
0.0
0.0
0.0
0.0
0.0
0.0
0.0
0.0
0.0
0.0
1.8290486683049603e-33
1.2833076075247651e-32
6.000919821965567e-32
1.8701930029758333e-31
3.8845130036686015e-31
5.37734968949173e-31
4.9611405148643876e-31
3.0505371911611335e-31
1.250122778952983e-31
3.414369839251445e-32
6.215126927221138e-33
7.539993847314952e-34
6.096401044135051e-35
3.285168230475343e-36
1.1798403587431811e-37
2.8240373081787844e-39
4.50504527491697e-41
4.7897124148476726e-43
3.39391737046137e-45
9.993785159992839e-47
3.601010732757767e-49
8.64769513679805e-52
1.384069421703162e-54
1.476375824977245e-57
1.0495847807919801e-60
4.973013891916506e-64
1.570374983843962e-67
3.3049783006063007e-71
0.0
0.0
0.0
0.0
0.0
0.0
0.0
0.0
0.0
0.0
0.0
0.0
0.0
0.0
0.0
0.0
0.0
0.0
0.0
0.0
0.0
0.0
0.0
0.0
0.0
0.0
0.0
0.0
0.0
0.0
0.0
0.0
0.0
0.0
0.0
0.0
0.0
0.0
0.0
0.0
0.00015227044019497458
0.0012806744461168612
0.007178660798739868
0.018080651923627313
0.051537263483495195
0.09790619489662333
0.12395970605261604
0.10460018472390333
0.05882553876843421
0.02204859517391916
0.005507791379292099
0.0009169709736982356
0.00010174550770035768
7.524132694944221e-06
3.708337024572913e-07
1.2181015519441193e-08
2.6666704227823534e-10
3.890780581270001e-12
3.783429828737298e-14
2.4519757774605663e-16
1.0590786564190973e-18
3.0487499362024713e-21
5.849206346886599e-24
7.47918151172986e-27
6.375404786718014e-30
3.870285475407304e-33
2.590576076098324e-35
1.603513686019162e-36
2.0758836201209636e-37
6.897476771571428e-39
1.5274219918354845e-40
2.2542879011840037e-42
2.217385836952814e-44
1.4536327752534818e-46
6.3511108373216684e-49
1.849380293525931e-51
3.5890896577968187e-54
4.642200964209949e-57
4.001705421520454e-60
2.2990469592405384e-63
8.803028677206698e-67
2.2464561172666366e-70
0.0
0.0
0.0
0.0
0.0
0.0
0.0
0.0
0.0
0.0
0.0
0.0
0.0
1.687668650433536e-34
1.4182335525660161e-33
7.943097188402594e-33
2.96492386201039e-32
7.394669552771939e-32
1.2381938588391976e-31
1.434258184923322e-31
1.2954449126176484e-31
1.2131668613846367e-31
1.3256386633358673e-31
1.2848561753088584e-31
8.983142692855025e-32
4.259059624617975e-32
1.3506299166091306e-32
2.8566558270849092e-33
4.027407698520625e-34
3.7843208705156287e-35
2.3699245967527212e-36
9.891523681587395e-38
2.7515253628323015e-39
5.10111854590828e-41
6.302877478776483e-43
5.190316754692508e-45
2.848593040813652e-47
1.0419538971569008e-49
1.9743679526788446e-51
3.672389760522324e-54
4.5525108626153383e-57
3.7612721805970054e-60
1.7063324692785727e-34
1.5330423776770507e-33
9.179651918909889e-33
3.6633618233443014e-32
9.743499451625826e-32
1.7271563874193977e-31
2.0404685684508453e-31
1.606607180460202e-31
8.43084386019697e-32
2.948586935699078e-32
6.872873902566928e-33
1.0676880035903988e-33
1.1054316590177394e-34
7.627829586930828e-36
3.5079356146112168e-37
1.0751864771608385e-38
2.19632963545168e-40
2.9901487797822724e-42
2.713123870406334e-44
1.6406955305376448e-46
6.612533966284725e-49
1.336683918716597e-50
2.739499492800434e-53
3.7419266809688645e-56
3.4064409996051632e-59
2.066750336365346e-62
8.357121397937455e-66
2.2521999941345738e-69
0.0
0.0
0.0
0.0
0.0
0.0
0.0
0.0
0.0
0.0006147258925227584
0.004174647062786668
0.018894681327823522
0.056995547078408586
0.11458396066785634
0.15352824349818545
0.13709899802615572
0.081594677188881
0.03236465072469924
0.008555818611086069
0.002812912296412988
0.00037813721040646847
3.387850119593565e-05
2.022928390526075e-06
8.050417032209371e-08
2.1351962386702485e-09
3.7743203715308207e-11
4.446530491051143e-13
3.491285273353799e-15
1.8269680248135302e-17
6.371740860203737e-20
1.4810400780368714e-22
2.2943362427144366e-25
2.368802584828202e-28
1.629979788310787e-31
7.475101917312807e-35
2.284723062652693e-38
4.654055533402415e-42
0.0
0.0
0.0
0.0
0.0
0.0
0.0
0.0
0.0
0.0
0.0
0.0
0.0
0.0
0.0
0.0
0.0
0.0
0.0
0.0
0.0
0.0
0.0
0.0
0.0
0.0
0.0
0.0
0.0
0.0
0.0
0.0
0.0
0.0
0.0
0.0
0.0
0.0
0.0
0.0
0.0
0.0
0.0
0.0
0.0
0.0
2.786684893637559e-35
2.0439645880303404e-34
9.991723779376931e-34
3.255285021156405e-33
7.068368265708035e-33
1.0228945510539718e-32
9.865613789188889e-33
6.341600846810572e-33
2.716784835814059e-33
7.756988256921756e-34
1.4760890945970518e-34
1.8720332472939884e-35
1.1891396361494358e-35
9.361008240734797e-35
7.2765148855222066e-34
3.979054077519204e-33
1.512230302526718e-32
3.952394962570808e-32
7.038144781837794e-32
8.477524687667499e-32
6.871498803031642e-32
3.735001152554146e-32
1.3583065379175468e-32
3.300202326853927e-33
5.352054839260699e-34
5.790133749916667e-35
4.177242753266625e-36
2.00922154511727e-37
6.442337606013441e-39
1.3768921784158771e-40
1.9614375986058292e-42
1.8623150993509801e-44
1.1784937846768768e-46
4.9704025126618324e-49
1.397148814632359e-51
2.6174511613674053e-54
3.268120565027934e-57
2.7195706353558756e-60
1.5082902758209126e-63
8.126604518091696e-66
2.2919022370597406e-69
0.0
0.0
0.0
0.0
0.0
0.0
0.0
8.431484033818754e-05
0.0007627887789617007
0.004599240475599188
0.018482022209840396
0.04949876987325102
0.08835291297038689
0.10510633369505319
0.08333327505739876
0.044034144306072026
0.015507515381518174
0.0036397908430408485
0.0005693668577488721
5.935939796060048e-05
4.124471809635172e-06
1.9099796489215172e-07
5.89482189876148e-09
1.2125347246748454e-10
7.265698562291021e-12
7.59982256648015e-14
5.297989314099391e-16
2.4615023305196874e-18
7.62203559803533e-21
1.572980151101863e-23
2.1635008008970177e-26
1.9832269999617474e-29
1.2116281102766142e-32
4.9334167387840124e-36
1.3387756775493027e-39
4.9905061088774066e-57
3.9882578084836826e-60
2.1244499269161474e-63
7.542550013168598e-67
1.7846056076372018e-70
0.0
0.0
0.0
0.0
0.0
0.0
0.0
0.0
0.0
0.0
0.0
0.0
0.0
0.0
0.0
0.0
0.0
0.0
0.0
0.0
0.0
0.0
0.0
0.0
0.0
0.0
1.8134887535919463e-35
1.4685512686371387e-34
7.925832813405964e-34
2.850901744099385e-33
6.834411756070895e-33
1.0919470499094262e-32
1.1627425523105192e-32
8.251769757647145e-33
3.9029427884206686e-33
1.8911374758871882e-33
4.5485268714406676e-34
7.291216209323292e-35
7.78952072070777e-36
5.748197276966549e-34
4.3832326517330076e-33
2.2297335673704745e-32
7.559543056015517e-32
1.7081251301308896e-31
2.5723222103171423e-31
2.581740581024896e-31
1.7269564394387395e-31
7.698953793506852e-32
2.287513108115439e-32
4.5297790389829785e-33
5.978221366394161e-34
5.258338200748174e-35
3.082524848666714e-36
1.2043319426852738e-37
3.135937313907107e-39
5.442144741693923e-41
6.294400199871762e-43
4.851992981306273e-45
2.4926857105743835e-47
8.534860604413826e-50
1.9476319435575666e-52
2.694519846039682e-54
3.126759107268845e-57
2.418182135647602e-60
1.2464221026349756e-63
4.281764952988191e-67
9.803068845593897e-71
0.0
0.0
0.0
0.0
0.0
0.0
0.0
0.0
0.0
0.0
0.0
0.0
0.0
0.0
0.0
0.0
0.0
0.0
0.0
0.0
0.0
0.0
0.0
0.0
0.0
0.0
0.0
0.0
0.0
0.0
0.0
0.0
0.0
0.0
0.0
0.0
0.0
0.0
0.0
0.00020848218091509466
0.0013309363516516603
0.0056627472880187765
0.016057525584995562
0.030346709879761215
0.03822312151030176
0.035582520098725215
0.022790498356488616
0.009728647968787614
0.0027677872456427035
0.0005248007739856932
6.63189708648943e-05
5.585507480374284e-06
3.135227396773015e-07
1.1728892381613417e-08
2.9243308480653293e-10
4.8593430306511714e-12
5.3815844320977343e-14
3.97213780503992e-16
1.9539795038339967e-18
6.406152146302462e-21
1.399767939700404e-23
2.038432728609241e-26
1.9784189958790996e-29
1.2797399011885162e-32
5.517047169508208e-36
1.5851604617045138e-39
3.035437629614069e-43
0.0
0.0
0.0
0.0
0.0
0.0
0.0
0.0
0.00017653462081371175
0.0014184860212996886
0.0075962942597870885
0.027111905833546494
0.06449111167953939
0.10224009097696109
0.10802496629362908
0.07606915637796262
0.035700525469123924
0.011166631001679396
0.0023278300499517046
0.00032341631417032445
2.9947055309006293e-05
1.8481102436089245e-06
7.601217717076757e-08
2.0836271985992446e-09
3.806610243592477e-11
4.634878503522869e-13
3.761142990934529e-15
7.843199264585703e-05
0.0007324279256755187
0.004558459371546517
0.012310841628331104
0.03896220423945917
0.08218278243811278
0.11553131364795918
0.10824307722683031
0.0675899456461866
0.028128437759744523
0.007801725676734865
0.0014421727562373722
0.0001776746410954414
1.458865166530627e-05
7.983372814207391e-07
2.9116503111085677e-08
7.077397160826082e-10
1.1465406793550455e-11
1.237903859502768e-13
8.907706806822526e-16
4.271952933647958e-18
1.3654272082532695e-20
2.908654880827786e-23
4.1294991775550874e-26
3.907366258697825e-29
2.4640664076348272e-32
1.0356243243185785e-35
2.9009057905872082e-39
2.4450304971206538e-61
1.2619037438265057e-64
4.340599592891145e-68
9.950726051299697e-72
0.0
0.0
0.0
0.0
0.0
0.0
0.0
0.0
0.0
0.0
6.743172284884034e-35
6.344632092456907e-34
3.97859909600617e-33
1.6627825715097434e-32
4.6315066947740004e-32
8.597866088410203e-32
1.0637525286260018e-31
8.771463941437121e-32
4.820422528662328e-32
1.7655486161834032e-32
4.3097869552080234e-33
7.01154090433514e-34
1.6678338293227222e-34
1.3797901127068377e-35
7.607725371039668e-37
2.7956202211343725e-38
6.846727885050136e-40
1.1175565555612315e-41
1.215731029299638e-43
8.814284020124517e-46
4.2591028520340393e-48
1.3716103809530361e-50
2.9439128354686627e-53
4.211149688187261e-56
4.014744936867543e-59
2.550919697694089e-62
1.0802323120351377e-65
3.048730871499157e-69
0.0
0.0
0.0
0.0
0.0
0.0
0.0
0.0
0.0
0.0
0.0
0.0
0.0
0.0
0.0
0.0
0.0
0.0
0.0
0.0
0.0
0.0
0.0
0.0
0.0
0.0
0.0
0.0
0.0
0.0
0.0
0.0
0.0
0.0
0.0
0.0
0.0
0.0
0.0
0.0
0.0
0.0
0.0
0.0
0.0
0.0
0.0
0.0
0.0
0.0
0.0
0.0
0.0
0.0
0.0
0.0
0.0
0.0
0.0
0.0
0.0
0.0
0.0
0.0
0.0
0.0
0.0
9.336053088104232e-35
8.783316678509274e-34
5.507256678331142e-33
2.301408132082316e-32
6.409638210756534e-32
1.1897478759636637e-31
1.471830870960004e-31
1.2135073906587347e-31
6.668198073607415e-32
2.442058739673208e-32
5.9605353557603675e-33
9.696075287541556e-34
1.0512069845896419e-34
7.595599283076006e-36
3.657778476140243e-37
1.1739627134815813e-38
2.5111505753704528e-40
3.579915326916523e-42
3.4013733343767146e-44
2.1538596423261415e-46
7.161059926726084e-35
5.406607936670606e-34
2.7205329814244243e-33
9.33802730410803e-33
2.199285060053104e-32
3.8341468594106176e-32
5.656970971603862e-32
7.832523568416759e-32
9.477348244423997e-32
8.698127342882015e-32
5.572042954264662e-32
2.4140797429056682e-32
7.001820334109894e-33
1.3553018736903587e-33
1.749112926461002e-34
1.5046437461183283e-35
8.626741432369893e-37
3.2964472543189276e-38
8.395149565637438e-40
1.424927324053686e-41
1.6119021167141837e-43
1.2152516032811085e-45
6.106260099053703e-48
2.0448711490421823e-50
4.563921279882977e-53
6.788782436538513e-56
7.06093014461238e-58
5.3409466670738176e-61
2.6925025036101917e-64
9.046394828132715e-68
2.025706443047927e-71
0.0
0.0
0.0
0.0
0.0
0.0
0.0
0.0
0.0
0.0
0.0
0.0
0.0
7.239614996912282e-35
5.505469573695307e-34
2.790325132648547e-33
9.425335172802149e-33
2.121877674738263e-32
3.183650844498531e-32
3.183552885099865e-32
2.5409962260681856e-32
1.292091403646929e-32
4.378889664745102e-33
9.890456013727542e-34
1.4888473678717088e-34
1.4937075883649962e-35
9.987632303357568e-37
4.450830459974366e-38
1.3219076197444127e-39
2.6166323631183346e-41
3.45196083215069e-43
3.03508290307932e-45
1.778512023126541e-47
6.94583721474678e-50
1.8078980833495207e-52
3.1362078394501153e-55
3.6259121362631584e-58
2.7939026145671836e-61
1.4347849098204247e-64
4.91070544391856e-68
1.120166337881271e-71
0.0
0.0
0.0
0.0
0.0
0.0
0.0
0.0
0.0
0.0
0.0
0.0
0.0
0.0
0.0
1.8394473557702987e-35
1.2885828114286944e-34
6.016152730620388e-34
1.8720046378393203e-33
3.882187758749346e-33
5.36571621247347e-33
4.942656295959692e-33
3.0344128683730814e-33
1.2415679116497921e-33
1.195227642335116e-05
0.00011078173332455652
0.0006843326035238564
0.0028173957504837614
0.007730543479065632
0.014136885718790931
0.01722975156830796
0.01569146121877592
0.009725036419535612
0.004016988914139051
0.0011058381747162552
0.00020289160202857583
2.4809505765281848e-05
2.02187220619765e-06
1.098173197657191e-07
3.975296496148249e-09
9.590687935444721e-11
1.5420964675163242e-12
1.6525510058208346e-14
1.1802656057970375e-16
5.618057481179867e-19
1.7822726942656778e-21
3.768284436878165e-24
5.3100027759994694e-27
4.986862200662557e-30
3.1213432894447914e-33
1.3020787509854452e-36
3.6200495560496697e-40
0.0
0.0
0.00018653275637434016
0.001253982200468259
0.0035651932441177155
0.012187704598288556
0.02776785367245402
0.042164237696852215
0.04267050100323715
0.02878013185390845
0.012937172375277351
0.003875854795901389
0.000773886338725958
0.00010298368081925376
9.133583183346963e-06
5.398778563823379e-07
2.126823201621912e-08
5.584043749140048e-10
9.771197311218091e-12
1.139536662311913e-13
8.857075967155136e-16
4.5881117283379746e-18
1.584014485788668e-20
3.6447341902505206e-23
5.589257534053614e-26
5.712469958823182e-29
3.891125924526008e-32
1.7664778262910294e-35
5.344691509188602e-39
1.0777515204797655e-42
1.840091356249769e-61
8.769472689062254e-65
2.7855702169876824e-68
5.89624569491719e-72
0.0
0.0
0.0
0.0
0.0
0.0
0.0
0.0
0.0
0.0
0.0
0.0
0.0
0.0
0.0
0.0
7.229783916634929e-35
5.218748584013603e-34
2.5106662286275063e-33
8.049949110750292e-33
1.720199579401836e-32
2.449887194019055e-32
2.4752844560973105e-32
1.7926476881404065e-32
8.652593964711594e-33
2.783423255379104e-33
5.967517850014059e-34
8.526872128852297e-35
8.120211142072736e-36
5.153786716486178e-37
2.180053290481437e-38
4.9546855589037245e-06
4.073833560283946e-05
0.00022323999979634743
0.0008153091071643119
0.0019845137930725506
0.003219344836858531
0.003480666575790543
0.002508065623586689
0.0012044725771370181
0.0003855107437278854
8.223517163987396e-05
1.1691231732830257e-05
1.107756947690283e-06
6.995362820916067e-08
2.9441338775556848e-09
8.258219327061257e-11
1.5438205567392094e-12
8.679698051878584e-14
8.251209310206244e-16
5.227717841423396e-18
2.2074365151958675e-20
6.212206071572582e-23
1.1651585685796225e-25
1.4564841441804402e-28
1.2134113056895978e-31
6.737392693310909e-35
2.493200662220286e-38
6.14899520114928e-42
0.0
0.0
0.0
0.0
0.0
0.0
0.0
0.0
0.0
0.0
0.0
0.0
0.0
0.0
0.0
0.0
0.0
0.0
0.0
0.0
0.0
0.0
0.0
2.991147291645718e-05
0.00024623626108764076
0.0013509764081344568
0.004939978630513614
0.012038820069571757
0.01955349187063362
0.02116636470279891
0.015270377478566348
0.007342345536980295
0.002352888858339566
0.0005025156083859357
7.152852119501462e-05
6.785634844714561e-06
4.2902566417188037e-07
1.8078300772248482e-08
5.077073971507395e-10
9.502785418704093e-12
5.346998601089984e-13
5.089206608099149e-15
3.2282833226394066e-17
1.3648180291744697e-19
3.845558367128611e-22
7.221470011107086e-25
9.03802139281655e-28
7.538807709973556e-31
4.1909599952821275e-34
1.5527656416486675e-37
3.8342449876237596e-41
2.0647239668168406e-53
3.028640697428307e-56
2.9608408022793924e-59
2.7908186016411243e-05
0.0001999829663727772
0.0009550716443430169
0.0030399080304697357
0.006448615550672013
0.00911704452977314
0.008590594388332142
0.0053947820041103595
0.00225790743920493
0.0006298250313997218
0.00011708877104743638
1.450748488051088e-05
2.87791241482553e-06
1.8132472684341435e-07
7.614090584752737e-09
2.130887858792311e-10
3.974520109672415e-12
4.9407212331136896e-14
4.0933374688524933e-16
1.0557838125384396e-05
9.278371534005375e-05
0.0005434380799270364
0.0021213382531430243
0.0055188847898887785
0.00956917023463006
0.011058055914855355
0.008516572163941062
0.004371519580518206
0.0014954833199903826
0.00034096693613124094
5.181130234170918e-05
5.247087409109273e-06
3.541552117172438e-07
1.593127460787062e-08
4.776270978698611e-10
9.543527758396283e-12
1.270897343807803e-13
5.6991797251129015e-15
3.8593704216727355e-17
1.7418153903091788e-19
5.239252523479349e-22
1.0503114188613382e-24
1.4032931044487826e-27
1.2495690027604493e-30
7.415725469663453e-34
2.93311163370424e-37
7.731879718487992e-41
0.0
0.0
0.0
0.0
0.0
7.711227647882681e-06
6.820237493597792e-05
0.00040202866480113566
0.0015794143859355224
0.004135392230573709
0.007216371351502035
0.00839271717554919
0.006505307809964964
0.003360583274550948
0.0011570257397935497
0.0002654929100439598
7.942557959275171e-05
9.267719486927943e-06
7.207205675277062e-07
3.735446319922957e-08
1.2903265451382891e-09
2.970559886078188e-11
4.557834386153802e-13
4.66079838946116e-15
3.176461837664702e-17
1.4428079114994996e-19
4.3677214769834095e-22
8.812170789744573e-25
1.1849292584230017e-27
1.0618996778301167e-30
6.3424361380444484e-34
2.524702820156067e-37
6.698012836399023e-41
0.0
0.0
0.0
0.0
0.0
0.0
0.0
0.0
0.0
0.0
0.0
0.0
0.0
0.0
0.0
0.0
3.8503182922661665e-05
0.0003104132557650456
0.0016678824289773208
0.005972720007920535
0.014254776980570032
0.022674109839556977
0.024037074716641155
0.016983004664789508
0.007997034922419802
0.002509718455964619
0.0005249314151664446
7.317482166075142e-05
6.798331363151472e-06
4.2094420361302756e-07
1.7371138641581805e-08
4.777641818810769e-10
8.757505860577715e-12
1.0698646401335986e-13
4.5296219753477465e-15
2.813927713137266e-17
1.1650524098740793e-19
3.214841283522003e-22
5.912283250536134e-25
7.247363791284736e-28
6.341632136350695e-31
1.5226952067524986e-32
3.508140816388608e-33
5.502805760414998e-34
5.752906678023833e-35
4.0084091556993995e-36
1.8613940013348555e-37
5.760844102930529e-39
1.188270960178336e-40
1.6335272843343047e-42
1.4966451755720299e-44
9.138877491596516e-47
6.722861057560636e-36
5.163418104230691e-35
2.6430294288153606e-34
9.016713129692631e-34
2.050104763157913e-33
3.106600479017086e-33
3.137446314691624e-33
2.1117803762047902e-33
1.2945869982979216e-33
4.431046095285669e-34
1.0107944368893537e-34
1.536742019000594e-35
1.5571148186289313e-36
1.0515304597572138e-37
4.732652589200954e-39
1.4196096449956984e-40
2.838015777779525e-42
3.7813094319192563e-44
3.3577718091974645e-46
1.9872004982368503e-48
1.2357736958859156e-34
8.52280671611287e-34
3.936086239506559e-33
1.2165371277631555e-32
2.547127253947615e-32
3.7147457146558495e-32
4.0201866085216914e-32
3.5662634412042793e-32
2.758003306305063e-32
1.764518626195827e-32
8.44656814743633e-33
2.8280223045128137e-33
6.424846538535688e-34
9.790262408735502e-35
2.2324023351332862e-35
1.7347450343537544e-36
8.987656826546253e-38
3.1038192913972816e-39
7.144105677637352e-41
1.0959425051804014e-42
1.1204993633205563e-44
7.635154591091368e-47
3.467415537470682e-49
1.0494834512452383e-51
2.1170293614354235e-54
2.515799297613661e-35
1.6949415568343782e-34
7.610531931916393e-34
2.2774919219713527e-33
4.542346145763666e-33
6.037889425536681e-33
5.348988111749453e-33
8.192856399846436e-06
7.602174936056193e-05
0.00047013428478535413
0.0019377044476301076
0.005322733188159785
0.009744586294078168
0.011889775736153468
0.009668641743929802
0.006723481261004891
0.0027802803128625453
0.0007662394683198806
0.0001407414433058538
1.722903807101494e-05
1.4056642806232633e-06
7.643349801528914e-08
2.7699211765404207e-09
6.69010037193978e-11
1.076909987587278e-12
1.155334451933206e-14
8.260714101050035e-17
3.9364886853292566e-19
1.250207130172108e-21
2.6462841987283264e-24
3.7331251016333804e-27
3.509862898141993e-30
2.1993244845446154e-33
9.184806558545987e-37
2.556420356768646e-40
5.225429717380122e-53
7.813973445052294e-56
7.787595748649064e-59
5.172689571902126e-62
2.2898708083020533e-65
1.0616341591447085e-67
2.3898576263349462e-71
0.0
0.0
0.0
0.0
0.0
0.0
0.0
0.0
0.0
0.0
0.0
0.0
0.0
0.0
0.0
0.0
0.0
0.0
0.0
3.1516638929852853e-35
2.6618112099718445e-34
1.4982909330390303e-33
5.620780182370637e-33
1.4053309121541189e-32
2.0663352829195169e-32
2.627153022972703e-32
2.2261349921353564e-32
1.2571849432099423e-32
4.731821943349398e-33
1.18696842161337e-33
1.984410353804577e-34
2.2110845595198783e-35
1.6419531738138015e-36
8.126391315418384e-38
2.680502665424309e-39
5.892726758726123e-41
8.633719048454436e-43
8.43065017179752e-45
5.486631259627104e-47
2.379753786543483e-49
6.879229965584112e-52
1.3253457113099343e-54
1.701766909570614e-57
1.4563056029638216e-60
8.305896486728641e-64
3.157199726368497e-67
7.998326837142554e-71
7.068808766190245e-06
5.713260645073954e-05
0.0003077537761205559
0.0007548323174045421
0.0020676280676995597
0.0037746431514923276
0.004592624412668573
0.00372415293959636
0.002012684183795271
0.0007249454158720299
0.00017402695863257954
2.7842568761678236e-05
2.9688183086420033e-06
2.1097912486859634e-07
9.992563153009122e-09
3.154248207936119e-10
6.635847188995529e-12
9.304187122270998e-14
8.694448593925979e-16
5.41485959596085e-18
2.2475735075590438e-20
6.217591093548353e-23
1.1463360687884009e-25
1.4085858010518663e-28
1.153549414989542e-31
6.296085955564746e-35
2.2902697759674606e-38
5.5524439532409976e-42
0.0
0.0
0.0
0.0
0.0
0.0
0.0
0.0
0.0
0.0
0.0
0.0
0.0
0.0
0.0
0.0
0.0
0.0
0.0
0.0
0.0
6.464275054504535e-35
4.309656490911312e-34
1.9153725890774624e-33
5.703067936835789e-33
1.1436506531344724e-32
1.466947734457324e-32
1.519337845017822e-05
0.00011472967788557727
0.000577402607717702
0.0019367040280594808
0.004329416010724506
0.006450255684150741
0.0064048076219013145
0.00423854498885635
0.0018694293337096748
0.0005495191821991647
0.00010765599252491466
1.4056432442003653e-05
1.2231889756414957e-06
7.094038726736309e-08
2.7420482968735145e-09
7.063796725516901e-11
1.2127822564641611e-12
1.3877429315602939e-14
1.0583194107773664e-16
5.379055776049186e-19
1.8221196080577406e-21
4.113668242181196e-24
6.189608701567774e-27
6.206956089964823e-30
4.148352949890702e-33
2.5310918839209564e-35
8.602160044424077e-39
1.9484473444588008e-42
0.0
0.0
0.0
0.0
0.0
0.0
0.0
0.0
0.0
0.0
0.0
0.0
0.0
0.0
0.0
0.0
0.0
0.0
0.0
0.0
0.0
0.0
0.0
0.0
7.864442098861503e-35
6.731164336111275e-34
3.839671021744881e-33
1.4597530348850245e-32
3.698676140214252e-32
6.245896348678456e-32
7.02950571014821e-32
5.27273993683223e-32
2.6359032352082906e-32
8.782216172295076e-33
1.9501154855447877e-33
2.8860116985090108e-34
2.8465406594812014e-35
1.8711915351744688e-36
8.197862786304972e-38
2.3936717477672058e-39
4.65811376450991e-41
6.041393672602526e-43
5.222106563812793e-45
3.008402020140285e-47
1.1550680245063036e-49
2.955703049312466e-52
1.0584834725819851e-05
8.753107069738122e-05
0.0002857032675722824
0.0012014230153975407
0.0033671172177592752
0.006289296535575549
0.007829381519404006
0.006495826088661964
0.0035918886923966345
0.001323710150456872
0.0003251205915141661
5.322033474978656e-05
5.8062037984498245e-06
4.221710974054772e-07
2.0458145708608524e-08
6.607323727269385e-10
6.751024659694913e-06
4.47212674756514e-05
0.0001974426503812203
0.0005809642261600535
0.0011393033060971638
0.001489055457524247
0.0012970715567768858
0.0007530061917349213
0.00029134978831021755
7.512983147308757e-05
1.2911945094396603e-05
1.4789465369381832e-06
2.7841579570416535e-07
1.6216504819431455e-08
6.295093545512159e-10
1.6286533952343523e-11
2.8082560166876934e-13
3.2272029307242007e-15
2.4717093514426453e-17
1.261682485530114e-19
4.292242951213679e-22
9.73195441678108e-25
1.4706095579561176e-27
1.4810722695739363e-30
9.941150877993705e-34
4.4471177413607295e-37
1.325873647563521e-40
2.6345545661609853e-44
0.0
0.0
0.0
0.0
0.0
0.0
0.0
0.0
0.0
0.0
0.0
0.0
0.0
0.0
0.0
0.0
0.0
0.0
0.0
0.0
0.0
0.0
0.0
0.0
0.0
0.0
0.0
0.0
0.0
0.0
0.0
0.0
0.0
0.0
0.0
0.0
0.0
0.0
0.0
0.0
0.0
0.0
0.0
0.0
0.0
4.2327975333694264e-06
3.4927715537635565e-05
0.00019208542614844372
0.0007040446420084691
0.0017198379512858015
0.0027999895266080164
0.0030381333617464142
0.002197044274043127
0.0010588936208868354
0.00034013193001223164
7.281553135250987e-05
1.038920200851301e-05
9.879202938490808e-07
6.260992318715062e-08
2.6445146870506036e-09
7.444411029461742e-11
5.4986251105755404e-12
7.87120189108114e-14
7.509474397445548e-16
4.774848298746022e-18
2.0234438793728548e-20
5.71484291639141e-23
1.0757195388602914e-25
1.349607000061362e-28
1.162706560127501e-31
8.525054049613871e-34
1.2087830185855378e-34
1.2327821390149005e-35
8.380874929322156e-37
3.797293251069994e-38
1.1466753152003163e-39
2.3077477575848973e-41
3.095406997581442e-43
2.7671246977044562e-45
6.960013319249264e-36
4.560079071848769e-35
2.1120960540355933e-34
6.745480771231847e-34
1.6221753451918124e-33
3.1931506437281624e-33
5.302891540120862e-33
7.004107604895826e-33
7.119885235489578e-33
5.495938632021837e-33
3.374018609403659e-33
3.767135290492744e-33
9.434270465985454e-33
2.0303096172789337e-32
2.9742672730297395e-32
2.9082820461896436e-32
1.8954882680477015e-32
8.233614228006902e-33
2.383645736410311e-33
4.599117120562393e-34
7.685426633547799e-35
1.7263356549058384e-34
1.0567418889252077e-33
4.4391431930908583e-33
1.2431621652438595e-32
2.3202726514991333e-32
2.8862358438042016e-32
2.3927986710173249e-32
1.3220931344773857e-32
4.868548371900827e-33
1.194864001080414e-33
1.954425015045525e-34
2.1305959470273998e-35
3.8808186251707505e-36
2.151334838339496e-37
7.948299485215318e-39
1.957140405935222e-40
3.211820694386729e-42
3.512870572405211e-44
2.5606755468301034e-46
1.2440232799585922e-48
4.9912444039874956e-08
4.6168974952134014e-07
2.8462508723218406e-06
1.1694392586632377e-05
3.2023124950418144e-05
5.844283821167022e-05
7.108540398134416e-05
5.762502424695879e-05
4.838832018855591e-05
0.00013193150404952573
0.0005655885789857852
0.001749704520002276
0.0036230379925753817
0.005001021372146836
0.004600775348720367
0.002820883480045184
0.0011527120380505648
0.0003139337867493745
0.00010528109795101568
1.4580426092410767e-05
1.3457722670986526e-06
8.27855390723168e-08
3.394055471656264e-09
9.273954037644298e-11
1.688855492034413e-12
2.0497532797494307e-14
1.6580294402087626e-16
8.938495658873918e-19
3.211575806552296e-21
7.690480404153778e-24
1.2273553226223809e-26
1.305475419404404e-29
9.254407859972962e-33
4.372301690661445e-36
1.3767438781604766e-39
2.889200859695272e-43
0.0
0.0
0.0
0.0
0.0
0.0
0.0
0.0
0.0
0.0
0.0
0.0
0.0
5.096475536464989e-36
4.7705931977519105e-35
2.9761606720210223e-34
1.2374336180012637e-33
3.4290119278001356e-33
6.332827074578595e-33
7.794850872783187e-33
6.39439618310892e-33
3.496011227783349e-33
6.211776956481688e-08
4.155112846668198e-07
1.852385364468325e-06
5.50378432678057e-06
1.0898657920585313e-05
1.4383553199295155e-05
1.2651467223060333e-05
7.416468450148007e-06
2.8975768328276107e-06
7.544914382814794e-07
1.3093483925151293e-07
1.5143897832174017e-08
2.8694158893752006e-09
1.6876350278603242e-10
6.615232475898856e-12
1.728196969870221e-13
3.0090050447620705e-15
3.491677630304202e-17
2.7003926266174885e-19
1.3918782055626849e-21
4.781422313252973e-24
1.0946985050410156e-26
1.670374094314942e-29
1.6987611954485364e-32
1.1547604738051936e-35
6.300902190605502e-39
2.5015159189189755e-41
3.3340686277473986e-43
3.153397668492522e-45
1.9896372161662046e-47
8.366630658138048e-50
2.3448164252939265e-52
4.379743188234482e-55
5.452177575790638e-58
4.523482211599338e-61
2.5012513127583965e-64
9.217715941763617e-68
3.78182569222123e-70
0.0
0.0
0.0
0.0
0.0
0.0
0.0
0.0
0.0
0.0
0.0
0.0
0.0
0.0
0.0
0.0
0.0
0.0
0.0
0.0
0.0
0.0
0.0
0.0
0.0
0.0
0.0
0.0
0.0
0.0
0.0
0.0
0.0
0.0
0.0
0.0
0.0
0.0
0.0
0.0
0.0
0.0
0.0
0.0
0.0
0.0
0.0
0.0
0.0
0.0
0.0
0.0
0.0
0.0
0.0
0.0
0.0
0.0
0.0
0.0
0.0
0.0
0.0
0.0
0.0
0.0
0.0
0.0
0.0
0.0
0.0
0.0
0.0
0.0
0.0
0.0
0.0
0.0
0.0
0.0
0.0
0.0
0.0
0.0
0.0
0.0
0.0
0.0
0.0
0.0
0.0
0.0
0.0
0.0
0.0
0.0
0.0
0.0
0.0
0.0
0.0
0.0
0.0
0.0
0.0
0.0
0.0
0.0
0.0
0.0
0.0
0.0
0.0
0.0
0.0
0.0
0.0
0.0
0.0
0.0
0.0
0.0
0.0
0.0
0.0
0.0
0.0
0.0
0.0
0.0
0.0
0.0
0.0
0.0
0.0
0.0
0.0
0.0
0.0
0.0
0.0
0.0
0.0
0.0
0.0
0.0
0.0
0.0
0.0
0.0
0.0
0.0
0.0
0.0
0.0
0.0
0.0
0.0
0.0
0.0
0.0
0.0
0.0
0.0
0.0
0.0
0.0
0.0
0.0
0.0
0.0
0.0
0.0
0.0
0.0
0.0
0.0
0.0
0.0
0.0
0.0
0.0
0.0
0.0
0.0
0.0
0.0
0.0
0.0
0.0
0.0
0.0
0.0
0.0
0.0
0.0
0.0
0.0
0.0
0.0
0.0
0.0
0.0
0.0
0.0
0.0
0.0
0.0
0.0
0.0
0.0
0.0
0.0
0.0
0.0
0.0
0.0
0.0
0.0
0.0
0.0
0.0
0.0
0.0
0.0
0.0
0.0
0.0
0.0
0.0
0.0
0.0
0.0
0.0
0.0
0.0
0.0
0.0
0.0
0.0
0.0
0.0
0.0
0.0
0.0
0.0
0.0
0.0
0.0
0.0
0.0
0.0
0.0
0.0
0.0
0.0
0.0
0.0
0.0
0.0
0.0
0.0
0.0
0.0
0.0
0.0
0.0
0.0
0.0
0.0
0.0
0.0
0.0
0.0
0.0
0.0
0.0
0.0
0.0
0.0
0.0
0.0
0.0
0.0
0.0
0.0
0.0
0.0
0.0
0.0
0.0
0.0
0.0
0.0
0.0
0.0
0.0
0.0
0.0
0.0
0.0
0.0
0.0
0.0
0.0
0.0
0.0
0.0
0.0
0.0
0.0
0.0
0.0
0.0
0.0
0.0
0.0
0.0
0.0
0.0
