a = 4.749665496097099 b = 4.695210240090903 c = 15.619714980018342 ,Gaussian ,LMH = 0.08 ,DW = [0.9 0.9 0.9 0.9]
0.0
0.0
0.0
0.0
0.0
0.0
0.0
0.0
0.0
0.0
0.0
0.0
0.0
0.0
0.0
0.0
0.0
0.0
0.0
0.0
0.0
0.0
0.0
0.0
0.0
0.0
0.0
0.0
0.0
0.0
0.0
0.0
0.0
0.0
0.0
0.0
0.0
0.0
0.0
0.0
0.0
0.0
0.0
0.0
0.0
0.0
0.0
0.0
0.0
0.0
1.0433292446356266e-34
9.444814564747705e-34
5.698322680455932e-33
2.2913012372332458e-32
6.140431471375642e-32
1.0967234671318138e-31
1.3055001680128415e-31
1.035710253831386e-31
5.476223542368941e-32
1.9297702558110962e-32
4.5322264042872174e-33
7.094129846032404e-34
7.400621925516434e-35
5.1453965505836945e-36
2.3842458326310064e-37
2.455123517696827e-38
5.785063201249943e-40
9.084989247260633e-42
9.508724738772148e-44
6.632872994667029e-46
3.083632652972925e-48
9.554437817113601e-51
1.973009556892707e-53
2.7154060902308765e-56
2.4907029476869803e-59
1.5226168441852877e-62
6.203558375909207e-66
1.6845063982688955e-69
0.0
0.0
0.0
0.0
0.0
0.0
0.0
0.0
0.0
0.0
0.0
0.0
0.0
0.0
0.0
0.0
0.0
0.0
0.0
0.0
0.0
0.0
0.0
0.0
0.0
0.0
0.0
0.0
0.0
0.0
0.0
0.0
0.0
0.0
0.0
0.0
0.0
0.0
0.0
0.0
0.0
0.0
0.0
0.0
0.0
0.0
0.0
0.0
0.0
0.0
0.0
0.0
0.0
0.0
0.0
0.0
0.0
0.0
0.0
0.0
0.0
0.0
0.0
0.0
0.0
0.0
0.0
0.0
0.0
0.0
0.0
0.0
0.0
0.0
0.0
0.0
0.0
0.0
0.0
0.0
0.0
0.0
0.0
0.0
0.0
0.0
0.0
0.0
0.0
0.0
0.0
0.0
0.0
0.0
0.0
0.0
0.0
0.0
0.0
0.0
0.0
0.0
0.0
0.0
0.0
0.0
0.0
0.0
0.0
0.0
0.0
0.0
0.0
0.0
0.0
0.0
0.0
0.0
0.0
0.0
0.0
0.0
0.0
0.0
0.0
0.0
0.0
0.0
0.0
0.0
0.0
0.0
0.0
0.0
0.0
0.0
0.0
0.0
0.0
0.0
0.0
0.0
0.0
0.0
0.0
0.0
0.0
0.0
0.0
0.0
0.0
0.0
0.0
0.0
0.0
0.0
0.0
0.0
0.0
0.0
0.0
0.0
0.0
0.0
1.8813691852697777e-33
1.330346375333242e-32
6.269558846479821e-32
1.4066498732425539e-31
3.3710162348920654e-31
5.384150921694639e-31
5.731326554975003e-31
4.066067942915845e-31
1.922541205602781e-31
6.05840399775264e-32
1.2723961671868674e-32
1.7810168251603986e-33
1.661480469025369e-34
1.0330087658226881e-35
4.280498226211914e-37
1.182132572875252e-38
2.175803119885122e-40
2.6690367541262383e-42
2.1820819740075856e-44
1.188965128276701e-46
4.317662790252846e-49
1.0449845579704162e-51
1.6855924327698324e-54
1.8120777223348722e-57
1.2983226021070958e-60
6.199689830069768e-64
1.9730534715187504e-67
4.184940581874747e-71
0.0
0.0
0.0
0.0
0.0
0.0
0.0
0.0
0.0
0.0
0.0
0.0
0.0
0.0
0.0
0.0
0.0
0.0
0.0
0.0
0.0
0.0
0.0
0.0
0.0
0.0
0.0
0.0
0.0
0.0
0.0
0.0
0.0
0.0
0.0
0.0
0.0
0.0
0.0
0.0
0.0
0.0
0.0
0.0
0.0
0.0
0.0
0.0
0.0
0.0
0.0
0.0
0.0
0.0
0.0
0.0
0.0
0.0
0.0
0.0
0.0
0.0
0.0
0.0
0.0
0.0
0.0
0.0
0.0
0.0
0.0
0.0
0.0
0.0
0.0
0.0
0.0
0.0
0.0
0.0
0.0
0.0
0.0
0.0
0.0
0.0
0.0
0.0
0.0
0.0
0.0
0.0
0.0
0.0
0.0
0.0
0.0
0.0
0.0
0.0
0.0
0.0
0.0
0.0
0.0
0.0
0.0
0.0
0.0
0.0
0.0
0.0
0.0
0.0
0.0
0.0
0.0
0.0
0.0
0.0
0.0
0.0
0.0
0.0
0.0
0.0
0.0
0.0
0.0
0.0
0.0
0.0
0.0
0.0
0.0
0.0
0.0
0.0
0.0
0.0
0.0
0.0
0.0
0.0
0.0
0.0
0.0
0.0
0.0
0.0
0.0
0.0
0.0
0.0
0.0
0.0
0.0
0.0
0.0
0.0
0.0
0.0
0.0
0.0
7.047849630824795e-07
6.5095229527629e-06
4.0070359969794574e-05
0.00016439131645705745
0.0004494858773599565
0.0008190959465575829
0.000994798337359766
0.0008052243007570464
0.0004343904245001459
0.00015617990771106096
3.7424122721727535e-05
5.9766750435921125e-06
6.361348764688772e-07
4.512532242443984e-08
2.1334033735464637e-09
6.722134304781787e-11
1.411636701235814e-12
8.576319895660383e-14
9.158393678618399e-16
6.518072583932297e-18
3.091723342880832e-20
9.773803552348776e-23
2.0592455429977547e-25
2.8915733391883725e-28
2.7060875122916783e-31
1.6878389728203937e-34
7.016196318179175e-38
1.943810851574945e-41
0.0
0.0
0.0
0.0
0.0
0.0
0.0
0.0
0.0
0.0
0.0
0.0
0.0
0.0
0.0
0.0
0.0
0.0
0.0
0.0
0.0
0.0
0.0
0.0
0.0
0.0
0.0
0.0
0.0
0.0
0.0
0.0
0.0
0.0
0.0
0.0
0.0
0.0
0.0
0.0
0.0
0.0
0.0
0.0
0.0
0.0
0.0
0.0
0.0
0.0
0.0
0.0
0.0
0.0
0.0
0.0
0.0
0.0
0.0
0.0
0.0
0.0
0.0
0.0
0.0
0.0
0.0
0.0
0.0
0.0
0.0
0.0
0.0
0.0
0.0
0.0
0.0
0.0
0.0
0.0
0.0
0.0
0.0
0.0
0.0
0.0
0.0
0.0
0.0
0.0
0.0
0.0
0.0
0.0
0.0
0.0
0.0
0.0
0.0
0.0
0.0
0.0
0.0
0.0
0.0
0.0
0.0
0.0
0.0
0.0
0.0
0.0
0.0
0.0
0.0
0.0
0.0
0.0
0.0
0.0
0.0
0.0
0.0
0.0
0.0
0.0
0.0
1.5340224198208786e-34
1.149871723739545e-33
5.744452335125392e-33
1.9126231767150174e-32
4.2516245396497265e-32
6.339021814236241e-32
6.532827393736446e-32
5.34637825739324e-32
4.952423886241615e-32
5.792571763432875e-32
6.194766365242442e-32
5.708987565580812e-32
6.088662750156296e-32
7.867410853694038e-32
8.684037360143845e-32
6.76702541545916e-32
4.605823984088611e-32
1.8485084249040235e-32
4.947688176424451e-33
8.827075985788706e-34
1.0495967396374874e-34
8.31785540424939e-36
4.39321163638338e-37
1.5464450408190884e-38
3.6280094859431965e-40
2.9303392568721624e-05
0.00023780897533080063
0.0012862344228654738
0.0046365352186091115
0.011160443740172131
0.018018330706864667
0.020074751485881275
0.01749360125052881
0.016451176103420933
0.01908492826386054
0.020359864686712102
0.017932012762674403
0.01654556840431437
0.01866899149814273
0.0193076779321051
0.01450052285915649
0.0073888865394172555
0.0037707787765586943
0.000981044913394641
0.00017014769494113342
1.966815536649526e-05
1.5152572300894814e-06
7.780210474341881e-08
2.6624288429876937e-09
6.072202512105405e-11
9.229879644675474e-13
9.350339458145654e-15
6.31306507846908e-17
2.8407610381613277e-19
8.51943291796529e-22
1.7028179539601986e-24
2.268335563137114e-27
2.013853764035895e-30
1.191598941071855e-33
4.699090771959844e-37
1.2350345537375933e-40
1.164689065719203e-52
1.478826590473801e-55
1.2514285300192275e-58
7.0579146273889225e-62
2.6529453154100782e-65
6.646021524197659e-69
0.0
0.0
0.0
0.0
0.0
0.0
0.0
0.0
0.0
0.0
0.0
0.0
0.0
0.0
0.0
0.0
0.0
0.0
0.0
0.0
0.0
0.0
0.0
0.0
0.0
0.0
0.0
0.0
0.0
1.5424782661014574e-05
0.0001400001188874336
0.0008468749827639387
0.0034142219582570044
0.009198650771725813
0.01663592897736022
0.02076389836322999
0.01988703282282753
0.01891780260552442
0.020725551672165523
0.021550972204834536
0.01976519699500686
0.01934484721192584
0.020697285182656046
0.018685021793170456
0.012023868021532092
0.005238774966751522
0.001526602590481502
0.0002967160272068104
3.8442509678538797e-05
3.3195583817032297e-06
1.91044272177771e-07
7.3277402690284705e-09
6.652145396420659e-10
1.2974796755143208e-11
1.6866344087287873e-13
1.4612445345603012e-15
8.437356361167402e-18
3.2469188416321396e-20
8.327564833186948e-23
1.4234629241170337e-25
1.6216452169013891e-28
1.2312523691956285e-31
6.230456398447881e-35
2.10123289564659e-38
4.7229143481347625e-42
0.0
0.0
0.0
0.0
0.0
0.0
0.0
0.0
0.0
0.0
0.0
0.0
0.0
0.0
0.0
0.0
0.0
0.0
0.0
0.0
0.0
0.0
0.0
0.0
0.0
0.0
0.0
0.0
0.0
0.0
0.0
0.0
0.0
0.0
0.0
0.0
0.0
0.0
0.0
0.0
0.0
0.0
0.0
0.0
0.0
0.0
0.0
0.0
0.0
0.0
0.0
0.0
0.0
0.0
0.0
0.0
0.0
0.0
0.0
0.0
0.0
0.0
0.0
0.0
0.0
0.0
0.0
0.0
0.0
0.0
0.0
0.0
1.7936570242364776e-33
1.2205346183853176e-32
5.535315114739688e-32
1.6809302354456405e-31
3.4328595093044278e-31
4.856826407266087e-31
5.225479402890881e-31
5.205368793661862e-31
5.446560753407446e-31
5.365308233423508e-31
4.726922969870968e-31
4.192037489261433e-31
3.7110240530420242e-31
2.697869855714677e-31
1.4017267998696939e-31
4.949313045461567e-32
1.1706767978145657e-32
1.8479454495721786e-33
4.309075532914088e-34
3.4603442778577656e-35
1.8520457775572356e-36
6.606473751069716e-38
1.5706170291812276e-39
2.4885863090339146e-41
2.627947778366945e-43
1.8495340038570785e-45
8.675399089569409e-48
2.7120528860047936e-50
5.650519712118427e-53
7.846214608811072e-56
7.261285610744993e-59
1.8370069071146525e-34
1.558607001002491e-33
8.813410615558854e-33
3.3214898843408683e-32
8.342638246859117e-32
1.396546620898607e-31
1.5580773446087548e-31
1.1585215997275536e-31
5.741175277589711e-32
1.896177657406942e-32
4.17386878710297e-33
6.123223441114629e-34
1.3594873717438037e-34
1.0141894147376666e-35
5.04248386546187e-37
1.67090404079494e-38
3.690116262880741e-40
5.431379364102151e-42
5.32797004526357e-44
3.4833327201157343e-46
1.517783028168528e-48
4.4076385558130865e-51
8.530682977706757e-54
1.1003812466692472e-56
9.459846862042388e-60
5.420091022306921e-63
2.0697152614283034e-66
5.267398458617794e-70
0.0
0.0
0.0
0.0
0.0
0.0
0.0
0.0
0.0
0.0
0.0
0.0
0.0
0.0
0.0
0.0
0.0
0.0
0.0
0.0
0.0
0.0
0.0
0.0
0.0
0.0
0.0
0.0
0.0
0.0
0.0
0.0
0.0
0.0
0.0
0.0
0.0
0.0
0.0
0.0
0.0
0.0
0.0
0.0
0.0
0.0
0.0
0.0
0.0
0.0
0.0
0.0
0.0
0.0
0.0
0.0
0.0
0.0
0.0
0.0
0.0
0.0
0.0
0.0
0.0
0.0
0.0
0.0
0.0
0.0
0.0
0.0
0.0
0.0
0.000999626085263332
0.008306990833526914
0.046007796129075414
0.17081146211746398
0.4259876132741199
0.7304444207763792
0.9174347672267039
0.9669913428166936
0.9899860940233172
1.0
0.9785798751630235
0.9430178977161093
0.8143737904616819
0.6428937589448878
0.3392800506683962
0.12229053507379932
0.029600743760953136
0.004786235454594764
0.0005161416060018117
3.710360825617619e-05
1.7777567818364783e-06
5.6769926234839535e-08
1.2082264643341156e-09
1.713802029784573e-11
1.6201481698900317e-13
1.020775956514398e-15
4.2863506696863805e-18
1.1995725481460503e-20
2.237416770043844e-23
2.781306226586229e-26
2.3042642162783357e-29
1.2723227458416524e-32
4.6821341775932094e-36
1.1483438990696133e-39
0.0
0.0
0.0
0.0
0.0
0.0
0.0
0.0
0.0
0.0
0.0
0.0
0.0
0.0
0.0
0.0
0.0
0.0
0.0
0.0
0.0
0.0
0.0
0.0
0.0
0.0
0.0
0.0
0.0
0.0
0.0
0.0
0.0
0.0
0.0
0.0
0.0
0.0
0.0
0.0
0.0
0.0
0.0
0.0
0.0
0.0
0.0
0.0
0.0
0.0
0.0
0.0
0.0
0.0
0.0
0.0
0.0
0.0
0.0
0.0
0.0
0.0
0.0
0.0002931692224627451
0.002086840235213272
0.009900145469927778
0.03130224589732324
0.065961567812226
0.09263774796155208
0.08670947486299575
0.05409120687806864
0.02248890630944125
0.006231484900077486
0.001150790603285689
0.0001416389228234315
1.1618510950876623e-05
6.351844773710125e-07
2.314359544033442e-08
5.620090771682011e-10
9.095726210197306e-12
9.810993242143214e-14
7.052938909321405e-16
2.096890470066657e-17
7.66541146237347e-20
1.8675693845550614e-22
3.032491331428114e-25
3.281738246612143e-28
2.366954214269605e-31
1.1377774548660236e-34
3.645073911250244e-38
7.782818492334845e-42
0.0
0.0
0.0
0.0
0.0
0.0
0.0
0.0
0.0
0.0
0.0
0.0
0.0
0.0
0.0
0.0
0.0
0.0
0.0
0.0
0.0
0.0
0.0
0.0
0.0
0.0
0.0
0.0
0.00018053586415309167
0.0011674534161464863
0.005072404762610086
0.014799297333445314
0.02962857296884101
0.042784093981381444
0.049259219760541394
0.05139313169970801
0.05183996663862662
0.05066362809508588
0.046615470994179
0.036522349583158954
0.02160727774838173
0.0089645510024634
0.004025726574631497
0.0008697353884216327
0.0001256370936316199
1.2109193540040606e-05
7.781457848142492e-07
3.333079066198114e-08
9.515497857136816e-10
1.810530033962443e-11
2.295957396463236e-13
1.9404580744198547e-15
1.0930160146290391e-17
4.103273156131059e-20
1.0266346391682588e-22
1.7119179956243114e-25
1.9025301724117968e-28
1.4091645145684468e-31
6.956221335407211e-35
2.2885828251528067e-38
5.0181244186630555e-42
0.0
0.0
0.0
0.0
0.0
0.0
0.0
0.0
0.0
0.0
0.0
0.0
0.0
0.0
0.0
0.0
0.0
0.0
0.0
0.0
0.0
0.0
0.0
0.0
0.0
0.0
0.0
0.00033698522963953285
0.0022404014421568935
0.009927099377831346
0.029315711809532522
0.057697907886627785
0.07568350499302938
0.0723873831705871
0.048284376518254894
0.021857100217308273
0.008878771603754925
0.012043082535209628
0.030952386580100993
0.058575467492709844
0.0742393312538723
0.06272370331874708
0.03541549521738461
0.014051456307144385
0.007722202180584848
0.016804306051561812
0.040004957001467584
0.06543465125086166
0.07143176919996536
0.051973753021353354
0.025203423765240762
0.008145478643073922
0.0017545074948064844
0.00025186939239108127
2.4097784118345056e-05
1.5365983854194723e-06
6.530180471329508e-08
1.8495732825328647e-09
1.371734231063287e-10
1.9756905211393016e-12
1.896484965758937e-14
1.2132811223882298e-16
5.173149445367302e-19
1.4700434025980263e-21
2.7841129067383776e-24
3.514207778763159e-27
2.9631538329777504e-30
3.302784848774334e-33
2.629020080913098e-34
2.7865999036432286e-35
1.9731331038132936e-36
9.311552583135822e-38
2.9286627640312043e-39
6.139007713344735e-41
8.576469367808103e-43
7.985469417016664e-45
4.955345144290096e-47
2.0494103029867108e-49
5.6489205906657786e-52
1.037728089311934e-54
1.2705250241683858e-57
1.0367270313923283e-60
5.6380272377294096e-64
2.0434850514908162e-67
8.291539783331547e-70
0.0
0.0
2.7583114001036703e-34
2.1811988641899317e-33
1.149552418710629e-32
4.0377910813116895e-32
9.452364435641964e-32
1.474750726375677e-31
1.5334807485884207e-31
1.0638333217673364e-31
5.007550557824535e-32
2.100064562111904e-32
2.6435667649436296e-32
6.20296072838602e-32
1.0843137112951456e-31
1.271067551151197e-31
9.933515435419388e-32
5.222456835407387e-32
2.1276820022619854e-32
1.9275865378104326e-32
4.6594535327917707e-32
9.314670481719065e-32
1.2565985651837443e-31
1.1305347253960317e-31
6.779018942111505e-32
3.847601929972963e-32
1.1732117408248471e-32
2.3842084356413974e-33
2.863785517225739e-33
1.6281660557653434e-32
6.928698325339309e-32
1.9685322883520922e-31
3.727568771278591e-31
4.704250997679683e-31
3.956734019794374e-31
2.218016520555214e-31
8.286559333747334e-32
2.0633136928001913e-32
3.424032075877019e-33
3.7869706283867314e-34
2.791435499676029e-35
1.3713389328555365e-36
4.4899712780404875e-38
9.797693919496231e-40
1.424904379255674e-41
1.3811127122256149e-43
8.921832640962194e-46
3.8411438363739204e-48
5.193458558551615e-34
3.672501816172519e-33
1.7421485987867184e-32
3.9320114941648024e-32
9.615001999924011e-32
1.6180166513955763e-31
1.9585368278342984e-31
1.8575721895902167e-31
1.5454604259111674e-31
1.2212363294531386e-31
9.228113343307957e-32
6.256744439993592e-32
3.417795289515123e-32
1.369217651288047e-32
3.810895313262274e-33
7.188622837030488e-34
9.096902639774244e-35
7.691700952226365e-36
4.338655568418998e-37
1.6316667792001315e-38
4.090264343553133e-40
6.834025606980559e-42
7.610137095876592e-44
5.647983183151557e-46
2.7936834373784253e-48
9.209648412217617e-51
0.0002729599496682105
0.0021218116158538995
0.0066457848629566715
0.02626979911448857
0.06920680076003956
0.1215128881404152
0.14219275260283837
0.11102181227387498
0.05875947121935159
0.02656993923473798
0.030585263403126273
0.06882050206817829
0.11910370626435757
0.13864331093873505
0.10773088397492434
0.0566838221250654
0.025240878259494295
0.028585486065518993
0.06512081933348088
0.11457150408676522
0.1355927445293432
0.10700649689576118
0.05628319470179624
0.01973011649858702
0.004609588430473843
0.0007177549609887525
7.448551130263175e-05
5.1516808679719325e-06
6.928425918672661e-07
2.4367686943900988e-08
5.711834083587889e-10
8.923154422972858e-12
9.290579037540582e-14
6.446866899779554e-16
2.981509337486684e-18
9.18978163280647e-21
1.8877990274982955e-23
2.5845674612771392e-26
2.3583134886676927e-29
1.4341571610410596e-32
5.812641051174117e-36
1.5701162627040085e-39
0.0
0.0
0.0
0.0
0.0
0.0
0.0
0.0
0.0
0.0
0.0
0.0
0.0
0.0
0.0
0.0
0.0
0.0
0.0
0.0
0.0
0.0
0.0
0.0
0.0
0.0
0.0
0.0
0.0
0.0
0.0
0.0
0.0
1.6353468083103875e-36
1.2884674303374096e-35
6.76579088343502e-35
2.367801243053294e-34
4.356428127885896e-34
7.752821902361753e-34
9.195399658909173e-34
7.268804027218464e-34
3.8294540140772953e-34
1.3836231986185666e-34
6.720465825508572e-35
2.2304424329207842e-34
8.878514836528028e-34
2.4056935495164505e-33
8.599427461167379e-05
0.0005932423176751531
0.002727572207804191
0.008357991756996147
0.017069042846187956
0.023232607042268996
0.021075033480991344
0.012741487951002533
0.005133972885815874
0.0014669832442457326
0.0008492445381523136
0.0027696429891239335
0.008308478552531804
0.01678028581689973
0.02259304398072337
0.020273780138758423
0.01505482234417323
0.006869708065442357
0.0021496655259701986
0.0008640408747356545
0.0021972234507559585
0.006932831579471367
0.014946804532720617
0.021491792092593817
0.020596192424244382
0.01315476320513837
0.005599647435697544
0.0015886194710950578
0.0003003728164770486
3.7851484823802186e-05
3.178972437134091e-06
1.7793941259108614e-07
6.638028166222482e-09
1.6503937767764794e-10
2.734749880548844e-12
3.020154739732552e-14
2.2229122848659243e-16
1.0904280262156673e-18
3.564948272928646e-21
7.767674318869274e-24
0.00042022932194439323
0.0026676593324601403
0.0073000735998600816
0.0235653467610978
0.05069930184510606
0.07269619354442061
0.06947089786362984
0.04424617173210565
0.01878148974941495
0.005629312884806917
0.0031116775417256936
0.009514808625951207
0.027856156617533573
0.05504071709546912
0.07250763944043503
0.0636604028317143
0.037250891459783116
0.014599107457981743
0.004400326104664657
0.004274437108153929
0.014064191325489086
0.036029065922105204
0.06182708732055273
0.07072726225751765
0.05395836671818124
0.027580295515705233
0.009798492389525362
0.0044442219593690884
0.0019640521922082163
0.001748728159056555
0.0018164683462632877
0.001801189920575868
0.0016365013626788976
0.0012645831789931733
0.0007567682674939417
0.0003261258400957538
9.708199661644222e-05
1.9564778465207445e-05
2.645404981655434e-06
2.3906348269775456e-07
1.4415465591993926e-08
5.796159992303492e-10
1.5535435281367692e-11
2.7754000902264444e-13
3.3046466107296683e-15
2.6224822957355553e-17
1.3870253528761253e-19
4.889212685566841e-22
1.1486176578326634e-24
1.7984310655261485e-27
1.87669516560152e-30
1.3051945688327382e-33
6.049762749442565e-37
2.892108576741022e-39
6.816795565521296e-43
1.5980274757646824e-62
5.95497616006464e-66
1.4789631746731573e-69
0.0
0.0
0.0
0.0
0.0
0.0
0.0
1.4127739354047166e-34
9.190169441887095e-34
3.984335598003832e-33
1.1512505555593342e-32
2.2169982082302344e-32
2.8453937920086655e-32
2.4338901066104795e-32
1.3875259022868584e-32
5.3525841455669764e-33
1.983041720370727e-33
3.6924704763651406e-33
1.2387629923203674e-32
2.9378631690734505e-32
4.6525440740028486e-32
5.045621210467534e-32
4.063528086803083e-32
2.1810896622046303e-32
7.861858381292519e-33
2.286605420309611e-33
2.331887353823181e-33
7.043114233786183e-33
1.7486677585582995e-32
3.69694841690382e-32
7.314414193052281e-32
1.257776973805433e-31
1.6354837650815393e-31
1.4843547287580888e-31
9.204307036806639e-32
4.319716137493154e-32
3.0667541797075653e-32
4.921903150581581e-32
7.33113902877705e-32
7.530430336009856e-32
5.250818980142088e-32
2.9288508228076076e-32
2.982658802599813e-32
6.10458338494115e-32
1.0465753349721237e-31
1.2205987322680246e-31
9.502832050778969e-32
6.419613213613675e-32
2.5418448239442267e-32
6.707667182031739e-33
1.1797108777845245e-33
1.382805870824782e-34
1.0802602455851313e-35
5.624411940010104e-37
1.9516745424207872e-38
4.51356001147667e-40
6.956849259874049e-42
7.146403167911505e-44
4.8926481155600696e-46
2.2324513252307782e-48
6.7889336380998e-51
1.375950075822992e-53
1.8585974532368493e-56
1.6732065157530833e-59
1.003911212303715e-62
4.014418177831182e-66
1.0698711203087096e-69
0.0
0.0
0.0
0.0
0.0
0.0
0.0
0.0
0.0
0.0
0.0
0.0
0.0
0.0
0.0
0.0
0.0
0.0
0.0
0.0
0.0
0.0
0.0
0.0
0.0
0.0
0.0
3.1950755250792005e-05
0.0002573830965390447
0.0013818485996132098
0.004944500807876336
0.009232754871466436
0.01679948138972909
0.02037239053523029
0.016465300418469983
0.008869086148666497
0.0032729783743243603
0.0013525091877825551
0.0027343578982722255
0.007715701769034359
0.015135074184217431
0.019817596112606504
0.01729510975769569
0.010059539469849743
0.003975200043010454
0.0015233624991040531
0.0025181763720608617
0.007122201013342063
0.014339598926189337
0.01929151994531416
0.017298965142030977
0.010338486531630576
0.004117896421788439
0.0010931390813545556
0.00019340022377912545
2.2804474632609606e-05
1.7921102295638998e-06
2.62439183071821e-07
1.048759492926414e-08
2.793217027179663e-10
4.958096838335486e-12
5.865524823945174e-14
4.624665198798787e-16
2.4301622274457044e-18
8.510827399818733e-21
1.9865058489635118e-23
3.0902204436835234e-26
3.2038385501674585e-29
2.213774253922504e-32
1.0194773704564768e-35
3.128984386722993e-39
6.400453551619108e-43
0.0
0.0
0.0
0.0
0.0
0.0
0.0
0.0
0.0
0.0
0.0
0.0
0.0
0.0002027787952163423
0.0014902995748003807
0.007500732641912706
0.025307911734761126
0.05930032642655305
0.10037073494773212
0.13159507873499254
0.1455820466565461
0.14423091845917504
0.12688623374122535
0.09278296819222556
0.05329315746443092
0.029236052570345773
0.0334386154542915
0.06004017781873885
0.08355983876300836
0.0789566612613619
0.05151792527939927
0.03041231558238668
0.035592440085398976
0.061996549132075904
0.08308532527291802
0.07561458651902364
0.05754844380499135
0.032359159059223354
0.0299958884146999
0.05228384300243041
0.07791571078992757
0.07945163061019024
0.05412507244975324
0.024579222823852945
0.007519601403448855
0.0020194605300943177
0.0024338666040416576
0.0064180917469374675
0.012231035343415011
0.015575839905617266
0.013220785130989983
0.007479037168856946
0.002819783204784851
0.0007085447698904451
0.00011865892843291762
1.3243875688365511e-05
9.851703154095691e-07
4.8841510580395774e-08
1.6137951487698932e-09
3.553769632743164e-11
5.215688988339487e-13
5.101708604040803e-15
1.86245512679362e-16
5.188900654191198e-07
4.799615650615043e-06
2.958823872048902e-05
0.00012156633264748549
0.00033288104400403575
0.0006075001123317884
0.0007388992206488022
0.0005989707333409622
0.00032434383211679376
0.0001229665835282401
6.519062333486767e-05
0.00014770845910771398
0.0003677611320705324
0.0006277063288065991
0.0007149013828065111
0.0005426737790800655
0.00027591118564936025
0.00010315194847294792
7.54388632402477e-05
0.00019112871694913563
0.0004315062595763553
0.0006591053184530354
0.0006714141825139629
0.00045584817933397043
0.0002062680815441928
9.703776266820371e-05
2.2328275617599507e-05
3.4241370776070407e-06
3.4996825214259076e-07
2.3838981842880636e-08
1.0822517715466258e-09
3.274541177778995e-11
6.603195491688453e-13
8.874408217362282e-15
7.948884698203255e-17
4.745200209361717e-19
1.8879236745873948e-21
5.006057946937047e-24
8.84685400639179e-27
1.0419896296735975e-29
8.179362972223678e-33
4.279146091925926e-36
1.4920256679227674e-39
3.467185067349485e-43
0.0
0.0
0.0
0.0
0.0
0.0
0.0
0.0
0.0
0.0
0.0
0.0
0.0
0.0
0.0
0.0
0.0
0.0
0.0
0.0
0.0
0.0
0.0
0.0
0.0
0.0
0.0
0.0
0.0
0.0
0.0
0.0
0.0
0.0
0.0
0.0
0.0
0.0
0.0
0.0
0.0
0.0
0.0
0.0
0.0
0.0
0.0
0.0
0.0
0.0
0.0
0.0
0.0
0.0
0.0
0.0
0.0
0.0
0.0
0.0
0.0
0.0
0.0
0.0
0.0
0.0
0.0
8.76592455476608e-35
5.944910687682424e-34
2.6870422093277162e-33
8.094409856672849e-33
1.6250900880852858e-32
2.1860963145143706e-32
2.0392541814894266e-32
1.726653594616904e-32
2.6507512942457817e-32
5.709371414127047e-32
9.508548000155554e-32
1.0750220799387342e-31
8.198219979163359e-32
4.5855290165038587e-32
3.074016578285453e-32
4.0762614184191234e-32
5.197566143841628e-32
5.839509481435483e-32
4.8722100536968123e-32
4.056824046983385e-32
4.752355606681503e-32
5.785013397597435e-32
5.236802046607195e-32
3.221039739101658e-32
1.3303025375038888e-32
3.998079560607156e-33
2.072878349136901e-33
3.6697994182072125e-33
6.095962041859804e-33
6.88610411510421e-33
5.1893134632784274e-33
2.8708910897771702e-33
2.6464199328260636e-33
8.12522092588519e-33
2.3658590640921144e-32
4.698805822946111e-32
6.25788161288843e-32
5.726175946788095e-32
4.084622811668234e-32
3.302078564067004e-32
3.657886129809155e-32
4.01987934958752e-32
3.960809611014642e-32
3.6853657309702115e-32
3.387129507155559e-32
2.7553338657416814e-32
1.7147617726899112e-32
7.533812622325094e-33
2.2597337845121322e-33
4.565044663925603e-34
6.175646277151714e-35
5.580325379288759e-36
3.364087802166394e-37
1.3522855809107995e-38
3.6236910577252524e-40
6.472362687742162e-42
7.705104266788272e-44
6.113450175670652e-46
3.232814769243929e-48
1.1393553664217722e-50
2.6762104538430273e-53
4.189511703072414e-56
4.3710759774546955e-59
3.039449776347901e-62
1.4085854334611196e-65
4.350638188464557e-69
8.95579897783884e-73
0.0
0.0
0.0
0.0
0.0
0.0
0.0
0.0
0.0
0.0
0.0
0.0
0.0
0.0
0.0
0.0
0.0
0.0
0.0
6.094308224305862e-35
4.1836751162128375e-34
1.9141370825811493e-33
5.836730890048941e-33
1.186172500504488e-32
1.6065993277855023e-32
1.450269984263478e-32
8.725125541385841e-33
4.965956615676616e-33
1.544309775805543e-33
4.6736784758693704e-34
6.8186094106490666e-34
1.732874158710935e-33
3.114568176048769e-33
3.750525313354626e-33
3.0796210226048255e-33
2.0316717177912863e-33
2.0033901440552166e-33
3.289100691844231e-33
1.1747794849577095e-05
9.855726269427332e-05
0.0005510645329416909
0.002053514793230643
0.005100053823791668
0.008441764478313888
0.009341180105927615
0.007039458383885296
0.0042210739174264695
0.0037003873660014217
0.005497433835528284
0.007344758136818346
0.0076360083258045315
0.007355790921999787
0.0074952774533164485
0.007495865004835838
0.005908821999327099
0.003258052422557891
0.0012118827697564954
0.00030131125058533966
5.7625880902047526e-05
7.40194733942523e-05
0.00040851532786173887
0.0016205702585297987
0.00430458011180967
0.00768897696151861
0.009544596237369928
0.009245288472795146
0.008942284065590472
0.00950130652458154
0.008849792272416465
0.006186401454489472
0.003814137300334707
0.0038735510547796633
0.00584962867094674
0.007745488323654237
0.0089514332598277
0.0104007878993426
0.011339479520562197
0.009823857667795565
0.007949485566467056
0.0071402416877747454
0.011894266123757683
0.020468191924839837
0.026255749903493684
0.026479097860988753
0.025937257326670765
0.026673753247415347
0.023626249430241816
0.015187874915021583
0.006655544597926381
0.0019546857157904914
0.00038312577878243915
9.053457665224861e-05
0.00027806544530560074
0.0012341687010357701
0.003717515555899648
0.007511091363625096
0.010403439845064375
0.010714037283583666
0.010135236992740064
0.010561389500715683
0.010464860936592772
0.0083401020246578
0.006884270210371204
0.010124100106513404
0.014953091908207589
0.021758541807160352
0.02170705246406458
0.014487812294924905
0.006454505284050578
0.0019358073477864105
0.00042829718407774497
0.0001227678791893419
7.524640932725496e-05
4.616753616071868e-05
1.9833537386205953e-05
5.704877469749667e-06
1.094095973153197e-06
1.398499987897357e-07
1.1913861439027646e-08
6.764322496950221e-10
2.5596325557164396e-11
6.455241506468864e-13
1.0849979381147687e-14
1.2154214007783792e-16
9.074159177701026e-19
4.515100856462634e-21
1.497304281915403e-23
3.30928550153346e-26
4.8748315975464265e-29
5.070410343491062e-31
4.806888427774833e-33
4.055251826971008e-33
3.1612048069159974e-33
3.899047324454206e-33
7.096274049862002e-33
1.0678720505976127e-32
1.1793729422758051e-32
1.0829273781674333e-32
1.0127083592828767e-32
9.401490827239875e-33
7.007522643420513e-33
3.686387153802632e-33
1.3120514059356444e-33
3.124065366222751e-34
5.722338845979916e-35
6.38657200947322e-35
3.0158086385886384e-34
1.0316813726889573e-33
2.4018168685663872e-33
3.8894002890668525e-33
4.970752625713836e-33
6.346284266451448e-33
8.648455065200818e-33
1.017003573967196e-32
9.133700827135303e-33
8.097538160207998e-33
1.0057100275294069e-32
1.8859262148049948e-32
2.959946250595789e-32
3.197923274089725e-32
2.3117992361576422e-32
1.1143440167533202e-32
3.580095067048549e-33
7.665744035735098e-34
1.0939462069878332e-34
1.0404451973190939e-35
6.595139802502209e-37
2.786187574528465e-38
7.844734402489897e-40
1.4720673687652947e-41
1.8410207163237538e-43
1.534515266012545e-45
8.524429029441317e-48
1.0214640085491215e-06
9.679272335411956e-06
6.29620194072308e-05
0.0002730220343193023
0.0008150626516005686
0.0017180488861381154
0.0026849117665542883
0.003324946705514173
0.00348000534936929
0.0032887775868313284
0.0026058255588575774
0.0016230943989425808
0.0007452701018171691
0.0002411484014579771
5.354580808779291e-05
8.042870958875127e-06
8.111910091167082e-07
5.473108279843748e-08
2.4656401215075717e-09
7.409775097406049e-11
1.484769682070955e-12
1.9833178052460684e-14
1.7658564051822333e-16
1.0479098235528894e-18
4.1446304634083785e-21
1.3335560046838193e-05
0.00011080346940407407
0.0006135882109864139
0.00226455150579531
0.005570176377246819
0.009137204503420803
0.010029680016258745
0.007586802697075194
0.005549645425158182
0.004396794280781033
0.00597596015279878
0.008057921254760597
0.008653298671554102
0.008488082328372483
0.00860660054301688
0.007845052398505043
0.005345447926928887
0.0025092928675796338
0.0007919191454268
0.00017290453967164877
7.987142887948944e-05
0.0003576501954826434
0.0014930385126035281
0.004196768885201477
0.007935618680411802
0.010420171267137042
0.010556190941718934
0.010276282131485466
0.010649681950279887
0.009739273229186057
0.006851607810088147
0.004534507596109964
0.00488094503431386
0.006712084206880916
0.007282631622504293
0.0060140752986628
0.0033272782173254575
0.0012276435752379643
0.0003019061556729258
4.948317157736969e-05
5.405366848717959e-06
3.9352690961935035e-07
1.9094366437817285e-08
6.17472499055886e-10
1.3307961478675167e-11
1.9115558819205699e-13
1.829970169373152e-15
1.1675690392753701e-17
4.9648105174159825e-20
1.4070331659294293e-22
2.6575874086168574e-25
1.186936230993237e-05
9.644575758305346e-05
0.0005223004728976674
0.0018851211129829676
0.004534606895211884
0.007269785198106092
0.00776756796293302
0.005546404674808257
0.002742179907203252
0.001641163366402685
0.0017540656990313321
0.003856211099977899
0.006682602409555303
0.0078064386613814225
0.006092973926898895
0.003248166523385551
0.0015842618380127072
0.0020399285628987414
0.004374942688789479
0.007013227657633257
0.0075514946754419296
0.005421821213429124
0.002594494118027203
0.000827451606622324
0.00017587905350079967
2.4915361207895694e-05
2.3523492647722767e-06
3.70212999164581e-05
0.00025049697099679106
0.0011341050064639887
0.003422127879886508
0.006882097405476634
0.00925498326309677
0.008455834806842942
0.005915088448198638
0.00502313976932404
0.006190004946697823
0.008653610466510968
0.009056450731037198
0.006804785148227692
0.004875723145342899
0.005748829746009808
0.00825334656151176
0.009003301857324493
0.0066924675712445175
0.003432040905422449
0.0014534960244807957
0.0008812073980325072
0.0008224600862093583
0.0009077262464806622
0.0016896168856219231
0.003933814250678771
0.00710530397665109
0.00922740811438379
0.009538842611523449
0.009480995083679137
0.00936441648965178
0.007675980757609354
0.004524630040811065
0.0018163593973708405
0.0007917732560782347
0.0001635972242580932
2.9357888516837274e-05
4.169479931881597e-05
0.00014890033956003492
0.0003747630513336961
0.0006386189026855107
0.0007730087550453775
0.000764109239166437
0.0007621220969521764
0.0007947883129513965
0.000826837604180997
0.0012806143966674999
0.0029435227552911778
0.005740932943469756
0.0077484925687106455
0.007004973475325055
0.004223376247161844
0.0016971929085959586
0.0004545576126390553
8.113884572365899e-05
9.652734092834909e-06
7.653382495316628e-07
5.1240636409103345e-05
0.0003759266556575103
0.0018395555275854936
0.004232088096561645
0.010530977812394822
0.01746482524466113
0.019303734654309224
0.014220012632900214
0.00698136225135608
0.0022843461448601404
0.0004981558105854673
7.240191214751099e-05
7.013203164529013e-06
4.527561437348059e-07
1.948021889200174e-08
1.4094866324129978e-05
0.00012904833961739542
0.0007874855066180153
0.0032026855612571053
0.008680956549349233
0.01568203472757221
0.01888073028268798
0.015150142348477074
0.008102073651352458
0.002887734146935136
0.000685961558026775
0.00010859851734294403
1.1458547308621227e-05
8.057805431702932e-07
1.0957440290692923e-07
3.918311036240694e-09
6.361800174078396e-05
0.0004427266212600141
0.0020533994109173627
0.006347354857706521
0.013076564875160014
0.017954615738763488
0.01643009615825884
0.010020413506508494
0.004072984246842764
0.0011033704920404637
0.00019921018936191687
2.39708414599588e-05
1.9223681348261445e-06
1.0274752909446997e-07
3.6600562709798442e-09
8.689317904138347e-11
1.3748811529732294e-12
1.449860369580297e-14
1.0189872444815245e-16
4.773015716192657e-19
1.490042065994162e-21
3.1001716643017715e-24
4.2988718989438774e-27
4.2667893824425213e-29
3.008656431509909e-32
1.8450735071351582e-35
1.6165222777043544e-07
1.2508800540865767e-06
6.778893540914738e-06
2.447034290354757e-05
6.149495432782281e-05
0.00011167603725597301
0.0001548780130286667
0.00017470361855923244
0.00016636903214694196
0.00013145138630137114
8.137507227116518e-05
3.715819819664247e-05
1.198014098876985e-05
2.655732062102189e-06
3.9884401817996407e-07
4.026180268478971e-08
2.7206019742030075e-09
1.2279857262423685e-10
3.698303181537195e-12
7.427603990218941e-14
9.945054715911732e-16
8.875931927043623e-18
5.2800306810731624e-20
1.3836597236995889e-21
4.1857993622687125e-24
8.439510519220498e-27
1.1387477931048974e-29
5.535515259559776e-32
3.843484565125435e-32
2.4387577902029697e-32
1.0680771911799495e-32
3.148093351677872e-33
6.457680707109456e-34
5.340489268493421e-07
4.981621972834523e-06
3.0970059381953636e-05
0.0001283201492411428
0.0003543473769057287
0.0006521464530512306
0.0007999127130022739
0.0006539154669916835
0.00035627239125708525
0.00012936722900188535
3.1307466973551906e-05
5.0495553217975755e-06
5.428000590905114e-07
3.888733542338011e-08
1.8567696733850503e-09
5.769728831525461e-07
2.641526584461232e-06
1.8455270814498423e-05
8.593462424858645e-05
0.00026668432650928
0.000551579796509905
0.0007603276014146481
0.000698513350323152
0.00042769110065746403
0.00017452886501820482
4.746635286294678e-05
8.603714896673093e-06
1.0393640855475632e-06
8.36817877220772e-08
4.490303969100998e-09
4.622916659077227e-07
4.367597230006986e-06
2.751064498416447e-05
0.0001154890715572122
0.0003231190450053738
0.000602512097644097
0.0007487736182631653
0.000620178698907009
0.00034234556412062394
0.0001259488227595255
3.088197508596931e-05
5.046584764167653e-06
1.2040007800034016e-06
1.0005109648367615e-07
5.541131859672997e-09
2.0452983388047376e-10
5.031487457804011e-12
8.249310897283133e-14
9.01406108213713e-16
6.564548632091764e-18
3.1861835541848674e-20
1.0306667409546815e-22
3.0461138972015717e-05
0.000261260108184403
0.0014934188024535028
0.005689468216182588
0.014445856104327512
0.02444536023899782
0.027569643283578277
0.02072275060678961
0.010381143683435642
0.0034659680256613223
0.0007712327262106457
0.00011437415439814904
1.1304513859755838e-05
7.446589836724004e-07
3.269222837523436e-08
3.2474074153654523e-09
7.24980706624619e-11
1.0786925231606215e-12
1.069671527657299e-14
7.069435748119651e-17
3.113870990610648e-19
9.141090899553918e-22
1.7884507674442015e-24
2.332057112711593e-27
2.0354869261881738e-30
6.918073835476685e-33
2.4900577325598905e-33
7.191327959096099e-34
1.384424310149789e-34
1.776278082427584e-35
1.5189177088264523e-36
8.6564351959577e-38
3.287951986548691e-39
4.965594478244962e-35
3.376837992023254e-34
1.5304934444974777e-33
4.623110481131867e-33
9.307190833980203e-33
1.2487759138215548e-32
1.1166882759179304e-32
6.6551974928664e-33
3.7619625560054714e-33
1.1401081233163064e-33
2.302815583460714e-34
3.0999438511003016e-35
2.7811860581262035e-36
1.6629829932923748e-37
6.627154878619113e-39
1.0230216560654309e-34
6.723298553029153e-34
2.9448437584421458e-33
8.596539617375558e-33
1.6725019328107538e-32
2.1686583356829903e-32
1.8741191208047705e-32
1.0794059197499871e-32
4.143372198249878e-33
1.104768735714615e-06
8.384657633793665e-06
4.241122733934882e-05
0.00014297427256675872
0.00032123029658191797
0.0004962415416137777
0.0005911678073709449
0.000859737335573252
0.0019035769608249107
0.003906520641505095
0.005315638630054651
0.006555494862602784
0.0067355675039495085
0.006712553636247046
0.006220564602121432
0.0045195441673234115
0.0023129387963747522
0.0008018413327880253
0.00018687739658470117
3.496073698760801e-05
3.5881077862817774e-05
0.00011821748203137044
0.0002836713066451888
0.00046534915558288674
0.0005528573394486101
0.0005533758149923944
0.0005612128942161907
0.0005803760932612209
0.0006874918276781901
0.0013168644163350518
0.002882543753078597
0.00475737710647786
0.005333319091463424
0.003995638810518165
0.001995824609078705
0.0010029105745532868
0.0002547575676722459
4.312949915873953e-05
4.866350764909933e-06
3.659434430690954e-07
1.83402850367487e-08
6.126038764471791e-10
1.3637505805274463e-11
2.0233532183569814e-13
2.0007370232867034e-15
1.3185295312625749e-17
5.791235979617564e-20
1.6952517860579963e-22
3.307338965875386e-25
4.3003594353771375e-28
3.726866047554233e-31
3.4460575519765494e-34
4.136088477474303e-34
8.80911161532791e-34
1.2506705700289775e-33
1.183410196163554e-33
7.462927650497147e-34
3.1366401994740716e-34
8.786212951515963e-35
1.6402887043375713e-35
2.0408938242416986e-36
4.059956214172262e-37
2.568763061231528e-38
1.0831991069375729e-39
1.212344327509598e-35
8.497708505257951e-35
3.969723947039407e-34
1.2359483893212932e-33
2.5646134336422334e-33
3.546704760980741e-33
3.268960788599475e-33
2.0080565206756325e-33
8.220982096213576e-34
2.243122647790177e-34
4.079095623604964e-35
4.943747720223508e-36
3.993284597183141e-37
1.4730349854345296e-05
0.00011176950884375615
0.0005652169425110059
0.001904971789329505
0.004279011699822029
0.006405896942324579
0.006396306554447877
0.004294872354176936
0.0021576541269824213
0.0016743092416147583
0.0024749084681348478
0.004754267133127781
0.006533983539233442
0.006026320809829849
0.003770332452166254
0.0019273392873859852
0.0019277672896000691
0.003758413886549403
0.005976041391851485
0.006442888279573889
0.004635475862759288
0.0022229612635804655
0.0007104837960895187
0.00015134157342172198
2.148542149598119e-05
2.032876805371426e-06
1.2819166598828262e-07
5.387534582282983e-09
1.5090439838666197e-10
2.817054660359944e-12
3.504856147665803e-14
2.9062078368887194e-16
1.6060708127328068e-18
5.915401920922708e-21
1.4520627165868348e-23
2.1090505009772005e-25
2.6326351517396653e-28
2.1901603928254848e-31
1.2143467478450033e-34
4.487361478702651e-38
1.10514927993773e-41
0.0
0.0
0.0
0.0
0.0
0.0
0.0
0.0
0.0
0.0
0.0
0.0
0.0
0.0
0.0
0.0
0.0
0.0
0.0
0.0
0.0
0.0
0.0
1.3388462285827904e-34
9.079011697362554e-34
4.103250205471886e-33
1.2359445089721886e-32
2.4859745112548724e-32
3.144010408313714e-05
0.00020140429667869696
0.0008598744325169775
0.0024467122055994565
0.004640897435418146
0.0058729422389471285
0.004990679806972135
0.002975265239860073
0.0015758650666891083
0.001238193398261267
0.0013315387433437324
0.001436415043275114
0.0016613503186801723
0.0020126982334100897
0.002129682439668075
0.001746450329678638
0.0010504300371049985
0.0004583583681266057
0.00025001173209901614
0.0003040934763763841
0.0010312443646863512
0.0027477376400095736
0.004989184850183333
0.006433157702712454
0.006667549537328575
0.0066750232782874
0.0065950987737646745
0.005575192541082031
0.003957393191942161
0.0028542846371711864
0.0023547410769906778
0.0018541601009928069
0.0011600787353632683
0.0005322373500803801
0.00017245414564171237
3.856733328996218e-05
5.866291097951345e-06
6.014953673639533e-07
2.129652726979447e-06
1.6603943331369646e-05
8.796576732737669e-05
0.0003106324861017613
0.0007310749155438989
0.0011467227875755466
0.0012356354029110326
0.0009855745569428353
0.000523926266704055
0.0001856232656364413
4.3830476679139166e-05
6.89765593020524e-06
7.234498124755053e-07
5.057045230008434e-08
2.355954049422874e-09
7.315067562322161e-11
1.5137404483304283e-12
2.087690130411268e-14
1.9189435915581335e-16
1.1755468099227937e-18
4.799535343742713e-21
1.305990474190771e-23
2.3684399200018064e-26
2.862637024037456e-29
2.3059598618736887e-32
1.2379946030490078e-35
4.4296285274156e-39
1.0563246431710543e-42
2.827136200413977e-69
6.305153181601196e-73
0.0
0.0
0.0
0.0
0.0
0.0
0.0
0.0
0.0
0.0
0.0
0.0
0.0
0.0
0.0
0.0
0.0
0.0
0.0
0.0
0.0
0.0
0.0
0.0
0.0
0.0
0.0
0.0
0.0
0.0
0.0
0.0
0.0
0.0
0.0
0.0
0.0
0.0
0.0
0.0
0.0
0.0
0.0
0.0
0.0
0.0
0.0
0.0
0.0
0.0
0.0
0.0
0.0
0.0
0.0
0.0
0.0
0.0
0.0
0.0
0.0
0.0
0.0
0.0
0.0
0.0
0.0
0.0
0.0
0.0
0.0
0.0
0.0
0.0
0.0
0.0
0.0
0.0
0.0
0.0
0.0
0.0
0.0
0.0
0.0
0.0
0.0
0.0
0.0
0.0
0.0
0.0
0.0
0.0
0.0
0.0
0.0
0.0
0.0
0.0
0.0
0.0
0.0
0.0
0.0
0.0
0.0
0.0
0.0
0.0
0.0
0.0
0.0
0.0
0.0
0.0
0.0
0.0
0.0
0.0
0.0
0.0
0.0
0.0
0.0
0.0
0.0
0.0
0.0
0.0
0.0
0.0
0.0
0.0
0.0
0.0
0.0
0.0
0.0
0.0
0.0
0.0
0.0
0.0
0.0
0.0
0.0
0.0
0.0
0.0
0.0
0.0
0.0
0.0
0.0
0.0
0.0
0.0
0.0
0.0
0.0
0.0
0.0
0.0
0.0
0.0
0.0
0.0
0.0
0.0
0.0
0.0
0.0
0.0
0.0
0.0
0.0
0.0
0.0
0.0
0.0
0.0
0.0
0.0
0.0
0.0
0.0
0.0
0.0
0.0
0.0
0.0
0.0
0.0
0.0
0.0
0.0
0.0
0.0
0.0
0.0
0.0
0.0
0.0
0.0
0.0
0.0
0.0
0.0
0.0
0.0
0.0
0.0
0.0
0.0
0.0
0.0
0.0
0.0
0.0
0.0
0.0
0.0
0.0
0.0
0.0
0.0
0.0
0.0
0.0
0.0
0.0
0.0
0.0
0.0
0.0
0.0
0.0
0.0
0.0
0.0
0.0
0.0
0.0
0.0
0.0
0.0
0.0
0.0
0.0
0.0
0.0
0.0
0.0
0.0
0.0
0.0
0.0
0.0
0.0
0.0
0.0
0.0
0.0
0.0
0.0
0.0
0.0
0.0
0.0
0.0
0.0
0.0
0.0
0.0
0.0
0.0
0.0
0.0
0.0
0.0
0.0
0.0
0.0
0.0
0.0
0.0
0.0
0.0
0.0
0.0
0.0
0.0
0.0
0.0
0.0
0.0
0.0
0.0
0.0
0.0
0.0
0.0
0.0
0.0
0.0
0.0
0.0
0.0
0.0
0.0
0.0
0.0
0.0
0.0
0.0
0.0
0.0
0.0
0.0
0.0
0.0
