a = 4.749665496097099 b = 4.695210240090903 c = 16.190776061070085 ,Gaussian ,LMH = 0.08 ,DW = [1. 1. 1. 1.]
0.0
0.0
0.0
0.0
0.0
0.0
0.0
0.0
0.0
0.0
0.0
0.0
0.0
0.0
0.0
0.0
0.0
0.0
0.0
0.0
0.0
0.0
0.0
0.0
0.0
0.0
0.0
0.0
0.0
0.0
0.0
0.0
0.0
0.0
0.0
0.0
0.0
0.0
0.0
0.0
0.0
0.0
0.0
0.0
1.7174679460014514e-33
1.1908992747176541e-32
5.503550671163642e-32
1.6950888070878417e-31
3.479553281875605e-31
4.760319192613589e-31
4.340404506423892e-31
2.6375814834171016e-31
1.0682259232162407e-31
2.8833800479632396e-32
5.187071244568504e-33
6.2190505287162385e-34
4.969440623765632e-35
2.646503511641582e-36
9.393317272139402e-38
2.2220153590156887e-39
3.503133352856466e-41
3.6808475555189265e-43
2.5776297816514542e-45
1.2030254050900344e-47
3.7420587770281345e-50
6.364564159558558e-52
1.0067161951053777e-54
1.061272692806157e-57
7.456387546333286e-61
3.4914956341322144e-64
1.0896225498048093e-67
2.2663251051267756e-71
0.0
0.0
0.0
0.0
0.0
0.0
0.0
0.0
0.0
0.0
0.0
0.0
0.0
0.0
0.0
0.0
0.0
0.0
0.0
0.0
0.0
0.0
0.0
0.0
0.0
0.0
0.0
0.0
0.0
0.0
0.0
0.0
0.0
0.0
0.0
0.0
0.0
0.0
0.0
0.0
0.0
0.0
0.0
0.0
0.0
0.0
0.0
0.0
0.0
0.0
0.0
0.0
0.0
0.0
0.0
0.0
0.0
0.0
0.0
0.0
0.0
0.0
0.0
0.0
0.0
0.0
0.0
0.0
0.0
0.0
0.0
0.0
0.0
0.0
0.0
0.0
0.0
0.0
0.0
0.0
0.0
0.0
0.0
0.0
0.0
0.0
0.0
0.0
0.0
0.0
0.0
0.0
0.0
0.0
0.0
0.0
0.0
0.0
0.0
0.0
0.0
0.0
0.0
0.0
0.0
0.0
0.0
0.0
0.0
0.0
0.0
0.0
0.0
0.0
0.0
0.0
0.0
0.0
0.0
0.0
0.0
0.0
0.0
0.0
0.0
0.0
0.0
0.0
0.0
0.0
0.0
0.0
0.0
0.0
0.0
0.0
0.0
0.0
0.0
0.0
0.0
0.0
0.0
0.0
0.0
0.0
0.0
0.0
0.0
0.0
0.0
0.0
0.0
0.0
0.0
0.0
4.552087683712627e-34
4.170897262973999e-33
2.5470056841951733e-32
1.0366016220395048e-31
2.8117415726578217e-31
5.083004198376202e-31
6.124167816445776e-31
4.917623160501508e-31
2.631751967853261e-31
9.386770836487816e-32
2.2313568096380944e-32
3.535113629911885e-33
3.7326672951829557e-34
2.626737857526745e-35
1.2319575212553164e-36
3.8508471568056144e-38
8.022290377842702e-40
4.847977945754568e-41
5.135766997116901e-43
3.626031202990497e-45
1.706236821542485e-47
5.350922134623273e-50
1.1184060318934215e-52
1.5579442701560037e-55
1.4463915771577501e-58
8.949554107925448e-62
3.690612601117e-65
1.0143248621362501e-68
0.0
0.0
0.0
0.0
0.0
0.0
0.0
0.0
0.0
0.0
0.0
0.0
0.0
0.0
0.0
0.0
0.0
0.0
0.0
0.0
0.0
0.0
0.0
0.0
0.0
0.0
0.0
0.0
0.0
0.0
0.0
0.0
0.0
0.0
0.0
0.0
0.0
0.0
0.0
0.0
0.0
0.0
0.0
0.0
0.0
0.0
0.0
0.0
0.0
0.0
0.0
0.0
0.0
0.0
0.0
0.0
0.0
0.0
0.0
0.0
0.0
0.0
0.0
0.0
0.0
0.0
0.0
0.0
0.0
0.0
0.0
0.0
0.0
0.0
0.0
0.0
0.0
0.0
0.0
0.0
0.0
0.0
0.0
0.0
0.0
0.0
0.0
0.0
0.0
0.0
0.0
0.0
0.0
0.0
0.0
0.0
0.0
0.0
0.0
0.0
0.0
0.0
0.0
0.0
0.0
0.0
0.0
0.0
0.0
0.0
0.0
0.0
0.0
0.0
0.0
0.0
0.0
0.0
0.0
0.0
0.0
0.0
0.0
0.0
0.0
0.0
0.0
0.0
0.0
0.0
0.0
0.0
0.0
0.0
0.0
0.0
0.0
0.0
0.0
0.0
0.0
0.0
0.0
0.0
0.0
0.0
0.0
0.0
0.0
0.0
0.0
0.0
0.0
0.0
0.0
0.0
0.0
0.0
2.3511967088479447e-06
1.7761211148632255e-05
8.942063253138615e-05
0.0003000436542366466
0.0006709848319944224
0.0010000518272003235
0.0009933764518461929
0.0006576377912172173
0.00029016245127061734
8.532517921178755e-05
1.6722251657201642e-05
4.503401266352826e-06
4.4880818822787447e-07
2.981003226482051e-08
1.3196102146641764e-09
3.8932333892771574e-11
7.655203819003354e-13
1.0031933054068003e-14
8.761814223543538e-17
5.100174130686343e-19
1.9785977721605884e-21
5.115776653036173e-24
8.815504746953354e-27
1.0124284481281628e-29
7.749310173203221e-33
3.953150028855165e-36
1.3440180388458331e-39
3.04542877339514e-43
0.0
0.0
0.0
0.0
0.0
0.0
0.0
0.0
0.0
0.0
0.0
0.0
0.0
0.0
0.0
0.0
0.0
0.0
0.0
0.0
0.0
0.0
0.0
0.0
0.0
0.0
0.0
0.0
0.0
0.0
0.0
0.0
0.0
0.0
0.0
0.0
0.0
0.0
0.0
0.0
0.0
0.0
0.0
0.0
0.0
0.0
0.0
0.0
0.0
0.0
0.0
0.0
0.0
0.0
0.0
0.0
0.0
0.0
0.0
0.0
0.0
0.0
0.0
0.0
0.0
0.0
0.0
0.0
0.0
0.0
0.0
0.0
0.0
0.0
0.0
0.0
0.0
0.0
0.0
0.0
0.0
0.0
0.0
0.0
0.0
0.0
0.0
0.0
0.0
0.0
0.0
0.0
0.0
0.0
0.0
0.0
0.0
0.0
0.0
0.0
0.0
0.0
0.0
0.0
0.0
0.0
0.0
0.0
0.0
0.0
0.0
0.0
0.0
0.0
0.0
0.0
0.0
0.0
0.0
0.0
0.0
0.0
0.0
0.0
0.0
0.0
0.0
0.0
0.0
0.0
0.0
0.0
0.0
0.0
0.0
0.0
0.0
0.0
0.0
0.0
0.0
0.0
0.0
0.0
0.0
0.0
0.0
1.984356501556914e-34
1.487432909373941e-33
7.430817954030222e-33
2.474100891032641e-32
5.499051770921435e-32
8.194113438492256e-32
8.418288280637601e-32
6.796056047018177e-32
6.105449946448852e-32
6.961518153515406e-32
7.211142739455075e-32
5.921004750167771e-32
5.782253207990172e-32
1.172042482623356e-31
3.631044035686818e-31
1.003786428677354e-30
1.661731249313787e-30
2.5850775824196025e-30
2.704642681169159e-30
1.8903413055274132e-30
8.81070889551578e-31
2.737342013652483e-31
5.668206547521277e-32
1.3796742872041637e-05
0.00012659257696572023
0.0007741434773533048
0.0031551224980353176
0.00857023124061043
0.0156089927947959
0.019327415531041548
0.01767328459809941
0.015594336310326225
0.017370778443704334
0.01960218514948795
0.018101511065958146
0.015844679705764655
0.017077140130945315
0.01885662867361652
0.01589303786766597
0.009195283169426239
0.003566421465974513
0.0009229310273881044
0.00029919433746204206
3.9382291823932806e-05
3.4549051323236447e-06
2.02001205919512e-07
7.871428697527354e-09
2.0442535464419144e-10
3.5383232829651532e-12
4.081706850108384e-14
3.138106358551778e-16
1.6079593141380288e-18
5.4911587666765334e-21
1.2497826575033027e-23
1.8957738803138207e-26
1.9165498723435718e-29
1.2913241189052461e-32
5.798717462975989e-36
1.73544231604592e-39
3.4615448675657436e-43
0.0
0.0
0.0
0.0
0.0
0.0
0.0
0.0
0.0
0.0
0.0
0.0
0.0
0.0
0.0
0.0
0.0
0.0
0.0
0.0
0.0
0.0
0.0
0.0
0.0
0.0
0.0
0.0
0.0
0.0
5.6860728186370693e-05
0.00040703621301801924
0.0019419374142731472
0.004392760673096041
0.010697297378664702
0.01753746121442428
0.020122297121053002
0.018593713994190898
0.018311637741486513
0.020335130139772027
0.0204447960175942
0.018569594308146607
0.01877289959519032
0.019934369670425008
0.017006493780309676
0.010159844861164679
0.004091093070423844
0.0011006509986050772
0.00019745859192375073
2.361212185543708e-05
1.8818570902019512e-06
9.995907396079089e-08
3.5386685087200082e-09
8.349091113956223e-11
1.3128650676018043e-12
1.3758862761515996e-14
9.610069622863044e-17
4.473547754725187e-19
1.387903176427178e-21
2.3564854240732728e-23
3.717700758852254e-26
3.9089998210928157e-29
2.739292568035714e-32
1.2793599056470225e-35
3.982250735179873e-39
8.261254745439355e-43
0.0
0.0
0.0
0.0
0.0
0.0
0.0
0.0
0.0
0.0
0.0
0.0
0.0
0.0
0.0
0.0
0.0
0.0
0.0
0.0
0.0
0.0
0.0
0.0
0.0
0.0
0.0
0.0
0.0
0.0
0.0
0.0
0.0
0.0
0.0
0.0
0.0
0.0
0.0
0.0
0.0
0.0
0.0
0.0
0.0
0.0
0.0
0.0
0.0
0.0
0.0
0.0
0.0
0.0
0.0
0.0
0.0
0.0
0.0
0.0
0.0
0.0
0.0
0.0
0.0
1.4192128363561873e-33
9.966057104363916e-33
4.6642386159445093e-32
1.4606919744238657e-31
3.0732250765347713e-31
4.092622207113224e-31
4.8394828575418975e-31
4.871512240083536e-31
5.087414022882237e-31
5.311612481273861e-31
4.878931037397118e-31
4.248204886613756e-31
4.004929611235135e-31
3.7744393855879067e-31
3.2370610084167637e-31
2.5401892241963266e-31
1.734614998509471e-31
9.170248989020972e-32
3.4398617570990074e-32
8.796761802649009e-33
1.5109488657865777e-33
1.7341436588926803e-34
1.327629382029379e-35
6.7760195905652135e-37
2.3051292774641713e-38
5.226502486016772e-40
7.897927170421294e-42
7.954229947978813e-44
5.339064978560033e-46
2.3884380693741335e-48
7.121055428956749e-51
1.177422032927256e-52
1.7851106586861916e-55
1.803763850334802e-58
1.2147188300384831e-61
5.451969242977955e-65
1.6308445960205759e-68
3.2512720368648583e-72
0.0
0.0
0.0
0.0
0.0
0.0
0.0
0.0
0.0
0.0
0.0
0.0
0.0
0.0
0.0
0.0
0.0
0.0
0.0
0.0
0.0
0.0
0.0
0.0
0.0
0.0
0.0
0.0
0.0
0.0
0.0
0.0
0.0
0.0
0.0
0.0
0.0
0.0
0.0
0.0
0.0
0.0
0.0
0.0
0.0
0.0
0.0
0.0
0.0
0.0
0.0
0.0
0.0
0.0
0.0
0.0
0.0
0.0
0.0
0.0
0.0
0.0
0.0
0.0
0.0
0.0
0.0
0.0
0.0
0.0
0.0
0.0
0.0
0.0
0.0
0.0
0.0
0.0
0.0
0.0
0.0
0.0
0.0
0.0
0.0
0.0
0.0
0.0
0.0015794989526744976
0.012131129889776446
0.06209615529741557
0.21322860797119075
0.49254361945145425
0.7868054011946878
0.9368869962922829
0.9618674888086164
0.9827730390024795
1.0
0.9808712342543513
0.9538996920194969
0.8640400637207366
0.6212494380333348
0.3176776601311169
0.11052899511712512
0.025790599837993075
0.0040182252108447855
0.0004174715120510239
2.891154129282894e-05
1.334497980615784e-06
4.105369559797796e-08
8.417244554660511e-10
1.1501903314813566e-11
1.0474931334425722e-13
6.35790817568031e-16
2.571928433210129e-18
6.934019525914696e-21
1.2459275533463225e-23
1.4920455053920264e-26
1.1908385782025856e-29
6.33439688061323e-33
2.2456351305635818e-36
8.978339070304035e-39
0.0
0.0
0.0
0.0
0.0
0.0
0.0
0.0
0.0
0.0
0.0
0.0
0.0
0.0
0.0
0.0
0.0
0.0
0.0
0.0
0.0
0.0
0.0
0.0
0.0
0.0
0.0
0.0
0.0
0.0
0.0
0.0
0.0
0.0
0.0
0.0
0.0
0.0
0.0
0.0
7.711286159475258e-05
0.0007100332921427926
0.004357246737272
0.01782079779504685
0.048576215859100616
0.0882473688000427
0.10684677025386863
0.086218920458278
0.04636874171497032
0.016619945260793908
0.0066937060191307775
0.0012200383807804234
0.00014820467384659162
1.1998635349462033e-05
6.474158953768834e-07
2.3281792235924493e-08
5.579959012159546e-10
8.913066699494891e-12
9.488659283782073e-14
6.732309858992374e-16
3.183500252963738e-18
1.0032917224341287e-20
2.1073230513295495e-23
2.9499629032206053e-26
2.752222491426898e-29
1.7113233371762093e-32
7.091892668910805e-36
1.9587264313564137e-39
0.0
0.0
0.0
0.0
0.0
0.0
0.0
0.0
0.0
0.0
0.0
0.0
0.0
0.0
0.0
0.0
0.0
0.0
0.0
0.0
0.0
0.0
0.0
0.0
0.0
0.0
0.0
0.0
0.0
0.0
0.0
0.0
0.0
0.0
0.0
0.0
0.0
0.0
0.0
0.0
0.0
0.0
0.0
0.00017361002133554462
0.0011391702166689537
0.005016032841607369
0.01482124956044785
0.029972257895235298
0.043492759073567124
0.05004359896817536
0.05216091696646665
0.052736928445951695
0.05177502891740801
0.048453655796484474
0.0394033774217966
0.024522367775081096
0.010759487360063146
0.003210848774954966
0.0006430864154973456
8.604607941541829e-05
1.7975673646984095e-05
1.2243005289795583e-06
5.5581339697403054e-08
1.6817852981061669e-09
3.391564147481581e-11
4.558408249174838e-13
4.083275388064095e-15
2.4377317589710375e-17
9.69939820897297e-20
2.572084543545073e-22
4.545767789235137e-25
5.354399921252635e-28
4.203353480605304e-31
2.199189077278541e-34
7.668506227924413e-38
1.7821347047503766e-41
0.0
0.0
0.0
0.0
0.0
0.0
0.0
0.0
0.0
0.0
0.0
0.0
0.0
0.0
0.0
0.0
0.0
0.0
0.0
0.0
0.0
0.0
0.0
0.0
0.0
0.0
0.0
0.0
0.0
0.0
0.0
0.0
0.0
0.0
0.0
0.0
0.0
0.0
0.0
0.0
0.0
0.0
0.0
0.0
0.0
0.0
0.0
0.0
0.0
0.0
0.0
0.0
0.0
0.0
0.0
0.00031539969458527
0.002096892885663101
0.00929122061294737
0.027437898572488805
0.05400207761366105
0.07083561017044615
0.0677506209048152
0.045191528493364046
0.020456928247314474
0.008309279291396948
0.011268393070135115
0.028960398783763552
0.054805663953158355
0.06946142649169701
0.05868692266483331
0.03313619060976771
0.013146887251350974
0.007223868207576389
0.01571784316881937
0.037418099483841914
0.06120339330156086
0.06681271293102706
0.04861292777781789
0.023573672247523075
0.007618760277143828
0.0016410542084899621
0.00023558253674988187
2.2539527565286516e-05
1.4372359506105286e-06
6.107913574832681e-08
1.7299726722147255e-09
1.2830325544231582e-10
1.847934679097491e-12
1.7738508633386596e-14
1.1348256407398404e-16
4.8386334590174775e-19
1.3749846721243617e-21
2.6040813332066503e-24
3.287051350424691e-27
3.0284903657221506e-30
4.688183740905115e-31
5.549489642293094e-31
4.394311267441571e-31
2.319132866321947e-31
8.157241538755885e-32
1.9122412358310596e-32
2.9876078696571117e-33
3.110900061089018e-34
2.1588878015441613e-35
9.985173916740223e-37
3.07795837950605e-38
6.323410856252062e-40
8.658080237321941e-42
7.900841695427386e-44
4.805146823703033e-46
1.9476975259709915e-48
6.4219974527523775e-34
2.4068816901251995e-33
1.2453257106566293e-32
4.294303293731213e-32
9.869247081029742e-32
1.5116695944905965e-31
1.5431611529193071e-31
1.051157438043565e-31
4.871702703345457e-32
2.0916560389682353e-32
2.8482536180840636e-32
6.720038116725028e-32
1.163132613566352e-31
1.3487644124603953e-31
1.0496673810059308e-31
5.902035814623446e-32
4.3889257382354615e-32
8.737355090511769e-32
1.8821171749486028e-31
2.9776915765691332e-31
3.4255513031792208e-31
2.9966357346384045e-31
2.14395797120952e-31
1.393051141920734e-31
8.955806173011271e-32
5.428896456126156e-32
2.6801925762303493e-32
1.4088223598270346e-32
3.961634800994538e-33
7.555695939994289e-34
9.666524745371428e-35
8.262113848802231e-36
4.710659359699835e-37
1.7906001352088655e-38
4.536816627493667e-40
7.661356272310865e-42
8.622818272572816e-44
6.468107098804538e-46
3.2336110954060734e-48
1.077408304132397e-50
2.392514336794587e-53
3.540873272476429e-56
3.492591459857922e-59
2.2959728482525897e-62
1.0059288366253495e-65
2.937306858620732e-69
5.716272565679372e-73
0.0
0.0
0.0
0.0
0.0
0.0
0.0
0.0
0.0
0.0
0.0
0.0
0.0
0.0
0.0
0.0
0.0
0.0
0.0
0.0
0.00013950802096242593
0.0012113628008136924
0.007010206904083594
0.02703765285210946
0.06950062134725406
0.11906659527112615
0.1359479712750715
0.10358013004865381
0.05359395711150321
0.02432263707957515
0.029657196568543633
0.051887366908149976
0.10056826278349142
0.13258741081704592
0.11663903161929941
0.06886500262701362
0.029999183651657067
0.022015635849843878
0.04735771956337418
0.0944232943828527
0.12838749046851328
0.11649850140471195
0.0704582675318316
0.028400564168613474
0.0076296326204283015
0.0013660350406312146
0.0001630052535010498
1.296351908890027e-05
6.871092097767133e-07
2.4272257794991676e-08
5.714472284022172e-10
8.966514051962176e-12
9.376757497206791e-14
6.53526621790965e-16
3.035676095959401e-18
9.397863360972548e-21
1.9390292931637332e-23
2.5083534120810424e-25
2.6317616251681042e-28
1.840288542369077e-31
8.576435831935895e-35
2.6638472086086883e-38
5.51433730701729e-42
0.0
0.0
0.0
0.0
0.0
0.0
0.0
0.0
0.0
0.0
0.0
0.0
0.0
0.0
0.0
0.0
0.0
0.0
0.0
0.0
0.0
0.0
0.0
0.0
0.0
0.0
0.0
0.0
0.0
0.0
0.0
0.0
0.0
0.0
0.0
0.0
0.0
0.0
0.0
0.0
0.0
3.200930617056788e-36
2.521969545474363e-35
1.3242956831747705e-34
4.6345933813421984e-34
8.527013416783868e-34
1.517491266668867e-33
1.7998528602435383e-33
1.75610140912896e-33
3.0374518179910628e-33
1.0732957367384021e-32
3.2006515118502934e-32
6.507884960405873e-32
8.877843986239259e-32
6.752699556618664e-05
0.00048095916655764565
0.002283076866162393
0.007222946678499187
0.015229646830339583
0.021401627659927477
0.02004404291652729
0.012511385104844534
0.005204835502713799
0.001511784199568622
0.0007515914373677359
0.002314007980924938
0.007154475602073315
0.014943655616971188
0.02081002656015154
0.019314080200008413
0.011946950958784307
0.006922771173008657
0.002223866427353045
0.0008093653905523842
0.0018464003789243622
0.006019566607630558
0.01355949512883273
0.020485189509492147
0.02087190027149042
0.01463702032960133
0.007573521678159615
0.0035635060456974104
0.0020910113465396527
0.001475555356435629
0.0009248033549470982
0.0004320265256513569
0.00014065356767605414
3.108448718647184e-05
4.613273188072217e-06
4.577325483573509e-07
3.030770439461229e-08
0.00017223309199416236
0.0012795849419707315
0.006335874100826774
0.020908627163745454
0.045986043556765596
0.06740748478832093
0.06942731446210201
0.05175055632451688
0.025708765766725015
0.008634320748341246
0.002840835883622791
0.005322354178194411
0.017657696961356193
0.04105608347468577
0.06371358558278147
0.06590005807162845
0.045427788194230836
0.020870792931262847
0.006638032521993126
0.0030052602450368233
0.007970397893332875
0.023809365698521528
0.04841645149119618
0.06565923717034414
0.059345591169458936
0.035748916194603214
0.014352212453409792
0.003840222410477018
0.0006848184448534001
8.139094082144753e-05
6.447008404897622e-06
9.491041557454796e-07
3.82295004496341e-08
1.0262777640525262e-09
1.836169477052164e-11
2.1894859184661774e-13
1.7400154208427175e-15
9.216066211900503e-18
3.2532663674613784e-20
7.65376650227644e-23
1.20008592548967e-25
1.2540966974537436e-28
8.73436333989384e-32
4.0542734026087556e-35
1.254227614936481e-38
2.5859566076345708e-42
0.0
0.0
0.0
0.0
0.0
0.0
0.0
0.0
0.0
0.0
0.0
0.0
0.0
0.0
0.0
9.64297176616918e-35
6.582192744242153e-34
2.9944139952194034e-33
9.078929433873413e-33
1.8345898456551077e-32
2.4707276667533806e-32
2.2796361955758453e-32
1.7471577824902892e-32
2.4357180339287556e-32
5.915813200258002e-32
1.1789686379079135e-31
1.6379038744609115e-31
1.621296161151326e-31
1.2425944056134065e-31
8.506878297146025e-32
6.494220138815851e-32
6.852324495310391e-32
8.190498197880928e-32
7.901580629329879e-32
5.50972018145306e-32
3.3758472257790473e-32
3.742095227319669e-32
5.611893883772541e-32
9.670430680374544e-32
1.2217731235585824e-31
1.0665724957913322e-31
6.317383066648643e-32
2.516748115190295e-32
6.71335426837847e-33
1.19628458942125e-33
1.4223881740943885e-34
1.1278111641761999e-35
5.961593088286094e-37
2.100548157295987e-38
4.933053034584925e-40
7.721399924086876e-42
8.055001198550841e-44
5.600419750243457e-46
2.5951293919113472e-48
8.014565056752454e-51
1.6496162447264404e-53
2.262912054390084e-56
2.06887424488705e-59
1.2606139749064959e-62
5.11931341594194e-66
1.3855521252973536e-69
0.0
0.0
0.0
0.0
0.0
0.0
0.0
0.0
0.0
0.0
0.0
0.0
0.0
0.0
0.0
0.0
0.0
0.0
0.0
0.0
0.0
0.0
0.0
0.0
0.0
0.0
0.0
0.0
0.0
0.0
0.0
0.0
0.0
0.0
0.0
0.0
8.752511050487553e-05
0.0005799959640234152
0.002561526324287812
0.007539702735865646
0.014790783215755238
0.019337915948868818
0.016850380529937516
0.009785686668052825
0.003838929466397311
0.0013522070706258314
0.0019927904287461795
0.005934370007102975
0.012780225888687827
0.018399101101258725
0.017655609157600543
0.0112915093340866
0.004851928333552532
0.0024557034527301768
0.0023882534757508
0.009172043115938075
0.029821798617167865
0.068597245723298
0.11430406202341785
0.14675525811071374
0.15899142198932495
0.15729971661654024
0.1434365816508405
0.11289980731860026
0.06992907320879405
0.031606766081743974
0.009955096725717375
0.0021334460469600992
0.0003075781886892928
2.9676783998547592e-05
3.348836166592779e-05
0.00024870665032148564
0.0013046869298183913
0.00456298136012213
0.010635879315456044
0.016522648327039934
0.017106748323852238
0.011804207115196044
0.005428598521695716
0.0025816013902559155
0.0006037298787137783
9.40974168355998e-05
9.774493927535018e-06
6.766941299048867e-07
3.122281712297321e-08
9.601372291479544e-10
1.967777916092084e-11
0.00021201770269592277
0.0015724649163589008
0.00777269011597682
0.02560609135187375
0.05622076823847002
0.08226816477804556
0.08045047936710675
0.05375451493996492
0.030458237198593977
0.03221908932770188
0.05719171048422095
0.08131191288213803
0.07867751757782157
0.05205042719002311
0.029100099545507546
0.03065916215297431
0.05511040518338584
0.0732546934538419
0.08185814785727753
0.06118210631483082
0.03048619451621484
0.010124537878496516
0.0022409375745307204
0.0003305719069288488
3.250002411330544e-05
2.129526124176716e-06
9.299590163052297e-08
2.706613195919323e-09
5.250130861343184e-11
6.787277569850987e-13
5.8479363938346615e-15
3.358081394103352e-17
1.2851722658366367e-19
3.2780307214130022e-22
5.572450793073792e-25
6.313366669300328e-28
4.76713369834493e-31
2.3990273523835676e-34
8.046270249433782e-38
1.7986040988537608e-41
0.0
0.0
0.0
0.0
0.0
0.0
0.0
0.0
0.0
0.0
1.6660512990355884e-06
1.2532358536886723e-05
6.282880518001564e-05
0.00020992605221706645
0.00046747180793906034
0.0006937868421266619
0.000686243496252205
0.0004523889331604216
0.00020077604173093856
7.276991957223084e-05
8.150619176942068e-05
0.00022657004140015034
0.0004815082614309472
0.0006861216966496421
0.000651758120814856
0.00041262696782304634
0.00017720920023183294
6.951891805893545e-05
9.991082833679919e-05
0.0001972612280676362
0.0004375616941784918
0.0006541652691999818
0.0006521166781867802
0.00043326491240503997
0.00019185081783542937
5.661810824706724e-05
1.1135984115760062e-05
1.459766521994635e-06
1.2753216847121497e-07
7.425704061561439e-09
2.881622445999937e-10
7.452775990107475e-12
1.2846375292380398e-13
1.4757904343026432e-15
1.1299268402022766e-17
5.765772561725206e-20
1.9608584199836061e-22
4.4444345588345625e-25
6.713799116603993e-28
6.759299925014779e-31
4.53541091118715e-34
2.028210897341744e-37
6.044927983572654e-41
1.2007447567151713e-44
0.0
0.0
0.0
0.0
0.0
0.0
0.0
0.0
0.0
0.0
0.0
0.0
0.0
0.0
0.0
0.0
0.0
0.0
0.0
0.0
0.0
0.0
0.0
0.0
0.0
0.0
0.0
0.0
0.0
0.0
0.0
0.0
0.0
0.0
0.0
0.0
0.0
0.0
0.0
0.0
0.0
0.0
0.0
0.0
0.0
0.0
0.0
0.0
5.835801806646491e-35
4.354661479301195e-34
2.1656576975191507e-33
7.17805489501642e-33
1.2736563838295255e-32
2.146702286933517e-32
2.4381803665469937e-32
2.0046122308913494e-32
1.8899049936504968e-32
3.571477169514081e-32
7.279775679601752e-32
1.061827907217145e-31
1.0476348350107936e-31
7.291736870673808e-32
4.8395479464398637e-32
5.612332096943918e-32
8.441127524249848e-32
1.0170693116500901e-31
9.188715431686829e-32
6.78107504159175e-32
4.608950581569749e-32
2.889778619365061e-32
1.471412913990806e-32
5.441073267639018e-33
1.3854613520147262e-33
2.3801403256880766e-34
8.125598560166894e-35
4.757530451396053e-34
2.775416766009093e-33
1.0837950728918023e-32
2.145219220630279e-32
4.260003305556357e-32
5.638060697791774e-32
4.973144820101744e-32
2.9245838433565454e-32
1.1539761566832416e-32
3.4698877957906e-33
2.3140672633970915e-33
4.5376662946779115e-33
7.453762870583846e-33
8.260113283073942e-33
6.1041514849321824e-33
3.251657323007841e-33
2.646058927402318e-33
7.698812914557736e-33
2.2523757097020441e-32
4.5061703631283587e-32
6.015972093243278e-32
5.359571746731387e-32
3.218039098114763e-32
1.45087512528568e-32
9.216794806629971e-33
1.24578027120942e-32
1.5973195928216148e-32
1.4200451644102514e-32
1.0503609833879482e-32
4.766619704399619e-33
1.4417519323046544e-33
2.9063937436143466e-34
3.9048118161739616e-35
3.496450092714752e-36
2.086585130395219e-37
8.299012734476579e-39
2.1998765081749338e-40
3.886437798098968e-42
4.576007090242308e-44
3.590899117969673e-46
1.8780245627248392e-48
6.54607354225725e-51
1.520694727896103e-53
2.3544243932065424e-56
2.4294558169460034e-59
1.6707628498339562e-62
7.65776726108538e-66
2.3392199762062726e-69
4.762352230942108e-73
0.0
0.0
0.0
0.0
0.0
0.0
0.0
0.0
0.0
0.0
0.0
0.0
0.0
0.0
0.0
0.0
0.0
0.0
0.0
0.0
0.0
0.0
0.0
0.0
0.0
0.0
0.0
0.0
0.0
0.0
0.0
0.0
0.0
0.0
0.0
0.0
0.0
0.0
0.0
0.0
0.0
0.0
0.0
0.0
0.0
0.0
0.0
0.0
0.0
0.0
0.0
0.0
0.0
0.0
0.0
0.0
0.0
2.3160666041731376e-36
2.1143630460288676e-35
1.28644026041193e-34
5.216524302569112e-34
1.40978990007401e-33
2.5392712934742883e-33
3.0590256837785345e-33
2.5187148701469654e-33
1.694733523014198e-33
1.759459397062348e-33
5.840532494070772e-06
5.430285919463941e-05
0.0003364918095666684
0.0013896577268361359
0.00382492341280384
0.007016478339886135
0.008593163887184086
0.007101495852078012
0.004353447411374325
0.003231756455993139
0.00447749734280214
0.006362090977899963
0.006987453897588374
0.006708471989483229
0.006836524351056245
0.006916151642271329
0.0058905000954627505
0.0035778189904707015
0.0014739022847111347
0.0004081198843523855
8.358896609879446e-05
7.370092128023987e-05
0.0003019128401054588
0.0011532280350509687
0.0032348279087309213
0.00628882468797991
0.00847936288282297
0.008578011665248141
0.008112953640030245
0.008559071488944112
0.008473871563950758
0.0064429470142655446
0.004136676328502795
0.004353333628277265
0.007958190738278284
0.01273403226997292
0.014648409675773485
0.01197747820161477
0.007902895725717224
0.007549959041486935
0.013062092490488836
0.018365301139470158
0.023855776153113246
0.02421136564259234
0.023638072285424794
0.024346358490880834
0.021839296614798227
0.014291233447867438
0.006384464947430741
0.0019122514153264607
0.0003822739181138295
8.353945869814177e-05
0.00023004417679071558
0.0010403248584275786
0.0032041380640352845
0.0066148321059506425
0.009338423087798439
0.00972843958217159
0.009186897548125631
0.009562315358705388
0.009591745359553656
0.007732752562938397
0.006220942415680337
0.008828182499349102
0.015545303442257448
0.020731091379748143
0.019028072549912397
0.014789051681609199
0.008334413863365642
0.004907818454724495
0.003913268493452208
0.0036073116321623695
0.0030850238960049505
0.0021734335327011508
0.0011631408953597451
0.00044664044904088655
0.00011884602446495597
2.1497461218546906e-05
2.617280368159911e-06
2.1340462819481824e-07
1.1624469773410194e-08
4.225030875782785e-10
1.0240361934052713e-11
1.6546377819213297e-13
1.782095648924648e-15
1.2792910838070881e-17
6.120731238500864e-20
1.9517565221678912e-22
4.147943760343862e-25
5.875241266104939e-28
5.6068984236007935e-31
9.858409276670805e-33
1.0803234305008263e-32
1.0819735442482744e-32
1.0447140259575269e-32
1.0478919372050179e-32
9.026763008836758e-33
5.647736008956626e-33
2.410445070668204e-33
6.896828004102841e-34
1.3441768263444796e-34
4.2080469841974773e-35
1.5903415962779157e-34
6.541795521251292e-34
1.824700693749741e-33
3.4584683907576025e-33
4.751623912888447e-33
5.6665100403708835e-33
7.273778869738608e-33
9.23798902878621e-33
9.362624765901321e-33
7.820263823092364e-33
9.013268967806685e-33
1.6814631560282305e-32
2.779254355105951e-32
3.1936038722718907e-32
2.4584597538560352e-32
1.26323347249279e-32
6.510513390628906e-33
2.0425961524986027e-33
1.9384035245600773e-33
5.096017470890781e-33
1.0384204549570265e-32
1.4190276423957612e-32
1.2926825703202608e-32
7.848349205159674e-33
3.175750948373103e-33
8.564383541596423e-34
1.5393143866119617e-34
1.8439116010501017e-35
1.472090171939513e-36
7.83267808714962e-38
2.7775871280732143e-39
6.564575566912085e-41
1.0340157675219473e-42
1.0854984777831355e-44
7.594738491233867e-47
3.541424425321467e-49
1.1005877645281051e-51
2.2795699881171058e-54
3.1467535370204387e-57
2.89503671367782e-60
1.7751169479688842e-63
7.254064510517474e-67
3.188491294328687e-69
0.0
0.0
0.0
0.0
0.0
3.368754312453267e-05
0.00023321840729509944
0.001076063399757961
0.0033089822914149493
0.006781606308866205
0.009277797525332863
0.00854551210610824
0.005692355388804233
0.004032205696161431
0.0050422853153650445
0.007103524945920378
0.007997009285225785
0.00785483991667357
0.007936315277187475
0.007585233213626563
0.005610210773068299
0.0029071769932211004
0.0011206172106684178
0.0008326646427073678
0.0015224323901577514
0.0039358654636274856
0.0073533399227951116
0.010126774139399239
0.011486289604375581
0.011850423245487436
0.011409080858008428
0.011307440392831629
0.013512142009113293
0.01650257309946045
0.015915807748278096
0.01132669053281574
0.007213347587868421
0.006853413908247165
0.009562959038865247
0.01356032014360948
0.017515836120509876
0.018764972354855244
0.015138966129613041
0.009225647754762497
0.005981577602354829
0.007000772013344779
0.009350382219950944
0.009263906384657914
0.0066597425756456385
0.00487658152909917
0.005399567707320355
0.007983705485507918
0.00954955774200178
0.007822865171728173
0.004285409838670618
0.0015652302528909392
0.00038103706701794526
6.182162020330125e-05
6.684907549727651e-06
4.81761416270649e-07
2.3139297892914e-08
7.407128658491813e-10
1.5802694615356196e-11
2.2469528278191865e-13
2.129307141528376e-15
1.3448201712529656e-17
5.660719908806939e-20
1.588037182625998e-22
2.9691436884464067e-25
3.6998431399928714e-28
3.0726773336805455e-31
1.7007173795265046e-34
6.273774301825834e-38
1.5424360971769349e-41
0.0
0.0
0.0
0.0
0.0
0.0
0.0
0.0
0.0
0.0
0.0
0.0
0.0
0.0
0.0
0.0
0.0
4.820008550545739e-07
4.468687971473871e-06
2.761174165168217e-05
0.00011370750228472445
0.0003120800354528545
0.0005708531496697543
0.0007335621451955127
0.0008114749320895355
0.0013781941096649587
0.003242072010799626
0.006189917648703634
0.007898637769733909
0.008952297522781602
0.008868802039096435
0.008926457889403517
0.008269981887426418
0.0058479996144920575
0.002872388942246911
0.0009509027946860782
0.00021088820303141994
3.536411141486602e-05
2.957390608276647e-05
0.00010901752336878566
0.0002991799278160076
0.0005541557702092477
0.0007171748996206791
0.0007263202742921928
0.0007133992240327101
0.0007450775559005974
0.0007580139351300128
0.0010131470483148862
0.0022354152743891465
0.004701969728525685
0.007011565984972592
0.007040400104864539
0.004754439315920929
0.0029651699661229136
0.0011330185712426853
0.0004149032762683746
0.0002307335989094466
0.0001724609670668576
0.0001168330530369605
6.070064805546111e-05
2.2634187110007152e-05
5.851708142845345e-06
1.0293392734959832e-06
1.2196557622603312e-07
9.68401665558333e-09
5.138694805533816e-10
1.81986151022187e-11
4.298454841456235e-13
6.768978996322984e-15
7.10548908542627e-17
4.971483378827646e-19
2.3183531743261007e-21
7.205512519698578e-24
1.492577271304943e-26
2.060596250854927e-29
1.8959716613964314e-32
4.5994234821551114e-05
0.0003377017164868905
0.0016525122448428483
0.0038017757112688046
0.009460203750530605
0.01568902795406613
0.017340959807308532
0.012774143032032174
0.006271507786914251
0.002052077247920367
0.0004475040733742884
6.504019408710628e-05
6.300111163693291e-06
4.067205766975575e-07
1.7499499391863286e-08
1.2655969419537527e-05
0.00011587423200218268
0.0007070937802014795
0.0028757342468834703
0.007794747116814092
0.014081108951949016
0.01695326051889515
0.01360351566314054
0.007274960411917889
0.0025929351550130317
0.0006159340674358444
9.751206277062356e-05
1.0288783049311401e-05
7.235211384778074e-07
9.838832348486298e-08
3.518303942531262e-09
5.7098321469040143e-05
0.00039735524907416164
0.0018429635698220378
0.005696867207271639
0.011736456412329298
0.01611459638137885
0.014746312143342948
0.008993504599671376
0.0036555779394310574
0.0009902952197394098
0.00017879479256660617
2.1514269125531327e-05
9.474572946269691e-05
0.0006663010428246112
0.0031799822963212952
0.010116252885652774
0.021448486039542546
0.030307852101877236
0.028542711263842942
0.017915001026770863
0.007494108882986942
0.002089318781377792
0.0003882137969583279
0.00010089802481672216
9.53348093900157e-06
6.003463697179924e-07
2.5196129001075425e-08
7.047698323113279e-10
1.3138395665745014e-11
1.63237116876847e-13
1.3516898192240105e-15
7.459620230751498e-18
2.7437083290485845e-20
6.725749892910237e-23
1.09881615022279e-25
1.196446355421788e-28
8.986365311759208e-32
1.1575451022826517e-32
3.3809777050808434e-32
7.320248243794264e-32
1.1352091843204558e-31
1.2612556755372159e-31
1.0795398772161412e-31
9.312385309230398e-32
1.1256425232039403e-31
1.528501133229736e-31
1.687384373371957e-31
1.4129890062437862e-31
1.0182295172500311e-31
8.86386695335612e-32
9.071506467556032e-32
9.094303270110224e-32
6.77720210609928e-32
6.74488326850069e-07
5.951634569582379e-06
3.5000933355082225e-05
0.0001371843411457213
0.0003583529683195044
0.000623877062645352
0.0007238833365090597
0.0005597829782338467
0.0002885043365671058
9.909837905366218e-05
2.268622861720562e-05
3.461302898019035e-06
3.5196417111312567e-07
2.3852771834854465e-08
1.0773598835670499e-09
6.992649639579808e-07
6.096969367071919e-06
3.5431362674632974e-05
0.0001372281764174611
0.00035422587129845505
0.0006093948931737218
0.0006987131097384762
0.0006109417523468006
0.00035620701495746017
0.00013841612214221104
3.5846968648655944e-05
6.187279604460341e-06
7.117518371606433e-07
5.4568120995032514e-08
2.7882451174016672e-09
5.412891955382775e-07
4.901543125631237e-06
2.958650422871625e-05
0.00011902445978016883
0.0003191246358363756
0.0005702509187223205
0.0006791304499654482
0.0005390412007038921
0.00028514927190162985
0.00010053195337872994
2.3622046686883992e-05
3.6992397069399024e-06
3.8609037298949824e-07
2.685635195340862e-08
1.2450494902957714e-09
3.8468721967294496e-11
7.92155514097873e-13
1.0871630648499186e-14
4.974144252560631e-16
3.471404290190458e-18
1.6146320320995584e-20
5.005223562985205e-23
1.0340819200896231e-25
1.423862190148952e-28
1.3066597658216098e-31
7.9916899755109e-35
3.257588964710503e-38
8.849841460181869e-42
0.0
0.0
0.0
0.0
0.0
0.0
0.0
2.850447878122417e-35
2.013486114565468e-34
9.479069816465348e-34
2.9741601698383953e-33
6.219343337950807e-33
8.667747676339047e-33
8.050994612689005e-33
4.9839578412382735e-33
2.889515994447871e-33
9.096043048897974e-34
1.9083650733530654e-34
2.668406317823122e-35
2.486703519921644e-36
1.544463347042747e-37
6.393118455803713e-39
2.608762074661838e-35
1.953251537284271e-34
1.769732476821491e-06
1.2235683525194208e-05
5.638069152604106e-05
0.00017314665638543225
0.00035438829445541895
0.0005061534608894483
0.0005921117481791212
0.0009491849774447139
0.00215906803367528
0.004185570875089777
0.0058935929457060625
0.006430325273092062
0.006425280984195574
0.006298244747359252
0.005247714379436296
0.003202036626957904
0.0013403985825203712
0.0006017356454290502
0.00013039732697814238
2.629670540330276e-05
4.0967368310797336e-05
0.0001328643818907852
0.0003016497768202833
0.00046978366351491417
0.0005372370953501579
0.000532437400093808
0.0005433563392165083
0.0005612746326118511
0.0006876193141985269
0.0013731194208429776
0.0029574149207655075
0.004700991999043324
0.005057081690929568
0.003633532507086976
0.0017404859170315377
0.0005556633741750605
0.00011823256798946751
1.676657578020788e-05
1.5846495349064954e-06
9.98167979583484e-08
4.1904010463202956e-09
1.1724358604661725e-10
5.568188900157169e-06
2.5253509406969993e-05
0.00017393418578800192
0.0007984168761589908
0.0024426206020736257
0.0049803959549080705
0.006767889757139831
0.006137128268917544
0.0037649763186492517
0.0018590914951024655
0.0018041323959703203
0.0036205619993064726
0.005983716541233437
0.006704961878740653
0.005039366249966777
0.002675362498827053
0.0016332018322828823
0.0026164386995923927
0.004937288055703813
0.006607853932091274
0.005921983854898264
0.0035383931186631977
0.001409085994640936
0.0003739824889130012
6.615255824373947e-05
7.798724391681062e-06
1.496611410415462e-06
8.971985466727004e-08
3.584673613048661e-09
9.545358075949488e-11
1.6940115954059747e-12
2.0036510156077972e-14
1.5794625435441725e-16
8.298089788142347e-19
2.9055508233983174e-21
6.780478939259827e-24
1.0545661194750115e-26
1.0931224300029718e-29
7.562872732390963e-33
8.333419585943686e-35
3.807761414858205e-34
1.2100531998408833e-33
2.5628427818424447e-33
3.617603907083795e-33
3.4033107942311285e-33
2.1338493576608998e-33
8.91676764796229e-34
2.48332003117312e-34
4.609347825130945e-35
5.702007965248837e-36
3.028403637425217e-35
2.665287700348009e-34
9.1620531671363e-34
4.175688630229809e-33
1.2688738601854254e-32
2.5829992582724216e-32
3.5592483218711276e-32
3.505714299376957e-32
3.140436248809485e-32
3.94471722685748e-32
5.944905963572953e-32
7.103173180591611e-32
5.880538878171882e-32
3.390051040455448e-32
1.6322094263073937e-32
1.080411973706493e-32
9.910685033428499e-33
8.019194342787594e-33
5.594673605654079e-33
4.327080495492945e-33
3.647983855752034e-33
2.5215915518502108e-33
1.2257479851378835e-33
4.018250139681671e-34
8.80111080119229e-35
1.2854239770808615e-35
1.2513657684392022e-36
8.119206756782365e-38
1.0464102332607952e-38
3.45252087663259e-40
7.591932690882036e-42
1.1126279479900752e-43
1.0867487148560518e-45
7.074403964824892e-48
3.0692490070011626e-50
8.87474617766022e-53
1.710256721443345e-55
2.1965860398022984e-58
1.880254689824318e-61
1.072671372269023e-64
4.078479164815916e-68
1.0335020776538982e-71
0.0
0.0
2.230570451088104e-05
0.00015150183956667466
0.0006858062139010748
0.0020690285034911495
0.00416018917579608
0.005580720950529965
0.0050157873749462215
0.0031192763838722606
0.0016195178969203848
0.001223857420492622
0.0011924444073502876
0.001261861366621999
0.001262057471963029
0.0012400179876061689
0.0010622520977065168
0.0006791548185645493
0.00030018150005770196
8.9379081047227e-05
4.376408515082769e-05
0.00017264896382233536
0.0007442802660345986
0.0021812134172262527
0.004310741953049042
0.005953748031259486
0.006362218608002821
0.006323132286203558
0.006283208647538002
0.005349265676173624
0.0034245540289097073
0.0017965815937831522
0.001244368995609624
0.0013821984561146665
0.0016017713605275578
0.0016254521467662236
0.001353238938503467
0.001028844331011328
0.0005151498093350085
0.0001776055269010765
4.133898831000768e-05
6.444513097079315e-06
6.708322173211169e-07
4.657202789360833e-08
2.1554252335595475e-09
3.221934862980411e-06
2.341774858731113e-05
0.00011343941606516692
0.0003662388392397105
0.0007880365549147852
0.001130081789849074
0.0010800775471434762
0.0006879890837519486
0.0002920718523339648
8.263792634383233e-05
1.5582985435433325e-05
1.9584093184795548e-06
1.6403548887344632e-07
9.157010577026118e-09
1.7054704019977374e-06
1.385185906167901e-05
7.499628032814852e-05
0.00027061582829061067
0.0005081551946509263
0.0009324218064232966
0.0011402761012545598
0.0009293711157127283
0.0005048354775121539
0.00018276461355884406
4.409769665457125e-05
7.091224698270099e-06
7.599904526964036e-07
5.42845915271414e-08
2.5842026064177025e-09
8.198947287761357e-11
1.7336889317795301e-12
2.4432381836791384e-14
2.294784911742579e-16
1.4364804262321202e-18
5.992927000811504e-21
1.6663253865761288e-23
3.0878925685254704e-26
3.81369626885441e-29
3.139146395770288e-32
1.7221008683371618e-35
6.296325185888644e-39
1.534253993157066e-42
0.0
0.0
0.0
0.0
0.0
0.0
0.0
0.0
0.0
0.0
0.0
0.0
0.0
0.0
0.0
0.0
0.0
0.0
0.0
0.0
0.0
0.0
0.0
0.0
0.0
0.0
0.0
0.0
0.0
0.0
0.0
0.0
0.0
0.0
0.0
0.0
0.0
0.0
0.0
0.0
0.0
0.0
0.0
0.0
0.0
0.0
0.0
0.0
0.0
0.0
0.0
0.0
0.0
0.0
0.0
0.0
0.0
0.0
0.0
0.0
0.0
0.0
0.0
0.0
0.0
0.0
0.0
0.0
0.0
0.0
0.0
0.0
0.0
0.0
0.0
0.0
0.0
0.0
0.0
0.0
0.0
0.0
0.0
0.0
0.0
0.0
0.0
0.0
0.0
0.0
0.0
0.0
0.0
0.0
0.0
0.0
0.0
0.0
0.0
0.0
0.0
0.0
0.0
0.0
0.0
0.0
0.0
0.0
0.0
0.0
0.0
0.0
0.0
0.0
0.0
0.0
0.0
0.0
0.0
0.0
0.0
0.0
0.0
0.0
0.0
0.0
0.0
0.0
0.0
0.0
0.0
0.0
0.0
0.0
0.0
0.0
0.0
0.0
0.0
0.0
0.0
0.0
0.0
0.0
0.0
0.0
0.0
0.0
0.0
0.0
0.0
0.0
0.0
0.0
0.0
0.0
0.0
0.0
0.0
0.0
0.0
0.0
0.0
0.0
0.0
0.0
0.0
0.0
0.0
0.0
0.0
0.0
0.0
0.0
0.0
0.0
0.0
0.0
0.0
0.0
0.0
0.0
0.0
0.0
0.0
0.0
0.0
0.0
0.0
0.0
0.0
0.0
0.0
0.0
0.0
0.0
0.0
0.0
0.0
0.0
0.0
0.0
0.0
0.0
0.0
0.0
0.0
0.0
0.0
0.0
0.0
0.0
0.0
0.0
0.0
0.0
0.0
0.0
0.0
0.0
0.0
0.0
0.0
0.0
0.0
0.0
0.0
0.0
0.0
0.0
0.0
0.0
0.0
0.0
0.0
0.0
0.0
0.0
0.0
0.0
0.0
0.0
0.0
0.0
0.0
0.0
0.0
0.0
0.0
0.0
0.0
0.0
0.0
0.0
0.0
0.0
0.0
0.0
0.0
0.0
0.0
0.0
0.0
0.0
0.0
0.0
0.0
0.0
0.0
0.0
0.0
0.0
0.0
0.0
0.0
0.0
0.0
0.0
0.0
0.0
0.0
0.0
0.0
0.0
0.0
0.0
0.0
0.0
0.0
0.0
0.0
0.0
0.0
0.0
0.0
0.0
0.0
0.0
0.0
0.0
0.0
0.0
0.0
0.0
0.0
0.0
0.0
0.0
0.0
0.0
0.0
0.0
0.0
0.0
0.0
0.0
0.0
0.0
0.0
0.0
0.0
0.0
0.0
0.0
0.0
0.0
0.0
0.0
0.0
0.0
0.0
0.0
0.0
0.0
0.0
0.0
0.0
0.0
0.0
0.0
0.0
0.0
0.0
0.0
0.0
0.0
0.0
0.0
