a = 4.749665496097099 b = 4.695210240090903 c = 15.79589578163498 ,Gaussian ,LMH = 0.08 ,DW = [1.3 1.3 1.3 1.3]
0.0
0.0
0.0
0.0
0.0
0.0
0.0
0.0
0.0
0.0
0.0
0.0
0.0
0.0
0.0
0.0
0.0
0.0
0.0
0.0
0.0
0.0
0.0
0.0
0.0
0.0
0.0
0.0
0.0
0.0
0.0
0.0
0.0
0.0
0.0
0.0
0.0
0.0
0.0
0.0
0.0
0.0
0.0
0.0
0.0
0.0
0.0
0.0
3.2412083110115063e-34
2.811512341793019e-33
1.6253788075606113e-32
6.262543272515899e-32
1.608156960325781e-31
2.752248717114345e-31
3.1392685511973124e-31
2.386441588863925e-31
1.2090790516499187e-31
4.082631035314886e-32
9.187706574934313e-33
1.3780204072990079e-33
1.3774813566985417e-34
9.176928719371567e-36
4.074652112764267e-37
1.2057721826091619e-38
2.3780530224539127e-40
1.3855639523777857e-41
1.3895859987113255e-43
9.28807751801178e-46
4.137593122634336e-48
1.2284324481568128e-50
2.4307277879789235e-53
3.205552694258769e-56
2.8174165612687995e-59
1.6503678472809659e-62
6.443057292531527e-66
1.6764275158787994e-69
0.0
0.0
0.0
0.0
0.0
0.0
0.0
0.0
0.0
0.0
0.0
0.0
0.0
0.0
0.0
0.0
0.0
0.0
0.0
0.0
0.0
0.0
0.0
0.0
0.0
0.0
0.0
0.0
0.0
0.0
0.0
0.0
0.0
0.0
0.0
0.0
0.0
0.0
0.0
0.0
0.0
0.0
0.0
0.0
0.0
0.0
0.0
0.0
0.0
0.0
0.0
0.0
0.0
0.0
0.0
0.0
0.0
0.0
0.0
0.0
0.0
0.0
0.0
0.0
0.0
0.0
0.0
0.0
0.0
0.0
0.0
0.0
0.0
0.0
0.0
0.0
0.0
0.0
0.0
0.0
0.0
0.0
0.0
0.0
0.0
0.0
0.0
0.0
0.0
0.0
0.0
0.0
0.0
0.0
0.0
0.0
0.0
0.0
0.0
0.0
0.0
0.0
0.0
0.0
0.0
0.0
0.0
0.0
0.0
0.0
0.0
0.0
0.0
0.0
0.0
0.0
0.0
0.0
0.0
0.0
0.0
0.0
0.0
0.0
0.0
0.0
0.0
0.0
0.0
0.0
0.0
0.0
0.0
0.0
0.0
0.0
0.0
0.0
0.0
0.0
0.0
0.0
0.0
0.0
0.0
0.0
0.0
0.0
0.0
0.0
0.0
0.0
0.0
0.0
0.0
0.0
0.0
0.0
0.0
0.0
0.0
0.0
4.277639818231126e-33
2.7600372935666214e-32
1.1868811570616903e-31
3.4015829654070813e-31
6.497352798800098e-31
8.271292485554965e-31
7.017652449829757e-31
5.020015225708575e-31
2.1658386132437405e-31
6.227714548821437e-32
1.1934736980264252e-32
1.5243284479764338e-33
1.2975550891242277e-34
7.361301473648809e-36
2.783331604992614e-37
7.013856016169613e-39
1.177959311619567e-40
1.3185156260466126e-42
9.836074756084096e-45
4.890349619633839e-47
1.6204645878432434e-49
3.5786623897800306e-52
5.267244296541874e-55
5.1668724686925754e-58
3.3779527545527016e-61
1.4718411745688746e-64
4.274151119880871e-68
8.272187062272612e-72
0.0
0.0
0.0
0.0
0.0
0.0
0.0
0.0
0.0
0.0
0.0
0.0
0.0
0.0
0.0
0.0
0.0
0.0
0.0
0.0
0.0
0.0
0.0
0.0
0.0
0.0
0.0
0.0
0.0
0.0
0.0
0.0
0.0
0.0
0.0
0.0
0.0
0.0
0.0
0.0
0.0
0.0
0.0
0.0
0.0
0.0
0.0
0.0
0.0
0.0
0.0
0.0
0.0
0.0
0.0
0.0
0.0
0.0
0.0
0.0
0.0
0.0
0.0
0.0
0.0
0.0
0.0
0.0
0.0
0.0
0.0
0.0
0.0
0.0
0.0
0.0
0.0
0.0
0.0
0.0
0.0
0.0
0.0
0.0
0.0
0.0
0.0
0.0
0.0
0.0
0.0
0.0
0.0
0.0
0.0
0.0
0.0
0.0
0.0
0.0
0.0
0.0
0.0
0.0
0.0
0.0
0.0
0.0
0.0
0.0
0.0
0.0
0.0
0.0
0.0
0.0
0.0
0.0
0.0
0.0
0.0
0.0
0.0
0.0
0.0
0.0
0.0
0.0
0.0
0.0
0.0
0.0
0.0
0.0
0.0
0.0
0.0
0.0
0.0
0.0
0.0
0.0
0.0
0.0
0.0
0.0
0.0
0.0
0.0
0.0
0.0
0.0
0.0
0.0
0.0
0.0
0.0
0.0
0.0
0.0
0.0
0.0
1.8507896048758553e-06
1.4666456750935047e-05
7.745953908407521e-05
0.00027265041253540404
0.0006396154682436784
0.00100003063663432
0.0010420515415307276
0.0007236801223998744
0.00033495436020463
0.00010332518114795864
2.1242628956614757e-05
2.9106628283160214e-06
2.6580128979407203e-07
1.6177217204409832e-08
6.561937618239377e-10
1.7739522531088127e-11
3.196195263260951e-13
3.838011121822437e-15
3.0715720175313264e-17
1.638312422044067e-19
5.823905160794921e-22
1.3797913316395393e-24
2.1786831698146275e-27
2.3580266883114737e-29
1.8933546159092294e-32
1.0132036778742303e-35
3.6136251535692614e-39
8.58956146538892e-43
0.0
0.0
0.0
0.0
0.0
0.0
0.0
0.0
0.0
0.0
0.0
0.0
0.0
0.0
0.0
0.0
0.0
0.0
0.0
0.0
0.0
0.0
0.0
0.0
0.0
0.0
0.0
0.0
0.0
0.0
0.0
0.0
0.0
0.0
0.0
0.0
0.0
0.0
0.0
0.0
0.0
0.0
0.0
0.0
0.0
0.0
0.0
0.0
0.0
0.0
0.0
0.0
0.0
0.0
0.0
0.0
0.0
0.0
0.0
0.0
0.0
0.0
0.0
0.0
0.0
0.0
0.0
0.0
0.0
0.0
0.0
0.0
0.0
0.0
0.0
0.0
0.0
0.0
0.0
0.0
0.0
0.0
0.0
0.0
0.0
0.0
0.0
0.0
0.0
0.0
0.0
0.0
0.0
0.0
0.0
0.0
0.0
0.0
0.0
0.0
0.0
0.0
0.0
0.0
0.0
0.0
0.0
0.0
0.0
0.0
0.0
0.0
0.0
0.0
0.0
0.0
0.0
0.0
0.0
0.0
0.0
0.0
0.0
0.0
0.0
0.0
0.0
0.0
0.0
0.0
0.0
0.0
0.0
2.01698381211153e-34
1.5118896717678061e-33
7.552997413653901e-33
2.514780707412328e-32
5.590233628007866e-32
8.335223944841547e-32
8.592173897577152e-32
7.039209234116479e-32
6.532820379734624e-32
7.632546305124586e-32
8.051083184595707e-32
6.98983957170834e-32
6.55908747680023e-32
7.749911966238583e-32
8.338443980072123e-32
6.464293435497684e-32
4.39627554622766e-32
1.7638613351844873e-32
4.7208557480577396e-33
8.422301470456133e-34
1.0014645261092442e-34
7.936413990007832e-36
4.191746838870098e-37
1.4755278309699763e-38
3.4616354380504777e-40
9.913909983201661e-05
0.0006454700966156524
0.0028008434236651593
0.008099963897452274
0.015685916317172022
0.020562251024044215
0.019492499464972248
0.016883234530474616
0.018196616403938708
0.02091391319386976
0.019890649313591524
0.0172051628951327
0.01797442167564097
0.02020545931038551
0.017867841263167924
0.010931423897063915
0.004490431883317355
0.0019823901300958947
0.0004147884655337127
5.784766420441568e-05
5.376928209010745e-06
3.330931323232971e-07
1.375241446069757e-08
3.784197802110838e-10
6.939852893521521e-12
8.482194961412837e-14
6.909518511897852e-16
3.7511883185361635e-18
1.3572864019095956e-20
3.273072890771537e-23
5.260431918465684e-26
5.634672508802328e-29
4.0225134337310486e-32
1.913849904847856e-35
6.068757651682418e-39
1.2825469225805724e-42
0.0
0.0
0.0
0.0
0.0
0.0
0.0
0.0
0.0
0.0
0.0
0.0
0.0
0.0
0.0
0.0
0.0
0.0
0.0
0.0
0.0
0.0
0.0
0.0
0.0
0.0
0.0
0.0
0.0
0.0
0.0
0.0
0.0
1.5676069726347055e-05
0.00014249427758942118
0.0008632552127116992
0.0034854795842233573
0.009404052135695742
0.017029278115876675
0.02126992075741774
0.020354569615694765
0.019321280820617237
0.021175363300634735
0.022063285931802578
0.02021958408988931
0.019726912268084918
0.021143906058682427
0.019214068977485045
0.01246457039362328
0.005476578308368942
0.001609452255915248
0.0003154788490924432
4.1221032620122834e-05
3.5897602728759195e-06
2.0835175844393352e-07
8.059558072549378e-09
2.0778156274651193e-10
3.5701328214530074e-12
1.8974491640113805e-13
1.6578685944823555e-15
9.654095907117609e-18
3.746749530444557e-20
9.691238070786985e-23
1.6706497553188746e-25
1.919433669491963e-28
1.4697462272986713e-31
7.500550642265292e-35
2.5510882912050406e-38
5.782816073060034e-42
0.0
0.0
0.0
0.0
0.0
0.0
0.0
0.0
0.0
0.0
0.0
0.0
0.0
0.0
0.0
0.0
0.0
0.0
0.0
0.0
0.0
0.0
0.0
0.0
0.0
0.0
0.0
0.0
0.0
0.0
0.0
0.0
0.0
0.0
0.0
0.0
0.0
0.0
0.0
0.0
0.0
0.0
0.0
0.0
0.0
0.0
0.0
0.0
0.0
0.0
0.0
0.0
0.0
0.0
0.0
0.0
0.0
0.0
0.0
0.0
0.0
0.0
0.0
0.0
0.0
0.0
0.0
0.0
0.0
0.0
1.797362142766269e-33
1.2168438889528495e-32
5.490547953308477e-32
1.6604981357717046e-31
3.3839293030962914e-31
4.817115897195815e-31
5.342039388164398e-31
5.670074325134829e-31
6.269153196254192e-31
6.264002042549863e-31
5.388657623191334e-31
4.562740612034088e-31
3.914526776411137e-31
2.822325207676138e-31
1.4690800038540376e-31
5.21208165116676e-32
1.2397137383184642e-32
1.968227452757984e-33
2.0834398719350335e-34
1.4699817341151235e-35
6.912508568678523e-37
2.1664259958115675e-38
1.7189000639107518e-39
2.739443049657683e-41
1.3870921080460612e-34
1.2532978134427384e-33
7.547181811587989e-33
3.028983382645143e-32
8.101967885853147e-32
1.4443275398437112e-31
1.716020277109787e-31
1.3588161080403855e-31
7.171012936730787e-32
2.522213660880923e-32
5.912413356226947e-33
9.23696405062856e-34
9.617789454194417e-35
6.674255467715259e-36
3.0868244711321403e-37
9.514864134644039e-39
1.9546760701038066e-40
2.6762615174847647e-42
2.4421022887317027e-44
1.485185498731675e-46
6.019758904929606e-49
1.626144159768477e-51
2.927659317214819e-54
3.4582978442770524e-56
3.1661134182955874e-59
1.9318441668877212e-62
7.855959967347354e-66
2.129158441251692e-69
0.0
0.0
0.0
0.0
0.0
0.0
0.0
0.0
0.0
0.0
0.0
0.0
0.0
0.0
0.0
0.0
0.0
0.0
0.0
0.0
0.0
0.0
0.0
0.0
0.0
0.0
0.0
0.0
0.0
0.0
0.0
0.0
0.0
0.0
0.0
0.0
0.0
0.0
0.0
0.0
0.0
0.0
0.0
0.0
0.0
0.0
0.0
0.0
0.0
0.0
0.0
0.0
0.0
0.0
0.0
0.0
0.0
0.0
0.0
0.0
0.0
0.0
0.0
0.0
0.0
0.0
0.0
0.0
0.0
0.0
0.0
0.0
0.0
0.0
0.0
0.0
0.0
0.0
0.0
0.002080282037860825
0.015177393171217182
0.07379954740337598
0.24114151907987458
0.53109379167661
0.81477330271844
0.9478210731857045
0.9766316077818243
1.0
0.9986138717523597
0.9733417282391305
0.9245623814724634
0.751920349027835
0.4541864759528997
0.18975164614846893
0.053450326324818276
0.010069822651157058
0.001265705800221135
0.00010606262794609427
1.6212184266739267e-05
6.90914681877782e-07
1.9624307790200388e-08
3.714902852925587e-10
4.686866836238909e-12
3.9409367319307216e-14
2.2085025399140557e-16
8.24855557275593e-19
2.0532387808552906e-21
3.406297388605661e-24
3.7662332505115605e-27
2.775322222837398e-30
1.3630166511820757e-33
4.461392755967664e-37
9.732430304382511e-41
0.0
0.0
0.0
0.0
0.0
0.0
0.0
0.0
0.0
0.0
0.0
0.0
0.0
0.0
0.0
0.0
0.0
0.0
0.0
0.0
0.0
0.0
0.0
0.0
0.0
0.0
0.0
0.0
0.0
0.0
0.0
0.0
0.0
0.0
0.0
0.0
0.0
0.0
0.0
0.0
0.0
0.0
0.0
0.0
0.0
0.0
0.0
0.0
0.0
0.0
0.0
0.0
0.0
0.0
0.0
0.00010547721800102979
0.000906824411720391
0.005196001732806825
0.019842524254282692
0.05050171196973281
0.08566370020091421
0.09684319449710574
0.08388509840163687
0.04822360527322951
0.018476345784794266
0.004717957618940957
0.0008029223321717455
9.106984294722812e-05
6.884258762783495e-06
3.4683373490873436e-07
1.1645738325380019e-08
2.606119167955184e-10
3.88689726283753e-12
3.8636110637421914e-14
2.5595598471419466e-16
1.1301048124969974e-18
3.3254751609114035e-21
6.5218415069427945e-24
8.524488333735089e-27
7.425880382585538e-30
4.3113087542356104e-33
1.668214342930607e-36
4.302056639967832e-40
0.0
0.0
0.0
0.0
0.0
0.0
0.0
0.0
0.0
0.0
0.0
0.0
0.0
0.0
0.0
0.0
0.0
0.0
0.0
0.0
0.0
0.0
0.0
0.0
0.0
0.0
0.0
0.0
0.0
0.0
0.0
0.0
0.0
0.00011375815597747013
0.0008028378450520286
0.0037995176846289712
0.012054968586781834
0.026082174681607454
0.040081680761732866
0.04781625382085804
0.0504488452410493
0.051206705818143225
0.05046063183393008
0.047481193245560244
0.039267043921161156
0.025177214798320732
0.011468310802547921
0.0035648860883391326
0.0007447036701144471
0.00010397942275538308
9.685432486539504e-06
6.014752684403282e-07
2.4897043590507145e-08
6.86872761420199e-10
1.2629674134284352e-11
1.5477168802966943e-13
6.566375378431633e-15
4.091932992148586e-17
1.6994679578217466e-19
4.704126962366406e-22
8.678139955166527e-25
1.0669788670316774e-27
8.743121935323292e-31
4.7748397584258516e-34
1.7379313450941108e-37
4.2158774604161913e-41
0.0
0.0
0.0
0.0
0.0
0.0
0.0
0.0
0.0
0.0
0.0
0.0
0.0
0.0
0.0
0.0
0.0
0.0
0.0
0.0
0.0
0.0
0.0
0.0
0.0
0.0
0.0
0.0
0.0
0.0
0.0
0.0
0.0
0.0
0.0
0.0
0.00032086897224549476
0.0021332546501553642
0.009452337653347274
0.027913693217449864
0.05493851592279285
0.07206395511467013
0.0689254697196446
0.04597518498214147
0.020811304728970203
0.0084510384187211
0.011453816884668696
0.029434114620897196
0.055701864239084256
0.0705972664214243
0.0596465762392752
0.03367794704269694
0.013361124272070937
0.007337887807217947
0.01595972163492854
0.03799274953663
0.06214323765513047
0.06783869004306421
0.04935942854625194
0.02393566987032074
0.007735754060672171
0.0016662542586082048
0.0002392001452983147
2.2885644848522946e-05
1.4593061648665355e-06
6.201706776426662e-08
1.7565381554372935e-09
1.3027348192889386e-10
1.8763115884570583e-12
1.8010901406441408e-14
1.152252038279993e-16
4.912935578374662e-19
1.396098954924676e-21
2.644069624013812e-24
3.337433751649809e-27
2.811292446188711e-30
2.3526404492969473e-33
1.0916546567272874e-34
1.0092165575933437e-35
6.251708517176973e-37
2.581076797172266e-38
7.102065617789126e-40
1.3024167789512658e-41
1.59183054073788e-43
1.2966573650553481e-45
7.039392446003154e-48
2.5469866731774775e-50
6.14185721127151e-53
9.870844417946683e-56
1.0572810446189536e-58
7.547587101254008e-62
3.590933555997798e-65
1.138644501420078e-68
4.2261301659112254e-71
0.0
5.489878878060137e-34
3.853297888748726e-33
1.802536030178328e-32
5.619748402093114e-32
1.1677001574774544e-31
1.6170645381475973e-31
1.4924676140720438e-31
9.203790987023776e-32
3.948798387077347e-32
2.0076023069274735e-32
3.638595800712561e-32
8.384399770310515e-32
1.4319164631036681e-31
2.0157952351084337e-31
2.8821192247059656e-31
4.138259353031899e-31
4.843924555662801e-31
4.141121997164249e-31
2.7385710018822144e-31
1.8041002507892333e-31
1.3925736323419199e-31
9.88432982244127e-32
5.143754369022502e-32
1.8228948334860606e-32
7.30721897445028e-33
1.3238609558862019e-33
1.5990309605441183e-34
1.2873077043335452e-35
6.907095938386636e-37
2.4699684731047584e-38
5.886662516278474e-40
9.350362932772552e-42
9.898499316020882e-44
6.983800053564273e-46
3.283944322403577e-48
1.2204347209190309e-34
1.1200030692428289e-33
6.850234191596145e-33
2.8174505488262854e-32
7.767519705330067e-32
1.4615420274646124e-31
1.9430353925423502e-31
1.960839086332521e-31
1.6724408727397084e-31
1.3217145515119048e-31
9.958309057190515e-32
6.923286454913046e-32
4.0607999879467076e-32
1.8103466500991663e-32
5.7125551263135266e-33
2.1452378864564895e-33
3.5550448085125915e-34
3.9467264204779026e-35
2.9259618250825393e-36
1.4468021831814985e-37
4.769313377946642e-39
1.0479282737794648e-40
1.534641220992978e-42
1.4978577764818668e-44
9.743577855262015e-47
4.22424290774826e-49
1.2205659043089534e-51
2.3504730535930717e-54
3.0166916575741173e-57
2.580406557685225e-60
1.4710482159540202e-63
5.589168830994491e-67
1.4153019350721899e-70
0.0
0.0
0.0001580427074874578
0.0013384445555631262
0.007554537093370392
0.02841822043373035
0.07124714196004418
0.10494989785765978
0.13379970917128153
0.11368675405568258
0.06504876806721102
0.028623387622768212
0.02473957358496949
0.05448656139742103
0.10237519102589149
0.13037145991571975
0.11075992104806139
0.06330340023481897
0.027534801135735226
0.02295608270886711
0.05083854586389907
0.09748162198310216
0.12678800594466066
0.11001626299351269
0.06362714423585232
0.024525110201978336
0.006300298620988282
0.0010786805665334534
0.0001230852814356991
9.360540779923781e-06
4.744356381868412e-07
1.60263719355709e-08
3.6080677073531807e-10
2.2961584096527626e-11
2.628717327325068e-13
2.0057069414816474e-15
1.0199352822755305e-17
3.456680992352706e-20
7.807779426831103e-23
1.175377352351367e-25
1.1792575052879423e-28
7.885360042010308e-32
3.514114879428936e-35
1.0437390447207738e-38
2.0660910361504368e-42
0.0
0.0
0.0
0.0
0.0
0.0
0.0
0.0
0.0
0.0
0.0
0.0
0.0
0.0
0.0
0.0
0.0
0.0
0.0
0.0
0.0
0.0
0.0
0.0
0.0
0.0
0.0
0.0
0.0
0.0
0.0
0.0
0.0
0.0
0.0
2.1178997927932138e-36
1.668664340716695e-35
8.762219143543014e-35
3.06648457474244e-34
5.641909216125666e-34
1.0040500166163043e-33
1.1908749222665313e-33
9.413659821188572e-34
4.959437240902418e-34
1.7904700854051174e-34
8.57271773377279e-35
2.808759164001755e-34
1.1173603888385383e-33
1.583591884724042e-05
0.00014543308402881742
0.0008901530992630802
0.0036311797761564048
0.009872163554243328
0.017887863857208072
0.021601612343437833
0.017385828989741895
0.009325801926886394
0.0033502474377308765
0.0009425316036255956
0.001023836448246617
0.0036378682526072444
0.009754251913441281
0.01749187560197453
0.020907403303361466
0.016655067760241008
0.011423823558206534
0.004627648906149343
0.0013523591911945914
0.0008914984485411039
0.0029033092673925974
0.008272773325846297
0.01584961988978251
0.020243008126881405
0.017231209719971646
0.009775480592058504
0.0036960855754686506
0.000931381197398181
0.0001564207855927627
1.7508260810198565e-05
1.3060899879387699e-06
6.493588164363545e-08
2.1516812265544913e-09
4.7517399856952166e-11
6.993731478935608e-13
6.860358128453929e-15
4.485038440084714e-17
1.954191409556839e-19
5.878356824784269e-05
0.0005256492595952995
0.003132692139773812
0.012442880377525932
0.02490905539307359
0.050311011318130525
0.06772521374597346
0.06076021047878408
0.03633036014504664
0.014519552530915802
0.004239849269895532
0.0031621350110093904
0.010482592581791779
0.02908904672975249
0.0542455392441556
0.06757935442860462
0.056417249940453475
0.03192868273128651
0.012919885793955442
0.005133883358874096
0.0060071049454123015
0.016083556399046513
0.0369752054852814
0.05912801712133609
0.06358444043623547
0.045665764468318853
0.021868981042055268
0.006980727785633276
0.0014851399128408334
0.00042245584620886266
4.5704019664540105e-05
3.2954090422642504e-06
1.5836014279875038e-07
5.0718220490615125e-09
1.0825891818541803e-10
1.5400857689553806e-12
1.4601843221784307e-14
9.226819032115557e-17
3.8857769931491957e-19
1.0906497159470661e-21
2.040207110305553e-24
2.543576308322945e-27
2.113473631371633e-30
1.170389574372363e-33
4.319620598402625e-37
1.0625327147890059e-40
0.0
0.0
0.0
0.0
0.0
0.0
0.0
0.0
0.0
0.0
0.0
0.0
0.0
0.0
0.0
0.0
0.0
0.0
4.343718281753543e-35
3.4336864035042597e-34
1.809010780911463e-33
6.351893817883784e-33
1.4864381811115205e-32
2.3183127466110403e-32
2.4097874713103454e-32
1.6694253708748618e-32
7.707913367160488e-33
2.5982495912862632e-33
1.964379378557262e-33
6.496837837597913e-33
1.8652310670883095e-32
3.603582693121277e-32
4.6414129800504376e-32
3.9932455314669786e-32
2.3640657636179973e-32
1.557355878109215e-32
1.8299281034631478e-32
4.802046207200724e-32
1.0257816871123872e-31
1.49663418127047e-31
1.4864980176928328e-31
1.0236338481681297e-31
5.313492724477907e-32
3.2777218462291375e-32
4.2674268119869767e-32
6.21698677856844e-32
6.543329324404039e-32
4.6938330618658804e-32
2.6237447836807447e-32
2.50574321942887e-32
5.128854419402816e-32
9.121582748046042e-32
1.1076716336814464e-31
8.981523464511856e-32
4.8543724597643707e-32
1.748648492801244e-32
4.198110398790138e-33
6.717176634523905e-34
7.163103600744004e-35
5.0909313957756705e-36
2.4114308075511283e-37
2.5197688649450573e-38
6.069331321559064e-40
9.743220582765534e-42
1.0424272890816917e-43
7.433109955907397e-46
3.532457054769959e-48
1.118831724563756e-50
2.3617515124852936e-53
3.3226544681745373e-56
3.1154279107176226e-59
1.9468468139811703e-62
8.108255089561446e-66
2.250632438634885e-69
0.0
0.0
0.0
0.0
0.0
0.0
0.0
0.0
0.0
0.0
0.0
0.0
0.0
0.0
0.0
0.0
0.0
0.0
0.0
0.0
0.0
0.0
0.0
0.0
0.0
0.0
0.0
0.0
0.0
0.0
5.678356143026289e-05
0.00040388909080473455
0.001914622534895432
0.006049030269419067
0.01273708061211463
0.017874569273811015
0.016717942278746897
0.010421053025100692
0.0060859930050263175
0.002068395160239574
0.0012581488860060209
0.003404437124550908
0.008772599025758492
0.015304982787173316
0.0178059919287629
0.013806700575187408
0.007148129198986204
0.002577294812213909
0.0012947221147099027
0.003054638698468
0.008046142453597784
0.014504767932346244
0.017444376787593953
0.013982932488182744
0.0074700453017506096
0.0026596824160648436
0.0006311286241773505
9.981309476468792e-05
1.0520556506169056e-05
7.390459705401925e-07
3.460076826084409e-08
1.0796464928257108e-09
2.2452203145683475e-11
3.1118445639182315e-13
1.4331491088609562e-14
1.0100732998724549e-16
4.744560103440234e-19
1.4853218238256888e-21
3.0990367043855287e-24
4.3093763701890896e-27
3.9937757910639876e-30
2.4668030825649665e-33
1.0154693813507731e-36
2.785997559995721e-40
0.0
0.00028485751741360313
0.0019356605922810598
0.009040220507235162
0.02833275200564845
0.06204166521371856
0.0991830461718546
0.12484277155779266
0.134776366849307
0.13115280763221387
0.11257888523569744
0.07903213519569825
0.041801276438575244
0.01571022109227733
0.0040585875178787536
0.0013252993668867088
0.00017747193447080172
1.5899356161827412e-05
6.34196260108452e-05
0.0005642576839627368
0.003396376628831255
0.013625884224359472
0.03643302412480666
0.06492430315586332
0.07718094685347884
0.06167246762741368
0.035929137496684006
0.025885548906395085
0.04061183183601452
0.06678893803547555
0.07906032455946771
0.06702541594770331
0.0468786870860418
0.03902753865295291
0.05008163437008355
0.06979481710404051
0.07560266523128409
0.05687724025139247
0.028836425637148708
0.009773349376708665
0.0022094787306570444
0.0006545610593421721
7.526991288025426e-05
5.7688065188045795e-06
2.9466960126167507e-07
1.0031529298254908e-08
2.276044524560988e-10
3.4417235091917913e-12
3.468588424088916e-14
2.3297596315455746e-16
1.0429200360100142e-18
3.1115189813968358e-21
6.1869334807858115e-24
8.198983018922084e-27
7.241458987598425e-30
4.262591474608051e-33
1.6722565157918666e-36
4.372337018079907e-40
0.0
0.0
0.0
0.0
2.683474002264597e-06
1.8127953636328976e-05
8.161720526477163e-05
0.00024490418445515964
0.0004897700677889427
0.0006205219129454619
0.000631038326470376
0.0004276967004869444
0.0001949253581713741
7.07883853027981e-05
7.310013568276548e-05
0.0002007537305954327
0.0004306142530430253
0.0006200247782394864
0.0005951688522115253
0.0003807660429508825
0.0001652569298530349
6.525018245204253e-05
9.256402525359544e-05
0.00024611312346168966
0.0004773691937417922
0.0006196421805937443
0.0005361501002487367
0.0003091837751217968
0.00011883071000350256
3.0438429639649523e-05
5.196337398816902e-06
5.912266331239892e-07
4.483242031723155e-08
2.265749689378051e-09
7.631558210154186e-11
6.353040286234418e-12
1.0881417699934265e-13
1.2421410149611126e-15
9.45013191683818e-18
4.7916643416604064e-20
1.6192594975768778e-22
3.6469353650938267e-25
5.474207153596367e-28
5.476409782165946e-31
3.6513393324889588e-34
1.6225197857429121e-37
4.805176624833323e-41
9.484408655546954e-45
0.0
0.0
0.0
0.0
0.0
0.0
0.0
0.0
0.0
0.0
0.0
0.0
0.0
0.0
0.0
0.0
0.0
0.0
0.0
0.0
0.0
0.0
0.0
0.0
0.0
0.0
0.0
0.0
0.0
0.0
0.0
0.0
0.0
0.0
0.0
0.0
0.0
0.0
0.0
0.0
0.0
0.0
0.0
0.0
0.0
0.0
0.0
0.0
0.0
0.0
0.0
0.0
0.0
0.0
0.0
0.0
0.0
0.0
0.0
0.0
2.6990372229235946e-35
2.2665901885641918e-34
1.2685824039119302e-33
4.732012792081811e-33
9.08444196157794e-33
1.7231697490783973e-32
2.1930139434542702e-32
1.9552685629700245e-32
1.6862450811769245e-32
2.775645975729781e-32
5.902657296077457e-32
9.417927082366278e-32
1.0162414309649953e-31
7.400767563808194e-32
3.99022771202164e-32
2.6829984021202346e-32
3.556527543391702e-32
4.722357855732735e-32
4.4180199472298627e-32
2.77075349360297e-32
1.1830830554693896e-32
4.808275942217477e-33
7.432275697599492e-33
1.9787057917211467e-32
3.7912868205628445e-32
4.8581395992618944e-32
4.1495330498856845e-32
2.3634313323584552e-32
9.148725299318e-33
4.405204408421006e-33
3.881612490769736e-33
1.0460236761026983e-32
2.341571451425972e-32
3.683213720183563e-32
4.2126656759044694e-32
3.908925384211981e-32
3.56368246079562e-32
3.6787708047028034e-32
4.3298938216680727e-32
5.50345357128882e-32
6.3831506093096e-32
5.65712946092241e-32
3.5015318846544176e-32
1.4656933351303988e-32
4.107104979108653e-33
7.68053107046276e-34
9.576425622965908e-35
7.958844027758999e-36
4.4085322495975506e-37
1.6275127593404196e-38
4.004403008138704e-40
6.566487790496022e-42
7.17645859069436e-44
5.227196343828084e-46
2.537517252380241e-48
5.806797210498619e-50
1.4334397206894292e-52
2.358325562216115e-55
2.5858875220289518e-58
1.889718221978008e-61
9.20377555643012e-65
2.987559312433591e-68
6.463214970807108e-72
0.0
0.0
0.0
0.0
0.0
0.0
0.0
0.0
0.0
0.0
0.0
1.513272824526643e-35
1.2898870214987096e-34
7.3276996694570194e-34
2.7743752246302316e-33
7.000745373588924e-33
1.177348174615282e-32
1.3196145509438395e-32
1.1365173667804414e-32
6.477700102819706e-33
2.4606347166165667e-33
6.229526027684916e-34
1.0511009061785363e-34
1.1819942517349454e-35
8.858656595942731e-37
4.4248842756130323e-38
1.4730500921557784e-39
3.2682454282570265e-41
4.832739181325163e-43
4.762704101664953e-45
3.128206338821435e-47
1.3693634480872762e-49
3.9950628769377656e-52
7.768014987081545e-55
1.0066489360816727e-57
8.694158855155685e-61
5.004476469435689e-64
1.9198676034107203e-67
4.9086883183186934e-71
0.0
0.0
0.0
0.0
0.0
2.9530345049915467e-36
2.6958581500860505e-35
1.6402388734252273e-34
6.651180166346365e-34
1.7975123047868614e-33
3.2376252624397904e-33
3.897038845143951e-33
3.187117972408315e-33
2.0410243742251628e-33
1.848813169734854e-33
2.9047519117042303e-33
1.7053613103430927e-05
0.0001298469794415598
0.0006589141666284089
0.002228473052367834
0.005023049717739909
0.007550136977596662
0.0075942152408978916
0.00528169736132719
0.003223683667846081
0.003348373889015944
0.0050708887471968556
0.006354620009136239
0.006346648894862163
0.006199249899034633
0.006363421017107091
0.006122195557989535
0.0044602936956199945
0.002242883769422442
0.0007582104852876243
0.0001711820588904273
3.6992335851070764e-05
9.368614772540226e-05
0.0004930734210886799
0.0017773897455832376
0.004293993944906274
0.007002177508343564
0.00806708985287025
0.007618354927277427
0.007585075710788956
0.008002360186210632
0.00700173182557153
0.004598797043016297
0.0030288867831314266
0.003707928583632848
0.005973372455509941
0.008372247321265009
0.01012138196662787
0.01051612278098794
0.00875231829020562
0.006234362830437182
0.005945131430777948
0.009636271977843138
0.01677731130531217
0.02188329344700597
0.022255553176256736
0.021735446767569187
0.022404354417037375
0.020149665067719973
0.013234963618036003
0.005939006048678577
0.001789018842781674
0.0003651980269536565
9.714209123381851e-05
0.0002536891079233181
0.0010173011834467417
0.0030005127507832206
0.0061066713446352875
0.008583197119237954
0.008934605370404133
0.008447072979139054
0.008810230936469165
0.008854109068560817
0.007150984637136203
0.005753607731609386
0.008128759062076418
0.014245338551889369
0.01789545859562198
0.018310252313165902
0.012533829522711547
0.005720690051125292
0.0017402724116498244
0.0003528338582501687
4.767658416153899e-05
4.293600136400425e-06
2.5770308190225647e-07
1.0308587874176746e-08
2.7482756540050574e-10
4.883182460883363e-12
5.782653390925018e-14
4.563866367378444e-16
2.4006023425828754e-18
8.415677410590742e-21
1.966253379920424e-23
3.0617620289247803e-26
3.1774958981022835e-29
2.2018965118980385e-32
2.4274399402664323e-34
8.714937986489651e-34
2.1760720088299795e-33
3.621306824429968e-33
4.06094632082978e-33
3.5961552933220065e-33
2.7289946268663397e-33
3.327116724460028e-33
5.901696591491212e-33
8.637839548511507e-33
9.490299922287369e-33
9.128188749264372e-33
9.166097521710995e-33
8.720758490372625e-33
6.389096738805174e-33
3.253513818447014e-33
1.1162271185058758e-33
2.5592202275563024e-34
4.837835252162846e-35
7.278274453202362e-35
3.4140528601029305e-34
1.1274189337505443e-33
2.532223909689281e-33
3.955092812735957e-33
4.871862589704427e-33
5.991878225823696e-33
2.3864123817941498e-06
1.9077179119063854e-05
0.0001056530483929709
0.00039007864348839254
0.001002317391787885
0.0015588676200469485
0.002378838249548476
0.0028957417810340697
0.0029889734165274824
0.002648937149972105
0.0019248460906273422
0.0010701884396319484
0.00042968564124142445
0.0001200424367455193
2.2852462418876025e-05
2.93200550815168e-06
2.5211302428854777e-07
1.4487880499951784e-08
5.556324667211574e-10
1.4211627542278861e-11
2.423402099041e-13
2.754606822217916e-15
2.0869414139903647e-17
1.0538035711327352e-19
3.546493008346049e-22
7.954708671365584e-25
1.1891401911044316e-27
1.1847436777186584e-30
7.866794218900401e-34
3.4813923819834953e-37
1.0268091130643325e-40
3.631465221611193e-43
0.0
0.0
0.0
0.0
0.0
0.0
0.0
0.0
0.0
0.0
0.0
0.0
0.0
4.697739255730669e-05
0.00029843570379759057
0.0012635551407086474
0.003565489540793554
0.006705415326931922
0.008426054214612238
0.007171124680326559
0.004609110890885549
0.0036334720977760733
0.004930322876838227
0.006662987178366757
0.007140325735676522
0.007054514182030284
0.0070938261588990754
0.006882691394511881
0.005261442277393901
0.0028228638696168695
0.0010234555703337329
0.00024818398119597665
6.21339711859401e-05
0.00016439626852475587
0.0007769488537006902
0.0025178114257583045
0.005470279359193686
0.008122537689652397
0.008841062719585091
0.008492556518252396
0.00869881855325209
0.008546483473276498
0.006607858571949793
0.004217259366064289
0.0036707927426718853
0.005006943005995194
0.006013867070937468
0.0050253855753450835
0.0028141737249950194
0.001051019038593093
0.00043508564066837305
8.263759901670672e-05
1.0460761765939637e-05
3.0186016790780906e-05
0.00019544015606909524
0.0008683008983357523
0.0025716785227597105
0.005076279988152334
0.006678147609840114
0.0058552845930657975
0.0034561606252919257
0.001555262299824175
0.0013008855746324001
0.0027889154481687307
0.0052045232745888395
0.0065979571087576615
0.0055866529936169605
0.003195647777174879
0.0014751809598960901
0.0014636815764838033
0.0031527822015151425
0.005503001802921159
0.006490947867352961
0.005107159465866533
0.002678281487367011
0.000948184782330426
0.00042178528318968745
0.0003815307884560441
0.0013083369176904028
0.0035719508705009373
0.006536176058204032
0.008013623909048723
0.006745752207713919
0.004646443692045538
0.004512076210412828
0.006484970592829624
0.00792422383242891
0.006845703890739529
0.00466469866863471
0.00420552770831214
0.006021891664634706
0.007713776954388024
0.006895042096709261
0.004131803213837817
0.0016513558688215696
0.0004399086044747094
7.810352465352589e-05
9.241893443276332e-06
7.288411805899843e-07
3.8307728988566284e-08
1.3419040356669296e-09
3.132838880502089e-11
2.0425999682638848e-12
2.4249484023092094e-14
2.317087007047425e-06
1.5849679137946652e-05
7.225703817269762e-05
0.0002195439051774068
0.00044457410459041835
0.000619893387974221
0.0006828875172645803
0.001010487537127889
0.002335211992480122
0.004793467940877852
0.00708479370684375
0.007865132587807981
0.007782286858197992
0.007826440228910816
0.007093259221504879
0.004838355109410969
0.002281346092022009
0.0007240455183097715
0.00015410828096922794
2.6594698456368798e-05
3.051235477119429e-05
0.00011085916749462379
0.00028895013162667994
0.00043960361160031493
0.0006085625620580635
0.0006385388656404939
0.0006216627603615557
0.0006457438799641766
0.0006580578505753882
0.0008052512367303643
0.0016750296624605942
0.0036760540146498536
0.00586652046202315
0.006314940047972922
0.004537514768799491
0.0021733827500370726
0.0006938207384376507
0.00014761869201655606
2.0932310429033948e-05
1.9782198405248974e-06
1.245986942773981e-07
5.23038885315042e-09
1.4633088945574107e-10
2.7284725905510963e-12
3.390663775462178e-14
2.808221795821252e-16
4.137271506494461e-05
0.0003037693082048565
0.001486467130336465
0.0034197717138550066
0.008509638561127148
0.01411258792994122
0.015598532986665537
0.011490591851643542
0.005641344088063787
0.0018458836764837538
0.00040253867881373355
5.850492845841618e-05
5.6670733857021935e-06
3.658531247675594e-07
1.574114244812841e-08
1.136878438043451e-05
0.00010408914908910223
0.0006351782327039713
0.00258325535849124
0.007001976027310592
0.01264897832372451
0.015229015381652717
0.012219959048445164
0.006535054651612961
0.0023292185780611698
0.0005532899926011223
8.759451918853011e-05
9.24235400864721e-06
6.49934833157834e-07
8.838165909478101e-08
1.3182323555582676e-07
5.223535728361154e-05
0.0003620328515290262
0.0016737073517584524
0.0051625749518799955
0.010624128468137702
0.014589822431486805
0.013380502360201647
0.00821362012151542
0.0033958028773627916
0.0009616232817307057
0.00019449322916934052
3.0530937606385036e-05
4.09366503309871e-06
4.7390204593493684e-07
4.335564074622036e-08
2.864471097729733e-09
1.302025470646846e-10
3.990967272612399e-12
8.187970976330673e-14
1.1213419460861012e-15
1.0240875588952399e-17
6.234711587727487e-20
2.529977568424212e-22
5.1376074514077955e-24
1.0601945126505946e-26
1.458130864684697e-29
1.3471574480884885e-32
3.6404517007136455e-34
7.967815524700375e-34
1.1889207259644523e-33
1.1823604253345196e-33
7.883183482310835e-34
3.900834192887137e-34
3.7789675245022954e-34
1.1759586798071883e-33
3.229514939119502e-33
6.0037889472845645e-33
7.64072364883733e-33
7.394473231522292e-33
8.651041124987511e-33
1.6259726963860675e-32
2.9609429922674946e-32
4.1486119280304014e-32
4.830820981241957e-32
5.421124848508995e-32
5.788168656006899e-32
5.048319061288173e-32
3.2286893658926137e-32
1.4738821273906044e-32
7.840145455893742e-33
5.6251720935353534e-33
1.1269510778793658e-32
2.046882494485477e-32
2.5798721117020236e-32
2.2892878840834407e-32
1.5867063443336984e-32
1.1930198966368047e-32
3.9272340962957986e-07
3.7176214495347475e-06
2.3454441124397172e-05
9.862035486627505e-05
0.00027636916160158053
0.0005161716518152047
0.0006425105540360704
0.0005330254317232326
0.0002947115411249445
0.00010859951971112137
2.6671056157626227e-05
4.365500791386954e-06
4.7622202447845603e-07
3.462313832042911e-08
1.6776637969310958e-09
4.185471116683062e-07
3.89707219409286e-06
2.4186334901564412e-05
6.519667021767772e-05
0.00020575942445724438
0.00043278839361154465
0.0006066986417820568
0.0005668289042696711
0.00044309309156597424
0.0007637942802026632
0.0028580531410326063
0.00857804888073856
0.017376195135979076
0.02347665247980556
0.02114070377776319
0.012687775488092053
0.0050781459295862206
0.001373299291530735
0.00032767502486882335
0.0002773842283743358
0.00047523406775681643
0.0005991059180202973
0.0005055579965741208
0.0002843796974348355
0.00010661320709332504
2.663821450264251e-05
4.435890014093416e-06
4.923092271381882e-07
3.6414699464190856e-08
5.1215736966690504e-09
1.9263924214697788e-10
4.829116069165194e-12
8.068114909268077e-14
8.983758199125697e-16
6.6669251863519064e-18
3.2974229576230985e-20
1.08693927366664e-22
2.38790724453811e-25
3.496319990520846e-28
3.411822600458189e-31
2.2189282445015875e-34
9.617930246402555e-38
2.778443283915749e-41
5.3493744263089225e-45
3.9667464198376215e-61
1.9928016718734217e-64
6.67229543231717e-68
1.488908483112979e-71
0.0
0.0
0.0
0.0
0.0
1.0694515635497763e-35
4.5115195976044496e-35
2.787511906723107e-34
1.1478685637995125e-33
3.1502798944001e-33
5.7621912538601564e-33
7.024375905915586e-33
5.7070196568220235e-33
3.090242353106663e-33
1.1152115550509383e-33
2.682276403452364e-34
4.2996325857584556e-35
4.5934681603433094e-36
3.2706315616064637e-37
1.5520441976708501e-38
1.1147047588708236e-35
9.501141042664822e-35
5.397495058670201e-34
2.0435738509359538e-33
5.1566774687729374e-33
8.672237214075934e-33
9.720170366537576e-33
7.261028699069199e-33
3.6149640098549324e-33
1.1994754142549115e-33
2.652529799173776e-34
3.9094056898157734e-35
8.706532928944227e-36
6.525267143890635e-37
3.259364222009826e-38
2.1437135996721634e-35
1.7712769475962323e-34
2.887931100088938e-07
2.671048423694845e-06
1.6464867626164937e-05
6.764197406849708e-05
0.00018520634108181122
0.00034193587736208096
0.0004464207962367843
0.0005435368605708801
0.0010135165205487316
0.0022904585681696346
0.004046179216454021
0.005213859459742022
0.005446923502971181
0.005434724636615568
0.00516157835818157
0.00394617604512937
0.0021497638785313135
0.0007962350496539806
0.00019806225539507088
3.626608182834663e-05
2.3910754841640287e-05
5.279845084811384e-05
0.0001540137227831921
0.00030629005702920105
0.00042431854013762194
0.00045188608187146585
0.00044695682452998756
0.000461830954889468
0.0004870627170314531
0.0007133038089047
0.001570950789577583
0.0030896462872498157
0.004265128832913252
0.003953769952663201
0.0024453100867655848
0.0010080982722582624
0.00027698895381732437
5.0722991000219955e-05
6.190546456940568e-06
5.035408315208664e-07
2.7297441885736087e-08
9.862584930599555e-10
2.3748769393550407e-11
3.811298929573877e-13
4.07649077229839e-15
2.905905336087648e-17
8.591038298936857e-19
3.1141765801778493e-21
7.52354220676997e-24
1.211387358516375e-26
1.29994584733791e-29
9.297132767732464e-33
4.4315367284731455e-36
1.4078008445311449e-39
7.2944628561100454e-37
6.902002307895244e-36
4.352498286609359e-35
1.829294656046922e-34
5.124013563794119e-34
9.56573672887983e-34
1.190167605637533e-33
9.869141480772373e-34
5.454213986335184e-34
2.008937930419659e-34
8.57880203066115e-35
3.0367480313545947e-34
4.566539138521324e-06
4.109755297473226e-05
0.000246505317349886
0.0009854127290226703
0.00262537649233699
0.004661724079745679
0.005456122006033241
0.0049334176685391536
0.003022296415336907
0.0015103133761340834
0.0015120935114357557
0.0030154569002871583
0.004892403539652685
0.005377172712953312
0.003968587694610934
0.0020927838735613803
0.001352372546157114
0.002254067257482951
0.00414595055897794
0.005360104850930838
0.004637446163699696
0.002674842285904454
0.0010282739761039417
0.0002634521738201439
4.498589139995094e-05
5.119557519595698e-06
3.883023970773502e-07
1.9628597273190126e-08
6.612870313112506e-10
1.4848148250350206e-11
2.2219594688536605e-13
2.2160600184115015e-15
8.195572609459069e-17
4.1564950571109193e-19
1.4049367817173054e-21
3.1649572267805637e-24
4.751825192599283e-27
4.754825843336442e-30
3.1709567716951255e-33
1.4093782878931752e-36
4.174902909539175e-40
8.242268000525391e-44
6.812987196057891e-63
3.361525411875973e-66
1.1053931598575479e-69
2.4225831665956358e-73
0.0
0.0
0.0
0.0
0.0
0.0
0.0
0.0
0.0
0.0
0.0
0.0
0.0
0.0
7.850945737508602e-35
5.643611561392704e-34
2.7037952543683506e-33
8.633204662385657e-33
1.8371804696058573e-32
2.631848847847908e-32
2.6350585252039385e-32
2.3046121242568206e-32
2.847226282801895e-32
4.450113603673321e-32
5.565864505039554e-32
4.8042453015843586e-32
2.8627487617960973e-32
1.3719045875951491e-32
8.480246586263774e-33
7.455757090679849e-33
5.688006188181344e-33
1.716023143834933e-05
0.00011840009137637004
0.0005444556167519533
0.0016686085921541443
0.0034082231094052845
0.00464426669808115
0.004565466231883694
0.0032309331612654446
0.0017226271691802688
0.0010436105566272666
0.0010067032683204235
0.0010667530621796713
0.0010682011649935407
0.0010492557143245028
0.0009004129448862323
0.0005785390698430097
0.0002626241610046908
0.00011433512810447658
0.00019530625079238942
0.0005888416726294905
0.0014564006744717836
0.0028698980579792994
0.004477958261056298
0.005460680811926649
0.005500751441357996
0.005342964061572644
0.005259073357545465
0.004438294110223917
0.0028178442887945537
0.0014694469513100246
0.0009754080457978705
0.0009250274765567134
0.0008729409038197953
0.0007336481756648178
0.0007478226836682222
0.0009426772188209071
0.0010031960189426268
0.0007485085121000298
0.00037561949152594093
0.0001258254640221648
2.8098889225163e-05
4.182267087512529e-06
4.1487708643221914e-07
2.742895680054654e-08
1.2085949753721579e-09
5.4533471223045435e-06
3.464083114791678e-05
0.00014665531999754936
0.00041379848561108064
0.0007781467720436003
0.0009752493997989869
0.00081461314045526
0.000453491007075254
0.00016825481262382888
4.160522351613533e-05
6.856615118337972e-06
7.531010143602116e-07
5.512876219231589e-08
7.700089515821343e-09
2.866311348198277e-10
7.111029829510149e-12
1.1757721957507124e-13
1.2956730323449715e-15
9.515885363078445e-18
4.657839629113287e-20
1.519502468036882e-22
3.30369416478527e-25
4.787180589136266e-28
4.623185652889762e-31
2.9756675208985965e-34
1.276465331397934e-37
3.6493472594940593e-41
6.953491160469331e-45
0.0
0.0
0.0
0.0
0.0
0.0
0.0
0.0
0.0
0.0
0.0
0.0
0.0
0.0
0.0
0.0
0.0
0.0
0.0
0.0
0.0
0.0
0.0
0.0
0.0
0.0
0.0
0.0
0.0
0.0
0.0
0.0
0.0
0.0
0.0
0.0
0.0
0.0
0.0
0.0
0.0
0.0
0.0
0.0
0.0
0.0
0.0
0.0
0.0
0.0
0.0
0.0
0.0
0.0
0.0
0.0
0.0
0.0
0.0
0.0
0.0
0.0
0.0
0.0
0.0
0.0
0.0
0.0
0.0
0.0
0.0
0.0
0.0
0.0
0.0
0.0
0.0
0.0
0.0
0.0
0.0
0.0
0.0
0.0
0.0
0.0
0.0
0.0
0.0
0.0
0.0
0.0
0.0
0.0
0.0
0.0
0.0
0.0
0.0
0.0
0.0
0.0
0.0
0.0
0.0
0.0
0.0
0.0
0.0
0.0
0.0
0.0
0.0
0.0
0.0
0.0
0.0
0.0
0.0
0.0
0.0
0.0
0.0
0.0
0.0
0.0
0.0
0.0
0.0
0.0
0.0
0.0
0.0
0.0
0.0
0.0
0.0
0.0
0.0
0.0
0.0
0.0
0.0
0.0
0.0
0.0
0.0
0.0
0.0
0.0
0.0
0.0
0.0
0.0
0.0
0.0
0.0
0.0
0.0
0.0
0.0
0.0
0.0
0.0
0.0
0.0
0.0
0.0
0.0
0.0
0.0
0.0
0.0
0.0
0.0
0.0
0.0
0.0
0.0
0.0
0.0
0.0
0.0
0.0
0.0
0.0
0.0
0.0
0.0
0.0
0.0
0.0
0.0
0.0
0.0
0.0
0.0
0.0
0.0
0.0
0.0
0.0
0.0
0.0
0.0
0.0
0.0
0.0
0.0
0.0
0.0
0.0
0.0
0.0
0.0
0.0
0.0
0.0
0.0
0.0
0.0
0.0
0.0
0.0
0.0
0.0
0.0
0.0
0.0
0.0
0.0
0.0
0.0
0.0
0.0
0.0
0.0
0.0
0.0
0.0
0.0
0.0
0.0
0.0
0.0
0.0
0.0
0.0
0.0
0.0
0.0
0.0
0.0
0.0
0.0
0.0
0.0
0.0
0.0
0.0
0.0
0.0
0.0
0.0
0.0
0.0
0.0
0.0
0.0
0.0
0.0
0.0
0.0
0.0
0.0
0.0
0.0
0.0
0.0
0.0
0.0
0.0
0.0
0.0
0.0
0.0
0.0
0.0
0.0
0.0
0.0
0.0
0.0
0.0
0.0
0.0
0.0
0.0
0.0
0.0
0.0
0.0
0.0
0.0
0.0
0.0
0.0
0.0
0.0
0.0
0.0
0.0
0.0
0.0
0.0
0.0
0.0
0.0
0.0
0.0
0.0
0.0
0.0
0.0
0.0
0.0
0.0
0.0
0.0
0.0
0.0
