a = 4.749665496097099 b = 4.695210240090903 c = 15.565256006932383 ,Gaussian ,LMH = 0.08 ,DW = [0.8 0.8 0.8 0.8]
0.0
0.0
0.0
0.0
0.0
0.0
0.0
0.0
0.0
0.0
0.0
0.0
0.0
0.0
0.0
0.0
0.0
0.0
0.0
0.0
0.0
0.0
0.0
0.0
0.0
0.0
0.0
0.0
0.0
0.0
0.0
0.0
0.0
0.0
0.0
0.0
0.0
0.0
0.0
0.0
0.0
0.0
0.0
0.0
0.0
0.0
0.0
0.0
0.0
0.0
0.0
2.673937377655011e-34
2.1090062036591165e-33
1.1086284784555853e-32
3.8839689746766575e-32
9.068741480723445e-32
1.4112366275363649e-31
1.4636397840900147e-31
1.011696203087199e-31
4.6606617245780187e-32
1.4309570320641556e-32
2.92810841071854e-33
3.993275366454641e-34
3.629551093110226e-35
2.198660214378942e-36
2.7068391349735207e-37
8.338160115989996e-39
1.7118257796895216e-40
2.3422348717795476e-42
2.1359096155456046e-44
1.2981259968056912e-46
5.258142746707722e-49
1.4194805460761895e-51
2.5539245683268803e-54
3.0624445592187373e-57
2.4474281597391697e-60
1.3035665815255393e-63
4.627410546860446e-67
1.0947737967835464e-70
0.0
0.0
0.0
0.0
0.0
0.0
0.0
0.0
0.0
0.0
0.0
0.0
0.0
0.0
0.0
0.0
0.0
0.0
0.0
0.0
0.0
0.0
0.0
0.0
0.0
0.0
0.0
0.0
0.0
0.0
0.0
0.0
0.0
0.0
0.0
0.0
0.0
0.0
0.0
0.0
0.0
0.0
0.0
0.0
0.0
0.0
0.0
0.0
0.0
0.0
0.0
0.0
0.0
0.0
0.0
0.0
0.0
0.0
0.0
0.0
0.0
0.0
0.0
0.0
0.0
0.0
0.0
0.0
0.0
0.0
0.0
0.0
0.0
0.0
0.0
0.0
0.0
0.0
0.0
0.0
0.0
0.0
0.0
0.0
0.0
0.0
0.0
0.0
0.0
0.0
0.0
0.0
0.0
0.0
0.0
0.0
0.0
0.0
0.0
0.0
0.0
0.0
0.0
0.0
0.0
0.0
0.0
0.0
0.0
0.0
0.0
0.0
0.0
0.0
0.0
0.0
0.0
0.0
0.0
0.0
0.0
0.0
0.0
0.0
0.0
0.0
0.0
0.0
0.0
0.0
0.0
0.0
0.0
0.0
0.0
0.0
0.0
0.0
0.0
0.0
0.0
0.0
0.0
0.0
0.0
0.0
0.0
0.0
0.0
0.0
0.0
0.0
0.0
0.0
0.0
0.0
0.0
0.0
0.0
0.0
0.0
0.0
0.0
0.0
1.1889470592861848e-33
9.594912747515327e-33
3.0812544585410655e-32
1.2644703729040278e-31
3.458368758687006e-31
6.303989610858327e-31
7.658456084881807e-31
6.200811255158774e-31
3.346087905397484e-31
1.2033936856086449e-31
2.88442770769808e-32
4.607794874035173e-33
4.905781080941084e-34
3.481005736501087e-35
1.6462010035572626e-36
5.188508510495031e-38
1.089892723102387e-39
1.5258313039359283e-41
1.423674926914101e-43
8.853127128042364e-46
3.669138562151544e-48
1.0134750773697055e-50
1.865707605626958e-53
2.289051895677425e-56
1.8717560424743555e-59
1.0200568979175253e-62
3.7049393112944635e-66
8.968490408409443e-70
0.0
0.0
0.0
0.0
0.0
0.0
0.0
0.0
0.0
0.0
0.0
0.0
0.0
0.0
0.0
0.0
0.0
0.0
0.0
0.0
0.0
0.0
0.0
0.0
0.0
0.0
0.0
0.0
0.0
0.0
0.0
0.0
0.0
0.0
0.0
0.0
0.0
0.0
0.0
0.0
0.0
0.0
0.0
0.0
0.0
0.0
0.0
0.0
0.0
0.0
0.0
0.0
0.0
0.0
0.0
0.0
0.0
0.0
0.0
0.0
0.0
0.0
0.0
0.0
0.0
0.0
0.0
0.0
0.0
0.0
0.0
0.0
0.0
0.0
0.0
0.0
0.0
0.0
0.0
0.0
0.0
0.0
0.0
0.0
0.0
0.0
0.0
0.0
0.0
0.0
0.0
0.0
0.0
0.0
0.0
0.0
0.0
0.0
0.0
0.0
0.0
0.0
0.0
0.0
0.0
0.0
0.0
0.0
0.0
0.0
0.0
0.0
0.0
0.0
0.0
0.0
0.0
0.0
0.0
0.0
0.0
0.0
0.0
0.0
0.0
0.0
0.0
0.0
0.0
0.0
0.0
0.0
0.0
0.0
0.0
0.0
0.0
0.0
0.0
0.0
0.0
0.0
0.0
0.0
0.0
0.0
0.0
0.0
0.0
0.0
0.0
0.0
0.0
0.0
0.0
0.0
0.0
0.0
0.0
0.0
0.0
0.0
0.0
0.0
0.0
6.898167652939755e-07
6.373551042285666e-06
3.924738624019554e-05
0.00016107255905708405
0.00044056899062494174
0.0008031336857285522
0.0009757606626227457
0.0007900968272161829
0.000426382015413033
0.000153355369428553
3.676043510659874e-05
5.872781567929199e-06
6.253002481488502e-07
4.4372602596822963e-08
2.098566576463925e-09
2.1905954335391994e-10
5.268325597239412e-12
8.444318113408743e-14
9.020655798213823e-16
6.4223384108506386e-18
3.047402422774387e-20
9.637135807555889e-23
2.0311766624948267e-25
2.8531786464394326e-28
2.6711100432865596e-31
1.666618290353587e-34
6.930459904559935e-38
1.9207441321594175e-41
0.0
0.0
0.0
0.0
0.0
0.0
0.0
0.0
0.0
0.0
0.0
0.0
0.0
0.0
0.0
0.0
0.0
0.0
0.0
0.0
0.0
0.0
0.0
0.0
0.0
0.0
0.0
0.0
0.0
0.0
0.0
0.0
0.0
0.0
0.0
0.0
0.0
0.0
0.0
0.0
0.0
0.0
0.0
0.0
0.0
0.0
0.0
0.0
0.0
0.0
0.0
0.0
0.0
0.0
0.0
0.0
0.0
0.0
0.0
0.0
0.0
0.0
0.0
0.0
0.0
0.0
0.0
0.0
0.0
0.0
0.0
0.0
0.0
0.0
0.0
0.0
0.0
0.0
0.0
0.0
0.0
0.0
0.0
0.0
0.0
0.0
0.0
0.0
0.0
0.0
0.0
0.0
0.0
0.0
0.0
0.0
0.0
0.0
0.0
0.0
0.0
0.0
0.0
0.0
0.0
0.0
0.0
0.0
0.0
0.0
0.0
0.0
0.0
0.0
0.0
0.0
0.0
0.0
0.0
0.0
0.0
0.0
0.0
0.0
0.0
1.8357168364994699e-34
1.3760156669221457e-33
6.874207137917642e-33
2.2887765667628424e-32
5.087696322535443e-32
7.584956715803381e-32
7.813444079710307e-32
6.382332354835159e-32
5.884687017170634e-32
6.837911026023166e-32
7.158648954546709e-32
6.039377050043111e-32
5.282079288916059e-32
5.886758222717696e-32
6.218482954135881e-32
4.802497785661296e-32
3.264183412837911e-32
1.309345205483494e-32
3.50422658903414e-33
6.25171103651153e-34
7.433666520557572e-35
5.891036409170387e-36
3.1114470744518513e-37
1.0952538142726556e-38
2.569500440220284e-40
1.952694993478699e-05
0.00016988912975134926
0.0009850954628790646
0.003806909863566132
0.009819173479825267
0.016960545756373492
0.02004717351258359
0.017905396324177283
0.01621835315140513
0.01845147881110263
0.020330029467045183
0.01833702597803008
0.016399520382558496
0.01811253409431827
0.019444936838352012
0.015534767635985106
0.008468374204109085
0.004523702897978556
0.0012607288771344215
0.00023423971915704275
2.90072063965493e-05
2.394074336554475e-06
1.31689707250977e-07
4.827783208712673e-09
1.1795742140563025e-10
1.920809677756147e-12
2.0846106380958704e-14
1.507811712930426e-16
7.268600905338762e-19
2.33526453160249e-21
5.000378633954779e-24
7.135940936284191e-27
6.787051675998212e-30
4.302221482137298e-33
1.8175672936896743e-36
5.119272897582162e-40
9.913078749141727e-46
3.751508110985783e-48
9.46203982205953e-51
1.5905422190195549e-53
1.7819158034957114e-56
1.3304872155427005e-59
8.740318326711588e-62
3.3185881399285334e-65
8.397712679952693e-69
0.0
0.0
0.0
0.0
0.0
0.0
0.0
0.0
0.0
0.0
0.0
0.0
0.0
0.0
0.0
0.0
0.0
0.0
0.0
0.0
0.0
0.0
0.0
0.0
0.0
0.0
0.0
3.639385217987043e-05
0.00028425964835397134
0.0014797350138532157
0.005133744308186945
0.011927782515151239
0.018704367591138752
0.02075606094717313
0.0191336860734034
0.019293117410324658
0.021295755415180213
0.020935142388319537
0.01917035126776257
0.019797825396830056
0.02048302344599512
0.016465352584595274
0.009177301510892702
0.003440087119661049
0.0008611471461955494
0.00014373384775497427
1.599059388502868e-05
1.185662251474009e-06
5.8592359789865904e-08
6.297895671031076e-09
1.5826269976669912e-10
2.650594316002954e-12
2.9586221942069963e-14
2.200986147542018e-16
1.0912560292298881e-18
3.605932156604843e-21
7.941270600558123e-24
1.1655850987444713e-26
1.1401960351465389e-29
7.433555949225897e-33
3.2299459192593374e-36
9.35352766696864e-40
1.805249227415087e-43
0.0
0.0
0.0
0.0
0.0
0.0
0.0
0.0
0.0
0.0
0.0
0.0
0.0
0.0
0.0
0.0
0.0
0.0
0.0
0.0
0.0
0.0
0.0
0.0
0.0
0.0
0.0
0.0
0.0
0.0
0.0
0.0
0.0
0.0
0.0
0.0
0.0
0.0
0.0
0.0
0.0
0.0
0.0
0.0
0.0
0.0
0.0
0.0
0.0
0.0
0.0
0.0
0.0
0.0
0.0
0.0
0.0
0.0
0.0
0.0
0.0
0.0
0.0
0.0
0.0
0.0
0.0
0.0
0.0
0.0
0.0
0.0
1.0217669013447187e-33
7.740935995795233e-33
3.908558992005884e-32
1.3198567366437553e-31
2.9903276923705387e-31
4.647835189884997e-31
5.330237242085457e-31
5.386115902506419e-31
5.667670948202141e-31
5.764091795445459e-31
5.117536019534165e-31
4.3497109217416236e-31
3.805384388673023e-31
2.9245456241544377e-31
1.6614924041758395e-31
6.483482580832696e-32
1.6997921995668948e-32
5.564847237914578e-33
7.4377969037967865e-34
6.626937367395645e-35
3.9353899846023796e-36
1.5575810328078164e-37
4.1086271444755653e-39
7.223119323189579e-41
8.463198099967348e-43
6.608848568658919e-45
3.439526426850471e-47
1.1930346312787603e-49
2.7579665789626186e-52
4.2491933779836425e-55
4.363204224836724e-58
2.985974774188743e-61
1.3619095835551738e-64
4.139920160008363e-68
6.763622913382314e-34
4.505049468810504e-33
1.9998678093689418e-32
5.916768314351847e-32
1.1666736408586908e-31
1.533189216429154e-31
1.3428381604832546e-31
7.838503219382347e-32
4.3699216012342627e-32
1.297136537072203e-32
2.5661337442133815e-33
3.383408460075566e-34
2.973110990907068e-35
1.7412028209244673e-36
6.796246932020855e-38
1.7679520663742493e-39
3.0651615586855026e-41
3.5417491855960295e-43
2.7274938709470003e-45
1.39988162237258e-47
4.788509894820727e-50
1.0916690917379765e-52
1.6586822139831073e-55
1.6796427098833842e-58
1.1335800108011916e-61
5.098811974177612e-65
1.528506757906881e-68
3.053847019212753e-72
0.0
0.0
0.0
0.0
0.0
0.0
0.0
0.0
0.0
0.0
0.0
0.0
0.0
0.0
0.0
0.0
0.0
0.0
0.0
0.0
0.0
0.0
0.0
0.0
0.0
0.0
0.0
0.0
0.0
0.0
0.0
0.0
0.0
0.0
0.0
0.0
0.0
0.0
0.0
0.0
0.0
0.0
0.0
0.0
0.0
0.0
0.0
0.0
0.0
0.0
0.0
0.0
0.0
0.0
0.0
0.0
0.0
0.0
0.0
0.0
0.0
0.0
0.0
0.0
0.0
0.0
0.0
0.0
0.0
0.0
0.0
0.0
0.0010207848388298242
0.008449526781045212
0.04661354264498814
0.17240496970576052
0.4283949456316247
0.732280105049232
0.9180126704410999
0.9674145203743867
0.9905335833986811
1.0
0.9784769079122182
0.9585651856231588
0.8711615274770683
0.636490776520333
0.33341461027664776
0.11923779815407473
0.02863309198562809
0.004592940310819653
0.0004913526152745152
3.5040262401748215e-05
1.6655211187189225e-06
5.276217386324154e-08
1.113984728430039e-09
1.5675380342528486e-11
1.4700723536825178e-13
9.188422346013627e-16
3.827584233970139e-18
1.0626496880895084e-20
1.9662422831966625e-23
2.424741759391387e-26
1.9928540851567293e-29
1.0916088769354472e-32
3.985108630239669e-36
9.696049370926027e-40
0.0
0.0
0.0
0.0
0.0
0.0
0.0
0.0
0.0
0.0
0.0
0.0
0.0
0.0
0.0
0.0
0.0
0.0
0.0
0.0
0.0
0.0
0.0
0.0
0.0
0.0
0.0
0.0
0.0
0.0
0.0
0.0
0.0
0.0
0.0
0.0
0.0
0.0
0.0
0.0
0.0
0.0
0.0
0.0
0.0
0.0
0.0
0.0
0.0
0.0
0.0
0.0
0.0
0.0
0.0
0.0
0.0
0.0
0.0
0.0
0.0
0.0
0.0
0.0
0.0
0.000212046247823355
0.001600228316198171
0.008048498329578636
0.026979215285174222
0.060273348196094416
0.08974347231981865
0.08905575073237748
0.05889828066716736
0.025961203030255
0.0076265576616966905
0.0014931857989941204
0.00019484115341444642
1.6944512594166842e-05
9.82107478870323e-07
3.7937656831183765e-08
3.460288856863519e-09
6.797143206580141e-11
8.898607145466881e-13
7.764244377110921e-15
4.5150015796402417e-17
1.7498392957786087e-19
4.519807848199613e-22
7.780783421529428e-25
8.927055401341543e-28
6.826131986987911e-31
3.478745686715856e-34
1.1815503374768488e-37
2.6746276160291057e-41
0.0
0.0
0.0
0.0
0.0
0.0
0.0
0.0
0.0
0.0
0.0
0.0
0.0
0.0
0.0
0.0
0.0
0.0
0.0
0.0
0.0
0.0
0.0
0.0
0.0
0.0
3.302417447825646e-05
0.00029121260315173993
0.0017114724441085816
0.006774838185940317
0.01804750536935204
0.033254555954522855
0.04505716730887315
0.05017997929386832
0.05182652350337777
0.05191212857334651
0.05023381985792719
0.044933282903846176
0.03778222343987211
0.0229830021944029
0.0098499740562577
0.0028718657244880272
0.0005621144676446019
7.351248753483879e-05
6.412935478844711e-06
3.729618296989344e-07
1.445766960607064e-08
3.735331868211291e-10
6.432013601020101e-12
7.381558964119004e-14
5.645876975823473e-16
2.8780377957493912e-18
9.777846120613983e-21
2.2139687032953705e-23
3.3410372181165795e-26
3.360258597820266e-29
2.2524006170219383e-32
1.0062366296697743e-35
2.995961004832402e-39
5.945025723375294e-43
0.0
0.0
0.0
0.0
0.0
0.0
0.0
0.0
0.0
0.0
0.0
0.0
0.0
0.0
0.0
0.0
0.0
0.0
0.0
0.0
0.0
0.0
0.0
0.0
0.00034176290225148084
0.0022721651625472847
0.010067842729889488
0.02973134092645846
0.05851593102245339
0.07675652237532893
0.07341366915467798
0.04896893751080347
0.022167112328224655
0.00900548023354205
0.01221737200344791
0.031401341365471055
0.05942518457277077
0.07531627981199557
0.0636336013118503
0.03592927999258692
0.014255557120408376
0.007835685370195807
0.017053466465611983
0.040598533531149485
0.06640557456177694
0.07249167968105175
0.0527449439057169
0.02557739427134231
0.00826634193527504
0.001780541023504699
0.000255606651464882
2.4455349051105686e-05
1.5593985605585773e-06
6.627075834391881e-08
1.877017405326763e-09
1.3920881381149402e-10
2.0050059820496345e-12
1.924625168025373e-14
1.2312838889835295e-16
5.249909068762966e-19
1.491856029350844e-21
2.8254238128991326e-24
3.5663563185295674e-27
3.0090815235374787e-30
3.9129131343905e-33
3.7159651048404385e-34
4.111366205918773e-35
3.036785651537668e-36
1.494945352393127e-37
4.904763194031013e-39
1.0724876975069854e-40
1.5629610032229314e-42
1.5180480336601679e-44
9.826626134861554e-47
4.239404933386279e-49
1.2189528771393777e-51
2.3358797454033362e-54
2.983290829912494e-57
2.5393481851539027e-60
1.4405570504130013e-63
5.446534001635279e-67
2.2730775387326541e-69
0.0
0.0
1.209406609959182e-34
1.128843420055997e-33
7.022255420460352e-33
2.911394695198833e-32
8.044648980431398e-32
1.4814761341309256e-31
1.8182925884556775e-31
1.4873542734492138e-31
8.150253775298558e-32
3.238079125835543e-32
2.0771318957131312e-32
4.3612815902280873e-32
8.823948140605252e-32
1.2187785848713046e-31
1.1233538474366425e-31
6.919576090022153e-32
2.974539206676298e-32
1.5717469048336372e-32
3.008295594213035e-32
6.86369606008428e-32
1.089453402589046e-31
1.1550768385913327e-31
8.162890237446229e-32
5.169340916500427e-32
1.8576909099781582e-32
4.4493165285099685e-33
7.102229452208727e-34
7.555751103057566e-35
5.3572527402718575e-36
2.5315597162238936e-37
3.3026117675483387e-34
3.0698508183492034e-33
1.9018182195520062e-32
7.852398075312036e-32
2.1608128827933136e-31
3.9629040852482895e-31
4.843859192974019e-31
3.9459448142255815e-31
2.1423580337528183e-31
7.752015740981633e-32
1.8694712366530502e-32
3.004723249443664e-33
3.218634895361606e-34
2.2978437907637972e-35
1.0933289204195003e-36
3.4670708666556633e-38
7.327505439176341e-40
1.0321222214865194e-41
9.6891940907902e-44
3.4415931913291916e-45
5.833537786845726e-34
3.971098666283346e-33
1.815629031235709e-32
5.559201428065984e-32
1.157475506668397e-31
1.6878560232772699e-31
1.8361756480649126e-31
1.6509305448456507e-31
1.3578980781762833e-31
1.0665823104467407e-31
7.803234957753819e-32
4.8820861079183266e-32
2.3495556049940876e-32
8.061099475754898e-33
1.896018881809705e-33
3.005719591298674e-34
3.189580646996484e-35
2.2596052189321804e-36
1.0675659983899646e-37
3.362378632803668e-39
7.058648822909481e-41
9.876294260565004e-43
9.20988339694094e-45
0.00036242183805590986
0.0014403630719991534
0.00813785033299822
0.030642836669177338
0.0769006096120809
0.1286210785475693
0.14337586783702017
0.10668955581692752
0.05418952249781572
0.02553813898415927
0.034268252716710856
0.07648695183822901
0.12626948461942886
0.1398371273015849
0.10340497424864907
0.05212636230009472
0.024162536805233534
0.032128693627574145
0.07266192565194518
0.12178167261328013
0.1369194191750137
0.10263440250444313
0.05127572515977792
0.01707311447854424
0.003788744099226925
0.0005603499578246704
5.5233805014823714e-05
9.407399090418334e-06
4.71539162400278e-07
1.5752428430331127e-08
3.507186095710874e-10
5.2041721527505606e-12
5.146666727938896e-14
3.3922041927867855e-16
1.4901139310738876e-18
4.3625308536144496e-21
8.512146631023373e-24
1.1069327304759798e-26
9.593672972558053e-30
5.54153575235319e-33
2.1333244803058312e-36
5.473501515539974e-40
0.0
0.0
0.0
0.0
0.0
0.0
0.0
0.0
0.0
0.0
0.0
0.0
0.0
0.0
0.0
0.0
0.0
0.0
0.0
0.0
0.0
0.0
0.0
0.0
0.0
0.0
0.0
0.0
0.0
0.0
0.0
0.0
3.5952766549268093e-36
2.8326694065045063e-35
1.48744534747725e-34
5.205562813585438e-34
9.577518522347539e-34
1.7044421069415197e-33
2.021589888970104e-33
1.598031762773125e-33
8.418976664743468e-34
3.0057790580169045e-34
1.1469850567823773e-34
2.8863966639164444e-34
1.1313687857795008e-33
3.064274701591935e-33
7.196480132800593e-05
0.0005155855110558061
0.0024618570186882706
0.007834413611377638
0.01661620012409575
0.023487591256707494
0.022127217001125823
0.01389301989687268
0.005813639106754567
0.0016954879106255984
0.0008265848012319047
0.002517684540504696
0.00780980101707167
0.01637607642522164
0.02289411444646198
0.021331611017446947
0.016242683943729568
0.007695915576282334
0.0024807268812553135
0.0008936497673867244
0.001998970341583987
0.006483614561339197
0.01450760619014183
0.021656120202305045
0.021545616164551244
0.01428627681696258
0.006313362998462055
0.0018594478759286087
0.00036499658828872765
4.775019500424828e-05
4.163351150150708e-06
2.419315361826624e-07
9.369652240650673e-09
2.4184438540670455e-10
4.16035217005568e-12
4.7698610563760896e-14
3.6447094285493604e-16
1.8561011519376175e-18
6.2997297394011914e-21
1.425029138881902e-23
0.00019814036373899652
0.0014586205561712264
0.004405779647563171
0.01649281268295148
0.041147952405064955
0.06842003300228308
0.07582281046187073
0.056001289192270716
0.02756625187292951
0.009190498842340002
0.0031143944720979084
0.006151922127094763
0.020181757902506873
0.04616721164651749
0.07047885861452736
0.07171032939571903
0.04862801875037773
0.021977232092103432
0.006926574706720281
0.003389074509663724
0.009396886469629563
0.02751077846034866
0.05465199461990698
0.07239795487051692
0.06391976560836951
0.03761194636768564
0.014750202989779035
0.006309370221533401
0.0012704423485399119
0.0002362157740997777
0.0002699846413628965
0.0006478762851303405
0.0011644430288917727
0.0015881573919002958
0.0018020949691945455
0.001848045527335575
0.0017522883506655596
0.0014624370254053421
0.0009810526174468997
0.00048628117780722514
0.00016880714530327084
3.992818512304828e-05
6.3545573512510064e-06
6.767455840668125e-07
4.811550239964662e-08
2.2815811554776337e-09
7.212706015278734e-11
1.5198352306152447e-12
2.134514603957599e-14
1.9979878926378655e-16
1.2464421380173476e-18
5.182443989325367e-21
1.4360824062693292e-23
2.261397433145185e-25
3.186578393506209e-28
2.9926362788038245e-31
1.8731167301722249e-34
7.813710263360903e-38
2.1723576464174202e-41
5.819587264935768e-57
4.402669332668559e-60
2.21983911864972e-63
7.459478738770288e-67
1.670617431907377e-70
0.0
1.9798108243430443e-35
1.7785628745588446e-34
1.0648692818565448e-33
4.2491779961536934e-33
1.1300433313182894e-32
2.0029348255979675e-32
2.3660291290157653e-32
1.8627514259429642e-32
9.773976042237032e-33
3.561199652545224e-33
1.853380485623486e-33
5.320443767000468e-33
1.7044549222865871e-32
3.7203336228664313e-32
4.998985102941428e-32
5.552594995655589e-32
4.110481209458468e-32
2.0280138463675395e-32
6.748386278363562e-33
1.986639755644197e-33
2.516066254068499e-33
6.748616007437677e-33
1.3445744401205802e-32
1.9611393075629384e-32
2.7917905436666244e-32
5.307400149183767e-32
1.0358914908595277e-31
1.512746920559825e-31
1.5058355535897964e-31
1.0100224511943452e-31
4.9254455982643926e-32
3.1132970314052804e-32
4.743367638519306e-32
7.485621877191691e-32
8.255729821991727e-32
6.158681366397236e-32
3.4221758969823665e-32
2.785646763831241e-32
5.307842329075154e-32
9.619278966996433e-32
1.1674761631645026e-31
1.1170065701234208e-31
7.126294872669713e-32
3.0301932767777093e-32
8.587361189706083e-33
1.6219250419384493e-33
2.041659831957252e-34
1.7128429265107534e-35
9.577082769559774e-37
3.5688680499631696e-38
8.863582471558125e-40
1.4671335104559125e-41
1.6184956327897237e-43
1.1899671571444968e-45
5.830958715737187e-48
1.9042611454955241e-50
4.144714247330872e-53
6.012349661000214e-56
5.812666607082495e-59
3.7453132458079024e-62
1.6083569019672737e-65
4.603183161028831e-69
8.780426924087451e-73
0.0
0.0
0.0
0.0
0.0
0.0
0.0
0.0
0.0
0.0
0.0
0.0
0.0
0.0
0.0
0.0
0.0
0.0
0.0
0.0
0.0
0.0
0.0
0.0
0.0
1.406480430521786e-05
0.0001310809483683194
0.0008141923246650806
0.002195935013950088
0.006936006524970736
0.014600947879999375
0.02048491454336559
0.019154411382516515
0.011936720167917568
0.005000221314499169
0.001697977910484087
0.001916343144024862
0.0056924750440497
0.012846101735903032
0.01941937206961122
0.01956864186844083
0.013142277416602555
0.005918658834640546
0.00203897686848537
0.0018372115292720858
0.00524180381723359
0.012092018458197469
0.018743811442034512
0.019370208401065084
0.013341276374019074
0.006124099137682939
0.0018735642875855954
0.0003820115863793095
5.1911791761245154e-05
1.0951994112628178e-05
7.568072185459959e-07
3.485450169153739e-08
1.069828192960932e-09
2.1885211462143866e-11
2.9837951530590873e-13
2.711245281501919e-15
1.6419130794321662e-17
6.626940387070783e-20
1.7826148231101174e-22
3.195828837958726e-25
3.818484722426843e-28
3.0407460520462964e-31
1.613804023613101e-34
5.708249989199613e-38
1.345664276432424e-41
0.0
0.0
0.0
0.0
0.0
0.0
0.0
0.0
0.0
0.0
0.0
0.0
0.0
0.0
0.0
0.0
0.0
0.00010417429695090451
0.0008659123991002956
0.0049012982616057155
0.018577049737333946
0.04848344413501663
0.09004866307222684
0.12650628111628212
0.1461294059760401
0.1495311208276914
0.13863759715309407
0.11552794565087715
0.09375796154817923
0.08994827061193864
0.09474568896846097
0.08232623382750323
0.052359378432529066
0.031099151397209642
0.03730003326214948
0.05466862821361144
0.08133929300267997
0.08325043261709344
0.05806393517428532
0.0327481041286663
0.0314204044925567
0.05498256362306373
0.08075711999355045
0.0809841418406853
0.054244001571889196
0.024219772494689835
0.007207382055681381
0.0014294443607244453
0.000188946380099401
3.717541318828402e-05
0.00017200477935410424
0.0009495970665330238
0.003513658207691262
0.008665197276532026
0.014242265114758075
0.01560131573244241
0.01139003174360472
0.005542046828104823
0.0017972024249128513
0.0003884233673149233
5.594937637182938e-05
1.2271266209918716e-05
8.988388992425575e-07
4.387891588301573e-08
4.958875640232362e-07
4.633521660537163e-06
2.8937901121211142e-05
0.00012045013619821929
0.0003341404993821658
0.0006177780698561009
0.0007612326473225267
0.0006251494771768635
0.00034288381424138915
0.00013113084619524286
6.719780897888342e-05
0.00014820461812231302
0.0003718255681134191
0.0006412611252727488
0.0007380436000288341
0.0005661538175021279
0.00029079369599341353
0.00010914043789450625
7.713123431772747e-05
0.00019326438608246012
0.0004393314665090556
0.000676453015823758
0.0006946623684927745
0.0005643834045189965
0.000294731794500923
0.00010257968541593453
2.37945386521145e-05
3.6785339024489075e-06
3.790127198966429e-07
2.6026415331195578e-08
1.191122627166165e-09
3.633123339291301e-11
7.385592758072926e-13
1.0006267765343617e-14
9.03525537041787e-17
5.437387589466863e-19
2.180829431340252e-21
5.8295449538718496e-24
1.0385541846365432e-26
1.2331196332311114e-29
9.758044923417119e-33
5.146381320127861e-36
1.8089337393951456e-39
4.237648245172943e-43
0.0
0.0
0.0
0.0
0.0
0.0
0.0
0.0
0.0
0.0
0.0
0.0
0.0
0.0
0.0
0.0
0.0
0.0
0.0
0.0
0.0
0.0
0.0
0.0
0.0
0.0
0.0
0.0
0.0
0.0
0.0
0.0
0.0
0.0
0.0
0.0
0.0
0.0
0.0
0.0
0.0
0.0
0.0
0.0
0.0
0.0
0.0
0.0
0.0
0.0
0.0
0.0
0.0
0.0
0.0
0.0
0.0
0.0
0.0
0.0
0.0
0.0
0.0
0.0
0.0
0.0
0.0
0.0
0.0
1.3591439127843034e-34
8.587882369816512e-34
3.6164984071563665e-33
1.0150139645804933e-32
1.8986167355154721e-32
2.3853829954281324e-32
2.1141234334767862e-32
1.8748857238992126e-32
3.1919178456794765e-32
6.700156868361955e-32
1.0425792127410809e-31
1.0962314055430913e-31
9.104274836535413e-32
5.23192712780399e-32
3.147051743072649e-32
3.773478455426288e-32
5.450762619759932e-32
6.242809022563175e-32
6.186741385831122e-32
6.452256093387678e-32
6.589623397640997e-32
5.277442772585844e-32
2.95344855094177e-32
1.124098942451465e-32
3.356337232629627e-33
2.3945412374326792e-33
4.545145498670025e-33
7.000380359638484e-33
7.262489889504599e-33
5.071480171540245e-33
2.7534481057635504e-33
3.3954679618392885e-33
1.1128519129016678e-32
2.9975218357929933e-32
5.445440782963321e-32
6.596984960685551e-32
5.326629909683591e-32
2.8701966274182884e-32
1.5301588542942114e-32
5.2257964574323195e-33
5.5101030189374436e-33
1.414623197527832e-32
2.832418329623949e-32
4.01281614760043e-32
4.3032935194344005e-32
3.9985448154915917e-32
3.6115153097388235e-32
3.0031606005278045e-32
1.9864094871415746e-32
9.464609701433173e-33
3.106192696545642e-33
6.89279321555337e-34
1.026074937036139e-34
1.0210764398279315e-35
6.7816481148293556e-37
3.003894386673222e-38
8.870606296656918e-40
1.746098620117121e-41
2.2908504807456183e-43
2.0031845428133396e-45
1.1674376549200783e-47
4.534519682191908e-50
1.173848378671104e-52
2.025233074373236e-55
2.3253308501233228e-57
2.0400970113399606e-60
1.1928848864438512e-63
4.648660284507467e-67
1.207365370194047e-70
0.0
0.0
0.0
0.0
0.0
0.0
0.0
0.0
0.0
0.0
0.0
0.0
0.0
0.0
0.0
0.0
0.0
0.0
0.0
0.0
1.4359195764325155e-35
6.646466862657729e-35
4.490273906846e-34
2.0329685010802238e-33
6.17898011302192e-33
1.263455527937473e-32
1.7424635747290224e-32
1.6266044760614922e-32
1.0372603997404711e-32
4.850271191567133e-33
2.683138193084957e-33
3.296098536566041e-33
1.0285419743302543e-05
8.897388747724611e-05
0.0005129613706033035
0.001971007623412434
0.005047467080637742
0.008614701515721612
0.009824577568943558
0.007605710196629911
0.00457389432012358
0.0038073461167511423
0.005572734885939793
0.007590628436251882
0.008011776116700514
0.007699216789784149
0.007815975852647233
0.007889758176114297
0.006368148553686778
0.0036137915719756516
0.0013853125997350159
0.00035508223388227113
6.739952072368311e-05
6.860902784229257e-05
0.00037945174757040033
0.00155123602179916
0.004246180966077712
0.007808886389383348
0.009937948367426787
0.009735380613899327
0.009341196924770251
0.009914551760069642
0.00940233630272362
0.0067150180368751675
0.004104924620184053
0.003945318511176324
0.0058659510683659955
0.0076795010097146475
0.00854778001399533
0.00982799903390083
0.011449303133877839
0.010924292587851082
0.009148307454458987
0.007218556630781891
0.010323788837858713
0.018715839767879095
0.026345418750284018
0.028042679401545395
0.027098922120015186
0.02782656214033827
0.026392479505818477
0.018860349558169176
0.009292725951167934
0.0030775824244483273
0.0006807035314904886
0.00012254470153651257
0.0001788049245970049
0.000859320178228862
0.0029088463634526014
0.006614336923334713
0.010193211397437592
0.011283623290233816
0.010662944950888405
0.010867980163388923
0.011275175728158011
0.009595609792656142
0.007325196603438326
0.00894330767031245
0.013188866918748317
0.021098395829836816
0.023710623038803776
0.01789349841425751
0.009034026041697864
0.0030625766233314125
0.0007045161520417184
0.0001149812642437943
2.4696025710894983e-05
3.4362271854058654e-05
6.256812450303294e-05
7.834331798830091e-05
6.545571871859327e-05
3.645001684562665e-05
1.352790594306247e-05
3.3461470849056736e-06
5.516213043133712e-07
6.060641327218878e-08
4.437901750127419e-09
2.1657999120044165e-10
7.0443435536385776e-12
1.5270184109488698e-13
2.2061222073085435e-15
2.124204906305937e-17
1.3631536068841476e-19
3.757317686036868e-21
1.2261084533368575e-23
2.6666221127802947e-26
3.8655983162017007e-29
4.0511769872790897e-32
4.957390252310081e-33
8.839911869171599e-33
1.2064433902968325e-32
1.2603765629345789e-32
1.2171527281699034e-32
1.2324696696773624e-32
1.1183885982077513e-32
7.539110986780593e-33
3.491051944367634e-33
1.0857251718084329e-33
2.254746828283241e-34
5.096864308781266e-35
1.3550083630043505e-34
5.937912087275396e-34
1.782453446540664e-33
3.619960634454458e-33
5.2305721221937074e-33
6.267738797524245e-33
7.863767913895776e-33
1.0153363057141637e-32
1.0786359289705403e-32
9.749117071478748e-33
8.71681215196705e-33
1.3453856326534788e-32
2.4969980397476244e-32
3.4775677405548947e-32
3.2781292240849e-32
2.0633302474654107e-32
8.65744906733199e-33
2.421052915506132e-33
4.512337245452979e-34
5.605063451865646e-35
4.640246843333684e-36
2.56025477693336e-37
9.414707565455799e-39
2.307342324512703e-40
3.768762575469676e-42
4.1026746019005044e-44
2.9765755855628135e-46
1.4392899930195504e-48
4.6383257367568716e-51
9.96221090337226e-54
1.426040194748346e-56
1.3604711925343885e-59
8.65024646647336e-63
3.6656345181744426e-66
1.0352646607473584e-69
2.7343926979205204e-06
2.2026074401043414e-05
0.0001229991955289037
0.0004576932964772877
0.0011852855134687715
0.0022017358941619812
0.0031089291572682838
0.00357557979168174
0.003516220040058154
0.0029321103664262244
0.001956843668469134
0.0009773983160686925
0.00034739854581627804
8.520357858683672e-05
1.4177813913990289e-05
1.5865160093833874e-06
1.188533790565493e-07
5.94744856640128e-09
9.689024144647105e-06
8.577605967321235e-05
0.0005061072399515906
0.001990217673193128
0.005216030895912876
0.009110900003277878
0.010646852870314524
0.00951578483399632
0.006273816634993774
0.004592752635214098
0.0059048691242110565
0.00820157814448806
0.009087745314027531
0.008922054414702764
0.009029356298960779
0.008486266250844546
0.00609290787690291
0.0030361261001862734
0.0010192001580119588
0.00022865267474533519
7.752162615480909e-05
0.00029358338344001166
0.0012959304193512974
0.0038693220912623585
0.007758562445700645
0.010721582472827144
0.011163819255201449
0.010780219199457866
0.01115115208834568
0.010534850505335147
0.007698888534426581
0.004970632255423666
0.004909262524217718
0.006126586382274273
0.0076158096320414126
0.006665463547206578
0.0039156832399226136
0.001534443794671278
0.000400796370318308
6.977246429580408e-05
8.09518224454009e-06
6.259661350891826e-07
3.2259423804515265e-08
1.1080106207225431e-09
2.5363710580329952e-11
3.869574413385698e-13
3.934550870339538e-15
2.6662979264870144e-17
1.2042141702110032e-19
3.6247690410601588e-22
7.271742550334909e-25
9.72250550288573e-28
8.663960665885798e-31
7.609805354604044e-34
1.1923029717171627e-33
3.2188801207760196e-05
0.0002194790344846151
0.0009973849885575087
0.003020745673126608
0.005047185250717703
0.0077732593911490405
0.007978819186626454
0.005478204707766621
0.0026368171962358592
0.0014909955141579393
0.0025809021389633993
0.005366608426457066
0.007847416508499896
0.007673817735259145
0.005033119015976379
0.002384009712886436
0.00158928181465674
0.003036009569200311
0.00591295818912937
0.007954115356226431
0.007147721209889759
0.00428143127455115
0.001709212154826876
0.00045476263607816247
8.064085849323372e-05
9.530310693940319e-06
7.506552458441106e-07
7.085363452830663e-06
6.478167994151977e-05
0.0003969423679234727
0.001060924763991203
0.0033057623079674
0.006864994749214857
0.009528842775140739
0.008962109229808607
0.0063395150575881595
0.005258997343928377
0.007125027419525854
0.009421541251434478
0.008992085493203314
0.0063830196848606476
0.005072357504602672
0.006842560464782747
0.00954977218845833
0.009698124704227946
0.0068026343038991655
0.0036859934619156974
0.002960466008238691
0.005043776315186927
0.00818338244404205
0.009912733197536931
0.009988283192218544
0.009994653592361543
0.009620802359071147
0.007361769312338732
0.00509241287435161
0.002125063302877864
0.0005949292389208428
0.00011271076520211658
2.546235179501451e-05
6.043870444075525e-05
0.00020245655999630267
0.00046289765000977055
0.0007222063327066338
0.0008185440107651554
0.0007972474703850182
0.0008126443269316678
0.0008377732436256482
0.0009136604852311254
0.0016280225322782569
0.003744207090462688
0.006730195528747023
0.008252174394355122
0.006764257719791069
0.0036968017536155385
0.0013465922946495508
0.0003269117580999481
5.2894057397257586e-05
5.980467949002126e-05
0.0003976326981988957
0.0019437926887179368
0.0044718534604514075
0.011127596346666137
0.01845427159562721
0.020397361961226858
0.01502562845794251
0.007376882006172065
0.0024137627249773558
0.0005263781627524316
7.650374578824919e-05
7.410526823757613e-06
4.784064384071155e-07
2.0583844677704186e-08
1.4900161028386708e-05
0.00013642137719328777
0.0008324776409764155
0.0033856675436161696
0.009176933631017325
0.016578010853542102
0.019959460426323124
0.016015729377525975
0.008564976883526679
0.003052721720215588
0.0007251532311739146
0.000114803176403157
1.2113219040011446e-05
8.518179446933421e-07
1.158348181354073e-07
4.142179507621099e-09
6.728235155879395e-05
0.0004682273472942477
0.0021716736987138522
0.006712957804310797
0.013829765343228365
0.018988788329771154
0.017376457548650918
0.0105975819154442
0.0043075851279185335
0.0011669238165558607
0.000210684548974234
2.535154420414278e-05
2.033095118003599e-06
1.0866571079934791e-07
3.870872805962606e-09
9.189816190582373e-11
1.4540732908048496e-12
1.5333712548492596e-14
1.0776801563300404e-16
5.047937892303525e-19
1.575867387266457e-21
3.2787392599183946e-24
4.5464837420150815e-27
4.51255330001882e-29
3.181952992089868e-32
1.788431443004879e-35
2.3613771166417422e-35
1.2676296278471014e-34
4.536147312774778e-34
1.0818410843404535e-33
1.719575856697804e-33
1.8216324565272454e-33
1.2861206772981342e-33
6.051795354941537e-34
6.802440266264455e-08
6.155919633128232e-07
3.858875093005663e-06
1.60809899128997e-05
4.640001370556655e-05
9.50128125936202e-05
0.00014514916137408615
0.00017613223400595476
0.00017878593654318558
0.0001524938282954873
0.00010436389687691718
5.3827762698759216e-05
1.9887282749661725e-05
5.094863396318576e-06
8.883826391847565e-07
2.2275530397055221e-07
2.0052529439516294e-08
1.2074532499863354e-09
4.854710107332922e-11
1.3021262800720438e-12
2.3288264336377416e-14
2.7765886985648147e-16
2.206598122866877e-18
1.168812900253097e-20
4.1263198167567695e-23
9.708895296138605e-26
1.3830292981560507e-06
1.10593207180334e-05
5.893958495216737e-05
0.00020934724116307622
0.0004955745085382019
0.0007818658130307801
0.0008221234525285192
0.0005761338586538676
0.0002690861274630022
8.376079032891776e-05
1.7376878822256782e-05
2.4026157894832896e-06
2.2140041433465917e-07
1.3597343843718786e-08
5.565590880942143e-10
6.855323548624214e-07
6.155988948315415e-06
3.684533639408436e-05
0.0001469768196554624
0.0003907479550367426
0.0006923506912686525
0.0008175928685319646
0.0006434719312166339
0.0003375232298346394
0.000117993824312975
2.749137327030572e-05
4.268891729299325e-06
4.4178950397560115e-07
3.047173589415025e-08
1.4007497239710443e-09
1.2133483931738209e-06
9.817231587286826e-06
5.294066402668739e-05
0.0001902704385899375
0.00045575852669457013
0.0007275784611979133
0.0007741166590859521
0.0005489269349923223
0.0002594204554603988
8.171004349775541e-05
1.7152531046875088e-05
4.835754624363834e-06
5.162019116256202e-07
3.672455224079357e-08
1.7413054468625865e-09
5.502688843736459e-11
1.1589281217041775e-12
1.6267454284198583e-14
1.521823326842642e-16
9.48834411274157e-19
3.9427402372928104e-21
1.0919115288520786e-23
2.015386424091326e-26
2.4801705521639715e-29
5.234321411038709e-32
7.003728857578611e-32
1.024769708283427e-31
1.020109780239986e-31
7.761276115550564e-32
6.977601149153553e-32
9.594531222952521e-32
4.6658423351977335e-05
0.00037387435097240034
0.00199665409455163
0.007106594611673406
0.016857835033520018
0.02393294620521778
0.02886948271960035
0.023209371930950753
0.012435673819179276
0.004440754907924115
0.0010568803780080978
0.00016763952187136196
1.7721828943922204e-05
1.2485967935343098e-06
5.862966848067657e-08
1.834823145213349e-09
3.8269477205860474e-11
5.319764379810128e-13
4.92848924445192e-15
3.0431038763511264e-17
1.2522795530516504e-19
3.4345302836712214e-22
6.277908170097808e-25
7.647933722720855e-28
6.209894203902297e-31
6.320388629648885e-34
1.3904498127202357e-33
4.3518769923757275e-33
9.078566882337395e-33
1.2622330124842343e-32
1.1696160517035704e-32
8.873195225891352e-33
4.181060025101476e-33
1.3130289945036349e-33
2.7481711642482304e-34
3.8334940065103897e-35
3.563915078044672e-36
2.208215498068891e-37
9.118787776054445e-39
8.91407863552228e-35
6.064654901205964e-34
2.74991005913746e-33
8.310218401706287e-33
1.6737397633915692e-32
2.2466994463047013e-32
2.0099422105823162e-32
1.198405274030171e-32
4.7621755462892104e-33
1.2612135783292778e-33
2.226144868744959e-34
5.602734192676593e-07
4.839018557167529e-06
2.7854547288504498e-05
0.00010686031975935474
0.00027322370900662393
0.0004734613836527611
0.0005940888647329432
0.0006730827163832329
0.0011667086959605913
0.0026599736016588078
0.004934577357460831
0.006655743819142769
0.007107880903261788
0.007099414886862105
0.0068515602334600885
0.005460334985037862
0.0031402306661447053
0.001233025199933739
0.00032528073712248355
6.0701970534796397e-05
2.8236161768441516e-05
8.782874812225424e-05
0.00023780234197019843
0.0004376198862679291
0.0005683664964621883
0.0005868810747028122
0.0005834558083444558
0.0006056891233789897
0.0006610376981811062
0.0010905871022856115
0.0024413156400514492
0.00448181400534854
0.0054815264346422645
0.005317726769535926
0.0034428209359621672
0.0014858210354026468
0.0004273775305421352
8.192945121217767e-05
1.0467673888923066e-05
8.913369346942421e-07
5.0584233611183336e-08
1.9132423913452525e-09
4.822878971167318e-11
8.102597775211804e-13
9.07243249608609e-15
6.770250824605465e-17
3.3671876525639436e-19
1.1161213862368582e-21
2.465682130055111e-24
3.630314918202147e-27
3.562556131589878e-30
2.9903667228358448e-33
1.2379962859463836e-33
1.5436077920956825e-33
1.2837851051842004e-33
7.1158917712411255e-34
2.6287415144572897e-34
6.472141172811617e-35
2.0293123905137509e-35
2.5406894563225334e-36
2.119999759731967e-37
1.1789668295375642e-38
2.954624920632053e-36
2.7272977621844485e-35
1.6780627398857102e-34
6.8812217227877914e-34
1.8806347542885684e-33
3.425507413990485e-33
4.1584062432252666e-33
3.364422004411895e-33
1.8141599015410926e-33
6.519618905064328e-34
1.5615302633984394e-34
2.492643379870741e-35
2.651865176640434e-36
1.8802875915118056e-37
8.885434462044886e-39
6.28525883106038e-36
4.5569106871364613e-35
2.2020067189022007e-34
7.091667526215679e-34
2.9546533231913483e-05
0.0001986506417375808
0.0008901331221545521
0.0019310750283875056
0.004400142255519198
0.006682144071128903
0.006767878064066793
0.004606346594553275
0.0023254260390014846
0.0017477495435738284
0.0032409002379359337
0.005734593266779613
0.006990322522247648
0.005712406085601732
0.0032314121582034585
0.0017982117923420822
0.0024577201399417783
0.004735785042112661
0.006711495859479968
0.006389137087848535
0.004056054107281874
0.0017161928793665512
0.00048396220223909304
9.0957486219216e-05
1.1393233826503359e-05
9.511239567078086e-07
5.2918652758992694e-08
1.9622845552281485e-09
1.7416664394810807e-10
3.284133253440009e-12
4.127224617685049e-14
3.4568217714379595e-16
1.929645006618955e-18
7.17892472567094e-21
1.7800119887423097e-23
2.941494247290653e-26
3.2396241482507e-29
2.37795044481525e-32
1.163302122474603e-35
3.792833596166699e-39
8.241696282639858e-43
0.0
0.0
0.0
0.0
0.0
0.0
0.0
0.0
0.0
0.0
0.0
0.0
0.0
0.0
0.0
0.0
0.0
0.0
0.0
0.0
0.0
0.0
0.0
0.0
1.2064577838880896e-34
1.933741422729379e-05
0.00013748049170742886
0.0006514263194893738
0.0020571742241563785
0.004329705876219959
0.0060787244285022725
0.005713291637357073
0.0036945850577122987
0.0019386945522463896
0.001380385313381335
0.0015883650267528554
0.0020319148852303596
0.002537500005469017
0.0027366532570073
0.002468645881403898
0.001576824196112893
0.0006860217592576344
0.00020063679256501275
6.656372206389792e-05
0.00018577163661823498
0.0007975883918625256
0.002360174196617165
0.004712118004161796
0.006579522807558368
0.007139067785374081
0.007314802222887095
0.007690825545319053
0.0071346352195102445
0.005138051046940831
0.0029758731069546855
0.0017886227118125567
0.001371098731589907
0.0010301369492327123
0.0005790255126997727
0.000222825578937213
5.749894015722021e-05
1.0797412453063108e-05
9.455358178083032e-06
5.162643032960791e-05
0.0002128301835847966
0.0004372353870363767
0.0009181256099478534
0.0012849047063996505
0.0011984537870968544
0.0007449947505697515
0.00030865028427037703
8.522395764407051e-05
1.5683329367991386e-05
1.9235185393148996e-06
1.5723022573507982e-07
8.565589308272248e-09
3.10999725281023e-10
7.525655111105662e-12
1.21369668463181e-13
1.3045405045199054e-15
9.345155205306835e-18
4.4616656038737227e-20
1.4196754239436334e-22
3.0106665644929596e-25
4.25517869422269e-28
4.008247167339711e-31
2.5163597740539606e-34
1.0528645953959175e-37
2.9359851731053105e-41
0.0
0.0
0.0
0.0
0.0
0.0
0.0
0.0
0.0
0.0
0.0
0.0
0.0
0.0
0.0
0.0
0.0
0.0
0.0
0.0
0.0
0.0
0.0
0.0
0.0
0.0
0.0
0.0
0.0
0.0
0.0
0.0
0.0
0.0
0.0
0.0
0.0
0.0
0.0
0.0
0.0
0.0
0.0
0.0
0.0
0.0
0.0
0.0
0.0
0.0
0.0
0.0
0.0
0.0
0.0
0.0
0.0
0.0
0.0
0.0
0.0
0.0
0.0
0.0
0.0
0.0
0.0
0.0
0.0
0.0
0.0
0.0
0.0
0.0
0.0
0.0
0.0
0.0
0.0
0.0
0.0
0.0
0.0
0.0
0.0
0.0
0.0
0.0
0.0
0.0
0.0
0.0
0.0
0.0
0.0
0.0
0.0
0.0
0.0
0.0
0.0
0.0
0.0
0.0
0.0
0.0
0.0
0.0
0.0
0.0
0.0
0.0
0.0
0.0
0.0
0.0
0.0
0.0
0.0
0.0
0.0
0.0
0.0
0.0
0.0
0.0
0.0
0.0
0.0
0.0
0.0
0.0
0.0
0.0
0.0
0.0
0.0
0.0
0.0
0.0
0.0
0.0
0.0
0.0
0.0
0.0
0.0
0.0
0.0
0.0
0.0
0.0
0.0
0.0
0.0
0.0
0.0
0.0
0.0
0.0
0.0
0.0
0.0
0.0
0.0
0.0
0.0
0.0
0.0
0.0
0.0
0.0
0.0
0.0
0.0
0.0
0.0
0.0
0.0
0.0
0.0
0.0
0.0
0.0
0.0
0.0
0.0
0.0
0.0
0.0
0.0
0.0
0.0
0.0
0.0
0.0
0.0
0.0
0.0
0.0
0.0
0.0
0.0
0.0
0.0
0.0
0.0
0.0
0.0
0.0
0.0
0.0
0.0
0.0
0.0
0.0
0.0
0.0
0.0
0.0
0.0
0.0
0.0
0.0
0.0
0.0
0.0
0.0
0.0
0.0
0.0
0.0
0.0
0.0
0.0
0.0
0.0
0.0
0.0
0.0
0.0
0.0
0.0
0.0
0.0
0.0
0.0
0.0
0.0
0.0
0.0
0.0
0.0
0.0
0.0
0.0
0.0
0.0
0.0
0.0
0.0
0.0
0.0
0.0
0.0
0.0
0.0
0.0
0.0
0.0
0.0
0.0
0.0
0.0
0.0
0.0
0.0
0.0
0.0
0.0
0.0
0.0
0.0
0.0
0.0
0.0
0.0
0.0
0.0
0.0
0.0
0.0
0.0
0.0
0.0
0.0
0.0
0.0
0.0
0.0
0.0
0.0
0.0
0.0
0.0
0.0
0.0
0.0
0.0
0.0
0.0
0.0
0.0
0.0
0.0
0.0
0.0
0.0
0.0
0.0
0.0
0.0
