a = 4.749665496097099 b = 4.695210240090903 c = 16.139021666957092 ,Gaussian ,LMH = 0.08 ,DW = [1.6 1.6 1.6 1.6]
0.0
0.0
0.0
0.0
0.0
0.0
0.0
0.0
0.0
0.0
0.0
0.0
0.0
0.0
0.0
0.0
0.0
0.0
0.0
0.0
0.0
0.0
0.0
0.0
0.0
0.0
0.0
0.0
0.0
0.0
0.0
0.0
0.0
0.0
0.0
0.0
0.0
0.0
0.0
0.0
0.0
0.0
0.0
0.0
1.7303700889135902e-34
1.5206050756657708e-33
8.905850910100873e-33
3.4762896336092153e-32
9.043531057853569e-32
1.5679841332358285e-31
1.8118691942209539e-31
1.395383446817301e-31
7.16212407784862e-32
2.4500314685331647e-32
5.5857697882135684e-33
8.487425029247582e-34
8.595089784308397e-35
5.8010476454181344e-36
2.6094200520997417e-37
7.82281584128755e-39
1.5630172312819834e-40
2.081354102546432e-42
1.8471821751508385e-44
1.0925844947387611e-46
4.307069553257303e-49
8.578946903353019e-51
1.7197424532463394e-53
2.297599843074865e-56
2.0458176527212035e-59
1.2140623709386827e-62
4.80171770158317e-66
1.2657087928771774e-69
0.0
0.0
0.0
0.0
0.0
0.0
0.0
0.0
0.0
0.0
0.0
0.0
0.0
0.0
0.0
0.0
0.0
0.0
0.0
0.0
0.0
0.0
0.0
0.0
0.0
0.0
0.0
0.0
0.0
0.0
0.0
0.0
0.0
0.0
0.0
0.0
0.0
0.0
0.0
0.0
0.0
0.0
0.0
0.0
0.0
0.0
0.0
0.0
0.0
0.0
0.0
0.0
0.0
0.0
0.0
0.0
0.0
0.0
0.0
0.0
0.0
0.0
0.0
0.0
0.0
0.0
0.0
0.0
0.0
0.0
0.0
0.0
0.0
0.0
0.0
0.0
0.0
0.0
0.0
0.0
0.0
0.0
0.0
0.0
0.0
0.0
0.0
0.0
0.0
0.0
0.0
0.0
0.0
0.0
0.0
0.0
0.0
0.0
0.0
0.0
0.0
0.0
0.0
0.0
0.0
0.0
0.0
0.0
0.0
0.0
0.0
0.0
0.0
0.0
0.0
0.0
0.0
0.0
0.0
0.0
0.0
0.0
0.0
0.0
0.0
0.0
0.0
0.0
0.0
0.0
0.0
0.0
0.0
0.0
0.0
0.0
0.0
0.0
0.0
0.0
0.0
0.0
0.0
0.0
0.0
0.0
0.0
0.0
0.0
0.0
0.0
0.0
0.0
0.0
0.0
0.0
0.0
0.0
3.9399942914189424e-33
2.579686362161667e-32
1.1256924960205335e-31
3.273815364392279e-31
6.345562737571089e-31
8.197239991518352e-31
7.057432063917953e-31
4.049555081118779e-31
1.548636400120947e-31
3.947054868579331e-32
6.70468552266558e-33
7.590409551204917e-34
5.727084022312356e-35
2.879940054763719e-36
9.651946138534903e-38
8.008233191947256e-39
1.3648054020097068e-40
1.5501948969101756e-42
1.1735008842734745e-44
5.920550470548409e-47
1.9907755687250215e-49
4.4613270872062585e-52
6.663269458803947e-55
6.632728728460626e-58
4.400263083380656e-61
1.945568824233953e-64
5.733186932499233e-68
1.1259708681644663e-71
0.0
0.0
0.0
0.0
0.0
0.0
0.0
0.0
0.0
0.0
0.0
0.0
0.0
0.0
0.0
0.0
0.0
0.0
0.0
0.0
0.0
0.0
0.0
0.0
0.0
0.0
0.0
0.0
0.0
0.0
0.0
0.0
0.0
0.0
0.0
0.0
0.0
0.0
0.0
0.0
0.0
0.0
0.0
0.0
0.0
0.0
0.0
0.0
0.0
0.0
0.0
0.0
0.0
0.0
0.0
0.0
0.0
0.0
0.0
0.0
0.0
0.0
0.0
0.0
0.0
0.0
0.0
0.0
0.0
0.0
0.0
0.0
0.0
0.0
0.0
0.0
0.0
0.0
0.0
0.0
0.0
0.0
0.0
0.0
0.0
0.0
0.0
0.0
0.0
0.0
0.0
0.0
0.0
0.0
0.0
0.0
0.0
0.0
0.0
0.0
0.0
0.0
0.0
0.0
0.0
0.0
0.0
0.0
0.0
0.0
0.0
0.0
0.0
0.0
0.0
0.0
0.0
0.0
0.0
0.0
0.0
0.0
0.0
0.0
0.0
0.0
0.0
0.0
0.0
0.0
0.0
0.0
0.0
0.0
0.0
0.0
0.0
0.0
0.0
0.0
0.0
0.0
0.0
0.0
0.0
0.0
0.0
0.0
0.0
0.0
0.0
0.0
0.0
0.0
0.0
0.0
0.0
0.0
4.278744352536033e-06
2.9416416681186013e-05
0.0001347859880438527
0.00041160559796166304
0.0008377208929104364
0.001136315601246506
0.0010272594381349317
0.0006189318885845888
0.00024853475336349937
0.00010797357908044933
2.204775350688649e-05
3.00049384630629e-06
2.721464566395894e-07
1.6451070976435943e-08
6.627766753844596e-10
1.779597571888992e-11
3.184622366990218e-13
3.798180726909357e-15
3.019081650429786e-17
1.5993946525439242e-19
5.647002355728736e-22
1.3288068136430801e-24
2.083949890694839e-27
2.1781824062690326e-30
1.5173395144183369e-33
7.0445432208892535e-37
2.17973880795953e-40
4.495082045464212e-44
0.0
0.0
0.0
0.0
0.0
0.0
0.0
0.0
0.0
0.0
0.0
0.0
0.0
0.0
0.0
0.0
0.0
0.0
0.0
0.0
0.0
0.0
0.0
0.0
0.0
0.0
0.0
0.0
0.0
0.0
0.0
0.0
0.0
0.0
0.0
0.0
0.0
0.0
0.0
0.0
0.0
0.0
0.0
0.0
0.0
0.0
0.0
0.0
0.0
0.0
0.0
0.0
0.0
0.0
0.0
0.0
0.0
0.0
0.0
0.0
0.0
0.0
0.0
0.0
0.0
0.0
0.0
0.0
0.0
0.0
0.0
0.0
0.0
0.0
0.0
0.0
0.0
0.0
0.0
0.0
0.0
0.0
0.0
0.0
0.0
0.0
0.0
0.0
0.0
0.0
0.0
0.0
0.0
0.0
0.0
0.0
0.0
0.0
0.0
0.0
0.0
0.0
0.0
0.0
0.0
0.0
0.0
0.0
0.0
0.0
0.0
0.0
0.0
0.0
0.0
0.0
0.0
0.0
0.0
0.0
0.0
0.0
0.0
0.0
0.0
0.0
0.0
0.0
0.0
0.0
0.0
0.0
0.0
0.0
0.0
0.0
0.0
0.0
0.0
0.0
0.0
0.0
0.0
0.0
0.0
2.949612512596738e-34
2.2109690056677096e-33
1.104541124482384e-32
3.6775846174268246e-32
8.169145203133898e-32
1.213975014907591e-31
1.2289482019402483e-31
9.272966905954245e-32
7.027368264457276e-32
6.968480818362411e-32
6.957659025505216e-32
5.832240351710279e-32
5.134318112773163e-32
5.762022145591025e-32
6.579180090572482e-32
8.599841210453605e-32
1.573750498011452e-31
5.305397931293372e-31
1.4285529143088278e-30
2.6152614332350207e-30
3.1971906578841815e-30
2.60547297355022e-30
1.4151231526166825e-30
5.122526739130779e-31
0.00010053415247344505
0.0006524674072785232
0.0028221856000009643
0.008135680204698932
0.01570499668286347
0.02052338268391965
0.019405379781374486
0.016798738660096915
0.018132322716211454
0.020847908331749643
0.019811521181189628
0.0171195969358299
0.017888393106687904
0.020131330481812135
0.017822911819212684
0.010915734747307303
0.004488697839863895
0.0012319403897652853
0.0004153476310084957
5.798581267407565e-05
5.395366128323588e-06
3.3458240888982857e-07
1.3828246568483225e-08
3.8090153943753965e-10
6.992619541779604e-12
8.555563546904988e-14
6.976520774344703e-16
3.7914969455725635e-18
1.3732957540942225e-20
3.315118006629903e-23
5.333538761006331e-26
5.718912700545433e-29
4.0868907341279946e-32
1.946498774020997e-35
6.178695468585826e-39
1.307136658968911e-42
0.0
0.0
0.0
0.0
0.0
0.0
0.0
0.0
0.0
0.0
0.0
0.0
0.0
0.0
0.0
0.0
0.0
0.0
0.0
0.0
0.0
0.0
0.0
0.0
0.0
0.0
0.0
0.0
0.0
0.0
1.7501530430387453e-05
0.00015604797687195876
0.0009273033009252011
0.0024282782020865782
0.007337779970006911
0.014891670658700522
0.020554569170122598
0.02077329201102162
0.019104635541458175
0.02029851844471017
0.02200272892498257
0.020685164549279888
0.01933197995812977
0.02063298432795278
0.020342226321073815
0.014838494668538899
0.007398135974130581
0.0024721767602252846
0.0005512553342822028
8.194530920409602e-05
8.118995305748707e-06
5.36126837361303e-07
2.3594759435954315e-08
6.92062583130353e-10
1.3528722545483857e-11
1.7625837886206874e-13
1.53046817618129e-15
8.856872329476773e-18
3.416001192788057e-20
6.7056975280443285e-22
1.3151768917661037e-24
1.719118948719956e-27
1.4976462150214271e-30
8.695490549025223e-34
3.3648095637932844e-37
8.677776095922822e-41
0.0
0.0
0.0
0.0
0.0
0.0
0.0
0.0
0.0
0.0
0.0
0.0
0.0
0.0
0.0
0.0
0.0
0.0
0.0
0.0
0.0
0.0
0.0
0.0
0.0
0.0
0.0
0.0
0.0
0.0
0.0
0.0
0.0
0.0
0.0
0.0
0.0
0.0
0.0
0.0
0.0
0.0
0.0
0.0
0.0
0.0
0.0
0.0
0.0
0.0
0.0
0.0
0.0
0.0
0.0
0.0
0.0
0.0
0.0
0.0
0.0
0.0
0.0
0.0
0.0
0.0
1.247041920400023e-33
9.091840944441045e-33
4.41778070597115e-32
1.4359040701050477e-31
2.522677115340837e-31
4.2692172446587744e-31
5.192249685641874e-31
5.293518821469722e-31
5.545294068503613e-31
5.860091703247093e-31
5.446010529346201e-31
4.6831180238255495e-31
4.207306001534574e-31
3.5591000438662577e-31
2.4682307679961504e-31
1.6660940671673937e-31
1.621077994691457e-31
1.7974977580978341e-31
1.528659443573582e-31
8.874647826832929e-32
3.446586561566734e-32
8.92597402511139e-33
1.5407820089655974e-33
1.7726135057753942e-34
1.359156071344206e-35
6.945544305164431e-37
2.365510123178664e-38
5.369389227762072e-40
8.122814063268809e-42
8.189731905949784e-44
3.050792434505727e-45
1.5641500547229315e-47
5.344729323647168e-50
1.2171793218813664e-52
1.847417119327887e-55
1.868774545553991e-58
1.2598835468191431e-61
5.660899529127318e-65
1.6952042706220444e-68
3.383297413872711e-72
0.0
0.0
0.0
0.0
0.0
0.0
0.0
0.0
0.0
0.0
0.0
0.0
0.0
0.0
0.0
0.0
0.0
0.0
0.0
0.0
0.0
0.0
0.0
0.0
0.0
0.0
0.0
0.0
0.0
0.0
0.0
0.0
0.0
0.0
0.0
0.0
0.0
0.0
0.0
0.0
0.0
0.0
0.0
0.0
0.0
0.0
0.0
0.0
0.0
0.0
0.0
0.0
0.0
0.0
0.0
0.0
0.0
0.0
0.0
0.0
0.0
0.0
0.0
0.0
0.0
0.0
0.0
0.0
0.0
0.0
0.0
0.0
0.0
0.0
0.0
0.0
0.0
0.0
0.0
0.0
0.0
0.0
0.0
0.0
0.0
0.0
0.0
0.002873435758708641
0.019755052070918065
0.09051830513020104
0.27898697509747034
0.5805625302982146
0.7737085503586187
0.9348360047996878
0.9693256806824398
0.9926392629523704
1.0
0.9759505885398218
0.9425637415030137
0.8122290303974933
0.5343377866519808
0.24572269765356253
0.07644123665504982
0.015919758089506755
0.0022126067332308807
0.0002050332948198932
1.2664165958684623e-05
5.213450591932539e-07
1.430407855233618e-08
2.615636330411917e-10
3.1876950517716813e-12
2.5891537309723305e-14
1.4015883801588442e-16
5.056670989461519e-19
1.2158792794792398e-21
1.9484881397535075e-24
2.0810696915493e-27
1.481347777146639e-30
9.426232789144223e-33
3.412016691632205e-36
8.231247899829697e-40
0.0
0.0
0.0
0.0
0.0
0.0
0.0
0.0
0.0
0.0
0.0
0.0
0.0
0.0
0.0
0.0
0.0
0.0
0.0
0.0
0.0
0.0
0.0
0.0
0.0
0.0
0.0
0.0
0.0
0.0
0.0
0.0
0.0
0.0
0.0
0.0
0.0
0.0
0.0
0.0
0.0
0.0
0.00017034346832983525
0.0013619326179123863
0.007257170141799741
0.025772736711034132
0.06100077003975004
0.09622582555534341
0.10407906725231
0.083487662193427
0.04463368633730767
0.01590320884349775
0.0037764897953308295
0.0005976864593893042
6.304346380866044e-05
4.4318827740212074e-06
2.076433421818066e-07
6.483795442383542e-09
1.3493423377212577e-10
1.87152890007497e-12
1.7300253890034075e-14
1.0658349659336862e-16
4.376319278573917e-19
1.1975939192641053e-21
2.184196534928208e-24
2.6549441741376805e-27
2.1508029401623674e-30
1.1612544670396893e-33
4.178647357837724e-37
1.0021335327412303e-40
0.0
0.0
0.0
0.0
0.0
0.0
0.0
0.0
0.0
0.0
0.0
0.0
0.0
0.0
0.0
0.0
0.0
0.0
0.0
0.0
0.0
0.0
0.0
0.0
0.0
0.0
0.0
0.0
0.0
0.0
0.0
0.0
0.0
0.0
0.0
0.0
0.0
0.0
0.0
0.0
0.0
6.951036123820874e-05
0.0005377872926954993
0.002773020466491773
0.009657204822857465
0.02270664000993395
0.037392382411070846
0.04654811457758708
0.049811719756513384
0.0508803580482296
0.05055639714670517
0.04849046889429844
0.042324907246530284
0.029656278168075704
0.015035880977910497
0.005239750650327791
0.0020847580217431346
0.0003745152417688025
4.492023068199416e-05
3.5930092923691636e-06
1.9157757998741853e-07
6.808357769051721e-09
1.6126185124270499e-10
2.5456919094656763e-12
2.6783216425975232e-14
1.878025785784083e-16
8.776513973102383e-19
2.7335318469178626e-21
5.6742411664575334e-24
7.850060350812163e-27
7.23801953326812e-30
4.447828719816668e-33
1.8216205084155622e-36
4.972208225706183e-40
0.0
0.0
0.0
0.0
0.0
0.0
0.0
0.0
0.0
0.0
0.0
0.0
0.0
0.0
0.0
0.0
0.0
0.0
0.0
0.0
0.0
0.0
0.0
0.0
0.0
0.0
0.0
0.0
0.0
0.0
0.0
0.0
0.0
0.0
0.0
0.0
0.0
0.0
0.0
0.0
0.0
0.0
0.0
0.0
0.0
0.0
0.0
0.0
0.0
0.0
0.0
0.0
0.0
0.0003005969587367497
0.001998478866810205
0.008855153340832101
0.026150148546791686
0.05146758406813797
0.0675110640658576
0.06457086340331869
0.04307054273984966
0.01949613872915144
0.007914933732053786
0.010720842754716473
0.027547857147891656
0.052132004238617156
0.0660727642842808
0.05582389135154907
0.03151948007948139
0.01250413042657104
0.006863771659559477
0.014922723461886809
0.035523040327125624
0.05810354835519674
0.06342875748274492
0.046150761630821074
0.022379703879209335
0.007232882392560858
0.0015579374672578916
0.00022365066232151593
2.13979369521027e-05
1.364442274461157e-06
5.79855763190219e-08
1.6423523546218021e-09
1.2180490308645483e-10
1.7543397766611348e-12
1.6840081863388907e-14
1.0773485576325554e-16
4.5935645008749e-19
1.3053439225386256e-21
2.472188805694504e-24
3.120475862111689e-27
2.6267636170277154e-30
3.570410557875618e-33
1.2572190694336254e-32
5.757281815766784e-32
1.7613164195749053e-31
3.5913261780440982e-31
4.880385409039847e-31
4.420128967217217e-31
2.6680705571754643e-31
1.0733496716731374e-31
2.8778403229552126e-32
5.1424929770672656e-33
6.12438197028602e-34
4.861075646820712e-35
2.5714852520983925e-36
9.066031934645225e-38
2.130256991277457e-39
3.042746966680372e-34
1.253433326979978e-33
7.473184379519189e-33
2.969557272394168e-32
7.864285333410975e-32
1.388060408277932e-31
1.632822664158237e-31
1.2801215863137952e-31
6.73537599465057e-32
2.644935285708399e-32
1.9649016895080513e-32
4.366749448196746e-32
8.592866610990183e-32
1.146693102009863e-31
1.0207751264781626e-31
6.077334502139971e-32
2.559138006653622e-32
1.530759599311805e-32
3.396021476045755e-32
8.368210811018768e-32
1.5277863141383447e-31
2.0964353106527515e-31
2.266718206404498e-31
2.0475520855026848e-31
1.6750892491988567e-31
1.3251035649998517e-31
1.0144947140517748e-31
8.21513657906421e-32
5.486439373996342e-32
3.0361629407803306e-32
1.260092156323798e-32
3.67410080810857e-33
7.2932869879130274e-34
9.728565417448269e-35
8.675855542218111e-36
5.162607041881867e-37
2.0483299372039662e-38
5.41732236763931e-40
9.549446330782837e-42
1.1219240846914266e-43
8.784845693260547e-46
4.58445584472438e-48
1.5944963921811705e-50
3.6960772481971217e-53
5.710053305797619e-56
5.879235580492689e-59
4.034438706087564e-62
1.8451298364201324e-65
5.62409040994675e-69
1.1425078788702129e-72
0.0
0.0
0.0
0.0
0.0
0.0
0.0
0.0
0.0
0.0
0.0
0.0
0.0
0.0
0.0
0.0
0.0
0.0
0.00022656787364326128
0.0017809446211231952
0.009330051689126964
0.03257611073070892
0.07580467035642897
0.11756396983654607
0.1215161692239671
0.08392003134112541
0.04010053967551874
0.020573762398600856
0.025604404591999714
0.05800818591698716
0.1027602403413418
0.12256646646765383
0.09756806303835032
0.052416771662345506
0.02283821633156315
0.02331348748351102
0.05330502590097343
0.09716324619450455
0.11938152540205103
0.09782156148770162
0.053423155138449065
0.019444954328237802
0.004717000482124011
0.0007626169696998317
8.217288930369419e-05
5.90108945848481e-06
2.8243426707395105e-07
9.009156365410644e-09
1.915280601984272e-10
2.7137025562935555e-12
2.5625575380708175e-14
1.612748161724848e-16
6.764583060261111e-19
1.891024084219822e-21
2.9952651334788313e-23
4.2578845123463094e-26
4.03398271186277e-29
2.5471571241689593e-32
1.0719116399334338e-35
3.006379396331429e-39
0.0
0.0
0.0
0.0
0.0
0.0
0.0
0.0
0.0
0.0
0.0
0.0
0.0
0.0
0.0
0.0
0.0
0.0
0.0
0.0
0.0
0.0
0.0
0.0
0.0
0.0
0.0
0.0
0.0
0.0
0.0
0.0
0.0
0.0
0.0
0.0
0.0
0.0
0.0
0.0
0.0
9.017432823192626e-37
7.104712247516124e-36
3.7307110930297987e-35
1.3056245035855768e-34
2.4021692397385257e-34
4.274967874670814e-34
5.0704167632975814e-34
4.008076555218002e-34
3.8360120498636336e-34
1.4020258317419586e-33
6.82765500839625e-33
2.3326773589567707e-32
5.342348392750014e-32
5.106621363917423e-05
0.00037564229871269345
0.0018416066283487003
0.006017287989809723
0.013103468643489047
0.01901749445232404
0.01839508804675538
0.011858560994867644
0.005094993810661275
0.0015108970240197929
0.0006571285430259646
0.0018749797534485459
0.005958465818853268
0.012849996668255153
0.018478242885013332
0.017709459706204984
0.011311798032824031
0.006696533700908141
0.0022098966728928667
0.0007421454322841607
0.0014775109057956575
0.004887759987369241
0.01126592342880602
0.017331927888421805
0.017789207361054542
0.012254487954032296
0.0058943420158103395
0.0024741686370049073
0.0015925543618979996
0.0015975765175213368
0.0016735423624828884
0.0016643131198366909
0.0015280328230720258
0.0012044187442749078
0.0007401882907989684
0.00032858719591679063
0.0001008558381939694
9.647499952497007e-05
0.0006396495290835665
0.003578411299257187
0.01340118570180545
0.03345104625007597
0.055649115382890975
0.06236268957473361
0.052756501220976464
0.02974463763019423
0.011229731009682187
0.0032701053632001468
0.0032679230283254317
0.011151385520175191
0.02932024059186927
0.05160644719293556
0.06054466163422659
0.04734027898907655
0.024669898365948024
0.008679536710257995
0.00285148727992761
0.004814821319388078
0.015637547623916864
0.03600219565092146
0.05534701293184812
0.05671075336655607
0.03872745176604989
0.01762600936626779
0.00534651291512253
0.00108085837529312
0.00014562921624970506
1.3077049886585077e-05
2.0930751397478234e-06
9.557595980386192e-08
2.9086674092770817e-09
5.899578846862517e-11
7.974978169979311e-13
7.184880417180472e-15
4.314109199119223e-17
1.7264113062108426e-19
4.60446268163736e-22
8.184557262337265e-25
9.696008193767484e-28
7.65547785081415e-31
4.02840552538046e-34
1.4127834860992651e-37
3.3021711962901547e-41
0.0
0.0
0.0
0.0
0.0
0.0
0.0
0.0
0.0
0.0
0.0
0.0
0.0
0.0
0.0
1.9290322869513265e-35
1.735923049616845e-34
1.0411252780081676e-33
4.161568624290125e-33
1.1086454481481341e-32
1.9683840809909344e-32
2.3292095287961642e-32
1.8369139841250826e-32
1.0318993220192079e-32
7.790144689064868e-33
2.0158060352301568e-32
5.75392253575742e-32
1.157292670234057e-31
1.603351975395398e-31
1.5512012728714127e-31
1.0728729678396012e-31
5.798754786131319e-32
3.788183453552045e-32
4.737466105344775e-32
6.349028380574748e-32
6.275476003730861e-32
4.599453618004075e-32
3.5572506982689516e-32
3.2935901303123605e-32
4.975312703076169e-32
7.827438630845846e-32
9.479101160968689e-32
7.996822005126411e-32
4.558003758366807e-32
1.7387433590177727e-32
4.4262565950577056e-33
7.512601554726298e-34
8.499200010566736e-35
6.408602279787787e-36
3.2205870571267616e-37
1.0786730184648894e-38
2.4078342921293718e-40
3.582160690832757e-42
3.55177236198427e-44
2.347073794347172e-46
1.0336890545767167e-48
3.0341331839570507e-51
5.935549231535144e-54
7.738712829680664e-57
6.724470594136923e-60
3.89429650348534e-63
1.5030778636175068e-66
3.866477534694072e-70
0.0
0.0
0.0
0.0
0.0
0.0
0.0
0.0
0.0
0.0
0.0
0.0
0.0
0.0
0.0
0.0
0.0
0.0
0.0
0.0
0.0
0.0
0.0
0.0
0.0
0.0
0.0
0.0
0.0
0.0
0.0
0.0
0.0
0.0
0.0
5.2623136927490004e-05
0.0003730521093052771
0.0017625596135617662
0.005550085552333845
0.011647617192613296
0.01629131151507698
0.015186460177962042
0.009434928457801417
0.003937276082259537
0.001316917033681329
0.0014388849100057117
0.004318996720728807
0.009910565488523157
0.015236155545251286
0.01561402500881662
0.010664457279258098
0.006612271892130535
0.002391536034695934
0.001144127751822207
0.0026236334680462075
0.007028150352851098
0.013156355576143844
0.017500445676322557
0.020893970298705208
0.0326677118445736
0.06007771942741105
0.09443344528914337
0.11978299982774614
0.13039929737961156
0.12836738130754857
0.11262350251285178
0.08186663577501052
0.04528502554316469
0.017899467385097106
0.0048759395048878435
0.0008989620107161568
0.0001112265460592909
9.20009655980088e-06
5.078658005199896e-07
4.0134269913738365e-05
0.00029260096498739035
0.0014223899876155046
0.003257981535238359
0.008053688167984002
0.013268522028815528
0.014569070260352887
0.01066160709753789
0.005199900794809393
0.0016902423951361326
0.00036617144280778766
5.28690492045587e-05
5.087449100630831e-06
4.820518307471107e-05
0.0004469119948802566
0.002780060620649338
0.011526076497033131
0.03184859944865634
0.05865171675690781
0.07203698434267666
0.05934870440691296
0.03495390006566323
0.023353649173423113
0.03476438886296611
0.05861990575152773
0.07068772677365484
0.057535538072569774
0.033463020984874886
0.023508053627910426
0.027332190262140413
0.0490121821231821
0.06779245803550438
0.06337334487624162
0.03953157815440363
0.01643649726735766
0.004554701628074246
0.0008411868733650544
0.00010353963266146639
8.493805337971323e-06
4.6438644613900125e-07
1.692147887091957e-08
4.109402156621863e-10
6.651207872726711e-12
7.174703299750033e-14
5.158090042955574e-16
2.471470553889256e-18
7.892298632464285e-21
1.679705435465931e-23
2.38256245299636e-26
2.2523558583182723e-29
1.419094345805227e-32
5.958913484228565e-36
1.6676481985795854e-39
0.0
0.0
0.0
0.0
0.0
0.0
0.0
0.0
0.0
0.0
2.399135951831649e-06
1.6286554540038048e-05
7.368602435887235e-05
0.00022218901355668154
0.0004465206873100659
0.0005980563920045033
0.0005338561333054603
0.000317605405157821
0.00012883285327957642
5.21540439137121e-05
8.76956500670861e-05
0.00023714384545983944
0.00045540277648765655
0.0005844161173642464
0.0004998934939177828
0.00028547463897865295
0.00011268223197657525
6.0468648833082284e-05
7.74570923695618e-05
0.00020898970046695525
0.00041926530517177554
0.0005633631909168923
0.0005046165413214004
0.00030124507695911124
0.00011985610181362054
3.1782049102957914e-05
5.616751221763465e-06
6.615612068610582e-07
5.193216416982649e-08
2.7169669781389757e-09
9.473573894145383e-11
2.2015313897943456e-12
3.409710173423573e-14
3.5195861243095303e-16
2.4212926100419807e-18
1.1101572625638625e-20
3.3923705196174353e-23
6.908815654122448e-26
9.377465544812073e-29
8.482988880649765e-32
5.114390285929204e-35
2.0550404920795143e-38
5.50336666287789e-42
0.0
0.0
0.0
0.0
0.0
0.0
0.0
0.0
0.0
0.0
0.0
0.0
0.0
0.0
0.0
0.0
0.0
0.0
0.0
0.0
0.0
0.0
0.0
0.0
0.0
0.0
0.0
0.0
0.0
0.0
0.0
0.0
0.0
0.0
0.0
0.0
0.0
0.0
0.0
0.0
0.0
0.0
0.0
0.0
0.0
0.0
0.0
0.0
0.0
0.0
2.472970478307846e-35
1.0735015502029783e-34
6.923561943951044e-34
2.9760350139055522e-33
8.525660587286896e-33
1.6277945490650176e-32
2.0824712619517093e-32
1.8502559282478828e-32
1.517710868708478e-32
2.33526517987793e-32
4.978585301882767e-32
8.123894420033051e-32
8.982634587955203e-32
6.697949309224918e-32
3.6795615724942107e-32
2.552414138879528e-32
3.7664791362812966e-32
5.896069869974366e-32
6.991168643762244e-32
6.310211689570156e-32
4.827042012441938e-32
3.776171285971309e-32
3.277833146039286e-32
2.66268203278948e-32
1.6762428299986524e-32
7.466703502382788e-33
2.4307508202247836e-33
1.4286937483466593e-33
3.3110427855031026e-33
1.1199157869436321e-32
2.6211182193862196e-32
4.093226825889089e-32
4.2603119704143926e-32
2.955282383347071e-32
1.368957157833755e-32
4.387186707499815e-33
1.646603246579957e-33
2.4162350232212212e-33
4.510480282788485e-33
5.873003166510118e-33
5.107693549747382e-33
3.049462657438052e-33
1.847966444807362e-33
4.0224550199466584e-33
1.3205861999545908e-32
3.094562826544637e-32
4.8497630605782264e-32
5.06636791277507e-32
3.5274271029026856e-32
1.6368206384157727e-32
5.062041413336154e-33
1.0535159363823463e-33
3.3583522787345714e-34
3.3371421818349402e-34
1.3565841583763788e-33
4.0319066413431047e-33
7.998640891166065e-33
1.057581430298964e-32
9.319511401861163e-33
5.473360102720146e-33
2.1423797194808618e-33
5.588823868433488e-34
9.716860007126768e-35
1.1259342150465628e-35
8.695241246480049e-37
4.47539943975094e-38
1.5351948989015967e-39
3.509754846078101e-41
5.347756130317801e-43
5.4306017384688784e-45
3.6754105919410745e-47
1.6578503259631238e-49
4.983865616821715e-52
9.985478397796866e-55
1.3333770551620062e-57
1.1866390244813376e-60
7.038268395412981e-64
2.782239868865218e-67
1.1961379242445968e-69
0.0
0.0
0.0
0.0
0.0
0.0
0.0
0.0
0.0
0.0
0.0
0.0
0.0
0.0
0.0
0.0
0.0
0.0
0.0
0.0
0.0
0.0
0.0
0.0
0.0
0.0
0.0
0.0
0.0
0.0
0.0
0.0
0.0
0.0
0.0
0.0
0.0
0.0
0.0
0.0
0.0
0.0
0.0
0.0
0.0
0.0
0.0
0.0
0.0
0.0
0.0
2.0449483094149657e-36
1.8668561295584343e-35
1.1358498201013159e-34
4.605879008116529e-34
1.2447601755459383e-33
2.242024702303432e-33
2.7002506836442162e-33
2.2187992201146045e-33
1.4713244031141499e-33
1.470906844962792e-33
2.430728249368614e-33
3.7674294041523164e-05
0.00023963503981983865
0.001015867504421769
0.0028701550807976465
0.005404496082402912
0.006792682066087339
0.005751418653117155
0.0035645519851563922
0.0025474150859267543
0.003439458788029134
0.004952754246533232
0.005523842765378499
0.005310012670994892
0.005383695883063709
0.005469938403756709
0.004743087140172831
0.0029505410708230706
0.001246700431248653
0.00035270059201453533
6.657501656163647e-05
3.385658928615728e-05
0.00017378533250600475
0.000783701025080347
0.0023702328297597747
0.004804535130509191
0.0066627229081424365
0.006835991105572455
0.006413051951503541
0.006687470823685278
0.006670453964136445
0.005150663498459271
0.003275258605451696
0.003181600049688821
0.005641854120060289
0.009280873864801375
0.011261548466215408
0.009825675760852831
0.006614897046598026
0.005450300920459134
0.00879779145640299
0.012864516202898087
0.018069282484678005
0.019204791139022088
0.01852611184897618
0.01901255177459916
0.018053033257442862
0.01292454835089507
0.006380805379054439
0.00211749137994041
0.0004693009734903811
8.397509335017256e-05
0.00011897621559018146
0.0005737737747940506
0.0019534889855690658
0.0044667757883094005
0.006918593081359293
0.0076816761690043835
0.007244639311732902
0.007349434198559179
0.007624261477522819
0.006506046860108401
0.004951780968280529
0.005988053750900882
0.0106752620839051
0.015486263523375933
0.015378453771182
0.012242437955009467
0.006203565137364034
0.0020952408194934817
0.00047861770655900697
0.00011699844135860592
0.00021155909920624426
0.0006216213638351762
0.001328918757100522
0.002100727608870299
0.0026250066193407155
0.002770814007887792
0.002527708304114264
0.0019165550737454537
0.0011264115896504117
0.00048227629396454787
0.00014437907978951436
2.9525188821837566e-05
4.074015438962599e-06
3.7695190238930573e-07
2.331494438398084e-08
9.625055692358306e-10
2.650124501472801e-11
4.864785540150571e-13
5.9527463156583646e-15
4.854998544205375e-17
1.5701761803090935e-18
6.512488981095769e-21
1.800248977562639e-23
3.316671268048891e-26
4.07312280452786e-29
3.8446878890488353e-32
2.7345027282718384e-33
9.746427954532952e-34
2.339294735663299e-34
4.290453002696103e-35
4.665362235161852e-35
2.2279263509618657e-34
7.735730914197954e-34
1.825107810363541e-33
2.986005498002326e-33
3.817371907409764e-33
4.820566029428564e-33
6.546508242253243e-33
7.764879257651072e-33
7.023490294219467e-33
6.061399775393381e-33
8.84789210890576e-33
1.6437722389920934e-32
2.3377721336028993e-32
2.256712314126214e-32
1.455084314453233e-32
8.669685570441547e-33
2.8434367679981716e-33
6.21539358485937e-34
9.054732706497476e-35
8.791525267965881e-36
5.688979600343852e-37
2.453500061080006e-38
1.0616842450414133e-35
9.139725650764527e-35
5.2442237737227324e-34
2.005445584779551e-33
5.111190856943049e-33
8.681901659203478e-33
9.828543732346834e-33
7.41557846835999e-33
3.7289146524716416e-33
1.2496874259266923e-33
2.7912703670412947e-34
4.1551237063297924e-35
4.122375605033395e-36
2.725791977157962e-37
1.2012112933599826e-38
3.527992494256759e-40
6.905854860165933e-42
9.009253119923144e-44
7.833244442986148e-46
2.6436936812262064e-47
1.1688710537506656e-49
3.444321025104165e-52
6.764289554284236e-55
8.853649095314898e-58
7.723318922310398e-61
4.490215455752754e-64
2.6349279248480315e-05
0.00018161367396809144
0.0008342762805668354
0.0025541876262099045
0.005211674038514954
0.00709893401864151
0.006511717634725832
0.004327559180629591
0.0030792544716988727
0.0038680459309039807
0.005437428813594216
0.006104882300460304
0.0059942046970511385
0.006058036936874542
0.005776488217929427
0.004253955734082948
0.0021822542239288926
0.0007548919007508921
0.0002974713084281857
6.954840085780269e-05
0.00014684193131201252
0.0007760890261771025
0.0028555904880278376
0.007050313235376532
0.01172464121270944
0.013519903909171696
0.011870399364832421
0.00971909743369046
0.00854609224299386
0.00752484523872578
0.007076385204232273
0.008229282017131667
0.009778295385088915
0.009464198409042236
0.0069239363971264935
0.004015803678963831
0.002894077503366935
0.00445578683934164
0.007861891545741271
0.010871758090557706
0.01126117926776478
0.008706859696813883
0.005357851305366349
0.003958540565970331
0.004580331250852604
0.006553534466186489
0.007226403817458436
0.00563514603878248
0.003844098395285627
0.0041139636873741454
0.006069703134861528
0.0071451762016171054
0.005748148639994912
0.0030915245693533917
0.0011085703457839478
0.00026494476531233665
4.2201842054087466e-05
4.480116587034083e-06
3.1697777175342563e-07
1.4946856084663526e-08
4.697344870712032e-10
9.838674398967838e-12
1.3734165557240061e-13
1.2777606705522902e-15
7.922792883092316e-18
3.274075103030951e-20
9.017383083067659e-23
1.6552132378417548e-25
2.024924943402621e-28
1.6509938573598609e-31
1.1501045875034797e-33
4.768441328375043e-37
1.3176409976319244e-40
0.0
0.0
0.0
0.0
0.0
0.0
0.0
0.0
0.0
0.0
0.0
0.0
0.0
0.0
1.1224429025025174e-06
8.543959725002951e-06
4.33446674238417e-05
0.0001465526600920605
0.000330242744377982
0.0005051761004625701
0.0005705292637111222
0.0007286217218824378
0.001572335631442239
0.0027394311026302746
0.004972118442455043
0.006479911762695012
0.006699895739832083
0.006651082653517677
0.006593093861363356
0.0054501127309945305
0.0032456039754785735
0.0013168855467031715
0.0003582034918761617
6.613084214182709e-05
1.6150653200765175e-05
4.237348337839298e-05
0.0001406608209199222
0.00031747672616524395
0.0004892278470796297
0.0005490528696177617
0.0005330245265628966
0.0005443868937992827
0.0005604457977722353
0.0006083891990108938
0.00108319917120311
0.002493940798260561
0.004484405072126306
0.005498746780834189
0.0050377345054595495
0.003151677861305152
0.001314233953686051
0.0003655632104240685
6.97921911397375e-05
1.808252080085522e-05
3.1140999286304986e-05
6.711385279581997e-05
0.00010880433465820581
0.0001383121562875833
0.00014635784433537344
0.00013149834343669086
9.670552357886425e-05
5.4599966913867675e-05
2.2359313838952558e-05
6.394189586618136e-06
1.2491686707187355e-06
1.6473652040179e-07
1.4574095941862581e-08
8.621858230184098e-10
3.4051432223074055e-11
8.970634722736911e-13
1.5757260269026457e-14
3.427007466108835e-05
0.0002516198624028092
0.001231278620647621
0.0028326840956194197
0.007048750568324227
0.011689816374354055
0.01292066254811878
0.00951795017647918
0.004672869130834756
0.001528992508931175
0.0003334330501441368
4.8461123790245506e-05
4.694181364021694e-06
3.030454704514444e-07
1.3038789600791353e-08
9.404225776751632e-06
8.610224042260175e-05
0.0005254175807556519
0.002136861295063923
0.005792014139269687
0.010463197961914184
0.012597397088142791
0.010108314469205104
0.005405778139686198
0.0019267228115263451
0.0004576798674777824
7.245793068751271e-05
7.645248268406554e-06
5.376241975938256e-07
7.310905052122909e-08
2.6143332010645622e-09
4.2315954896589884e-05
0.0002944826800508227
0.001365832847400322
0.0042219870682091345
0.008697967742026002
0.011942637076874226
0.01092859231359658
0.006665147481272753
0.0027091736959233286
0.0007339145286926032
0.00013250603790023575
1.5944371305341747e-05
1.2786764861143924e-06
6.834323097606642e-08
2.4345117913540045e-09
5.77976001740132e-11
9.145117262712567e-13
9.643846717731369e-15
6.777864268369495e-17
3.174804478696993e-19
1.991720397860903e-05
0.00017717987413576168
0.0010504658896602318
0.0027465943694644783
0.008280654633317206
0.016638584092430877
0.02228176597768673
0.01988677679572138
0.011829346095933802
0.004689630498095193
0.0012390763300907876
0.00021819211110989784
2.560716949056432e-05
2.002929467047838e-06
1.0441220899906101e-07
3.6275922074272983e-09
8.399765943558397e-11
1.2962759316599608e-12
1.3332428959898669e-14
9.139083542193222e-17
4.175202698555291e-19
1.2712589689525437e-21
2.579716885968077e-24
3.488950899565372e-27
3.1857940639553805e-30
6.559911647627754e-32
8.590795160774752e-32
9.381818497163142e-32
8.956328737381569e-32
8.790911864442906e-32
9.431885726773382e-32
1.0367124122834046e-31
9.682861576968315e-32
6.973754956311903e-32
1.4494807034199626e-06
1.0568297473168139e-05
5.135457843016251e-05
0.000166316315752142
0.00035898151954922994
0.0005164055194182911
0.0004950980404733303
0.0003163538234351616
0.00013472137791781846
3.8236795884687024e-05
7.23282600158901e-06
9.118346478587911e-07
7.661357208407965e-08
4.290193504635563e-09
1.6011410738792744e-10
1.4944534811258e-06
1.0761055398904715e-05
5.164283002835789e-05
0.0001651759262423193
0.0003520991821372348
0.0005002243515556273
0.0005045825560701327
0.00036453113381347427
0.00017551674997634195
5.6322776903393716e-05
1.2045673777185813e-05
1.7169580491408876e-06
1.6310595557617124e-07
1.0326698608646417e-08
4.3574732861569496e-10
1.1784026468953637e-06
8.808680177907315e-06
4.388478921195448e-05
0.00014571315132907043
0.0003224519688565321
0.0004755682621161465
0.00046745761847723916
0.00030623383211620466
0.00013370438294999542
3.890627635376861e-05
7.5452778792842375e-06
9.752419143824707e-07
8.401000800868618e-08
4.823155257472017e-09
1.8454955667494764e-10
4.706264359410953e-12
7.998732613807392e-14
4.220383790340684e-15
3.6475343224693126e-17
2.1010112421866977e-19
8.065641478352876e-22
2.063626037761064e-24
3.518881423464157e-27
3.9990774425970035e-30
3.0289809669061464e-33
1.5290258318171395e-36
5.144162142362843e-40
1.1534426966651857e-43
0.0
0.0
0.0
0.0
0.0
0.0
0.0
2.1857044411649726e-35
1.5015970962782547e-34
6.87538390366126e-34
2.0980799548299683e-33
4.2670591604673294e-33
5.783847611794528e-33
5.225003287255648e-33
3.89733058284448e-33
1.7903566421249785e-33
5.481424117940866e-34
1.1184815100723158e-34
1.5210579486902507e-35
1.3786189982342015e-36
8.327685325715568e-38
3.352632122600922e-39
2.1485571299143488e-35
1.5631875744830258e-34
7.579815594999059e-34
2.449558064709545e-33
1.7669319590036386e-06
1.1470342031758815e-05
4.9626592760302826e-05
0.0001430981757219824
0.0002774033123771907
0.0003749193900364522
0.000443610550141267
0.0007710823461004741
0.0017587342313725876
0.0032498119184009543
0.0043612382213855504
0.004637795343843321
0.004627694908867313
0.004475249416621624
0.003976783061866262
0.0025789820620217155
0.001155452811539957
0.00034857769452068264
7.13317468405558e-05
1.6892205635094476e-05
3.610986425621271e-05
0.00011193992282042042
0.00023855831635368808
0.00035092855358841125
0.00038669041759394366
0.0003819271149975181
0.00039249268100955727
0.0004071998424646447
0.0005366555532128783
0.0011319931621644173
0.0023517308349448192
0.0035110962699964805
0.0035326492235444725
0.0023725622044053402
0.001062211306866087
0.0003169560121694314
6.303336037046482e-05
8.354562884240923e-06
7.380037833882025e-07
4.3448520989038345e-08
5.248317870927638e-09
1.5712276786770582e-10
3.135015262634698e-12
4.1689025766319175e-14
3.6947527500360303e-16
3.104066916026633e-06
2.9191348545042656e-05
0.00018296111153823423
0.0007642667573707446
0.0021277112892666115
0.0039478620985724895
0.004881944056918251
0.004032897956812619
0.0022827661297700644
0.0011846191277901455
0.001489928842695644
0.002996759362665636
0.004535472040004929
0.0046208097456161635
0.0031657054651224644
0.0016073226279627222
0.0012041404624804465
0.002216060246864651
0.003907108137970743
0.0047493311184045725
0.004324801359780351
0.0026805208644581713
0.0011073066724075103
0.00030485914443373585
5.593867306825798e-05
6.840796128287155e-06
5.57548540984148e-07
3.028588493050005e-08
1.0964261888481521e-09
2.6454531883816973e-11
4.254047255336594e-13
4.559173156162996e-15
3.2565024715071965e-17
1.5502376689303482e-19
4.918432404347151e-22
1.0400079926737915e-24
1.4656435280737614e-27
1.3779415606475738e-30
3.1556775112629635e-33
2.5750584297013358e-33
1.9259510275951283e-33
9.601642446979528e-34
3.1902696300076086e-34
7.06465239654155e-35
1.0426432948355559e-35
1.0255628001684804e-36
1.7442716524497702e-37
8.724553455285113e-39
3.257853140894611e-36
2.5318256334104487e-35
1.3114634200858905e-34
4.5275184520026215e-34
1.1511690855076408e-33
2.3235058911091446e-33
4.8426660247067446e-33
1.057055689246067e-32
1.91155526617608e-32
2.4798020504653116e-32
2.3291652411969025e-32
2.0726783856941956e-32
2.762031415566942e-32
4.2665579173923415e-32
5.033906332920524e-32
4.070433341844177e-32
2.300951142915743e-32
1.1233396703644375e-32
7.81364626884978e-33
7.096717444549142e-33
5.207074290171418e-33
2.6659568764091665e-33
1.1071599853660847e-33
9.29582127996848e-34
1.3444750683490815e-33
2.1466485982833995e-33
2.374161577669559e-33
1.75477272372113e-33
8.645582314771645e-34
2.838930474579582e-34
6.21294051392095e-35
9.061940550066699e-36
8.809003285350736e-37
5.707078989852054e-38
2.4642373923989614e-39
7.091412543617393e-41
1.3600801660440086e-42
1.7385124762667735e-44
1.481060038917202e-46
8.409091244999456e-49
3.182050105005549e-51
8.025027160021323e-54
1.3488621125701947e-56
3.6764721219979957e-06
3.247841781336383e-05
0.00019122294388376898
0.0007503548319422586
0.001962342977031001
0.0034213012619715433
0.0039581630290232775
0.003531335899721427
0.002183187175440736
0.0011350300219177384
0.0008269073534003485
0.0008689736054542636
0.0008968990741376828
0.0008930357062123075
0.0008528093030844762
0.0006674938108582778
0.00037618898509746943
0.0001447109379237434
4.180464080413089e-05
4.425701553232895e-05
0.0002150269947241743
0.0008093028982303175
0.002058596066255949
0.0035546138883569144
0.004401956705779304
0.004483499962142617
0.0044830457746041765
0.004309067417839944
0.0033424191269788247
0.0019858772151389427
0.0012266561430620065
0.0012737633316884515
0.0014574747752283657
0.0014666506291545608
0.0010384014207714027
0.0005040743637323481
0.00016677514915123314
3.746480900406781e-05
5.69433469577398e-06
5.837165789104015e-07
4.024499033019096e-08
1.8620939949227616e-09
2.0765190092219444e-06
1.535464888737602e-05
7.56723847841284e-05
0.00024855158302249027
0.0005440980813898907
0.0007938151874483344
0.0007718682215504882
0.0005002055044883325
0.00021604057293020295
6.218758937859826e-05
1.1930363396657657e-05
1.5254050179902204e-06
1.2998649014242432e-07
7.3823190712772264e-09
1.1001438461000192e-06
9.079043496903903e-06
2.9598817762109416e-05
0.00012424460652148093
0.0003475860038409065
0.0006480799179675393
0.0008053346700281263
0.0006669691954940998
0.0003681431333711336
0.00013542822327199954
3.320344955100916e-05
5.425487638443294e-06
5.908481762251494e-07
4.288392902202233e-08
2.0744109007481476e-09
6.687696434020555e-11
1.4369440726788525e-12
2.0577126489883246e-14
1.9638627715130157e-16
1.2491629531590713e-18
5.2955198738262125e-21
1.4961655717681946e-23
2.817294580851779e-26
3.5356267495316846e-29
2.9572096196964e-32
1.6484635844038507e-35
6.124323928785363e-39
1.5164164859051237e-42
0.0
0.0
0.0
0.0
0.0
0.0
0.0
0.0
0.0
0.0
0.0
0.0
0.0
0.0
0.0
0.0
0.0
0.0
0.0
0.0
0.0
0.0
0.0
0.0
0.0
0.0
0.0
0.0
0.0
0.0
0.0
0.0
0.0
0.0
0.0
0.0
0.0
0.0
0.0
0.0
0.0
0.0
0.0
0.0
0.0
0.0
0.0
0.0
0.0
0.0
0.0
0.0
0.0
0.0
0.0
0.0
0.0
0.0
0.0
0.0
0.0
0.0
0.0
0.0
0.0
0.0
0.0
0.0
0.0
0.0
0.0
0.0
0.0
0.0
0.0
0.0
0.0
0.0
0.0
0.0
0.0
0.0
0.0
0.0
0.0
0.0
0.0
0.0
0.0
0.0
0.0
0.0
0.0
0.0
0.0
0.0
0.0
0.0
0.0
0.0
0.0
0.0
0.0
0.0
0.0
0.0
0.0
0.0
0.0
0.0
0.0
0.0
0.0
0.0
0.0
0.0
0.0
0.0
0.0
0.0
0.0
0.0
0.0
0.0
0.0
0.0
0.0
0.0
0.0
0.0
0.0
0.0
0.0
0.0
0.0
0.0
0.0
0.0
0.0
0.0
0.0
0.0
0.0
0.0
0.0
0.0
0.0
0.0
0.0
0.0
0.0
0.0
0.0
0.0
0.0
0.0
0.0
0.0
0.0
0.0
0.0
0.0
0.0
0.0
0.0
0.0
0.0
0.0
0.0
0.0
0.0
0.0
0.0
0.0
0.0
0.0
0.0
0.0
0.0
0.0
0.0
0.0
0.0
0.0
0.0
0.0
0.0
0.0
0.0
0.0
0.0
0.0
0.0
0.0
0.0
0.0
0.0
0.0
0.0
0.0
0.0
0.0
0.0
0.0
0.0
0.0
0.0
0.0
0.0
0.0
0.0
0.0
0.0
0.0
0.0
0.0
0.0
0.0
0.0
0.0
0.0
0.0
0.0
0.0
0.0
0.0
0.0
0.0
0.0
0.0
0.0
0.0
0.0
0.0
0.0
0.0
0.0
0.0
0.0
0.0
0.0
0.0
0.0
0.0
0.0
0.0
0.0
0.0
0.0
0.0
0.0
0.0
0.0
0.0
0.0
0.0
0.0
0.0
0.0
0.0
0.0
0.0
0.0
0.0
0.0
0.0
0.0
0.0
0.0
0.0
0.0
0.0
0.0
0.0
0.0
0.0
0.0
0.0
0.0
0.0
0.0
0.0
0.0
0.0
0.0
0.0
0.0
0.0
0.0
0.0
0.0
0.0
0.0
0.0
0.0
0.0
0.0
0.0
0.0
0.0
0.0
0.0
0.0
0.0
0.0
0.0
0.0
0.0
0.0
0.0
0.0
0.0
0.0
0.0
0.0
0.0
0.0
0.0
0.0
0.0
0.0
0.0
0.0
0.0
0.0
0.0
0.0
0.0
0.0
0.0
0.0
0.0
0.0
0.0
0.0
0.0
0.0
0.0
0.0
0.0
0.0
0.0
0.0
0.0
0.0
0.0
