a = 4.749665496097099 b = 4.695210240090903 c = 15.619714980018342 ,Gaussian ,LMH = 0.08 ,DW = [1. 1. 1. 1.]
0.0
0.0
0.0
0.0
0.0
0.0
0.0
0.0
0.0
0.0
0.0
0.0
0.0
0.0
0.0
0.0
0.0
0.0
0.0
0.0
0.0
0.0
0.0
0.0
0.0
0.0
0.0
0.0
0.0
0.0
0.0
0.0
0.0
0.0
0.0
0.0
0.0
0.0
0.0
0.0
0.0
0.0
0.0
0.0
0.0
0.0
0.0
0.0
0.0
0.0
2.421279191878496e-34
2.1918807600146593e-33
1.322423406200581e-32
5.317477715268932e-32
1.4250246532665831e-31
2.5451924441536196e-31
3.0297055393164196e-31
2.4035976172535424e-31
1.2708803267413265e-31
4.478464098965502e-32
1.0518046476704899e-32
1.646351721568135e-33
1.7174800732697521e-34
1.1941045135989347e-35
5.533176466158214e-37
5.69766400918527e-38
1.342553486821928e-39
2.1083752359030643e-41
2.2067125473253616e-43
1.53930673820697e-45
7.156260227947484e-48
2.217321291013317e-50
4.578810581649247e-53
6.301708015548187e-56
5.78023404538141e-59
3.5335734150891928e-62
1.4396746653486467e-65
3.90927438455835e-69
0.0
0.0
0.0
0.0
0.0
0.0
0.0
0.0
0.0
0.0
0.0
0.0
0.0
0.0
0.0
0.0
0.0
0.0
0.0
0.0
0.0
0.0
0.0
0.0
0.0
0.0
0.0
0.0
0.0
0.0
0.0
0.0
0.0
0.0
0.0
0.0
0.0
0.0
0.0
0.0
0.0
0.0
0.0
0.0
0.0
0.0
0.0
0.0
0.0
0.0
0.0
0.0
0.0
0.0
0.0
0.0
0.0
0.0
0.0
0.0
0.0
0.0
0.0
0.0
0.0
0.0
0.0
0.0
0.0
0.0
0.0
0.0
0.0
0.0
0.0
0.0
0.0
0.0
0.0
0.0
0.0
0.0
0.0
0.0
0.0
0.0
0.0
0.0
0.0
0.0
0.0
0.0
0.0
0.0
0.0
0.0
0.0
0.0
0.0
0.0
0.0
0.0
0.0
0.0
0.0
0.0
0.0
0.0
0.0
0.0
0.0
0.0
0.0
0.0
0.0
0.0
0.0
0.0
0.0
0.0
0.0
0.0
0.0
0.0
0.0
0.0
0.0
0.0
0.0
0.0
0.0
0.0
0.0
0.0
0.0
0.0
0.0
0.0
0.0
0.0
0.0
0.0
0.0
0.0
0.0
0.0
0.0
0.0
0.0
0.0
0.0
0.0
0.0
0.0
0.0
0.0
0.0
0.0
0.0
0.0
0.0
0.0
0.0
0.0
1.4432244710374582e-33
1.0205272090504674e-32
4.8094657979377763e-32
1.0790606836447606e-31
2.585953443137293e-31
4.13025706320067e-31
4.396580320550236e-31
3.119137276225566e-31
1.4748081005195798e-31
4.647485976408181e-32
9.760727983195034e-33
1.3662427797404087e-33
1.274544778251145e-34
7.924353929596892e-36
3.283629729172809e-37
9.068303395962088e-39
1.6690888377272817e-40
2.0474552192163265e-42
1.67390543406072e-44
9.120716878824974e-47
3.3121391831913297e-49
8.016221896942072e-52
1.2930414010263221e-54
1.390070026006351e-57
9.959613271721052e-61
4.75586830360237e-64
1.513556762307099e-67
3.210326131037008e-71
0.0
0.0
0.0
0.0
0.0
0.0
0.0
0.0
0.0
0.0
0.0
0.0
0.0
0.0
0.0
0.0
0.0
0.0
0.0
0.0
0.0
0.0
0.0
0.0
0.0
0.0
0.0
0.0
0.0
0.0
0.0
0.0
0.0
0.0
0.0
0.0
0.0
0.0
0.0
0.0
0.0
0.0
0.0
0.0
0.0
0.0
0.0
0.0
0.0
0.0
0.0
0.0
0.0
0.0
0.0
0.0
0.0
0.0
0.0
0.0
0.0
0.0
0.0
0.0
0.0
0.0
0.0
0.0
0.0
0.0
0.0
0.0
0.0
0.0
0.0
0.0
0.0
0.0
0.0
0.0
0.0
0.0
0.0
0.0
0.0
0.0
0.0
0.0
0.0
0.0
0.0
0.0
0.0
0.0
0.0
0.0
0.0
0.0
0.0
0.0
0.0
0.0
0.0
0.0
0.0
0.0
0.0
0.0
0.0
0.0
0.0
0.0
0.0
0.0
0.0
0.0
0.0
0.0
0.0
0.0
0.0
0.0
0.0
0.0
0.0
0.0
0.0
0.0
0.0
0.0
0.0
0.0
0.0
0.0
0.0
0.0
0.0
0.0
0.0
0.0
0.0
0.0
0.0
0.0
0.0
0.0
0.0
0.0
0.0
0.0
0.0
0.0
0.0
0.0
0.0
0.0
0.0
0.0
0.0
0.0
0.0
0.0
0.0
0.0
7.161530569169263e-07
6.6145207487159235e-06
4.071668989449158e-05
0.00016704292795409977
0.0004567360286809185
0.0008323078623441459
0.001010844310866346
0.0008182124686213936
0.00044139708804317166
0.00015869907020588675
3.802776916859797e-05
6.073078069014775e-06
6.463956529409429e-07
4.5853188265088676e-08
2.1678149047334067e-09
6.830561495410668e-11
1.4344062257296553e-12
8.714654869354606e-14
9.306117430067325e-16
6.623208284373178e-18
3.141592456033159e-20
9.931453788552164e-23
2.0924609175973756e-25
2.9382140576641306e-28
2.749736367439509e-31
1.7150636056169547e-34
7.129366692525862e-38
1.9751642789529545e-41
0.0
0.0
0.0
0.0
0.0
0.0
0.0
0.0
0.0
0.0
0.0
0.0
0.0
0.0
0.0
0.0
0.0
0.0
0.0
0.0
0.0
0.0
0.0
0.0
0.0
0.0
0.0
0.0
0.0
0.0
0.0
0.0
0.0
0.0
0.0
0.0
0.0
0.0
0.0
0.0
0.0
0.0
0.0
0.0
0.0
0.0
0.0
0.0
0.0
0.0
0.0
0.0
0.0
0.0
0.0
0.0
0.0
0.0
0.0
0.0
0.0
0.0
0.0
0.0
0.0
0.0
0.0
0.0
0.0
0.0
0.0
0.0
0.0
0.0
0.0
0.0
0.0
0.0
0.0
0.0
0.0
0.0
0.0
0.0
0.0
0.0
0.0
0.0
0.0
0.0
0.0
0.0
0.0
0.0
0.0
0.0
0.0
0.0
0.0
0.0
0.0
0.0
0.0
0.0
0.0
0.0
0.0
0.0
0.0
0.0
0.0
0.0
0.0
0.0
0.0
0.0
0.0
0.0
0.0
0.0
0.0
0.0
0.0
0.0
0.0
0.0
0.0
2.102198564359454e-34
1.575764901222927e-33
7.872101017494891e-33
2.621026684030087e-32
5.825615875524064e-32
8.680725208943949e-32
8.91821279293085e-32
7.19964343813159e-32
6.46802532817219e-32
7.374931599538806e-32
7.63938027384681e-32
6.272626756130894e-32
5.10770131281853e-32
5.319549807588619e-32
5.490669140500472e-32
4.219599140026224e-32
2.865797116308478e-32
1.1491987025869571e-32
3.0754550338759986e-33
5.486706849479039e-34
6.524017880716131e-35
5.1701557983060104e-36
2.7307020424167123e-37
9.612285611207779e-39
2.2550729098198672e-40
2.9629036846282343e-05
0.000240451711382179
0.0013005281562079689
0.00468806035031896
0.011284465332681131
0.018218542056089686
0.020297704173475206
0.017687492094150103
0.016632692456640404
0.01929478458942133
0.020583417394849143
0.0181285064602431
0.016726085665383136
0.018871950398107986
0.01951733408449606
0.0146579390519518
0.007469095452109281
0.003811711548268859
0.000991694372781296
0.00017199468460976636
1.988165737923748e-05
1.5317056694485798e-06
7.864666312643482e-08
2.6913300739246645e-09
6.138117560889234e-11
9.330071949825895e-13
9.451839380171745e-15
6.381594741598182e-17
2.871598102971475e-19
8.61191317290677e-22
1.7213024047467164e-24
2.2929588277595038e-27
2.0357145746445707e-30
1.2045340008252223e-33
4.750100400979055e-37
1.2484411163028721e-40
1.1872176697196521e-52
1.5074315629275829e-55
1.2756349372204992e-58
7.194436011842066e-62
2.7042612899520165e-65
6.774575652079554e-69
0.0
0.0
0.0
0.0
0.0
0.0
0.0
0.0
0.0
0.0
0.0
0.0
0.0
0.0
0.0
0.0
0.0
0.0
0.0
0.0
0.0
0.0
0.0
0.0
0.0
0.0
0.0
0.0
0.0
1.5561042058645773e-05
0.00014123685150708423
0.0008543561043820735
0.0034443825016912495
0.009279906611868935
0.01678286091166679
0.020947175088321668
0.020062164547190713
0.01908355726393114
0.020906328029920936
0.021738480675303123
0.019936588424843412
0.019511703867783777
0.02087516398259625
0.018845414772100194
0.012127051192790537
0.00528372870194835
0.0015397021202714052
0.00029926209125792955
3.877237734312467e-05
3.3480428591825776e-06
1.9268358544097767e-07
7.390618164217486e-09
6.709226145069117e-10
1.3086130928972302e-11
1.7011070861792754e-13
1.4737831859212123e-15
8.509755653221286e-18
3.274780012291256e-20
8.399022025777438e-23
1.4356773789248406e-25
1.635560234904703e-28
1.2418175031135872e-31
6.283918716869738e-35
2.119263161001392e-38
4.7634407453377094e-42
0.0
0.0
0.0
0.0
0.0
0.0
0.0
0.0
0.0
0.0
0.0
0.0
0.0
0.0
0.0
0.0
0.0
0.0
0.0
0.0
0.0
0.0
0.0
0.0
0.0
0.0
0.0
0.0
0.0
0.0
0.0
0.0
0.0
0.0
0.0
0.0
0.0
0.0
0.0
0.0
0.0
0.0
0.0
0.0
0.0
0.0
0.0
0.0
0.0
0.0
0.0
0.0
0.0
0.0
0.0
0.0
0.0
0.0
0.0
0.0
0.0
0.0
0.0
0.0
0.0
0.0
0.0
0.0
0.0
0.0
0.0
0.0
1.6405003160728596e-33
1.1163156613463003e-32
5.062665867884522e-32
1.5378054649416126e-31
3.1429714519785374e-31
4.459292218634733e-31
4.8399907777035965e-31
4.903532019730338e-31
5.202696359787684e-31
5.126972444179343e-31
4.444649722600047e-31
3.8327660070600527e-31
3.3243565625266905e-31
2.397549196092751e-31
1.2427768387585003e-31
4.3853369058433765e-32
1.0371086746661795e-32
1.6370354649643753e-33
3.8172381605003727e-34
3.0653674528020036e-35
1.640644375046372e-36
5.852377376478853e-38
1.3913387408727038e-39
2.2045262527638036e-41
2.3279802745626445e-43
1.6384186580610102e-45
7.68514431204826e-48
2.4024851875804303e-50
5.005540260753856e-53
6.950607221926973e-56
6.432445035312474e-59
1.5555146441506357e-34
1.3197751217729981e-33
7.4628947906067e-33
2.812524076790507e-32
7.06426084386552e-32
1.1825479325273364e-31
1.3193266268470216e-31
9.809964823548468e-32
4.8614309420062576e-32
1.6056184125298212e-32
3.534289389961835e-33
5.184936265166578e-34
1.1511674273489062e-34
8.587809226285841e-36
4.269802941535538e-37
1.4148644157845741e-38
3.1246642912982575e-40
4.5991063539703745e-42
4.511542878203314e-44
2.949567056935904e-46
1.2852067772938918e-48
3.7322376378317586e-51
7.223490692951009e-54
9.317652191255032e-57
8.010274903343613e-60
4.5895477720713884e-63
1.7525641225979622e-66
4.460252929492706e-70
0.0
0.0
0.0
0.0
0.0
0.0
0.0
0.0
0.0
0.0
0.0
0.0
0.0
0.0
0.0
0.0
0.0
0.0
0.0
0.0
0.0
0.0
0.0
0.0
0.0
0.0
0.0
0.0
0.0
0.0
0.0
0.0
0.0
0.0
0.0
0.0
0.0
0.0
0.0
0.0
0.0
0.0
0.0
0.0
0.0
0.0
0.0
0.0
0.0
0.0
0.0
0.0
0.0
0.0
0.0
0.0
0.0
0.0
0.0
0.0
0.0
0.0
0.0
0.0
0.0
0.0
0.0
0.0
0.0
0.0
0.0
0.0
0.0
0.0
0.0009997542713434072
0.008308056072427607
0.04601369589412319
0.17083324942924405
0.4260412706199176
0.730532721040513
0.9175323409365055
0.9670645039882971
0.9900218079599228
1.0
0.978542955263108
0.9429486843197153
0.8142970428149037
0.6428290489939262
0.3392445448716303
0.12227758364156517
0.02959759748498706
0.0047857261689995744
0.0005160866672625814
3.709965851297622e-05
1.7775675309294796e-06
5.676388274436825e-08
1.2080978412183933e-09
1.7136195849019146e-11
1.6199756950010211e-13
1.0206672885320446e-15
4.285894360849699e-18
1.1994448461450276e-20
2.2371785830332542e-23
2.781010139140692e-26
2.30401891293876e-29
1.272187299126648e-32
4.6816357351220385e-36
1.1482216506783678e-39
0.0
0.0
0.0
0.0
0.0
0.0
0.0
0.0
0.0
0.0
0.0
0.0
0.0
0.0
0.0
0.0
0.0
0.0
0.0
0.0
0.0
0.0
0.0
0.0
0.0
0.0
0.0
0.0
0.0
0.0
0.0
0.0
0.0
0.0
0.0
0.0
0.0
0.0
0.0
0.0
0.0
0.0
0.0
0.0
0.0
0.0
0.0
0.0
0.0
0.0
0.0
0.0
0.0
0.0
0.0
0.0
0.0
0.0
0.0
0.0
0.0
0.0
0.0
0.00029208472128114713
0.0020791205275240295
0.009863522527826506
0.031186451604944446
0.06571756062200498
0.0922950593727537
0.0863887163360443
0.05389111091546882
0.022405714611279503
0.006208433187211882
0.001146533561026781
0.00014111496748503714
1.1575531374955295e-05
6.328347821661242e-07
2.3057981894715192e-08
5.599300747983833e-10
9.062079002145977e-12
9.774700094880438e-14
7.026848446903001e-16
2.0891335842197546e-17
7.637055321443857e-20
1.860660810772138e-22
3.021273440257641e-25
3.2695983330964995e-28
2.358198299782402e-31
1.1335685512716003e-34
3.631589934553935e-38
7.754028035477895e-42
0.0
0.0
0.0
0.0
0.0
0.0
0.0
0.0
0.0
0.0
0.0
0.0
0.0
0.0
0.0
0.0
0.0
0.0
0.0
0.0
0.0
0.0
0.0
0.0
0.0
0.0
0.0
0.0
0.00017945688526524852
0.0011604760900928981
0.0050420848047338564
0.014710810186601165
0.029451278370329244
0.042527549851753554
0.04896260331494137
0.05108178710167692
0.05152390500180327
0.05035281608487896
0.046328021934646545
0.03629646229828477
0.021473463155244635
0.008909005706365955
0.004000779346717807
0.0008643452111713758
0.00012485843540172972
1.2034143880938212e-05
7.733230206877508e-07
3.312421402597643e-08
9.456522947571449e-10
1.7993087755407378e-11
2.2817275675909473e-13
1.9284315503881623e-15
1.0862417464202324e-17
4.077841988995714e-20
1.0202717878248905e-22
1.7013079116614232e-25
1.890738716907232e-28
1.4004308288095778e-31
6.913108234995308e-35
2.2743987018501816e-38
4.9870232084643474e-42
0.0
0.0
0.0
0.0
0.0
0.0
0.0
0.0
0.0
0.0
0.0
0.0
0.0
0.0
0.0
0.0
0.0
0.0
0.0
0.0
0.0
0.0
0.0
0.0
0.0
0.0
0.0
0.00033412987264957344
0.0022214179812941708
0.009842984674558347
0.029067312724740217
0.057209019620615816
0.07504222043216706
0.07177402744356577
0.04787525137011499
0.021671773776016433
0.00880273024707572
0.011937572566265325
0.030680227418177396
0.058060327360885615
0.07358643012716587
0.06217207667870682
0.0351040008554617
0.013927622120269977
0.007652861450638601
0.016651255617826006
0.039640193157971015
0.06483798925824118
0.07078042130754546
0.05149983226484644
0.024973607270942264
0.008071204395099578
0.0017385090826254903
0.00024957273058303617
2.387804935852483e-05
1.5225869694526719e-06
6.470635260433625e-08
1.832708016456476e-09
1.3592261228355931e-10
1.9576752596526184e-12
1.879191937221244e-14
1.202217863014957e-16
5.125978272063256e-19
1.4566388658085775e-21
2.758726083340911e-24
3.482167876512835e-27
2.9376677220876185e-30
3.639415256864647e-33
3.1896858394263617e-34
3.3823310333897404e-35
2.3949602901463793e-36
1.1302227220820305e-37
3.5547683070795904e-39
7.45143835757885e-41
1.0409993895424944e-42
9.69264674287426e-45
6.014725930860194e-47
2.4875444461320436e-49
6.856577729443922e-52
1.2595792757561136e-54
1.5421448125521314e-57
1.2583642061994988e-60
6.843355535939218e-64
2.4803524619651502e-67
1.0064150506050725e-69
0.0
0.0
2.9436223204175758e-34
2.3277377824917197e-33
1.2267825010908623e-32
4.3090609536274215e-32
1.008740018709679e-31
1.573828522424378e-31
1.6365041885067335e-31
1.1352334034445682e-31
5.337625981459341e-32
2.2034385894397808e-32
2.671779659401313e-32
6.225311255044713e-32
1.0877711414348737e-31
1.27509298012709e-31
9.96496342302933e-32
5.242476250641095e-32
2.1582711297451498e-32
2.0424628860306476e-32
5.004789016638807e-32
1.0013768429424617e-31
1.3509712540959889e-31
1.2154425763658498e-31
7.288152248796312e-32
4.1365733076509526e-32
1.2613249664462685e-32
2.5632726988349877e-33
2.9199900372979605e-33
1.6488228463047934e-32
7.015839102027726e-32
1.9932870321211658e-31
3.7744437190701846e-31
4.763407924887837e-31
4.006490766707927e-31
2.24590853606869e-31
8.390764527598797e-32
2.089260288326153e-32
3.467089985903356e-33
3.8345925656163033e-34
2.82653837719758e-35
1.3885838029613113e-36
4.546433593528926e-38
9.920901942640465e-40
1.4428228459050873e-41
1.3984804896241395e-43
9.034026527763382e-46
3.8894470128745217e-48
5.231411297586358e-34
3.699339712626764e-33
1.754582425403154e-32
3.959469806675521e-32
9.677181101615496e-32
1.6262309156955931e-31
1.961803326644176e-31
1.8460870701168173e-31
1.511259652632837e-31
1.1614370244705046e-31
8.467093077534304e-32
5.564074532606051e-32
2.982558985537707e-32
1.1842083701483297e-32
3.2836303281651625e-33
6.184813360902127e-34
7.822101328063106e-35
6.612346909027498e-36
3.729506090643728e-37
1.4025340070926827e-38
3.5158299261703803e-40
5.87423068605229e-42
6.541330274898257e-44
4.854747935272311e-46
2.4013218168728122e-48
7.916189456599286e-51
0.00026911925257620524
0.002091956555751864
0.006552275003256463
0.025900168547113328
0.06823302288988257
0.11980313476198247
0.1401920221217192
0.10945963602592026
0.0579323556081534
0.026194093558365307
0.030147074653273345
0.0678316091381403
0.11739193737195561
0.13665069308727157
0.10618251248927472
0.05586884059793338
0.024876271573849754
0.02816729597229177
0.06416528630243551
0.11289002904114147
0.1336027340242187
0.10543602793308428
0.055457160616057974
0.019440549624031963
0.004541936315238532
0.0007072209096164279
7.339233292672024e-05
5.076072792978895e-06
6.826741641275073e-07
2.4010057279121963e-08
5.62800498182334e-10
8.792194733101351e-12
9.154226880914149e-14
6.35225017011001e-16
2.9377515451547457e-18
9.054908818152405e-21
1.8600929536748477e-23
2.546635342528927e-26
2.3237019613471983e-29
1.4131089119428038e-32
5.727332467089058e-36
1.5470726248738095e-39
0.0
0.0
0.0
0.0
0.0
0.0
0.0
0.0
0.0
0.0
0.0
0.0
0.0
0.0
0.0
0.0
0.0
0.0
0.0
0.0
0.0
0.0
0.0
0.0
0.0
0.0
0.0
0.0
0.0
0.0
0.0
0.0
0.0
3.3910195786450036e-36
2.671738043892216e-35
1.4029396843627482e-34
4.909821166208403e-34
9.033394628925108e-34
1.607608290000508e-33
1.906738076496635e-33
1.5072433959802101e-33
7.94067256637353e-34
2.8345422370017365e-34
1.077511678240555e-34
2.6961058115999168e-34
1.0563915101030824e-33
2.861173223639312e-33
8.445939580519932e-05
0.0005826537632089958
0.0026788888181972378
0.008208813169579351
0.016764384050823665
0.022817937154891547
0.020698873296121054
0.012514070022224646
0.0050423385739847984
0.0014407653574630317
0.0008338528611475915
0.0027191451700774158
0.008156959946558967
0.016474268254446603
0.022181020646827945
0.01990405260119837
0.014780271552156754
0.006744427026105702
0.002110439568975639
0.0008481153963263931
0.0021563363110426855
0.006803754708568757
0.014668517759880468
0.02109164743855091
0.02021272247668704
0.012909841413085502
0.005495390470867364
0.0015590417796013606
0.0002947803289993979
3.7146747433214205e-05
3.1197847790930463e-06
1.74626449892372e-07
6.514438122917986e-09
1.6196659411551747e-10
2.683832974548981e-12
2.96392402697825e-14
2.181525020655954e-16
1.0701259058260332e-18
3.498574328679436e-21
7.623051972985105e-24
0.0004120119989443822
0.002615494913548603
0.007157325201399106
0.023104541063277338
0.04970790853345271
0.07127466469807117
0.06811243766812315
0.04338096536584265
0.01841422939980812
0.005519115254060025
0.003050029931152583
0.009325189387075314
0.027300879453867537
0.05394354250339167
0.0710622811737002
0.06239140427210722
0.03650833681810166
0.014308063869990712
0.0043123774743288506
0.004187879741220303
0.013778616329711602
0.03529742162963694
0.06057155734418155
0.06929099379710486
0.05286261782368164
0.027020177403114472
0.009599395285472686
0.004353777454794903
0.0019238410931416998
0.0017127706310517948
0.0017790415894368182
0.0017640128788983726
0.0016026734623095019
0.0012384168097193905
0.0007411007418146382
0.00031937219002416503
9.50713136307361e-05
1.9159548092335966e-05
2.5906115386487086e-06
2.3411179094096827e-07
1.4116878738058852e-08
5.676104214998202e-10
1.5213649823341733e-11
2.717913214498422e-13
3.23619744126536e-15
2.5681627980880793e-17
1.358295884599023e-19
4.787942379547321e-22
1.124826329943733e-24
1.76118014661741e-27
1.8378231616567e-30
1.2781600619125255e-33
5.92445395883102e-37
2.8322043055974433e-39
6.675599217233609e-43
1.5296804253857942e-62
5.700284008778407e-66
1.4157084608832476e-69
0.0
0.0
0.0
0.0
0.0
0.0
0.0
1.270378354376073e-34
8.26387862873282e-34
3.5827485016731405e-33
1.0352143039976441e-32
1.9935436695464e-32
2.5586023301090654e-32
2.1885747116946014e-32
1.2476751079757143e-32
4.821533104995894e-33
1.8509478837067402e-33
3.6829129902032346e-33
1.2431963448292657e-32
2.948986018176704e-32
4.670189232599087e-32
5.064758115607078e-32
4.0789402176806295e-32
2.1893620905916624e-32
7.88482204773767e-33
2.246161561018409e-33
2.106177144945735e-33
6.274690050858787e-33
1.562722130122523e-32
3.326513131124928e-32
6.629034808504347e-32
1.144637330038127e-31
1.4907613905104878e-31
1.3538115044407234e-31
8.402821443252101e-32
3.977891951403466e-32
2.9277928532338595e-32
4.791507133453134e-32
7.15318046856586e-32
7.349083641143398e-32
5.12510104277301e-32
2.862548045426401e-32
2.9274804711366465e-32
6.001357421913948e-32
1.0290469136768315e-31
1.2001712570750951e-31
9.34380563561751e-32
6.312183769797474e-32
2.4993081878875556e-32
6.59541737948723e-33
1.159968945328994e-33
1.3596652347548014e-34
1.0621825748645739e-35
5.530289928704419e-37
1.9190141442660988e-38
4.438027608985495e-40
6.840429507609508e-42
7.026811316009595e-44
4.810771843665488e-46
2.195092253542237e-48
6.675323878456643e-51
1.3529241684083205e-53
1.8274946584252148e-56
1.645206155133668e-59
9.871112084131451e-63
3.947238690064356e-66
1.0519673069402454e-69
0.0
0.0
0.0
0.0
0.0
0.0
0.0
0.0
0.0
0.0
0.0
0.0
0.0
0.0
0.0
0.0
0.0
0.0
0.0
0.0
0.0
0.0
0.0
0.0
0.0
0.0
0.0
3.1120104780151624e-05
0.00025069169320297683
0.001345923527400902
0.004815954490554387
0.008992723231553926
0.016362731240527315
0.019842752482754543
0.016037238251097635
0.008638509108289422
0.0031878572775443747
0.0013171428299575988
0.002662367950518167
0.007512449467033448
0.014736367259160508
0.019295535979569175
0.01683950013187215
0.009794538375171809
0.0038704546118136078
0.0014830569644179582
0.002451043134025093
0.006932167077242191
0.01395697792449982
0.01877676703482529
0.01683737926807128
0.010062626137043455
0.004008019165732798
0.00106397100366537
0.00018823975257421173
2.2195986015661748e-05
1.7442916021860034e-06
2.5543655494234216e-07
1.0207755896073178e-08
2.718686006707333e-10
4.825800631715658e-12
5.709015842909845e-14
4.50126590212567e-16
2.3653185475732093e-18
8.283734178991263e-21
1.9335001903781503e-23
3.0077645224604077e-26
3.118350972851035e-29
2.1547044241761155e-32
9.922747979283801e-36
3.0454941326126904e-39
6.22967114192945e-43
0.0
0.0
0.0
0.0
0.0
0.0
0.0
0.0
0.0
0.0
0.0
0.0
0.0
0.0001970243998812786
0.0014480083040985833
0.007287862392291943
0.024589608470707073
0.05761688213570579
0.09752022243759272
0.127855197752696
0.14144056636484667
0.14012338430272778
0.12326928828019781
0.09013641989660576
0.051772049277608
0.028399498370051398
0.03247731025962332
0.058311856204079866
0.08115414745305069
0.07668339254296688
0.050034184521172594
0.029534351468294473
0.03456042155220248
0.060196734468279625
0.08067296534865702
0.07341902976069277
0.0558772151431839
0.03141803667288785
0.02911953098034644
0.05075329264154003
0.07563426992672095
0.077125165433061
0.05254020448795946
0.023859504071727204
0.0072993871842114335
0.0019601446898197296
0.002361812598063607
0.006227904678611335
0.011868581781268298
0.015114266192705379
0.012829000988923223
0.007257403723145263
0.002736221878140007
0.0006875477865553783
0.0001151425951696742
1.2851407281375066e-05
9.55975823298568e-07
4.7394143487594195e-08
1.5659720170711392e-09
3.4484573858305025e-11
5.061127499181941e-13
4.950524804383403e-15
1.8072632166682469e-16
5.030967203018541e-07
4.6535307832179974e-06
2.8687667873854482e-05
0.00011786624437427608
0.0003227492153926992
0.0005890097623092179
0.0007164095042786114
0.0005807399901889323
0.00031447161031939987
0.0001192218106045671
6.31945065844261e-05
0.0001431668129467798
0.0003564500322631871
0.0006083999362597314
0.0006929131161174256
0.0005259827272319997
0.0002674245378676447
9.997596669007782e-05
7.31013878285176e-05
0.0001851909796036367
0.0004180986706095897
0.0006386257200567423
0.0006505521190284297
0.00044168414462844596
0.000199858955875235
9.402262231816342e-05
2.163449535195335e-05
3.3177428906130896e-06
3.390940999645399e-07
2.309826117824259e-08
1.0486242342294176e-09
3.1727952083590185e-11
6.398022158969165e-13
8.598664160994496e-15
7.701898346370335e-17
4.597758180331912e-19
1.8292624411402995e-21
4.850510592015965e-24
8.571966109636781e-27
1.009613110570359e-29
7.925215239865271e-33
4.146185214729684e-36
1.4456657079343405e-39
3.3594533007649487e-43
0.0
0.0
0.0
0.0
0.0
0.0
0.0
0.0
0.0
0.0
0.0
0.0
0.0
0.0
0.0
0.0
0.0
0.0
0.0
0.0
0.0
0.0
0.0
0.0
0.0
0.0
0.0
0.0
0.0
0.0
0.0
0.0
0.0
0.0
0.0
0.0
0.0
0.0
0.0
0.0
0.0
0.0
0.0
0.0
0.0
0.0
0.0
0.0
0.0
0.0
0.0
0.0
0.0
0.0
0.0
0.0
0.0
0.0
0.0
0.0
0.0
0.0
0.0
0.0
0.0
0.0
0.0
8.516527447243305e-35
5.77577353384015e-34
2.6105938494757505e-33
7.86411784437616e-33
1.5788550600628232e-32
2.1240562145217155e-32
1.9825778670079278e-32
1.6852243390515838e-32
2.6047448437275645e-32
5.621843284687148e-32
9.36518221871589e-32
1.0588234907606755e-31
8.07346489854642e-32
4.5096472419373733e-32
3.005035828321477e-32
3.9650016166771786e-32
5.052252036488549e-32
5.679246801913713e-32
4.757661549846494e-32
4.015233988678911e-32
4.770595410579594e-32
5.8335353776604e-32
5.28514778181369e-32
3.251368088589946e-32
1.344069846660815e-32
4.1086277582422825e-33
2.371137496149276e-33
4.413986914309455e-33
7.357368737439506e-33
8.312404517064678e-33
6.264212426166736e-33
3.409984402137501e-33
2.8217923889262357e-33
8.141595228368681e-33
2.3593235623562366e-32
4.6845451901459775e-32
6.237962171970389e-32
5.703249006517122e-32
4.051605336299468e-32
3.238118138683867e-32
3.5424573904721685e-32
3.850923213643705e-32
3.76716001514093e-32
3.4846189576556714e-32
3.2171510876854333e-32
2.639171218248659e-32
1.652692032647059e-32
7.286421288367661e-33
2.1893962853141343e-33
4.42677164753043e-34
5.991073963304403e-35
5.4146168309320657e-36
3.264497785809273e-37
1.312311275131018e-38
3.5166472022385984e-40
6.281232092906853e-42
7.477606054900117e-44
5.932959961551482e-46
3.1373742374689057e-48
1.1057193929227034e-50
2.5972041697721604e-53
4.065830654862157e-56
4.242035091769963e-59
2.9497206195470295e-62
1.3670018764932992e-65
4.2222008627633857e-69
8.691410439789242e-73
0.0
0.0
0.0
0.0
0.0
0.0
0.0
0.0
0.0
0.0
0.0
0.0
0.0
0.0
0.0
0.0
0.0
0.0
0.0
5.159942614946922e-35
3.5422434712347427e-34
1.6206658967245806e-33
4.941856457378465e-33
1.0043112046122983e-32
1.3602791377572163e-32
1.227917857047978e-32
7.387408946958293e-33
4.204635868273633e-33
1.3079827606706139e-33
3.984078967926883e-34
5.882511867217859e-34
1.4967370313221521e-33
2.6902619884347365e-33
3.2406953790809825e-33
2.6682902979673327e-33
1.795376175452363e-33
1.8639458261355262e-33
3.1365577376627946e-33
1.1292469753513204e-05
9.47373462181459e-05
0.0005297061831737672
0.0019739239566124818
0.00490238417370133
0.008114575650857013
0.008979125678142833
0.006766581894721222
0.004057297890792806
0.003556441470761319
0.005283295280946714
0.007058564761626966
0.007338319048943425
0.007068729340627402
0.007202557684001834
0.007202937397228004
0.005677867006631883
0.0031306999961948235
0.0011645114712613537
0.00028953325601900566
5.5370302822334415e-05
7.109901900488116e-05
0.0003923853711040811
0.0015565824862385504
0.0041346128054106
0.007385363103228935
0.009167643036407463
0.008879935493449707
0.008588489752391182
0.00912504577100188
0.008499205556065386
0.005941256797639094
0.003662809912785376
0.003719488577577771
0.005616736939286963
0.007436972784653382
0.008594599623232488
0.00998578931060296
0.010886777886331165
0.009431538069526697
0.007631865083268061
0.00685434308031727
0.011417163285575429
0.01964684635657725
0.02520192668461573
0.02541570296793601
0.02489453896878429
0.02560053482060509
0.02267533668449942
0.014576535298558362
0.0063876406752141615
0.0018760038154964499
0.0003677038084476695
8.687476362645322e-05
0.0002667674891975521
0.0011840163832761885
0.0035664470950661294
0.007205855190284755
0.009980616329886217
0.01027841068730883
0.009722740393252254
0.010131109223393631
0.010038298406901035
0.007999991782885924
0.006603063926469241
0.009709723277089369
0.014340792005328682
0.020867444786100673
0.020818047963882685
0.013894467278715964
0.006190160995244615
0.0018565219817028367
0.0004107458999414711
0.00011772469047088067
7.214987903809111e-05
4.4267147055032554e-05
1.9017110750337067e-05
5.470041661131808e-06
1.0490585524299307e-06
1.3409320641655422e-07
1.14234386476146e-08
6.485875585470946e-10
2.454267712453508e-11
6.189517620423058e-13
1.0403350284190342e-14
1.1653897331057665e-16
8.700630032915206e-19
4.3292410177151806e-21
1.4356691731446517e-23
3.173061901242838e-26
4.6741495885645146e-29
4.8595496037511295e-31
4.326528001760791e-33
3.6439226433307234e-33
2.910361552848845e-33
3.768925315905763e-33
6.988753115625038e-33
1.0542117726578374e-32
1.1631868534482649e-32
1.0644627008987346e-32
9.90621682328666e-33
9.168567397954792e-33
6.826696012579633e-33
3.590228613962309e-33
1.2777338298651751e-33
3.042298344082187e-34
5.787615907827064e-35
7.877805132907751e-35
3.789140370213668e-34
1.2965852953920243e-33
3.0040456321749673e-33
4.793189282456017e-33
5.832955233482857e-33
6.771333141207115e-33
8.534413561099219e-33
9.738241731331362e-33
8.686957493578492e-33
7.719352307347356e-33
9.686207150751405e-33
1.8253110453637846e-32
2.867094181269728e-32
3.097913542570728e-32
2.2395282585096268e-32
1.0795091683513743e-32
3.46818042543979e-33
7.426111165646045e-34
1.0597492068840054e-34
1.0079206508890584e-35
6.388974277358119e-37
2.6990907363141983e-38
7.599506274519105e-40
1.4260502180796111e-41
1.7834700026022916e-43
1.4865459802829175e-45
8.257953497491893e-48
9.770668732235243e-07
9.25857032326864e-06
6.0225316864050074e-05
0.0002611544221904899
0.0007796309222702935
0.0016433521084524866
0.002568147607977894
0.0031802910175031006
0.003328555518865035
0.0031455818577900254
0.0024923231003929325
0.0015523795383414673
0.0007127956434113835
0.0002306397901802389
5.121233260308048e-05
7.692363427297029e-06
7.758390388833852e-07
5.2345872678442735e-08
2.3581859358356e-09
7.086851937589888e-11
1.420062346931519e-12
1.896883357547086e-14
1.6888990739995209e-16
1.0022411333483891e-18
3.964004376033324e-21
1.274519435302383e-05
0.00010589819607006931
0.0005864246401560165
0.0021642997341260596
0.005323584480838137
0.00873269915877149
0.009585656688234316
0.0072508796328071235
0.0053038160567444375
0.0042016923338143285
0.005710446006897103
0.00769977705111071
0.00826854216627143
0.008110389811227622
0.008223354340913105
0.007495597442814463
0.005107311511965747
0.002397502215790829
0.0007566383657209665
0.00016519945541111823
7.629414150331387e-05
0.00034159720686789143
0.0014260210307575954
0.0040083878784589345
0.007579399340912232
0.009952361960440548
0.0100820721820373
0.009814351062383772
0.010170627981527016
0.009301036297770439
0.006543218533726856
0.004330186054699463
0.004660643147515829
0.0064089634070244785
0.006953720814834158
0.005742451366962761
0.0031770022758777485
0.0011721972483105605
0.0002882706115764906
4.7248271894540796e-05
5.161234302673973e-06
3.7575332845850424e-07
1.823197237198554e-08
5.895844504665337e-10
1.2706909485412244e-11
1.8252207602790676e-13
1.7473198536447855e-15
1.1148359667117716e-17
4.740575628966124e-20
1.3434847336365866e-22
2.537557888870417e-25
1.1324798397450525e-05
9.202084597278495e-05
0.0004983374341441649
0.00179863214230515
0.004326560059337868
0.0069362489417336285
0.007411193535233245
0.005291933529758028
0.002616344138374804
0.001565788511353296
0.0016732790704265027
0.0036784718442395945
0.006374572754813278
0.007446605350343177
0.005812119419295134
0.0030984251857004113
0.0015111328074473435
0.0019455230122066279
0.0041723697546115195
0.006688482000415662
0.0072018238633956375
0.005170764568667199
0.0024743564431032343
0.0007891365796187877
0.0001677349993584557
2.3761659009624897e-05
2.243424072188319e-06
3.5292863058160936e-05
0.00023880147786305782
0.0010811545857379553
0.00326235157150919
0.006560777993711947
0.008822871027679972
0.008061005575559176
0.005638762162831014
0.004788266168385723
0.005900173396559445
0.00824827028440953
0.008632205116636737
0.006485946653846812
0.004647028937586675
0.005478786541715716
0.00786548177987754
0.008580163876690467
0.006377926781854886
0.0032707185074776226
0.001385127525924202
0.0008396929442090047
0.0007836769387269014
0.0008648737462120915
0.0016097349013769514
0.003747740978129541
0.0067691779069567115
0.008790822666699378
0.009087332420483716
0.009031922120862691
0.008920644055995727
0.007312149234353989
0.004310155649416528
0.001730259789633765
0.0007542412571214761
0.00015584204984572664
2.7964135726235168e-05
3.9706460905768455e-05
0.00014179744405577277
0.0003568856025594263
0.0006081532263131955
0.0007361256605662606
0.0007276334386463772
0.000725715104638062
0.0007567983630442261
0.0007872839219195208
0.001219261488002289
0.0028023990070609123
0.005465655010837017
0.007376945554833856
0.006669078084896883
0.004020861128495028
0.0016158108066018707
0.0004327611191520839
7.724815667935869e-05
9.189875810211744e-06
7.286395127384435e-07
4.8764130085136994e-05
0.00035775766795664133
0.0017506475923695262
0.004027546179382608
0.010022002965374057
0.01662072919626917
0.01837076189834704
0.01353274228788579
0.00664394460152509
0.002173940943146181
0.0004740793400048509
6.890264049242137e-05
6.6742466049975275e-06
4.30873893757609e-07
1.853871644017642e-08
1.3407550872766325e-05
0.0001227554846974941
0.0007490849191870455
0.0030465112496341202
0.008257642306538736
0.014917323071812592
0.01796003888216203
0.01441136765236394
0.007706987792620191
0.002746917983774003
0.0006525116385527533
0.0001033028683118684
1.0899787885038941e-05
7.664878248431714e-07
1.0423116623315091e-07
3.7272402873004075e-09
6.048913555874379e-05
0.00042095240118850065
0.0019524089384175317
0.0060351786864288924
0.01243343209816793
0.017071570230242243
0.015622029707368493
0.009527588638007168
0.003872666373278516
0.0010491044263441834
0.00018941261610681682
2.2791905402809342e-05
1.8278220542036748e-06
9.769419097804107e-08
3.480047057858898e-09
8.26195909796815e-11
1.3072616257971424e-12
1.3785532079028281e-14
9.688713231734912e-17
4.538268832627467e-19
1.4167586845490633e-21
2.9476987457134944e-24
4.087444398719647e-27
4.056939766601276e-29
2.860684389560094e-32
1.7261647185338677e-35
1.5358771095973102e-07
1.1884760689173667e-06
6.440692979775388e-06
2.3249458672191984e-05
5.8426581582665794e-05
0.00010610303527952101
0.00014714737026506628
0.00016598079641919742
0.00015805975019447325
0.00012488438439517164
7.730907086255413e-05
3.530135825585812e-05
1.138144580447416e-05
2.523010699646516e-06
3.7891131066601114e-07
3.824965500129567e-08
2.584635008527359e-09
1.1666148085501476e-10
3.5134732632781757e-12
7.056394784979953e-14
9.44803079160674e-16
8.432339481229076e-18
5.016150570996179e-20
1.3145085554091508e-21
3.9766056430228224e-24
8.017728777411533e-27
1.081872747054344e-29
5.352193468451031e-32
3.755150857262395e-32
2.3878488575846637e-32
1.0464228734928763e-32
3.084785245815201e-33
6.320993257235695e-34
5.069425715272145e-07
4.728773200957364e-06
2.939813330599047e-05
0.00012180709138174537
0.00033636200997963766
0.0006190459025403245
0.0007593120917197907
0.0006207251278527529
0.00033818931769704236
0.00012280102523278122
2.971841533173431e-05
4.793258503491267e-06
5.152495285475861e-07
3.691355759419206e-08
1.7625268877754008e-09
5.47469034198148e-07
2.5064504625165136e-06
1.7511548930795603e-05
8.154030317419985e-05
0.00025304725569602523
0.0005233744166039192
0.0007214477711768449
0.0006627944307036702
0.00040582084715510175
0.00016560422170540249
4.503913104713296e-05
8.163758522638105e-06
9.862155491453961e-07
7.940266686078425e-08
4.260689450688203e-09
4.384828651211136e-07
4.142658049364029e-06
2.6093796851364494e-05
0.00010954117482518749
0.00030647782791072943
0.0005714816313994403
0.0007102104183253452
0.0005882383706425022
0.00032471414640637247
0.00011946222986209571
2.9291497335861866e-05
4.786676492138557e-06
1.1419925552581704e-06
9.489828347906241e-08
5.2557535149043215e-09
1.939961763305763e-10
4.772356724445647e-12
7.824456418276422e-14
8.54982058102481e-16
6.226462466625494e-18
3.0220893200373877e-20
9.775855337084708e-23
2.8876550885969365e-05
0.0002476693604724243
0.0014157311741603037
0.005393502147429062
0.013694382842060896
0.023173712890899204
0.02613547076876061
0.019644753367362818
0.009841116712828281
0.0032856684103013687
0.0007311132089908477
0.00010842441225037733
1.0716453183588363e-05
7.05921832222525e-07
3.099157904504042e-08
3.0784773203465477e-09
6.872672189120871e-11
1.022578950970235e-12
1.0140272275454115e-14
6.701683784812177e-17
2.9518874588149403e-19
8.665571459977147e-22
1.6954155802607145e-24
2.2107441297658602e-27
1.9301866039951447e-30
6.939067225876298e-33
2.5255977833820177e-33
7.294054903730055e-34
1.404200600046997e-34
1.8016519436337222e-35
1.5406152163893645e-36
8.780091051071319e-38
3.3349198786735066e-39
4.6294451882273474e-35
3.148240188285415e-34
1.4268854412022986e-33
4.310145242573574e-33
8.677132951618906e-33
1.164239008772437e-32
1.0410931513596371e-32
6.204668464951495e-33
3.507293429322736e-33
1.0629275730672479e-33
2.1469246024047924e-34
2.8900906211512255e-35
2.5929113972222766e-36
1.5504060018191522e-37
6.178524218371067e-39
9.946036991858863e-35
6.536536194552973e-34
2.863040762832185e-33
8.35774165379855e-33
1.6260425347959364e-32
2.1084165154500397e-32
1.8220591234723184e-32
1.0494217695009427e-32
4.028276021494786e-33
1.0458899401931614e-06
7.937796199017273e-06
4.0150915383007885e-05
0.00013535443984779465
0.00030411028554584496
0.0004697926690202057
0.0005596496622309072
0.0008138602359905075
0.0018019381080373095
0.00369790698658128
0.005031761851189669
0.006205355590357029
0.006375698369821457
0.006353773418452749
0.005887999622021108
0.0042778970904781615
0.002189269093419864
0.000758967619437548
0.0001768850555666233
3.3090146411205144e-05
3.395574670639787e-05
0.00011187207957927922
0.0002684447912349574
0.0004403697660358556
0.000523176602546763
0.0005236575558614538
0.000531060570801356
0.0005491818180155254
0.0006505136589698394
0.0012459775510411247
0.002727337831434689
0.004501213338467676
0.005046141698944135
0.0037804898444803873
0.001888357525187258
0.0009489078952262385
0.0002410399026645326
4.0807150004652496e-05
4.604317451196239e-06
3.462388681930261e-07
1.7352734838486333e-08
5.796176344978498e-10
1.2903181254984143e-11
1.9144038280972302e-13
1.8930054236927376e-15
1.24753204690481e-17
5.479401336459205e-20
1.603969331392097e-22
3.1292521343497274e-25
4.068802472641403e-28
3.526234181882265e-31
3.475370174600791e-34
4.600162577419569e-34
9.797797538422894e-34
1.3910389164818378e-33
1.3162296103175824e-33
8.300525367355026e-34
3.488679344528508e-34
9.772328890550514e-35
1.824385634936838e-35
2.2699524574739688e-36
4.51562324121454e-37
2.857066817612318e-38
1.2047713827739823e-39
1.2173344987099463e-35
8.532683907763166e-35
3.9860627833726454e-34
1.241035382449625e-33
2.5751690288648736e-33
3.561302508672468e-33
3.282415380402861e-33
2.0163214043958788e-33
8.25481852481598e-34
2.2523550312730875e-34
4.0958846186684683e-35
4.9640955040777854e-36
4.00972040589557e-37
1.392261895896054e-05
0.00010564068730538315
0.000534223572253315
0.001800513675008214
0.004044374370373977
0.006054632992443583
0.0060455678997306805
0.004059359908891611
0.0020393072314065313
0.0015823644623017825
0.0023389232613977924
0.004492999221581836
0.0061749078261758815
0.005695142359066802
0.003563124323978026
0.0018213731981006347
0.0018216483418186085
0.0035514365394281847
0.005646925471225502
0.00608806083915067
0.0043801874992442135
0.0021005366906826782
0.0006713555050025645
0.00014300677793229274
2.030216041229045e-05
1.920920704711043e-06
1.2113179938776585e-07
5.0908282779896484e-09
1.4259367932526482e-10
2.6619117346854837e-12
3.311834107849397e-14
2.746155001287954e-16
1.5176200885654993e-18
5.5896245146600234e-21
1.3720936406281517e-23
1.992899306000039e-25
2.487648714159455e-28
2.0695422536673845e-31
1.14746934220039e-34
4.2402301758702634e-38
1.0442856783153692e-41
0.0
0.0
0.0
0.0
0.0
0.0
0.0
0.0
0.0
0.0
0.0
0.0
0.0
0.0
0.0
0.0
0.0
0.0
0.0
0.0
0.0
0.0
0.0
1.250658067127646e-34
8.480988315493167e-34
3.832974139493758e-33
1.154534357768929e-32
2.322202822645437e-32
2.9679048315102358e-05
0.00019012303000619755
0.0008117102526158735
0.002309664420038752
0.004380946593797112
0.00554398023974431
0.004711132753818442
0.002808596003970004
0.0014875543043275986
0.0011687607829421623
0.0012568461198499427
0.0013558162109115846
0.00156809709563782
0.0018996950969197889
0.0020100950906903874
0.001648374523580207
0.0009914376657346575
0.00043261469463473813
0.00023596497106064524
0.00028698247705972253
0.0009731982759906163
0.0025930709827972614
0.00470834376768706
0.00607100927174064
0.006292135168054505
0.006299080340661566
0.0062235769816168405
0.005261082650662475
0.00373438664389719
0.0026933834272233363
0.002221957816434795
0.00174958743042365
0.0010946461660168304
0.0005022158201755044
0.00016272636116461097
3.639179117408524e-05
5.535376593739594e-06
5.675651327713731e-07
2.00912677545868e-06
1.5664196537439045e-05
8.298709585127551e-05
0.00029305136166576316
0.0006896976622383104
0.0010818207669426717
0.0011657011212491194
0.000929793176365948
0.0004942731772737627
0.0001751173917261923
4.134976684010945e-05
6.507263577013112e-06
6.825041234520877e-07
4.7708274471096466e-08
2.2226121641979107e-09
6.901050616810446e-11
1.428066024768939e-12
1.9695314006929264e-14
1.8103355496477212e-16
1.109013412192182e-18
4.527892061440467e-21
1.2320742482112784e-23
2.23439136160464e-26
2.7006179822851604e-29
2.1754475391436864e-32
1.1679267957803034e-35
4.178921167975985e-39
9.965389612879466e-43
2.886528424040575e-69
6.437611273895008e-73
0.0
0.0
0.0
0.0
0.0
0.0
0.0
0.0
0.0
0.0
0.0
0.0
0.0
0.0
0.0
0.0
0.0
0.0
0.0
0.0
0.0
0.0
0.0
0.0
0.0
0.0
0.0
0.0
0.0
0.0
0.0
0.0
0.0
0.0
0.0
0.0
0.0
0.0
0.0
0.0
0.0
0.0
0.0
0.0
0.0
0.0
0.0
0.0
0.0
0.0
0.0
0.0
0.0
0.0
0.0
0.0
0.0
0.0
0.0
0.0
0.0
0.0
0.0
0.0
0.0
0.0
0.0
0.0
0.0
0.0
0.0
0.0
0.0
0.0
0.0
0.0
0.0
0.0
0.0
0.0
0.0
0.0
0.0
0.0
0.0
0.0
0.0
0.0
0.0
0.0
0.0
0.0
0.0
0.0
0.0
0.0
0.0
0.0
0.0
0.0
0.0
0.0
0.0
0.0
0.0
0.0
0.0
0.0
0.0
0.0
0.0
0.0
0.0
0.0
0.0
0.0
0.0
0.0
0.0
0.0
0.0
0.0
0.0
0.0
0.0
0.0
0.0
0.0
0.0
0.0
0.0
0.0
0.0
0.0
0.0
0.0
0.0
0.0
0.0
0.0
0.0
0.0
0.0
0.0
0.0
0.0
0.0
0.0
0.0
0.0
0.0
0.0
0.0
0.0
0.0
0.0
0.0
0.0
0.0
0.0
0.0
0.0
0.0
0.0
0.0
0.0
0.0
0.0
0.0
0.0
0.0
0.0
0.0
0.0
0.0
0.0
0.0
0.0
0.0
0.0
0.0
0.0
0.0
0.0
0.0
0.0
0.0
0.0
0.0
0.0
0.0
0.0
0.0
0.0
0.0
0.0
0.0
0.0
0.0
0.0
0.0
0.0
0.0
0.0
0.0
0.0
0.0
0.0
0.0
0.0
0.0
0.0
0.0
0.0
0.0
0.0
0.0
0.0
0.0
0.0
0.0
0.0
0.0
0.0
0.0
0.0
0.0
0.0
0.0
0.0
0.0
0.0
0.0
0.0
0.0
0.0
0.0
0.0
0.0
0.0
0.0
0.0
0.0
0.0
0.0
0.0
0.0
0.0
0.0
0.0
0.0
0.0
0.0
0.0
0.0
0.0
0.0
0.0
0.0
0.0
0.0
0.0
0.0
0.0
0.0
0.0
0.0
0.0
0.0
0.0
0.0
0.0
0.0
0.0
0.0
0.0
0.0
0.0
0.0
0.0
0.0
0.0
0.0
0.0
0.0
0.0
0.0
0.0
0.0
0.0
0.0
0.0
0.0
0.0
0.0
0.0
0.0
0.0
0.0
0.0
0.0
0.0
0.0
0.0
0.0
0.0
0.0
0.0
0.0
0.0
0.0
0.0
0.0
0.0
0.0
0.0
0.0
0.0
0.0
0.0
0.0
0.0
