a = 4.749665496097099 b = 4.695210240090903 c = 16.657360648560022 ,Gaussian ,LMH = 0.08 ,DW = [0.1 0.1 0.1 0.1]
0.0
0.0
0.0
0.0
0.0
0.0
0.0
0.0
0.0
0.0
0.0
0.0
0.0
0.0
0.0
0.0
0.0
0.0
0.0
0.0
0.0
0.0
0.0
0.0
0.0
0.0
0.0
0.0
0.0
0.0
0.0
0.0
0.0
0.0
0.0
0.0
0.0
0.0
1.2084215922473346e-34
5.3583899153866416e-34
3.567872754631993e-33
1.5833099819035466e-32
4.682783619476027e-32
9.230469241436101e-32
1.2126208088775234e-31
1.0617146301847752e-31
6.19543971450381e-32
2.409450547324738e-32
6.245186999104868e-33
1.0788335032015562e-33
1.24206679391457e-34
9.530529406740347e-36
4.873833046977503e-37
1.6611384053165808e-38
3.7733104486667e-40
5.712428870477379e-42
5.763690086903059e-44
3.875805586584013e-46
1.7370203088435692e-48
5.188351083712586e-51
1.0328455061365391e-53
1.3703229162381075e-56
1.2116913989906146e-59
7.140731079926349e-63
2.8046255024205436e-66
1.2005968681402755e-68
0.0
0.0
0.0
0.0
0.0
0.0
0.0
0.0
0.0
0.0
0.0
0.0
0.0
0.0
0.0
0.0
0.0
0.0
0.0
0.0
0.0
0.0
0.0
0.0
0.0
0.0
0.0
0.0
0.0
0.0
0.0
0.0
0.0
0.0
0.0
0.0
0.0
0.0
0.0
0.0
0.0
0.0
0.0
0.0
0.0
0.0
0.0
0.0
0.0
0.0
0.0
0.0
0.0
0.0
0.0
0.0
0.0
0.0
0.0
0.0
0.0
0.0
0.0
0.0
0.0
0.0
0.0
0.0
0.0
0.0
0.0
0.0
0.0
0.0
0.0
0.0
0.0
0.0
0.0
0.0
0.0
0.0
0.0
0.0
0.0
0.0
0.0
0.0
0.0
0.0
0.0
0.0
0.0
0.0
0.0
0.0
0.0
0.0
0.0
0.0
0.0
0.0
0.0
0.0
0.0
0.0
0.0
0.0
0.0
0.0
0.0
0.0
0.0
0.0
0.0
0.0
0.0
0.0
0.0
0.0
0.0
0.0
0.0
0.0
0.0
0.0
0.0
0.0
0.0
0.0
0.0
0.0
0.0
0.0
0.0
0.0
0.0
0.0
0.0
0.0
0.0
0.0
0.0
0.0
0.0
0.0
0.0
0.0
0.0
0.0
0.0
0.0
1.2722052855747808e-33
4.998631801132255e-33
2.776152801626695e-32
1.0275835258222691e-31
2.534967804696219e-31
4.167823422950021e-31
4.56696541030582e-31
3.335244539325135e-31
1.6233388763946334e-31
5.265895607483147e-32
1.1384575702682284e-32
1.6403744700932188e-33
1.575254402154176e-34
1.0081843475257644e-35
4.300418756063803e-37
1.2225400414290987e-38
2.316311618047804e-40
2.924909458153787e-42
2.461554277220343e-44
1.380663850929589e-46
5.161168524560651e-49
1.2858481198300811e-51
2.135073629069823e-54
2.3627489942512255e-57
1.7426247008575265e-60
8.5658742107974e-64
2.8062158132754534e-67
1.0644407959967104e-69
0.0
0.0
0.0
0.0
0.0
0.0
0.0
0.0
0.0
0.0
0.0
0.0
0.0
0.0
0.0
0.0
0.0
0.0
0.0
0.0
0.0
0.0
0.0
0.0
0.0
0.0
0.0
0.0
0.0
0.0
0.0
0.0
0.0
0.0
0.0
0.0
0.0
0.0
0.0
0.0
0.0
0.0
0.0
0.0
0.0
0.0
0.0
0.0
0.0
0.0
0.0
0.0
0.0
0.0
0.0
0.0
0.0
0.0
0.0
0.0
0.0
0.0
0.0
0.0
0.0
0.0
0.0
0.0
0.0
0.0
0.0
0.0
0.0
0.0
0.0
0.0
0.0
0.0
0.0
0.0
0.0
0.0
0.0
0.0
0.0
0.0
0.0
0.0
0.0
0.0
0.0
0.0
0.0
0.0
0.0
0.0
0.0
0.0
0.0
0.0
0.0
0.0
0.0
0.0
0.0
0.0
0.0
0.0
0.0
0.0
0.0
0.0
0.0
0.0
0.0
0.0
0.0
0.0
0.0
0.0
0.0
0.0
0.0
0.0
0.0
0.0
0.0
0.0
0.0
0.0
0.0
0.0
0.0
0.0
0.0
0.0
0.0
0.0
0.0
0.0
0.0
0.0
0.0
0.0
0.0
0.0
0.0
0.0
0.0
0.0
0.0
0.0
1.2584840519706915e-06
5.393668265185835e-06
3.4126385731535856e-05
0.00014390567036658323
0.0004044334486844287
0.0007575264035405812
0.0009456491378321482
0.0007867628327041742
0.0004362537648125113
0.00016121895012193653
3.9707682222218555e-05
6.518002680485318e-06
7.130764275751657e-07
5.1992317201891704e-08
2.5265262526887597e-09
8.182575197937985e-11
1.7661913084881392e-12
2.5407798090117685e-14
2.4360032534093454e-16
1.5565757011563938e-18
6.628941363567532e-21
1.881480218095217e-23
3.559071261244781e-26
4.4869916271447834e-29
3.7701218146921685e-32
2.1112373213439842e-35
7.879529294563197e-39
3.2601927795499665e-41
0.0
0.0
0.0
0.0
0.0
0.0
0.0
0.0
0.0
0.0
0.0
0.0
0.0
0.0
0.0
0.0
0.0
0.0
0.0
0.0
0.0
0.0
0.0
0.0
0.0
0.0
0.0
0.0
0.0
0.0
0.0
0.0
0.0
0.0
0.0
0.0
0.0
0.0
0.0
0.0
0.0
0.0
0.0
0.0
0.0
0.0
0.0
0.0
0.0
0.0
0.0
0.0
0.0
0.0
0.0
0.0
0.0
0.0
0.0
0.0
0.0
0.0
0.0
0.0
0.0
0.0
0.0
0.0
0.0
0.0
0.0
0.0
0.0
0.0
0.0
0.0
0.0
0.0
0.0
0.0
0.0
0.0
0.0
0.0
0.0
0.0
0.0
0.0
0.0
0.0
0.0
0.0
0.0
0.0
0.0
0.0
0.0
0.0
0.0
0.0
0.0
0.0
0.0
0.0
0.0
0.0
0.0
0.0
0.0
0.0
0.0
0.0
0.0
0.0
0.0
0.0
0.0
0.0
0.0
0.0
0.0
0.0
0.0
0.0
0.0
0.0
0.0
0.0
0.0
0.0
0.0
0.0
0.0
0.0
0.0
0.0
0.0
0.0
0.0
0.0
0.0
0.0
0.0
0.0
0.0
0.0
0.0
0.0
0.0
0.0
0.0
0.0
0.0
0.0
5.511024129364406e-33
4.258673632102619e-32
2.1932995682296178e-31
7.528407101757948e-31
1.7222245926320356e-30
2.6257781218558947e-30
2.668135078187603e-30
1.8069209277784082e-30
8.155527029999716e-31
2.4551875332296757e-31
5.061646306004626e-32
1.3728730803802776e-32
2.4414537801057307e-32
5.299214743068545e-32
7.886684159001343e-32
8.076849774054586e-32
6.42991066729835e-32
5.594990224534103e-32
6.236988181539096e-32
6.442877095529595e-32
5.378521168705279e-32
4.600568948449818e-32
5.02652805684243e-32
5.275085394361742e-32
4.0683059953433175e-32
2.764571717058702e-32
1.1088458171399175e-32
2.967580720852011e-33
5.294293867193093e-34
6.295235780170052e-35
4.988851683123772e-36
2.2645189624169757e-05
0.00018685498236201554
0.0010275783640982398
0.0037662293954392164
0.009215745862039638
0.015116533855477766
0.017062211816521764
0.014905039393055498
0.013844353848375198
0.016035644014302346
0.017318277472819252
0.015335445162222851
0.0139558541438932
0.01568353383839148
0.016526623001496748
0.012750605533836615
0.006686102623028274
0.0023456029664900265
0.0005488274066265409
8.55972023952116e-05
1.979628147458426e-05
1.5700861689073415e-06
8.299379903729958e-08
2.9238123208056454e-09
6.864911047422301e-11
1.0742414108142664e-12
1.1203414775924408e-14
7.787184924399836e-17
3.607381798328113e-19
1.113743748539415e-21
2.2917117805762938e-24
3.142796518245919e-27
2.872460581486024e-30
1.7497396774615265e-33
7.103532155880587e-37
1.9220151631904144e-40
0.0
0.0
0.0
0.0
0.0
0.0
0.0
0.0
0.0
0.0
0.0
0.0
0.0
0.0
0.0
0.0
0.0
0.0
0.0
0.0
0.0
0.0
0.0
0.0
0.0
0.0
0.0
2.443618382540637e-05
0.00020020453460295034
0.001093190841412148
0.003978319031791961
0.009683801314857856
0.015864346834071032
0.018170614180563895
0.016730843854593273
0.016190258070958606
0.017684378699658377
0.018781136836173124
0.017282579095501974
0.016511110274900494
0.017840527212680122
0.016971779738216102
0.01168023478455347
0.005461118129499345
0.0017089172407355805
0.00035672847236257517
4.963882289321197e-05
4.603680165224832e-06
2.8456031587261226e-07
1.1722653531453563e-08
3.2185425682113977e-10
5.889442330568616e-12
7.182417502693707e-14
5.837792702011634e-16
3.1623376651586045e-18
1.1416930584401736e-20
2.7470845633935376e-23
4.405307663888763e-26
4.7082770371886495e-29
3.353739465818492e-32
1.592128741031238e-35
7.733539051120325e-38
1.8669372624057464e-41
0.0
0.0
0.0
0.0
0.0
0.0
0.0
0.0
0.0
0.0
0.0
0.0
0.0
0.0
0.0
0.0
0.0
0.0
0.0
0.0
0.0
0.0
0.0
0.0
0.0
0.0
0.0
0.0
0.0
0.0
0.0
0.0
0.0
0.0
0.0
0.0
0.0
0.0
0.0
0.0
0.0
0.0
0.0
0.0
0.0
0.0
0.0
0.0
0.0
0.0
0.0
0.0
0.0
2.2539638300274706e-34
1.807576623395774e-33
9.661132490702105e-33
3.4414455925792086e-32
8.170249633957514e-32
1.2927403143158976e-31
1.3632289713147851e-31
9.621438077314122e-32
4.844097898791117e-32
3.4904676769899055e-32
8.457053837512552e-32
2.146419133838719e-31
3.802744923559416e-31
4.793091409262903e-31
4.938992396699426e-31
5.1672174156329494e-31
5.57721910963135e-31
5.321475891454464e-31
4.570673719846176e-31
4.08154006047961e-31
3.5426401233933924e-31
2.4238781160510483e-31
1.5504862471878065e-31
5.739456724270317e-32
1.4236893435488868e-32
2.356869955322921e-33
2.601277139141571e-34
1.913623620097263e-35
9.38247300643467e-37
3.065928448004724e-38
6.677114776182942e-40
9.691641995866806e-42
9.375349566919232e-44
6.044482626578915e-46
2.597241586487978e-48
7.437844787751694e-51
1.4195916064355197e-53
1.8057652141524436e-56
1.5308783830502188e-59
8.649711985504762e-63
3.2571979373541717e-66
8.174631861488857e-70
0.0
0.0
0.0
0.0
0.0
0.0
0.0
0.0
0.0
0.0
0.0
0.0
0.0
0.0
0.0
0.0
0.0
0.0
0.0
0.0
0.0
0.0
0.0
0.0
0.0
0.0
0.0
0.0
0.0
0.0
0.0
0.0
0.0
0.0
0.0
0.0
0.0
0.0
0.0
0.0
0.0
0.0
0.0
0.0
0.0
0.0
0.0
0.0
0.0
0.0
0.0
0.0
0.0
0.0
0.0
0.0
0.0
0.0
0.0
0.0
0.0
0.0
0.0
0.0
0.0
0.0
0.0
0.0
0.0
0.0
0.0
0.0
0.0
0.0
0.0
0.0
0.0
0.0
0.0
0.0
0.0
0.0
0.0
0.0
0.0
0.0
0.0014581438191648575
0.011387321050145541
0.05926855202657844
0.20676148588956966
0.48478191651907193
0.783563012916426
0.937544255061826
0.9660700924143427
0.9903898760126056
1.0
0.9753683189870656
0.948291628528184
0.8332533791491025
0.5626801406304159
0.26608605599194707
0.08514757824311929
0.018241271930045048
0.00260788568662248
0.00024858156318173123
1.579351655994188e-05
6.687814960404098e-07
1.8874491014142838e-08
1.3964889335781846e-09
2.0041606101759393e-11
1.9169431944417436e-13
1.2219897305025829e-15
5.191674185905031e-18
1.4700389939712763e-20
2.7741620697360334e-23
3.48912358536082e-26
2.92470739919226e-29
1.6339171955346773e-32
6.083579826816304e-36
1.5096279467116635e-39
0.0
0.0
0.0
0.0
0.0
0.0
0.0
0.0
0.0
0.0
0.0
0.0
0.0
0.0
0.0
0.0
0.0
0.0
0.0
0.0
0.0
0.0
0.0
0.0001359951007492482
0.001159650092694669
0.0065904067460644455
0.02496197934409626
0.06301259540266627
0.10601254600208028
0.11886902747609424
0.08883041736456843
0.04424215203873126
0.014685621588089377
0.00324885232362586
0.0004790150480397188
4.707061697261492e-05
3.0827064635433835e-06
1.3455381115677236e-07
3.914185303670833e-09
7.588716151382826e-11
4.371399048320116e-12
4.3097289832930654e-14
2.831789817198085e-16
1.240091181636793e-18
3.619326568532436e-21
7.040175259938695e-24
9.126845918839466e-27
7.885686636524172e-30
4.5408782670296716e-33
1.7426964719859012e-36
4.457436785155914e-40
0.0
0.0
0.0
0.0
0.0
0.0
0.0
0.0
0.0
0.0
0.0
0.0
0.0
0.0
0.0
0.0
0.0
0.0
0.0
0.0
0.0
0.0
0.0
0.0
0.0
0.0
0.0
0.0
0.0
0.0
0.0
0.0
0.0
0.0
0.0
0.0
0.0
0.0
0.0
0.0
0.0
0.0
0.0
0.0
0.0
0.0
0.0
0.0
0.0
0.0
0.0
0.0
0.0
3.141747495007875e-05
0.0002849817626174477
0.0017228378610087763
0.00699561411703005
0.019086273243669568
0.03581306958224908
0.04887922245970419
0.05431582269338225
0.05608843750018829
0.056489914049572494
0.05525767610420315
0.05139700258138139
0.04096361246598747
0.03028670252937882
0.014423604424945951
0.004690399887530085
0.0010249768139828355
0.00014969149998052858
1.4583402776046296e-05
9.471822246759881e-07
4.1004658492939326e-08
1.1831199240400978e-09
2.2751531270718405e-11
2.91592005300003e-13
2.49070710792254e-15
1.4179190170497347e-17
5.379746346264659e-20
1.3603596388633146e-22
2.2925944221797348e-25
2.575029892498233e-28
1.9276086537191896e-31
9.61694224927238e-35
3.1976924914776546e-38
7.086273894853216e-42
0.0
0.0
0.0
0.0
0.0
0.0
0.0
0.0
0.0
0.0
0.0
0.0
0.0
0.0
0.0
0.0
0.0
0.0
0.0
0.0
0.0
0.0
0.0
0.0
0.0
0.0
0.0
0.0
0.0
0.0
0.0
0.0
0.0
0.0
0.0
0.0
0.0
0.0
0.0
0.0
0.0
0.0
0.0
0.0
0.0
0.0
0.0
0.0
0.0
0.0
0.0
0.0
0.0
0.0
0.0
0.0
0.0
0.0
0.0
0.0
0.0
0.0
0.0
0.0
0.0
0.0
0.0
0.0
0.0
0.0
0.0
0.0
0.0
1.3895384633641912e-33
1.0570490587639264e-32
5.359216020367778e-32
0.0003310404808835402
0.002200878571375782
0.009751975643951064
0.028798554005621715
0.05668006040856677
0.07434837400631596
0.07111039899382295
0.04743259293252379
0.021472519497548036
0.008728565988457424
0.01185814276411793
0.030484876085162326
0.05769149365325039
0.0731190156780874
0.061777167145732545
0.034881302762189884
0.013841465593431284
0.0076170335465099
0.016592626886953638
0.039504260040363795
0.06461592671483195
0.07053802037703118
0.05132346180782893
0.02488808066195057
0.008043563104384702
0.0017325552456763104
0.00024871802389229346
2.3796274685062196e-05
1.5173725966043724e-06
6.448475406520398e-08
1.8264315783208553e-09
1.3545712085799157e-10
1.950970848722719e-12
1.872756306540842e-14
1.19810065177618e-16
5.10842343778507e-19
1.4516503440697977e-21
2.7492782961270964e-24
3.47022181366961e-27
2.919707942018816e-30
1.685424953986521e-33
4.3602046823173315e-36
1.6613607915055347e-34
1.4642466908648646e-33
8.610843310309253e-33
3.4035469079692514e-32
9.021364586011408e-32
1.6337579163834625e-31
2.099846426056075e-31
2.074826500347371e-31
1.7734417105247063e-31
1.4410054593319714e-31
1.1384993505683526e-31
8.443424717109216e-32
5.649123432218658e-32
4.5806188851099173e-32
7.342181910754688e-32
1.1199444195012623e-31
1.6694603059239455e-31
1.694225063566724e-31
1.1499853639390317e-31
5.309089412385358e-32
2.255846636892e-32
3.031653509624914e-32
7.156235193143527e-32
1.2415715701931544e-31
1.4432522597010606e-31
1.11843899313868e-31
5.827422482174405e-32
2.3380056549808333e-32
2.057758259455904e-32
4.960042268251336e-32
9.958908701715327e-32
1.349787769612284e-31
1.2200582021833645e-31
7.350064871999252e-32
2.951100810982667e-32
7.896933885500346e-33
1.408362681065817e-33
1.6739869321433358e-34
1.326084400978297e-35
7.0011892548578104e-37
2.463508227009837e-38
2.1114283248260848e-39
3.777992774768836e-41
4.505338753941978e-43
3.5807609360468995e-45
1.896726671575798e-47
6.696004297288907e-50
1.575463131288371e-52
2.4704855224502376e-55
2.5818911578107604e-58
1.798353628050435e-61
8.348218526396943e-65
2.582819581959952e-68
5.325689962455416e-72
0.0
0.0
0.0
0.0
0.0
0.0
0.0
0.0
0.0
0.0
0.0
0.0
0.0
0.0
0.0
0.0
0.0
0.0
0.0
0.0
0.0
0.0004895954617895791
0.003465574657412943
0.016349131344739733
0.0514038508493776
0.10771549335269605
0.15043269752152094
0.14001928632757535
0.08728737828842308
0.03900631998362276
0.024805482945065113
0.049682140725149614
0.10262830227001629
0.1460384757398405
0.13876704243320306
0.08822299282486168
0.03961598326136229
0.023076832738235246
0.03316562698993969
0.07608481648450889
0.1286924261821963
0.14594863431430316
0.1103507705079216
0.05560840944364726
0.018676159968578583
0.004180384907366074
0.0006236292931372502
6.200379768787563e-05
4.10857881595174e-06
1.8144562575559337e-07
5.3405124423039874e-09
1.0476130694959661e-10
1.3696210830303294e-12
1.193387557825444e-14
6.930173807611965e-17
2.6821823241781258e-19
6.918532950963492e-22
1.1893817748848366e-24
1.3627308676449064e-27
1.0405919346946237e-30
5.2958096397258114e-34
1.7962460424828415e-37
4.0605123056625405e-41
0.0
0.0
0.0
0.0
0.0
0.0
0.0
0.0
0.0
0.0
0.0
0.0
0.0
0.0
0.0
0.0
0.0
0.0
0.0
0.0
0.0
0.0
0.0
0.0
0.0
0.0
0.0
0.0
0.0
1.4171377399388104e-33
1.1637996176156612e-32
6.369801585268177e-32
2.323566718208197e-31
5.648926681712994e-31
9.152890715987279e-31
9.883986969199551e-31
7.113569837181959e-31
3.4121222527895384e-31
1.090794940450979e-31
2.324037839009495e-32
3.300082696029738e-33
3.123115165460864e-34
1.9698480356834214e-35
9.756738476734656e-35
8.678363948867159e-34
5.188370820344581e-33
5.094375597076994e-06
3.509768309106263e-05
0.00016398466689098476
0.0005148810063447598
0.0011185325962959323
0.0017596737013462294
0.0020694250500815576
0.002308894017663887
0.0023602340978115754
0.0022606358897276284
0.0019348457490795075
0.0013474860392790474
0.0006973395393512701
0.0002530775133829892
0.0001007469259374626
0.00031954291832598917
0.0016695224013323243
0.006000905201475311
0.014385060106744242
0.02298233275170646
0.024471365698714158
0.01736616234730677
0.008213552822535535
0.002627881608717581
0.0008559621202382466
0.0017472359332190875
0.0059713364016582594
0.014187520633630055
0.02249124411895535
0.023763742178286244
0.016733934628777997
0.007853493004231497
0.003811154034340852
0.0011229883388984103
0.0014030126601334032
0.004829750608444866
0.012268503778832086
0.020832281465728353
0.02357760196790537
0.017784635787136314
0.008940707675259578
0.002995576150044605
0.0006689141471812724
9.955015631359131e-05
9.874044033344529e-06
6.527242097985284e-07
2.8757155834505893e-08
8.443911809323827e-10
1.652429710159656e-11
9.809625957058839e-05
0.0008284350585618911
0.0046627919737957544
0.01749102091644671
0.04372862546173993
0.07286148887242815
0.08091178922583644
0.05988349187420547
0.02953819658074796
0.014785461879687257
0.004291775710269666
0.004209531703985361
0.014406215935414093
0.03814209380425716
0.06760890955766777
0.07988032468332175
0.06290118011371265
0.03301105138020181
0.011684150498380806
0.0037793992637854437
0.006137993421186313
0.02008732989815649
0.04681624650697307
0.07286769724731394
0.07559292549214677
0.05226483462984761
0.02408349871572618
0.007396242235146351
0.001513854798820172
0.00020650894384470963
1.8774788678956714e-05
1.1376084192952717e-06
4.594011582714376e-08
1.2364396465204263e-09
8.863277361603859e-11
1.2130473595203178e-12
1.1064778432658383e-14
6.726501369501128e-17
2.725318700783169e-19
7.359137302866829e-22
1.3243966195329624e-24
1.5885129858853768e-27
1.2698283638637665e-30
6.7652028924168276e-34
2.4021392327196008e-37
5.684562882896414e-41
0.0
0.0
0.0
0.0
0.0
0.0
0.0
3.29358762191015e-34
2.6042718411241005e-33
1.3724134216536615e-32
4.8202009760647666e-32
1.1284773363263545e-31
1.7618516380081415e-31
1.841115544586128e-31
1.5304005784763654e-31
9.05376684069014e-32
5.806742940103185e-32
6.841995416115537e-32
9.91734589044608e-32
1.1685879666895513e-31
9.9966623959536e-32
6.117212468098319e-32
3.557135300808106e-32
5.08964560665788e-32
1.1326554270567007e-31
1.8883150400820945e-31
2.1199083190979223e-31
1.5894422266400458e-31
7.954632646532033e-32
2.663051698989835e-32
6.340037056667002e-33
2.8846977148904046e-33
6.539630393436199e-33
1.3859969315762653e-32
1.9826920220378106e-32
1.8910411573012505e-32
1.202080495195856e-32
5.0926969350025324e-33
1.4379496097880086e-33
2.705957995194175e-34
7.092622298950823e-35
6.78713983277867e-36
4.32860850901085e-37
1.839887924064845e-38
5.2121388572626145e-40
9.84061257132825e-42
1.23825428205418e-43
1.0384344595916452e-45
5.804033259801375e-48
2.162032618013048e-50
5.367550500912882e-53
8.881198662700724e-56
9.793740187827425e-59
7.197921744788118e-62
3.5257150618093157e-65
1.1509828415078316e-68
2.5042174410939823e-72
0.0
0.0
0.0
0.0
0.0
0.0
0.0
0.0
0.0
0.0
0.0
0.0
0.0
0.0
0.0
0.0
0.0
0.0
0.0
0.00011572792766757866
0.0010076468161726337
0.005941597323223486
0.023463645470165356
0.06346906552370725
0.12127870893359259
0.17363698452325513
0.20310569307008103
0.21115144018500806
0.2020769460473494
0.17334157932703184
0.12704044308339332
0.07845413000451984
0.04171139643200117
0.01904986768734664
0.010549658653775582
0.0062722567809254046
0.010491987951986671
0.019114071669300854
0.02435886643737118
0.02076376986143775
0.01179915827916462
0.004535911123264643
0.0016148105043812782
0.00254151467043943
0.007592936980536975
0.016248531178939107
0.02323459302239121
0.022145075535619386
0.014067022723485543
0.006002646494242791
0.002044485049337942
0.002185351096173759
0.006435402675321944
0.014587321315525698
0.022163806617377345
0.022448437233623417
0.015153493605406744
0.006817436450694432
0.0020441416127385073
0.00040849092111518506
0.00011144593228101579
1.1325000535422298e-05
7.669972185904375e-07
3.462030543273859e-08
1.0414766782735187e-09
2.0880925873726215e-11
2.7901753798512053e-13
2.4848192392043243e-15
1.4748221378473085e-17
5.833994872964184e-20
1.5380625100714494e-22
9.265916755534926e-05
0.0008352986590170866
0.005018532284864704
0.02009524052459521
0.05362795586411611
0.09538296666472475
0.11314981707373349
0.09009196565498782
0.05170487306871304
0.035482665394361394
0.055235604242232846
0.09329372146667246
0.1115201620362061
0.08995581037143158
0.0516855567235429
0.03591961901230009
0.041683347541355505
0.07592793888993393
0.10677314005923436
0.10144995463477928
0.0643176826347301
0.02717899295095938
0.007654582482004317
0.0014367840821683728
0.0001797393151998208
1.4985671489172176e-05
8.32704442201869e-07
3.0838063846528914e-08
7.611405736498003e-10
1.2520572616731155e-11
1.3726665723703467e-13
1.0029689129591642e-15
4.884177459141154e-18
1.585174019971658e-20
3.428814616285687e-23
4.943022784293893e-26
4.7492252461191696e-29
3.041126400760312e-32
1.29785962826374e-35
3.6914970300733736e-39
1.274343721227587e-41
0.0
0.0
0.0
0.0
0.0
0.0
0.0
0.0
0.0
0.0
0.0
0.0
0.0
0.0
0.0
0.0
0.0
5.306789861867382e-06
3.384789010357113e-05
0.00014388411899331931
0.0004076389458153599
0.0007696974111907474
0.000968603268216793
0.0008123690750939724
0.00045470451176922834
0.0002487989298891432
9.032113171512869e-05
0.0001105122115298294
0.00031057421895918643
0.0006539482647535415
0.0009222830397115869
0.0008670672193881606
0.0005432832142424822
0.00023086237940957328
8.979042081637841e-05
0.00013032843598026752
0.0003533310862056846
0.0006958389420401753
0.0009167579065612046
0.0008051013053530088
0.00047122768266229915
0.00018381998537087216
4.778990993279115e-05
8.280589303330835e-06
9.56242026053071e-07
7.359629580118923e-08
3.77507543307548e-09
1.2905560172171375e-10
2.9404218021813592e-12
4.4650256344921216e-14
4.518765737364195e-16
1.6875290883955077e-17
8.684597964571789e-20
2.978720247868532e-22
6.809124339678924e-25
1.037371614416783e-27
1.0533167824912194e-30
7.127959044176546e-34
3.214792420109604e-37
9.663227937657148e-41
1.9358560506776736e-44
0.0
0.0
0.0
0.0
0.0
0.0
0.0
0.0
0.0
0.0
0.0
0.0
0.0
0.0
0.0
0.0
0.0
0.0
0.0
0.0
0.0
0.0
0.0
0.0
0.0
0.0
1.2441899742987301e-34
9.332941191261524e-34
4.709894697451489e-33
1.5868166853176998e-32
3.6215174581408914e-32
5.706279903803021e-32
6.554440453023966e-32
6.196321781775588e-32
5.690014531027075e-32
5.224890969199472e-32
4.294425851479395e-32
3.31777425054545e-32
3.245515035457351e-32
3.7695365686464154e-32
3.6529843010798516e-32
3.0903380743329073e-32
2.691124306988711e-32
4.790792949962412e-32
1.0061536561487707e-31
1.5377306534912524e-31
1.5832453362042171e-31
1.1019622355991839e-31
5.812209680399859e-32
4.231460537867816e-32
6.063109880818815e-32
8.154681596327766e-32
7.626727158549363e-32
4.791206528059939e-32
2.1096390790157662e-32
1.0187515121108095e-32
1.312612423792981e-32
2.1099374463509878e-32
2.4236790542914901e-32
1.8651643256905947e-32
9.569777585518476e-33
3.272499786511121e-33
7.458298767184536e-34
1.13287379913801e-34
1.1468453053846459e-35
7.737660990900112e-37
3.4793338581343434e-38
3.5117309366201825e-39
8.02990151984017e-41
4.024621529145227e-34
2.5686120785555475e-33
1.0925807495702634e-32
3.0973488093429166e-32
5.852052810206205e-32
7.368988946607425e-32
6.184279675521656e-32
3.460437895540143e-32
1.301138295551162e-32
3.8440782396906465e-33
2.865426737510764e-33
5.7309497736218854e-33
9.188296953773137e-33
9.910277602552703e-33
7.126948575331209e-33
3.795325099892232e-33
3.645040848692287e-33
1.1690139231600341e-32
3.4293237728979143e-32
6.827800247744618e-32
9.06804371381105e-32
8.026864685000232e-32
4.735443731223305e-32
1.8619028121258402e-32
7.976066278360221e-33
1.5947318346241453e-33
2.1250449542662103e-34
1.8872530150291885e-35
1.1170527502192665e-36
4.406550835116959e-38
1.158525067612546e-39
2.0299887641847827e-41
2.3706278446353513e-43
1.8450777700980635e-45
9.570784108965576e-48
3.308734436064443e-50
7.623560501077908e-53
1.1706722915333534e-55
1.1981036063112362e-58
8.172124225358587e-62
3.714985237591686e-65
1.1255395834813929e-68
2.27272035707138e-72
0.0
0.0
0.0
0.0
0.0
0.0
0.0
0.0
0.0
0.0
0.0
0.0
0.0
0.0
0.0
0.0
0.0
0.0
0.0
0.0
0.0
0.0
0.0
0.0
0.0
0.0
0.0
0.0
0.0
0.0
0.0
0.0
0.0
0.0
0.0
0.0
0.0
0.0
0.0
0.0
0.0
0.0
0.0
0.0
0.0
0.0
0.0
0.0
0.0
0.0
0.0
0.0
0.0
0.0
0.0
0.0
0.0
0.0
0.0
0.0
0.0
0.0
0.0
0.0
0.0
0.0
0.0
0.0
0.0
0.0
0.0
3.456584603515386e-34
2.3424590891142142e-33
1.0579822620089275e-32
3.18468370948528e-32
6.38904246168397e-32
8.5569906748591e-32
7.729543695359392e-32
5.154110484913408e-32
4.0692570934719196e-32
5.943184563688877e-32
8.833693198906239e-32
9.37187561071875e-32
6.853060554753953e-32
1.1822204242957448e-07
1.0389156598715993e-06
6.084763112617827e-06
2.375136677317019e-05
6.178955752703337e-05
0.00010713296203226784
0.0001237977318880435
9.534190202754664e-05
4.948042619818953e-05
2.0346457285459297e-05
4.911370526542774e-05
0.00026553272249103116
0.0011710669134558339
0.00367885272374166
0.007926963367018529
0.011528330019265324
0.011282095150451893
0.007699943333920543
0.004803301908009652
0.005350141944116545
0.008411134052319346
0.01115770414445737
0.012508815729586169
0.013790176195142312
0.015006570224165799
0.014694748095454504
0.011772531930843405
0.007401052048245345
0.00370579418499459
0.0014662127271995798
0.0004579948151193244
0.00024752045326064125
0.0008246182344404793
0.0028593695274687332
0.006754214046644459
0.010785494187633363
0.012224979101521713
0.011506362328504823
0.01154390244457414
0.012209535260339665
0.010917397138755199
0.008735088448106608
0.010074906329981348
0.01601114805443503
0.021183815102444523
0.01993075396312653
0.014698811914399128
0.013869037265073918
0.021356237259598294
0.031091099539555855
0.03463817279232765
0.033880949820853996
0.03353798878229866
0.03430406185743729
0.02926033869288228
0.017852977495725883
0.0073945116406874565
0.0020504668604379938
0.00037936143206320833
0.00011481495586284844
0.00044065199379361486
0.0018695474389169536
0.005347754062424365
0.010269300479482615
0.013589132328080414
0.013628039373011248
0.013010428383968077
0.013707318615134717
0.013313760592395918
0.010371050770179765
0.008946215061929726
0.01395565584174028
0.0238222497316167
0.029539271896172503
0.024671136966979704
0.013749720120312852
0.005107892611321666
0.0021069090133522283
0.0003980192591334518
5.0112276905447964e-05
4.204997629848148e-06
2.3516296412469657e-07
8.765034794033813e-09
2.1773082163195703e-10
3.6046883806445435e-12
3.9773800407083776e-14
2.9248796549625057e-16
1.43350912364669e-18
4.682464239901249e-21
1.0193657219713564e-23
1.4789967743206162e-26
1.4306447170936394e-29
1.3994558126062585e-32
3.7986863658148264e-33
4.3210678088266227e-33
8.026434594691521e-33
1.3086770097257527e-32
1.54962345336013e-32
1.4489847016950815e-32
1.3194078809994313e-32
1.243460101455802e-32
9.960370551514353e-33
7.208545598444655e-33
3.239702545750595e-33
9.788394679521843e-34
1.9753021925028554e-34
5.381112812138202e-35
1.8262926799324097e-34
7.953029994738086e-34
2.352554442821681e-33
4.705245740310367e-33
6.683168108883383e-33
7.84224468960284e-33
9.628180137919562e-33
1.2241915090480603e-32
1.2889820384575868e-32
1.09817158458491e-32
1.2019133454400841e-32
2.231882413555647e-32
3.890652851794288e-32
4.7672593006358087e-32
3.918731914259759e-32
2.1485401892681374e-32
7.85169236134866e-33
1.912358897442335e-33
3.104256808592377e-34
3.3583619399087277e-35
2.4214689955470225e-36
3.348220483385553e-37
1.2276315566990606e-38
2.999877954427765e-40
4.885631167065963e-42
5.302971789027435e-44
3.836184658377194e-46
1.8495294024431243e-48
5.942983487873279e-51
1.272709704369512e-53
1.816501395298117e-56
1.727920130165513e-59
1.09545146558576e-62
4.6285415370297864e-66
1.3033970641574887e-69
5.1191589107744505e-05
0.00034545443054755695
0.0015536903591997049
0.004657144604499224
0.009303717679325084
0.01240870509410459
0.011169565644943072
0.0075285331713684425
0.006492281697658387
0.011023505708353015
0.01931061455705565
0.026193299402706007
0.02821390943093194
0.028521959061323904
0.0289389748254166
0.029907146342452347
0.028430952405719533
0.024645976301163098
0.02376798447296276
0.02839136836281268
0.03379655513482975
0.03440430590138625
0.029835234686998433
0.022607504395558007
0.014669625157524407
0.007609489903459415
0.002929310555210233
0.0007946675929866961
0.00016107406155417266
0.00013566047274567275
0.0006812390326055335
0.0026282208573196113
0.006810156983598791
0.011903055867698381
0.014622289643892982
0.014365035049875387
0.014190317734397653
0.014618614263485336
0.013832566381540767
0.010093912173591834
0.0064753972737657374
0.006364471365121776
0.008860698257334527
0.010016414929148981
0.007762154456062328
0.004023177804973745
0.0013903587537087638
0.0003202501367506045
4.916275111372566e-05
5.0299646266336835e-06
3.4298511705888123e-07
1.558716645933372e-08
4.721071960831977e-10
9.530059569909154e-12
1.282130284703978e-13
1.149609251418112e-15
6.869891685429646e-18
2.736094402736015e-20
7.26262823471023e-23
1.2848076030920942e-25
1.5148301151456986e-28
1.190340776270776e-31
6.233905863741217e-35
3.2328611518126155e-37
8.609512514160469e-41
0.0
0.0
0.0
0.0
0.0
0.0
1.6751383812519562e-07
1.4645377248959334e-06
8.847454372346062e-06
3.55954033507689e-05
9.91753553944315e-05
0.00019661002327645298
0.00029238443105646605
0.0003486756218724543
0.00035197199380726827
0.0003016297687325049
0.0002086751765206263
0.00010905612207249082
4.08354837701585e-05
1.0596151941356554e-05
1.8700203767099988e-06
2.2223823941911656e-07
1.7694699508682438e-08
9.414363466859196e-10
1.0638084561061863e-10
2.8833607794887852e-12
8.216950387027504e-07
7.494841633989846e-06
4.5561271136259155e-05
0.0001845910974929232
0.0004984334954825167
0.0008969851145844397
0.0011369434637833356
0.0012554649930450084
0.0021639799985011805
0.005095950315078014
0.009652943622231257
0.013087605404176488
0.013783972651593908
0.013634661074051192
0.013661274348792078
0.011733654593734006
0.007356590320404492
0.0031552375689256978
0.000908200936424174
0.0001760801017232265
3.485795917810041e-05
6.948607472360537e-05
0.00024374936520283827
0.0005902078767510119
0.0008557887879074905
0.00111194329884935
0.001127037310283034
0.0011053620123169948
0.0011554301963150513
0.0011719770580535015
0.0015319479287197605
0.0033493383215623587
0.0071209350842985145
0.01077228187372981
0.010956295327155214
0.007435160737531883
0.0033632650771825106
0.0010139612978598358
0.00020373433675678355
2.728278872305533e-05
0.0001674098805568025
0.001184915550505665
0.005670648453796129
0.018088885567337648
0.03845677656054504
0.05448983568753039
0.05145643164824413
0.032385110381269844
0.013584155538315556
0.006075635089204676
0.0012959299471671211
0.00018422684660666244
1.7454437562815593e-05
1.1021490937078113e-06
4.638273833941212e-08
1.3009301236708639e-09
2.4318293937096495e-11
3.029659246905797e-13
2.515567729819937e-15
1.3920658926689847e-17
5.1341094050320666e-20
1.2619786085284217e-22
2.0673805014436225e-25
2.2572022847964346e-28
1.646441850379273e-31
2.2004145061390913e-33
7.579158480336649e-33
1.805216209248922e-32
2.865632432895865e-32
3.031749338831868e-32
2.151153564543445e-32
1.1034851294133614e-32
6.983782832476895e-05
0.0005127676238662099
0.002509181137759417
0.005772631297878675
0.014364410844320052
0.023822282185792003
0.026330582054646518
0.019396309375041377
0.009522682263533271
0.003115882221009929
0.0006794919574638636
9.8757288309896e-05
9.566113744125427e-06
6.175661345766275e-07
2.6571309187770323e-08
1.9295621792526848e-05
0.00017666491148587843
0.001078053834533841
0.004384420311364954
0.0118840771249813
0.021468430249552875
0.025847388312553475
0.020740278919751526
0.011091596599705305
0.003953257354017269
0.0009390693311296026
0.00014866946383447976
1.568655011481538e-05
1.103099418411782e-06
1.5000543404025454e-07
5.364099024069021e-09
8.739909622881837e-05
0.0006082226054724057
0.002820982249144758
0.008720064536598782
0.017964725808573723
0.02466624467698681
0.022571843240903798
0.013766152108869575
0.005595509670598796
0.0015158222777933836
0.0002736771059010323
3.293140043582596e-05
2.640970069356106e-06
1.4115566322749705e-07
5.02822476543551e-09
1.1937478619320177e-10
1.8888265510354477e-12
1.991833807187736e-14
1.3998956625312245e-16
6.557220450479043e-19
2.047035854945446e-21
4.2590492725052955e-24
5.9058599154506194e-27
5.864554489700197e-29
7.091627038292725e-32
2.731480283019299e-32
3.444550115317723e-32
5.948253608497019e-32
8.679741169135724e-32
8.828992096981358e-32
6.034109984202866e-32
2.7530496607489984e-32
8.374624974460575e-33
1.6980192121367576e-33
2.2946359944796384e-34
5.75122502017612e-35
2.783966471853484e-34
1.3895058533066266e-33
4.6424469459989416e-33
1.0337852500931577e-32
1.534247356035621e-32
1.5175464210367282e-32
1.0003918254254285e-32
4.395212041969625e-33
1.2869778660690465e-33
2.511561816686636e-34
3.266616971481948e-35
2.8316143495589335e-36
8.117758811970244e-07
3.73528481392228e-06
2.6290956097621387e-05
0.00012333052661454464
0.00038558163455872725
0.0008034218568422572
0.001115712998803533
0.001032625609822706
0.0006369639281686104
0.0002618594996100972
7.17469389665897e-05
1.3101468240374766e-05
1.5944764457863743e-06
1.2932955877237045e-07
6.9913176055552745e-09
2.518847161429539e-10
3.760203506638383e-06
2.628333254500029e-05
0.0001224423773481884
0.00038015843092315617
0.0007866454731388957
0.001084863299250737
0.0009971317272074109
0.000610817682590603
0.00024937459923400634
6.785383171843442e-05
1.2304899978803717e-05
3.1466474568957685e-06
2.901712489989295e-07
1.7833731267811184e-08
7.304855093551804e-10
2.905703796118371e-06
2.1196895487633754e-05
0.00010305704608014206
0.00033393710464376807
0.0007211626281679879
0.0010379664028588584
0.0009956688682879909
0.0006365435299641439
0.00027122070240871964
7.701921941133467e-05
1.4576623526072924e-05
1.8386383319446438e-06
1.5456716130537072e-07
8.66003605423896e-09
3.233729715018275e-10
8.047653756074325e-12
1.3348006105492942e-13
1.4755198572287825e-15
1.0870643880253192e-17
5.337612317715727e-20
1.7467080963840677e-22
3.809563244787955e-25
5.113826050032566e-27
5.671571168472065e-30
4.1922036257703895e-33
2.0652037295003094e-36
6.780550910453671e-40
1.4837086262428519e-43
9.322192927187061e-54
1.2238320719566005e-56
1.070797542795464e-59
2.127311535430757e-06
1.5647235870623615e-05
7.670535984753284e-05
0.0002506082375562999
0.0005456906606785231
0.0008180720094911804
0.0009542278293241214
0.0013971056893603599
0.0031173612803445977
0.006346539813822356
0.009431027031716893
0.010623619398831101
0.010645847379282392
0.010555302780702902
0.009202216887128809
0.005993392860162486
0.0036745673269928817
0.0012849373938204698
0.0004096869506255912
0.0007048086952198423
0.002525247022519228
0.006439873768279059
0.01101079376682278
0.012633180697633235
0.009846089673005957
0.005598718280727255
0.003573965104626884
0.005062176128903179
0.00920408053743738
0.013399653735259864
0.015090884868892165
0.014226977509385822
0.012073343389371643
0.009881181281639085
0.009578641391028063
0.011374693808301492
0.01197111928280342
0.009055238058498824
0.004639989941884935
0.001589899090178528
0.0003633288728662214
5.53441992405368e-05
1.2599755811563496e-05
9.760031638034004e-07
5.038749111691132e-08
1.7337080579302047e-09
3.975674175437692e-11
6.076131402080873e-13
6.189065508543341e-15
4.201501764190234e-17
1.9009275686664678e-19
5.732025798029993e-22
1.151946352968418e-24
1.5429060904167227e-27
1.3805351044828558e-30
2.071868854854757e-33
3.2241399004584934e-34
2.399147171355908e-34
1.3335895171303681e-33
6.356945027998472e-33
2.0288484166782005e-32
4.3158272827234654e-32
6.170794558461904e-32
6.133260428643002e-32
5.224649418056506e-32
6.280583402559943e-32
9.931726321650679e-32
1.2755984254664365e-31
1.2297796039749168e-31
8.456940858081942e-32
4.261495856614985e-32
2.255182303934363e-32
1.8773762885295666e-32
1.6427735171261022e-32
1.0523641741596559e-32
4.555529476491965e-33
1.3168116394527618e-33
2.551766132466833e-34
4.592533755991773e-35
8.579551482372793e-35
3.4449945774064325e-34
9.520308556695694e-34
1.7542449742453567e-33
2.154337249847975e-33
1.7632696225750457e-33
9.61845481563009e-34
3.4968213162840784e-34
8.472725197992188e-35
1.3682150050829764e-35
1.472540083171912e-36
1.056237177662898e-37
5.049371477553657e-39
8.671246770328135e-36
3.668534856141247e-35
2.2765243547058183e-34
9.415288932720394e-34
2.5952341765823584e-33
4.767613048639482e-33
5.837232554515744e-33
4.763153090586657e-33
2.590380921259083e-33
9.388890487525548e-34
2.268017819155908e-34
3.6514066271563647e-35
3.91791928587747e-36
2.801768951284488e-37
1.3353364376461026e-38
8.343032399713853e-36
6.245024388979018e-35
3.1156441621869724e-34
1.0359604451937714e-33
2.2957259561021368e-33
3.390614879838442e-33
3.3374781482732535e-33
2.18947477667738e-33
9.572888710084417e-34
2.789508068333369e-34
5.417435907029278e-35
7.011993263278352e-36
1.4321026744073275e-36
9.42593508087033e-38
4.1348168846761454e-39
1.2088423486933619e-40
2.3553996116357557e-42
3.058729561598771e-44
2.647275314428725e-46
1.526998771297027e-48
5.870293473597845e-51
1.504050739542065e-53
2.295573439290482e-05
0.00017143379062477734
0.0008532635882765776
0.0028304243153053853
0.006257508208201829
0.009225773841314231
0.00909450632100955
0.006115412006297386
0.0031826570300737566
0.0020211145911662467
0.0020226030999214053
0.0021289024427201897
0.002124801123853774
0.0020824566070142664
0.001758087675183578
0.0010982684370347835
0.0006538381064996048
0.00021637071186948826
7.127647319185148e-05
0.00018002649369140255
0.0008541628264941518
0.0028192078044543567
0.006254011942223177
0.009548998495338128
0.010821385186676148
0.01077478447925783
0.010822088208136094
0.00988190470540991
0.006943803435411511
0.003733031769834851
0.0021271157072032805
0.0018484397403299797
0.001660941946760714
0.001092653101096053
0.000486052075011964
0.00014440296084241547
2.860103146777235e-05
3.7756139124684393e-06
3.3218322111390193e-07
1.947824118624853e-08
7.612080798464181e-10
6.99691645174857e-11
1.3897617549532382e-06
1.2866749305142183e-05
7.939246822985365e-05
0.0003264910776521857
0.0008948389489238676
0.0016345566952294807
0.001989924718904536
0.0016145624694644735
0.0008730811412875642
0.0003146559221775071
7.557858572291682e-05
1.209882401858644e-05
1.2908301686622164e-06
9.178603348588814e-08
4.3497635118476715e-09
4.4622379783731e-06
3.910189480106598e-05
0.00020549138297889876
0.0007280577651059672
0.0017622515983813291
0.0029661874720359233
0.0036157876691972745
0.0034450761869077263
0.002843768652650956
0.0021455030144710376
0.0016508280694226046
0.0009287477250872052
0.0004164794740976221
0.0002727738162557413
0.0005501554114122953
0.001169689826631402
0.0017537446570021211
0.00191841121306698
0.0018599663212549493
0.0020375910465686765
0.0023715688933498356
0.0025144833454283128
0.0024248340855148463
0.0020828910171394794
0.0014317281457305537
0.0007492903265269653
0.0004504919764611079
0.0006941298494838441
0.0012882700681257997
0.0017065591385740358
0.001514886347011575
0.0008966040326657345
0.0003536849703766259
9.298547543744923e-05
1.6292782298678483e-05
1.9026414219805148e-06
3.628264473814699e-07
2.154582906791474e-08
8.527250711295445e-10
2.2492431265503534e-11
3.9540788018968316e-13
4.632717165468642e-15
3.617493848523767e-17
1.88261434726687e-19
6.529748812597117e-22
1.509430545346133e-24
2.3254732150750986e-27
2.3877623346610948e-30
1.6340013122243665e-33
7.452384483195635e-37
2.2652683286733913e-40
4.589079711340966e-44
0.0
0.0
0.0
0.0
0.0
0.0
0.0
0.0
0.0
0.0
0.0
0.0
0.0
0.0
0.0
4.577334156676766e-05
0.00029462485927068846
0.0012638854266881282
0.0036134959519334943
0.0068853970167442515
0.008744036256755228
0.007400762384923773
0.004174673544026632
0.0015694595497241612
0.0003932414441927696
6.566742489284502e-05
7.308398803937632e-06
5.420957942256532e-07
2.6798555551735508e-08
8.829340844563435e-10
1.9387719469285717e-11
2.837309550052758e-13
2.7673765772965073e-15
1.7989179278939875e-17
7.793561867448902e-20
1.6531792248992396e-21
3.642060507023582e-24
5.3475631570013365e-27
5.2329457992236895e-30
3.412857056436451e-33
1.4834452050931429e-36
4.297406810449058e-40
8.29703600180153e-44
0.0
0.0
0.0
0.0
0.0
0.0
0.0
0.0
0.0
0.0
0.0
0.0
0.0
0.0
0.0
0.0
0.0
0.0
0.0
0.0
0.0
0.0
0.0
0.0
0.0
0.0
0.0
0.0
0.0
0.0
0.0
0.0
0.0
0.0
0.0
0.0
0.0
0.0
0.0
0.0
0.0
0.0
0.0
0.0
0.0
0.0
0.0
0.0
0.0
0.0
0.0
0.0
0.0
0.0
0.0
0.0
0.0
0.0
0.0
0.0
0.0
0.0
0.0
0.0
0.0
0.0
0.0
0.0
0.0
0.0
0.0
0.0
0.0
0.0
0.0
0.0
0.0
0.0
0.0
0.0
0.0
0.0
0.0
0.0
0.0
0.0
0.0
0.0
0.0
0.0
0.0
0.0
0.0
0.0
0.0
0.0
0.0
0.0
0.0
0.0
0.0
0.0
0.0
0.0
0.0
0.0
0.0
0.0
0.0
0.0
0.0
0.0
0.0
0.0
0.0
0.0
0.0
0.0
0.0
0.0
0.0
0.0
0.0
0.0
0.0
0.0
0.0
0.0
0.0
0.0
0.0
0.0
0.0
0.0
0.0
0.0
0.0
0.0
0.0
0.0
0.0
0.0
0.0
0.0
0.0
0.0
0.0
0.0
0.0
0.0
0.0
0.0
0.0
0.0
0.0
0.0
0.0
0.0
0.0
0.0
0.0
0.0
0.0
0.0
0.0
0.0
0.0
0.0
0.0
0.0
0.0
0.0
0.0
0.0
0.0
0.0
0.0
0.0
0.0
0.0
0.0
0.0
0.0
0.0
0.0
0.0
0.0
0.0
0.0
0.0
0.0
0.0
0.0
0.0
0.0
0.0
0.0
0.0
0.0
0.0
0.0
0.0
0.0
0.0
0.0
0.0
0.0
0.0
0.0
0.0
0.0
0.0
0.0
0.0
0.0
0.0
0.0
0.0
0.0
0.0
0.0
0.0
0.0
0.0
0.0
0.0
0.0
0.0
0.0
0.0
0.0
0.0
0.0
0.0
0.0
0.0
0.0
0.0
0.0
0.0
0.0
0.0
0.0
0.0
0.0
0.0
0.0
0.0
0.0
0.0
0.0
0.0
0.0
0.0
0.0
0.0
0.0
0.0
0.0
0.0
0.0
0.0
0.0
0.0
0.0
0.0
0.0
0.0
0.0
0.0
0.0
0.0
0.0
0.0
0.0
0.0
0.0
0.0
0.0
0.0
0.0
0.0
0.0
0.0
0.0
0.0
0.0
0.0
0.0
0.0
0.0
0.0
0.0
0.0
0.0
0.0
0.0
0.0
0.0
0.0
0.0
0.0
0.0
0.0
0.0
0.0
0.0
0.0
0.0
0.0
0.0
0.0
0.0
