a = 4.749665496097099 b = 4.695210240090903 c = 15.79589578163498 ,Gaussian ,LMH = 0.08 ,DW = [1.4 1.4 1.4 1.4]
0.0
0.0
0.0
0.0
0.0
0.0
0.0
0.0
0.0
0.0
0.0
0.0
0.0
0.0
0.0
0.0
0.0
0.0
0.0
0.0
0.0
0.0
0.0
0.0
0.0
0.0
0.0
0.0
0.0
0.0
0.0
0.0
0.0
0.0
0.0
0.0
0.0
0.0
0.0
0.0
0.0
0.0
0.0
0.0
0.0
0.0
0.0
0.0
2.110071712624825e-34
1.830333657345718e-33
1.0581442212405025e-32
4.0770028151324794e-32
1.0469325590446774e-31
1.791752213012984e-31
2.0437075104706686e-31
1.5536066822319508e-31
7.871272872361478e-32
2.6578496147363367e-32
5.981324829324488e-33
8.971104606213797e-34
8.967595311794635e-35
5.974308295376811e-36
2.6526552251273474e-37
7.849744694747744e-39
1.548145608770209e-40
9.020214134378224e-42
9.04639821568653e-44
6.0466677099525916e-46
2.693630698391338e-48
7.997266176690828e-51
1.582437614108423e-53
2.0868594099627157e-56
1.834177386383018e-59
1.074412433826667e-62
4.194519954056604e-66
1.0913776407101164e-69
0.0
0.0
0.0
0.0
0.0
0.0
0.0
0.0
0.0
0.0
0.0
0.0
0.0
0.0
0.0
0.0
0.0
0.0
0.0
0.0
0.0
0.0
0.0
0.0
0.0
0.0
0.0
0.0
0.0
0.0
0.0
0.0
0.0
0.0
0.0
0.0
0.0
0.0
0.0
0.0
0.0
0.0
0.0
0.0
0.0
0.0
0.0
0.0
0.0
0.0
0.0
0.0
0.0
0.0
0.0
0.0
0.0
0.0
0.0
0.0
0.0
0.0
0.0
0.0
0.0
0.0
0.0
0.0
0.0
0.0
0.0
0.0
0.0
0.0
0.0
0.0
0.0
0.0
0.0
0.0
0.0
0.0
0.0
0.0
0.0
0.0
0.0
0.0
0.0
0.0
0.0
0.0
0.0
0.0
0.0
0.0
0.0
0.0
0.0
0.0
0.0
0.0
0.0
0.0
0.0
0.0
0.0
0.0
0.0
0.0
0.0
0.0
0.0
0.0
0.0
0.0
0.0
0.0
0.0
0.0
0.0
0.0
0.0
0.0
0.0
0.0
0.0
0.0
0.0
0.0
0.0
0.0
0.0
0.0
0.0
0.0
0.0
0.0
0.0
0.0
0.0
0.0
0.0
0.0
0.0
0.0
0.0
0.0
0.0
0.0
0.0
0.0
0.0
0.0
0.0
0.0
0.0
0.0
0.0
0.0
0.0
0.0
3.8409715435907406e-33
2.4782882978264345e-32
1.0657224412557328e-31
3.0543439673456086e-31
5.834092693475208e-31
7.426945796214763e-31
6.301279328784654e-31
4.507564089000882e-31
1.9447463636429423e-31
5.591979544813732e-32
1.0716420051558027e-32
1.3687225761294739e-33
1.1650986023475951e-34
6.609848113806283e-36
2.499204688901122e-37
6.297870441109354e-39
1.0577113519832188e-40
1.183919454331004e-42
8.831992604363992e-45
4.391134954179182e-47
1.4550449859699001e-49
3.2133468424995958e-52
4.7295556231576204e-55
4.639429911099245e-58
3.0331259659903063e-61
1.3215932870528476e-64
3.8378389771155564e-68
7.427749053118581e-72
0.0
0.0
0.0
0.0
0.0
0.0
0.0
0.0
0.0
0.0
0.0
0.0
0.0
0.0
0.0
0.0
0.0
0.0
0.0
0.0
0.0
0.0
0.0
0.0
0.0
0.0
0.0
0.0
0.0
0.0
0.0
0.0
0.0
0.0
0.0
0.0
0.0
0.0
0.0
0.0
0.0
0.0
0.0
0.0
0.0
0.0
0.0
0.0
0.0
0.0
0.0
0.0
0.0
0.0
0.0
0.0
0.0
0.0
0.0
0.0
0.0
0.0
0.0
0.0
0.0
0.0
0.0
0.0
0.0
0.0
0.0
0.0
0.0
0.0
0.0
0.0
0.0
0.0
0.0
0.0
0.0
0.0
0.0
0.0
0.0
0.0
0.0
0.0
0.0
0.0
0.0
0.0
0.0
0.0
0.0
0.0
0.0
0.0
0.0
0.0
0.0
0.0
0.0
0.0
0.0
0.0
0.0
0.0
0.0
0.0
0.0
0.0
0.0
0.0
0.0
0.0
0.0
0.0
0.0
0.0
0.0
0.0
0.0
0.0
0.0
0.0
0.0
0.0
0.0
0.0
0.0
0.0
0.0
0.0
0.0
0.0
0.0
0.0
0.0
0.0
0.0
0.0
0.0
0.0
0.0
0.0
0.0
0.0
0.0
0.0
0.0
0.0
0.0
0.0
0.0
0.0
0.0
0.0
0.0
0.0
0.0
0.0
1.8804246430874455e-06
1.4901297602157436e-05
7.869982938750098e-05
0.0002770161196760785
0.000649857058531515
0.0010160432325832837
0.0010587369806375573
0.0007352677647897976
0.00034031768472171837
0.00010497963483814168
2.1582768170270074e-05
2.957268668283437e-06
2.700573280595699e-07
1.6436248511235244e-08
6.667008054958e-10
1.8023569635458708e-11
3.247373078669524e-13
3.899465760400519e-15
3.1207543523949897e-17
1.6645452532107707e-19
5.917158144022268e-22
1.401884695860645e-24
2.2135684743453577e-27
2.3957836601617382e-29
1.9236712095634955e-32
1.0294272019478597e-35
3.6714869003751994e-39
8.727098428843325e-43
0.0
0.0
0.0
0.0
0.0
0.0
0.0
0.0
0.0
0.0
0.0
0.0
0.0
0.0
0.0
0.0
0.0
0.0
0.0
0.0
0.0
0.0
0.0
0.0
0.0
0.0
0.0
0.0
0.0
0.0
0.0
0.0
0.0
0.0
0.0
0.0
0.0
0.0
0.0
0.0
0.0
0.0
0.0
0.0
0.0
0.0
0.0
0.0
0.0
0.0
0.0
0.0
0.0
0.0
0.0
0.0
0.0
0.0
0.0
0.0
0.0
0.0
0.0
0.0
0.0
0.0
0.0
0.0
0.0
0.0
0.0
0.0
0.0
0.0
0.0
0.0
0.0
0.0
0.0
0.0
0.0
0.0
0.0
0.0
0.0
0.0
0.0
0.0
0.0
0.0
0.0
0.0
0.0
0.0
0.0
0.0
0.0
0.0
0.0
0.0
0.0
0.0
0.0
0.0
0.0
0.0
0.0
0.0
0.0
0.0
0.0
0.0
0.0
0.0
0.0
0.0
0.0
0.0
0.0
0.0
0.0
0.0
0.0
0.0
0.0
0.0
0.0
0.0
0.0
0.0
0.0
0.0
0.0
3.638014115460217e-34
2.726980719370123e-33
1.3623268089663777e-32
4.5358855415281803e-32
1.0073393657315164e-31
1.495362001542766e-31
1.5049893016896711e-31
1.1037790353960768e-31
7.679784504129189e-32
6.957890078936771e-32
6.716566480736716e-32
5.551694698339427e-32
4.789659378532506e-32
5.284312030420374e-32
5.564011605534057e-32
4.294140020567246e-32
2.918352866439788e-32
1.1705758701420809e-32
3.132811920815892e-33
5.5890814953868e-34
6.645757831726967e-35
5.266633827848839e-36
2.7816586319986974e-37
9.791656901608055e-39
2.297153991549432e-40
0.00010021519455008313
0.0006524762824980631
0.0028312448779797975
0.008187884086170417
0.015856167833487894
0.020785375987419762
0.019703777611288255
0.017065573289294922
0.01839224588396847
0.021138275462677672
0.02010372390173287
0.017388845098009576
0.018165437937585908
0.02041971794443185
0.018057208947258197
0.011047264965401952
0.004538016284093225
0.0020033971348959764
0.00041918389261646
5.846066370555804e-05
5.433906380678229e-06
3.3662284980338313e-07
1.3898145888076799e-08
3.8242981458405e-10
7.0133930468107745e-12
8.572078987379087e-14
6.982737218159783e-16
3.790938867746647e-18
1.3716692788356142e-20
3.3077569519185575e-23
5.31617560288965e-26
5.69438194160774e-29
4.0651391578001983e-32
1.934130567497662e-35
6.133066992935063e-39
1.2961378010520332e-42
0.0
0.0
0.0
0.0
0.0
0.0
0.0
0.0
0.0
0.0
0.0
0.0
0.0
0.0
0.0
0.0
0.0
0.0
0.0
0.0
0.0
0.0
0.0
0.0
0.0
0.0
0.0
0.0
0.0
0.0
0.0
0.0
0.0
1.5811287608544495e-05
0.00014372339782027293
0.0008707014376709178
0.0035155444650288425
0.009485165992824195
0.01717614192836558
0.0214532415892101
0.020529590746245246
0.019486558465606225
0.021355661695244655
0.022250668046676105
0.020390723187804504
0.01989297364645951
0.021321228638819162
0.019375005760014948
0.012568941559217239
0.0055224328861752615
0.00162292775710132
0.0003181202579872465
4.1566163596120694e-05
3.619816222244977e-06
2.1009622303443456e-07
8.127038249680067e-09
2.0952125324926169e-10
3.6000244349275814e-12
1.913335916642474e-13
1.6717494134018732e-15
9.734926654236829e-18
3.778119900775218e-20
9.772379797708618e-23
1.6846375869289966e-25
1.9355044915599473e-28
1.4820519560557688e-31
7.563350423627706e-35
2.572447761271295e-38
5.831233796287023e-42
0.0
0.0
0.0
0.0
0.0
0.0
0.0
0.0
0.0
0.0
0.0
0.0
0.0
0.0
0.0
0.0
0.0
0.0
0.0
0.0
0.0
0.0
0.0
0.0
0.0
0.0
0.0
0.0
0.0
0.0
0.0
0.0
0.0
0.0
0.0
0.0
0.0
0.0
0.0
0.0
0.0
0.0
0.0
0.0
0.0
0.0
0.0
0.0
0.0
0.0
0.0
0.0
0.0
0.0
0.0
0.0
0.0
0.0
0.0
0.0
0.0
0.0
0.0
0.0
0.0
0.0
0.0
0.0
0.0
0.0
1.956943873945225e-33
1.324883359548777e-32
5.978035214034644e-32
1.8066729622637188e-31
3.6743761793359124e-31
5.191706405815192e-31
5.62818557303243e-31
5.728230414285692e-31
6.116767658881821e-31
6.040430109490302e-31
5.222224298655004e-31
4.485715559778843e-31
3.8926460430365995e-31
2.819497090881392e-31
1.4696024641446805e-31
5.21582370747813e-32
1.2407202913945244e-32
1.969873110304152e-33
2.0851948066665327e-34
1.4712222830004715e-35
6.918345013896172e-37
2.1682554043037978e-38
1.7203516025412594e-39
2.741756423695997e-41
1.1833750638466664e-34
1.0692306378648873e-33
6.438755366784895e-33
2.584127890090554e-32
6.912062079445192e-32
1.2322045408108687e-31
1.4639947790561487e-31
1.1592518540742447e-31
6.117833011623738e-32
2.1517855473205045e-32
5.044079257452921e-33
7.880365590566028e-34
8.205260587431323e-35
5.694032459382741e-36
2.633474073634789e-37
8.117451525694462e-39
1.6676000858204791e-40
2.283208969759694e-42
2.0834398336165753e-44
1.2670618436602351e-46
5.135659365772093e-49
1.3873184318680337e-51
2.4976849122531494e-54
2.950390537907859e-56
2.7011181488433005e-59
1.64812141907619e-62
6.702184426422616e-66
1.8164568818649112e-69
0.0
0.0
0.0
0.0
0.0
0.0
0.0
0.0
0.0
0.0
0.0
0.0
0.0
0.0
0.0
0.0
0.0
0.0
0.0
0.0
0.0
0.0
0.0
0.0
0.0
0.0
0.0
0.0
0.0
0.0
0.0
0.0
0.0
0.0
0.0
0.0
0.0
0.0
0.0
0.0
0.0
0.0
0.0
0.0
0.0
0.0
0.0
0.0
0.0
0.0
0.0
0.0
0.0
0.0
0.0
0.0
0.0
0.0
0.0
0.0
0.0
0.0
0.0
0.0
0.0
0.0
0.0
0.0
0.0
0.0
0.0
0.0
0.0
0.0
0.0
0.0
0.0
0.0
0.0
0.0020804980637910524
0.01517896926062168
0.07380721108339053
0.24116632606208208
0.531147221876123
0.814849485668983
0.9478915130109564
0.976669677535419
1.0
0.9985784243266472
0.9732696207292745
0.9244641319158168
0.7518281705518485
0.4541280807517761
0.1897268868623353
0.05344332079707127
0.01006850107014011
0.001265539620200819
0.00010604870085254246
1.6210055383107204e-05
6.908239537857436e-07
1.9621730793952567e-08
3.7144150240275405e-10
4.686251371944073e-12
3.9404192207142515e-14
2.2082125264077255e-16
8.247472398746378e-19
2.0529691560863428e-21
3.405850084494772e-24
3.765738680770917e-27
2.774957776373045e-30
1.3628376641818243e-33
4.460806900097421e-37
9.731152272669675e-41
0.0
0.0
0.0
0.0
0.0
0.0
0.0
0.0
0.0
0.0
0.0
0.0
0.0
0.0
0.0
0.0
0.0
0.0
0.0
0.0
0.0
0.0
0.0
0.0
0.0
0.0
0.0
0.0
0.0
0.0
0.0
0.0
0.0
0.0
0.0
0.0
0.0
0.0
0.0
0.0
0.0
0.0
0.0
0.0
0.0
0.0
0.0
0.0
0.0
0.0
0.0
0.0
0.0
0.0
0.0
0.0001051152665484084
0.0009037125889086485
0.005178171338616922
0.019774433432268
0.0503284122908663
0.08536974003290579
0.09651087121830651
0.08359724161326894
0.048058123055267375
0.018412943086821364
0.004701767662038935
0.0008001670556297638
9.075733127343304e-05
6.860635012492824e-06
3.456435539715855e-07
1.160577527000555e-08
2.597176112417479e-10
3.873559139808342e-12
3.850352848713502e-14
2.5507765627294266e-16
1.1262267894864388e-18
3.3140635917786597e-21
6.499461413383811e-24
8.495236036473897e-27
7.400398024950326e-30
4.296514237506134e-33
1.662489764522579e-36
4.2872938724280145e-40
0.0
0.0
0.0
0.0
0.0
0.0
0.0
0.0
0.0
0.0
0.0
0.0
0.0
0.0
0.0
0.0
0.0
0.0
0.0
0.0
0.0
0.0
0.0
0.0
0.0
0.0
0.0
0.0
0.0
0.0
0.0
0.0
0.0
0.0001130890701664503
0.000798115832761495
0.0037771676413602107
0.011984041181917919
0.025928617564747236
0.039845297924502227
0.047533196721565925
0.05014844131156848
0.050899803581731705
0.050156269056274544
0.04719318208157717
0.039028001851671705
0.02502369246013079
0.011398336390044258
0.003543129852110481
0.0007401584423058985
0.0001033447771999049
9.626316240005634e-06
5.978040775139363e-07
2.4745080736442e-08
6.826803285723189e-10
1.255258697887811e-11
1.5382701522587042e-13
6.5262964958627766e-15
4.0669572492792615e-17
1.6890949935250717e-19
4.675414599274552e-22
8.625171591978569e-25
1.0604663972581752e-27
8.689756944608799e-31
4.745695788884897e-34
1.7273236135788668e-37
4.1901452033120757e-41
0.0
0.0
0.0
0.0
0.0
0.0
0.0
0.0
0.0
0.0
0.0
0.0
0.0
0.0
0.0
0.0
0.0
0.0
0.0
0.0
0.0
0.0
0.0
0.0
0.0
0.0
0.0
0.0
0.0
0.0
0.0
0.0
0.0
0.0
0.0
0.0
0.00031806349724459944
0.0021146028230569947
0.009369692401608199
0.027669633569188515
0.054458168346867813
0.07143387354858725
0.06832282908141087
0.04557320709307886
0.020629224109848524
0.008376378423000241
0.011350376871725814
0.0291673570890559
0.05519695429995133
0.06995733164454651
0.059105904692933905
0.033372640874039565
0.01323976627392765
0.007270017610466947
0.015810055359859156
0.03763607681434119
0.06155981266491578
0.06720179246179751
0.04889602183999304
0.023710951912367866
0.007663127605447567
0.0016506107751988754
0.00023695443550633466
2.2670784959253184e-05
1.4456055956639098e-06
6.14348259091272e-08
1.7400470495028358e-09
1.2905042065676044e-10
1.8586960000478257e-12
1.7841807622654652e-14
1.1414342200802285e-16
4.866810909336773e-19
1.3829918011340369e-21
2.6192460132864084e-24
3.306103996210516e-27
2.7859825591469614e-30
2.5573201002518168e-33
1.3976610578706917e-34
1.2936939612148459e-35
8.013963077018371e-37
3.308640205258284e-38
9.10402196057993e-40
1.6695468044818287e-41
2.0405415804804778e-43
1.662163905842147e-45
9.023682244927412e-48
3.264940631896125e-50
7.87314648151175e-53
1.2653274298869295e-55
1.355311308952995e-58
9.675128676239518e-62
4.603159096545258e-65
1.4596097958116286e-68
5.41740725998844e-71
0.0
5.1067513272443155e-34
3.5843840173370985e-33
1.6767406838985717e-32
5.227557519685913e-32
1.086208723630071e-31
1.5042128724236854e-31
1.3883113158454054e-31
8.561119538770317e-32
3.6703833470677903e-32
1.8524968178929845e-32
3.331803941613408e-32
7.708747380356077e-32
1.3340160620799048e-31
1.9461338245744137e-31
2.925703515631369e-31
4.3322622929556805e-31
5.1224916847801645e-31
4.381242764039161e-31
2.871880773636841e-31
1.8503636099478763e-31
1.3998443771430472e-31
9.862456515578003e-32
5.123205178401212e-32
1.8149196993742568e-32
7.274777083722097e-33
1.31794687293231e-33
1.591878502895101e-34
1.2815480703876947e-35
6.876190739879548e-37
2.458916690986852e-38
5.860322802919957e-40
9.308524965000536e-42
9.854208721205668e-44
6.952551209185716e-46
3.2692503929210085e-48
1.0683328781620558e-34
9.8041794616716e-34
5.996494760884113e-33
2.46811738544861e-32
6.81250132186782e-32
1.285768796963937e-31
1.7218443653385256e-31
1.7640660537397324e-31
1.542119760893058e-31
1.256746345298864e-31
9.773793864954354e-32
6.977817915241323e-32
4.16148577539545e-32
1.870420060402777e-32
5.922587412343779e-33
2.2264536731605508e-33
3.6923383372531223e-34
4.100299850339104e-35
3.040142225890579e-36
1.5033225604800712e-37
4.955707271286905e-39
1.0888897716523854e-40
1.5946309878379173e-42
1.556410999025116e-44
1.0124470383292657e-46
4.3893760752849534e-49
1.2682800560881228e-51
2.442357384671423e-54
3.1346197252994604e-57
2.6812794392712167e-60
1.5285542225021153e-63
5.807659823407961e-67
1.4706287168726966e-70
0.0
0.0
0.00015579552602206905
0.0013194134477978365
0.007447120458932127
0.02801414675482885
0.07023409137757906
0.10345763371583665
0.13189723463573252
0.11207026209198717
0.06412364884144205
0.028215090030540242
0.02438217904192483
0.05369567735745201
0.1008886464016492
0.12847835246006048
0.10915158820440427
0.06238399997528719
0.027133794200389708
0.022617563011773794
0.05008514978128287
0.09603645544204023
0.12490833018857234
0.10838523202214982
0.0626838486941881
0.024161516526887142
0.006206894403373982
0.0010626887349655765
0.00012126049738908214
9.221767359709146e-06
4.6740195736317445e-07
1.5788775145019966e-08
3.5545767918294453e-10
2.262117026429954e-11
2.589745637241437e-13
1.9759716068720684e-15
1.0048143709044133e-17
3.4054344399175574e-20
7.692026258203634e-23
1.1579519557782907e-25
1.1617745840368991e-28
7.768456712557317e-32
3.462016848737009e-35
1.0282652339172235e-38
2.0354604853839315e-42
0.0
0.0
0.0
0.0
0.0
0.0
0.0
0.0
0.0
0.0
0.0
0.0
0.0
0.0
0.0
0.0
0.0
0.0
0.0
0.0
0.0
0.0
0.0
0.0
0.0
0.0
0.0
0.0
0.0
0.0
0.0
0.0
0.0
0.0
0.0
1.0477090175154275e-36
8.254756353083104e-36
4.3346035734905315e-35
1.5169667384462997e-34
2.791009839961488e-34
4.966959532386746e-34
5.891168217860295e-34
4.656866352243375e-34
2.4533961128738935e-34
9.010041458156435e-35
5.639473504066377e-35
2.24311873433404e-34
8.999978203540954e-34
1.5549234306461318e-05
0.00014280024552344988
0.0008740382697450064
0.003565442946064277
0.009693443474761637
0.017564032061598914
0.02121054894039155
0.017071085750144106
0.009156972870069637
0.0032895901218791654
0.0009254110378442151
0.001004953115784062
0.0035706037493559886
0.009573881414092341
0.01716842439433471
0.020520793808148436
0.016347090377549073
0.011212579789609758
0.004542076681604738
0.00132731271272768
0.000874758808720673
0.0028485247512332734
0.008116640243008746
0.015550486504789754
0.01986095729867755
0.01690600123666419
0.009590985755714551
0.0036263285239416495
0.0009138030312947209
0.0001534686210452452
1.7177823479528685e-05
1.281439858842124e-06
6.371033219428528e-08
2.1110720644759255e-09
4.662059331863749e-11
6.861737217119767e-13
6.7308810517767735e-15
4.400391304303523e-17
1.917309517060936e-19
5.762132332587559e-05
0.0005152563351623254
0.003070753818571748
0.012196864782275737
0.02441656363041746
0.04931628236297438
0.06638617822785854
0.05955888418656447
0.035612050966981966
0.014232461951735107
0.004155870813034243
0.0030986721694141084
0.01027138408554139
0.028502861257983285
0.05315240225104132
0.06621749587886411
0.05528027699741258
0.03128512484790537
0.012659278673850492
0.0050298760778944756
0.005884240434130962
0.015753636167959568
0.03621639127317959
0.05791446853057905
0.06227940134928261
0.044728492789597396
0.02142012836540802
0.006837450911124692
0.001454657959309844
0.0004137850943540835
4.476596135726147e-05
3.2277719754177066e-06
1.551098587121903e-07
4.967724754083847e-09
1.060369434332317e-10
1.5084760710921453e-12
1.4302145723247767e-14
9.037441941745899e-17
3.806022839715962e-19
1.068264528907019e-21
1.998332604589512e-24
2.4913703336824074e-27
2.070095357072648e-30
1.146367755864579e-33
4.230961963440879e-37
1.0407246189274787e-40
0.0
0.0
0.0
0.0
0.0
0.0
0.0
0.0
0.0
0.0
0.0
0.0
0.0
0.0
0.0
0.0
0.0
0.0
4.226901177988511e-35
3.3413430987877285e-34
1.760360434273309e-33
6.181070161491258e-33
1.446462889902462e-32
2.255965567739364e-32
2.3449802313311237e-32
1.6245289424861543e-32
7.500621812501936e-33
2.5413710755234757e-33
1.9963983949282737e-33
6.691277027184942e-33
1.9221152963289023e-32
3.7135467554518237e-32
4.783049279244796e-32
4.1142870719872793e-32
2.4284986306884397e-32
1.5768502351946197e-32
1.748961336650068e-32
4.498152435605461e-32
9.561716320796762e-32
1.3863852724105288e-31
1.3626236589410597e-31
9.23119300376068e-32
4.7234821577232324e-32
3.042261135008999e-32
4.2368452996235134e-32
6.275762859848729e-32
6.620751930513957e-32
4.748380275033368e-32
2.6387884998896813e-32
2.4660998718671e-32
4.998968711272868e-32
8.881468566037204e-32
1.078426444203623e-31
8.744335508364622e-32
4.7261738509936895e-32
1.7024685579502166e-32
4.087242785681661e-33
6.539783170467525e-34
6.973933681441648e-35
4.956485332304403e-36
2.3477474941836077e-37
2.4532244591352076e-38
5.9090467605125965e-40
9.485912528294991e-42
1.0148978971930315e-43
7.236809456993999e-46
3.4391686349356195e-48
1.089284573097571e-50
2.299380176266611e-53
3.2349067106829195e-56
3.0331527853891507e-59
1.8954326679293234e-62
7.894124728401774e-66
2.1911956385343308e-69
0.0
0.0
0.0
0.0
0.0
0.0
0.0
0.0
0.0
0.0
0.0
0.0
0.0
0.0
0.0
0.0
0.0
0.0
0.0
0.0
0.0
0.0
0.0
0.0
0.0
0.0
0.0
0.0
0.0
0.0
5.530257193223962e-05
0.0003933551354348766
0.0018646866767802058
0.005891263653930592
0.01240488090242956
0.017408377145148667
0.01628191649382338
0.010149258341925142
0.00592725669946192
0.0020143986890263786
0.0012250397486973199
0.003314485708589808
0.00854076180464862
0.014900508342104308
0.017335421605273054
0.013441822075493364
0.00695921655852676
0.002509142185120356
0.0012602568936781926
0.0029729011164974306
0.007830765262564977
0.014116502622632207
0.016977423451592834
0.013608635534155044
0.007270086158183419
0.0025884876914536365
0.0006142344911330441
9.714128487060074e-05
1.0238940882179508e-05
7.19263091941651e-07
3.367457039872704e-08
1.0507463751763303e-09
2.1851199653605454e-11
3.028546304162443e-13
1.394786387238266e-14
9.830355264949756e-17
4.617557101906735e-19
1.4455625361875598e-21
3.016081287078441e-24
4.194022423391219e-27
3.886869881589015e-30
2.4007713770227236e-33
9.882871649629147e-37
2.71142161519361e-40
0.0
0.0002768986981921075
0.0018815789135947646
0.008787616847920841
0.027540987124058666
0.06030747761263051
0.09640940710511854
0.12134885244461587
0.13100045313452124
0.12747431653572647
0.10941847553384228
0.07681216812495512
0.04062672164459185
0.015268715843849876
0.003944520199024654
0.001288050632903347
0.00017248382472706872
1.545247731385052e-05
6.160232533120184e-05
0.0005480840907080731
0.003299024502142471
0.01323531834788569
0.03538872521796448
0.06306334375318223
0.07496865093460808
0.05990456020390715
0.03489836294606337
0.02513998834673398
0.039438384725368626
0.06485807398536941
0.07677429601139123
0.0650865939277632
0.04552094082413473
0.03789397871978635
0.04862327518203112
0.06776047358218881
0.07339846334950646
0.05521886422763474
0.027995622843435545
0.009488379861566362
0.002145055065559163
0.0006354754554800803
7.307520245314066e-05
5.600600393346607e-06
2.860776624618195e-07
9.73903124030095e-09
2.2096799071517765e-10
3.341370171850013e-12
3.3674517629599637e-14
2.2618287958384376e-16
1.012510705938788e-18
3.0207937057656133e-21
6.006535659428286e-24
7.959918112445472e-27
7.030313445324562e-30
4.1383033732821384e-33
1.6234970725011467e-36
4.244848970123324e-40
0.0
0.0
0.0
0.0
2.6017967507716424e-06
1.7576190724909843e-05
7.913301164301968e-05
0.00023745000355065285
0.00047486287175620297
0.0006016350057878875
0.0006118313298498319
0.00041467883970688885
0.00018899183291897544
6.862972766055759e-05
7.085541317622908e-05
0.00019457927614520084
0.0004173690929187903
0.000600953523607679
0.0005768621350537329
0.00036905411235488056
0.0001601728960806541
6.323711716931028e-05
8.969035553930614e-05
0.0002384654922962496
0.0004625349470750777
0.0006003867647304601
0.0005194892041500232
0.0002995758709761003
0.00011513803864323147
2.949255363352798e-05
5.0348609059937685e-06
5.72854230438546e-07
4.3439250197206723e-08
2.1953413834163986e-09
7.394407086204482e-11
6.155619182589609e-12
1.0543276999615414e-13
1.203541409259343e-15
9.156468507107618e-18
4.642763088086463e-20
1.5689409126638198e-22
3.533606632351782e-25
5.304095841665136e-28
5.306230023421294e-31
3.5378737461989444e-34
1.5720998871817518e-37
4.655855476258471e-41
9.189680094128329e-45
0.0
0.0
0.0
0.0
0.0
0.0
0.0
0.0
0.0
0.0
0.0
0.0
0.0
0.0
0.0
0.0
0.0
0.0
0.0
0.0
0.0
0.0
0.0
0.0
0.0
0.0
0.0
0.0
0.0
0.0
0.0
0.0
0.0
0.0
0.0
0.0
0.0
0.0
0.0
0.0
0.0
0.0
0.0
0.0
0.0
0.0
0.0
0.0
0.0
0.0
0.0
0.0
0.0
0.0
0.0
0.0
0.0
0.0
0.0
0.0
2.612589455050107e-35
2.1939933155677244e-34
1.2279508349026745e-33
4.580450620226635e-33
8.79347534456182e-33
1.6679781506781398e-32
2.122309679389478e-32
1.8888352566783248e-32
1.611408768737518e-32
2.610820701583105e-32
5.529140180434547e-32
8.817597151803075e-32
9.514581325935883e-32
6.931809303208077e-32
3.750868932753147e-32
2.560198597792148e-32
3.432164720736338e-32
4.565947214796255e-32
4.2725667135916115e-32
2.6795884103270453e-32
1.1452893832868104e-32
4.723514070658551e-33
7.505652990963306e-33
2.0053291429061675e-32
3.8429322135386576e-32
4.9243527848738455e-32
4.20608968596483e-32
2.3952314822770978e-32
9.235280201049173e-33
4.3398762554205714e-33
3.3969321303229866e-33
9.045785175574716e-33
2.0686913427974004e-32
3.330713800121006e-32
3.9124711438823596e-32
3.7466968321053373e-32
3.506059308129233e-32
3.621000051188148e-32
4.1520890330418294e-32
5.118099398923578e-32
5.834468537993701e-32
5.137201043855924e-32
3.1730409444751336e-32
1.327336547680839e-32
3.7186831764622436e-33
6.953750826448375e-34
8.670090409114053e-35
7.205562039661594e-36
3.991270764995462e-37
1.4734702105278034e-38
3.6253895064082927e-40
5.944974776384398e-42
6.497212223344896e-44
4.732446151984484e-46
2.2973431553296804e-48
5.257188225840844e-50
1.2977657299959263e-52
2.1351118226258746e-55
2.34113521417028e-58
1.7108578144345327e-61
8.332645126587838e-65
2.704789071887978e-68
5.851476537904025e-72
0.0
0.0
0.0
0.0
0.0
0.0
0.0
0.0
0.0
0.0
0.0
1.563467615561473e-35
1.3326721746140575e-34
7.570757198616998e-34
2.866400391801317e-33
7.23295792998983e-33
1.2164004490249136e-32
1.3633857570063463e-32
1.1742152959366358e-32
6.692563409539722e-33
2.5422532082803237e-33
6.436157477174859e-34
1.0859655977840676e-34
1.2212006350840712e-35
9.152495492323995e-37
4.5716563169580404e-38
1.521910707612033e-39
3.376652117165363e-41
4.9930396436085144e-43
4.9206815220409383e-45
3.231967974493502e-47
1.4147848096642781e-49
4.12757787557433e-52
8.025677638992282e-55
1.0400391696027559e-57
8.982541412408483e-61
5.170473404390643e-64
1.9835490173671794e-67
5.071507989959986e-71
0.0
0.0
0.0
0.0
0.0
2.3421448436816952e-36
2.1381701618618205e-35
1.3009252053457352e-34
5.275260856137776e-34
1.4256637262431848e-33
2.5678627531711346e-33
3.0928049943554526e-33
2.5421595005173302e-33
1.689580749343669e-33
1.699028490546802e-33
2.8140752799336216e-33
1.638832762492144e-05
0.00012478146579780237
0.0006332089964698419
0.002141537178310051
0.004827093469947984
0.007255594635834328
0.007297946308348308
0.005075602543200905
0.0030977257774749754
0.003217207705494454
0.004872060449388803
0.006105380261630453
0.006097569859571956
0.005955686099545964
0.006113243087082038
0.005881382095291128
0.00428482446485923
0.002154644798113318
0.0007283808900769027
0.00016444738216283024
3.5532536892474304e-05
8.996429296968251e-05
0.00047347985636664455
0.0017067602619958097
0.004123357236727796
0.0067239051731432815
0.007746419493386664
0.007315294095241232
0.007282975759398313
0.007683395213715836
0.00672257094540491
0.004415373273042165
0.002907872927502001
0.003559442402086668
0.0057339694448308425
0.008036524022172864
0.009715273963377194
0.010093969365224097
0.008400840903126759
0.005983761568763094
0.005705773460173606
0.009247568704331646
0.0161002635771798
0.021000004098520077
0.021356752368159853
0.02085675262300639
0.02149784256339904
0.019334098473436687
0.01269921988038882
0.005698592273475184
0.001716597661924194
0.0003504128703992833
9.319282428490422e-05
0.00024332815641304258
0.0009757362759076495
0.002877904222961735
0.005857122518924739
0.00823240465402067
0.008569308329396985
0.008101379251185052
0.008449298713631809
0.008491190014558678
0.006857750736451429
0.005517313485599703
0.00779422357977298
0.01365872894932522
0.01715848910709589
0.017556185994964276
0.012017650921144441
0.005485095767736798
0.0016686030429258283
0.00033830315615463396
4.5713126784965e-05
4.11677746739907e-06
2.470901358186661e-07
9.884050897361822e-09
2.635093843669212e-10
4.68207911438404e-12
5.54450727251225e-14
4.375913366070874e-16
2.301738708349515e-18
8.069095872037623e-21
1.8852774717017345e-23
2.9356699577941944e-26
3.046637466832091e-29
2.1102871466016895e-32
1.8052380766701233e-34
6.399471644252932e-34
1.5979110732712724e-33
2.6591612090367377e-33
2.994283698775895e-33
2.6851850889871073e-33
2.222453669551047e-33
3.1604712821895216e-33
5.912088877048626e-33
8.717241162349796e-33
9.581689550234263e-33
9.207378461735862e-33
9.234505029801007e-33
8.780273301095743e-33
6.431396829978705e-33
3.274878668640177e-33
1.12354191934723e-33
2.5759825817602996e-34
4.7627514441374435e-35
6.531560995798626e-35
3.0424976387809598e-34
1.0046187569818474e-33
2.2604405022890218e-33
3.5497963419113146e-33
4.448679021225721e-33
5.6410735860939684e-33
2.283926758781714e-06
1.8257900522349918e-05
0.0001011154863367465
0.00037332477544615604
0.0009592630710255163
0.0014918988690038044
0.002276614979316555
0.0027712539443903793
0.0028604129049082795
0.0025349492922587436
0.001841989108978619
0.0010241115919686979
0.0004111834696022518
0.0001148731283317466
2.1868352240525245e-05
2.805740781915949e-06
2.4125587555236373e-07
1.3863963289712313e-08
5.317042398881411e-10
1.3599605434556115e-11
2.31903851972889e-13
2.635979917299617e-15
1.997067452542858e-17
1.008421604051756e-19
3.3937635646684604e-22
7.612139760956943e-25
1.1379299609119837e-27
1.1337227828750183e-30
7.528011333820862e-34
3.331466487986719e-37
9.82589657897388e-41
3.4750764522535395e-43
0.0
0.0
0.0
0.0
0.0
0.0
0.0
0.0
0.0
0.0
0.0
0.0
0.0
4.489111193469829e-05
0.00028518208132018527
0.0012074402636974995
0.0034071450407237316
0.006407625745569906
0.008051846832600806
0.006852626999148356
0.004404298665012277
0.0034717328775750256
0.00471057310957995
0.006365904241550626
0.006821888995870677
0.006739706270476721
0.0067770077329538814
0.00657515612016316
0.005026309800575253
0.0026967051048345492
0.0009777149988251877
0.00023709203797377625
5.934964399277825e-05
0.00015699506898155316
0.0007419634523500373
0.0024044352763427893
0.0052239496177513296
0.007756745355545459
0.0084427959318172
0.008109715419533257
0.008306355054224902
0.008160726654672847
0.006309536039651762
0.004026734321333996
0.0035046678428650997
0.004780130651756955
0.005741394078138832
0.004797692972452593
0.002686667416761584
0.0010033988069226153
0.00041537250606200356
7.889340252207376e-05
9.986798968690258e-06
2.880733801542766e-05
0.00018651173955288905
0.0008286336760856737
0.002454194658016225
0.004844376588743044
0.006373064924075069
0.005587793358379838
0.0032982627604318145
0.0014841634853705048
0.0012412477465785477
0.002660911505450303
0.004965626361815348
0.0062950973008353926
0.005330212866970152
0.003048950439105678
0.001407404419092598
0.0013962456042193835
0.0030073985917165357
0.005249225699386625
0.006191610400873116
0.004871636915950679
0.0025547694450398393
0.0009044548506135324
0.00040232025851927934
0.00036385006407744835
0.0012476471397982183
0.003406253275716824
0.006232972078971857
0.0076418767124267345
0.006432784535218637
0.004430722706312634
0.004302255688835828
0.006183167259011999
0.007555383484381853
0.006527030447168114
0.004447428245362596
0.0040093322116558135
0.00574069593103224
0.007353515401812317
0.006573011151116148
0.003938827995530892
0.0015742295261137482
0.0004193627343228841
7.445571038441658e-05
8.810252093570294e-06
6.948007544729985e-07
3.651857182636751e-08
1.2792305940458792e-09
2.986520075679545e-11
1.9472006204241245e-12
2.3116915239582343e-14
2.207622579126367e-06
1.5100904467728242e-05
6.884345235447203e-05
0.00020917215482417085
0.0004235714189426468
0.0005906051572181558
0.0006506043008217893
0.0009626439705036907
0.002224550430891943
0.004566272494616217
0.006748958306738834
0.007492197840610904
0.00741305628696578
0.007454884357642449
0.00675640707496574
0.004608563246826845
0.002172993295198194
0.0006896566399395335
0.00014678865422786117
2.5330094408375496e-05
2.9054552622525814e-05
0.0001055603916805419
0.00027513878768758613
0.00041859083402156767
0.0005794707393174034
0.0006080041184208074
0.0005919151754992391
0.0006148231953848505
0.0006265289467779376
0.0007666197916517029
0.001594575438856682
0.0034994359789540606
0.005584648386907867
0.006011520823497519
0.004319496832526535
0.002068956320625644
0.0006604841237841555
0.00014052592700337452
1.992655731567418e-05
1.8831705734927372e-06
1.1861199132272142e-07
4.979079763734408e-09
1.3930000062222552e-10
2.597375270355682e-12
3.2277495735067987e-14
2.6732926954808445e-16
3.936239531451543e-05
0.00028900901415840997
0.00141423899095068
0.0032536033923530206
0.008096151207406371
0.01342685062213596
0.014840592907277694
0.010932258570706604
0.005367228516450969
0.001756191317497763
0.0003829791344362222
5.56621463738279e-05
5.39170761537445e-06
3.4807614877451817e-07
1.4976272907705026e-08
1.0811456099444507e-05
9.898641823805392e-05
0.0006040400824293272
0.002456617212835372
0.006658720275566657
0.012028891287383934
0.014482447969430802
0.011620903694200362
0.006214688645163106
0.002215034000611907
0.0005261662247387462
8.330039958351683e-05
8.789268885140968e-06
6.180732745249563e-07
8.404895176835967e-08
1.253095556839195e-07
4.9652802089066645e-05
0.0003441336358907977
0.0015909576843862493
0.004907332015990436
0.010098859995744247
0.013868484234112464
0.012718951850978722
0.007807523838270163
0.0032279044603259117
0.0009140750388082435
0.0001848749838620202
2.9020669169138287e-05
3.891087804255093e-06
4.504435405492568e-07
4.120915343375992e-08
2.722644807993442e-09
1.2375576628132712e-10
3.7933587616457466e-12
7.782550897031243e-14
1.0658196296298573e-15
9.733806883371672e-18
5.926004807096784e-20
2.4047077336026888e-22
4.883222882612876e-24
1.0076998190426385e-26
1.3859327184263906e-29
1.280716277676116e-32
3.548301702098257e-34
7.770551318112268e-34
1.1594859926131374e-33
1.1530881088053995e-33
7.685619694710053e-34
3.781668650594874e-34
3.5434367264527914e-34
1.0873792503193806e-33
2.9835602902794745e-33
5.5463117144935454e-33
7.062974305188584e-33
6.859293058439129e-33
8.115344532785874e-33
1.539242854027248e-32
2.817106913814953e-32
3.978576424582744e-32
4.6946760526392516e-32
5.330991139658272e-32
5.707846531737981e-32
4.9645985760003e-32
3.1638580567761024e-32
1.4403681781634925e-32
7.655705728796956e-33
5.507283505099806e-33
1.1056391719957822e-32
2.010561248637523e-32
2.54111647579266e-32
2.27042768831357e-32
1.5938882394404367e-32
1.2040161496597679e-32
3.727084431128998e-07
3.528154595739829e-06
2.2259096405285486e-05
9.35942141980287e-05
0.00026228413539721964
0.0004898652028625303
0.0006097653014987312
0.0005058600376904652
0.0002796917040511663
0.00010306479553260651
2.5311778144474714e-05
4.14301506727246e-06
4.5195158976351985e-07
3.285858612620316e-08
1.5921624392363923e-09
3.970568645434627e-07
3.696977336652072e-06
2.294448948433488e-05
6.184915243714706e-05
0.00019519472338305234
0.00041056690840401863
0.0005755477488912303
0.000537725119839786
0.00042032691770906873
0.0007244705282577244
0.002710819200778789
0.008136126949767345
0.016481009890366535
0.02226718422440867
0.020051578724861092
0.012034127704962644
0.004816529803962935
0.0013025458061526889
0.0003107769304508857
0.0002630456187801118
0.0004506591229574083
0.0005681248786798791
0.00047941450035895273
0.0002696738084701743
0.00010110000765699573
2.5260694838876065e-05
4.2065005510674444e-06
4.668508526299894e-07
3.453161662629259e-08
4.856726047968486e-09
1.826774504493854e-10
4.579392036676443e-12
7.650895244039915e-14
8.519188639757584e-16
6.322164071068871e-18
3.1269060874537354e-20
1.0307312938618906e-22
2.2644233982659605e-25
3.315517724764821e-28
3.235389877425719e-31
2.1041826676540398e-34
9.120566279389358e-38
2.6347639747082e-41
5.072746709373342e-45
3.721910929208827e-61
1.869801983106076e-64
6.260468067295307e-68
1.3970100856905233e-71
0.0
0.0
0.0
0.0
0.0
9.838922739400577e-36
4.150584680131309e-35
2.56450270588915e-34
1.0560356821325505e-33
2.8982481811152126e-33
5.3011989031274235e-33
6.462405048192128e-33
5.250441197106054e-33
2.8430138207773776e-33
1.0259913307165179e-33
2.4676863542737472e-34
3.955649256210339e-35
4.22597711536384e-36
3.008971358822396e-37
1.4278760693314663e-38
1.0818369697154527e-35
9.22101485200051e-35
5.238358441110747e-34
1.983322303378015e-33
5.0046409775993625e-33
8.416549995971378e-33
9.433586494444179e-33
7.046948735293649e-33
3.508382505173803e-33
1.164110776009332e-33
2.574324147212439e-34
3.79414303721574e-35
8.449834555850351e-36
6.332879947573817e-37
3.163267015470946e-38
2.2365692824440654e-35
1.8480069197599103e-34
2.733938545593868e-07
2.528620659427155e-06
1.5586914885153133e-05
6.403511503450686e-05
0.0001753306215499308
0.0003237024723690568
0.00042261256787390496
0.0005145312206393994
0.0009593829021751041
0.002168082672679391
0.0038299791347168716
0.004935232323530723
0.005155758083429489
0.005144093630157436
0.004885476847911613
0.0037350646512924746
0.002034752392762016
0.0007536363746896782
0.0001874657849235105
3.432509450091807e-05
2.2627245655821428e-05
4.996273088753618e-05
0.00014574142938431783
0.00028983842373595106
0.00040152556813931783
0.00042760684739754767
0.0004229325542324845
0.0004369967061106147
0.00046085870520807257
0.0006748932160662441
0.001486311693459427
0.002923164984616621
0.004035304462060428
0.003740722500401919
0.002313545400770544
0.0009537772439426776
0.00026206349931004555
4.7989800073629836e-05
5.85697098997249e-06
4.7640770697630003e-07
2.5826528616997684e-08
9.331142933242877e-10
2.246907512170549e-11
3.6059283974153163e-13
3.856830468891021e-15
2.7493216263597304e-17
8.128113154557141e-19
2.9463702460841973e-21
7.118138722217136e-24
1.1461121672847925e-26
1.229898712390417e-29
8.796159965719403e-33
4.1927448958134884e-36
1.3319419801499776e-39
6.137433903777139e-37
5.8072241437678474e-36
3.662116007523318e-35
1.5391365604890233e-34
4.311255481126213e-34
8.048443742380873e-34
1.0013862276867777e-33
8.303723199258013e-34
4.589080347088561e-34
1.690285272654696e-34
7.610682940300059e-35
2.8732878828141945e-34
4.316821430644929e-06
3.885016465354028e-05
0.0002330253621889434
0.0009315261859450071
0.0024818097823862133
0.0044068012559979695
0.005157758137924193
0.004663636618531508
0.0028570171637284664
0.0014276824436091483
0.0014292549115089304
0.0028501850282306174
0.004624248774364231
0.00508244667196326
0.0037510639005974684
0.001978056770253602
0.001278158935753465
0.002130259541863367
0.003918200105740714
0.005065654072843113
0.004382693565429746
0.0025279029931212613
0.0009717869629268097
0.00024897974063166285
4.2514644728176927e-05
4.83832068983508e-06
3.669714647214774e-07
1.8550323526165876e-08
6.249600113420526e-10
1.4032482809389506e-11
2.0998987566758587e-13
2.0943233855576125e-15
7.74535853335283e-17
3.9281629232686146e-19
1.3277582433393411e-21
2.991094049468683e-24
4.490789302753676e-27
4.493625116295958e-30
2.996764016488022e-33
1.3319557606330699e-36
3.945559562122296e-40
7.78948876840759e-44
7.46582511596647e-63
3.6836354048139797e-66
1.211314769629562e-69
2.6547213036232446e-73
0.0
0.0
0.0
0.0
0.0
0.0
0.0
0.0
0.0
0.0
0.0
0.0
0.0
0.0
7.580207897654827e-35
5.448993071571103e-34
2.610555572035904e-33
8.335490825166911e-33
1.7738257747203368e-32
2.5404214473667154e-32
2.5397988468552425e-32
2.20592915969352e-32
2.6930271486299785e-32
4.187824111475103e-32
5.233197820776709e-32
4.5184938612733005e-32
2.7006775817804166e-32
1.315903919269442e-32
8.448461072149407e-33
7.58487409924021e-33
5.8110152868545354e-33
1.6198405299971956e-05
0.00011176379960599422
0.000513939032796791
0.0015750835505822514
0.00321719316416096
0.004383956488087594
0.004309571799292627
0.0030498337211808564
0.0016260528005695282
0.0009850682171691012
0.0009502013709080738
0.0010068657525572932
0.001008216143227542
0.0009903195541964796
0.0008498305884840351
0.0005460370005806452
0.00024786915871628345
0.00010790718502736239
0.00018431130770247718
0.0005556843177363199
0.001374381872368926
0.0027082560214417135
0.0042257164490674525
0.005153046610361535
0.005190798893607756
0.0050418110695892755
0.004962576122316247
0.004188042987539612
0.00265894890628997
0.0013865649371205323
0.0009203589685167652
0.0008728026040233761
0.0008236512104326484
0.0006922120364704933
0.0007055651110845642
0.0008893937536208256
0.0009464878365288453
0.000706196632382633
0.0003543863290768207
0.00011871275122120618
2.6510503725037832e-05
3.9458501806501705e-06
3.914247445212355e-07
2.5878441492741476e-08
1.140275023432707e-09
5.1439025932124464e-06
3.267517304735551e-05
0.00013833351569283897
0.00039031791894020035
0.000733991639059685
0.0009199098822584643
0.0007683887611485352
0.00042775812936655407
0.0001587073674714475
3.9244378180549274e-05
6.4675435919283335e-06
7.103670769667999e-07
5.2000537655128e-08
7.263155907954249e-09
2.703665478164508e-10
6.70752180370417e-12
1.1090542197500949e-13
1.2221514075021207e-15
8.975916299706325e-18
4.393535341502975e-20
1.4332798735906549e-22
3.1162294596356547e-25
4.515536982652879e-28
4.360847769283868e-31
2.806816348058631e-34
1.2040336276600752e-37
3.4422688273311124e-41
6.558922503342268e-45
0.0
0.0
0.0
0.0
0.0
0.0
0.0
0.0
0.0
0.0
0.0
0.0
0.0
0.0
0.0
0.0
0.0
0.0
0.0
0.0
0.0
0.0
0.0
0.0
0.0
0.0
0.0
0.0
0.0
0.0
0.0
0.0
0.0
0.0
0.0
0.0
0.0
0.0
0.0
0.0
0.0
0.0
0.0
0.0
0.0
0.0
0.0
0.0
0.0
0.0
0.0
0.0
0.0
0.0
0.0
0.0
0.0
0.0
0.0
0.0
0.0
0.0
0.0
0.0
0.0
0.0
0.0
0.0
0.0
0.0
0.0
0.0
0.0
0.0
0.0
0.0
0.0
0.0
0.0
0.0
0.0
0.0
0.0
0.0
0.0
0.0
0.0
0.0
0.0
0.0
0.0
0.0
0.0
0.0
0.0
0.0
0.0
0.0
0.0
0.0
0.0
0.0
0.0
0.0
0.0
0.0
0.0
0.0
0.0
0.0
0.0
0.0
0.0
0.0
0.0
0.0
0.0
0.0
0.0
0.0
0.0
0.0
0.0
0.0
0.0
0.0
0.0
0.0
0.0
0.0
0.0
0.0
0.0
0.0
0.0
0.0
0.0
0.0
0.0
0.0
0.0
0.0
0.0
0.0
0.0
0.0
0.0
0.0
0.0
0.0
0.0
0.0
0.0
0.0
0.0
0.0
0.0
0.0
0.0
0.0
0.0
0.0
0.0
0.0
0.0
0.0
0.0
0.0
0.0
0.0
0.0
0.0
0.0
0.0
0.0
0.0
0.0
0.0
0.0
0.0
0.0
0.0
0.0
0.0
0.0
0.0
0.0
0.0
0.0
0.0
0.0
0.0
0.0
0.0
0.0
0.0
0.0
0.0
0.0
0.0
0.0
0.0
0.0
0.0
0.0
0.0
0.0
0.0
0.0
0.0
0.0
0.0
0.0
0.0
0.0
0.0
0.0
0.0
0.0
0.0
0.0
0.0
0.0
0.0
0.0
0.0
0.0
0.0
0.0
0.0
0.0
0.0
0.0
0.0
0.0
0.0
0.0
0.0
0.0
0.0
0.0
0.0
0.0
0.0
0.0
0.0
0.0
0.0
0.0
0.0
0.0
0.0
0.0
0.0
0.0
0.0
0.0
0.0
0.0
0.0
0.0
0.0
0.0
0.0
0.0
0.0
0.0
0.0
0.0
0.0
0.0
0.0
0.0
0.0
0.0
0.0
0.0
0.0
0.0
0.0
0.0
0.0
0.0
0.0
0.0
0.0
0.0
0.0
0.0
0.0
0.0
0.0
0.0
0.0
0.0
0.0
0.0
0.0
0.0
0.0
0.0
0.0
0.0
0.0
0.0
0.0
0.0
0.0
0.0
0.0
0.0
0.0
0.0
0.0
0.0
0.0
0.0
0.0
0.0
0.0
0.0
0.0
0.0
0.0
0.0
0.0
0.0
0.0
0.0
0.0
0.0
