a = 4.749665496097099 b = 4.695210240090903 c = 16.18201270037822 ,Gaussian ,LMH = 0.08 ,DW = [1.2 1.2 1.2 1.2]
0.0
0.0
0.0
0.0
0.0
0.0
0.0
0.0
0.0
0.0
0.0
0.0
0.0
0.0
0.0
0.0
0.0
0.0
0.0
0.0
0.0
0.0
0.0
0.0
0.0
0.0
0.0
0.0
0.0
0.0
0.0
0.0
0.0
0.0
0.0
0.0
0.0
0.0
0.0
0.0
0.0
0.0
0.0
0.0
5.3830868463756865e-34
3.885022694939234e-33
1.8686900882061352e-32
5.990492822191281e-32
1.2798803470985306e-31
1.822458874677171e-31
1.7295282157159e-31
1.093903758181103e-31
4.611180530250188e-32
1.295467984831563e-32
2.425620151907468e-33
3.02691654819343e-34
2.517443031443907e-35
1.3954054133035519e-36
5.15492918498761e-38
1.2691897380124858e-39
2.0826291774271498e-41
2.277607547288115e-43
1.660073764778162e-45
8.064128272855946e-48
2.6107724225050074e-50
4.560483998604668e-52
7.508014555082076e-55
8.237981715463264e-58
6.024182077377716e-61
2.936005764137601e-64
9.536681229224374e-68
2.064520391578818e-71
0.0
0.0
0.0
0.0
0.0
0.0
0.0
0.0
0.0
0.0
0.0
0.0
0.0
0.0
0.0
0.0
0.0
0.0
0.0
0.0
0.0
0.0
0.0
0.0
0.0
0.0
0.0
0.0
0.0
0.0
0.0
0.0
0.0
0.0
0.0
0.0
0.0
0.0
0.0
0.0
0.0
0.0
0.0
0.0
0.0
0.0
0.0
0.0
0.0
0.0
0.0
0.0
0.0
0.0
0.0
0.0
0.0
0.0
0.0
0.0
0.0
0.0
0.0
0.0
0.0
0.0
0.0
0.0
0.0
0.0
0.0
0.0
0.0
0.0
0.0
0.0
0.0
0.0
0.0
0.0
0.0
0.0
0.0
0.0
0.0
0.0
0.0
0.0
0.0
0.0
0.0
0.0
0.0
0.0
0.0
0.0
0.0
0.0
0.0
0.0
0.0
0.0
0.0
0.0
0.0
0.0
0.0
0.0
0.0
0.0
0.0
0.0
0.0
0.0
0.0
0.0
0.0
0.0
0.0
0.0
0.0
0.0
0.0
0.0
0.0
0.0
0.0
0.0
0.0
0.0
0.0
0.0
0.0
0.0
0.0
0.0
0.0
0.0
0.0
0.0
0.0
0.0
0.0
0.0
0.0
0.0
0.0
0.0
0.0
0.0
0.0
0.0
0.0
0.0
0.0
0.0
0.0
3.17300040348962e-33
2.0996225734109362e-32
9.259635418568938e-32
2.721623773125981e-31
5.33143158255589e-31
6.960511239295705e-31
6.056475796484903e-31
3.512209239831964e-31
1.357445256958018e-31
3.4965988940885033e-32
6.002758281059841e-33
6.868113181586793e-34
5.23727742307399e-35
2.6616764600511013e-36
9.015431047669868e-38
2.035163367128024e-39
1.2975038562566815e-40
1.489443447557588e-42
1.1395173114456802e-44
5.810311077414404e-47
1.9745102389732267e-49
4.4719912367000255e-52
6.750315097674651e-55
6.790921273913454e-58
4.553180781259108e-61
2.0346168670585073e-64
6.0594322654371734e-68
1.2027151399361324e-71
0.0
0.0
0.0
0.0
0.0
0.0
0.0
0.0
0.0
0.0
0.0
0.0
0.0
0.0
0.0
0.0
0.0
0.0
0.0
0.0
0.0
0.0
0.0
0.0
0.0
0.0
0.0
0.0
0.0
0.0
0.0
0.0
0.0
0.0
0.0
0.0
0.0
0.0
0.0
0.0
0.0
0.0
0.0
0.0
0.0
0.0
0.0
0.0
0.0
0.0
0.0
0.0
0.0
0.0
0.0
0.0
0.0
0.0
0.0
0.0
0.0
0.0
0.0
0.0
0.0
0.0
0.0
0.0
0.0
0.0
0.0
0.0
0.0
0.0
0.0
0.0
0.0
0.0
0.0
0.0
0.0
0.0
0.0
0.0
0.0
0.0
0.0
0.0
0.0
0.0
0.0
0.0
0.0
0.0
0.0
0.0
0.0
0.0
0.0
0.0
0.0
0.0
0.0
0.0
0.0
0.0
0.0
0.0
0.0
0.0
0.0
0.0
0.0
0.0
0.0
0.0
0.0
0.0
0.0
0.0
0.0
0.0
0.0
0.0
0.0
0.0
0.0
0.0
0.0
0.0
0.0
0.0
0.0
0.0
0.0
0.0
0.0
0.0
0.0
0.0
0.0
0.0
0.0
0.0
0.0
0.0
0.0
0.0
0.0
0.0
0.0
0.0
0.0
0.0
0.0
0.0
0.0
1.2278151938970296e-06
1.0469466778846599e-05
5.949735662755215e-05
0.00022534728359759808
0.0005688379094821645
0.0009569875421123841
0.0010730144857258308
0.0008018376304152827
0.00039934553317264824
0.0001325539812785068
2.9323666382793453e-05
8.561229230827267e-06
9.630840700751655e-07
7.220608885617151e-08
3.6079872292966338e-09
1.201538552312141e-10
2.6668093960474557e-12
3.944825450032937e-14
3.8890645749412283e-16
2.5553127709174952e-18
1.1189856698026622e-20
3.265777046902975e-23
6.35228665626384e-26
8.234840503141734e-29
7.114786036147116e-32
4.096849821673735e-35
1.572243445088197e-38
4.0213427374135717e-42
0.0
0.0
0.0
0.0
0.0
0.0
0.0
0.0
0.0
0.0
0.0
0.0
0.0
0.0
0.0
0.0
0.0
0.0
0.0
0.0
0.0
0.0
0.0
0.0
0.0
0.0
0.0
0.0
0.0
0.0
0.0
0.0
0.0
0.0
0.0
0.0
0.0
0.0
0.0
0.0
0.0
0.0
0.0
0.0
0.0
0.0
0.0
0.0
0.0
0.0
0.0
0.0
0.0
0.0
0.0
0.0
0.0
0.0
0.0
0.0
0.0
0.0
0.0
0.0
0.0
0.0
0.0
0.0
0.0
0.0
0.0
0.0
0.0
0.0
0.0
0.0
0.0
0.0
0.0
0.0
0.0
0.0
0.0
0.0
0.0
0.0
0.0
0.0
0.0
0.0
0.0
0.0
0.0
0.0
0.0
0.0
0.0
0.0
0.0
0.0
0.0
0.0
0.0
0.0
0.0
0.0
0.0
0.0
0.0
0.0
0.0
0.0
0.0
0.0
0.0
0.0
0.0
0.0
0.0
0.0
0.0
0.0
0.0
0.0
0.0
0.0
0.0
0.0
0.0
0.0
0.0
0.0
0.0
0.0
0.0
0.0
0.0
0.0
0.0
0.0
0.0
0.0
0.0
0.0
0.0
0.0
0.0
1.0444187061710731e-34
7.828748279382951e-34
3.9110337619535006e-33
1.302183982324558e-32
2.8964286627546e-32
4.3305749460231974e-32
4.529707055521097e-32
3.9435065257727214e-32
4.120558364809101e-32
5.171432658831116e-32
5.536671514897262e-32
4.741423115765804e-32
4.703953159800368e-32
8.44393648953759e-32
2.470035975640253e-31
7.511356874322164e-31
1.371228848235638e-30
2.501580312883536e-30
3.0791996960850115e-30
2.532858908654118e-30
1.3893748586112013e-30
5.080008560745379e-31
1.2379494957430117e-31
1.329955236285081e-05
0.0001232609845922456
0.0007613700508692717
0.003134350028317487
0.008599649443530895
0.015816577849083455
0.019761207249738497
0.01816419108532291
0.01596438150662674
0.017692753499033355
0.020035126876937738
0.01858742375715891
0.016227305206118522
0.017405406173333825
0.01929093645496435
0.016397152827299782
0.00957877453233977
0.0037520136589065073
0.0009806363861861388
0.00032001173324559877
4.254269662156036e-05
3.769397165325699e-06
2.225878870609684e-07
8.760178014870266e-09
2.2977666845402131e-10
4.016802527838514e-12
4.679900126006436e-14
3.6339105816104146e-16
1.880587029851906e-18
6.486257481868841e-21
1.4909960091158542e-23
2.2842326007343045e-26
2.3323070134322347e-29
1.5871305787685356e-32
7.198154238120482e-36
2.1757609882875116e-39
4.383114047168156e-43
0.0
0.0
0.0
0.0
0.0
0.0
0.0
0.0
0.0
0.0
0.0
0.0
0.0
0.0
0.0
0.0
0.0
0.0
0.0
0.0
0.0
0.0
0.0
0.0
0.0
0.0
0.0
0.0
0.0
0.0
4.744290246598539e-05
0.00035243491716881273
0.0017448904114858018
0.0040457138991102405
0.0102189123813973
0.017354070016250514
0.02050029255037773
0.019119457979598124
0.0185433999418331
0.020549429194813795
0.02095796149809435
0.01905260406962123
0.01899054602683321
0.020308874272734152
0.0178131740963771
0.011016323820130933
0.004599714466411179
0.0012836397273636043
0.00023889473909531532
2.963536167919997e-05
2.4502375076641463e-06
1.3501762298158546e-07
4.95855213130564e-09
1.2136710382689359e-10
1.9798335080133914e-12
2.1524739610048603e-14
1.5596555394769013e-16
7.531838968884898e-19
2.4241244314399395e-21
4.2178554340147215e-23
6.90316339455579e-26
7.529847211051393e-29
5.474011722197782e-32
2.652203417830874e-35
8.564252948703867e-39
1.843120330215157e-42
0.0
0.0
0.0
0.0
0.0
0.0
0.0
0.0
0.0
0.0
0.0
0.0
0.0
0.0
0.0
0.0
0.0
0.0
0.0
0.0
0.0
0.0
0.0
0.0
0.0
0.0
0.0
0.0
0.0
0.0
0.0
0.0
0.0
0.0
0.0
0.0
0.0
0.0
0.0
0.0
0.0
0.0
0.0
0.0
0.0
0.0
0.0
0.0
0.0
0.0
0.0
0.0
0.0
0.0
0.0
0.0
0.0
0.0
0.0
0.0
0.0
0.0
0.0
0.0
0.0
1.03174401957446e-33
7.807831451739328e-33
3.9379522631788166e-32
1.3275361537504547e-31
2.999980494441995e-31
4.1718185707026246e-31
5.163130116566019e-31
5.178826781461136e-31
5.209802701688274e-31
5.4189263745942165e-31
5.064669162622564e-31
4.362866974214095e-31
3.996825185961573e-31
3.733015317091182e-31
3.2394775519606625e-31
2.720868999812163e-31
2.1582487848875427e-31
1.3864491013304381e-31
6.3930945802179e-32
2.0116829060769055e-32
4.248704382561544e-33
5.992860223390522e-34
5.637095206857301e-35
3.534552040070876e-36
1.4771245296565292e-37
4.1142230696483176e-39
7.637337493305089e-41
9.448834082254188e-43
7.791053206138549e-45
4.2814976665788437e-47
1.5681110483208761e-49
2.973936874861837e-51
5.538796818091018e-54
6.875126142561943e-57
5.68757918346295e-60
3.1358536746570594e-63
1.152300289555733e-66
2.822000593823549e-70
0.0
0.0
0.0
0.0
0.0
0.0
0.0
0.0
0.0
0.0
0.0
0.0
0.0
0.0
0.0
0.0
0.0
0.0
0.0
0.0
0.0
0.0
0.0
0.0
0.0
0.0
0.0
0.0
0.0
0.0
0.0
0.0
0.0
0.0
0.0
0.0
0.0
0.0
0.0
0.0
0.0
0.0
0.0
0.0
0.0
0.0
0.0
0.0
0.0
0.0
0.0
0.0
0.0
0.0
0.0
0.0
0.0
0.0
0.0
0.0
0.0
0.0
0.0
0.0
0.0
0.0
0.0
0.0
0.0
0.0
0.0
0.0
0.0
0.0
0.0
0.0
0.0
0.0
0.0
0.0
0.0
0.0
0.0
0.0
0.0
0.0
0.0
0.0
0.0008089316778905718
0.006992811342516918
0.0402877792443272
0.15540249973854955
0.40212326941803794
0.7119394078149748
0.9122792370045383
0.9563122647061074
0.9767541855880871
1.0
0.9901299876759522
0.9644547994387839
0.9057492136834805
0.7068325086328785
0.4016579749986482
0.15660611064022895
0.041057838354815315
0.007193052959843745
0.0008405270640835815
6.547446961811557e-05
3.399408970052136e-06
1.17631902331804e-07
2.712882274192466e-09
4.16983704289958e-11
4.2715843872675876e-13
2.9163558313235034e-15
1.3270081846834073e-17
4.024280504961332e-20
8.133630478733951e-23
1.0956256215729598e-25
9.836066811476398e-29
5.885214664363575e-32
2.3468465563090542e-35
1.014846783566694e-37
0.0
0.0
0.0
0.0
0.0
0.0
0.0
0.0
0.0
0.0
0.0
0.0
0.0
0.0
0.0
0.0
0.0
0.0
0.0
0.0
0.0
0.0
0.0
0.0
0.0
0.0
0.0
0.0
0.0
0.0
0.0
0.0
0.0
0.0
0.0
0.0
0.0
0.0
0.0
0.0
0.0
0.00018831704075180264
0.0014841941547413678
0.0077960274737746875
0.027292137661840743
0.063677102526729
0.09901718656458784
0.1026170248551321
0.07087773068458104
0.03262734516412637
0.015526153884588995
0.003634447499986597
0.0005670148870758937
5.8956551321303534e-05
4.085556581811763e-06
1.886913257284135e-07
5.808101405935051e-09
1.1915108267230334e-10
1.6290834954790643e-12
1.484465958315515e-14
9.015269004453794e-17
3.648956494981283e-19
9.843288838244071e-22
1.7696742061513065e-24
2.1204496317426556e-27
1.693339928515008e-30
9.01242960279383e-34
3.196841982608802e-37
7.557566942535692e-41
0.0
0.0
0.0
0.0
0.0
0.0
0.0
0.0
0.0
0.0
0.0
0.0
0.0
0.0
0.0
0.0
0.0
0.0
0.0
0.0
0.0
0.0
0.0
0.0
0.0
0.0
0.0
0.0
0.0
0.0
0.0
0.0
0.0
0.0
0.0
0.0
0.0
0.0
0.0
0.0
0.0
0.0
7.127317527572603e-05
0.0005514400954923957
0.0028434927297698617
0.009901817171789784
0.023278991051401236
0.03832468475079987
0.04769031338971824
0.051023504134260184
0.052130739813079065
0.05182290631359875
0.04975041674145171
0.043509335764337506
0.030571542364497977
0.015548748500869817
0.005436054844447347
0.0012804042588795616
0.00020173971341308364
4.7009410549358144e-05
3.772364136525557e-06
2.0179574656693966e-07
7.19484722223184e-09
1.7097108008531666e-10
2.707750426213058e-12
2.8580991149236114e-14
2.0106101247381765e-16
9.426709430217629e-19
2.945601328132234e-21
6.1343616480915196e-24
8.514248824776869e-27
7.875984448955206e-30
4.855622448475692e-33
1.9951085028661356e-36
5.463484015592994e-40
0.0
0.0
0.0
0.0
0.0
0.0
0.0
0.0
0.0
0.0
0.0
0.0
0.0
0.0
0.0
0.0
0.0
0.0
0.0
0.0
0.0
0.0
0.0
0.0
0.0
0.0
0.0
0.0
0.0
0.0
0.0
0.0
0.0
0.0
0.0
0.0
0.0
0.0
0.0
0.0
0.0
0.0
0.0
0.0
0.0
0.0
0.0
0.0
0.0
0.0
0.0
0.0
0.0
0.0
0.0
0.0003104253637359717
0.0020638217091594464
0.009144683992538165
0.027005161357925175
0.05315038306477107
0.06971842531913217
0.06668209100636653
0.044478789647478104
0.020134057557659315
0.008176726171911192
0.01108423630223427
0.028485277668753185
0.05390635021700842
0.06832161385547637
0.05772391157033768
0.03259239136435059
0.012930677283265567
0.0071026802712648085
0.015450154170555173
0.036780081321801376
0.060159753067134114
0.06567341973114015
0.04778397798852417
0.023171692946221678
0.007488844840060472
0.0016130708795728844
0.00023156537291770072
2.215518254473072e-05
1.4127281396379648e-06
6.003761162512931e-08
1.7004731017229566e-09
1.261154226579987e-10
1.8164236152490472e-12
1.7436030799919127e-14
1.1154745437412882e-16
4.756124867349856e-19
1.3515383727118365e-21
2.559676411296002e-24
3.230941388235026e-27
2.8466062135654185e-30
3.0591643646244955e-31
4.861592190027784e-31
5.1793040823784516e-31
3.6776523147324132e-31
1.74041606203396e-31
5.489302334051381e-32
1.1538856559690154e-32
1.6165529962779955e-33
1.5093802649971509e-34
9.392667226997129e-36
3.895477971617973e-37
1.0767481093024682e-38
1.9835768499511186e-40
2.435373031309905e-42
1.992799025052748e-44
1.0867835592644124e-46
5.702273806312242e-34
2.171483824583866e-33
1.1507227155361043e-32
4.064118121939858e-32
9.566289201759274e-32
1.50072887323289e-31
1.5690707212755592e-31
1.0943890593845454e-31
5.17040390806162e-32
2.1297261419367687e-32
2.5635749150567757e-32
6.03325050927714e-32
1.0677846920334696e-31
1.267926927080375e-31
1.005650321312498e-31
5.492313806145442e-32
3.0196147823093356e-32
5.060626881792411e-32
1.2543645261255868e-31
2.3071091889079455e-31
2.995776620471245e-31
2.8767640533023783e-31
2.2297487552835853e-31
1.5638509724188451e-31
1.0826433328730865e-31
7.24730092472005e-32
4.141631659085439e-32
2.4511013328121254e-32
8.381433424132116e-33
1.9640329928202114e-33
3.1001856104066684e-34
3.274571997762639e-35
2.308655567186969e-36
1.0854042744052318e-37
3.401714192485363e-39
7.105919905238743e-41
9.893212471679447e-43
9.179959954569086e-45
5.67711397666874e-47
2.3398966416081272e-49
6.427580731332367e-52
1.1767387388264902e-54
1.4358006512659546e-57
1.167588483999511e-60
6.328007905032138e-64
2.2857344429728062e-67
5.5025764124418375e-71
0.0
0.0
0.0
0.0
0.0
0.0
0.0
0.0
0.0
0.0
0.0
0.0
0.0
0.0
0.0
0.0
0.0
0.0
0.0
0.0
0.00010018822781974264
0.0009160639222374518
0.005582341647926706
0.022671935305630723
0.061368049920850126
0.11070764197671147
0.1331050173410584
0.10675003465604199
0.057811445431555565
0.025510254583340268
0.026282130740861928
0.04538036767858881
0.09173816638517351
0.12725982087785973
0.1178583567813579
0.07310465186148934
0.03248210424340157
0.02055397264037382
0.041337320655045404
0.08584906663621095
0.12278992138236115
0.1172720577872191
0.07465425934469411
0.03167370213258022
0.008956220209348999
0.0016878438080343726
0.00021199288985826234
1.774564885841079e-05
9.900201191517234e-07
3.681100760801503e-08
9.122060293126883e-10
1.5065714033812494e-11
1.658318895217202e-13
1.2165442962252058e-15
5.947977989401519e-18
1.9381720517257363e-20
4.209173708525768e-23
5.6342233259776515e-25
6.222159788698961e-28
4.579623872688892e-31
2.2464668252979684e-34
7.344322796521232e-38
1.6002397421648866e-41
0.0
0.0
0.0
0.0
0.0
0.0
0.0
0.0
0.0
0.0
0.0
0.0
0.0
0.0
0.0
0.0
0.0
0.0
0.0
0.0
0.0
0.0
0.0
0.0
0.0
0.0
0.0
0.0
0.0
0.0
0.0
0.0
0.0
0.0
0.0
0.0
0.0
0.0
0.0
0.0
0.0
1.0663117579461256e-36
8.401324805952988e-36
4.411567218738945e-35
1.5439014483758187e-34
2.840565996035676e-34
5.055151060154533e-34
5.995769659060377e-34
6.778684151374659e-34
1.77694603105227e-33
7.714922000549647e-33
2.5416556854348076e-32
5.644395792730714e-32
8.394095097898262e-32
6.329067837144834e-05
0.00045324538020799054
0.0021632592523581724
0.00688121776396934
0.014588262921354525
0.020612155502534316
0.019409966538713578
0.012181694712490868
0.005095328449239116
0.0014848403794751625
0.0007210312031086206
0.0021947197659852266
0.0068178016543175984
0.014317495196161453
0.020046299579388638
0.018706270128365447
0.011633806780303539
0.00676569587590806
0.0021830542089329354
0.0007808922807412884
0.0017353909015271835
0.005662227849741418
0.012791829175315468
0.019391789845687433
0.019850283246135345
0.014005283715359909
0.007295200252931573
0.0034686605690553555
0.0021171918833326605
0.001652303409225595
0.0012217158306387246
0.0007063079831305793
0.0002924330610514261
8.326966237719737e-05
1.601447000108231e-05
2.064085347431738e-06
1.77712499781585e-07
0.0001475222799426982
0.0011195780994255756
0.00566320742291309
0.019092035839971013
0.042896668261765906
0.06423569566580113
0.06710875857069878
0.05110161843223853
0.02593412817114906
0.008876299987750634
0.0028167783591934847
0.004792029251863691
0.0160719337178547
0.03815982846893802
0.06049037021399147
0.06391002127147116
0.04500220862841263
0.021119336029174055
0.006818261388084902
0.002870387926154391
0.007179134919709174
0.021808835494748276
0.045290638832157504
0.06273330657170488
0.05791343542248861
0.03563217381066549
0.01461123295992199
0.003993125506919621
0.0007273117507357044
8.828965018720881e-05
7.142998125151417e-06
1.0665025289075475e-06
4.387682663362688e-08
1.2030677317893007e-09
2.1985001277842464e-11
2.677592359615591e-13
2.1734215716932085e-15
1.1757772004423043e-17
4.239236482167641e-20
1.0186659781851076e-22
1.6313889168488984e-25
1.7412645626629624e-28
1.2386641374089795e-31
5.872512018092169e-35
1.8555634647153716e-38
3.907592430566712e-42
0.0
0.0
0.0
0.0
0.0
0.0
0.0
0.0
0.0
0.0
0.0
0.0
0.0
0.0
0.0
6.939304213472547e-35
4.962743589451101e-34
2.365425613956319e-33
7.51412303139935e-33
1.5908486224553162e-32
2.244713709459941e-32
2.140493998157978e-32
1.5512139881251236e-32
1.7307158283593065e-32
4.2160051576480343e-32
9.447185004843052e-32
1.4887696859496999e-31
1.6542274575762424e-31
1.3759569604246229e-31
9.462806261235993e-32
6.332667700316049e-32
5.528908091239426e-32
6.460670444389975e-32
6.835491695073254e-32
5.345630575806132e-32
3.417043579086545e-32
3.2594054612304824e-32
4.6181890452463277e-32
8.279474144484439e-32
1.151880178986243e-31
1.1292166241744717e-31
7.570530692837334e-32
3.424321574198278e-32
1.0382358787052898e-32
2.1035561832859672e-33
2.843977137909631e-34
2.5640371509383867e-35
1.541048786848479e-36
6.173643315191043e-38
1.648435121109721e-39
2.933557246234373e-41
3.479395465208257e-43
2.750406242778164e-45
1.4490136942707156e-47
5.08780153353912e-50
1.1906102077579e-52
1.8569092959202647e-55
1.930160276457709e-58
1.337142293982157e-61
6.173670349824696e-65
1.8997252531653197e-68
3.896006840847745e-72
0.0
0.0
0.0
0.0
0.0
0.0
0.0
0.0
0.0
0.0
0.0
0.0
0.0
0.0
0.0
0.0
0.0
0.0
0.0
0.0
0.0
0.0
0.0
0.0
0.0
0.0
0.0
0.0
0.0
0.0
0.0
0.0
0.0
0.0
0.0
5.4665874683950716e-05
0.0003923531172232897
0.001876806338687035
0.0059833356161047265
0.012713022464598935
0.01800262408929542
0.01699042959862575
0.010686966674654859
0.004511620139648155
0.0015008923321031566
0.0015454061086349836
0.004634983602389385
0.010776883934787141
0.01679767021329185
0.017453244195134093
0.012086150575527753
0.005601810034168521
0.0027606841354553204
0.0014547569008866402
0.004208977728467428
0.014778391711352631
0.03876868929350633
0.07594868481486884
0.11412780736088775
0.13913961555349963
0.14852375847467505
0.1461922068315707
0.13066847674805132
0.0984593366682185
0.05721558787836051
0.023953210471525963
0.006940550587955308
0.001363847116440887
0.00018001924316650623
1.58915153020607e-05
3.2077424417823604e-05
0.00024336212991725128
0.0012671372009752293
0.004397854415948723
0.01017278653317151
0.015682690216540906
0.01611323513112136
0.011033834700891379
0.006842106336754887
0.0023825176614619146
0.0005529221475260262
8.552112234266284e-05
8.815853113699643e-06
6.056710944141997e-07
2.7732619795515876e-08
8.463041997083948e-10
7.423312812247897e-05
0.0006563271930813474
0.003867449786083888
0.01518834722927406
0.03975373139654899
0.06934686443924726
0.08069953819613758
0.06314297915494685
0.036191571656768895
0.026404461472337045
0.04223602163073835
0.06900008943326798
0.07915805679816977
0.061321857588518616
0.03473616465959809
0.02507669935174589
0.04046127960279606
0.05855150556107951
0.0773606610235938
0.0688236480533363
0.04084365770935658
0.01615573383487351
0.0042590545651869085
0.0007483099469011926
8.762568016535327e-05
6.838531253288668e-06
3.556934095267003e-07
1.2330206471349354e-08
2.8486981120023804e-10
4.3863578002715865e-12
4.501354635546311e-14
3.0786757661181515e-16
1.403350729245123e-18
4.2633407409954996e-21
8.632079117881331e-24
1.1648294127050395e-26
1.047588669633973e-29
6.279149236475794e-33
2.508374434092823e-36
6.678293082836683e-40
0.0
0.0
0.0
0.0
0.0
0.0
0.0
0.0
0.0
0.0
8.005133541922757e-07
6.786568040501837e-06
3.834540968152961e-05
0.0001443969782060678
0.0003623968180357053
0.0006061668679463003
0.0006757430103093373
0.0005020563653363476
0.00024958539429753926
9.004458915342547e-05
6.145001969128921e-05
0.00015955881451936772
0.00037831960590832726
0.0006070955109006322
0.0006496955851096734
0.00046339936955400683
0.00022183870354301792
8.138460843834562e-05
7.236771174386366e-05
0.00013814663227507308
0.0003390790655052504
0.0005704705969318723
0.0006404323962508539
0.00047920047156884636
0.00023897016277278093
7.942399178825844e-05
1.7593056266728353e-05
2.597242022694676e-06
2.5554365289900756e-07
1.675711786238712e-08
7.32343950164924e-10
2.1331059168015048e-11
4.140867085646809e-13
5.35737083565282e-15
4.6194862188715935e-17
2.654710641473427e-19
1.016768899581423e-21
2.5954272794958535e-24
4.4154708750679865e-27
5.00641367509448e-30
3.783188561385839e-33
1.905332572205141e-36
6.395362176710673e-40
1.430675185305027e-43
0.0
0.0
0.0
0.0
0.0
0.0
0.0
0.0
0.0
0.0
0.0
0.0
0.0
0.0
0.0
0.0
0.0
0.0
0.0
0.0
0.0
0.0
0.0
0.0
0.0
0.0
0.0
0.0
0.0
0.0
0.0
0.0
0.0
0.0
0.0
0.0
0.0
0.0
0.0
0.0
0.0
0.0
0.0
0.0
0.0
0.0
0.0
0.0
1.481247714199178e-35
1.3861859187424803e-34
8.645633489235412e-34
3.5937983651173164e-33
7.415819619433841e-33
1.5675399716021376e-32
2.215277028364319e-32
2.1384544218723354e-32
1.7022157362102221e-32
2.219554767195961e-32
4.78899605786439e-32
8.571517025667414e-32
1.0509008001382758e-31
8.714673128928231e-32
5.35915499080447e-32
4.018329588354367e-32
5.750028081022623e-32
8.440173642283952e-32
9.184191059813227e-32
7.524699035090608e-32
5.342112337123425e-32
3.766243534795116e-32
2.4669283260344094e-32
1.2673308812323495e-32
4.6117698944078123e-33
1.1430468361272415e-33
1.9036213003513436e-34
2.145391943284066e-34
1.3374436824054871e-33
6.151635585913462e-33
1.3590450848812902e-32
3.182421133834881e-32
4.966646458957862e-32
5.165952332873641e-32
3.581121785740046e-32
1.6580478219666043e-32
5.328866848311257e-33
2.080209857279961e-33
3.1876058537236944e-33
5.983633948985627e-33
7.804214460844496e-33
6.797291526204041e-33
4.04531123512343e-33
2.3180553692127262e-33
4.598296128743483e-33
1.495786887404248e-32
3.515238961963757e-32
5.528453364580905e-32
5.795897347885873e-32
4.0540364973892815e-32
1.9167150416947663e-32
7.318663794745128e-33
5.850165903631826e-33
9.954431854363606e-33
1.3776532914721924e-32
1.3787672378386928e-32
9.8560556191016e-33
4.696404161813859e-33
1.4914675643882953e-33
3.1567777207438743e-34
4.453031425607923e-35
4.1864804416943196e-36
2.6231548070876244e-37
1.0954191389696796e-38
3.0487251669500636e-40
5.6550672678942474e-42
6.990992286219812e-44
5.75998587957104e-46
3.1629007395595327e-48
1.157527333195819e-50
2.8233095384905833e-53
4.589520182147037e-56
4.972303402303419e-59
3.5902898039088636e-62
1.7277581047570129e-65
5.541379838107247e-69
1.1844983218297036e-72
0.0
0.0
0.0
0.0
0.0
0.0
0.0
0.0
0.0
0.0
0.0
0.0
0.0
0.0
0.0
0.0
0.0
0.0
0.0
0.0
0.0
0.0
0.0
0.0
0.0
0.0
0.0
0.0
0.0
0.0
0.0
0.0
0.0
0.0
0.0
0.0
0.0
0.0
0.0
0.0
0.0
0.0
0.0
0.0
0.0
0.0
0.0
0.0
0.0
0.0
0.0
0.0
0.0
0.0
0.0
0.0
2.0540808871029822e-36
1.8751933616327357e-35
1.1409224357152346e-34
4.626448500102986e-34
1.2503191762080992e-33
2.2520374076016387e-33
2.7140274296909853e-33
2.241415026440414e-33
1.5405455747574583e-33
1.683644413315717e-33
5.261737846939679e-06
4.913763399582158e-05
0.00030583052046134946
0.0012686124075813269
0.003507184666502625
0.006462043258582938
0.007948776562865143
0.006595757207811085
0.004050236659264538
0.0029871391910271925
0.004120546954003255
0.005868423277630365
0.006461633138217978
0.0062043001670619045
0.006317175591587222
0.006395624156258175
0.005463853807987021
0.0033321113001131848
0.001378432506605085
0.00038228130055804454
7.429096762101327e-05
5.661652152547722e-05
0.000259431864738963
0.001042828326252686
0.002966647380197999
0.005793286556704452
0.007831553911449778
0.00793071810457753
0.007485428582579727
0.007883919717469691
0.007824446913151872
0.005976480171203815
0.003835621454547814
0.003969490230535034
0.007211024697547373
0.0116009103019969
0.013474400816924062
0.011143122963212721
0.007372821428916256
0.0068623981615313495
0.011757203814115854
0.016643288962699853
0.02189790050518033
0.02237670520058374
0.02178912466961167
0.022451236205138784
0.02035173157294127
0.013525399602749927
0.006145552489707
0.0018728357766027222
0.0003809669739265474
7.906323139985846e-05
0.00019756659477637083
0.0009054844920992686
0.002837175786953288
0.005957087493268678
0.008540067290398199
0.00898482140816851
0.008472294784354519
0.008785672353202344
0.00887178590926937
0.007217068015139129
0.005731592278151978
0.007926835217030928
0.014008063792649803
0.018884084859297344
0.017354064976881665
0.013282869913281696
0.0069524558076863455
0.003697243496345178
0.0030906534338201205
0.0032736682630402606
0.0032831962258968034
0.0028728768191074836
0.002058607808859406
0.0011241287061072767
0.00044173339176679954
0.00012049253932343584
2.2363500960869205e-05
2.7950293483736263e-06
2.3400585603858605e-07
1.3089828036441248e-08
4.886003343286229e-10
1.2162269983234351e-11
2.018291096147349e-13
2.232525306255627e-15
1.6459654966507703e-17
8.088003929585496e-20
2.6488094870621254e-22
5.781561566664761e-25
8.410570875387159e-28
8.236976407959907e-31
1.5992086316216055e-32
9.908782712588646e-33
9.746768403047334e-33
9.9981566645469e-33
8.8934266214603e-33
5.7728157758440475e-33
2.559751986123957e-33
7.611945963915312e-34
1.5109346387482934e-34
3.900794523296136e-35
1.2480549610877315e-34
5.308154416948371e-34
1.5363811069142523e-33
3.0118265316203052e-33
4.222055701297608e-33
4.974716534376387e-33
6.202805924470404e-33
7.880592609491965e-33
8.167777744132143e-33
6.858400050456686e-33
7.507445772330818e-33
1.3791203772711594e-32
2.3461275777616999e-32
2.798232483670828e-32
2.238268173446573e-32
1.1941157621010275e-32
6.269913818528442e-33
1.7255490332979543e-33
4.964100596055604e-34
1.0104806152402919e-33
3.347808497852649e-33
7.660264376432309e-33
1.1691683265612872e-32
1.1893248472129716e-32
8.06316770070842e-33
3.643279127551302e-33
1.097136711279965e-33
2.201965939495736e-34
2.9453844849714e-35
2.6257594725009318e-36
1.5600892171548658e-37
6.177680985042294e-39
1.6303583356229255e-40
2.8676240041073078e-42
3.361575687998445e-44
2.6263048115470776e-46
1.367504967924284e-48
4.745634037889977e-51
1.09759248312346e-53
1.6918799824198568e-56
1.7381190848755854e-59
1.1900660135172457e-62
7.379035429876378e-65
2.569175076274978e-68
5.961689499679031e-72
0.0
0.0
0.0
2.145259182152344e-05
0.000158917991100607
0.000784599291425817
0.0025816912623061647
0.005661639940855497
0.008284138593199616
0.008136267128907842
0.005646037914175991
0.0037655881467018476
0.0043243105496845995
0.006217693028218332
0.007274973484477183
0.007206683799986123
0.007230388155624459
0.007081294182504807
0.005521704706952533
0.0030335229657304148
0.0011553133209076096
0.0004710617051253791
0.0006454303600287734
0.0019908230993886332
0.0048427344783024415
0.008460600842987618
0.011249019199393275
0.012172791492881606
0.011280779804402171
0.010041852526280733
0.010802307584967561
0.013444959494931416
0.014540577600141673
0.01204799208616254
0.008299373332103928
0.0066579279120317966
0.0074575330242018555
0.00927767087024334
0.01201560340290526
0.015249544784171355
0.01592655679506823
0.012253033091491207
0.007277992897973254
0.0052188076575351355
0.006712683497244845
0.008705339024821847
0.00814599340531259
0.005661817717884294
0.004538222417095628
0.005218630934720697
0.0076572971701011
0.00864621359478286
0.006634290363614981
0.003400812390285928
0.0011621939481454408
0.0002647106464977098
4.018348641682821e-05
4.065421634596123e-06
2.7412279356731815e-07
1.2318739050282338e-08
3.6895118601270157e-10
7.364666991953643e-12
9.79758106976856e-14
8.686926870610087e-16
5.133280703475528e-18
2.0216473907615863e-20
5.306367861512607e-23
9.282625862053425e-26
1.0822457455195664e-28
8.409350925137275e-32
4.3549243299249246e-35
1.503073778551926e-38
3.457494771109529e-42
0.0
0.0
0.0
0.0
0.0
0.0
0.0
0.0
0.0
0.0
0.0
0.0
0.0
0.0
0.0
0.0
0.0
2.3919659570523096e-06
1.639348448593305e-05
7.48805631364849e-05
0.00022795466161689557
0.00046249751332153635
0.0006452403661276428
0.0007075215628982037
0.0010339518494264612
0.0023846789334344217
0.004921881688897959
0.0066527700542217535
0.008047484543427042
0.00808863911966127
0.00809794982981946
0.007816646653274936
0.005998358017826529
0.0032473197452848744
0.0011902233187945455
0.0002919551287772735
5.00909880364072e-05
2.09818326081932e-05
7.21195422329587e-05
0.00021834916139190066
0.0004462283252653309
0.0006286250400457846
0.0006656989654342835
0.000646389408463639
0.0006702867648442294
0.000683063584097945
0.0008071616709206089
0.0016295066424261173
0.0036314712110977316
0.005960345373248355
0.006613699540014545
0.004912539774066387
0.003236328890064751
0.001289386306743483
0.0004389296283111507
0.0002226533205029154
0.0001863763692815914
0.00016156618962929404
0.00011735952278863199
6.542267960972121e-05
2.6403821067621937e-05
7.432467628373391e-06
1.428246436364175e-06
1.8519996786168474e-07
1.610696044406395e-08
9.366289071596907e-10
3.635905855128889e-11
9.414525144352333e-13
1.6253520001499616e-14
1.8705522557163565e-16
1.434895401330348e-18
7.33627600713557e-21
2.4999106817054008e-23
5.677548681596324e-26
8.593732280571188e-29
4.170250161903845e-05
0.0003061906874456331
0.0014983159266245551
0.00344703109790884
0.008577469844939829
0.014225080951863466
0.01572287064336853
0.01158218464861908
0.005686311874788651
0.0018605974223902754
0.00040574735979025903
5.8971277807827064e-05
5.712246263545543e-06
3.687693810764028e-07
1.5866616860850515e-08
1.146461440494e-05
0.0001049665416804414
0.0006405323035455184
0.0026050302422627124
0.007060997375573419
0.012755599619184765
0.015357384433051157
0.01232296403674313
0.006590140206748403
0.0023488521244114844
0.000557953807675078
8.833287456175279e-05
9.32026004439841e-06
6.554132909512242e-07
8.912664946051969e-08
3.187112363285584e-09
5.167792909275722e-05
0.00035963397577160196
0.001668009463470482
0.005156058735757467
0.010622304577221962
0.01458482397823114
0.013346432132003955
0.008139743523777644
0.003308550802235165
0.0008962856483996642
0.00016182165014207904
1.9471901175182797e-05
1.5615706443256205e-06
3.10750198163911e-05
0.00026538150778339685
0.0015145017014707106
0.0057604345591693
0.014602334648400038
0.024670099172336164
0.02777800435787046
0.02084552014508994
0.010425718127017576
0.0034752077330808904
0.0013335157743037847
0.0002260349150068443
2.5534916855366866e-05
1.9225379251683123e-06
9.647103358293873e-08
3.2262684084806934e-09
7.190939050892248e-11
1.0681992486554048e-12
1.0575489460052679e-14
6.977988245164761e-17
3.0686088870912484e-19
8.993617057267625e-22
1.7567452706210446e-24
2.286993616890707e-27
1.9881693914027767e-30
1.3163361030094502e-32
3.2553434968628906e-32
6.967205265158802e-32
1.0799736247585622e-31
1.176811340287346e-31
9.570209471985207e-32
8.039153994974082e-32
1.0428003369918228e-31
1.4772489783867898e-31
1.5887006494711686e-31
1.227303071544163e-31
9.205947368983474e-32
6.965638339033063e-32
7.663672363049923e-32
8.047988310477301e-32
4.911681552060976e-07
4.494031634713675e-06
2.7404608172418127e-05
0.00011137625657936755
0.00030167768381948463
0.0005445970711444026
0.0006552227465537346
0.0005253928746074681
0.00028077661856988086
0.0001000044322394949
2.3738818819254075e-05
3.755610211806177e-06
3.9598931265126233e-07
2.7827101155975923e-08
1.30326885497675e-09
5.096522948606265e-07
4.607164780108379e-06
2.775936723056663e-05
0.00011147231143510739
0.00029833623127504844
0.0005321407778138712
0.0006325991865537301
0.0005666273700446212
0.0003425328420426863
0.00013800297078048462
3.705580064515204e-05
6.63140443213038e-06
7.909269562254865e-07
6.287077120371943e-08
3.330755442089749e-09
3.9313079605520077e-07
3.690188800580291e-06
2.3092499403012862e-05
9.631083938540557e-05
0.0002677077498770847
0.0004959390066485416
0.0006123181602876379
0.0005038573062218793
0.0002763245866714294
0.00010099806327081704
2.4603002506540648e-05
3.994337191067901e-06
4.3219813191635573e-07
3.1167544983796943e-08
1.4979725417822468e-09
4.798291836717784e-11
1.02435622920329e-12
1.4574609084484937e-14
6.830644923661064e-16
4.942084795534012e-18
2.3830887886498934e-20
7.658642589471912e-23
1.640381752988809e-25
2.3416371798946256e-28
2.2277980971779535e-31
1.412581780552044e-34
5.969430777094265e-38
1.6812557726927954e-41
0.0
0.0
0.0
0.0
0.0
0.0
0.0
1.7987610688396298e-35
1.3542349341918745e-34
6.795103785102825e-34
2.2723735422846923e-33
5.0645971000086064e-33
7.523009809098243e-33
7.447661034763441e-33
4.913938591385791e-33
2.9726045164704164e-33
9.973544646180215e-34
2.2301983342806848e-34
3.323678335677557e-35
3.3012319045074595e-36
2.1853179309288807e-37
9.641281714819081e-39
1.7020107744835954e-35
1.3580050410449844e-34
5.440651947591621e-07
4.570152305076451e-06
2.5585384711601764e-05
9.546293392934905e-05
0.00023738821346015927
0.0004005153664979421
0.0004923667807934391
0.0006341020764535897
0.0012997023705901155
0.002839284574645625
0.004667085009682253
0.005658572059815188
0.005773643596899201
0.005755883221456752
0.005307166690195461
0.0038080090919619548
0.0019178195610825434
0.0009780404699247579
0.00025543702150288065
4.720249385959595e-05
2.2165671590759142e-05
7.009294690070377e-05
0.00019175679103263903
0.00035619329349071424
0.0004656759704455441
0.0004813212420190727
0.0004776731851209617
0.0004953284130803724
0.0005312431953698322
0.0008423058633821316
0.001883643990661966
0.003537644116990746
0.004602021587070589
0.00401201383050795
0.002332884841723638
0.0009041751071643797
0.00023356075421414167
4.0209590526600486e-05
4.613612416121602e-06
3.528045112565186e-07
1.79807872717917e-08
6.107518972634501e-10
1.3826189174996701e-11
8.8313778862596e-13
2.3937932447004414e-05
0.0001630795891742368
0.00074044725723237
0.0022406302604436657
0.004518848833560601
0.006073890776484437
0.005448405666503682
0.003310085862603007
0.0016386231244011032
0.001639418370211904
0.003299040630957372
0.005397823158784623
0.005980985850937032
0.004446505348360048
0.0023450935633953745
0.0014617040691478952
0.002389918663010194
0.004478211918233086
0.005926075086516137
0.005249514374749952
0.003100220274503376
0.001220275114781441
0.0003201144316301082
5.5967299961811366e-05
1.3967583822374294e-05
1.241803766680797e-06
7.358108840110343e-08
2.905768359570233e-09
7.64781408018088e-11
1.3415139740756427e-12
1.5683198107318816e-14
1.221956101087482e-16
6.345387196921501e-19
2.1960498790261415e-21
5.065330885671211e-24
7.786727717211522e-27
7.977816335832945e-30
5.4950774566464744e-33
2.529635364828515e-34
8.781491300536372e-34
2.051807093416921e-33
3.19511650282553e-33
3.316029748842727e-33
2.293673969707629e-33
1.0573688256578654e-33
3.2486495659499716e-34
6.652130777926069e-35
9.078210303849447e-36
8.256980293929673e-37
5.005227305148867e-38
8.393256092671796e-35
6.188924808658495e-34
3.0267864986346457e-33
9.886254145126447e-33
2.1586271730908957e-32
3.181285888906972e-32
3.2699428793951245e-32
2.836250408143539e-32
3.3002316062962634e-32
5.060337374756769e-32
6.441640856486736e-32
5.70588479217116e-32
3.481518918415725e-32
1.6770846583342463e-32
1.0154864689535162e-32
9.069530532768672e-33
7.447832689673241e-33
5.02539956022117e-33
3.795216047019054e-33
3.702537159906833e-33
3.251854381133796e-33
2.040496675629284e-33
8.643139895985669e-34
2.4454575267246423e-34
4.613162972310622e-35
5.800270097630027e-36
1.1619440565838641e-36
7.429216360480154e-38
3.1657937282253144e-39
8.990913462673996e-41
1.701792389731928e-42
2.1467965386422986e-44
1.8049149575695e-46
1.0113562201805059e-48
3.776879281538313e-51
9.40034095929109e-54
1.5593214626050073e-56
1.7238888282727783e-59
1.2701774610042793e-62
6.237364110248703e-66
2.041358775980818e-69
4.452655872433e-73
5.007306784048685e-06
4.36553405015415e-05
0.0002536600699423303
0.0009823095899974198
0.002535281621736406
0.0043623437060649
0.005010509989467536
0.003879780305904976
0.0021633662642074887
0.0014036318973789927
0.001039515535223766
0.0010965797216938758
0.0011293713532821912
0.0011243966601060574
0.001070397655037808
0.0008309604911467491
0.0004632869701710881
0.0001761448285864016
5.0900758090927764e-05
5.786762603262748e-05
0.0002823695318717198
0.0010548822362860663
0.0026478517085314433
0.004527692660697619
0.005565169944496154
0.005653666178242345
0.005656363569274846
0.005418184161853778
0.004161576786636351
0.002400265425626492
0.0013173456440839267
0.001171803255113914
0.001419812418025371
0.0015623069759535914
0.0013975848020706296
0.0011232116452922175
0.0006228351225192321
0.00024209540512032675
6.419167842882833e-05
1.145941476090442e-05
1.3693304694992364e-06
1.0925199397741888e-07
5.8138731963416946e-09
1.3208080489648797e-06
1.1038627321295308e-05
6.149494641340719e-05
0.00022832082371607428
0.0005649801199472606
0.000931756344430764
0.0010241253089563085
0.0007502143851410278
0.00036626820833553204
0.00011917759273931645
2.58447027735164e-05
3.7353390078978843e-06
3.598073681485911e-07
2.309891763174466e-08
6.741377511805543e-07
6.287530973286068e-06
3.914050714233879e-05
0.00016238886354986168
0.0003346650055898191
0.0007060617466930827
0.0009927882103856786
0.0009303622659564024
0.0005810708813058629
0.00024187316388847048
6.710081679644854e-05
1.2406505605137657e-05
1.5288071093873254e-06
1.2555599653647846e-07
6.872326325010889e-09
2.5069844226288667e-10
6.0951029532915e-12
9.876248395488423e-14
1.0665580818791304e-15
7.676417128507401e-18
3.682257614203161e-20
1.1772028914292905e-22
2.5082453719188483e-25
3.5618060496652868e-28
3.3709480765635083e-31
2.126255289670626e-34
8.938410568532883e-38
2.504302226620199e-41
0.0
0.0
0.0
0.0
0.0
0.0
0.0
0.0
0.0
0.0
0.0
0.0
0.0
0.0
0.0
0.0
0.0
0.0
0.0
0.0
0.0
0.0
0.0
0.0
0.0
0.0
0.0
0.0
0.0
0.0
0.0
0.0
0.0
0.0
0.0
0.0
0.0
0.0
0.0
0.0
0.0
0.0
0.0
0.0
0.0
0.0
0.0
0.0
0.0
0.0
0.0
0.0
0.0
0.0
0.0
0.0
0.0
0.0
0.0
0.0
0.0
0.0
0.0
0.0
0.0
0.0
0.0
0.0
0.0
0.0
0.0
0.0
0.0
0.0
0.0
0.0
0.0
0.0
0.0
0.0
0.0
0.0
0.0
0.0
0.0
0.0
0.0
0.0
0.0
0.0
0.0
0.0
0.0
0.0
0.0
0.0
0.0
0.0
0.0
0.0
0.0
0.0
0.0
0.0
0.0
0.0
0.0
0.0
0.0
0.0
0.0
0.0
0.0
0.0
0.0
0.0
0.0
0.0
0.0
0.0
0.0
0.0
0.0
0.0
0.0
0.0
0.0
0.0
0.0
0.0
0.0
0.0
0.0
0.0
0.0
0.0
0.0
0.0
0.0
0.0
0.0
0.0
0.0
0.0
0.0
0.0
0.0
0.0
0.0
0.0
0.0
0.0
0.0
0.0
0.0
0.0
0.0
0.0
0.0
0.0
0.0
0.0
0.0
0.0
0.0
0.0
0.0
0.0
0.0
0.0
0.0
0.0
0.0
0.0
0.0
0.0
0.0
0.0
0.0
0.0
0.0
0.0
0.0
0.0
0.0
0.0
0.0
0.0
0.0
0.0
0.0
0.0
0.0
0.0
0.0
0.0
0.0
0.0
0.0
0.0
0.0
0.0
0.0
0.0
0.0
0.0
0.0
0.0
0.0
0.0
0.0
0.0
0.0
0.0
0.0
0.0
0.0
0.0
0.0
0.0
0.0
0.0
0.0
0.0
0.0
0.0
0.0
0.0
0.0
0.0
0.0
0.0
0.0
0.0
0.0
0.0
0.0
0.0
0.0
0.0
0.0
0.0
0.0
0.0
0.0
0.0
0.0
0.0
0.0
0.0
0.0
0.0
0.0
0.0
0.0
0.0
0.0
0.0
0.0
0.0
0.0
0.0
0.0
0.0
0.0
0.0
0.0
0.0
0.0
0.0
0.0
0.0
0.0
0.0
0.0
0.0
0.0
0.0
0.0
0.0
0.0
0.0
0.0
0.0
0.0
0.0
0.0
0.0
0.0
0.0
0.0
0.0
0.0
0.0
0.0
0.0
0.0
0.0
0.0
0.0
0.0
0.0
0.0
0.0
0.0
0.0
0.0
0.0
0.0
0.0
0.0
0.0
0.0
0.0
0.0
0.0
0.0
0.0
0.0
0.0
0.0
0.0
0.0
0.0
0.0
0.0
0.0
0.0
0.0
0.0
0.0
0.0
0.0
0.0
0.0
0.0
0.0
0.0
0.0
0.0
0.0
0.0
0.0
0.0
0.0
0.0
0.0
0.0
