a = 4.749665496097099 b = 4.695210240090903 c = 16.188822610819926 ,Gaussian ,LMH = 0.08 ,DW = [1.3 1.3 1.3 1.3]
0.0
0.0
0.0
0.0
0.0
0.0
0.0
0.0
0.0
0.0
0.0
0.0
0.0
0.0
0.0
0.0
0.0
0.0
0.0
0.0
0.0
0.0
0.0
0.0
0.0
0.0
0.0
0.0
0.0
0.0
0.0
0.0
0.0
0.0
0.0
0.0
0.0
0.0
0.0
0.0
0.0
0.0
0.0
0.0
1.0765980625722105e-33
7.53202248669295e-33
3.511973013811788e-32
1.0913706757854372e-31
2.2603460814257504e-31
3.1200327003552593e-31
2.870284202454706e-31
1.7598360254103406e-31
7.191194829608197e-32
1.9584453387909646e-32
3.5547036682851845e-33
4.300083592687404e-34
3.4668251806770536e-35
1.8628098881631502e-36
6.670934478182184e-38
1.59215873441584e-39
2.53260581971299e-41
2.6849140375945425e-43
1.8970322704347646e-45
8.933067181633405e-48
2.8035482169003815e-50
4.79675101607788e-52
7.655211361315627e-55
8.142330830929457e-58
5.771940566083477e-61
2.7269457927928603e-64
8.58643146097783e-68
1.8018990589677582e-71
0.0
0.0
0.0
0.0
0.0
0.0
0.0
0.0
0.0
0.0
0.0
0.0
0.0
0.0
0.0
0.0
0.0
0.0
0.0
0.0
0.0
0.0
0.0
0.0
0.0
0.0
0.0
0.0
0.0
0.0
0.0
0.0
0.0
0.0
0.0
0.0
0.0
0.0
0.0
0.0
0.0
0.0
0.0
0.0
0.0
0.0
0.0
0.0
0.0
0.0
0.0
0.0
0.0
0.0
0.0
0.0
0.0
0.0
0.0
0.0
0.0
0.0
0.0
0.0
0.0
0.0
0.0
0.0
0.0
0.0
0.0
0.0
0.0
0.0
0.0
0.0
0.0
0.0
0.0
0.0
0.0
0.0
0.0
0.0
0.0
0.0
0.0
0.0
0.0
0.0
0.0
0.0
0.0
0.0
0.0
0.0
0.0
0.0
0.0
0.0
0.0
0.0
0.0
0.0
0.0
0.0
0.0
0.0
0.0
0.0
0.0
0.0
0.0
0.0
0.0
0.0
0.0
0.0
0.0
0.0
0.0
0.0
0.0
0.0
0.0
0.0
0.0
0.0
0.0
0.0
0.0
0.0
0.0
0.0
0.0
0.0
0.0
0.0
0.0
0.0
0.0
0.0
0.0
0.0
0.0
0.0
0.0
0.0
0.0
0.0
0.0
0.0
0.0
0.0
0.0
0.0
5.325747612021713e-34
4.967858670296323e-33
3.0884418677770324e-32
1.2796499336319754e-31
3.5336576687315577e-31
6.503382792382545e-31
7.976928684274105e-31
6.520991729141393e-31
3.552819448685565e-31
1.2900726672827343e-31
3.1220277469374794e-32
5.035480184548983e-33
5.412857229811343e-34
3.877874960019834e-35
1.8515804162824762e-36
5.892137922779772e-38
1.2496395964493556e-39
7.642349362960754e-41
8.242165698017396e-43
5.924304103495666e-45
2.838016354498388e-47
9.060955393522173e-50
1.928033782325033e-52
2.734241270012079e-55
2.5842860146099937e-58
1.627893048628568e-61
6.8342790614321724e-65
1.912234264784319e-68
0.0
0.0
0.0
0.0
0.0
0.0
0.0
0.0
0.0
0.0
0.0
0.0
0.0
0.0
0.0
0.0
0.0
0.0
0.0
0.0
0.0
0.0
0.0
0.0
0.0
0.0
0.0
0.0
0.0
0.0
0.0
0.0
0.0
0.0
0.0
0.0
0.0
0.0
0.0
0.0
0.0
0.0
0.0
0.0
0.0
0.0
0.0
0.0
0.0
0.0
0.0
0.0
0.0
0.0
0.0
0.0
0.0
0.0
0.0
0.0
0.0
0.0
0.0
0.0
0.0
0.0
0.0
0.0
0.0
0.0
0.0
0.0
0.0
0.0
0.0
0.0
0.0
0.0
0.0
0.0
0.0
0.0
0.0
0.0
0.0
0.0
0.0
0.0
0.0
0.0
0.0
0.0
0.0
0.0
0.0
0.0
0.0
0.0
0.0
0.0
0.0
0.0
0.0
0.0
0.0
0.0
0.0
0.0
0.0
0.0
0.0
0.0
0.0
0.0
0.0
0.0
0.0
0.0
0.0
0.0
0.0
0.0
0.0
0.0
0.0
0.0
0.0
0.0
0.0
0.0
0.0
0.0
0.0
0.0
0.0
0.0
0.0
0.0
0.0
0.0
0.0
0.0
0.0
0.0
0.0
0.0
0.0
0.0
0.0
0.0
0.0
0.0
0.0
0.0
0.0
0.0
0.0
0.0
2.1243383798375632e-06
1.648652851100854e-05
8.527393196375076e-05
0.0002939577452679758
0.000675359595434656
0.0010341101240156035
0.0010553099997568014
0.0007177527498456502
0.0003253503100006772
9.828995424604706e-05
1.9790127359563212e-05
5.426366047487398e-06
5.555857820826664e-07
3.791182648031553e-08
1.7241690338251167e-09
5.225965303065116e-11
1.055685973445599e-12
1.4212959834875e-14
1.2753102622569323e-16
7.626560649047273e-19
3.039646994582308e-21
8.074192893584833e-24
1.4294094171867327e-26
1.6865363484353415e-29
1.3262222824056025e-32
6.950538981605511e-36
2.4277401154812443e-39
5.651548434909812e-43
0.0
0.0
0.0
0.0
0.0
0.0
0.0
0.0
0.0
0.0
0.0
0.0
0.0
0.0
0.0
0.0
0.0
0.0
0.0
0.0
0.0
0.0
0.0
0.0
0.0
0.0
0.0
0.0
0.0
0.0
0.0
0.0
0.0
0.0
0.0
0.0
0.0
0.0
0.0
0.0
0.0
0.0
0.0
0.0
0.0
0.0
0.0
0.0
0.0
0.0
0.0
0.0
0.0
0.0
0.0
0.0
0.0
0.0
0.0
0.0
0.0
0.0
0.0
0.0
0.0
0.0
0.0
0.0
0.0
0.0
0.0
0.0
0.0
0.0
0.0
0.0
0.0
0.0
0.0
0.0
0.0
0.0
0.0
0.0
0.0
0.0
0.0
0.0
0.0
0.0
0.0
0.0
0.0
0.0
0.0
0.0
0.0
0.0
0.0
0.0
0.0
0.0
0.0
0.0
0.0
0.0
0.0
0.0
0.0
0.0
0.0
0.0
0.0
0.0
0.0
0.0
0.0
0.0
0.0
0.0
0.0
0.0
0.0
0.0
0.0
0.0
0.0
0.0
0.0
0.0
0.0
0.0
0.0
0.0
0.0
0.0
0.0
0.0
0.0
0.0
0.0
0.0
0.0
0.0
0.0
0.0
0.0
1.9293318569287367e-34
1.446187565010495e-33
7.224767218239354e-33
2.4054960197826832e-32
5.347299151052134e-32
7.973000573853282e-32
8.218784266549434e-32
6.733306703513041e-32
6.248923961873796e-32
7.300859157885159e-32
7.70120770308138e-32
6.686082495823381e-32
7.168135089414666e-32
1.3876887102565726e-31
3.9120001547716996e-31
1.0619321279109453e-30
1.7795458413638083e-30
2.854106531986599e-30
3.092313028696628e-30
2.2404749409753346e-30
1.0827769050150578e-30
3.4882549579993913e-31
7.489983315825608e-32
1.405085681083144e-05
0.00012921266598918488
0.0007919338644802054
0.0032348510642437886
0.008806456898426466
0.016074195145204733
0.019943130383109485
0.01825670321319875
0.016093446997467883
0.017905262197454853
0.02022046818309473
0.018690706179975456
0.016348384547376988
0.017598597833647825
0.019447639503701764
0.016421895930414328
0.009521656803360532
0.003701134911441215
0.0009599109609851644
0.000311641487611079
4.1111504310410143e-05
3.6145900542495844e-06
2.1180559881632658e-07
8.271753672220911e-09
2.1529767538596835e-10
3.7347595358417035e-12
4.3178494791325425e-14
3.327008428305022e-16
1.7085270208808315e-18
5.847515080529358e-21
1.333835885604956e-23
2.027752720464715e-26
2.0545141472053123e-29
1.3873461321216372e-32
6.243700571511823e-36
1.872754526453329e-39
3.743701311564238e-43
0.0
0.0
0.0
0.0
0.0
0.0
0.0
0.0
0.0
0.0
0.0
0.0
0.0
0.0
0.0
0.0
0.0
0.0
0.0
0.0
0.0
0.0
0.0
0.0
0.0
0.0
0.0
0.0
0.0
0.0
5.5789877111548964e-05
0.00040267985431371664
0.0019370728273848362
0.004405929124200465
0.01081700578112887
0.01787301314261991
0.02063855869419283
0.019104644927786203
0.018747228039363885
0.020811543518015195
0.020989741402071316
0.01906310197945923
0.019209576570892156
0.020433417085629003
0.017541597999152597
0.01056080297166766
0.0042870461906473496
0.0011628173629050918
0.0002103238144364605
2.5357100623751486e-05
2.0375287076058903e-06
1.0911687418303759e-07
3.894593960135858e-09
9.264332238915422e-11
1.4687491577697417e-12
1.551896285041473e-14
1.0928468526008361e-16
5.129056304924062e-19
1.6043428223958134e-21
2.7388684617476966e-23
4.3564573284523405e-26
4.61824854436415e-29
3.262891914726042e-32
1.5364188319290767e-35
4.8216768867590105e-39
1.0084819606202326e-42
0.0
0.0
0.0
0.0
0.0
0.0
0.0
0.0
0.0
0.0
0.0
0.0
0.0
0.0
0.0
0.0
0.0
0.0
0.0
0.0
0.0
0.0
0.0
0.0
0.0
0.0
0.0
0.0
0.0
0.0
0.0
0.0
0.0
0.0
0.0
0.0
0.0
0.0
0.0
0.0
0.0
0.0
0.0
0.0
0.0
0.0
0.0
0.0
0.0
0.0
0.0
0.0
0.0
0.0
0.0
0.0
0.0
0.0
0.0
0.0
0.0
0.0
0.0
0.0
0.0
1.351229112215678e-33
9.648094097840364e-33
4.5912994155807906e-32
1.4616440466359273e-31
3.124571625410444e-31
4.201320264503471e-31
5.019140644804189e-31
5.052947268864522e-31
5.248258905506296e-31
5.488834189006402e-31
5.0628701193422e-31
4.3935632494182775e-31
4.114162533026322e-31
3.8732831786952103e-31
3.341293298734429e-31
2.6746288172147877e-31
1.8939786295230195e-31
1.0468139404420575e-31
4.113000656572752e-32
1.1017177439470586e-32
1.981650258311837e-33
2.381367073852842e-34
1.908754198813938e-35
1.0199190596753584e-36
3.6324408500545297e-38
8.622325334927363e-40
1.3640663627062947e-41
1.4382332688083445e-43
1.0106600348602878e-45
4.733283593480917e-48
1.4774117449316807e-50
2.5186148673036355e-52
3.9976372230166415e-55
4.228891552185119e-58
2.981475634963009e-61
1.4009335288680551e-64
4.387178883073124e-68
9.156609728059255e-72
0.0
0.0
0.0
0.0
0.0
0.0
0.0
0.0
0.0
0.0
0.0
0.0
0.0
0.0
0.0
0.0
0.0
0.0
0.0
0.0
0.0
0.0
0.0
0.0
0.0
0.0
0.0
0.0
0.0
0.0
0.0
0.0
0.0
0.0
0.0
0.0
0.0
0.0
0.0
0.0
0.0
0.0
0.0
0.0
0.0
0.0
0.0
0.0
0.0
0.0
0.0
0.0
0.0
0.0
0.0
0.0
0.0
0.0
0.0
0.0
0.0
0.0
0.0
0.0
0.0
0.0
0.0
0.0
0.0
0.0
0.0
0.0
0.0
0.0
0.0
0.0
0.0
0.0
0.0
0.0
0.0
0.0
0.0
0.0
0.0
0.0
0.0
0.0
0.0013654898938448277
0.010767443146174133
0.05658720358123871
0.1993980966134562
0.4723171021423447
0.7715942389702836
0.9327711681968311
0.9610585107149192
0.9812015220156568
1.0
0.9825823342386835
0.9562264422536899
0.8743027549600899
0.6407764535367592
0.33557188304840846
0.11976869739026909
0.02868249633501848
0.004587162602485913
0.0004892272234425847
3.4780410537769553e-05
1.6480211258636784e-06
5.2044999598930496e-08
1.0954151517120205e-09
1.5365991958749192e-11
1.4365613483153486e-13
8.950954534229348e-16
3.717030185999851e-18
1.028737040904538e-20
1.8975543168198964e-23
2.332736064610855e-26
1.9112545813210268e-29
1.0436455445264048e-32
3.7981232670808675e-36
1.5453040295960807e-38
0.0
0.0
0.0
0.0
0.0
0.0
0.0
0.0
0.0
0.0
0.0
0.0
0.0
0.0
0.0
0.0
0.0
0.0
0.0
0.0
0.0
0.0
0.0
0.0
0.0
0.0
0.0
0.0
0.0
0.0
0.0
0.0
0.0
0.0
0.0
0.0
0.0
0.0
0.0
0.0
0.0
0.0005317551914883071
0.0034503071801486973
0.014920567217066742
0.04300257413521022
0.08260096501838583
0.10574439024794614
0.09022171985471664
0.05130343145628724
0.01944299993760039
0.008127220485628618
0.0015662514389948186
0.00020116965550336604
1.7220470359288337e-05
9.82446919303088e-07
3.735551506412297e-08
9.466335902355392e-10
1.5987871204342802e-11
1.7996204487334055e-13
1.3500589921742764e-15
6.7500364893273146e-18
2.2492671650605942e-20
4.995253290077617e-23
7.393592894374574e-26
7.293485120061045e-29
4.7950839711862644e-32
2.1010620609934057e-35
6.13568553000166e-39
1.194177414206807e-42
0.0
0.0
0.0
0.0
0.0
0.0
0.0
0.0
0.0
0.0
0.0
0.0
0.0
0.0
0.0
0.0
0.0
0.0
0.0
0.0
0.0
0.0
0.0
0.0
0.0
0.0
0.0
0.0
0.0
0.0
0.0
0.0
0.0
0.0
0.0
0.0
0.0
0.0
0.0
0.0
0.0
0.0
0.00014118935392164121
0.0009610782322977473
0.004387240647350863
0.01343074179855555
0.028072035323862207
0.04184183155089094
0.04888874605803246
0.051185199806717964
0.05186760766564453
0.05105969587676283
0.04810451310221629
0.039832276699261995
0.02550052772883255
0.011569309172108494
0.003577195347831763
0.0007428659678196055
0.00010308540925661087
2.2065984385274398e-05
1.5588227361699446e-06
7.340305911423641e-08
2.3037435845968155e-09
4.818842457247045e-11
6.717926378112607e-13
6.2418035895482445e-15
3.865153746492915e-17
1.595163072783064e-19
4.387579306566859e-22
8.043154851118988e-25
9.826739247488498e-28
8.001547426064525e-31
4.342302590144194e-34
1.5705354080923904e-37
3.7857935655998024e-41
0.0
0.0
0.0
0.0
0.0
0.0
0.0
0.0
0.0
0.0
0.0
0.0
0.0
0.0
0.0
0.0
0.0
0.0
0.0
0.0
0.0
0.0
0.0
0.0
0.0
0.0
0.0
0.0
0.0
0.0
0.0
0.0
0.0
0.0
0.0
0.0
0.0
0.0
0.0
0.0
0.0
0.0
0.0
0.0
0.0
0.0
0.0
0.0
0.0
0.0
0.0
0.0
0.0
0.0
0.0
0.0003069249868719245
0.0020405499195243555
0.009041567933040754
0.026700649378332095
0.05255105584177582
0.06893227575954766
0.06593017935264128
0.04397724388346869
0.01990690899785648
0.008083782104477143
0.010956068990898593
0.02815499791202525
0.05328123137204551
0.06752932487660825
0.057054518238641654
0.03221440634043188
0.012780490625506728
0.007019005618202605
0.015266160884924234
0.036341700698429576
0.05944268237592925
0.0648906278010132
0.0472144185601504
0.022895498774179346
0.007399581819645947
0.0015938439384451644
0.00022880523766965287
2.1891104632311663e-05
1.395889176692025e-06
5.932199544311048e-08
1.6802043729087786e-09
1.2461219435138778e-10
1.7947728184020706e-12
1.722820264931731e-14
1.102178684487e-16
4.699434405709962e-19
1.3354287590139356e-21
2.529166445010804e-24
3.1924701648274884e-27
2.9060504441657146e-30
4.190704481791741e-31
5.297919771446664e-31
4.481828389819629e-31
2.526984770917503e-31
9.495828484812852e-32
2.3781801706654423e-32
3.969521902319453e-33
4.415838691197778e-34
3.2739326912222225e-35
1.6177367103730304e-36
5.327549373739026e-38
1.1693073348945605e-39
1.710454054405177e-41
1.6675378480525131e-43
1.0834815867894485e-45
4.691901850153923e-48
5.767998322881428e-34
2.1694627925041947e-33
1.1284806518064236e-32
3.912168723793626e-32
9.039045746065675e-32
1.3919035423840053e-31
1.42849013021377e-31
9.782106163840475e-32
4.5549877818965676e-32
1.9496142965881263e-32
2.6231901653677096e-32
6.204156653286533e-32
1.0793741180497528e-31
1.2582826558761142e-31
9.82445012122187e-32
5.438375906557715e-32
3.639144081900792e-32
6.915072587278666e-32
1.5509637132085024e-31
2.5679307470813737e-31
3.075806292458366e-31
2.782452854631336e-31
2.0354704780812514e-31
1.320558613181492e-31
8.272739755998848e-32
4.9250457533949904e-32
2.4560773842527912e-32
1.3157995200656776e-32
3.8447206671068804e-33
7.661720821077545e-34
1.0264234315850875e-34
9.194142672495525e-36
5.4954263067484405e-37
2.190125463550276e-38
5.8182380343936645e-40
1.03020344212128e-41
1.2157558075869481e-43
9.56214042460933e-46
5.0124133389950725e-48
1.7511394328085111e-50
4.077334388896903e-53
6.327229057120135e-56
6.54383530757571e-59
4.510583462238254e-62
2.072118731271695e-65
6.344218062006229e-69
1.2945627775758842e-72
0.0
0.0
0.0
0.0
0.0
0.0
0.0
0.0
0.0
0.0
0.0
0.0
0.0
0.0
0.0
0.0
0.0
0.0
0.0
0.0
0.00012493001594925324
0.0010973360203029724
0.00642382976328345
0.025062821410258982
0.06516995841451229
0.11293966012381233
0.1304448859003283
0.10052784747715576
0.052535144366914546
0.02364525641657401
0.027776403347743346
0.048508589544327914
0.09493032887175988
0.12658337053981794
0.11264001977505907
0.06723407763926526
0.029388231286849646
0.02082163066320605
0.04420955680741788
0.08897565831374901
0.12235440197868111
0.11229771291931565
0.06869719261631117
0.028008548979366665
0.007610687537155005
0.0013782840437245767
0.00016635471451130325
1.3381754141995238e-05
7.174184277022486e-07
2.5633833396841033e-08
6.104303737524858e-10
9.68813676465135e-12
1.0247688958779158e-13
7.224256500075182e-16
3.394235159704736e-18
1.0628506599011995e-20
2.218115278985897e-23
2.891298192548338e-25
3.0683672019683736e-28
2.1702178301390525e-31
1.0230123362667013e-34
3.213956264111685e-38
6.729465988078908e-42
0.0
0.0
0.0
0.0
0.0
0.0
0.0
0.0
0.0
0.0
0.0
0.0
0.0
0.0
0.0
0.0
0.0
0.0
0.0
0.0
0.0
0.0
0.0
0.0
0.0
0.0
0.0
0.0
0.0
0.0
0.0
0.0
0.0
0.0
0.0
0.0
0.0
0.0
0.0
0.0
0.0
2.025862337358597e-36
1.596149285747311e-35
8.381439865563771e-35
2.933224522331474e-34
5.39672907596404e-34
9.604170699712823e-34
1.1391231359170199e-33
1.1907110831455322e-33
2.505649752547011e-33
9.645271466772388e-33
2.953189037500314e-32
6.128066671901504e-32
8.531074515516295e-32
6.346130475367723e-05
0.00045254956512778713
0.0021508239068937346
0.006812791634993093
0.014382252400380107
0.020235328256411195
0.01897471012137246
0.011858277084936128
0.004939120097008002
0.0014355639612219512
0.0007094306508003609
0.002177854085624257
0.006740511968173615
0.014095934163417395
0.01965320857573635
0.018262436761739227
0.0113100791131417
0.006559002300474056
0.002109037511745131
0.0007639824772421669
0.0017310928981848375
0.005644801075723016
0.01272615490630894
0.01924796359282048
0.019640290698820926
0.013796687087561373
0.007150304274475967
0.0033734661937454835
0.0020010606588011168
0.001449641899288412
0.0009459226963851648
0.000464358683478842
0.0001596615216809249
3.7352052174129564e-05
5.874113162823005e-06
6.178636801901299e-07
4.337689115137789e-08
0.00015797516199959977
0.0011792460047326872
0.005866878607291482
0.0194532139056327
0.04298898295695201
0.06331469616442409
0.06541895838271768
0.048995203036377666
0.02445597865925808
0.008247808506214321
0.002689365789801179
0.004930948045136388
0.01640051325627445
0.03831143817934713
0.059736279616262
0.06207945363687033
0.04299714967245547
0.019847829020783123
0.0063328887908186615
0.002817835982108784
0.007378178460711471
0.022123869497037502
0.045200260481418064
0.061587193427369805
0.055928090707795856
0.03384943123826394
0.013653824419552455
0.0036706147055957875
0.0006576651588062725
7.853304151374004e-05
6.250022036660746e-06
9.230002727748137e-07
3.7353692618908425e-08
1.007504049008803e-09
1.8110965691546632e-11
2.1697913011443418e-13
1.732510469880382e-15
9.219668799626381e-18
3.269913923320096e-20
7.729276954226028e-23
1.2176513818898658e-25
1.2784643169169585e-28
8.946142346898931e-32
4.1721944936920944e-35
1.2968054742783965e-38
2.6863752211547542e-42
0.0
0.0
0.0
0.0
0.0
0.0
0.0
0.0
0.0
0.0
0.0
0.0
0.0
0.0
0.0
8.117562187120905e-35
5.598809347245644e-34
2.5736369420132343e-33
7.884613927292042e-33
1.6098860309657372e-32
2.190742731204271e-32
2.036209177175236e-32
1.5454666228664778e-32
2.0914940637091064e-32
5.14105713195921e-32
1.052537167677794e-31
1.502226318704358e-31
1.5210610372572896e-31
1.1791953978949242e-31
7.994813485674699e-32
5.884921096192423e-32
6.011067335050747e-32
7.225916213845863e-32
7.154283858830137e-32
5.192981896319918e-32
3.420776060131829e-32
3.9387061978371815e-32
5.761741140539671e-32
9.588845593517508e-32
1.198598719986604e-31
1.0540622138002129e-31
6.355421749677106e-32
2.5915806645733825e-32
7.09536128293708e-33
1.299448332072058e-33
1.5889489075087968e-34
1.296067116187969e-35
7.048799659039708e-37
2.5555044158015267e-38
6.175395196912504e-40
9.946183602713651e-42
1.0676785382676712e-43
7.638557800774619e-46
3.642221452760666e-48
1.1574550473871553e-50
2.4514558789565196e-53
3.4603966117468236e-56
3.2554375607424737e-59
2.041147934593961e-62
8.529452932188993e-66
2.3754692984285057e-69
0.0
0.0
0.0
0.0
0.0
0.0
0.0
0.0
0.0
0.0
0.0
0.0
0.0
0.0
0.0
0.0
0.0
0.0
0.0
0.0
0.0
0.0
0.0
0.0
0.0
0.0
0.0
0.0
0.0
0.0
0.0
0.0
0.0
0.0
0.0
0.0
7.374933168060554e-05
0.0004974778769407392
0.002236510820110759
0.006701156847329382
0.013381663689008576
0.01780951066053738
0.015797028836971698
0.009338570101702899
0.0037224221939113587
0.0012863357220273268
0.0017542907471712226
0.0052500169224508975
0.011502817445371193
0.016855823531303805
0.01646383987482094
0.010717555559338666
0.004682553097131524
0.0023356807805902584
0.0019186979236631087
0.007101890048858262
0.02376797308555328
0.056763995813112554
0.09839023095652524
0.13068532419262746
0.14485920374505865
0.14548842291353234
0.1351958037766264
0.10994731437597403
0.07144017208859534
0.034244137463199244
0.011508878046258258
0.002639775276731223
0.00040789690866346
4.220825419521039e-05
2.0436738319351314e-05
0.00015087412077369804
0.0008643961667775403
0.0033035099563098317
0.008414377862433745
0.014284003926764141
0.01616067361350746
0.012185700663634273
0.006123829637978941
0.0030896244281886365
0.0007895522312639179
0.00013447377240584195
1.526426368473864e-05
1.1547704959496035e-06
5.82233308476168e-08
1.956500498583729e-09
4.3817180339098024e-11
0.00015697799559461685
0.0012107355682722143
0.0062235957087851896
0.021321364391263184
0.04868219599725981
0.07408100692237399
0.07529378675138508
0.05202052659074713
0.02917961693012551
0.028272234149473885
0.04982078073758708
0.07326639615399427
0.07364126172483104
0.05037868587328358
0.02788888734861455
0.026854733505830848
0.0478850775111075
0.0650259798641588
0.0754703631683807
0.05864299417749617
0.030381424194045204
0.01049050606172702
0.002414168478976474
0.00037027157205389013
3.784902726956808e-05
2.5785207108217324e-06
1.1707605333815758e-07
3.5428035553290124e-09
7.14508859272571e-11
9.603946064418505e-13
8.603464181631131e-15
5.1366330967736704e-17
2.0439265482008695e-19
5.420427897393113e-22
9.58039481700302e-25
1.1285343710413233e-27
8.859877604729309e-31
4.635773432625826e-34
1.616583829603111e-37
3.7571264036498645e-41
0.0
0.0
0.0
0.0
0.0
0.0
0.0
0.0
0.0
0.0
1.312235182401602e-06
1.0137403114524486e-05
5.219432721445547e-05
0.00017910241397727314
0.00040960110829686106
0.0006243129664577894
0.0006341983897771386
0.00042936779152556845
0.00019533010687378908
7.007095569072736e-05
7.006485403417533e-05
0.00019395839545000422
0.00042267418947696385
0.0006184597482761042
0.0006032954666345771
0.00039222525914827067
0.0001724136085870644
6.582630190486763e-05
8.534508089799317e-05
0.00016841789726457183
0.00038257873119464087
0.0005872431825738014
0.000601108381018913
0.00041009078490326066
0.000186461531885035
5.6504111875826914e-05
1.1411754165285699e-05
1.536053385730001e-06
1.3779763395601723e-07
8.238701338216784e-09
3.282897374213674e-10
8.718412271403322e-12
1.5431176734375955e-13
1.820296931275702e-15
1.4310900980396284e-17
7.498480471990492e-20
2.618551386981632e-22
6.0943934057814585e-25
9.453255977764201e-28
9.772684960820435e-31
6.733299426208424e-34
3.0918862285048835e-37
9.46238534533806e-41
1.930008864756297e-44
0.0
0.0
0.0
0.0
0.0
0.0
0.0
0.0
0.0
0.0
0.0
0.0
0.0
0.0
0.0
0.0
0.0
0.0
0.0
0.0
0.0
0.0
0.0
0.0
0.0
0.0
0.0
0.0
0.0
0.0
0.0
0.0
0.0
0.0
0.0
0.0
0.0
0.0
0.0
0.0
0.0
0.0
0.0
0.0
0.0
0.0
0.0
0.0
4.037240681734426e-35
3.1684542952957456e-34
1.6572643990572498e-33
5.7772040023723985e-33
1.06015450984185e-32
1.879306638473888e-32
2.2391557718868635e-32
1.8960645413010563e-32
1.6890503859822514e-32
3.005115512219397e-32
6.298113802945318e-32
9.633346231074105e-32
9.967275139293664e-32
7.164802828540146e-32
4.5639338163460973e-32
4.8806063241900226e-32
7.496364979885912e-32
9.489571395282385e-32
8.905497136321777e-32
6.685928929788626e-32
4.595132483866241e-32
2.9874955797042235e-32
1.62146948480933e-32
6.474316436672359e-33
1.7876850543428507e-33
3.3346269568356595e-34
8.029065959276977e-35
3.557183734539197e-34
2.141317640106065e-33
8.67413045717779e-33
1.7594717836308925e-32
3.62467132846135e-32
4.976643394745831e-32
4.55392590511313e-32
2.778008363471677e-32
1.1353557372673471e-32
3.438193859976284e-33
2.0296471506420012e-33
3.892570782038928e-33
6.608542062601032e-33
7.595346833293041e-33
5.8222323438163835e-33
3.165942177730758e-33
2.3558941056760525e-33
6.51238418033727e-33
1.9621540557454182e-32
4.07014817069541e-32
5.635936016321107e-32
5.205033730663935e-32
3.2253294159110405e-32
1.4406155307026734e-32
7.885172315136189e-33
1.021614389199055e-32
1.4250637699752202e-32
1.4001968013394473e-32
1.107931672270786e-32
5.563621437880231e-33
1.8621527921685032e-33
4.153911020713131e-34
6.17562371804872e-35
6.11907856193292e-36
4.040850483215152e-37
1.778447633068977e-38
5.216640761046556e-40
1.0198171881876358e-41
1.3287255082141239e-43
1.1537979572581866e-45
6.677375620848454e-48
2.575510927328165e-50
6.620679042903327e-53
1.1342876947835938e-55
1.2951660593189807e-58
9.8561938679446e-62
4.998901368409086e-65
1.6897460765028524e-68
3.806710707474805e-72
0.0
0.0
0.0
0.0
0.0
0.0
0.0
0.0
0.0
0.0
0.0
0.0
0.0
0.0
0.0
0.0
0.0
0.0
0.0
0.0
0.0
0.0
0.0
0.0
0.0
0.0
0.0
0.0
0.0
0.0
0.0
0.0
0.0
0.0
0.0
0.0
0.0
0.0
0.0
0.0
0.0
0.0
0.0
0.0
0.0
0.0
0.0
0.0
0.0
0.0
0.0
0.0
0.0
0.0
0.0
0.0
0.0
2.8247046460554007e-36
2.578704389936068e-35
1.5689591024328987e-34
6.3621401937136835e-34
1.719397910891574e-33
3.0969279585259004e-33
3.727685441240045e-33
3.0486155610342955e-33
1.9523276896497486e-33
1.768469396957962e-33
5.148550787225811e-06
4.791613844026157e-05
0.0002972077768024459
0.0012286270574214163
0.003385022266327441
0.006215621101435057
0.00761974587506359
0.006302712010095339
0.0038649682402098406
0.002864269537495191
0.003963774129364949
0.0056347933499241104
0.006191903360162664
0.005944251460210622
0.006055841199615415
0.00612713777521949
0.00522190910756285
0.003174557004615186
0.0013089750449414895
0.0003624962282806302
7.316853232041357e-05
6.246754208078979e-05
0.0002630056331324484
0.0010161297453806057
0.002858023163061893
0.005560615247455471
0.0075012981800826745
0.007589834378476491
0.007174255869115245
0.007565412393317405
0.007494373127407075
0.005704155897771013
0.0036612688133772714
0.003837000101305802
0.007003994934454574
0.011220974043558866
0.012935954583559763
0.010604215035461708
0.00700034456580262
0.0066465177524075575
0.01147308367724596
0.01615561008311943
0.021045069367253755
0.021389396759914362
0.02086794187970394
0.021494015212060274
0.019325635569928726
0.012689982957047551
0.005690553526787947
0.0017109993725727528
0.0003433706914610157
7.409779778550964e-05
0.00019968400657006832
0.000905760551415965
0.0028003850726992935
0.005803075965622514
0.00822034412265006
0.008581837115642602
0.00810032651991306
0.008423612610771632
0.008461919931374321
0.006835110983265952
0.005481399496894678
0.007732295856929512
0.01362346987660895
0.01820182873412871
0.016692060591911834
0.012919246388503383
0.007173665508870341
0.0041720782068153835
0.003378699813788273
0.0032088528449081013
0.0028535536224648882
0.0021246550043310234
0.0012212280886777379
0.0005093784984660017
0.0001481984295204579
2.941354960038153e-05
3.936313541970114e-06
3.5311037262655794e-07
2.1170857315326493e-08
8.471255362687789e-10
2.2606418365107978e-11
4.0219848190086586e-13
4.769803745617548e-15
3.7703028965950326e-17
1.9863243322531515e-19
6.974510826169977e-22
1.632160466724975e-24
2.5456336685051543e-27
2.651438964775119e-30
1.0269617094974018e-32
9.612774635222673e-33
9.534734631774086e-33
8.989207367507725e-33
8.852588140074482e-33
7.60748303926629e-33
4.785737199457036e-33
2.058546752760383e-33
5.939736813184467e-34
1.16486962118052e-34
3.429368094004182e-35
1.2436731221935724e-34
5.1539582699546765e-34
1.4505051069300606e-33
2.776203002219013e-33
3.864055553832888e-33
4.701618970541179e-33
6.174995233175619e-33
7.967567165494839e-33
8.148700730730874e-33
6.785998228354954e-33
7.62108458367206e-33
1.405694108643442e-32
2.3352302207978948e-32
2.7052854524465086e-32
2.1003644790610268e-32
1.0875430452462748e-32
5.6203035614425926e-33
1.6502487583887847e-33
1.1716496633360904e-33
3.182009553584111e-33
7.253922573941723e-33
1.1119815803291259e-32
1.136411567863298e-32
7.740334225692578e-33
3.5137064938989324e-33
1.0630478221438837e-33
2.1434910339852976e-34
2.880527916913332e-35
2.5799070193076976e-36
1.5399888196446342e-37
6.126502707526914e-39
1.62438600778117e-40
2.87043289368041e-42
3.380547983324987e-44
2.6534344254734604e-46
1.3880693421820015e-48
4.8394444960154625e-51
1.1245050561452565e-53
1.7414413800812406e-56
1.7973715187767233e-59
1.2363698315429519e-62
5.668138992758628e-66
2.6898996565635978e-68
6.27091265624783e-72
0.0
0.0
0.0
0.0
2.7138499363576636e-05
0.00019073431441913653
0.0008934152967122589
0.0027890704448656875
0.0058029273220297365
0.008058529536573131
0.00752852652406011
0.005056652915260048
0.0035274225243553626
0.004332138334493444
0.006135938760841619
0.006965679741790398
0.006851335692788589
0.006912912441269994
0.006646727588493526
0.004975554262730627
0.002611135386228254
0.0009939296042723717
0.0006354528695317059
0.001123794983578535
0.003047934037806773
0.006037471338913236
0.008750061586070753
0.010227653531260275
0.010585868533591121
0.010054397252246388
0.009712783101426732
0.01139124565673716
0.014059726155841498
0.013960201068018865
0.010279576874045782
0.006606305743464179
0.005958757916092631
0.007922573761474056
0.0110119103727313
0.01442107850338114
0.016169687864113606
0.01384031822601586
0.008801414998505872
0.005373296662754639
0.005703436454270607
0.007830993904885496
0.008285959658539148
0.0062541739049067025
0.004340289325694894
0.00443791196901841
0.006478224829214324
0.008236076915950722
0.007263096466226602
0.004290143760953748
0.0016899242733532797
0.00044368649217584527
7.763733194275302e-05
9.054136062236797e-06
7.037283326823379e-07
3.645395149367985e-08
1.2585362677940158e-09
2.8957989584418957e-11
4.4407122031794785e-13
4.53856329658076e-15
3.091474819762492e-17
1.4034423530430173e-19
4.246244444990239e-22
8.562428404541665e-25
1.1507221232397588e-27
1.030683967341346e-30
6.152648809533004e-34
2.4478245188245558e-37
6.490527329933586e-41
0.0
0.0
0.0
0.0
0.0
0.0
0.0
0.0
0.0
0.0
0.0
0.0
0.0
0.0
0.0
0.0
0.0
0.0
3.4426385854763226e-06
2.176860784210315e-05
9.173845621621263e-05
0.0002576640017653782
0.00048232260415606224
0.0006306217207123147
0.0006935976084788811
0.0011390190841060219
0.0026773946016908014
0.0052049929570677595
0.006726399946795088
0.007727858279690377
0.007671049352355632
0.0077146819142513345
0.007220979941021575
0.005202845654598083
0.0026119324710373714
0.00088455169529956
0.00020063572285175285
3.3563784656230016e-05
2.392727476916809e-05
8.788492344620981e-05
0.00024657559544060304
0.0004667650853956385
0.0006152627561471616
0.0006284983524474839
0.0006152408146121296
0.0006419851000370539
0.0006524751224944006
0.0008460915535940034
0.0018372294970198252
0.0039210860194104
0.005974410251572518
0.006132771348383742
0.004228313285170611
0.0026680445634276783
0.0010281923027339653
0.00037140724542075216
0.00020454753827614934
0.00015822625662960277
0.00011425371195052449
6.447098696042846e-05
2.6436472163034476e-05
7.5718750134538066e-06
1.4815953021829422e-06
1.9570018569936588e-07
1.7340998984374164e-08
1.0275008645328835e-09
4.064467171911902e-11
1.0724498254689551e-12
1.8867711175455314e-14
2.2127772997581198e-16
1.7297590503149439e-18
9.012375043219746e-21
3.129584451027259e-23
7.243055638483213e-26
1.1172275532863134e-28
1.1485359154778852e-31
3.9574783249681494e-05
0.00029056842199605437
0.0014218698095713822
0.003271158881566381
0.008139835663700402
0.013499297968306147
0.014920668391989786
0.010991245830145407
0.005396188506641429
0.0017656672105348156
0.00038504557746961063
5.5962482982941e-05
5.4207996875998985e-06
3.49954265538719e-07
1.505708048188739e-08
1.0874731739549166e-05
9.956575263138756e-05
0.0006075753269931069
0.0024709949716955996
0.006697691538138456
0.012099292364679281
0.014567208893323354
0.011688916956576029
0.0062510611391213425
0.0022279978537354662
0.0005292456996606689
8.37879289600574e-05
8.840709536101158e-06
6.216906506683134e-07
8.454086217046325e-08
3.0231275231058694e-09
4.899740324917809e-05
0.0003409798192567497
0.0015814900807177468
0.004888614797923654
0.01007132734624109
0.01382831150285917
0.012654154842635467
0.007717536335589637
0.00313693680394292
0.0008497954558870057
0.0001534279871605798
1.8461896791158513e-05
4.0358510303327164e-05
0.0003172422777507544
0.0017244256005781756
0.0062486520592952835
0.015090737774266595
0.024289364671853195
0.026055738453614686
0.018628254610133902
0.008876106254772352
0.0028187357776108513
0.000596578766113852
0.00016911323633729826
1.8200931061159762e-05
1.3055429288194907e-06
6.241231003248168e-08
1.9885243147286045e-09
4.222533486610812e-11
5.975810916538058e-13
5.6364043368764925e-15
3.543145455775871e-17
1.4844219621102132e-19
4.144835593710654e-22
7.713274631600141e-25
9.56647676341703e-28
7.927282777114154e-31
7.950492916310892e-33
2.2989925920997568e-32
5.334352008701762e-32
8.95897621396245e-32
1.0727235900204143e-31
9.567972132807002e-32
7.87909862198933e-32
8.878836142871335e-32
1.2386476943634622e-31
1.4583494552457547e-31
1.2820050636447293e-31
9.117860365982979e-32
7.508771191041566e-32
7.29488334875071e-32
7.647012562922815e-32
6.18271999054015e-32
5.494858937855851e-07
4.8879382483491335e-06
2.8978534700187707e-05
0.00011450084210597236
0.00030152441815559154
0.0005291975728271656
0.0006190058413707821
0.0004825620882768706
0.00025072243637084494
8.681899368619182e-05
2.003631469175266e-05
3.081786077272596e-06
3.159138612045016e-07
2.1583229201147037e-08
9.827560179992462e-10
5.691921148143954e-07
5.0029536175307136e-06
2.9308816208220902e-05
0.00011443310411416077
0.00029777389955766684
0.0005164200865358829
0.0005968994408729543
0.0005247277869009573
0.0003084144297180125
0.00012081388873873413
3.154137241223867e-05
5.488148536832007e-06
6.364329790426633e-07
4.918821280701123e-08
2.5336753061478404e-09
4.39817205652006e-07
4.0147173810102806e-06
2.4428947519572623e-05
9.906866192802038e-05
0.00026776227338473624
0.00048232972150126974
0.0005790555254622741
0.00046331668900966597
0.00024706841337354685
8.780880294384844e-05
2.079890327433352e-05
3.283404295285029e-06
3.454536907363064e-07
2.4223498130201495e-08
1.1320495369188807e-09
3.525945140457146e-11
7.319260739140213e-13
1.0126058557101865e-14
4.657899407208074e-16
3.276920470848684e-18
1.5364670312157663e-20
4.801336433431746e-23
9.999598878553256e-26
1.3879843461801524e-28
1.2840091107018553e-31
7.916499535629158e-35
3.2529682478216485e-38
8.908570185061365e-42
0.0
0.0
0.0
0.0
0.0
0.0
0.0
2.035447503512511e-35
1.4583538113113093e-34
6.963818512464763e-34
2.2162233979829673e-33
4.7006852799467083e-33
6.644929278171475e-33
6.260385820675741e-33
3.9309125593463516e-33
2.3006776112346072e-33
7.345995039384178e-34
1.563244982598059e-34
2.2170985826932627e-35
2.0956778027802138e-36
1.3202177598633754e-37
5.5430420875090897e-39
2.031741786212233e-35
1.5429247300020234e-34
1.192755326075581e-06
8.612114616253212e-06
4.1442866406487516e-05
0.00013291418077665556
0.00028410207125580095
0.0004200901244983565
0.0004919943206545351
0.000746565247504757
0.0016803957296955445
0.0033591721619195074
0.004891849688139419
0.005445624531913221
0.005452018767172794
0.005378423534924956
0.004599110828377871
0.002913739907067948
0.0012715980950075137
0.0005873597621832328
0.0001325316733651067
2.5132570337392107e-05
3.0442527484136334e-05
0.00010077995167586198
0.000238495727177212
0.00038592980900669223
0.0004534161730525116
0.0004517582893699082
0.0004587176097098985
0.0004735402918167482
0.0005573194287737623
0.0010648681597507233
0.0023341724231143216
0.003858160869339373
0.004331102120544868
0.0032490369409292016
0.0016250022384502294
0.0005416981548981587
0.00012034981833843479
1.7820320398254838e-05
1.7586004762939838e-06
1.1566458966914998e-07
5.070084597882616e-09
1.481192617088125e-10
2.883961242768107e-12
1.3324619492889471e-05
0.00010021163612738644
0.0005022998440605172
0.0016779904394967015
0.0037359191501020383
0.005543537683645798
0.0054860889226422144
0.0036492093047631384
0.0018098709547018131
0.0013859580080663645
0.0026315660071889848
0.004682344489940056
0.005722802781371657
0.004685484176777095
0.0026442676352872313
0.001428541043983549
0.0018978187295339462
0.0037269008771627517
0.00542463311234746
0.005306194064550253
0.0034613268331268156
0.0015048840155472145
0.0004360601654556273
8.42115096624701e-05
1.0838721233589257e-05
2.205379345000384e-06
1.443419197879151e-07
6.29626791965086e-09
1.8304398863937716e-10
3.5465761548836063e-12
4.579780430618176e-14
3.9415003771212736e-16
2.2607890241431076e-18
8.642513127059607e-21
2.201920363449171e-23
3.7389074579988065e-26
4.2312566872799753e-29
3.1921214918587886e-32
7.184552679707388e-35
2.7197236130389247e-34
8.833924261218367e-34
1.91237342609467e-33
2.759137080106938e-33
2.6531108974952847e-33
1.7002746403916697e-33
7.262134689933129e-34
2.0672408091024736e-34
3.9219259385929375e-35
4.958944581574317e-36
4.178887404686595e-37
1.3013036058069297e-34
4.79953801458419e-34
2.43337674233457e-33
8.221804968905548e-33
1.857554312666733e-32
2.835010339504166e-32
3.018323083532808e-32
2.6600928608693396e-32
3.003726921263999e-32
4.55181708636472e-32
5.921413463619109e-32
5.41880775330321e-32
3.416577815243716e-32
1.6759691684423856e-32
1.00291674680469e-32
9.026184870682243e-33
7.676400172087674e-33
5.332210578516869e-33
3.829111283842623e-33
3.262986953606616e-33
2.5130661254809122e-33
1.4041362751291265e-33
5.325852220650294e-34
1.3513851649909364e-34
2.2870632869181627e-35
2.5800280360713014e-36
1.9398376083669864e-37
2.758217585619972e-38
1.0545693001401203e-39
2.687221432517268e-41
4.563660926094706e-43
5.1654104842044464e-45
3.896528522156793e-47
1.958990942168654e-49
6.563999579468447e-52
1.465838787558643e-54
2.1816517279925038e-57
2.1640444825874396e-60
1.4306338380245016e-63
6.303363470455503e-67
1.8509630802941994e-70
3.6224692724641505e-74
0.0
1.3985926729609673e-05
0.00010042669220680972
0.0004806053669535434
0.0015328851690945776
0.0032584583685808578
0.004619972639763144
0.004383284550421058
0.002852849249088533
0.0014815292451766078
0.001068724264178189
0.0009927784523557105
0.0010581870684514224
0.0010623222157772193
0.001049789442656296
0.0009260864808176845
0.0006201438293779905
0.0002889507867696234
9.08783674539901e-05
3.5476970678270886e-05
0.00011605486997616829
0.0005239055140774604
0.0016209221606447563
0.003376225893851937
0.004878271350834948
0.005346315060577796
0.005312906752393189
0.005310987967904421
0.004668222612114706
0.0031124175943517494
0.001647490603171851
0.0010673279252672923
0.0011479113535491853
0.0013506819511221102
0.0013921704215298111
0.0011761861237493613
0.0009055659563894283
0.00046427105486474717
0.00016453127637172345
3.944387827117743e-05
6.339327533251049e-06
6.805800198295591e-07
4.873932096673639e-08
2.327066568296153e-09
2.2847497489300396e-06
1.7131111514627023e-05
8.561068899131989e-05
0.00028513598509930627
0.0006329328204031564
0.0009363640917857907
0.0009232374937355561
0.000606685568273895
0.00026570237911041123
7.755481572620124e-05
1.5087026237989715e-05
1.956050528125637e-06
1.6901997801978734e-07
9.733691124104674e-09
1.1986877412658844e-06
1.0042114861591522e-05
5.608676675786545e-05
0.00020877456344345412
0.00040024252655425775
0.0007576052792252758
0.0009557499883584235
0.0008035763724172862
0.0004502892346833174
0.00016816573811210178
4.185670330544015e-05
6.943430131096556e-06
7.676524988485035e-07
5.656357030134885e-08
2.7777330681311793e-09
9.09129503248078e-11
1.98309053992074e-12
2.882975037146976e-14
2.7933205045232093e-16
1.803774341749226e-18
7.762921394947523e-21
2.22663853362538e-23
4.2565310003503246e-26
5.423047757569655e-29
4.604819438145574e-32
2.6059335079866263e-35
9.828689221679328e-39
2.4706397482736165e-42
0.0
0.0
0.0
0.0
0.0
0.0
0.0
0.0
0.0
0.0
0.0
0.0
0.0
0.0
0.0
0.0
0.0
0.0
0.0
0.0
0.0
0.0
0.0
0.0
0.0
0.0
0.0
0.0
0.0
0.0
0.0
0.0
0.0
0.0
0.0
0.0
0.0
0.0
0.0
0.0
0.0
0.0
0.0
0.0
0.0
0.0
0.0
0.0
0.0
0.0
0.0
0.0
0.0
0.0
0.0
0.0
0.0
0.0
0.0
0.0
0.0
0.0
0.0
0.0
0.0
0.0
0.0
0.0
0.0
0.0
0.0
0.0
0.0
0.0
0.0
0.0
0.0
0.0
0.0
0.0
0.0
0.0
0.0
0.0
0.0
0.0
0.0
0.0
0.0
0.0
0.0
0.0
0.0
0.0
0.0
0.0
0.0
0.0
0.0
0.0
0.0
0.0
0.0
0.0
0.0
0.0
0.0
0.0
0.0
0.0
0.0
0.0
0.0
0.0
0.0
0.0
0.0
0.0
0.0
0.0
0.0
0.0
0.0
0.0
0.0
0.0
0.0
0.0
0.0
0.0
0.0
0.0
0.0
0.0
0.0
0.0
0.0
0.0
0.0
0.0
0.0
0.0
0.0
0.0
0.0
0.0
0.0
0.0
0.0
0.0
0.0
0.0
0.0
0.0
0.0
0.0
0.0
0.0
0.0
0.0
0.0
0.0
0.0
0.0
0.0
0.0
0.0
0.0
0.0
0.0
0.0
0.0
0.0
0.0
0.0
0.0
0.0
0.0
0.0
0.0
0.0
0.0
0.0
0.0
0.0
0.0
0.0
0.0
0.0
0.0
0.0
0.0
0.0
0.0
0.0
0.0
0.0
0.0
0.0
0.0
0.0
0.0
0.0
0.0
0.0
0.0
0.0
0.0
0.0
0.0
0.0
0.0
0.0
0.0
0.0
0.0
0.0
0.0
0.0
0.0
0.0
0.0
0.0
0.0
0.0
0.0
0.0
0.0
0.0
0.0
0.0
0.0
0.0
0.0
0.0
0.0
0.0
0.0
0.0
0.0
0.0
0.0
0.0
0.0
0.0
0.0
0.0
0.0
0.0
0.0
0.0
0.0
0.0
0.0
0.0
0.0
0.0
0.0
0.0
0.0
0.0
0.0
0.0
0.0
0.0
0.0
0.0
0.0
0.0
0.0
0.0
0.0
0.0
0.0
0.0
0.0
0.0
0.0
0.0
0.0
0.0
0.0
0.0
0.0
0.0
0.0
0.0
0.0
0.0
0.0
0.0
0.0
0.0
0.0
0.0
0.0
0.0
0.0
0.0
0.0
0.0
0.0
0.0
0.0
0.0
0.0
0.0
0.0
0.0
0.0
0.0
0.0
0.0
0.0
0.0
0.0
0.0
0.0
0.0
0.0
0.0
0.0
0.0
0.0
0.0
0.0
0.0
0.0
0.0
0.0
0.0
0.0
0.0
0.0
0.0
0.0
0.0
0.0
0.0
0.0
0.0
0.0
0.0
0.0
0.0
0.0
0.0
0.0
