a = 4.749665496097099 b = 4.695210240090903 c = 15.472587155336601 ,Gaussian ,LMH = 0.08 ,DW = [0.3 0.3 0.3 0.3]
0.0
0.0
0.0
0.0
0.0
0.0
0.0
0.0
0.0
0.0
0.0
0.0
0.0
0.0
0.0
0.0
0.0
0.0
0.0
0.0
0.0
0.0
0.0
0.0
0.0
0.0
0.0
0.0
0.0
0.0
0.0
0.0
0.0
0.0
0.0
0.0
0.0
0.0
0.0
0.0
0.0
0.0
0.0
0.0
0.0
0.0
0.0
0.0
0.0
0.0
0.0
0.0
3.324353993752204e-34
2.769008065684639e-33
1.5371729247270216e-32
5.687256033080462e-32
1.4023757135830872e-31
2.304663544495198e-31
2.5242492183719805e-31
1.8426314395446202e-31
8.96450413019703e-32
2.9066692388349544e-32
6.281256168496074e-33
9.046465782730348e-34
8.683462484091929e-35
1.4530139506043406e-35
7.092287818947922e-37
2.3071958813206206e-38
5.002235475804186e-40
7.228119836970556e-42
6.960943436300703e-44
4.467786520076547e-46
1.9111653827447943e-48
5.448609401799595e-51
1.0352723826090716e-53
1.3110073611175975e-56
1.1064637238270857e-59
6.223730487553394e-63
2.3331675293602663e-66
5.829383373717854e-70
0.0
0.0
0.0
0.0
0.0
0.0
0.0
0.0
0.0
0.0
0.0
0.0
0.0
0.0
0.0
0.0
0.0
0.0
0.0
0.0
0.0
0.0
0.0
0.0
0.0
0.0
0.0
0.0
0.0
0.0
0.0
0.0
0.0
0.0
0.0
0.0
0.0
0.0
0.0
0.0
0.0
0.0
0.0
0.0
0.0
0.0
0.0
0.0
0.0
0.0
0.0
0.0
0.0
0.0
0.0
0.0
0.0
0.0
0.0
0.0
0.0
0.0
0.0
0.0
0.0
0.0
0.0
0.0
0.0
0.0
0.0
0.0
0.0
0.0
0.0
0.0
0.0
0.0
0.0
0.0
0.0
0.0
0.0
0.0
0.0
0.0
0.0
0.0
0.0
0.0
0.0
0.0
0.0
0.0
0.0
0.0
0.0
0.0
0.0
0.0
0.0
0.0
0.0
0.0
0.0
0.0
0.0
0.0
0.0
0.0
0.0
0.0
0.0
0.0
0.0
0.0
0.0
0.0
0.0
0.0
0.0
0.0
0.0
0.0
0.0
0.0
0.0
0.0
0.0
0.0
0.0
0.0
0.0
0.0
0.0
0.0
0.0
0.0
0.0
0.0
0.0
0.0
0.0
0.0
0.0
0.0
0.0
0.0
0.0
0.0
0.0
0.0
0.0
0.0
0.0
0.0
0.0
0.0
0.0
0.0
0.0
0.0
0.0
0.0
0.0
0.0
1.9400970156868837e-33
1.3368895741412661e-32
6.139728590743833e-32
1.8792491330593615e-31
3.8335496461109312e-31
5.211939592192229e-31
4.72257869138405e-31
2.8519412916331936e-31
1.1478456884492094e-31
3.0789878955924346e-32
5.5044509242875006e-33
6.558455478913493e-34
5.207996619024311e-35
2.756267477504588e-36
9.72195431525224e-38
2.2854269239805297e-39
3.580656424083227e-41
3.738862645895245e-43
2.601943841575729e-45
1.2068071512492305e-47
3.7304341606462197e-50
7.68532843591489e-53
1.0552297646468318e-55
9.656354070941715e-59
5.889262045183776e-62
3.380598053466038e-64
1.0484405619260287e-67
2.1670834736051777e-71
0.0
0.0
0.0
0.0
0.0
0.0
0.0
0.0
0.0
0.0
0.0
0.0
0.0
0.0
0.0
0.0
0.0
0.0
0.0
0.0
0.0
0.0
0.0
0.0
0.0
0.0
0.0
0.0
0.0
0.0
0.0
0.0
0.0
0.0
0.0
0.0
0.0
0.0
0.0
0.0
0.0
0.0
0.0
0.0
0.0
0.0
0.0
0.0
0.0
0.0
0.0
0.0
0.0
0.0
0.0
0.0
0.0
0.0
0.0
0.0
0.0
0.0
0.0
0.0
0.0
0.0
0.0
0.0
0.0
0.0
0.0
0.0
0.0
0.0
0.0
0.0
0.0
0.0
0.0
0.0
0.0
0.0
0.0
0.0
0.0
0.0
0.0
0.0
0.0
0.0
0.0
0.0
0.0
0.0
0.0
0.0
0.0
0.0
0.0
0.0
0.0
0.0
0.0
0.0
0.0
0.0
0.0
0.0
0.0
0.0
0.0
0.0
0.0
0.0
0.0
0.0
0.0
0.0
0.0
0.0
0.0
0.0
0.0
0.0
0.0
0.0
0.0
0.0
0.0
0.0
0.0
0.0
0.0
0.0
0.0
0.0
0.0
0.0
0.0
0.0
0.0
0.0
0.0
0.0
0.0
0.0
0.0
0.0
0.0
0.0
0.0
0.0
0.0
0.0
0.0
0.0
0.0
0.0
0.0
0.0
0.0
0.0
0.0
0.0
0.0
0.0
2.3327812240371077e-06
1.7155292207299313e-05
8.408214390878526e-05
0.0002746571958697523
0.000597942929780748
0.0008675810081848989
0.0008389612192489532
0.0005406986484303014
0.00023224706267880918
6.648546709024659e-05
1.2684833369513828e-05
3.355503181983965e-06
3.2555043328925914e-07
2.10504046478091e-08
9.071605751840749e-10
2.605490145936717e-11
4.987423536466539e-13
6.362746403181012e-15
5.4099658787638883e-17
3.0656741085704094e-19
1.1578145267923803e-21
2.9142952648661572e-24
4.888883127773493e-27
5.465970809655913e-30
4.0729259013984026e-33
2.0226803632400783e-36
6.694675878864229e-40
1.4767718358612258e-43
0.0
0.0
0.0
0.0
0.0
0.0
0.0
0.0
0.0
0.0
0.0
0.0
0.0
0.0
0.0
0.0
0.0
0.0
0.0
0.0
0.0
0.0
0.0
0.0
0.0
0.0
0.0
0.0
0.0
0.0
0.0
0.0
0.0
0.0
0.0
0.0
0.0
0.0
0.0
0.0
0.0
0.0
0.0
0.0
0.0
0.0
0.0
0.0
0.0
0.0
0.0
0.0
0.0
0.0
0.0
0.0
0.0
0.0
0.0
0.0
0.0
0.0
0.0
0.0
0.0
0.0
0.0
0.0
0.0
0.0
0.0
0.0
0.0
0.0
0.0
0.0
0.0
0.0
0.0
0.0
0.0
0.0
0.0
0.0
0.0
0.0
0.0
0.0
0.0
0.0
0.0
0.0
0.0
0.0
0.0
0.0
0.0
0.0
0.0
0.0
0.0
0.0
0.0
0.0
0.0
0.0
0.0
0.0
0.0
0.0
0.0
0.0
0.0
0.0
0.0
0.0
0.0
0.0
0.0
0.0
0.0
2.5079947804002376e-34
1.879941416765826e-33
9.391685731969088e-33
3.126974470577746e-32
6.947178800515982e-32
1.033154506987178e-31
1.0501555391568912e-31
8.077494258810725e-32
6.455738507937464e-32
6.747242431566618e-32
7.00584617229151e-32
6.509367822368852e-32
7.131783534153603e-32
9.373392553510507e-32
1.039358081238455e-31
8.106504500349579e-32
5.518276948465635e-32
2.214833386528458e-32
5.928246279665039e-33
1.0576490047578179e-33
1.2576138626764822e-34
9.966352312352298e-36
5.263892350094688e-37
1.852931502118239e-38
4.347036520216555e-40
6.796866856800697e-42
8.940256536571477e-05
0.0005845304888204842
0.0025470994653240134
0.007397180035740382
0.014384979676435867
0.018933536663822848
0.018007804239313526
0.015606445941011593
0.01679192131272072
0.01930027875871708
0.018382410179175496
0.01591799432691899
0.01662294971007725
0.018673322885785097
0.01650818425634783
0.010098616593444704
0.005835974728105303
0.0018312516473457808
0.00038315521001932006
5.343472537140079e-05
4.966629909625601e-06
3.076685277948766e-07
1.2702411741008426e-08
3.495190914762971e-10
6.409692256676599e-12
7.834025928965158e-14
6.381376655762047e-16
3.464378240544415e-18
1.253481051745903e-20
3.0226774205386373e-23
4.857904647919327e-26
5.206785328574055e-29
4.1426337170333906e-32
3.7503189740241934e-34
1.988650627152567e-35
7.371391748701371e-37
1.82155816285541e-38
2.9999833172311225e-40
3.292882124439742e-42
2.4088795103744246e-44
1.1744526680672962e-46
2.695359342843222e-48
6.682511190577839e-51
1.1041911563109896e-53
1.2159910611665196e-56
8.924790875290846e-60
4.365633394632359e-63
1.4232396210719987e-66
3.092362058782779e-70
0.0
0.0
0.0
0.0
0.0
0.0
0.0
0.0
0.0
0.0
0.0
0.0
0.0
0.0
0.0
0.0
0.0
0.0
0.0
0.0
0.0
0.0
0.0
2.8915665290036017e-05
0.00023387737648570756
0.0012607378347770217
0.004529423271727306
0.010891745560214392
0.017651342084829793
0.020108727118053865
0.018652858341012657
0.01855294466084425
0.020497646557081733
0.02040237321685932
0.018650578138339046
0.01905998820965546
0.01990828355000446
0.01640557546021985
0.009419076253164784
0.003641191694239673
0.0009402599325460367
0.00016190193379565776
1.8581715462340696e-05
1.4213850077839912e-06
2.044394330839607e-07
7.952358151906166e-09
2.0616214813891698e-10
3.5620787777471026e-12
4.101848977942624e-14
3.148019132410434e-16
1.610188084496851e-18
5.489052721598663e-21
1.2470955914759807e-23
1.888354962996231e-26
1.905676033893538e-29
1.281728551475296e-32
5.7454571932357384e-36
1.7164639083664466e-39
3.4176399451430927e-43
0.0
0.0
0.0
0.0
0.0
0.0
0.0
0.0
0.0
0.0
0.0
0.0
0.0
0.0
0.0
0.0
0.0
0.0
0.0
0.0
0.0
0.0
0.0
0.0
0.0
0.0
0.0
0.0
0.0
0.0
0.0
0.0
0.0
0.0
0.0
0.0
0.0
0.0
0.0
0.0
0.0
0.0
0.0
0.0
0.0
0.0
0.0
0.0
0.0
0.0
0.0
0.0
0.0
0.0
0.0
0.0
0.0
0.0
0.0
0.0
0.0
0.0
0.0
0.0
0.0
0.0
0.0
0.0
0.0
0.0
0.0
0.0
0.0
6.925670485909561e-34
5.642030539462433e-33
3.06330746200505e-32
1.108478549174494e-31
2.699697126962929e-31
4.463838852171949e-31
5.306943690868167e-31
5.274317167058942e-31
5.340247693514083e-31
5.469078362259568e-31
5.07643080552818e-31
4.556480493688471e-31
4.22345160180878e-31
3.4551701298491483e-31
2.095428354962915e-31
1.2216234964958208e-31
3.912641862948447e-32
8.38049631764757e-33
1.1973951937032532e-33
1.1404786814276457e-34
7.240097381456666e-36
3.0633028964395135e-37
8.638110872015645e-39
1.6234152023201402e-40
2.033396674712472e-42
1.6974468637076896e-44
9.443909647715407e-47
3.501781217154075e-49
8.653817719311788e-52
1.4253057123083044e-54
1.5645514754304248e-57
1.1445986660923582e-60
5.5808218930175686e-64
1.8135295563408696e-67
3.927648927813258e-71
0.0
0.0
9.510676930497047e-35
8.938092443734496e-34
5.598346863869974e-33
1.5183456067739804e-32
4.836021004617362e-32
1.0265669259081572e-31
1.4523386854301865e-31
1.369399268466206e-31
8.605454755786705e-32
3.604118882597365e-32
1.0060184330461192e-32
1.8715193291798583e-33
2.3204074101889018e-34
1.9174132259007818e-35
1.0559630990423732e-36
3.875817446315747e-38
9.481115404576649e-40
1.5457423315012796e-41
1.6795630688676964e-43
1.2162898448525462e-45
5.870287790609318e-48
1.888266348820656e-50
4.0480760443365128e-53
5.783831326345403e-56
5.507621977221996e-59
3.495378233963926e-62
1.4784470633633223e-65
4.167723786547352e-69
0.0
0.0
0.0
0.0
0.0
0.0
0.0
0.0
0.0
0.0
0.0
0.0
0.0
0.0
0.0
0.0
0.0
0.0
0.0
0.0
0.0
0.0
0.0
0.0
0.0
0.0
0.0
0.0
0.0
0.0
0.0
0.0
0.0
0.0
0.0
0.0
0.0
0.0
0.0
0.0
0.0
0.0
0.0
0.0
0.0
0.0
0.0
0.0
0.0
0.0
0.0
0.0
0.0
0.0
0.0
0.0
0.0
0.0
0.0
0.0
0.0
0.0
0.0
0.0
0.0
0.0
0.0
0.0
0.0
0.0
0.0
0.00359949278544479
0.023616710053560183
0.10327115545912541
0.3046279897023154
0.608468883256507
0.8606692792985271
0.9582563500323434
0.9758940699209334
0.9993173381209255
1.0
0.9755551042887375
0.9248305908023454
0.751848560318936
0.4552361405355051
0.19095331693054385
0.05404097305806741
0.010231399294378047
0.0012924841899084605
0.00010885478847568707
6.1107844452636596e-06
2.2863448442686902e-07
5.701278133575809e-09
9.475137778880415e-11
1.0494959570335028e-12
7.747430159445113e-15
3.8116775402299444e-17
1.2498451093663734e-19
2.731352727026341e-22
3.9781479532630237e-25
3.861585207843058e-28
2.4982267917086542e-31
1.077158589845256e-34
3.0953444536100007e-38
1.0758772778391437e-40
0.0
0.0
0.0
0.0
0.0
0.0
0.0
0.0
0.0
0.0
0.0
0.0
0.0
0.0
0.0
0.0
0.0
0.0
0.0
0.0
0.0
0.0
0.0
0.0
0.0
0.0
0.0
0.0
0.0
0.0
0.0
0.0
0.0
0.0
0.0
0.0
0.0
0.0
0.0
0.0
0.0
0.0
0.0
0.0
0.0
0.0
0.0
0.0
0.0
0.0
0.0
0.0
0.0
0.0
0.0
0.0
0.0
0.0
0.0
0.0
0.0
0.0
0.0
0.0
0.0
0.0
0.0
0.0
0.00016174410637385703
0.001282517926133001
0.006777663008801105
0.023871408635911084
0.056034779980711644
0.08766350746975035
0.0914032342501175
0.06351639365420675
0.03977432981963881
0.014054963413188836
0.0033100771505171407
0.000519550852092051
5.4350000787000124e-05
3.7892442144261407e-06
1.7607073851407355e-07
5.452596038522661e-09
1.1253847084784264e-10
1.5480331051945478e-12
1.4191915817995324e-14
8.671282934427428e-17
3.5310773882270306e-19
9.583246579227308e-22
1.7334033756156267e-24
2.0896240659311506e-27
1.6788745004749126e-30
8.98979633067406e-34
3.208211716697441e-37
7.630583281810342e-41
0.0
0.0
0.0
0.0
0.0
0.0
0.0
0.0
0.0
0.0
0.0
0.0
0.0
0.0
0.0
0.0
0.0
0.0
0.0
0.0
0.0
0.0
0.0
0.0
5.95768132921761e-05
0.00047630670588472206
0.0025379184946474377
0.009139364104595218
0.022211563519983758
0.03775727076886825
0.04824123613025122
0.05144809007189809
0.05336012039967746
0.05358962382349945
0.052026589885666275
0.04692989111255998
0.03525024646960473
0.01967431657267651
0.0076440349476974995
0.0020110820069471156
0.00035460987434516206
4.17541478041298e-05
3.2788612263651138e-06
1.7164427905408332e-07
5.9889708505877306e-09
1.392735722106337e-10
2.1585939707076534e-12
2.229750126118455e-14
1.5350533788366652e-16
7.043239999460586e-19
2.1537887315293138e-21
4.3895023143760974e-24
5.9622340378047356e-27
5.397396305116067e-30
3.256425480554812e-33
1.309421687165336e-36
3.5091300472196666e-40
0.0
0.0
0.0
0.0
0.0
0.0
0.0
0.0
0.0
0.0
0.0
0.0
0.0
0.0
0.0
0.0
0.0
0.0
0.0
0.0
0.00036095646984494204
0.0023997710417798077
0.010633257579434157
0.031401067213181984
0.061802213617711
0.08106720528077149
0.07753661582888274
0.05171905639703058
0.023412709222604838
0.009515609825846203
0.01292225128775828
0.03321835677926393
0.06286429712357904
0.07967508785321316
0.06731629439144735
0.03800879817390137
0.015081973158860685
0.0082969010570205
0.018068944478065167
0.043018244746085225
0.07036357827285986
0.07681244478903262
0.05588873273893645
0.027101899197409518
0.008759045721651093
0.0018866676888368075
0.0002708417295667557
2.591297603642447e-05
1.652344337696634e-06
7.02207345024177e-08
1.988894410893103e-09
1.475061610782131e-10
2.1245115682939255e-12
2.0393397679141302e-14
1.3046728485694288e-16
5.562822579549768e-19
1.5807760280828275e-21
2.9938292643803106e-24
3.778928484092018e-27
3.190949802089611e-30
5.0001812153411344e-33
5.762306074416123e-34
6.86125932630101e-35
5.451211475816224e-36
2.886455223816253e-37
1.0186339988014238e-38
2.3958137784556136e-40
3.7555149675631126e-42
3.92344423592219e-44
2.731788168084306e-46
1.267675518336566e-48
3.9205837445784124e-51
8.081182502517416e-54
1.1101473917855398e-56
1.0164076361758287e-59
6.202071143314896e-63
2.522244108866589e-66
1.10506602004459e-68
0.0
0.0
0.0
2.290868804177878e-34
1.8970765182228563e-33
1.0470104752139201e-32
3.8512237687405437e-32
9.441218049845944e-32
1.5425485821589684e-31
1.6796980653603366e-31
1.219923809230868e-31
5.981760414397437e-32
2.43303324800095e-32
2.612231445813826e-32
6.138747114107365e-32
1.1185465024332943e-31
1.3700738368673944e-31
1.1189488265205926e-31
6.132945667438052e-32
2.510931307358132e-32
1.9674191058859094e-32
4.628666425056786e-32
9.605103288035117e-32
1.3510388300972876e-31
1.2676283176729315e-31
9.697386842723653e-32
4.627020800008548e-32
1.4713969955527917e-32
3.1184575243755846e-33
4.404852290768584e-34
4.1467171654453656e-35
2.6017108466292074e-36
1.0879155611065855e-37
3.031886213270062e-39
5.631345271265213e-41
6.970965952812186e-43
5.751158219194365e-45
3.162271964213007e-47
1.1588431770423153e-49
2.83029475565163e-52
4.607021228128669e-55
1.2105889295576621e-33
9.035628272520181e-33
4.4947088121418777e-32
1.490137401321753e-31
3.292551809180766e-31
4.848645892013672e-31
4.7587168692062855e-31
3.112725423935684e-31
1.3569795655577792e-31
3.942642061689975e-32
1.3804825023099917e-32
2.0396118648183656e-33
2.008379136802102e-34
1.3180303810008612e-35
5.764832443677328e-37
1.6804651294836546e-38
3.2647796097976393e-40
4.360947384469273e-34
3.153315972019475e-33
1.5312988578252374e-32
4.979334836919815e-32
1.1002489203400536e-31
1.700955437452656e-31
1.9526277353355522e-31
1.8305315166106352e-31
1.5311713416415605e-31
1.1830529386646577e-31
8.375616226551889e-32
5.159397646613027e-32
2.518905399148604e-32
8.953323014610994e-33
2.2046457230338007e-33
3.675354441944997e-34
4.1089009851954296e-35
3.0688531654729226e-36
4.346644746060482e-37
0.0005409760650489983
0.003771838558974049
0.01752708486316664
0.05428099890457161
0.1120385607032421
0.15412346318476808
0.14130305302343785
0.08689461890129202
0.038989505415888
0.027180427267190558
0.05587930440325692
0.11102217357215025
0.1511458545522047
0.13736809497817531
0.08372104360094366
0.037141777001834436
0.02557883973508273
0.053044998716538776
0.10675748405869406
0.14719114987023366
0.13547124561142965
0.08310641334136833
0.03397862779567672
0.009258887674610073
0.0016814863673222141
0.0004304115342657522
3.974852497659939e-05
2.4464687984884673e-06
1.0035520296700342e-07
2.743605432848506e-09
4.999021020182194e-11
6.07057487107841e-13
4.9131070274404465e-15
2.6501116924582267e-17
9.526945476631752e-20
2.282573281760739e-22
3.6448304217534106e-25
3.8789258113786823e-28
2.751231704719759e-31
1.3005420839976576e-34
4.097351294449254e-38
8.603269736404907e-42
0.0
0.0
0.0
0.0
0.0
0.0
0.0
0.0
0.0
0.0
0.0
0.0
0.0
0.0
0.0
0.0
0.0
0.0
0.0
0.0
0.0
0.0
0.0
0.0
0.0
0.0
0.0
0.0
0.0
0.0
2.702537842634783e-36
2.1292926807903971e-35
1.1180995862723524e-34
3.912975786341381e-34
7.199336443194166e-34
1.2812141419707773e-33
1.5196113405466917e-33
1.2012264220914755e-33
6.328470717698239e-34
2.281734978335509e-34
1.0665593785312088e-34
3.417120461323649e-34
1.3578765965666783e-33
3.679092337420411e-33
5.589621443662189e-05
0.0004274623287395812
0.0021786870230447656
0.007400710127953834
0.016754577844626615
0.025279887297019965
0.025421333341013264
0.01703739002834861
0.007610082307845042
0.002323350808136958
0.0008871703332731583
0.0022651251932985354
0.00741322077893531
0.016582305616006897
0.02473748250750987
0.024595478344728146
0.01955642414533156
0.009887625451275278
0.003370925289866106
0.0010642049312428793
0.0018116387667291593
0.006104600726119878
0.014560244893482753
0.02318533929175716
0.02460711610471028
0.01740564461435025
0.008205424803144692
0.002578063299243636
0.0005398431948847024
7.533958681836773e-05
7.007456092484461e-06
4.34389265494476e-07
1.7946482180601373e-08
4.941526489311224e-10
9.06827061101189e-12
1.1090965739454378e-13
9.040569808133875e-16
4.9113828848254255e-18
1.778252095379445e-20
4.2910582889822494e-23
6.901079762183434e-26
0.00048527748759911836
0.0017380692640854279
0.008401053924740531
0.02706337861468642
0.0581047721474865
0.08314251162312435
0.07928956319694094
0.050395349222915144
0.02134747142860999
0.0063960474897317805
0.003590147557696369
0.011029905353685806
0.032177738660128914
0.06333444291759496
0.08311079200610853
0.0726876655771757
0.04236875389938365
0.016544496536394518
0.004998152640338941
0.004982274201007166
0.01640217461392625
0.04179137352320492
0.07131249686366989
0.08111283476291706
0.06148893374610676
0.031066043770446507
0.015729423399167455
0.00404114443101503
0.0006919544240111482
7.896454847708772e-05
6.005765497793209e-06
3.0442907850974477e-07
1.028455354779807e-08
2.3156147248167823e-10
4.106573743513814e-06
2.8459941767949344e-05
0.00013431454066017398
0.00042585100169201967
0.0009369126936961031
0.0014957227598106988
0.0018746069255627888
0.0020285366141722994
0.0020180533664735456
0.0018312912335607832
0.0014108791387962424
0.0008410162997020891
0.00036092678165253254
0.00010700045807207798
2.1477252117119687e-05
2.892589452358023e-06
2.603871593429688e-07
1.5640771080934227e-08
1.915361322807541e-09
5.854405504670509e-11
1.1927474773995038e-12
1.6196368419912222e-14
1.465809506111327e-16
8.841436545775402e-19
3.5542772978937126e-21
9.522741859853796e-24
1.700413526180016e-26
2.0236190491975895e-29
1.6050352167975667e-32
8.484415792920447e-36
2.9891031020130864e-39
7.018458523436086e-43
9.433259432736075e-35
6.569243401175281e-34
3.0489512231966112e-33
9.431204196870651e-33
1.9443093625781634e-32
2.6714382205295906e-32
2.4462816131889398e-32
1.4929639295049572e-32
6.1359292730409265e-33
2.1885783463329255e-33
3.392759078229197e-33
1.1808819778850123e-32
2.2903738883575038e-32
4.428532665243865e-32
5.708458120545011e-32
4.9041445093169933e-32
2.8079500056686037e-32
1.0751256120505634e-32
3.0003756096520564e-33
1.8592398421626993e-33
4.7798770396797686e-33
1.0664528867472779e-32
1.6021405998567298e-32
1.604688107082095e-32
1.134967436891069e-32
9.184224512732082e-33
2.1815558595142478e-32
6.30661391566584e-32
1.288132447409578e-31
1.7603277169692483e-31
1.6056131299604398e-31
9.885136320582177e-32
4.694576502046797e-32
3.6240025420386907e-32
5.987243259010486e-32
8.764804354434266e-32
8.804024895356357e-32
6.016296657575544e-32
4.03194430383602e-32
3.1304791553959605e-32
5.844318929651548e-32
1.088117444853135e-31
1.4071736461540287e-31
1.2168384341577972e-31
7.01473352660895e-32
2.695129574014741e-32
6.901291041944959e-33
1.177775827470148e-33
1.339604145070711e-34
1.0154811758168628e-35
5.130371566192681e-37
1.7274572592929412e-38
3.87656749599588e-40
5.797876193579121e-42
5.779257866205106e-44
3.839341616860159e-46
1.6998984909503483e-48
5.016152928151431e-51
9.865068306205305e-54
1.2930370619495752e-56
1.1295446365732872e-59
6.576235702033164e-63
2.551719259730469e-66
1.083521248109654e-68
0.0
0.0
0.0
0.0
0.0
0.0
0.0
0.0
0.0
0.0
0.0
0.0
0.0
0.0
0.0
0.0
0.0
0.0
0.0
0.0
0.0
0.0
0.0
0.0
0.0
3.469249914649091e-05
0.000283663190197165
0.0015457951046574674
0.005614129427063232
0.01358921787446021
0.02192239764369923
0.02357019570607243
0.016889619835271544
0.008088518865606834
0.002765087407612898
0.0017022062779408912
0.0045926383856914445
0.011747055088082145
0.02034197177029412
0.023490260524259947
0.018078949943091865
0.009292845398766379
0.0033444987650145747
0.0017649877791164029
0.004267256604004464
0.011059743238933146
0.019569327797220145
0.02309892757929705
0.018172080368236244
0.009527953175715722
0.0033294780030676094
0.0013184430275450867
0.00023428284263220809
2.7746049070316978e-05
2.189996210678934e-06
1.1520388499489035e-07
4.0389868080718895e-09
9.43755058922459e-11
1.4696966314580896e-12
1.5253786135182008e-14
1.0551377363878938e-16
4.864320772523877e-19
1.4945718742740096e-21
3.060504005774367e-24
4.1768670084040435e-27
3.7991801807522455e-30
2.30308879623574e-33
9.304928117533985e-37
2.5055144425352274e-40
0.0
0.0
0.0
0.0
0.0
0.0
0.0
0.0
0.0
0.0
0.0
0.0
0.0
0.0
0.0
0.0
0.0
0.0
0.0
0.0
0.0
0.0
0.0
0.0
8.83839756711057e-05
0.0007733496780409389
0.004599943064681055
0.018312898566574146
0.050304593617396025
0.09869391354444153
0.14957963524386508
0.19575950203742204
0.23780511867431
0.25519894175933433
0.24044240717248577
0.1719356035124398
0.09288292639715709
0.053742584741252944
0.06401578344755071
0.09251458822480774
0.09815022165055855
0.0711859219547098
0.04023392992447942
0.03526445029217737
0.060446833830815394
0.09167461612236398
0.09557954142907155
0.06660320054497738
0.030939810584514674
0.009579254249764217
0.0019766427838237123
0.00027183558662515725
2.4915292227513378e-05
1.521973913882422e-06
6.196264962263312e-08
1.681257755004193e-09
3.04032610688056e-11
3.664270996783068e-13
2.9433136845856345e-15
4.285664323327811e-05
0.00032041964365293353
0.0015966203585101137
0.005302317633240727
0.011735763969435717
0.017311653084087178
0.017019518246821828
0.01115345516850658
0.004883923368510822
0.0014895145774421457
0.0005206372683092441
0.0005928098885809491
0.0008453638181473199
0.0008486745365821622
0.0005696673579818014
0.00025756601869284727
9.503777951941704e-05
0.0001054491343388068
0.00028792300102547467
0.0006032768518046837
0.0008478490320264433
0.0007943624750592751
0.0004960270359433735
0.00021124558141861214
8.774008085343992e-05
0.00013920407480869307
0.0002708038840052506
0.0005754046028310857
0.0008224540747555092
0.0007838074689722927
0.0004978476727416352
0.0002107489670538576
5.945877963119361e-05
1.1180161488125126e-05
1.4010760529636905e-06
1.1701913729442113e-07
6.5137880336126735e-09
2.4165283814638e-10
5.974914934081479e-12
9.845847415758663e-14
1.0813244520568802e-15
7.914810017287352e-18
3.861059674296242e-20
1.25531893932228e-22
2.720089516796548e-25
3.9282024337113923e-28
3.780820614600308e-31
2.4252685348219775e-34
1.0368481104939253e-37
2.954282330758631e-41
5.610097403838015e-45
0.0
0.0
0.0
0.0
0.0
0.0
0.0
0.0
0.0
0.0
0.0
0.0
0.0
0.0
0.0
0.0
0.0
0.0
0.0
0.0
0.0
0.0
0.0
0.0
0.0
0.0
0.0
0.0
0.0
0.0
0.0
0.0
0.0
0.0
0.0
0.0
0.0
0.0
0.0
0.0
0.0
0.0
0.0
0.0
0.0
0.0
0.0
0.0
0.0
0.0
0.0
0.0
0.0
0.0
0.0
0.0
0.0
0.0
0.0
0.0
0.0
0.0
0.0
0.0
0.0
0.0
0.0
0.0
0.0
0.0
0.0
5.335945332533949e-35
4.285411981017107e-34
2.2937988759932407e-33
8.182756728756194e-33
1.9454742745818404e-32
3.0827115748903576e-32
3.3724869263420337e-32
2.9120928158923914e-32
2.5642924727884977e-32
4.3447047816441635e-32
8.859851500689119e-32
1.3312099566319588e-31
1.3515241171928282e-31
9.340012309761841e-32
5.143683440879743e-32
4.446062262135015e-32
7.175726973644559e-32
1.0780179668906064e-31
1.2394374477939417e-31
1.0803936546865982e-31
7.043641819848973e-32
3.3320138313477787e-32
1.1246058303313274e-32
3.477796346403203e-33
3.5095896437405376e-33
6.788427849302866e-33
9.723829198347734e-33
9.332886858410776e-33
6.0692436938670535e-33
3.374894674875596e-33
5.405917302486673e-33
1.777514413462778e-32
3.412036013322534e-32
6.52955300287219e-32
8.335840163506784e-32
7.09279992388275e-32
4.0222460778625916e-32
1.5202015302619114e-32
3.8292634345057415e-33
6.428518119660191e-34
7.192635434188778e-35
5.3634813183271055e-36
3.429493558077215e-35
3.0152542995897465e-34
1.797471202335957e-33
7.148953401788131e-33
1.922152512325787e-32
3.547070841508097e-32
4.6844425866153626e-32
4.858294751031655e-32
4.5743161556829784e-32
4.1916188302022886e-32
3.371800226495562e-32
2.0731904207846525e-32
9.009905927649406e-33
2.6760274572586217e-33
5.356477007014492e-34
7.182298852818407e-35
1.503959895150458e-35
1.0287720624351354e-36
4.6933117626422634e-38
1.4274521652048298e-39
2.893956397529846e-41
3.9105305128730884e-43
3.521891860769377e-45
2.114000497496078e-47
8.457054304898265e-50
2.25484310256788e-52
4.0067833354115014e-55
4.7452304234118276e-58
3.745419583612898e-61
1.970267888858244e-64
6.907670875221923e-68
1.614059764033257e-71
0.0
0.0
0.0
0.0
0.0
0.0
0.0
0.0
0.0
0.0
3.374605285636019e-36
3.0807148196974315e-35
1.8743969170053051e-34
7.600692679726799e-34
2.0541224677450528e-33
3.699823793142335e-33
4.455311567369609e-33
3.656437969155641e-33
2.4030602238478477e-33
2.3455218838635197e-33
3.8332845672589554e-33
9.291716152625603e-06
8.474328644615323e-05
0.0005151055376296927
0.002086741644839659
0.0056340759346223705
0.01013813936240555
0.012182014493565551
0.009891380481229659
0.0060246820081243475
0.004607723484962235
0.0064974820564149115
0.009131929182721182
0.009918061339321703
0.009521835845068162
0.009596776066336741
0.009813611225348434
0.00823810071114287
0.004910693796207689
0.00198270095452466
0.0005356167545802417
9.65250156468136e-05
7.018541170075966e-05
0.000380231065733547
0.001636614519244402
0.004718921632473843
0.009128730680949921
0.012143468648568988
0.012171938437694634
0.011545672035974276
0.012187265782966673
0.011897534827790612
0.008827452700590956
0.005368145880047312
0.0047056480377857
0.0068271752532505095
0.008909291950616821
0.009313828758253057
0.009953518105340134
0.012428815183071575
0.014032851425025028
0.012991991935602479
0.009703032815098883
0.009808606703472044
0.01735517331186793
0.02851115532530861
0.03460973891514648
0.03411756092051002
0.033886560900609146
0.03451913040018064
0.029058704495180412
0.017436337387193045
0.00709566110095857
0.001932756850177557
0.00035953119950828626
0.0001204872841087614
0.0004913170485814649
0.002035671203346365
0.005678760194672884
0.010642786831921392
0.013791085069276404
0.013690538930659961
0.013149533253133153
0.01389112943796189
0.01328010009634672
0.010246569530485092
0.009173365120640485
0.012103718597106544
0.021453342348579527
0.02926521302335384
0.02711019716428908
0.01678033902599412
0.006928005879136941
0.001910044248714677
0.00036187644133504784
7.801828665450287e-05
7.49395394816021e-05
9.716033111547027e-05
8.774708982588246e-05
5.3227095543647996e-05
2.3486423386306562e-05
1.6110466411530684e-05
3.3566689639643315e-05
6.792476165112612e-05
9.414248289513579e-05
8.709897117088016e-05
5.3710760481373945e-05
2.2074626999808473e-05
6.046542682877298e-06
1.1038305954005664e-06
1.3430101055963447e-07
1.0890245793137022e-08
1.6284614279296192e-09
6.714883123026055e-11
1.845359511846432e-12
3.379909452841392e-14
4.125823944419661e-16
3.3565866766957258e-18
1.819979888958504e-20
6.576833689413498e-23
1.5839764404701507e-25
2.5426608215561943e-28
2.8718674207829665e-31
1.5871128703375273e-32
1.4799927590931724e-32
1.050875920653469e-32
5.1462043188166104e-33
1.694374989398377e-33
3.7261655329789628e-34
7.455918412361886e-35
1.4681388250023765e-34
6.700956327471825e-34
2.123160315044745e-33
4.533928563370542e-33
6.772093587128596e-33
8.004285308577555e-33
9.477591061804015e-33
1.1952378137689665e-32
1.3034647572087875e-32
1.2010090930608689e-32
1.0473076345694503e-32
1.5257784178475242e-32
2.890995836626124e-32
4.233067162721066e-32
4.213229353360285e-32
2.801532241935422e-32
1.241887110031181e-32
3.669146390688784e-33
7.224890782824335e-34
9.48154900501369e-35
8.292946722932435e-36
4.8341487280615965e-37
1.878073950463946e-38
4.862805712657708e-40
8.39155983725646e-42
9.651171241516468e-44
7.397737133233387e-46
3.77919513936062e-48
1.2867118114845944e-50
2.919744211254943e-53
4.415601505121499e-56
4.450578724826659e-59
2.989679617176568e-62
1.3384876295810648e-65
6.2523271759816375e-68
1.4234230279796367e-71
0.0
0.0
0.0
0.0
0.0
0.0
0.0
0.0
0.0
0.0
0.0
9.901317426098572e-06
6.72244094768174e-05
0.0003042098531598796
0.0009457171421499769
0.0020683850465328365
0.003333158469529882
0.004222072559037512
0.00449425452157229
0.0041885641330525235
0.0037125011433436343
0.004312941430830748
0.007370862812372853
0.010374488020923086
0.013440055988368099
0.01202150384641442
0.007915340903165535
0.005815789307691657
0.007497219240251563
0.01039869856083463
0.011506585958110575
0.011299612713577104
0.011437955802336057
0.01073024172828177
0.00767970376420475
0.00381311340217608
0.0012752958948995066
0.0002850411484332382
9.909586961010188e-05
0.00038128875162064016
0.0016742837643591258
0.00497061746189971
0.009911921662536991
0.013632054655624051
0.014159235690450253
0.013686891496727256
0.014162749038423121
0.013334649713691691
0.009705526291766742
0.007137156358926251
0.005860484133728057
0.007830565785136384
0.009681789251362498
0.00841283546102947
0.0049055602383311124
0.0019080443262900289
0.000494670652741667
8.547343077238974e-05
9.84302052115515e-06
7.554527075270189e-07
3.8642723974574263e-08
1.3173759572918326e-09
2.993183081546311e-11
4.532505906030782e-13
4.574304000954102e-15
3.076757139375144e-17
1.3792498915279904e-19
4.1207308413143416e-22
8.205160600334573e-25
1.088883638019464e-27
9.630690055720356e-31
5.6769476395910455e-34
2.230251905982362e-37
5.839484338173446e-41
0.0
0.0
0.0
0.0
0.0
2.5996443038253944e-05
0.00019269144691472085
0.0009519025586425901
0.003134036850626399
0.006876971925467408
0.010057081099810537
0.009802304770541018
0.006401575683975228
0.002996448301309446
0.0019184326502230129
0.0036585538353690076
0.0073127278657039935
0.010113901106903373
0.009344712518112072
0.005808747138685762
0.002706593812987941
0.0021207320799444805
0.0043264485155388105
0.00802039568138287
0.010151511683091335
0.008576835854349209
0.004830015204139593
0.002629049511808911
0.0007528798621691862
0.0001436925239712072
1.8277812405587364e-05
1.5495150768440639e-06
8.754854749501304e-08
3.2967319133047554e-09
8.273701865209244e-11
5.0346516405193125e-05
0.0003391015913838309
0.001522200253130429
0.0045540238417977295
0.009081797254175917
0.012122536583031083
0.011054484046801665
0.00793320973483474
0.007306345398909472
0.010270150952588201
0.013071184362718194
0.012319393862739149
0.010357012390640597
0.01246934901658062
0.019083786930637243
0.024319715275608784
0.023792653478734098
0.021224272241645047
0.01681521991876183
0.012150436869057937
0.007008297240037062
0.002896711616133262
0.0008179771896765998
0.00015696641821474195
3.355055574450642e-05
7.36704701572823e-05
0.0002496956564935441
0.000579523629699677
0.0009168634199917515
0.0010497941463729202
0.0010244868020222958
0.0010352325848362923
0.0010754615872327947
0.0011641841443179248
0.0020374108575348638
0.004693760156128287
0.008533059765993865
0.010599028295038558
0.008803080110037798
0.004874951559237182
0.0018694831254749493
0.0009576857918794028
0.0025929625351888883
0.0058157795102451604
0.014430050862746712
0.023928822568044638
0.026448254443877273
0.019482990112455544
0.00956523842350712
0.0031298068669183498
0.0006825285564831735
9.919862728606521e-05
9.608863994947403e-06
6.203259916992256e-07
2.6690054392231534e-08
1.9364246832293997e-05
0.00017729321536426258
0.0010818879031406364
0.004400013380779089
0.011926342516155682
0.021544782127183318
0.025939313833263016
0.020814041147343133
0.011131043555838698
0.003967317004314331
0.0009424091051989434
0.00014919820266531768
1.5742338895871472e-05
1.1070225609438514e-06
1.505389242121306e-07
5.383176293693419e-09
8.763276164811089e-05
0.000609848715212294
0.002828524268571637
0.00874337801053448
0.018012755288761895
0.024732190960979887
0.022632190051052836
0.013802956518634892
0.005610469510438852
0.001519874894951911
0.00027440879361371404
3.301944397524064e-05
2.648030818346951e-06
1.4153304906698466e-07
5.041667944269774e-09
1.196939399052889e-10
1.8938764114329026e-12
1.9971590619898328e-14
1.4036383448134646e-16
6.574751466152222e-19
2.0525086948254613e-21
4.270436010948678e-24
5.9216260760512235e-27
5.877432951684104e-29
4.144376298551476e-32
1.9477002052900275e-35
1.0500767127085268e-35
6.843427126610257e-35
2.9741341123760834e-34
8.614478800256008e-34
1.662949316988364e-33
2.139491511764156e-33
1.834525152993796e-33
1.048379021123913e-33
3.99295596799423e-34
1.0135665479825184e-34
1.714713488623033e-35
1.933358570898904e-36
1.452830003064017e-37
7.276101358708756e-39
1.228742707999422e-35
1.1420994870850267e-34
7.075172138149532e-34
2.9211351691326544e-33
8.037997087738907e-33
1.47409537550412e-32
1.8034266358824333e-32
1.481837287674708e-32
8.748201558054281e-33
1.450112417766666e-07
1.1983936875663782e-06
6.905766724449439e-06
2.6500736781331634e-05
7.051626667157711e-05
0.0001346395123942288
0.00019433638312327023
0.00022584015313750777
0.00022069550509800826
0.0001798056542984675
0.00011581089528315685
5.546372747978058e-05
2.0397464813290174e-05
1.7104890234899216e-05
7.026194550993032e-05
0.0002543209908625781
0.0006193612306574117
0.0010055614393868833
0.0010880737231245537
0.0007846747669379496
0.0003771400056085659
0.00012080838193863302
2.579129091718938e-05
3.669700668159375e-06
3.4799239253426945e-07
2.199330044691199e-08
2.7852982436523328e-09
7.641040727456354e-07
7.052651315478393e-06
4.338948585135082e-05
0.00017790914019753798
0.0004861760559738776
0.0008854630025217189
0.0010748028798305705
0.0008694983682606644
0.00046880287827297284
0.00016845864988621133
4.034390292787115e-05
6.439379977295263e-06
6.85001848911129e-07
4.8564730467305064e-08
2.2947309330876653e-09
1.3732559690754258e-06
1.140822760207969e-05
6.316683921191106e-05
0.00023309970309899798
0.0005732919494348215
0.0009397049490926596
0.0010265703895916626
0.0007474247944430996
0.00036268351509963426
0.00011729234792810397
4.4109464215679955e-05
7.253977874955192e-06
7.950642371654522e-07
5.8077746839098847e-08
2.827475483499929e-09
9.174227062658432e-11
1.983908644332612e-12
2.859271549457098e-14
2.7464435961345216e-16
1.7581969158100324e-18
7.501461620650472e-21
2.1330734865766103e-23
4.042474525012373e-26
5.105876595275471e-29
4.298083858162573e-32
2.4113541744287607e-35
9.016306572687296e-39
2.2468696877441357e-42
0.0
0.0
0.0
0.0
5.4565770883935505e-34
3.692772663486799e-33
1.66558345237105e-32
3.6291908540347307e-32
8.323887717756519e-32
1.2764162849368152e-31
1.3259236828897933e-31
1.0258992095702455e-31
8.760211281363284e-32
1.1641610664148813e-31
1.549607545575739e-31
1.5137505146549328e-31
1.1070371420761373e-31
8.595123932461542e-32
1.0142063554520122e-31
3.195430270797374e-05
0.00028539154340203064
0.0016987692984456644
0.006739214117937982
0.017818274888953305
0.03139811693499182
0.03687424175075879
0.0288618485140891
0.015055900478560997
0.005234447833616895
0.0012128764534516162
0.00018730259821765223
1.927758323947349e-05
1.3223393458984734e-06
1.76863142045219e-07
6.169219886694056e-09
1.4341834671860188e-10
2.2220852771450905e-12
2.294553985899158e-14
1.5791281906084778e-16
7.242992596743729e-19
2.2141153568021825e-21
4.510908264225015e-24
6.125045150309062e-27
5.543029629398567e-30
4.2549780831580884e-33
3.928233493174218e-33
1.1270014707489599e-32
2.1556675488148726e-32
2.748024796147111e-32
2.3347536259822417e-32
1.3220351984141994e-32
4.989149593457499e-33
1.2548493263997478e-33
2.103479026252181e-34
2.3499917540975243e-35
1.7497501479501443e-36
8.682949748978691e-38
2.8717067205196324e-39
1.390516584594803e-06
5.68289762291526e-06
3.348201691143651e-05
0.00013147250527363347
0.00034406445961999207
0.000609265361315778
0.0007752494631677817
0.0009792692198686212
0.0019376054871661985
0.004298465766123563
0.00729326845645683
0.009085707993833328
0.009373398272194489
0.009344215177061053
0.008698799118933913
0.0063813097699515105
0.003304941175754284
0.0011603804785013643
0.00027384986502405857
5.1024753359230025e-05
4.8890335140326265e-05
0.00016086006439639281
0.00038893541368932637
0.0006427079541482058
0.0007678838953280669
0.000770025799703163
0.0007690382555891999
0.0007978516860285674
0.0008657192721862325
0.0014020135410663717
0.0031362997501818727
0.005826101776432023
0.007483064907099279
0.006439799855520366
0.0036963558571143033
0.001414174117437455
0.0003605952939041538
6.128013193351233e-05
6.940663777528649e-06
5.239186859042108e-07
2.6357749146330225e-08
8.837599189630107e-10
1.974885086532636e-11
2.941243005931888e-13
2.9194533019503923e-15
1.931317636914383e-17
8.5150544283928e-20
2.5020886815097814e-22
4.9000387826170375e-25
6.395567300493102e-28
5.584394022324509e-31
2.0031754826553437e-33
1.1571615360130278e-33
4.696176896967357e-34
1.2721777201403826e-34
2.2968527763305596e-35
2.7637584312434178e-36
2.2164020870818074e-37
1.1846186580471418e-38
5.31314561072331e-36
4.703353127240745e-35
2.7751043130879413e-34
1.0912711610164724e-33
2.860010269509033e-33
4.995558568403465e-33
5.815433122714217e-33
4.5119224303300734e-33
2.3330429373727953e-33
8.040172876533717e-34
1.8466712601958239e-34
2.826801687628351e-35
2.883916233872539e-36
1.960882134601644e-37
8.885909502613589e-39
1.1301609741170108e-35
7.840973752505196e-35
3.625696898240376e-34
1.1173637249414732e-33
1.8887050580154803e-33
2.959850643014935e-33
3.091412781423103e-33
2.1519181465842682e-33
9.983344223339654e-34
3.0867957370553648e-34
6.360939809250943e-35
8.736072478890408e-36
7.996367016957943e-37
4.912599039711376e-05
0.000315573326564397
0.0013510480811478023
0.003854986577687857
0.007330886299223566
0.009291196506212608
0.00786635347790667
0.004558758288922012
0.0023816698046181246
0.0028999595568976735
0.005755881533512187
0.008679576368957692
0.008821435388797353
0.006037151209695279
0.0030996465720748195
0.0024300031028461986
0.0035475690922513264
0.006670312321207581
0.008988106458503892
0.008118098562877105
0.004888879677122702
0.0019622756774782093
0.0005249202186415259
9.35854233357772e-05
1.1119997038838023e-05
8.806081136626976e-07
4.647744459557408e-08
1.6348704693813131e-09
3.832710397402952e-11
5.988391822873507e-13
6.2358543180188805e-15
4.327760919485557e-17
2.0017604722042128e-19
6.170814704709759e-22
1.2678108100857637e-24
1.735992895198644e-27
1.5842473325249598e-30
9.635617991596956e-34
3.90586934260458e-37
1.0552063524952751e-40
3.48800970079753e-55
3.821081627628499e-58
3.241104773595865e-60
1.8055295977675253e-63
6.703440873856306e-67
1.6587177547400158e-70
0.0
0.0
0.0
0.0
0.0
0.0
0.0
0.0
0.0
0.0
0.0
0.0
0.0
0.0
0.0
1.201001495367803e-05
9.81239825483419e-05
0.0005343038864173852
0.0019390233902294618
0.004689853870966415
0.007572233320427329
0.008206003178624452
0.007042473744343922
0.004564555627739482
0.003352544734826292
0.0035185676586698585
0.003609609739355386
0.003049089957082571
0.002395923351948999
0.0018984860165933352
0.001307071822966611
0.0006638327875732104
0.00023163354230687055
7.22181806955853e-05
0.0001456047154209868
0.0006987468546848605
0.0023931633539224294
0.005568600475175049
0.00903909810647911
0.010939751754202089
0.011209360492199219
0.010826296174854326
0.00934108108458907
0.006345716088524672
0.0033706356377083547
0.001916092398578641
0.0016537864368744034
0.0014726844192907856
0.001155251328683012
0.0005866204052484764
0.0002285852831339658
0.00020357651903080623
0.0005330635934933873
0.0011594754354275962
0.0017000910851770181
0.001662227294441124
0.001083179522864027
0.00047042726792544056
0.0001361651919915999
2.626765280478529e-05
3.377209327946127e-06
2.8938514993825554e-07
1.6526315911657127e-08
6.290097940439454e-10
1.595586353501349e-11
2.6975205821335586e-13
3.0394203646500553e-15
2.282434478343618e-17
1.142319044860222e-19
3.8102902897064243e-22
8.470523636727467e-25
1.2550007968715754e-27
1.2392510417553525e-30
9.808524476076946e-33
4.925173698202866e-36
1.6482419796504743e-39
3.676223770868826e-43
0.0
0.0
0.0
0.0
0.0
0.0
0.0
0.0
0.0
0.0
0.0
0.0
0.0
0.0
0.0
0.0
0.0
0.0
0.0
0.0
0.0
0.0
0.0
0.0
0.0
0.0
0.0
0.0
0.0
0.0
0.0
0.0
0.0
0.0
0.0
0.0
0.0
0.0
0.0
0.0
0.0
0.0
0.0
0.0
0.0
0.0
0.0
0.0
0.0
0.0
0.0
0.0
0.0
0.0
0.0
0.0
0.0
0.0
0.0
0.0
0.0
0.0
0.0
0.0
0.0
0.0
0.0
0.0
0.0
0.0
0.0
0.0
0.0
0.0
0.0
0.0
0.0
0.0
0.0
0.0
0.0
0.0
0.0
0.0
0.0
0.0
0.0
0.0
0.0
0.0
0.0
0.0
0.0
0.0
0.0
0.0
0.0
0.0
0.0
0.0
0.0
0.0
0.0
0.0
0.0
0.0
0.0
0.0
0.0
0.0
0.0
0.0
0.0
0.0
0.0
0.0
0.0
0.0
0.0
0.0
0.0
0.0
0.0
0.0
0.0
0.0
0.0
0.0
0.0
0.0
0.0
0.0
0.0
0.0
0.0
0.0
0.0
0.0
0.0
0.0
0.0
0.0
0.0
0.0
0.0
0.0
0.0
0.0
0.0
0.0
0.0
0.0
0.0
0.0
0.0
0.0
0.0
0.0
0.0
0.0
0.0
0.0
0.0
0.0
0.0
0.0
0.0
0.0
0.0
0.0
0.0
0.0
0.0
0.0
0.0
0.0
0.0
0.0
0.0
0.0
0.0
0.0
0.0
0.0
0.0
0.0
0.0
0.0
0.0
0.0
0.0
0.0
0.0
0.0
0.0
0.0
0.0
0.0
0.0
0.0
0.0
0.0
0.0
0.0
0.0
0.0
0.0
0.0
0.0
0.0
0.0
0.0
0.0
0.0
0.0
0.0
0.0
0.0
0.0
0.0
0.0
0.0
0.0
0.0
0.0
0.0
0.0
0.0
0.0
0.0
0.0
0.0
0.0
0.0
0.0
0.0
0.0
0.0
0.0
0.0
0.0
0.0
0.0
0.0
0.0
0.0
0.0
0.0
0.0
0.0
0.0
0.0
0.0
0.0
0.0
0.0
0.0
0.0
0.0
0.0
0.0
0.0
0.0
0.0
0.0
0.0
0.0
0.0
0.0
0.0
0.0
0.0
0.0
0.0
0.0
0.0
0.0
0.0
0.0
0.0
0.0
0.0
0.0
0.0
0.0
0.0
0.0
0.0
0.0
0.0
0.0
0.0
0.0
0.0
0.0
0.0
0.0
0.0
0.0
0.0
0.0
0.0
0.0
0.0
0.0
0.0
0.0
0.0
0.0
0.0
0.0
0.0
0.0
0.0
0.0
0.0
0.0
