a = 4.749665496097099 b = 4.695210240090903 c = 16.188822610819926 ,Gaussian ,LMH = 0.08 ,DW = [0.1 0.1 0.1 0.1]
0.0
0.0
0.0
0.0
0.0
0.0
0.0
0.0
0.0
0.0
0.0
0.0
0.0
0.0
0.0
0.0
0.0
0.0
0.0
0.0
0.0
0.0
0.0
0.0
0.0
0.0
0.0
0.0
0.0
0.0
0.0
0.0
0.0
0.0
0.0
0.0
0.0
0.0
0.0
0.0
0.0
0.0
0.0
0.0
8.046419812689018e-34
5.6293817603336404e-33
2.624824456069364e-32
8.15682930698079e-32
1.6893671023022339e-31
2.3318909636893674e-31
2.1452306554871553e-31
1.3152893316669778e-31
5.374649515495034e-32
1.463728565372475e-32
2.656761053088908e-33
3.2138528778095558e-34
2.591081276356839e-35
1.3922512878740793e-36
4.985810510019855e-38
1.1899684785741667e-39
1.8928521566146955e-41
2.0066862702549735e-43
1.4178288608161878e-45
6.676512921325821e-48
2.0953526392569682e-50
3.585058691271465e-52
5.72145227726347e-55
6.085522015795476e-58
4.3139086482874354e-61
2.0381005147671546e-64
6.417439769753836e-68
1.3467269534094473e-71
0.0
0.0
0.0
0.0
0.0
0.0
0.0
0.0
0.0
0.0
0.0
0.0
0.0
0.0
0.0
0.0
0.0
0.0
0.0
0.0
0.0
0.0
0.0
0.0
0.0
0.0
0.0
0.0
0.0
0.0
0.0
0.0
0.0
0.0
0.0
0.0
0.0
0.0
0.0
0.0
0.0
0.0
0.0
0.0
0.0
0.0
0.0
0.0
0.0
0.0
0.0
0.0
0.0
0.0
0.0
0.0
0.0
0.0
0.0
0.0
0.0
0.0
0.0
0.0
0.0
0.0
0.0
0.0
0.0
0.0
0.0
0.0
0.0
0.0
0.0
0.0
0.0
0.0
0.0
0.0
0.0
0.0
0.0
0.0
0.0
0.0
0.0
0.0
0.0
0.0
0.0
0.0
0.0
0.0
0.0
0.0
0.0
0.0
0.0
0.0
0.0
0.0
0.0
0.0
0.0
0.0
0.0
0.0
0.0
0.0
0.0
0.0
0.0
0.0
0.0
0.0
0.0
0.0
0.0
0.0
0.0
0.0
0.0
0.0
0.0
0.0
0.0
0.0
0.0
0.0
0.0
0.0
0.0
0.0
0.0
0.0
0.0
0.0
0.0
0.0
0.0
0.0
0.0
0.0
0.0
0.0
0.0
0.0
0.0
0.0
0.0
0.0
0.0
0.0
0.0
0.0
3.8607314185172815e-34
3.601291207993561e-33
2.238867746243919e-32
9.27641537560789e-32
2.5616127871252264e-31
4.7144206038830185e-31
5.78262085216576e-31
4.727185642774104e-31
2.5755035103236296e-31
9.351971669679149e-32
2.2632147616001424e-32
3.650311274970385e-33
3.923878766599703e-34
2.811142169305071e-35
1.3422443585041445e-36
4.271318067976871e-38
9.0588649769001e-40
5.540078209914958e-41
5.974895993030667e-43
4.294635918079875e-45
2.0573297317629506e-47
6.568451552339927e-50
1.3976667956593768e-52
1.9821012834168062e-55
1.873395988296213e-58
1.1800893126515231e-61
4.954293334484513e-65
1.3862134377065589e-68
0.0
0.0
0.0
0.0
0.0
0.0
0.0
0.0
0.0
0.0
0.0
0.0
0.0
0.0
0.0
0.0
0.0
0.0
0.0
0.0
0.0
0.0
0.0
0.0
0.0
0.0
0.0
0.0
0.0
0.0
0.0
0.0
0.0
0.0
0.0
0.0
0.0
0.0
0.0
0.0
0.0
0.0
0.0
0.0
0.0
0.0
0.0
0.0
0.0
0.0
0.0
0.0
0.0
0.0
0.0
0.0
0.0
0.0
0.0
0.0
0.0
0.0
0.0
0.0
0.0
0.0
0.0
0.0
0.0
0.0
0.0
0.0
0.0
0.0
0.0
0.0
0.0
0.0
0.0
0.0
0.0
0.0
0.0
0.0
0.0
0.0
0.0
0.0
0.0
0.0
0.0
0.0
0.0
0.0
0.0
0.0
0.0
0.0
0.0
0.0
0.0
0.0
0.0
0.0
0.0
0.0
0.0
0.0
0.0
0.0
0.0
0.0
0.0
0.0
0.0
0.0
0.0
0.0
0.0
0.0
0.0
0.0
0.0
0.0
0.0
0.0
0.0
0.0
0.0
0.0
0.0
0.0
0.0
0.0
0.0
0.0
0.0
0.0
0.0
0.0
0.0
0.0
0.0
0.0
0.0
0.0
0.0
0.0
0.0
0.0
0.0
0.0
0.0
0.0
0.0
0.0
0.0
0.0
1.7594109814859423e-06
1.3654406277340561e-05
7.06252326632541e-05
0.00024346050046738358
0.0005593436054902397
0.0008564665241316046
0.0008740245998784887
0.000594454293184088
0.000269460324060434
8.140531024227374e-05
1.639049961714825e-05
4.494203044169366e-06
4.601450199418999e-07
3.139918031455848e-08
1.427984336601721e-09
4.328227946331384e-11
8.743359872935534e-13
1.1771400380578638e-14
1.0562323316816102e-16
6.316439360253119e-19
2.5174841978412994e-21
6.687175535893276e-24
1.183859713455848e-26
1.396816345397495e-29
1.0983984800642673e-32
5.7565474161503064e-36
2.0106931456457806e-39
4.680702694615126e-43
0.0
0.0
0.0
0.0
0.0
0.0
0.0
0.0
0.0
0.0
0.0
0.0
0.0
0.0
0.0
0.0
0.0
0.0
0.0
0.0
0.0
0.0
0.0
0.0
0.0
0.0
0.0
0.0
0.0
0.0
0.0
0.0
0.0
0.0
0.0
0.0
0.0
0.0
0.0
0.0
0.0
0.0
0.0
0.0
0.0
0.0
0.0
0.0
0.0
0.0
0.0
0.0
0.0
0.0
0.0
0.0
0.0
0.0
0.0
0.0
0.0
0.0
0.0
0.0
0.0
0.0
0.0
0.0
0.0
0.0
0.0
0.0
0.0
0.0
0.0
0.0
0.0
0.0
0.0
0.0
0.0
0.0
0.0
0.0
0.0
0.0
0.0
0.0
0.0
0.0
0.0
0.0
0.0
0.0
0.0
0.0
0.0
0.0
0.0
0.0
0.0
0.0
0.0
0.0
0.0
0.0
0.0
0.0
0.0
0.0
0.0
0.0
0.0
0.0
0.0
0.0
0.0
0.0
0.0
0.0
0.0
0.0
0.0
0.0
0.0
0.0
0.0
0.0
0.0
0.0
0.0
0.0
0.0
0.0
0.0
0.0
0.0
0.0
0.0
0.0
0.0
0.0
0.0
0.0
0.0
0.0
0.0
1.981022568059314e-34
1.4849338612451881e-33
7.418333376348707e-33
2.469944134003053e-32
5.489114539678846e-32
8.174522652673777e-32
8.371770780341648e-32
6.664697667541831e-32
5.799290315662615e-32
6.464730716825724e-32
6.678137628595509e-32
5.574916930799522e-32
5.480337797719998e-32
1.0355860688488914e-31
3.026132373902048e-31
8.38345118974021e-31
1.4118707114213497e-30
2.2702105970129026e-30
2.461265852693569e-30
1.7835454815393094e-30
8.6198574047732e-31
2.7769847870304707e-31
5.962757669192755e-32
1.2414004931365974e-05
0.00011416006115357806
0.0006996776802532402
0.0028580077076011856
0.007780550384703478
0.014201765396136452
0.017620705232917196
0.016133546174571432
0.014229162821340161
0.015839793973122095
0.01789216643962749
0.0165418719912506
0.014475750629240355
0.015591412709668373
0.017233554624237143
0.014553085360099432
0.008438185727980645
0.0032799890701419167
0.0008506846746373471
0.0002761804640738432
3.643351442942953e-05
3.2032936222275303e-06
1.877046952239831e-07
7.330528611969515e-09
1.9079941595256174e-10
3.3097892807677605e-12
3.826530673493375e-14
2.948435294794245e-16
1.514117405780467e-18
5.182138916028826e-21
1.1820615689226223e-23
1.7970190995817452e-26
1.8207354011305302e-29
1.229482999575058e-32
5.53324331208631e-36
1.6596578167053483e-39
3.31771359106764e-43
0.0
0.0
0.0
0.0
0.0
0.0
0.0
0.0
0.0
0.0
0.0
0.0
0.0
0.0
0.0
0.0
0.0
0.0
0.0
0.0
0.0
0.0
0.0
0.0
0.0
0.0
0.0
0.0
0.0
0.0
5.0550136971840536e-05
0.0003648604880534037
0.0017551445139939873
0.003992127824035841
0.009801135393021842
0.016194809502331434
0.018702328789406912
0.01731761131815878
0.017003196594138115
0.018883230828113662
0.01904953415916017
0.01730782351359807
0.01745039170770234
0.018567953681525296
0.015941634234221756
0.009597766968774239
0.003896130933941807
0.0010567867299344212
0.00019114563877955143
2.3044938841940247e-05
1.8517387167769599e-06
9.916716280156267e-08
3.5394693660585256e-09
8.41957351548411e-11
1.3348227579755262e-12
1.4103881989267629e-14
9.931967226167237e-17
4.661368516590452e-19
1.4580524520572293e-21
2.4891275235987245e-23
3.9592181928717474e-26
4.197138242725716e-29
2.9653684303954545e-32
1.3963220416542904e-35
4.382017178390997e-39
9.165245576017306e-43
0.0
0.0
0.0
0.0
0.0
0.0
0.0
0.0
0.0
0.0
0.0
0.0
0.0
0.0
0.0
0.0
0.0
0.0
0.0
0.0
0.0
0.0
0.0
0.0
0.0
0.0
0.0
0.0
0.0
0.0
0.0
0.0
0.0
0.0
0.0
0.0
0.0
0.0
0.0
0.0
0.0
0.0
0.0
0.0
0.0
0.0
0.0
0.0
0.0
0.0
0.0
0.0
0.0
0.0
0.0
0.0
0.0
0.0
0.0
0.0
0.0
0.0
0.0
0.0
0.0
1.245781720273198e-33
8.895174884780579e-33
4.2330029989159976e-32
1.3482223894749014e-31
2.886197864194235e-31
3.8916200152962267e-31
4.705996608582398e-31
4.885276825099028e-31
5.27574060027247e-31
5.628568307188972e-31
5.181171445627912e-31
4.406290315775861e-31
4.019428690491486e-31
3.708479250358479e-31
3.134614767074844e-31
2.4549894446830657e-31
1.7123073052618563e-31
9.39840474351413e-32
3.6832433890664217e-32
9.857498162585826e-33
1.7725589074039012e-33
2.129905372279136e-34
1.7071479616573516e-35
9.121846089169101e-37
3.248734756191273e-38
7.711514529473146e-40
1.219974175026081e-41
1.2863063808968613e-43
9.038995531353128e-46
4.2332859043604204e-48
1.3213462007703137e-50
2.2525624252496213e-52
3.5753490978707135e-55
3.782175007409793e-58
2.666529158291606e-61
1.2529467152618158e-64
3.923741746158315e-68
8.189356486439533e-72
0.0
0.0
0.0
0.0
0.0
0.0
0.0
0.0
0.0
0.0
0.0
0.0
0.0
0.0
0.0
0.0
0.0
0.0
0.0
0.0
0.0
0.0
0.0
0.0
0.0
0.0
0.0
0.0
0.0
0.0
0.0
0.0
0.0
0.0
0.0
0.0
0.0
0.0
0.0
0.0
0.0
0.0
0.0
0.0
0.0
0.0
0.0
0.0
0.0
0.0
0.0
0.0
0.0
0.0
0.0
0.0
0.0
0.0
0.0
0.0
0.0
0.0
0.0
0.0
0.0
0.0
0.0
0.0
0.0
0.0
0.0
0.0
0.0
0.0
0.0
0.0
0.0
0.0
0.0
0.0
0.0
0.0
0.0
0.0
0.0
0.0
0.0
0.0
0.0013635259619862352
0.01075195674475463
0.056505816371854874
0.19911301591280198
0.4716515278932741
0.7705582536384266
0.9316968197948398
0.9601829113690187
0.9807722988869867
1.0
0.9830097332498199
0.9570813361588838
0.8753538301813465
0.6416305354427265
0.3360338434847588
0.11993518297564147
0.028722481599081605
0.004593562843176409
0.0004899099891531254
3.482895368319789e-05
1.6503213251150388e-06
5.211764104589623e-08
1.0969440727075558e-09
1.5387438988059547e-11
1.4385664241027738e-13
8.963447800253183e-16
3.7222182190102935e-18
1.0301728973498153e-20
1.9002028222115883e-23
2.3359919735416433e-26
1.9139222088145152e-29
1.0451022094706624e-32
3.8034244855320386e-36
1.5474608827728496e-38
0.0
0.0
0.0
0.0
0.0
0.0
0.0
0.0
0.0
0.0
0.0
0.0
0.0
0.0
0.0
0.0
0.0
0.0
0.0
0.0
0.0
0.0
0.0
0.0
0.0
0.0
0.0
0.0
0.0
0.0
0.0
0.0
0.0
0.0
0.0
0.0
0.0
0.0
0.0
0.0
0.0
0.0005498943906348641
0.0035680038384217337
0.015429536653495671
0.04446947519896845
0.08541864386412068
0.10935153613771204
0.09329935740294461
0.05305349083508277
0.020106238310295024
0.008404455712019513
0.0016196793080975
0.00020803194194989158
1.7807893944886524e-05
1.0159600858981938e-06
3.8629784009337837e-08
9.789250948356971e-10
1.6533248446252542e-11
1.8610089865987835e-13
1.3961121183320257e-15
6.98029330315125e-18
2.3259940230093664e-20
5.1656510514283013e-23
7.645802663204971e-26
7.542280018884607e-29
4.958653569509073e-32
2.1727333558931618e-35
6.34498564311921e-39
1.234913117927894e-42
0.0
0.0
0.0
0.0
0.0
0.0
0.0
0.0
0.0
0.0
0.0
0.0
0.0
0.0
0.0
0.0
0.0
0.0
0.0
0.0
0.0
0.0
0.0
0.0
0.0
0.0
0.0
0.0
0.0
0.0
0.0
0.0
0.0
0.0
0.0
0.0
0.0
0.0
0.0
0.0
0.0
0.0
0.00015105266167014922
0.0010282179288275983
0.0046937671177668585
0.014369356297676604
0.030035301994741886
0.044773890045959774
0.05232934766407616
0.05481112428276773
0.055567809080224094
0.0547274800480503
0.051581235007004185
0.04272219235922904
0.02735384629861344
0.012410687488409807
0.003837406336039237
0.0007969074461210014
0.00011058478941909716
2.3671277957955048e-05
1.6722270959167279e-06
7.874313962074115e-08
2.4713412612061572e-09
5.169413995086365e-11
7.206656593149244e-13
6.695895804165111e-15
4.1463443046799007e-17
1.711211443737311e-19
4.706776409360512e-22
8.628295664997632e-25
1.054163611419539e-27
8.583661293114998e-31
4.6582058046214695e-34
1.6847921125866507e-37
4.061210658695716e-41
0.0
0.0
0.0
0.0
0.0
0.0
0.0
0.0
0.0
0.0
0.0
0.0
0.0
0.0
0.0
0.0
0.0
0.0
0.0
0.0
0.0
0.0
0.0
0.0
0.0
0.0
0.0
0.0
0.0
0.0
0.0
0.0
0.0
0.0
0.0
0.0
0.0
0.0
0.0
0.0
0.0
0.0
0.0
0.0
0.0
0.0
0.0
0.0
0.0
0.0
0.0
0.0
0.0
0.0
0.0
0.0003431283662869582
0.0022812432684261954
0.010108067333180076
0.029850128180704448
0.05874972292551616
0.07706319191172788
0.07370698280657745
0.049164585787974696
0.02225658480072868
0.00904728805266855
0.0122911407782806
0.03159802601676987
0.059798088478666446
0.07578894377862802
0.0640329496259064
0.03615498744687234
0.014346884294679523
0.007895168197530401
0.01719850376284462
0.04094675120349963
0.06697536600539812
0.0731137038844554
0.05319752906142862
0.025796864585142486
0.008337272407795148
0.001795819198196346
0.0002577999191413289
2.466519150349348e-05
1.5727791922360805e-06
6.683940360935446e-08
1.8931234087489694e-09
1.4040331399315796e-10
2.022210208881412e-12
1.9411396763377158e-14
1.2418490880452955e-16
5.294956628358289e-19
1.5046571031334184e-21
2.8496677447352322e-24
3.597029047612764e-27
3.278918824181878e-30
4.806227250313046e-31
6.076158093818321e-31
5.140166320710052e-31
2.8981738153168366e-31
1.0890671375111703e-31
2.727511211029038e-32
4.5526052325645056e-33
5.0644815234917614e-34
3.754840876973162e-35
1.8553661608786538e-36
6.11011344742638e-38
1.3410669652976418e-39
1.9617027616003445e-41
1.912482590907886e-43
1.2426342674764987e-45
5.381095617798116e-48
6.905283460779669e-34
2.5972191220007827e-33
1.3509849248423483e-32
4.683537073342344e-32
1.0821288356470492e-31
1.6663473136073044e-31
1.710147735466829e-31
1.1708429515726717e-31
5.43155582315729e-32
2.206680568356519e-32
2.638804799103781e-32
6.110606176788153e-32
1.0617959524938828e-31
1.2377123445840518e-31
9.671128421796179e-32
5.408801917156264e-32
3.8791523172685566e-32
7.829149784006848e-32
1.7678429663941224e-31
2.926156059785394e-31
3.5038147220148184e-31
3.1784405006194536e-31
2.358975001413747e-31
1.594872514794432e-31
1.0680342410936467e-31
6.746323410468838e-32
3.477511556934128e-32
1.883549574833456e-32
5.54659771730491e-33
1.1086087951525087e-33
1.4868392383273697e-34
1.332387702475701e-35
7.965057170485149e-37
3.1745489412450105e-38
8.433621037750633e-40
1.493307269309899e-41
1.7622758091070354e-43
1.3860635668107457e-45
7.265660433671063e-48
2.5383354696838774e-50
5.910233611638162e-53
9.171531969984604e-56
9.485510118950407e-59
6.538242972278605e-62
3.00360604611768e-65
9.196158232321075e-69
1.876512444544851e-72
0.0
0.0
0.0
0.0
0.0
0.0
0.0
0.0
0.0
0.0
0.0
0.0
0.0
0.0
0.0
0.0
0.0
0.0
0.0
0.0
0.0001488026656949016
0.0013070239665257403
0.007651347720431792
0.02985203041354516
0.07762316735190714
0.13452109456166217
0.15537136212422104
0.11973803735987851
0.06257847936305959
0.02819012681409217
0.03318871585610759
0.0579862161600444
0.11348753668664736
0.15132895636466798
0.13465988115593244
0.0803794889523525
0.03514657388110423
0.024953771738838983
0.05304347702109414
0.10676501920664862
0.14681817250005139
0.13475077299867408
0.0824326670106057
0.033608642593646716
0.009132385884446016
0.0016538613212353775
0.00019961605823424014
1.6057332801970778e-05
8.608607159901088e-07
3.0759120925082106e-08
7.324812247905792e-10
1.16252050822554e-11
1.2296635427324008e-13
8.668690938242854e-16
4.072886333824321e-18
1.2753594621252833e-20
2.661610342700728e-23
3.4693909942484584e-25
3.6818635881253674e-28
2.604136167914814e-31
1.2275557725578426e-34
3.85656206176011e-38
8.07497087478359e-42
0.0
0.0
0.0
0.0
0.0
0.0
0.0
0.0
0.0
0.0
0.0
0.0
0.0
0.0
0.0
0.0
0.0
0.0
0.0
0.0
0.0
0.0
0.0
0.0
0.0
0.0
0.0
0.0
0.0
0.0
0.0
0.0
0.0
0.0
0.0
0.0
0.0
0.0
0.0
0.0
0.0
1.8483011140702465e-36
1.4562512213518564e-35
7.646829873560242e-35
2.676135516449841e-34
4.923720718578123e-34
8.762391736422247e-34
1.0392821478303329e-33
1.1721474158782499e-33
2.8864748960403922e-33
1.1601833124222379e-32
3.5662000766522584e-32
7.402484907512382e-32
1.030614366105655e-31
7.947575593613828e-05
0.0005667503831934287
0.002693584012326707
0.008531998630158976
0.018011611737596925
0.02534171044916928
0.023762975507965557
0.014850711612116287
0.0061855063474146104
0.0017982125093826474
0.000891170319917419
0.0027402220078054655
0.008481615845204531
0.017737007111955125
0.02472976336920636
0.022979745951754293
0.014231547964450733
0.008253236330570833
0.0026540717421436153
0.0009632716567102577
0.0021880943827619396
0.007136160676365826
0.016088569171302636
0.024333774989932024
0.02483036275949762
0.01744376435451356
0.00904248926935835
0.0042688749055768685
0.0025345451115294138
0.001837190437514182
0.0011990951989113252
0.0005886997049669
0.00020242216620933534
4.73564983818925e-05
7.447498923336872e-06
7.833611929907062e-07
5.499564764346356e-08
0.00020172410508770448
0.0015058213178823611
0.0074916267209673435
0.02484050324873592
0.05489416689613557
0.0808487956486058
0.08353580319004754
0.06256372371689291
0.03122871214408529
0.010532588640408458
0.0034394228785777025
0.00632429201798261
0.021039951383927218
0.04914947521034386
0.07663526950798442
0.07964131208075892
0.05516075312493403
0.025462645896911218
0.008125755465243764
0.003624203609592981
0.009507856234549361
0.028512753456577628
0.05825327742685232
0.07937246731078337
0.07207911769711474
0.04362453835855072
0.01759680341274998
0.004730622234004093
0.0008475870316859665
0.00010121197185923797
8.054916023893582e-06
1.1895461557771068e-06
4.8140767418541005e-08
1.2984531031885029e-09
2.3341086943585834e-11
2.796388015526152e-13
2.232828342611552e-15
1.1882143377014354e-17
4.21420627050718e-20
9.961353164279417e-23
1.5692872073041669e-25
1.6476618245353472e-28
1.1529627402813043e-31
5.377049246372953e-35
1.6712995783641857e-38
3.462152083327869e-42
0.0
0.0
0.0
0.0
0.0
0.0
0.0
0.0
0.0
0.0
0.0
0.0
0.0
0.0
0.0
1.1737462045180679e-34
8.09551078225941e-34
3.721310071745716e-33
1.1400634153357416e-32
2.3277895198027225e-32
3.167670178007668e-32
2.9383048085029373e-32
2.1933084781760623e-32
2.831566519975446e-32
6.834950331733517e-32
1.397370095023866e-31
1.99757239639448e-31
2.031256557956166e-31
1.5877676788048195e-31
1.0860040343060453e-31
7.94527987313028e-32
7.915181719130378e-32
9.362105506102048e-32
9.219030291052516e-32
6.653801374539553e-32
4.285630396713943e-32
4.7850055309248077e-32
6.984886418568924e-32
1.1707187906199817e-31
1.4724395939010055e-31
1.2996076843833311e-31
7.851170053753104e-32
3.2046844881092176e-32
8.778290963521008e-33
1.6080539090255065e-33
1.9665439397278194e-34
1.604156577910478e-35
8.724628239582276e-37
3.1631115729243026e-38
7.643734946087696e-40
1.2311154903299758e-41
1.321549852869105e-43
9.454852453652635e-46
4.508269866910681e-48
1.4326753003340803e-50
3.034364595786748e-53
4.283212085293804e-56
4.029517821191578e-59
2.5264935710510803e-62
1.0557592493823717e-65
2.9403101420506323e-69
0.0
0.0
0.0
0.0
0.0
0.0
0.0
0.0
0.0
0.0
0.0
0.0
0.0
0.0
0.0
0.0
0.0
0.0
0.0
0.0
0.0
0.0
0.0
0.0
0.0
0.0
0.0
0.0
0.0
0.0
0.0
0.0
0.0
0.0
0.0
0.0
0.0001014091703682754
0.0006840579789335001
0.0030753188078956853
0.009214439519783062
0.018400484206780997
0.024489004301377328
0.02172173702642927
0.01284102004532086
0.0051187792806937455
0.001770672581819732
0.0024216175150135254
0.007249983360150919
0.01588500198068167
0.023277335216824162
0.022736019184774556
0.014800590313768063
0.00646664206931792
0.0032267686486181194
0.002658579138615044
0.009851353138601549
0.03297319457210246
0.07875545618426902
0.13652715773688506
0.18138154604294807
0.2011238003682871
0.2020831864408229
0.18786147666431824
0.15282203824764612
0.09931617970478901
0.04761057040794363
0.01600180962415245
0.0036703860504387472
0.0005671515084193648
5.868779505407844e-05
2.857938026684958e-05
0.0002111867249581051
0.0012099495449984384
0.004624130287508093
0.011778132969301436
0.019994217081064667
0.022621109463521572
0.017057090267040623
0.008571908813311753
0.004324741286329124
0.0011051858281241772
0.0001882313818294498
2.1366348207411654e-05
1.6164047625024458e-06
8.149885159081049e-08
2.7386365817638332e-09
6.1333658270602e-11
0.00022160288331171858
0.0017091726254389815
0.00878573298415236
0.030098969014813636
0.06872374028254187
0.10457876386449332
0.10629152751491139
0.07344179053159668
0.041219791493025515
0.040004692214444894
0.07054226556440713
0.10374740595655386
0.10427960887780395
0.07134330540767954
0.03951780613682019
0.038116894748513194
0.0680125044387879
0.09236441849069005
0.10720150984353832
0.08329926669172519
0.04315520863455874
0.01490121000931856
0.0034291988701502657
0.0005259512199285844
5.376254502943835e-05
3.6626525389314763e-06
1.6630035283697452e-07
5.0323654110680735e-09
1.0149221127139437e-10
1.3641898352406585e-12
1.2220766657490502e-14
7.296316129825813e-17
2.9032897543692913e-19
7.699431661402504e-22
1.3608445048820806e-24
1.6030234940594685e-27
1.258498838787459e-30
6.584871419360428e-34
2.2962719837936823e-37
5.336799702116788e-41
0.0
0.0
0.0
0.0
0.0
0.0
0.0
0.0
0.0
0.0
1.8999357774343152e-06
1.4677563233984827e-05
7.557019578789829e-05
0.0002593156232234987
0.0005930459802988161
0.0009039191733287088
0.0009182319045307041
0.0006216654146586689
0.0002828203725992464
0.00010152197579459845
0.00010178483746449855
0.0002819473132670424
0.0006144386807506102
0.0008990519930319085
0.0008770077939504525
0.0005701760231869714
0.00025065103702022966
9.578781742176615e-05
0.0001245027580304122
0.00024578355651277707
0.0005583543110357185
0.0008570538094431078
0.0008772895051003056
0.0005985082801560163
0.0002721318666325786
8.246510302611371e-05
1.665492035371472e-05
2.2417979241271968e-06
2.0110918840586322e-07
1.2023998468478245e-08
4.791234853557669e-10
1.2724114092185957e-11
2.2521079209446562e-13
2.6566380568144306e-15
2.0886089252031694e-17
1.0943680807179574e-19
3.8216530220178557e-22
8.89448154134459e-25
1.379658404067987e-27
1.4262775670328994e-30
9.826934933662625e-34
4.512463038780138e-37
1.3809907924775173e-40
2.816757481707917e-44
0.0
0.0
0.0
0.0
0.0
0.0
0.0
0.0
0.0
0.0
0.0
0.0
0.0
0.0
0.0
0.0
0.0
0.0
0.0
0.0
0.0
0.0
0.0
0.0
0.0
0.0
0.0
0.0
0.0
0.0
0.0
0.0
0.0
0.0
0.0
0.0
0.0
0.0
0.0
0.0
0.0
0.0
0.0
0.0
0.0
0.0
0.0
0.0
6.564532173770273e-35
5.151890066077003e-34
2.694703220760574e-33
9.393703407277497e-33
1.7238056726493364e-32
3.055742737473342e-32
3.6385430149156287e-32
3.0648800307093485e-32
2.65185519482261e-32
4.5574531575386555e-32
9.478276854467379e-32
1.4484664645260901e-31
1.4980975438922056e-31
1.0743369902678447e-31
6.744508703908434e-32
7.01379526925459e-32
1.0663595445010972e-31
1.3486506501937153e-31
1.2659908694755063e-31
9.472810000423883e-32
6.437045478813082e-32
4.124340615256077e-32
2.2157273193349783e-32
8.800283909884933e-33
2.423893843165703e-33
4.516220551310018e-34
1.1476145131047526e-34
5.369394482409536e-34
3.2354844298480664e-33
1.3106545300744627e-32
2.658548734109743e-32
5.476851346918749e-32
7.519671057225633e-32
6.880948082716496e-32
4.197367196190017e-32
1.713915726822397e-32
5.1019069492938174e-33
2.7047503485337404e-33
4.94417193756336e-33
8.367551559604455e-33
9.615585835295354e-33
7.370800674729962e-33
4.052697555323841e-33
3.296210115048171e-33
9.711993669347636e-33
2.941547331071893e-32
6.103332164430325e-32
8.451394657283486e-32
7.80507932120113e-32
4.835370064952837e-32
2.1543209882768007e-32
1.162535079147657e-32
1.4877437099967628e-32
2.071430618209579e-32
2.0349545017226941e-32
1.6101764507483424e-32
8.085687823767056e-33
2.7062917950367076e-33
6.036934869038609e-34
8.975117166448769e-35
8.89293932810634e-36
5.872622457309375e-37
2.584641909539699e-38
7.581414311730942e-40
1.4821140615256388e-41
1.9310546855282242e-43
1.6768301185930612e-45
9.704319966734179e-48
3.7430247354329588e-50
9.621922066025926e-53
1.6484755912399395e-55
1.882282286238763e-58
1.4324139359490514e-61
7.264970718394766e-65
2.4557307421375524e-68
5.532343966211474e-72
0.0
0.0
0.0
0.0
0.0
0.0
0.0
0.0
0.0
0.0
0.0
0.0
0.0
0.0
0.0
0.0
0.0
0.0
0.0
0.0
0.0
0.0
0.0
0.0
0.0
0.0
0.0
0.0
0.0
0.0
0.0
0.0
0.0
0.0
0.0
0.0
0.0
0.0
0.0
0.0
0.0
0.0
0.0
0.0
0.0
0.0
0.0
0.0
0.0
0.0
0.0
0.0
0.0
0.0
0.0
0.0
0.0
3.316945596328614e-36
3.02807664595173e-35
1.842370313973148e-34
7.470824579211597e-34
2.0190250109273088e-33
3.636607306368972e-33
4.3797915664816065e-33
3.5984385916149885e-33
2.3840684182212796e-33
2.3782592526667417e-33
8.348776453115484e-06
7.769975374950731e-05
0.00048194557870683273
0.0019923145503605963
0.005489077481862404
0.010079114150316093
0.012356065668106764
0.010220741378092984
0.006269356767324738
0.004651347354007662
0.006442629089936769
0.009160624734380835
0.01006826174853981
0.009669834636659687
0.009856687446395763
0.009974942163717974
0.008502395803675174
0.005169052811109925
0.0021313919204147876
0.0005902584122874018
0.0001191802624320373
0.00010210923418247748
0.0004302703566476424
0.0016626169750409271
0.004676650510183719
0.009099274205097463
0.012275796894420187
0.01242351220082881
0.01174950752566347
0.012396732271576791
0.012283227320149774
0.009350311885183205
0.006004767724714438
0.006301495650391765
0.011509724671379609
0.018441896615549815
0.021261898591079492
0.01743106431776871
0.011511937972994494
0.010943817736076908
0.018904619775939362
0.026623243003008175
0.03468457286688634
0.03526168990507327
0.03441983969215879
0.03546788887182621
0.031895390352911446
0.02094482418495274
0.009392378981156798
0.002824049245986999
0.000566742730133971
0.00012252449524288527
0.000331140230946417
0.0015021879020997691
0.004644412260154733
0.009624466256765576
0.01363424673797621
0.014236597453185854
0.013444326305364003
0.013988401378521214
0.01405581120639493
0.011356019707794209
0.009114065618722675
0.01287060178404919
0.02268368106987123
0.0303083305708428
0.027795290038311816
0.021514154995678277
0.01194953262563457
0.006954621315702486
0.0056364720770680785
0.005355614509871116
0.004764041244547189
0.003547851021744182
0.0020395146040934546
0.0008507459430519054
0.000247524433691812
4.912805453401727e-05
6.574694950489975e-06
5.897911676476518e-07
3.536121255094985e-08
1.4149364160487024e-09
3.775905611483304e-11
6.71784381278854e-13
7.966912323335178e-15
6.297465465552837e-17
3.317719977852865e-19
1.1649393731992222e-21
2.7261668255870295e-24
4.2519236698048665e-27
4.42818355067141e-30
1.6444934248938891e-32
1.5338422713105832e-32
1.5563220800486236e-32
1.530264476445812e-32
1.5600182718657453e-32
1.3595766851686865e-32
8.587429985209782e-33
3.697635759524379e-33
1.0671913066397628e-33
2.0966416085783754e-34
6.500272498834705e-35
2.4471235482468645e-34
1.0150097458959516e-33
2.852621653599584e-33
5.435315664405796e-33
7.437999289612915e-33
8.646878374077407e-33
1.0706380674652996e-32
1.338322560102379e-32
1.3569410315420902e-32
1.1363001760141241e-32
1.3052497760783726e-32
2.4399111499289247e-32
4.062958279662707e-32
4.7082059129150023e-32
3.655548552806551e-32
1.892806408600297e-32
9.778106535789525e-33
2.8432972204837726e-33
1.889659299785041e-33
5.0218951292872724e-33
1.1437338215983717e-32
1.753216177512898e-32
1.7917319645923932e-32
1.2203856526361191e-32
5.5399119240237156e-33
1.6760623904343684e-33
3.379551353621545e-34
4.5416061305602805e-35
4.067629918240383e-36
2.4280350220618193e-37
9.65939683903973e-39
2.5611004871775567e-40
4.5256897358141606e-42
5.329966550775095e-44
4.183557459385151e-46
2.1885100286935406e-48
7.630146773637841e-51
1.7729594033262682e-53
2.7456567254044303e-56
2.8338394016739527e-59
1.94933184768165e-62
8.93671422076165e-66
4.241050641832321e-68
9.88708187710997e-72
0.0
0.0
0.0
0.0
4.6945376520299916e-05
0.0003299406531580439
0.0015454692955294222
0.004824657414609679
0.010038160341991688
0.013940045438401045
0.01302352458581158
0.008749014314307519
0.006108101793681281
0.007508395904130487
0.010637588452236491
0.012078267034461581
0.0118844107817486
0.011996649369620766
0.01153763059427171
0.008637479114824112
0.004533043148550654
0.0017259156884063159
0.0011054959529870373
0.0019568468808453415
0.005308387544985971
0.010515751972134925
0.015242457830907812
0.01782083050823594
0.018450730798893675
0.017530441435561633
0.01694385871928393
0.019883815271218925
0.02454913157296968
0.024378147205145424
0.0179532386307326
0.011543419498372056
0.010421551982446266
0.013864314667392807
0.019277786086858303
0.025253796672156666
0.028321185524993096
0.02424370209619296
0.015419620903859522
0.009420099530195415
0.010008943679045356
0.013746845650155489
0.014546352268720331
0.010980786616831016
0.007625165254502136
0.007802156651620025
0.011395235766205226
0.014488647699654644
0.012777161930892816
0.00754718608089388
0.002972901584682015
0.0007805298287573863
0.00013657899131735098
1.5927965839017754e-05
1.237993417184059e-06
6.412950833983491e-08
2.214007227598328e-09
5.094267036817599e-11
7.812066418044113e-13
7.98420530157315e-15
5.4384984922922913e-17
2.4689248873228674e-19
7.469960248215156e-22
1.5062957547245397e-24
2.0243414218614302e-27
1.8131712303082543e-30
1.0823691999800895e-33
4.306193881936973e-37
1.1418085268680146e-40
0.0
0.0
0.0
0.0
0.0
0.0
0.0
0.0
0.0
0.0
0.0
0.0
0.0
0.0
0.0
0.0
0.0
0.0
6.162996901836553e-06
3.897006884607793e-05
0.00016422979275983461
0.00046126899619790366
0.0008634518673090015
0.0011290382659360856
0.0012423575526099666
0.0020421082983989275
0.004802179870237085
0.009336481815488983
0.012066043402307283
0.013864601195687477
0.013767391373335413
0.013851187147049748
0.012967583008031821
0.009344060249340818
0.0046910011944560955
0.001588653482562769
0.00036034439835372286
6.030365760766099e-05
4.311860983233874e-05
0.00015845108218749587
0.00044456729429665637
0.0008415776461967575
0.0011094000330320196
0.0011335244190167142
0.0011100878942373405
0.0011587981046478407
0.0011781840174881143
0.0015291063578590565
0.0033225112214033113
0.007092041352874101
0.01080609745033491
0.011092588599733942
0.007648009283192725
0.004825978005235598
0.00186006972046653
0.000672266025875445
0.00037055895017515714
0.00028677647070898815
0.00020711994756972334
0.00011688575539406554
4.793203041746198e-05
1.372900717689634e-05
2.686409700153545e-06
3.5484399808753616e-07
3.144286840379642e-08
1.8630785437235612e-09
7.369755093307579e-11
1.9445837628000637e-12
3.4211255410088807e-14
4.0122460640992345e-16
3.1364292422713865e-18
1.6341396003953016e-20
5.674617347310881e-23
1.3133235479009895e-25
2.0257765976972993e-28
2.0825454740531117e-31
7.238794444156609e-05
0.0005314912441900284
0.0026008034492323276
0.00598341792257999
0.014888924800167165
0.024692148663574956
0.027292038664522074
0.02010456222783138
0.009870401344980736
0.0032296581166876724
0.0007043034877409021
0.00010236339346252325
9.915418718509302e-06
6.40116454235027e-07
2.7541555906912657e-08
2.000019805580812e-05
0.0001831157999063721
0.0011174187822157074
0.0045445166540924245
0.012318022127806173
0.022252346234556422
0.026791201187238458
0.021497606585986647
0.011496604314412396
0.004097609856581424
0.0009733592839180425
0.00015409810336829862
1.625934175545334e-05
1.1433789012192927e-06
1.554828562930529e-07
5.559968164068076e-09
9.059045897924866e-05
0.0006304317477957135
0.0029239899238005184
0.009038476171778522
0.018620704637200003
0.025566928297891107
0.02339605015877602
0.01426882075136885
0.0057998287299820825
0.0015711722638041899
0.00028367037767505017
3.4133884777257224e-05
7.492755832351131e-05
0.0005890678733791934
0.0032019843238052974
0.01160275402506764
0.02802110227903193
0.045101490857757894
0.04838136631130647
0.03458970896709093
0.016481518990326075
0.005233944470012011
0.001107751978255574
0.00031401640947122345
3.3796237034097326e-05
2.424185781063097e-06
1.1588974303652556e-07
3.692373695763649e-09
7.840573766165303e-11
1.1096131375237333e-12
1.046590728512732e-14
6.579058140889193e-17
2.7563357237890616e-19
7.696301124470239e-22
1.432232542855624e-24
1.776342794223601e-27
1.4722033116576723e-30
1.541306833458691e-32
4.4089038106576337e-32
1.0140594980959693e-31
1.692687596904293e-31
2.015089056051044e-31
1.7849426688233556e-31
1.4606078699500654e-31
1.6473061737528804e-31
2.308202472132443e-31
2.7272515838522252e-31
2.4069831193572773e-31
1.7247270346026033e-31
1.4326375824205086e-31
1.4087441489802163e-31
1.48333980212974e-31
1.2004460025384117e-31
1.0342780555748329e-06
9.20039499548117e-06
5.454528107470085e-05
0.00021552092542207631
0.0005675488532922903
0.0009960900595060193
0.0011651330184142229
0.0009083097200524087
0.0004719260619997101
0.00016341635152468002
3.771365349800547e-05
5.800738013017776e-06
5.946335980432425e-07
4.0625356508058034e-08
1.849807237813009e-09
1.076569707208784e-06
9.462586586985865e-06
5.5434695680899035e-05
0.0002164387758731209
0.0005632095607834847
0.0009767569640915332
0.001128975616819834
0.0009924701487617977
0.000583335059784619
0.00022850739206546863
5.965735253893537e-05
1.0380284274529176e-05
1.2037493518646241e-06
9.30345868859348e-08
4.7921935349714415e-09
8.357690796805877e-07
7.629032461622896e-06
4.642150776082041e-05
0.00018825684794187723
0.0005088196469413003
0.0009165549556376073
0.0011003597493429375
0.0008804251291412477
0.0004694958004126418
0.00016686011642883702
3.952345671044753e-05
6.239342806490055e-06
6.56454035638004e-07
4.603109919291185e-08
2.1511956797120725e-09
6.700235021249524e-11
1.3908545136265417e-12
1.924220867563493e-14
8.851249662264064e-16
6.227021812875731e-18
2.91969664911248e-20
9.123818221377586e-23
1.900190159959305e-25
2.637539994174906e-28
2.4399593494561886e-31
1.50434579442864e-34
6.181506208642105e-38
1.6928656449677103e-41
0.0
0.0
0.0
0.0
0.0
0.0
0.0
4.052439233950876e-35
2.9034844631174336e-34
1.3864494814691337e-33
4.412351894945789e-33
9.35874859068519e-33
1.3229607772846913e-32
1.2464007583391938e-32
7.826182818881773e-33
4.5804945597223536e-33
1.4625382604384119e-33
3.1123157383450993e-34
4.414094328907281e-35
4.172353713397701e-36
2.628464864948159e-37
1.1035824403282005e-38
4.227235764220066e-35
3.2102055413758107e-34
2.3015761314135503e-06
1.6618192355495836e-05
7.996938689208417e-05
0.00025647515405230025
0.0005482118015258972
0.000810660701660358
0.0009496635115870658
0.0014419806475959723
0.003246904042115731
0.006491263888790952
0.009453596087291634
0.010525327031743009
0.010540533157702267
0.010400857424698989
0.008894890993206176
0.005635534568611066
0.0024594574766605023
0.0011360430133763165
0.00025634040551478985
4.863931721043717e-05
5.9034046681114335e-05
0.00019546718544719192
0.00046257845600298066
0.0007485594280036999
0.0008795460469574344
0.0008765409147369952
0.0008903256094355953
0.0009193541420267457
0.001082568495761167
0.002069662606783527
0.004537480343065146
0.007500235725424728
0.008419665244434046
0.006316133556742381
0.003159007482438079
0.001053062268816441
0.0002339602817669109
3.464273764628582e-05
3.418722759481654e-06
2.2485218814624683e-07
9.856254357380398e-09
2.8794413395769794e-10
5.606426286737506e-12
2.6019574333992663e-05
0.00019568769801529888
0.0009808631412095176
0.003276686212162108
0.0072952947053520996
0.01082511143511135
0.010712941906809013
0.007126095627623186
0.003534979335774013
0.002709584031555548
0.005147497654450181
0.009159454121298007
0.011194811666247657
0.009165682227723614
0.005172998318825565
0.0027961797660171995
0.003718092305771277
0.007302868610577722
0.01062974028319971
0.010397666950245542
0.0067825876982946995
0.0029488714486904455
0.0008544747363290343
0.00016501531948428182
2.123884317398846e-05
4.3215158908660945e-06
2.8284290477995044e-07
1.233775129417372e-08
3.58680925993922e-10
6.949636690051663e-12
8.974235635453098e-14
7.72350414553369e-16
4.430093043121661e-18
1.693529863707036e-20
4.314737898783515e-23
7.326516424871789e-26
8.291291497668492e-29
6.255249956150557e-32
1.5389122047119907e-34
5.968205330872502e-34
1.9385346777982608e-33
4.1965519448682744e-33
6.0547076850605345e-33
5.822041628957398e-33
3.731117966597724e-33
1.593617911705157e-33
4.536396145007189e-34
8.606355694265312e-35
1.0882010931723484e-35
9.17023726968214e-37
2.644029972356487e-34
9.751717385041806e-34
4.944073585124025e-33
1.6704635480099817e-32
3.773984446779876e-32
5.758731173068255e-32
6.125438050936801e-32
5.375046179685375e-32
6.013779585031351e-32
9.065226748243664e-32
1.1777938113672103e-31
1.077340297589242e-31
6.782006850666841e-32
3.297179204306677e-32
1.9247000599574614e-32
1.7044695691407656e-32
1.4504058002920283e-32
1.0240106666844938e-32
7.62555420578659e-33
6.68686344589346e-33
5.1990529835268704e-33
2.9111441457424142e-33
1.1046781580400928e-33
2.8032673827364074e-34
4.7442910774241577e-35
5.352037233767022e-36
4.024022382620653e-37
5.721680292491996e-38
2.1876115613693812e-39
5.574405334017906e-41
9.46691461729882e-43
1.0715191340584791e-44
8.083006918801388e-47
4.0637550192769854e-49
1.3616441844367428e-51
3.04075409548387e-54
4.5256453050080856e-57
4.4891206175527576e-60
2.9677245131142846e-63
1.3075775078947595e-66
3.8396606876318984e-70
7.51449502462489e-74
0.0
2.7941380951900554e-05
0.00020063457495090467
0.0009601635919589641
0.0030624304912532205
0.006509817215020337
0.009229887215735907
0.008757072084843862
0.005699721471889319
0.002960553438331685
0.0021363382721433033
0.00198539121511971
0.0021166206439927502
0.0021253261688215855
0.0021006808835133304
0.0018533513014081834
0.0012411265111735698
0.0005782994718075833
0.000181882514418855
7.107219950206327e-05
0.00023274939286481696
0.001050748697957488
0.0032509490863534534
0.006771487840764449
0.009784411649739765
0.010724358243135864
0.010659603884723022
0.01065787340828531
0.00936890911639114
0.0062468331922668095
0.003307174468247119
0.002143579018903839
0.0023063145325962456
0.0027141755935343936
0.0027978963569950063
0.002364034248974075
0.0018201755505268709
0.0009332051425283508
0.00033071900096151693
7.928524038612245e-05
1.2742561275193558e-05
1.3680218851734102e-06
9.797007579332602e-08
4.677597220272727e-09
4.6063691312830915e-06
3.453867582735536e-05
0.000172602917955147
0.000574873343761826
0.0012760795755577604
0.0018878387315299043
0.001861373705339935
0.0012231615070408975
0.0005356925225396478
0.0001563611700074475
3.0417518917631243e-05
3.94366676404959e-06
3.4076751095778157e-07
1.9624459402099115e-08
2.4236478295033147e-06
2.0304346724864935e-05
0.00011340292136804671
0.00042212533848195424
0.0008092581261335176
0.001531816805907541
0.0019324494358203064
0.001624766650725774
0.0009104485358292341
0.0003400175670388459
8.463088011837054e-05
1.4039056032364113e-05
1.5521314741042075e-06
1.1436697969995895e-07
5.616352357575414e-09
1.8381865728890752e-10
4.0096492197008204e-12
5.829143135630778e-14
5.64786889749544e-16
3.647086321232823e-18
1.5696001310708792e-20
4.502083631170777e-23
8.606362574282247e-26
1.0964965427351861e-28
9.310573720835524e-32
5.26898749530035e-35
1.987281733993018e-38
4.99543441885567e-42
0.0
0.0
0.0
0.0
0.0
0.0
0.0
0.0
0.0
0.0
0.0
0.0
0.0
0.0
0.0
0.0
0.0
0.0
0.0
0.0
0.0
0.0
0.0
0.0
0.0
0.0
0.0
0.0
0.0
0.0
0.0
0.0
0.0
0.0
0.0
0.0
0.0
0.0
0.0
0.0
0.0
0.0
0.0
0.0
0.0
0.0
0.0
0.0
0.0
0.0
0.0
0.0
0.0
0.0
0.0
0.0
0.0
0.0
0.0
0.0
0.0
0.0
0.0
0.0
0.0
0.0
0.0
0.0
0.0
0.0
0.0
0.0
0.0
0.0
0.0
0.0
0.0
0.0
0.0
0.0
0.0
0.0
0.0
0.0
0.0
0.0
0.0
0.0
0.0
0.0
0.0
0.0
0.0
0.0
0.0
0.0
0.0
0.0
0.0
0.0
0.0
0.0
0.0
0.0
0.0
0.0
0.0
0.0
0.0
0.0
0.0
0.0
0.0
0.0
0.0
0.0
0.0
0.0
0.0
0.0
0.0
0.0
0.0
0.0
0.0
0.0
0.0
0.0
0.0
0.0
0.0
0.0
0.0
0.0
0.0
0.0
0.0
0.0
0.0
0.0
0.0
0.0
0.0
0.0
0.0
0.0
0.0
0.0
0.0
0.0
0.0
0.0
0.0
0.0
0.0
0.0
0.0
0.0
0.0
0.0
0.0
0.0
0.0
0.0
0.0
0.0
0.0
0.0
0.0
0.0
0.0
0.0
0.0
0.0
0.0
0.0
0.0
0.0
0.0
0.0
0.0
0.0
0.0
0.0
0.0
0.0
0.0
0.0
0.0
0.0
0.0
0.0
0.0
0.0
0.0
0.0
0.0
0.0
0.0
0.0
0.0
0.0
0.0
0.0
0.0
0.0
0.0
0.0
0.0
0.0
0.0
0.0
0.0
0.0
0.0
0.0
0.0
0.0
0.0
0.0
0.0
0.0
0.0
0.0
0.0
0.0
0.0
0.0
0.0
0.0
0.0
0.0
0.0
0.0
0.0
0.0
0.0
0.0
0.0
0.0
0.0
0.0
0.0
0.0
0.0
0.0
0.0
0.0
0.0
0.0
0.0
0.0
0.0
0.0
0.0
0.0
0.0
0.0
0.0
0.0
0.0
0.0
0.0
0.0
0.0
0.0
0.0
0.0
0.0
0.0
0.0
0.0
0.0
0.0
0.0
0.0
0.0
0.0
0.0
0.0
0.0
0.0
0.0
0.0
0.0
0.0
0.0
0.0
0.0
0.0
0.0
0.0
0.0
0.0
0.0
0.0
0.0
0.0
0.0
0.0
0.0
0.0
0.0
0.0
0.0
0.0
0.0
0.0
0.0
0.0
0.0
0.0
0.0
0.0
0.0
0.0
0.0
0.0
0.0
0.0
0.0
0.0
0.0
0.0
0.0
0.0
0.0
0.0
0.0
0.0
0.0
0.0
0.0
0.0
0.0
0.0
0.0
0.0
0.0
0.0
0.0
0.0
0.0
0.0
0.0
0.0
0.0
0.0
