a = 4.749665496097099 b = 4.695210240090903 c = 16.513465793711866 ,Gaussian ,LMH = 0.08 ,DW = [0.6 0.6 0.6 0.6]
0.0
0.0
0.0
0.0
0.0
0.0
0.0
0.0
0.0
0.0
0.0
0.0
0.0
0.0
0.0
0.0
0.0
0.0
0.0
0.0
0.0
0.0
0.0
0.0
0.0
0.0
0.0
0.0
0.0
0.0
0.0
0.0
0.0
0.0
0.0
0.0
0.0
0.0
0.0
0.0
1.6445152362158713e-34
1.3643728777990775e-33
7.544141086346832e-33
2.780149012200919e-32
6.828226122620289e-32
1.1177103267709756e-31
1.2193606630943095e-31
8.865773780078772e-32
4.296181878947269e-32
1.3874911461184064e-32
2.9864780711519615e-33
4.284202478332754e-34
4.096021185157938e-35
2.6099726026083485e-36
1.1083865599013156e-37
3.137098113895249e-39
5.917612192222937e-41
7.439546241421053e-43
6.233442285431492e-45
3.4808955053025527e-47
1.2954945127008236e-49
3.2133772717787227e-52
5.312138695621862e-55
5.8527320510739944e-58
4.2976339928905534e-61
2.791970396716798e-63
1.0425194682355809e-66
2.5944128499657493e-70
0.0
0.0
0.0
0.0
0.0
0.0
0.0
0.0
0.0
0.0
0.0
0.0
0.0
0.0
0.0
0.0
0.0
0.0
0.0
0.0
0.0
0.0
0.0
0.0
0.0
0.0
0.0
0.0
0.0
0.0
0.0
0.0
0.0
0.0
0.0
0.0
0.0
0.0
0.0
0.0
0.0
0.0
0.0
0.0
0.0
0.0
0.0
0.0
0.0
0.0
0.0
0.0
0.0
0.0
0.0
0.0
0.0
0.0
0.0
0.0
0.0
0.0
0.0
0.0
0.0
0.0
0.0
0.0
0.0
0.0
0.0
0.0
0.0
0.0
0.0
0.0
0.0
0.0
0.0
0.0
0.0
0.0
0.0
0.0
0.0
0.0
0.0
0.0
0.0
0.0
0.0
0.0
0.0
0.0
0.0
0.0
0.0
0.0
0.0
0.0
0.0
0.0
0.0
0.0
0.0
0.0
0.0
0.0
0.0
0.0
0.0
0.0
0.0
0.0
0.0
0.0
0.0
0.0
0.0
0.0
0.0
0.0
0.0
0.0
0.0
0.0
0.0
0.0
0.0
0.0
0.0
0.0
0.0
0.0
0.0
0.0
0.0
0.0
0.0
0.0
0.0
0.0
0.0
0.0
0.0
0.0
0.0
0.0
0.0
0.0
0.0
0.0
0.0
6.268226084737152e-34
5.426888534353228e-33
3.131401092522864e-32
1.2042261235942712e-31
3.086447811422573e-31
5.272193966257099e-31
6.0021296163094135e-31
4.554082648635574e-31
2.3029154554773605e-31
7.76133857274121e-32
1.7433187929487832e-32
2.609747816291452e-33
2.6037652227628374e-34
1.7313570886474192e-35
7.672784929544406e-37
2.2662141594241769e-38
4.460981484124646e-40
5.852500248052411e-42
5.117219063124217e-44
2.982003340305774e-46
1.1581472766685555e-48
2.997788596116472e-51
5.171538524569927e-54
5.945933853293115e-57
5.208601597211581e-59
3.045257555312768e-62
1.1866112654386255e-65
3.081587140103587e-69
0.0
0.0
0.0
0.0
0.0
0.0
0.0
0.0
0.0
0.0
0.0
0.0
0.0
0.0
0.0
0.0
0.0
0.0
0.0
0.0
0.0
0.0
0.0
0.0
0.0
0.0
0.0
0.0
0.0
0.0
0.0
0.0
0.0
0.0
0.0
0.0
0.0
0.0
0.0
0.0
0.0
0.0
0.0
0.0
0.0
0.0
0.0
0.0
0.0
0.0
0.0
0.0
0.0
0.0
0.0
0.0
0.0
0.0
0.0
0.0
0.0
0.0
0.0
0.0
0.0
0.0
0.0
0.0
0.0
0.0
0.0
0.0
0.0
0.0
0.0
0.0
0.0
0.0
0.0
0.0
0.0
0.0
0.0
0.0
0.0
0.0
0.0
0.0
0.0
0.0
0.0
0.0
0.0
0.0
0.0
0.0
0.0
0.0
0.0
0.0
0.0
0.0
0.0
0.0
0.0
0.0
0.0
0.0
0.0
0.0
0.0
0.0
0.0
0.0
0.0
0.0
0.0
0.0
0.0
0.0
0.0
0.0
0.0
0.0
0.0
0.0
0.0
0.0
0.0
0.0
0.0
0.0
0.0
0.0
0.0
0.0
0.0
0.0
0.0
0.0
0.0
0.0
0.0
0.0
0.0
0.0
0.0
0.0
0.0
0.0
0.0
0.0
0.0
0.0
1.3432643746921736e-06
1.1139432322377395e-05
6.156674169366833e-05
0.00022678317377036842
0.0005567459107969341
0.0009109295512551843
0.0009933312410521824
0.0007219131391113752
0.00034966917271813915
0.00011287851674854075
2.428548551171432e-05
3.4822811713899372e-06
3.327839920557858e-07
2.1195446411696912e-08
8.997135412385889e-10
2.5453499141159047e-11
4.799237908809795e-13
6.030851196194701e-15
5.0508735344952566e-17
2.8192651606235524e-19
1.048786051192918e-21
2.600275888327003e-24
3.8019695988826096e-26
4.793400826810936e-29
4.027730476975095e-32
2.2555819170888273e-35
8.418570542495932e-39
2.0941107909597826e-42
0.0
0.0
0.0
0.0
0.0
0.0
0.0
0.0
0.0
0.0
0.0
0.0
0.0
0.0
0.0
0.0
0.0
0.0
0.0
0.0
0.0
0.0
0.0
0.0
0.0
0.0
0.0
0.0
0.0
0.0
0.0
0.0
0.0
0.0
0.0
0.0
0.0
0.0
0.0
0.0
0.0
0.0
0.0
0.0
0.0
0.0
0.0
0.0
0.0
0.0
0.0
0.0
0.0
0.0
0.0
0.0
0.0
0.0
0.0
0.0
0.0
0.0
0.0
0.0
0.0
0.0
0.0
0.0
0.0
0.0
0.0
0.0
0.0
0.0
0.0
0.0
0.0
0.0
0.0
0.0
0.0
0.0
0.0
0.0
0.0
0.0
0.0
0.0
0.0
0.0
0.0
0.0
0.0
0.0
0.0
0.0
0.0
0.0
0.0
0.0
0.0
0.0
0.0
0.0
0.0
0.0
0.0
0.0
0.0
0.0
0.0
0.0
0.0
0.0
0.0
0.0
0.0
0.0
0.0
0.0
0.0
0.0
0.0
0.0
0.0
0.0
0.0
0.0
0.0
0.0
0.0
0.0
0.0
0.0
0.0
0.0
0.0
0.0
0.0
0.0
0.0
0.0
0.0
0.0
0.0
0.0
0.0
0.0
0.0
0.0
0.0
0.0
0.0
0.0
0.0
3.034028892299598e-33
2.616968781690173e-32
1.504384741367331e-31
5.765822921116576e-31
1.4733135355913107e-30
2.512523536898849e-30
2.8671931154347536e-30
2.206257316439649e-30
1.1695320270089451e-30
4.525491464276123e-31
1.5043644028772975e-31
6.830423197214522e-32
6.053280629132097e-32
6.055601811258493e-32
5.101866431140398e-32
4.519753673679813e-32
5.097817228899907e-32
5.406152296522483e-32
4.178551626914232e-32
2.840457457151321e-32
1.139434561428668e-32
3.0495189518422e-33
5.440499440106893e-34
6.469088304210132e-35
5.1266271803647674e-36
2.7077118854323013e-37
9.362910108370333e-05
0.000600228723622807
0.0025645090936633284
0.007302528497906095
0.013927172232327178
0.01799369604105891
0.01688004338688986
0.014647626820242959
0.015924904634614937
0.01827528542041335
0.017276645666966885
0.01494322862434674
0.015705522986991332
0.017656549689322877
0.01553610274350939
0.009443380617019272
0.0038527646905200355
0.0010490403114175218
0.0001904176264004966
4.872647813136248e-05
4.49787937314912e-06
2.7671552144191086e-07
1.1345954819878255e-08
3.1004888837131456e-10
5.646779966493563e-12
6.854142068632018e-14
5.544812785501108e-16
2.989525214850321e-18
1.0742345160681668e-20
2.5726312007427816e-23
4.106175529795057e-26
4.367963864374929e-29
3.096721228942066e-32
1.4632102474394387e-35
4.607792408273492e-39
9.6707604105376e-43
0.0
0.0
0.0
0.0
0.0
0.0
0.0
0.0
0.0
0.0
0.0
0.0
0.0
0.0
0.0
0.0
0.0
0.0
0.0
0.0
0.0
0.0
0.0
0.0
0.0
0.0
0.0
0.0
9.505056963473579e-05
0.0006104607206991528
0.0026130172358106766
0.007468924938386869
0.01430441403903027
0.01874977302406479
0.018871267649535572
0.017198867220212393
0.017723301838199795
0.019593271265482843
0.01893177919221848
0.017314099519024413
0.018138687945858253
0.018719237337202748
0.014783730965398615
0.008053642315805786
0.0029465758062951213
0.000719698705954244
0.0001171986533361114
1.2720672565104372e-05
9.20208892661369e-07
4.4365554639906656e-08
1.4255658935834924e-09
3.052883980339891e-11
4.3572739712832423e-13
4.144775263063775e-15
2.6276568886720143e-17
1.110242562552421e-19
3.126429482941741e-22
5.867606091395755e-25
7.339302905828229e-28
6.118292304017782e-31
4.325616583644347e-33
1.833690400722495e-36
5.180665469842145e-40
0.0
0.0
0.0
0.0
0.0
0.0
0.0
0.0
0.0
0.0
0.0
0.0
0.0
0.0
0.0
0.0
0.0
0.0
0.0
0.0
0.0
0.0
0.0
0.0
0.0
0.0
0.0
0.0
0.0
0.0
0.0
0.0
0.0
0.0
0.0
0.0
0.0
0.0
0.0
0.0
0.0
0.0
0.0
0.0
0.0
0.0
0.0
0.0
0.0
0.0
0.0
0.0
0.0
0.0
0.0
0.0
0.0
0.0
0.0
0.0
3.2576370476431553e-34
2.5277756755076225e-33
1.367511817735681e-32
5.001947066172124e-32
1.307390289083622e-31
2.580927535518599e-31
4.068916894620028e-31
5.198371487692862e-31
5.441455905766617e-31
5.203086318701083e-31
5.394496463687421e-31
5.718001195107801e-31
5.289897426457329e-31
4.492945558056667e-31
4.136765690585201e-31
3.6203030841577576e-31
2.5836616337276785e-31
1.3110451572560883e-31
4.511921783018038e-32
1.0395089064333396e-32
1.5979632275004826e-33
1.6376094556655282e-34
1.1185785550505745e-35
5.09227672196767e-37
1.545044576720125e-38
3.1242952881082504e-40
4.210607949146285e-42
3.781979039829723e-44
2.263992507310379e-46
9.032592193387035e-49
2.401769743488978e-51
4.2562966008417717e-54
5.027058593521062e-57
3.9571048560264703e-60
2.075977861420002e-63
7.258542522499566e-67
1.6914442232669268e-70
0.0
0.0
0.0
0.0
0.0
0.0
0.0
0.0
0.0
0.0
0.0
0.0
0.0
0.0
0.0
0.0
0.0
0.0
0.0
0.0
0.0
0.0
0.0
0.0
0.0
0.0
0.0
0.0
0.0
0.0
0.0
0.0
0.0
0.0
0.0
0.0
0.0
0.0
0.0
0.0
0.0
0.0
0.0
0.0
0.0
0.0
0.0
0.0
0.0
0.0
0.0
0.0
0.0
0.0
0.0
0.0
0.0
0.0
0.0
0.0
0.0
0.0
0.0
0.0
0.0
0.0
0.0
0.0
0.0
0.0
0.0
0.0
0.0
0.0
0.0
0.0
0.0
0.0
0.0
0.0
0.0
0.0
0.0
0.0
0.0
0.0
0.0
0.0
0.00428060958672024
0.027280502377502396
0.1158725743462259
0.33159405173066314
0.6424291191950555
0.8816392293723773
0.9581185651350598
0.9763007991222621
1.0
0.9875614687634022
0.9626012243817231
0.9049054330430364
0.7031908373581683
0.3962684261935555
0.15294030792950478
0.039664042211661074
0.0068722926960741075
0.0017055361418754106
0.00015039915412575942
8.839969107014509e-06
3.4629731293041303e-07
9.041331436560924e-09
1.5732515991617684e-10
1.8245081452295598e-12
1.4101816605713709e-14
7.264168182825346e-17
2.4938956289622353e-19
5.706268563757331e-22
8.70177180590993e-25
8.843918282911996e-28
5.990503140402313e-31
2.7043532983418583e-34
8.136640029959078e-38
1.6315798255769677e-41
0.0
0.0
0.0
0.0
0.0
0.0
0.0
0.0
0.0
0.0
0.0
0.0
0.0
0.0
0.0
0.0
0.0
0.0
0.0
0.0
0.0
0.0
0.0
0.0
0.0
0.0
0.0
0.0
0.00030683771250216514
0.002246402869386931
0.01096094761536047
0.035644301403366364
0.07725269887128135
0.1115883259312718
0.10742501228149813
0.08359828574378238
0.04092480342180425
0.013352339928954363
0.002903418947548896
0.0004207688502818697
4.064049641507266e-05
2.6161098448340174e-06
1.1223659799679263e-07
3.2091835819491784e-09
6.115559237709405e-11
7.76710794754097e-13
6.5745200322557235e-15
3.708944316009177e-17
1.394498724777697e-19
3.4943586533444503e-22
5.835772896848132e-25
6.495473803369786e-28
4.81842203980913e-31
2.38221187897061e-34
7.849418478890226e-38
1.7237573422938075e-41
0.0
0.0
0.0
0.0
0.0
0.0
0.0
0.0
0.0
0.0
0.0
0.0
0.0
0.0
0.0
0.0
0.0
0.0
0.0
0.0
0.0
0.0
0.0
0.0
0.0
0.0
0.0
0.0
0.0
0.0
0.0
0.0
0.0
0.0
0.0
0.0
0.0
0.0
0.0
0.0
0.0
0.0
0.0
0.0
0.0
0.0
0.0
0.0
0.0
0.0
0.00015360534881265044
0.001041150675825796
0.004730862906649117
0.014413899311008154
0.029968280653557087
0.04440443349817088
0.05000260859063806
0.053389368737997774
0.0545728555361723
0.054323850166624915
0.05236402776376605
0.046407578216176394
0.033329689179684284
0.017395622394886828
0.0062488984324309904
0.0015127941162336326
0.0002449992951595764
2.6477345949111433e-05
1.907859175714318e-06
9.163466490604535e-08
2.9334236269871255e-09
6.25861094909557e-11
8.899485036832997e-13
8.43400936910876e-15
5.3270291401502546e-17
2.24242380355375e-19
6.291176828893713e-22
1.1763258661108594e-24
1.4659020509097636e-27
1.21748552729969e-30
6.73913584145793e-34
2.486143327237652e-37
1.0207239934269598e-39
0.0
0.0
0.0
0.0
0.0
0.0
0.0
0.0
0.0
0.0
0.0
0.0
0.0
0.0
0.0
0.0
0.0
0.0
0.0
0.0
0.0
0.0
0.0
0.0
0.0
0.0
0.0
0.0
0.0
0.0
0.0
0.0
0.0
0.0
0.0
0.0
0.0
0.0
0.0
0.0
0.0
0.0
0.0
0.0
0.0
0.0
0.0
0.0
0.0
0.0
0.0
0.0
0.0
0.0
0.0
0.0
0.0
0.0
0.0
0.0
0.0
0.0
0.0
0.0
0.0
0.0
0.0
0.0
0.0
0.0
0.00031865920135268756
0.002118563282523681
0.009387240986414419
0.027721456285499095
0.05456016356129581
0.07156766272055506
0.06845079154900802
0.04565856158021518
0.020668821708906524
0.008398240912368956
0.0113980752125807
0.02929744564242345
0.05544386901969508
0.07027031756873872
0.0593703435024467
0.033522186879341845
0.013300971239995938
0.007313446749124387
0.015920998137010922
0.037903285947144344
0.06199711347996575
0.06767918380286708
0.04924337214927482
0.02387939111425343
0.007717565365074934
0.0016623364774518263
0.00023863772583741918
2.283183496466233e-05
1.4558749705187994e-06
6.187125010276486e-08
1.7524080942235314e-09
1.2996717633955567e-10
1.8718999098991904e-12
1.7968553265529476e-14
1.1495428051004876e-16
4.901384036146661e-19
1.3928163765588627e-21
2.6378527432561906e-24
3.329578884348739e-27
2.801749882221485e-30
1.6691752824820264e-33
8.931296879006416e-36
4.699609336686412e-37
1.762929563543343e-38
4.4088444655715936e-40
7.348456771353512e-42
8.162986109040971e-44
6.043430324137728e-46
2.9819443176996364e-48
9.806117388831377e-51
1.1284834996665727e-34
1.0559399717995804e-33
6.585136702182244e-33
2.7599362658954883e-32
7.833458799100253e-32
1.538462892640948e-31
2.2399765072630883e-31
2.58378067432938e-31
2.9692241213722707e-31
3.1098835427212738e-31
2.7058009514162416e-31
1.8411011464644366e-31
9.890550753274604e-32
4.8317793497966813e-32
4.154337945994489e-32
7.435125542046023e-32
1.196668627155344e-31
1.329131920474674e-31
9.874115878146644e-32
4.947929591370072e-32
1.9911205839579016e-32
2.0071285024461088e-32
4.8812790994675223e-32
9.414120524575781e-32
1.2218239939780496e-31
1.0573798039810574e-31
6.098816316209196e-32
2.3444564910639405e-32
6.006484715501465e-33
1.0256049887283291e-33
1.1671358826917872e-34
8.852058312384296e-36
4.474542723965698e-37
4.882614628704691e-38
1.2550453567979276e-39
2.1500469463238642e-41
2.454810728022145e-43
1.867968853293645e-45
9.473332847164153e-48
3.201971859992102e-50
7.212964144941119e-53
1.0829080547027906e-55
1.0835549560311504e-58
7.2258983844260016e-62
3.2115471700774463e-65
9.513017782963548e-69
1.8780357717488225e-72
0.0
0.0
0.0
0.0
0.0
0.0
0.0
0.0
0.0
0.0
0.0
0.0
0.0
0.0
0.0
0.0
0.0
0.0
0.0
0.0
0.0
0.0
0.0005088987319992955
0.003529371125249623
0.016313413181063628
0.05025437682251972
0.10317738010243507
0.14118112826269397
0.12875092229489266
0.07870671582524262
0.03489508094077089
0.02359231802456089
0.048671472321125654
0.09865765053398921
0.13713543400897962
0.12725443940100556
0.07906778954655096
0.04702638404895214
0.022295400193320575
0.03266696107575918
0.07415712697259615
0.12221333705848889
0.1349157726245498
0.09929153373219579
0.04870238407967776
0.015920993415892704
0.0034687394081035247
0.0005036800336449501
4.874379567375377e-05
3.1438766784941565e-06
1.351428917964375e-07
3.871706803088705e-09
7.392532859617886e-11
9.40731342776813e-13
7.978468087327088e-15
4.509775873395106e-17
1.6989161846822588e-19
4.2655054053616e-22
7.137573406922486e-25
7.959984593622058e-28
5.916371205439857e-31
2.930759291071065e-34
9.67579000822515e-38
3.6891372853827944e-40
0.0
0.0
0.0
0.0
0.0
0.0
0.0
0.0
0.0
0.0
0.0
0.0
0.0
0.0
0.0
0.0
0.0
0.0
0.0
0.0
0.0
0.0
0.0
0.0
0.0
0.0
0.0
0.0
0.0
0.0
0.0
0.0
0.0
0.0
0.0
0.0
0.0
0.0
0.0
0.0
6.910184063624168e-34
6.344878550695056e-33
3.882742233140494e-32
1.583563029223033e-31
4.304410641237284e-31
7.801769947723267e-31
9.441546186578671e-31
7.696094515440536e-31
4.423797318456913e-31
2.1749071253373467e-31
1.5007179614626399e-31
1.0415162518165665e-31
6.512911237033931e-32
2.9940944501256436e-32
1.8163361427421352e-06
1.480580851071412e-05
8.142852440046781e-05
0.0003002089233242996
0.0007785422695189331
0.0015438871632243055
0.002949509980023572
0.006443301866878325
0.013529416684689885
0.021846824179647794
0.024676811899381815
0.018913681078502245
0.009736262697023365
0.0033752551138309032
0.0009645738012898725
0.0012422959850684518
0.004368938331701186
0.011257538676535533
0.01938374940297285
0.022245595323103242
0.01701502656878931
0.008673668107972897
0.004432254529828712
0.0012792537679857969
0.0010326534129881694
0.003488073706292933
0.009588666072097974
0.017676728007521042
0.02172210800737451
0.017790398769435264
0.009710710405384671
0.0035326277191278224
0.0008564978758361447
0.0001384000529565161
1.4904855519748448e-05
1.0697956632183e-06
5.117471629042079e-08
1.631516996530843e-09
3.466644515069614e-11
4.909175573988417e-13
0.0001399658136942727
0.0010916548186925975
0.005674534584037529
0.019658786514878537
0.045390473575220386
0.06984804733967807
0.07163501784015873
0.04896412809249782
0.03032592013147001
0.010637692196960931
0.0032455056359875496
0.0048155056102856565
0.01637489656463761
0.04007460525447858
0.06551106420663834
0.07137873449304796
0.05183288032856134
0.025085537542916442
0.008287720012907987
0.003165770391474686
0.0071554817521011765
0.02231031448301687
0.04793316461479832
0.06870439109206808
0.0656337708684413
0.041788054143674085
0.017732031756395362
0.005014716670720405
0.000945182884997289
0.00011873174360723525
9.940297680792754e-06
5.546429323995234e-07
2.0625720317331383e-08
1.8341734894509073e-09
3.468475518490067e-11
4.3713784114517014e-13
3.671805947565623e-15
2.0555241661197563e-17
7.669145921844437e-20
1.9070099702645828e-22
3.160388510334355e-25
3.4906759436837958e-28
2.5695681469951708e-31
1.2606435182429262e-34
4.1219811228301786e-38
8.982583232962163e-42
0.0
0.0
0.0
0.0
0.0
0.0
0.0
0.0
0.0
0.0
0.0
3.899757039919761e-34
2.9800296331210117e-33
9.204410514885722e-33
3.5759539695839577e-32
9.323248984382523e-32
1.6384545910709716e-31
1.9540530156588283e-31
1.6005957000909985e-31
9.296197807591607e-32
4.671780802574762e-32
4.1650372270392974e-32
6.453479076259914e-32
8.494939038018288e-32
8.332778568199492e-32
7.17732855532037e-32
7.160399816200416e-32
8.7644259552312e-32
1.1603781130751768e-31
1.414284491713956e-31
1.3455517684912714e-31
9.092156255741715e-32
4.353455506379403e-32
1.911246605953369e-32
1.5079136470850733e-32
1.6460805854392952e-32
1.3877469779920454e-32
7.933582197112725e-33
3.02841205041959e-33
1.2721385645525388e-33
2.4698795617030373e-34
3.1959553437181287e-35
2.756178815834211e-36
1.5841476199011178e-37
6.068277861343261e-39
1.5492332750621088e-40
2.636026199499177e-42
2.98926334418812e-44
2.2592286094790678e-46
1.1379881235992199e-48
3.8202943699844523e-51
8.547467839937085e-54
1.2745581976668176e-56
1.2666697934644571e-59
8.389743928597566e-63
3.7035272566565844e-66
1.0895920684416544e-69
2.1364555881954404e-73
0.0
0.0
0.0
0.0
0.0
0.0
0.0
0.0
0.0
0.0
0.0
0.0
0.0
0.0
0.0
0.0
0.0
0.0
0.0
0.0
0.0
0.0
0.0
0.0
0.0
0.0
0.0
0.0
0.0
7.739302190374387e-05
0.0007028335075056643
0.004318451129536926
0.011576339026370838
0.03684584906425407
0.08173919130537985
0.13221084405167377
0.16924161717661007
0.18897058578783754
0.19431120772423519
0.17813375643238333
0.13345043409543628
0.07570391526816306
0.03352671265713661
0.018637289898511676
0.021613719730541117
0.028305336136423585
0.031287418525679477
0.029374618377650007
0.022606370548010853
0.013105284460735356
0.00539852487159713
0.001815662861746777
0.0019328638583060126
0.005674484634510371
0.012823979749133511
0.01942653265060261
0.01961739397860519
0.013202989218923454
0.008093328721459318
0.0027698792939631865
0.000631794812924602
9.604456998693987e-05
9.730857776855086e-06
6.570690059339556e-07
2.957007233733412e-08
8.869013994023116e-10
1.7728820444440828e-11
2.361923847708969e-13
2.097169287293718e-15
1.2410310140169754e-17
4.894556307435739e-20
1.2865467480334106e-22
2.2538206927693406e-25
2.6314474442904185e-28
2.0476304891203145e-31
1.0619156533773239e-34
0.00017488953915117725
0.0013756158293830858
0.007211274777160029
0.025194658252896754
0.058665995923099734
0.09104287670618197
0.09432948875039705
0.06621727615022607
0.04457697593471754
0.03088491384402904
0.048192067877480156
0.08084021606248509
0.0959267237836768
0.07675301035842144
0.04398593291264814
0.029317031084106906
0.045019119069695565
0.07731442975551098
0.09437306014723379
0.07721417590211807
0.04212495286672541
0.015317271045759093
0.0037119870290194547
0.0005995331220429408
6.453591500127334e-05
4.629896810308031e-06
2.213720056076658e-07
7.0543277905248505e-09
1.4982011303830848e-10
2.120636113715418e-12
2.0005238521870803e-14
1.2577747235305546e-16
5.270399545063609e-19
1.0933809885936828e-20
2.329779264967297e-23
3.3085643159535236e-26
3.1314532706234335e-29
1.9753035186562741e-32
8.304304924889903e-36
2.326774449095009e-39
0.0
0.0
0.0
0.0
0.0
0.0
0.0
0.0
0.0
0.0
0.0
0.0
0.0
0.0
0.0
1.4656274880736963e-06
1.1554235931904459e-05
6.070722892515444e-05
0.000212579379661273
0.0003912693355991892
0.0006967213503886123
0.000826844751289333
0.0006539888992132455
0.00034551283812659473
0.0001278610511602212
6.784284217123071e-05
0.00015850228761952738
0.00040118097286613846
0.0006946212650455048
0.000802410924594727
0.0006177966144896705
0.00031815771796126635
0.00011775925138663038
7.552897267085021e-05
0.00018794745867426013
0.00044532938029747955
0.0007163797896117268
0.0007686474317741707
0.0005496760993582228
0.0002619803229465035
8.32170020354272e-05
1.7617204996404225e-05
2.4856701563997563e-06
2.3373919096667095e-07
1.4648768747977855e-08
1.8447961103157275e-09
5.879231227980016e-11
1.248746420272749e-12
1.7677038978153053e-14
1.6677322651917143e-16
1.0486358251623869e-18
4.394450719477356e-21
1.227343295552964e-23
2.284594141720439e-26
2.8342203451007166e-29
2.343363773783126e-32
1.2913006232822238e-35
4.742382262786248e-39
1.1607730136800997e-42
0.0
0.0
0.0
0.0
0.0
0.0
0.0
0.0
0.0
0.0
0.0
0.0
0.0
0.0
0.0
0.0
0.0
0.0
0.0
0.0
0.0
0.0
0.0
0.0
0.0
0.0
0.0
0.0
0.0
0.0
0.0
0.0
0.0
0.0
0.0
0.0
5.946049962328007e-35
2.540427790854683e-34
1.6113241517466184e-33
6.891097397514476e-33
1.9984358834356325e-32
4.0516842007720224e-32
6.080039171253527e-32
7.392061533834685e-32
7.894336664361922e-32
7.487122654754572e-32
6.187737649787718e-32
5.28914457831392e-32
6.854813050471225e-32
1.0860167133654573e-31
1.3605480235113006e-31
1.1760940142523634e-31
7.055280990557851e-32
3.788798900048805e-32
3.819370524708011e-32
5.687048229959263e-32
6.579582560235678e-32
5.157705567982955e-32
2.698963235469964e-32
9.414272767941086e-33
2.188591437446806e-33
3.3909766323364583e-34
3.5015997920137044e-35
6.151700437310952e-36
3.2302748527345163e-37
1.1304863487298575e-38
3.1297374736865094e-35
2.4649224703437276e-34
1.2938496435855397e-33
4.5263268605760236e-33
1.0553331072663899e-32
1.6603197602270297e-32
1.842048374818376e-32
1.8460666964456155e-32
2.644868266698457e-32
4.550490602844152e-32
6.12033855386233e-32
5.634994747013062e-32
3.4724056073966223e-32
1.4328680663447373e-32
4.296408487559785e-33
2.2708355716260415e-33
4.230033280969942e-33
7.350913751174799e-33
8.675687923148104e-33
6.830090163064984e-33
3.781102370055073e-33
2.6974023334740337e-33
7.337814797221326e-33
1.6265682550720453e-32
4.014651817306003e-32
6.6366364307242e-32
7.313619808368923e-32
5.371594084676916e-32
2.629394657036759e-32
8.578076691612008e-33
1.8651150306520252e-33
2.702731277338685e-34
2.610247336354321e-35
1.6801265825112022e-36
7.207487423654187e-38
2.06066470010765e-39
3.926560722610961e-41
4.986534782176804e-43
4.220529454911411e-45
2.38076520448756e-47
8.950509251842797e-50
2.2426446951103213e-52
3.745025238516216e-55
4.1680274706197316e-58
3.0916330736067183e-61
1.5283642298395165e-64
5.035554876454182e-68
1.1057306542567019e-71
0.0
0.0
0.0
0.0
0.0
0.0
0.0
0.0
0.0
0.0
0.0
0.0
0.0
0.0
0.0
0.0
0.0
0.0
0.0
0.0
0.0
0.0
0.0
0.0
0.0
0.0
0.0
0.0
0.0
0.0
0.0
0.0
0.0
0.0
0.0
0.0
0.0
0.0
0.0
0.0
0.0
0.0
0.0
0.0
0.0
0.0
0.0
0.0
0.0
0.0
0.0
0.0
0.0
0.0
0.0
0.0
0.0
0.0
0.0
0.0
0.0
0.0
0.0
0.0
0.0
0.0
0.0
0.0
0.0
0.0
0.0
0.0
0.0
0.0
0.0
6.432848531707182e-35
5.73155866576026e-34
3.4034839477495496e-33
8.911240194402714e-33
2.692697038416814e-32
5.430197624325592e-32
7.340860083506467e-32
6.772384173823871e-32
4.7284735284247676e-32
3.840940082005497e-32
5.294410578231579e-32
6.748235104066671e-08
6.282224155553666e-07
2.05793498191565e-05
0.00014861422760444634
0.0007457995275942271
0.002556068477537175
0.0059181783793834835
0.009199286249700336
0.009606679644897587
0.006897777800357106
0.0041585515022218925
0.004032599393766279
0.006108013869072075
0.007883811808677274
0.00799330526348918
0.007721318627471059
0.007962163359759784
0.00771786105913811
0.0058392395958574385
0.0030986255959514195
0.0011592813628678708
0.00034812012051306653
0.0001221184323498418
0.00013203021047924728
0.0005320258484212336
0.001961700256439083
0.004946682696043531
0.008426614587457295
0.010137313033972922
0.01003306185037441
0.010690941729636864
0.012498330957462122
0.0127737256578332
0.011042568771389226
0.010614893169583521
0.013963552983681501
0.018637146776466103
0.019217360673637527
0.014441364973004026
0.010016779118419035
0.012107195132858897
0.02018801244235501
0.027099192001609308
0.028311037203362744
0.027344263308901936
0.027783125024748823
0.027383645653081226
0.021037188425550444
0.011268069692205238
0.004068604058990541
0.0009818196904183118
0.00017121384225366026
0.0001274834066027906
0.0006180163189045459
0.0022940296922952684
0.005714610664412208
0.009601082968310888
0.011350117465526529
0.01084791417401231
0.01073301968064704
0.01132412490976958
0.010177244609592986
0.0076606918021775525
0.008026955273167732
0.014008790864361976
0.021835141767746685
0.023661557599770882
0.017174931503511636
0.0083134475436263
0.004090956376510286
0.0010070376310585465
0.00016521478091985453
1.8064824160713296e-05
1.3164371729739184e-06
6.393638616054788e-08
2.069557902222663e-09
4.464662413954134e-11
6.419204611125883e-13
6.151136434312455e-15
3.928357908992766e-17
1.672046250961385e-19
4.743152323117162e-22
8.967417855397582e-25
1.1299264678726869e-27
9.521264261609828e-31
4.272390929766317e-33
3.1727458609544904e-33
2.8733477692139953e-33
4.726687360689813e-33
8.713561100430626e-33
1.2171107472726399e-32
1.3136327900860796e-32
1.3328092107540852e-32
1.4177608332913173e-32
1.397677335677482e-32
1.083636765099276e-32
5.843637077141767e-33
2.1234108515096587e-33
5.156472060239401e-34
9.13099757176191e-35
7.104018030329479e-35
3.2941757468505662e-34
1.1614762279393265e-33
2.7750731937597817e-33
4.5656408918412536e-33
5.728524263847908e-33
6.864956068429488e-33
8.953636134480678e-33
1.0566746845888423e-32
9.665236144535516e-33
8.467634646066143e-33
1.257687610085042e-32
2.382645847915586e-32
3.45657569601684e-32
3.4036685455453005e-32
2.238640375878277e-32
9.815591076168039e-33
2.868425744584485e-33
5.586681536832923e-34
7.251802332294282e-35
1.4839121600381443e-35
9.794963930480792e-37
4.30902523299614e-38
1.2633880994525154e-39
2.468744096121079e-41
3.2151179879287106e-43
2.7906110158769972e-45
1.614296263346607e-47
6.223701098468736e-50
1.5991741483247967e-52
2.738573127667116e-55
3.1256077301322263e-58
2.3775307929305913e-61
1.205311712610322e-64
4.07243490728398e-68
9.170446343217882e-72
0.0
0.0
0.0
0.0
0.0
0.0
0.0
0.0
2.508509976647892e-05
0.00019309440305462808
0.0005966854928272367
0.0023592953206812897
0.006464845835905095
0.012539119969847641
0.017599247096715204
0.018145153147547735
0.01387013000965417
0.008652663649385828
0.007603326812098722
0.013162949884036684
0.022643643462330644
0.029346475254876783
0.028874360904068766
0.023323966201870574
0.017784158698858903
0.016014442319539284
0.018861703192846115
0.02225860270429615
0.02041826054734895
0.014016034192878796
0.009581617758023278
0.010897877540894637
0.015467523584677673
0.018558269482319513
0.017913733202712716
0.015881549585506374
0.012715202278879557
0.01165237095868782
0.011685695089485035
0.009851916249179554
0.006472549114802782
0.00472477936620567
0.005911398944213679
0.007791709927047671
0.00743548606983064
0.004780440119724699
0.002051118742955067
0.0005866337680414406
0.00011182365825886371
1.4206364997852769e-05
1.2028567877658203e-06
6.787759442862301e-08
2.5528218718614005e-09
6.398764549803841e-11
1.0689399199562642e-12
1.1901234447696254e-14
8.831048566937755e-17
4.367310642505489e-19
1.4394528466555586e-21
3.1620035271144162e-24
4.629230494903505e-27
4.764024310734998e-29
3.546688156179279e-32
1.7597605943458702e-35
5.819232651093079e-39
1.2825059856394374e-42
0.0
0.0
0.0
0.0
0.0
0.0
0.0
0.0
0.0
0.0
0.0
0.0
0.0
0.0
0.0
0.0
0.0
0.0
0.0
0.0
0.0
0.0
0.0
5.970018315286007e-07
4.050894033661854e-06
1.830799343791943e-05
5.689534528705955e-05
0.0001252661368162831
0.00020773131651290771
0.0002953953540154041
0.0004299640358846409
0.0006617940601273803
0.0009130530796950727
0.0010011445870451634
0.0010530736766261519
0.0018520514899747864
0.0043122286337871326
0.007909065546636842
0.010406160662161547
0.010800898565025715
0.010713204680217551
0.010668079577267685
0.008925557696794515
0.005397247181024961
0.002225753271293484
0.0006154783829381629
0.00011515125950456482
3.572582335087572e-05
4.0215712641365834e-05
0.00014811096642484197
0.0003917638430837324
0.0006999183007979157
0.0008788193822295641
0.0008779331653479612
0.0008672381070814892
0.0009066228332527955
0.0009232188131941978
0.0012863447172993354
0.00289094125336533
0.005953630965471159
0.008610636664349159
0.008357756386950719
0.005411456028167338
0.0023354462306879723
0.0006717590606503618
0.0001287773717046819
1.6453080929826496e-05
1.4009946355443922e-06
7.950734673041799e-08
3.007181198633104e-09
7.580423728662962e-11
1.2735292247884919e-12
6.667863967143492e-14
5.696455965420048e-16
3.2434283333118175e-18
1.2307941292998172e-20
3.1127774676678524e-23
5.246773064434416e-26
5.894107259065558e-29
4.4129127141412366e-32
2.201984147773476e-35
7.322925015448535e-39
1.623067323153204e-42
0.0
0.0
3.079919802567463e-05
0.0002826520966035804
0.0017288071997163237
0.0070472951710383825
0.019146081782262663
0.034667211138528095
0.04183496881280983
0.03364662762881256
0.01803537522488667
0.006443033224072452
0.0015887989236530154
0.0006454684892661203
0.0019931061493152244
0.00453071598394503
0.011262885148925763
0.018678236869411717
0.020644899447582774
0.015207975724026185
0.0074664059981634796
0.0024430555447072684
0.0005327661562662862
7.743217608126398e-05
7.5004591207907344e-06
4.842122590922864e-07
2.083364506000687e-08
1.5094697035911554e-05
0.00013820249512594502
0.0008433464717565238
0.0034298708300450455
0.009296747706263883
0.016794453417006996
0.020220051206375992
0.016224830792216573
0.008676801249493478
0.003092578064894434
0.00073462083411173
0.00011630204704657333
1.2271369267079948e-05
8.629392825416298e-07
1.1734715789662542e-07
4.196259816705328e-09
6.822081071190328e-05
0.00047475821713996636
0.002201964364901252
0.0068065906387927925
0.014022663938312007
0.019253645360982247
0.017618825670269594
0.010745397775803243
0.004367667645499755
0.0011832001566958968
0.00021362319272518238
2.570514942728378e-05
2.06145287984562e-06
1.1018138821156251e-07
3.92486402761289e-09
9.317996429960638e-11
1.4743548131578114e-12
1.5547588310995603e-14
1.092711719263057e-16
5.118346905278733e-19
1.5978477027315334e-21
3.32447135908509e-24
4.6098991924552806e-27
4.5756673455740906e-29
3.667189577908124e-32
7.89487415536022e-33
1.1027823343057964e-32
1.4549841612659048e-32
1.9214890078116636e-32
2.1924942868047648e-32
2.0104441939687334e-32
2.0586743792114263e-32
3.405792326200591e-32
5.792081724500541e-32
7.140794093754504e-32
5.937833432972503e-32
3.3034366321288356e-32
1.2672396505502746e-32
5.044081633908909e-33
6.297606687733487e-33
1.1076925192379492e-32
1.3957799440390431e-32
1.1772964334993684e-32
6.619809809306998e-33
2.4808073868242613e-33
6.19615812456723e-34
1.031415152723662e-34
1.1442635711158046e-35
8.460580941506556e-37
1.1896442777247568e-37
1.2813485016041852e-06
1.0457247280514121e-05
5.687861836808542e-05
0.00020618745935439953
0.0004981464093835582
0.0008021088525403108
0.0008607780084004284
0.0006156452945640767
0.00029346175756541314
9.322964106704523e-05
1.9739586836769983e-05
2.785503142061611e-06
2.6196953861391786e-07
1.6420239448004955e-08
6.859456792396799e-10
1.3015398804534718e-06
1.0532721212367827e-05
5.680827341826402e-05
0.00020420395698669835
0.0004892133109209303
0.0007811131066697728
0.0008312107154194819
0.0005895082530301455
0.0002786443196071083
8.777928655921624e-05
3.2438005414038945e-05
5.196352149880087e-06
5.547848030563784e-07
3.9475904125172323e-08
1.872066031511034e-09
9.961300846959637e-07
8.400652825898023e-06
4.721904877361153e-05
0.00017688990279872562
0.00044164203356562127
0.0007348848711646197
0.0008149852726889128
0.000602367820474522
0.00029672580277094197
9.741602670233411e-05
2.1315084509414784e-05
3.108316643393685e-06
3.020960153887963e-07
1.956799318223104e-08
8.447518040535172e-10
2.4304881929890078e-11
4.660574467425843e-13
5.9561679550874195e-15
5.073129727508883e-17
2.879827990456496e-19
1.0895287060861437e-21
2.111483164897821e-23
4.0622096366914655e-26
5.208571008555408e-29
4.459938371330636e-32
7.123078047933572e-34
3.578973986097148e-33
1.251759456457097e-32
3.0045214018105943e-32
5.209022035940388e-32
7.263249669278426e-32
9.320923380403226e-32
1.1119824284348665e-31
1.0841813225187256e-31
7.74547295812115e-32
3.9808216313235766e-32
1.7734251530792364e-32
7.277138669319508e-07
6.167210496424084e-06
3.483360647169392e-05
0.00013112625525169686
0.00032897464304107985
0.0005592212708293813
0.0006887240011983573
0.0008729295029544426
0.001766126827548664
0.003056400320714828
0.00565841235926041
0.0076015233511264125
0.008080871800057586
0.008062427464912054
0.007820202470910202
0.006281744901049002
0.0036424673827797484
0.0014418065496466532
0.0003829340123135699
7.128269375924211e-05
2.938554484437044e-05
9.072500405223761e-05
0.00025496651408076843
0.0004864869750400645
0.000650057774631228
0.0006895056540488419
0.0007655560275714283
0.0012203100179443535
0.0026867623128980465
0.005947454465088245
0.010460302281608483
0.0135700559939336
0.012917301582958776
0.009181318300554324
0.005507451665661351
0.004550359460350508
0.005813284953826007
0.008266798596282633
0.008605783700309084
0.006088147862357386
0.0031154525684217362
0.002104140670193998
0.0037031199970783734
0.006798589580421918
0.00869143044131451
0.007429449466626178
0.004233558439082931
0.0016078420825750203
0.0004069708494725624
6.865383476116638e-05
7.718765536437935e-06
5.783789069381649e-07
2.888408347570551e-08
9.613605240737885e-10
2.1325318517970865e-11
3.152726639503395e-13
3.1064091334720254e-15
2.0399172040243594e-17
8.927872410887705e-20
2.604143773212255e-22
5.062481958336402e-25
6.2940477849127765e-27
6.222016334204315e-30
4.099338734403064e-33
1.8000228312787945e-36
8.103393787831823e-36
6.466298216776312e-35
3.4391751583789806e-34
1.2860294265363302e-33
3.425550864219189e-33
7.497438060333135e-33
1.5483010033666125e-32
2.9200160403025857e-32
4.3352459116909883e-32
4.660994755680934e-32
3.983228808489618e-32
4.194851389296931e-32
6.5388756058107e-32
9.251681210309737e-32
9.266141674219854e-32
6.35243533073567e-32
3.2194942987539444e-32
1.7222533089926268e-32
1.4176218408709855e-32
1.2129650534685891e-32
7.607644319743208e-33
4.491571677655951e-33
1.4568070965376856e-33
3.151150760547819e-34
5.180002574403275e-35
5.685508837083e-35
2.8863622801392956e-34
1.0557819540614038e-33
2.5762635831360296e-33
4.189794263164518e-33
4.541263532812228e-33
3.2805167622074784e-33
1.5793899330027783e-33
5.0677830896402775e-34
1.0837477746545136e-34
1.5446140026499732e-35
1.4672133322434948e-36
9.288553993397225e-38
3.9190833804419414e-39
1.1724923266104645e-35
7.74729983891478e-35
3.411743140193014e-34
1.0013452665281802e-33
1.9587225337666645e-33
2.5535451327502906e-33
2.2186852952283478e-33
1.2847819306186687e-33
7.124473193729307e-34
2.0979206223142303e-34
4.1172467511905314e-35
5.385255180802416e-36
4.6944771236541166e-37
2.7274055199223757e-38
1.0560725427268935e-39
2.7253314992161496e-41
4.687340127918451e-43
5.3729790751078837e-45
4.1047373982018365e-47
2.0899560598669815e-49
7.09202864050786e-52
1.6039297925316482e-54
2.41758513196937e-57
2.428621000379966e-60
1.6259952186691134e-63
7.255382790026137e-67
2.1576596750726576e-70
6.473467176994703e-06
5.7396130826475965e-05
0.00033916406481410475
0.0013357297364009894
0.0035059757315464295
0.006134793532980534
0.007164513411183235
0.0063683796024161824
0.003944084323527794
0.002040426679167057
0.0014707944899762266
0.001544005781907337
0.0015956940115595365
0.0015891819487202973
0.0015250551469582383
0.0012059652576778053
0.0006882764625894216
0.00026830458306223914
7.712814044687891e-05
7.266442547811064e-05
0.0003523888247731089
0.001359268410768195
0.0035419455209631107
0.00625546179530703
0.007878200894461358
0.008065223445921829
0.008055267374577424
0.007818991801944584
0.0061746146592674455
0.0036377509857038353
0.0019003273827135625
0.0014079372707880048
0.001366308854829346
0.0011475242825728959
0.0006803707790933946
0.0002711827597207134
7.212770875220576e-05
1.2787971102306273e-05
1.511102381718789e-06
5.557686865402095e-06
3.753102648082841e-05
0.00017255392573838234
0.0005288250081977052
0.0010801428996153207
0.0014703881626056856
0.0013340261062933206
0.0008066371275546853
0.0003250675626128951
8.730731056371976e-05
1.5628206243493722e-05
1.864443408394658e-06
1.4824184984342077e-07
7.855502910925927e-09
1.819641487877418e-06
1.5258503312899027e-05
8.528751086013356e-05
0.0003177171629529711
0.0007888191782019564
0.001154435068586545
0.0014575010499136207
0.0012263933580246857
0.000687752616750978
0.0002570492028199644
6.402975195380263e-05
1.0629893800435536e-05
1.1761360994879105e-06
8.672968773421583e-08
4.26245231580469e-09
4.1394599729467e-06
2.9826830672135442e-05
0.0001432407669265086
0.00045846665981023725
0.0009779810243390325
0.001390383630413529
0.0013211667464133648
0.0008574587962003654
0.0004651570487079447
0.00046271897958579316
0.0008465722909945767
0.0014577434643749947
0.002135662668226799
0.0026813684952335473
0.0027340419114387404
0.0021001476393540134
0.00146960109966104
0.000686575331274408
0.00042583410597678436
0.0006687868135800768
0.0011003055846988878
0.0012643913401952141
0.0009772696589810995
0.0005338475461553225
0.0003298705890513343
0.0005142084670510404
0.0009490685781853177
0.0012475377170645203
0.0010987278541754021
0.0006451854014606146
0.0002525073198844509
6.586368006473962e-05
1.144984586695472e-05
1.326584266732474e-06
1.0243575972203466e-07
5.271690336098939e-09
1.8081303599180844e-10
4.133244851929134e-12
6.297005560208229e-14
6.393792947657277e-16
4.326777951242835e-18
1.9514264885583963e-20
4.251851759409357e-22
9.75142944047988e-25
1.4905275202018441e-27
1.5184247132761496e-30
1.0309273853374506e-33
4.664922544665686e-37
1.4068323500140502e-40
2.827624940665273e-44
0.0
0.0
0.0
0.0
0.0
0.0
0.0
0.0
0.0
0.0
0.0
0.0
0.0
0.0
0.0
0.0
0.0
0.0
0.0
0.0
0.0
0.0
0.0
0.0
0.0
0.0
0.0
0.0
0.0
0.0
0.0
0.0
0.0
0.0
0.0
0.0
0.0
0.0
0.0
0.0
0.0
0.0
0.0
0.0
0.0
0.0
0.0
0.0
0.0
0.0
0.0
0.0
0.0
0.0
0.0
0.0
0.0
0.0
0.0
0.0
0.0
0.0
0.0
0.0
0.0
0.0
0.0
0.0
0.0
0.0
0.0
0.0
0.0
0.0
0.0
0.0
0.0
0.0
0.0
0.0
0.0
0.0
0.0
0.0
0.0
0.0
0.0
0.0
0.0
0.0
0.0
0.0
0.0
0.0
0.0
0.0
0.0
0.0
0.0
0.0
0.0
0.0
0.0
0.0
0.0
0.0
0.0
0.0
0.0
0.0
0.0
0.0
0.0
0.0
0.0
0.0
0.0
0.0
0.0
0.0
0.0
0.0
0.0
0.0
0.0
0.0
0.0
0.0
0.0
0.0
0.0
0.0
0.0
0.0
0.0
0.0
0.0
0.0
0.0
0.0
0.0
0.0
0.0
0.0
0.0
0.0
0.0
0.0
0.0
0.0
0.0
0.0
0.0
0.0
0.0
0.0
0.0
0.0
0.0
0.0
0.0
0.0
0.0
0.0
0.0
0.0
0.0
0.0
0.0
0.0
0.0
0.0
0.0
0.0
0.0
0.0
0.0
0.0
0.0
0.0
0.0
0.0
0.0
0.0
0.0
0.0
0.0
0.0
0.0
0.0
0.0
0.0
0.0
0.0
0.0
0.0
0.0
0.0
0.0
0.0
0.0
0.0
0.0
0.0
0.0
0.0
0.0
0.0
0.0
0.0
0.0
0.0
0.0
0.0
0.0
0.0
0.0
0.0
0.0
0.0
0.0
0.0
0.0
0.0
0.0
0.0
0.0
0.0
0.0
0.0
0.0
0.0
0.0
0.0
0.0
0.0
0.0
0.0
0.0
0.0
0.0
0.0
0.0
0.0
0.0
0.0
0.0
0.0
0.0
0.0
0.0
0.0
0.0
0.0
0.0
0.0
0.0
0.0
0.0
0.0
0.0
0.0
0.0
0.0
0.0
0.0
0.0
0.0
0.0
0.0
0.0
0.0
0.0
0.0
0.0
0.0
0.0
0.0
0.0
0.0
0.0
0.0
0.0
0.0
0.0
0.0
0.0
0.0
0.0
0.0
0.0
0.0
0.0
0.0
0.0
0.0
0.0
0.0
0.0
0.0
0.0
0.0
0.0
0.0
0.0
0.0
0.0
0.0
0.0
0.0
0.0
0.0
0.0
0.0
0.0
0.0
0.0
0.0
0.0
0.0
0.0
0.0
0.0
0.0
0.0
0.0
0.0
0.0
0.0
0.0
0.0
0.0
0.0
0.0
0.0
0.0
0.0
0.0
