a = 4.749665496097099 b = 4.695210240090903 c = 16.779596834139596 ,Gaussian ,LMH = 0.08 ,DW = [0.3 0.3 0.3 0.3]
0.0
0.0
0.0
0.0
0.0
0.0
0.0
0.0
0.0
0.0
0.0
0.0
0.0
0.0
0.0
0.0
0.0
0.0
0.0
0.0
0.0
0.0
0.0
0.0
0.0
0.0
0.0
0.0
0.0
0.0
0.0
0.0
0.0
0.0
0.0
0.0
0.0
5.664764974840953e-34
4.396248312094682e-33
1.3754662979041197e-32
5.428162649505492e-32
1.4277011170670135e-31
2.502668310250514e-31
2.9238213818147113e-31
2.2765643424261612e-31
1.1813825969885143e-31
4.08585318079006e-32
9.417952438895926e-33
1.4468109172222144e-33
1.48131905560856e-34
1.010804089350026e-35
4.596919717068291e-37
1.3933120595918778e-38
2.8145658977418835e-40
3.789273866729577e-42
3.400025046239971e-44
2.033245342055675e-46
8.10361881312158e-49
2.1525327616866137e-51
3.810676524203355e-54
4.4960998447957844e-57
3.5355042020820233e-60
1.8528843649781406e-63
6.471825870958308e-67
1.5065615491007954e-70
0.0
0.0
0.0
0.0
0.0
0.0
0.0
0.0
0.0
0.0
0.0
0.0
0.0
0.0
0.0
0.0
0.0
0.0
0.0
0.0
0.0
0.0
0.0
0.0
0.0
0.0
0.0
0.0
0.0
0.0
0.0
0.0
0.0
0.0
0.0
0.0
0.0
0.0
0.0
0.0
0.0
0.0
0.0
0.0
0.0
0.0
0.0
0.0
0.0
0.0
0.0
0.0
0.0
0.0
0.0
0.0
0.0
0.0
0.0
0.0
0.0
0.0
0.0
0.0
0.0
0.0
0.0
0.0
0.0
0.0
0.0
0.0
0.0
0.0
0.0
0.0
0.0
0.0
0.0
0.0
0.0
0.0
0.0
0.0
0.0
0.0
0.0
0.0
0.0
0.0
0.0
0.0
0.0
0.0
0.0
0.0
0.0
0.0
0.0
0.0
0.0
0.0
0.0
0.0
0.0
0.0
0.0
0.0
0.0
0.0
0.0
0.0
0.0
0.0
0.0
0.0
0.0
0.0
0.0
0.0
0.0
0.0
0.0
0.0
0.0
0.0
0.0
0.0
0.0
0.0
0.0
0.0
0.0
0.0
0.0
0.0
0.0
0.0
0.0
0.0
0.0
0.0
0.0
0.0
0.0
0.0
0.0
0.0
0.0
0.0
5.644020575011027e-34
4.8586058785005515e-33
2.787509155516586e-32
1.0658656882651785e-31
2.0803071491819557e-31
4.044978534413644e-31
5.241873416463113e-31
4.5272907369959785e-31
2.6059842674580156e-31
9.997392477528384e-32
2.5561317961063186e-32
4.3557334128725475e-33
4.946760547871148e-34
3.7442258189160744e-35
1.8887945767822106e-36
6.350222884025656e-38
1.4229012420817604e-39
2.1249176136815557e-41
2.1149055778159893e-43
1.402882885146874e-45
6.202023385986829e-48
1.8273718489488422e-50
3.588409594068613e-53
4.696330325449225e-56
4.096347689524554e-59
2.3813132860703644e-62
9.226092547113968e-66
2.3823229064318355e-69
0.0
0.0
0.0
0.0
0.0
0.0
0.0
0.0
0.0
0.0
0.0
0.0
0.0
0.0
0.0
0.0
0.0
0.0
0.0
0.0
0.0
0.0
0.0
0.0
0.0
0.0
0.0
0.0
0.0
0.0
0.0
0.0
0.0
0.0
0.0
0.0
0.0
0.0
0.0
0.0
0.0
0.0
0.0
0.0
0.0
0.0
0.0
0.0
0.0
0.0
0.0
0.0
0.0
0.0
0.0
0.0
0.0
0.0
0.0
0.0
0.0
0.0
0.0
0.0
0.0
0.0
0.0
0.0
0.0
0.0
0.0
0.0
0.0
0.0
0.0
0.0
0.0
0.0
0.0
0.0
0.0
0.0
0.0
0.0
0.0
0.0
0.0
0.0
0.0
0.0
0.0
0.0
0.0
0.0
0.0
0.0
0.0
0.0
0.0
0.0
0.0
0.0
0.0
0.0
0.0
0.0
0.0
0.0
0.0
0.0
0.0
0.0
0.0
0.0
0.0
0.0
0.0
0.0
0.0
0.0
0.0
0.0
0.0
0.0
0.0
0.0
0.0
0.0
0.0
0.0
0.0
0.0
0.0
0.0
0.0
0.0
0.0
0.0
0.0
0.0
0.0
0.0
0.0
0.0
0.0
0.0
0.0
0.0
0.0
0.0
0.0
1.0373284578049672e-06
8.95518757919846e-06
5.152460015300277e-05
0.0001975768792408569
0.000504939285043425
0.0007533706794249066
0.000979071330299798
0.0008480110305322119
0.0004895197489607934
0.00018833042294949146
4.82894539167991e-05
8.252122282072882e-06
9.398543669407513e-07
7.134064321935511e-08
3.609067676231539e-09
1.2168430873529917e-10
2.734359928326805e-12
4.0950417199564807e-14
4.0873565944506017e-16
2.718994160098138e-18
1.2054676750722764e-20
3.561922055463147e-23
7.014469035330106e-26
9.206334308517129e-29
8.053046900972002e-32
4.694780193797419e-35
1.824113456743517e-38
4.723565901766241e-42
0.0
0.0
0.0
0.0
0.0
0.0
0.0
0.0
0.0
0.0
0.0
0.0
0.0
0.0
0.0
0.0
0.0
0.0
0.0
0.0
0.0
0.0
0.0
0.0
0.0
0.0
0.0
0.0
0.0
0.0
0.0
0.0
0.0
0.0
0.0
0.0
0.0
0.0
0.0
0.0
0.0
0.0
0.0
0.0
0.0
0.0
0.0
0.0
0.0
0.0
0.0
0.0
0.0
0.0
0.0
0.0
0.0
0.0
0.0
0.0
0.0
0.0
0.0
0.0
0.0
0.0
0.0
0.0
0.0
0.0
0.0
0.0
0.0
0.0
0.0
0.0
0.0
0.0
0.0
0.0
0.0
0.0
0.0
0.0
0.0
0.0
0.0
0.0
0.0
0.0
0.0
0.0
0.0
0.0
0.0
0.0
0.0
0.0
0.0
0.0
0.0
0.0
0.0
0.0
0.0
0.0
0.0
0.0
0.0
0.0
0.0
0.0
0.0
0.0
0.0
0.0
0.0
0.0
0.0
0.0
0.0
0.0
0.0
0.0
0.0
0.0
0.0
0.0
0.0
0.0
0.0
0.0
0.0
0.0
0.0
0.0
0.0
0.0
0.0
0.0
0.0
0.0
0.0
0.0
0.0
0.0
0.0
0.0
0.0
0.0
0.0
0.0
2.1203976144063315e-33
1.9474336356102548e-32
1.1920365579976504e-31
4.862930144075039e-31
1.3221722423969116e-30
2.055806485167661e-30
2.8423320779004007e-30
2.6190811165650978e-30
1.608439131376627e-30
6.583272917892032e-31
1.7958110401473113e-31
3.2648329345471585e-32
3.955877519382406e-33
3.1945247606029007e-34
1.7192982807499216e-35
2.234760080780769e-34
1.6705223393483885e-33
8.34541047899707e-33
2.778615631623524e-32
6.173232237966883e-32
9.180565078961995e-32
9.331635496008053e-32
7.177625535816782e-32
5.736540575882748e-32
5.995569668196763e-32
6.225363804052703e-32
5.784195346582362e-32
6.337271184665047e-32
8.329155006941168e-32
9.235689764331748e-32
7.203403907648165e-32
4.9035163962899154e-32
1.9680911138235613e-32
5.26781332380662e-33
9.398222098642043e-34
1.117510094804193e-34
8.856056416017653e-36
4.62517732395441e-05
0.0003360481458760077
0.0016272570716380566
0.005251608949263394
0.011328585134333791
0.0164464375217752
0.016775483349077077
0.014320434563122268
0.014408341067816983
0.016913905599074887
0.017099291298650125
0.014714995528557265
0.014351403867529198
0.016445451804180358
0.015984466730025355
0.010979301229421836
0.005085825740148728
0.0015736959252303719
0.000324677063216403
4.4647821599662905e-05
9.494482121857134e-06
6.639426564493392e-07
3.0943672191658645e-08
9.611579535277487e-10
1.9897533327222712e-11
2.745271293496927e-13
2.524369042558447e-15
1.5470415238896305e-17
6.31877140301894e-20
1.7200650261067597e-22
3.120603815526353e-25
3.773235858392966e-28
3.040680710927534e-31
1.6330866679121463e-34
5.845601365678988e-38
1.3945391351182944e-41
0.0
0.0
0.0
0.0
0.0
0.0
0.0
0.0
0.0
0.0
0.0
0.0
0.0
0.0
0.0
0.0
0.0
0.0
0.0
0.0
0.0
0.0
0.0
0.0
0.0
0.0
3.560610863388241e-05
0.0002730715519466259
0.0013957574440504202
0.004754720528216439
0.010844497609369046
0.016691214202809317
0.018187113249687786
0.016560630952404
0.01674929874796972
0.018097320294397184
0.018780110781688265
0.01707912521258303
0.016711619042774375
0.018069108380926922
0.01650488864194002
0.010732854024985033
0.0047224864524097
0.0013894477840568154
0.00027264964650352413
3.566283597474683e-05
3.1090142527648494e-06
1.806401089765407e-07
6.995002483144577e-09
1.8052745123254878e-10
3.1051330035035585e-12
3.559579677798779e-14
2.719560844422658e-16
1.3847787459055435e-18
4.699412275532889e-21
1.0628898332811353e-23
1.6021918090708428e-26
1.6096161079291033e-29
1.0777341886509122e-32
4.809307640772854e-36
1.4303259096919541e-39
5.0867160730934995e-42
0.0
0.0
0.0
0.0
0.0
0.0
0.0
0.0
0.0
0.0
0.0
0.0
0.0
0.0
0.0
0.0
0.0
0.0
0.0
0.0
0.0
0.0
0.0
0.0
0.0
0.0
0.0
0.0
0.0
0.0
0.0
0.0
0.0
0.0
0.0
0.0
0.0
0.0
0.0
0.0
0.0
0.0
0.0
0.0
0.0
0.0
0.0
2.6135601526003544e-34
2.1384751464794143e-33
1.1661581788142315e-32
2.883769158872339e-32
7.996801731705044e-32
1.4779294810215507e-31
1.82042438493384e-31
1.4944215601456889e-31
8.17626865307483e-32
2.981389581659654e-32
7.245424816599527e-33
1.1735200855806792e-33
1.101570379931796e-33
7.422973794813462e-33
3.7576678786747326e-32
1.2728363183953098e-31
2.8901485800541584e-31
4.487597668340684e-31
5.106002042986733e-31
5.097546012906916e-31
5.3846658989687935e-31
5.575526642555292e-31
4.966958001533527e-31
4.140690943753734e-31
3.634787625932769e-31
2.929505626531511e-31
1.781706502887337e-31
7.484117469856713e-32
2.1146519360290462e-32
7.27835089382616e-33
1.048693323732348e-33
1.0072700299664e-34
6.448369615890935e-36
2.7513239947894746e-37
7.823780502856263e-39
1.4827690679288088e-40
1.8728889310619774e-42
1.5766384030972925e-44
8.845731091081387e-47
3.307629940412292e-49
8.242930626262866e-52
1.369077153908157e-54
1.5154993350285625e-57
1.1180600381252664e-60
5.497383673462526e-64
1.8014761618918417e-67
3.934436489534144e-71
0.0
0.0
0.0
0.0
0.0
0.0
0.0
0.0
0.0
0.0
0.0
0.0
0.0
0.0
0.0
0.0
0.0
0.0
0.0
0.0
0.0
0.0
0.0
0.0
0.0
0.0
0.0
0.0
0.0
0.0
0.0
0.0
0.0
0.0
0.0
0.0
0.0
0.0
0.0
0.0
0.0
0.0
0.0
0.0
0.0
0.0
0.0
0.0
0.0
0.0
0.0
0.0
0.0
0.0
0.0
0.0
0.0
0.0
0.0
0.0
0.0
0.0
0.0
0.0
0.0
0.0
0.0
0.0
0.0
0.0
0.0
0.0
0.0
0.0
0.0
0.0
0.0
0.0
0.0
0.0
0.0
0.0
0.0
0.0
0.001739964694189021
0.007014586828533527
0.04048982265819263
0.15639236027449357
0.4050339395994709
0.7165199205557462
0.9144433092079532
0.9603598696239976
0.9803036323581696
1.0
0.9798630127683967
0.9562599424713827
0.8802041323536487
0.6479173420788313
0.33985403259404706
0.12132021296785446
0.02904322262036663
0.004642166170191125
0.0004947716098205836
3.5150860001662644e-05
1.6644380398671596e-06
5.252745202712528e-08
1.1048114527000888e-09
1.5487167874149698e-11
1.446896695168788e-13
9.009166843189616e-16
2.4337926028821338e-17
7.706075608842223e-20
1.6261646439815304e-22
2.287058700982029e-25
2.143737756933778e-28
1.339206506969985e-31
5.575771821618653e-35
1.5471911866433668e-38
0.0
0.0
0.0
0.0
0.0
0.0
0.0
0.0
0.0
0.0
0.0
0.0
0.0
0.0
0.0
0.0
0.0
0.0
0.0
0.00015214313917796555
0.001276183074502371
0.007134361908793144
0.0265814605603931
0.06600610295167617
0.10923728380308859
0.12048673653770887
0.08857050851853705
0.04339309059602894
0.014168816513820463
0.0030833875716449136
0.0004472024838615454
4.3227671726793246e-05
2.784845016633204e-06
1.1956987210766428e-07
3.421559108660708e-09
6.525411101242152e-11
8.294176178865815e-13
7.026194744508139e-15
3.966876299750958e-17
1.4926523916899207e-19
3.7432622333088273e-22
6.256383646618271e-25
6.969121561780552e-28
5.173855032142337e-31
3.385888039951824e-33
1.2782370149794445e-36
3.2161162181209897e-40
0.0
0.0
0.0
0.0
0.0
0.0
0.0
0.0
0.0
0.0
0.0
0.0
0.0
0.0
0.0
0.0
0.0
0.0
0.0
0.0
0.0
0.0
0.0
0.0
0.0
0.0
0.0
0.0
0.0
0.0
0.0
0.0
0.0
0.0
0.0
0.0
0.0
0.0
0.0
0.0
0.0
0.0
0.0
0.0
0.0
0.0
0.0
0.0
0.0
0.0
0.0
0.0
0.0
0.0
0.0
0.0
5.4118351973237034e-05
0.00044666988659124114
0.002457029292058727
0.009096688601800022
0.022679725358906947
0.03920975780427215
0.050336112701096225
0.054370484996289846
0.055778509328807235
0.0558234647451471
0.054243383382198467
0.049442012018472196
0.03752234353894995
0.021030607744098994
0.008165554181205906
0.0021413998019412747
0.0003759500793867491
4.40540271951123e-05
8.422725468236804e-06
5.021996928584364e-07
1.9957906459416647e-08
5.286229277013664e-10
9.33172972527659e-12
1.0978955867321686e-13
8.608785052934229e-16
4.49887954849156e-18
1.566925893477516e-20
3.637258027763823e-23
5.627057040876366e-26
5.801897790512137e-29
3.986946230403641e-32
1.8259640879117178e-35
5.573469557012621e-39
1.1338107829717637e-42
0.0
0.0
0.0
0.0
0.0
0.0
0.0
0.0
0.0
0.0
0.0
0.0
0.0
0.0
0.0
0.0
0.0
0.0
0.0
0.0
0.0
0.0
0.0
0.0
0.0
0.0
0.0
0.0
0.0
0.0
0.0
0.0
0.0
0.0
0.0
0.0
0.0
0.0
0.0
0.0
0.0
0.0
0.0
0.0
0.0
0.0
0.0
0.0
0.0
0.0
0.0
0.0
0.0
0.0
0.0
0.0
0.0
0.0
0.0
0.0
0.0
0.0
0.0
0.0
0.0
0.0
0.0
0.0
4.415900331571797e-34
4.074549936216333e-33
2.50565674006841e-32
1.026939960285046e-31
2.8051111864083756e-31
5.106656605540755e-31
6.1959053955723155e-31
5.0101929228955445e-31
2.7001361827124926e-31
9.698363019434939e-32
2.3216286361778535e-32
3.703979854242307e-33
3.938456273215486e-34
0.00032074431652505923
0.002132425893191341
0.00944866547541205
0.02790284891077326
0.05491717263043871
0.07203595868927762
0.06889869257748552
0.04595732389147261
0.020804429467160494
0.0084555286437206
0.011482655121925292
0.02951768435076819
0.055860935318301094
0.07079892932389006
0.059816960324494406
0.03377444930537999
0.013401774387826077
0.007372589442580876
0.01605598384047767
0.03822582128841753
0.06252476325214756
0.06825519740665857
0.04966247977630776
0.024082627299459047
0.007783249139735822
0.0016764845318490268
0.00024066875840644055
2.3026155457204004e-05
1.468265842377683e-06
6.239783291193227e-08
1.7673227432007415e-09
1.3107331983435765e-10
1.8878315471523206e-12
1.8121482634816844e-14
1.1593265007355776e-16
4.943099446297031e-19
1.4046705601776626e-21
2.660303361840663e-24
3.357940268568349e-27
2.8996847741986857e-30
1.477274914845816e-31
2.009972305260969e-31
2.0803932443826284e-31
1.8115157331389153e-31
1.4665526411320097e-31
1.1415899033240017e-31
8.368633053767915e-32
5.332014406373052e-32
2.6389950085653193e-32
9.337261473813157e-33
2.2648875595962498e-33
3.7010323297377284e-34
4.039717259521431e-34
2.7249561724951158e-33
1.3584855357948477e-32
4.5184958754557824e-32
1.0016565050486342e-31
1.3592614148648187e-31
1.5322532074230526e-31
1.151170462425878e-31
5.829087700771382e-32
2.348534040538376e-32
2.2796245558931766e-32
5.441119513458906e-32
1.041454942832951e-31
1.3426297571018058e-31
1.1542208662288912e-31
6.641934687911795e-32
2.7443910268300954e-32
1.7574721054300836e-32
3.890345267836756e-32
8.56078065326034e-32
1.2880824808529747e-31
1.2933620535512816e-31
8.655782953757566e-32
3.860784507674059e-32
1.1476947227760081e-32
2.2738340168112526e-33
3.0024285577156136e-34
2.6422149977428124e-35
1.5496912207808677e-36
6.057643908095791e-38
1.5781339250546575e-39
1.1069757994913464e-40
1.4664957967119917e-42
1.2948070838597685e-44
7.6192260602232725e-47
2.988121138084076e-49
7.810288719193432e-52
1.3605594573913648e-54
1.5796086768255443e-57
1.2222584376112729e-60
6.30315701181243e-64
2.1663805868959698e-67
4.962413312123299e-71
0.0
0.0
0.0
0.0
0.0
0.0
0.0
0.0
0.0
0.0
0.0
0.0
0.0
0.0
0.0
0.0
0.0
0.0
0.0
0.0
0.00020119904033371656
0.0016625017371800503
0.009155453449594257
0.033603085584205716
0.08219776433450203
0.134005431373055
0.1456016662123488
0.10560849701665152
0.05233934050689423
0.0245614099699084
0.03429780982374135
0.07760803787466997
0.12874526801929514
0.1431656809647794
0.10626768626994325
0.053589968823490076
0.024027831538173335
0.030341827756778527
0.07008308711953297
0.10555712469328336
0.14040685634384345
0.12460097335554712
0.07369894980565597
0.029052540773076955
0.0076328823118163676
0.0013365172415505994
0.00015597037400875887
1.213084935818762e-05
6.288134955661588e-07
2.172371249353461e-08
5.001816870840201e-10
7.675436373692106e-12
7.849823880044257e-14
5.350548415073759e-16
2.4306265172748876e-18
7.359015424295333e-21
1.4849189274202147e-23
1.996950597350517e-26
1.789836857619735e-29
1.0691561082960887e-32
4.2564775198859635e-36
1.129382658161426e-39
0.0
0.0
0.0
0.0
0.0
0.0
0.0
0.0
0.0
0.0
0.0
0.0
0.0
0.0
0.0
0.0
0.0
0.0
0.0
0.0
3.6064932398955814e-33
2.500440736072045e-32
1.155392534265332e-31
3.558148721175618e-31
7.302981226182173e-31
9.989823613083396e-31
9.107454373610262e-31
5.53372708359952e-31
2.240887308550087e-31
9.790143645948776e-32
2.016015769218304e-32
2.766816352571528e-33
2.530744437574108e-34
1.542757961594843e-35
6.2679980093196725e-37
1.6972329384788e-38
3.062919632194014e-40
3.683929408386618e-42
2.9530346708282545e-44
1.292991098829832e-06
1.1350203381220624e-05
6.640385617631033e-05
0.00026535901287970474
0.0007150006077089544
0.0013529977361548364
0.0019070933468013332
0.0022025329606610235
0.0022919150311923693
0.00224006526655859
0.0019973714812950225
0.001491826010821322
0.0008471219062246908
0.00034163308842971287
9.44073473376292e-05
3.2192695990288486e-05
4.5927723760056294e-06
4.378160748028414e-07
2.7844564961902476e-08
1.1807334770330493e-09
3.337472315010292e-11
6.287735533389539e-13
7.895218629229981e-15
5.329867770299767e-05
0.0004028551259107508
0.002029377782526177
0.006813314826996879
0.015245285469114403
0.02273496097278266
0.02259614813804333
0.014967737626456408
0.006607839082989399
0.0019982221905793566
0.0007864456194745028
0.0020759145063698253
0.006756368965066178
0.014996816967201529
0.022198878344207272
0.021900369340679317
0.014399704373178564
0.006310114880852806
0.0029415886223681446
0.0009354990200926218
0.0016391794722095683
0.005519456982355441
0.01311371413954877
0.02079913152485994
0.02198699595736873
0.015490615883973472
0.007273660673612793
0.002276244644987833
0.00047475154379475156
6.599262175960314e-05
6.113725385468363e-06
3.774835411042701e-07
1.5533583694865247e-08
4.2601692297516773e-10
7.786881916432807e-12
0.0004044981134952209
0.0026060272996834308
0.011189816627071834
0.03202200540433906
0.061073896893443634
0.07763262742637789
0.06576797744959441
0.037133529974188395
0.014036276225266826
0.006098158438381253
0.0030674064988462308
0.00908415630060369
0.027272288319582193
0.05538563549501427
0.07499559425082222
0.06768009631112816
0.04070688541197635
0.01637682160009207
0.004895473784074923
0.004010435678211559
0.013096656366407685
0.03485716287665281
0.06224315133591967
0.07408975396789928
0.05877718791711654
0.031077142452806118
0.010951028348686713
0.0025718774828039424
0.00040255682791592374
4.199384748248393e-05
2.919615657782097e-06
1.3528425357319082e-07
4.177826147535209e-09
8.598744125078565e-11
5.154568640088417e-12
5.3948524306554075e-14
3.763122535968802e-16
1.749438576969236e-18
5.420390630482055e-21
1.1192936013566925e-23
1.5404194883169436e-26
1.4129133737246576e-29
8.637212718784797e-33
3.518951194556582e-36
9.555082025424308e-40
0.0
0.0
0.0
0.0
3.6981906534221883e-34
2.8486434075605915e-33
1.4624075720316888e-32
5.003573855291307e-32
1.1409687515076482e-31
1.7339985666087766e-31
1.7570010128543491e-31
1.1922577716751355e-31
5.74352770310347e-32
3.292441730564616e-32
5.025009760232946e-32
7.552327862342791e-32
1.0748860861692132e-31
1.045344378588388e-31
7.014684363951165e-32
3.9224194826110564e-32
4.115371707571231e-32
8.031482750023123e-32
1.3086550521442877e-31
1.5254520927524513e-31
1.352444228090885e-31
1.0279057873437122e-31
7.056682735441765e-32
4.004249403163734e-32
1.675541621086053e-32
4.9617465548344155e-33
1.666412693747077e-33
3.0308812366477244e-33
7.823507099051455e-33
1.3992833779066706e-32
1.6701339865256538e-32
1.3286074600412455e-32
7.044078676545501e-33
2.4890480283240013e-33
5.861704274727368e-34
9.200174826038286e-35
9.623871244427585e-36
1.7053746910072903e-36
9.071437604156517e-38
3.2159846721917055e-39
7.598596282476068e-41
1.1965595564474753e-42
1.2557894109436687e-44
8.783768108818988e-47
4.0947411722697644e-49
1.272194743742252e-51
2.634282135372433e-54
3.6354026934422025e-57
3.343676945832387e-60
2.049640269695917e-63
8.37360610307984e-67
2.279969085795745e-70
0.0
0.0
0.0
0.0
0.0
0.0
0.0
0.0
0.0
0.0
0.0
0.00013752165692894905
0.0011549450335055966
0.006574312654050556
0.02507298423732391
0.06565994201157402
0.12209569544514316
0.17220445639009155
0.20278458553757592
0.21700943967748168
0.21316700933103033
0.17933216055289763
0.1177309812422306
0.056107821149291796
0.018596742359306823
0.004193539367382736
0.0006366467700033373
6.475600686514215e-05
4.403007914534357e-06
1.9991461744675645e-07
6.0580654287100764e-09
1.2248719704353365e-10
8.209665276734524e-05
0.0005688485170652572
0.002626935242267115
0.008085067532536076
0.013654444456403016
0.021370313849224866
0.022290987777439736
0.015496344951972496
0.007199669413921277
0.0023941179267926017
0.0015066635189691475
0.004215258103522426
0.010947407376465266
0.019214533262871203
0.022487515337083226
0.017540501023774514
0.009118519243088366
0.0032852846502549344
0.0015267089397852335
0.003473714959115951
0.009457978220239109
0.01769347857605813
0.022085174134879523
0.0183733317273997
0.010187255707660204
0.003764506667516909
0.000927129677306534
0.00015217890105647143
1.6647535600927547e-05
1.2137437574275108e-06
1.6907493947733008e-07
6.268431406624231e-09
1.548888172029416e-10
2.5507200557900836e-12
2.7995425891939833e-14
2.0478253214696802e-16
0.00030360003859665415
0.0021972136504295305
0.01059800945595908
0.03406888066838688
0.07299161546811059
0.10422445538714305
0.0994533090381542
0.06488642821044883
0.036327402653203854
0.03942422014133247
0.07121254914796894
0.10187836800507968
0.09897721113569638
0.06552073619964408
0.035839623189021466
0.03623617445625869
0.06607339675513713
0.0982923269196593
0.09936773626967772
0.06706127092438732
0.04118723966956977
0.014136979118011827
0.003233948274128487
0.0004930502145166696
5.009919988995381e-05
3.392750918244115e-06
1.5312803574830659e-07
4.606159736760713e-09
9.234317998077856e-11
1.233821135765296e-12
1.0987050818646051e-14
6.520660800589222e-17
2.579191763445734e-19
6.799190438294788e-22
1.1945719862082209e-24
1.3987786488940935e-27
1.0916092607856727e-30
5.677628554375555e-34
1.9681051130354415e-37
4.546855484910487e-41
0.0
0.0
0.0
0.0
0.0
0.0
0.0
0.0
0.0
0.0
0.0
0.0
0.0
0.0
0.0
0.0
0.0
0.0
0.0
2.9909200956054708e-06
2.1055542376544367e-05
9.878923071395822e-05
0.0003089116749229219
0.0006437846080016981
0.000894187108105348
0.0008277472897042352
0.0005106797990979984
0.00021315600768266222
7.953212863538854e-05
0.00011202098418395002
0.0003136059183795133
0.0005276098032074276
0.000825110008833875
0.000860365271038319
0.0005979198525645539
0.00027904658764547994
0.000101171584773005
9.538370310299593e-05
0.0002596089964138256
0.0005669272767889964
0.0008322215070579095
0.0008144927081499005
0.0005312799785404311
0.00023096252237167324
6.691772029980505e-05
1.292177901113656e-05
1.6629723554637626e-06
1.4263604828514257e-07
8.153707257940985e-09
3.106436495617389e-10
7.887718317638626e-12
1.3348173843056382e-13
1.505476094065748e-15
1.1316377361906794e-17
5.669209772273748e-20
1.8928629955112581e-22
4.212087488763104e-25
5.7303838150578135e-27
6.484320821024817e-30
4.890202290758867e-33
2.457936753648912e-36
8.233720695114945e-40
1.8382437837192484e-43
0.0
0.0
0.0
0.0
0.0
0.0
0.0
0.0
0.0
0.0
0.0
0.0
0.0
0.0
0.0
0.0
0.0
0.0
1.947074656084082e-34
1.3480189809316762e-33
3.9411915077425905e-33
1.401380346971463e-32
3.368798845879881e-32
5.568486096686486e-32
6.639448572940384e-32
6.378893901732595e-32
5.840442616048991e-32
5.372536530690367e-32
4.309821196829781e-32
2.602906847400644e-32
1.100717261054208e-32
3.257945674722867e-33
1.2742344741727288e-33
3.2577675328891775e-33
1.0179063262854639e-32
2.1696662891570505e-32
3.084154681370575e-32
3.002623073722634e-32
2.367408045435185e-32
3.030689648235759e-32
6.700313949543805e-32
1.2466441601077793e-31
1.5897064055295873e-31
1.3668840902836929e-31
8.432685821827312e-32
5.975934169833145e-32
5.830346880466004e-32
8.459171614715869e-32
1.0060887009441934e-31
8.345251465367222e-32
4.712050571837247e-32
1.7998362143102446e-32
4.633118087746765e-33
8.014436376162222e-34
9.295255733317174e-35
7.216197941165609e-36
3.7452151725172384e-37
1.29830497015376e-38
3.004200642647701e-40
4.638042327929702e-42
4.775880543057347e-44
3.27933738054771e-46
1.5012845007460294e-48
4.5817913174245996e-51
9.321134664475521e-54
1.2639778805047993e-56
1.1424326834577963e-59
1.341852118447274e-34
1.040949361230998e-33
5.38190587533435e-33
1.8544884862495794e-32
3.376890903885231e-32
5.917082898654676e-32
6.910028292459415e-32
5.378157859756945e-32
2.7915408196120127e-32
9.779970099917619e-33
2.9126100541809707e-33
2.6885397083196698e-33
5.353717433929625e-33
8.034680113270163e-33
8.084513158196887e-33
5.4750239474581954e-33
2.9174811960570113e-33
3.8356020463086044e-33
1.324459210969077e-32
3.676320321428365e-32
6.868485033454128e-32
8.556453067095111e-32
7.104242048906485e-32
3.931187235903388e-32
1.449810623684915e-32
3.563529642372491e-33
5.8375554905422385e-34
6.373283189370256e-35
4.637425639619836e-36
2.2489109010358923e-37
2.3870964680101507e-38
5.886644935170571e-40
9.674917279970946e-42
1.0597617194814245e-43
7.73661069161169e-46
3.764218349327501e-48
1.2206198251217132e-50
2.637956195602533e-53
3.7995860806280153e-56
3.647426462139539e-59
2.333556655221631e-62
9.950197528426167e-66
2.8276561917745625e-69
0.0
0.0
0.0
0.0
0.0
0.0
0.0
0.0
0.0
0.0
0.0
0.0
0.0
0.0
0.0
0.0
0.0
0.0
0.0
0.0
0.0
0.0
0.0
0.0
0.0
0.0
0.0
0.0
0.0
0.0
0.0
0.0
0.0
0.0
0.0
0.0
0.0
0.0
0.0
0.0
0.0
0.0
0.0
0.0
0.0
0.0
0.0
0.0
0.0
0.0
0.0
0.0
0.0
0.0
0.0
0.0
0.0
0.0
0.0
0.0
0.0
0.0
0.0
0.0
0.0
0.0
0.0
0.0
2.631405738464169e-34
1.8721543029291305e-33
8.877220585712905e-33
2.8053944336068115e-32
5.908706233898238e-32
8.303654221660407e-32
7.840808052578691e-32
5.302157096126172e-32
3.7755793535770055e-32
5.031546545703571e-32
7.663257011039408e-32
8.550725455188835e-32
6.562340486355559e-32
4.0004399849845715e-32
3.574476865997823e-32
1.4006342524409727e-07
1.1811449677626659e-06
6.638396880252005e-06
2.486593367772986e-05
6.207659351020347e-05
0.00010328387673394478
0.00011452986079190072
9.793630794269476e-05
5.552277026144956e-05
2.2940820359992916e-05
1.5886583685959517e-05
4.662404333205306e-05
0.00015058790697437444
0.0004517563199944345
0.0011772587705916244
0.002421913755857676
0.0038295544483995655
0.0048742135593809145
0.0054519267079528155
0.006082158661309217
0.00760919427095968
0.010156359019410257
0.011814788596088904
0.010299095376646287
0.00659201920648215
0.004190145508816909
0.004957664524912551
0.007424583393104565
0.008820373907655178
0.008608641881017572
0.008549929662045793
0.00876194742897044
0.008103640938625726
0.0055136083179968196
0.0025677427259065233
0.0008022023912410457
0.0001672931085235847
4.7132145053606735e-05
0.00018141594937864632
0.0008972821536041389
0.0029924530240201855
0.006698826128957739
0.010163582723146273
0.01108753823394105
0.010384447733364189
0.01062092970754682
0.01117985734539628
0.01006985398891158
0.00904919010548467
0.011610571771963611
0.016759743495381924
0.019105188627172393
0.016290046630563933
0.013196072638356506
0.016315965478959537
0.024883767638455852
0.030970858210079086
0.030984146226622072
0.030294394429407095
0.031118853470590062
0.029629708203942267
0.021290857922110554
0.010552794784197034
0.0035160364050566342
0.0007823987419733562
0.00013915530282192212
0.00018977852490598566
0.0009194142257457761
0.0031546423100988143
0.007268110075745257
0.011337664013644175
0.012652950411910974
0.011939361818989339
0.01209194008873444
0.012582787112988885
0.010796038466055065
0.008190839708375969
0.009756424312633875
0.017406265514553317
0.025490085171770042
0.025585895103039016
0.017172951575360893
0.007684871163796417
0.002292075483653295
0.0008166940806111087
0.00012386731967543957
1.252090386288686e-05
8.435215397485712e-07
3.787374248892145e-08
1.1333441709112326e-09
2.2603045369094356e-11
3.0043715891700766e-13
2.6614718942403245e-15
1.5713454427597745e-17
6.183053503448187e-20
1.62149601991854e-22
2.8340683773126763e-25
3.3013675873229583e-28
2.61579719333798e-31
4.107143976699394e-33
4.511526931051048e-33
8.025163609553093e-33
1.2277327236429413e-32
1.4115844874494056e-32
1.408128794430949e-32
1.4651037485743672e-32
1.4610080021053276e-32
1.1306227207223914e-32
6.0966453547357766e-33
3.246861710574822e-33
9.026346401183954e-34
1.717913996577552e-34
6.058036756374422e-35
2.4458891937044188e-34
9.86041536261412e-34
2.6891872196279203e-33
4.9793043675165666e-33
6.661632239429545e-33
7.683741541342102e-33
9.523201315794732e-33
1.1772687427621745e-32
1.1702756181145658e-32
9.750255819385709e-33
1.158031550207583e-32
2.182234022781144e-32
3.5654847405518303e-32
4.0335191372968174e-32
3.055270222515021e-32
1.5432517957707338e-32
5.1955793774044125e-33
1.165778665232926e-33
1.7433322750772202e-34
1.737504082192599e-35
1.1541255367375618e-36
5.109304854728575e-38
5.103504714856235e-39
1.1488937490313814e-40
1.7237439737489724e-42
1.7236425375456278e-44
1.1486909360308036e-46
1.5417586642506462e-05
0.00012764104887979638
0.0007042808490072441
0.00260066176277256
0.006446456784133278
0.010974791693940623
0.013765183987238529
0.01494966147789044
0.016317829049866416
0.016795455670065813
0.015065012160994573
0.014394824638089337
0.01793779078966199
0.022699836084017884
0.022872646054231248
0.017199323090773246
0.010829743649630111
0.010311636268927359
0.017795202084766572
0.02836862980335088
0.03346060454168113
0.03152945373234665
0.022756484354798878
0.01271841242770218
0.006637073227524489
0.006005371656340236
0.008552960312180764
0.01052685848687168
0.010623109744317374
0.010541484680395667
0.010578274379704681
0.008818846990900218
0.005270661556298608
0.0021415580422903817
0.0005828978694184477
0.00012151470567192046
0.00014317690398527025
0.0007252006532943157
0.00268124272522526
0.006658391684061415
0.011174677440206334
0.013287176029124638
0.012911492043693074
0.012875858393289726
0.013229411312889114
0.011265823524131708
0.008701408357026338
0.005664918214769806
0.0059226110685145425
0.008231450186115825
0.008982254158528115
0.0066827515139648635
0.0033230699909395415
0.0011016834497444392
0.00024343012668699425
3.584888547927123e-05
3.5185102463665954e-06
2.3015666955612404e-07
1.0033902147951206e-08
2.9153970297918374e-10
5.645560954798405e-12
7.286148909895694e-14
6.267156402760897e-16
3.592729925820141e-18
2.132066110137317e-07
1.7686045190271752e-06
1.0165915350674266e-05
3.8916620808836173e-05
0.00010352286326528455
0.0001969414041814105
0.00028335195136169384
0.0003299083982134455
0.00033340964577098866
0.0002968432655797319
0.00021644674993103981
0.00012090677263718569
4.886068403945488e-05
1.3760515287924679e-05
2.643645316999427e-06
3.425426226900462e-07
2.9758645316094082e-08
1.7282287040217347e-09
6.699240152222159e-11
1.732043089508729e-12
2.985635942278907e-14
3.4306639191031073e-16
2.6274943610618997e-18
1.341242470199713e-20
4.563147433679726e-23
1.0346853980486972e-25
1.5636380016020347e-28
1.5748780270823617e-31
1.0571577767816034e-34
4.729492671420343e-38
1.4101679958970415e-41
2.8022637683989424e-45
0.0
2.7983352188633413e-06
1.0932418898225089e-05
6.019942501120266e-05
0.00022092759773970942
0.0005403674063846556
0.0008910389151837607
0.0010466193251774765
0.001219123773893043
0.0023933949463853
0.0055220453004197105
0.00965741753588778
0.012165528369725074
0.012385120190904195
0.012340826220907417
0.012158534397778475
0.009795008325225781
0.005631027028188145
0.002198993980327389
0.0005752046261795425
0.00010273939303897072
2.8923245407608403e-05
8.585031307517055e-05
0.0002797787751186165
0.0006174547820169957
0.0010514146763277096
0.0019300462133274381
0.005510799709501496
0.011557252663816237
0.027953286502090724
0.04678757451867494
0.05335913908926843
0.042717188502070666
0.02693117091866249
0.01668238979398014
0.010852187135216329
0.006032543107977862
0.002423112564228332
0.0006625474258422199
0.00012136606407050043
1.4835553184258027e-05
1.2089901756090684e-06
6.566815698867704e-08
2.3772562368228802e-09
5.735622086690021e-11
9.222890367064359e-13
9.8840564477737e-15
7.059679110915059e-17
3.3605956400006113e-19
1.0661765044966055e-21
2.254361216281539e-24
3.176870041325198e-27
2.9837122837924273e-30
2.2840001658013396e-32
1.0908278176035915e-35
3.472144781697187e-39
7.36581820564591e-43
1.0123484628282961e-34
6.995455862469297e-34
3.221688612142415e-33
9.888550854975439e-33
2.0228481794982395e-32
2.7578806945035185e-32
2.505931577196595e-32
1.5453342901060356e-32
7.890079929733362e-33
9.122792692359234e-33
2.1393823813473907e-32
3.972317441649891e-32
4.975895306959523e-32
4.1617824737514727e-32
2.3524402795158324e-32
1.0698145987168166e-32
1.0040584469403702e-32
2.0177518468315024e-32
3.3139043038559904e-32
6.233491491054911e-05
0.000457679268804646
0.0022396113463040664
0.005152458050240071
0.01282119374555769
0.02126297407360493
0.023501798828694492
0.017312498447822983
0.008499628394186689
0.002781132486175275
0.0006064918449918383
8.814745978306163e-05
8.53839388435287e-06
5.512189220926517e-07
2.3716663834091728e-08
1.7206983761545435e-05
0.0001575419640239962
0.0009613607873510054
0.003909832354924556
0.01059769500912774
0.019144597743415565
0.023049559106539854
0.018495264553082737
0.009890995883968575
0.003525340275888884
0.0008374205467597699
0.00013257686047631086
1.3988572449833605e-05
9.836953326817667e-07
1.3376821969025613e-07
4.7834665542809405e-09
7.787008292745418e-05
0.0005419088607235105
0.0025134141069344945
0.0077693268811993045
0.016006054376332266
0.021976915081628644
0.020110863596678397
0.012265245879915891
0.004985438297541599
0.0013505540836942502
0.00024383843568147106
2.9340931316248716e-05
2.35302842842197e-06
1.2576563902067923e-07
4.480003751216232e-09
1.0635950358115285e-10
1.682890170742538e-12
1.7746666754717917e-14
1.2472668013097506e-16
5.842294962157372e-19
1.8238501134900447e-21
3.7946905071166744e-24
5.261980472881735e-27
5.229573004334138e-29
1.2150676270982777e-31
7.016102563712088e-32
3.8977764180751773e-32
1.4547598639582514e-32
3.6591208445968543e-33
6.232507721085944e-34
7.233427177599228e-35
5.762108126771774e-36
3.1739773991493698e-37
1.216312407448836e-38
1.0835770559081891e-35
9.966080073430078e-35
6.1091877952406405e-34
2.4958825989717278e-33
6.79589060283007e-33
1.233247243289665e-32
1.491541960951651e-32
1.2022709297931526e-32
6.458784062963075e-33
2.312494624681758e-33
5.518134057565608e-34
8.775771572676956e-35
9.301648454743849e-36
9.928390523296553e-07
8.68092963129114e-06
2.9407539261488943e-05
0.00013075209322099314
0.0003874540128073947
0.0007651969394186564
0.0010071817170517726
0.0008835354739201713
0.0005165610983027979
0.00020128015150543444
5.2271113622441115e-05
9.046989848064765e-06
1.0435854164169855e-06
8.022938221654714e-08
4.110744106987642e-09
1.4037474679073593e-10
4.398919450706919e-06
2.917963379410567e-05
0.00012900172773414796
0.000380095532865058
0.0007463998652463961
0.0009768590117776273
0.0008520670487370765
0.0004953329309585995
0.00019191202211683064
4.955514020902211e-05
8.528188384637547e-06
9.7815213983207e-07
1.843063728144185e-07
1.0749606249919002e-08
4.1785567933059047e-10
3.3939327124106745e-06
2.3523739332307152e-05
0.00010866568333126225
0.0003345492218154488
0.0006864504291638791
0.0009387282462062005
0.0008555632847042326
0.0005196918912590792
0.00021038815747882576
5.6764679224147745e-05
1.0207435257283106e-05
1.2233102880977945e-06
9.770981039913524e-08
5.20141206992842e-09
1.8453803841268034e-10
4.363470928239381e-12
6.876379262808276e-14
7.222193254150934e-16
5.055451365818288e-18
2.3584806446215947e-20
7.333076984473162e-23
1.5195735321364764e-25
2.098643858347869e-28
2.077388011368245e-30
1.4589393079042228e-33
6.828705420083214e-37
2.3866470143518103e-06
1.6844888729041423e-05
7.923729656566515e-05
0.00024841207423406534
0.0005190357843051772
0.0007516679661635277
0.0008707792296218936
0.0013374455025959675
0.003025720407315063
0.00599695214626574
0.008645014619339591
0.009603470188288573
0.009937594311985109
0.011103646129646861
0.012748280937071813
0.013839689457216186
0.013085684130351464
0.009665466463636127
0.005233924399123537
0.002607320247960105
0.0031877117665902073
0.0066147335856858005
0.009361625454969985
0.01142525961203243
0.009445192612017532
0.005591928398282704
0.0033814054786301686
0.004322018999512933
0.00788944002165853
0.011937027626733576
0.01393485455316032
0.013227774584575525
0.010558601978943793
0.006767255152578185
0.003213535870699003
0.0010673434818840165
0.00024097468430954558
3.653899446646712e-05
3.7033839200308177e-06
2.504415920616811e-07
1.1292208897083186e-08
3.3939243003964736e-10
6.7988133383754185e-12
9.07727558425621e-14
8.077244103943816e-16
4.790202300150092e-18
1.8933311641765414e-20
4.987478787485732e-23
7.593085438191949e-25
1.017128679448581e-27
9.132986446293537e-31
1.763976222469739e-32
3.719321976909034e-32
5.432477127760962e-32
5.492362607201235e-32
4.66388560776841e-32
5.475441511164565e-32
8.700909077613128e-32
1.1431599696395027e-31
1.040626508063978e-31
6.496487192580284e-32
3.1514124306821004e-32
1.8797793217667236e-32
1.696685614559394e-32
1.3989244098281268e-32
8.129636761015847e-33
3.173849711434344e-33
8.267175146797583e-34
1.4354039387045276e-34
1.661045360406221e-35
1.2810662839424608e-36
6.584812635269272e-38
2.2557803712892802e-39
5.150290854657121e-41
3.308434781379596e-42
3.8411396885177533e-44
2.9722078213843093e-46
1.5327798848526798e-48
5.2681964370051323e-51
1.2067732543091553e-53
1.636153916840294e-36
1.481625936923956e-35
8.941997331155522e-35
3.5967648716593402e-34
9.642088386330776e-34
1.7227081830205253e-33
2.051322167773738e-33
1.627936940450186e-33
8.610390163133645e-34
3.035216205427439e-34
7.130795499153792e-35
1.1165235281780724e-35
1.1651432540356e-36
8.103494076242547e-38
3.756184023423371e-39
9.602672435614033e-36
7.591948851798038e-35
4.000379576967182e-34
1.4048523785359804e-33
2.590704489393181e-33
4.6264721025300726e-33
5.50634686798125e-33
4.3677596547102784e-33
2.3090612172710552e-33
8.135677219848872e-34
1.9104405196770868e-34
2.9898877232385403e-35
3.1185864479154164e-36
2.1679149627700626e-37
1.00440356747784e-38
8.751530321486168e-36
6.383619482882322e-35
3.1034648691821886e-34
1.005560643041517e-33
2.1714570751850742e-33
3.125185342067039e-33
2.9976564381271895e-33
1.9163264020996324e-33
8.164670404491808e-34
2.3184054032733584e-34
4.387545681080904e-35
5.5339530495190805e-36
4.651905004161307e-37
2.606200074885486e-38
9.731195924081197e-40
8.67706236900653e-41
1.647531637282404e-42
1.3775511194593442e-05
0.00011051367715093365
0.0005908889701104271
0.0021056068517314795
0.005000693481914556
0.007918679071123848
0.008375884355447453
0.006001936916694294
0.0031958833310143197
0.0018726166683452376
0.0017718043465118085
0.0018863594105127768
0.0018897686474083867
0.0018687506126340396
0.0016444769281456428
0.001094427791290721
0.0005059202397841306
0.0001577664711455821
6.112278706391505e-05
0.00020203701438947528
0.0009212160844877722
0.002876539202510198
0.006043993773025827
0.008793748710723987
0.009569747880123235
0.00961110287566791
0.009641721877826333
0.009115774754945447
0.006794938327692834
0.003802097691654778
0.0020463234083028746
0.0016532377239172895
0.001537923473775722
0.0010893236854427246
0.0005252366708334952
0.00016930541110296517
3.638812665147245e-05
5.212637209184376e-06
4.976692046612404e-07
3.1666943282551464e-08
1.3429292986732046e-09
3.795611145905543e-11
7.149765986311819e-13
8.976013354762195e-15
7.510289893763446e-17
3.7896581666667216e-06
3.298263015201251e-05
0.00016859035517844144
0.0006046364013340966
0.0011681926634082207
0.0023739103336885797
0.0034964409675206304
0.0038102751958567016
0.00316944341190983
0.0020790807133889365
0.0010842247234512407
0.0004359496656719594
0.0001286531140387717
2.672359732146826e-05
3.8058004033864773e-06
3.6635773625192385e-07
1.2825800368446918e-05
8.653644038036196e-05
0.00039130987773019756
0.0011839200758217373
0.002396882186402844
0.0032473473569581846
0.0029458376431277956
0.001799701197216636
0.0008020894047101824
0.0004960764860746987
0.0008136891480795953
0.0013533801124933269
0.0015596526106024331
0.0012074703075802603
0.0008311502892750348
0.0004537578589588416
0.0005958325833805917
0.0013336474178192966
0.0023702226739464177
0.0029956983299249717
0.00267698154494611
0.0016845615869195251
0.0007401341560367669
0.0002246416719706264
4.662580846375815e-05
6.563750290491824e-06
6.229529471444276e-07
3.96956596057802e-08
1.6936918348448594e-09
4.830269492922189e-11
9.197615249149716e-13
1.1685485202613981e-14
9.90147632285483e-17
5.593965243952412e-19
2.106857295654307e-21
5.289348839375246e-24
8.851034713808692e-27
9.871746753786327e-30
7.338239271640283e-33
3.635643905929644e-36
1.816960372664403e-38
4.577570042669555e-42
0.0
0.0
0.0
0.0
0.0
0.0
0.0
0.0
0.0
0.0
0.0
2.2190878684006516e-05
0.0001607265997448322
0.0007758585727455137
0.0024960823965455656
0.005352008813397577
0.007686035256682543
0.007531644746996577
0.005701331841770465
0.005083449118446325
0.006606368014195442
0.007956832454375748
0.007052080783761764
0.005205728276650548
0.0048716926058436595
0.006248271864923586
0.007780590284852985
0.006959110980498489
0.0041955990687357
0.0016885872541680615
0.0004530391105699502
8.101097587164944e-05
9.654630092521403e-06
7.668479412496703e-07
4.059424450111652e-08
1.4321919374930273e-09
3.36759251032196e-11
5.277392477566268e-13
5.511893284400759e-15
3.8367522435470325e-17
1.7799518697487842e-19
5.503440944354318e-22
1.1340753485286015e-24
1.5575107689348023e-27
1.4256133519555813e-30
8.696690177730793e-34
3.5358008102882697e-37
9.580829979295876e-41
1.4059882344917238e-51
2.6936568867492635e-53
5.093712731894679e-56
6.419602981934856e-59
5.392168311391686e-62
3.018563092782338e-65
1.126208040987467e-68
2.8003901287148325e-72
0.0
0.0
0.0
0.0
0.0
0.0
0.0
0.0
0.0
0.0
0.0
0.0
0.0
0.0
0.0
0.0
0.0
0.0
0.0
0.0
0.0
0.0
0.0
0.0
0.0
0.0
0.0
0.0
0.0
0.0
0.0
0.0
0.0
0.0
0.0
0.0
0.0
0.0
0.0
0.0
0.0
0.0
0.0
0.0
0.0
0.0
0.0
0.0
0.0
0.0
0.0
0.0
0.0
0.0
0.0
0.0
0.0
0.0
0.0
0.0
0.0
0.0
0.0
0.0
0.0
0.0
0.0
0.0
0.0
0.0
0.0
0.0
0.0
0.0
0.0
0.0
0.0
0.0
0.0
0.0
0.0
0.0
0.0
0.0
0.0
0.0
0.0
0.0
0.0
0.0
0.0
0.0
0.0
0.0
0.0
0.0
0.0
0.0
0.0
0.0
0.0
0.0
0.0
0.0
0.0
0.0
0.0
0.0
0.0
0.0
0.0
0.0
0.0
0.0
0.0
0.0
0.0
0.0
0.0
0.0
0.0
0.0
0.0
0.0
0.0
0.0
0.0
0.0
0.0
0.0
0.0
0.0
0.0
0.0
0.0
0.0
0.0
0.0
0.0
0.0
0.0
0.0
0.0
0.0
0.0
0.0
0.0
0.0
0.0
0.0
0.0
0.0
0.0
0.0
0.0
0.0
0.0
0.0
0.0
0.0
0.0
0.0
0.0
0.0
0.0
0.0
0.0
0.0
0.0
0.0
0.0
0.0
0.0
0.0
0.0
0.0
0.0
0.0
0.0
0.0
0.0
0.0
0.0
0.0
0.0
0.0
0.0
0.0
0.0
0.0
0.0
0.0
0.0
0.0
0.0
0.0
0.0
0.0
0.0
0.0
0.0
0.0
0.0
0.0
0.0
0.0
0.0
0.0
0.0
0.0
0.0
0.0
0.0
0.0
0.0
0.0
0.0
0.0
0.0
0.0
0.0
0.0
0.0
0.0
0.0
0.0
0.0
0.0
0.0
0.0
0.0
0.0
0.0
0.0
0.0
0.0
0.0
0.0
0.0
0.0
0.0
0.0
0.0
0.0
0.0
0.0
0.0
0.0
0.0
0.0
0.0
0.0
0.0
0.0
0.0
0.0
0.0
0.0
0.0
0.0
0.0
0.0
0.0
0.0
0.0
0.0
0.0
0.0
0.0
0.0
0.0
0.0
0.0
0.0
0.0
0.0
0.0
0.0
0.0
0.0
0.0
0.0
0.0
0.0
0.0
0.0
0.0
0.0
0.0
0.0
0.0
0.0
0.0
0.0
0.0
0.0
0.0
0.0
0.0
0.0
0.0
0.0
0.0
0.0
0.0
0.0
0.0
0.0
0.0
0.0
0.0
0.0
0.0
0.0
