a = 4.749665496097099 b = 4.695210240090903 c = 15.343870974409233 ,Gaussian ,LMH = 0.08 ,DW = [0.5 0.5 0.5 0.5]
0.0
0.0
0.0
0.0
0.0
0.0
0.0
0.0
0.0
0.0
0.0
0.0
0.0
0.0
0.0
0.0
0.0
0.0
0.0
0.0
0.0
0.0
0.0
0.0
0.0
0.0
0.0
0.0
0.0
0.0
0.0
0.0
0.0
0.0
0.0
0.0
0.0
0.0
0.0
0.0
0.0
0.0
0.0
0.0
0.0
0.0
0.0
0.0
0.0
0.0
0.0
0.0
0.0
0.0
5.023934864743299e-34
3.555550519847151e-33
1.677070252655459e-32
5.272021900086383e-32
1.1045482804168204e-31
1.5423173718576645e-31
1.4353054862227978e-31
8.902182383754088e-32
3.6798505299264255e-32
1.0137839651905491e-32
1.8614106961304575e-33
4.799628131580137e-34
4.481330327970688e-35
2.788610598804028e-36
1.1565125175298689e-37
3.1966445666138885e-39
5.888706517195808e-41
7.229812244837787e-43
5.915829868969151e-45
3.22615984072417e-47
1.172566909462859e-49
2.840343959436285e-52
4.585490361367855e-55
4.9338072935339484e-58
3.538018737227998e-61
1.6909066133299268e-64
5.385929508526348e-68
1.1433606871702931e-71
0.0
0.0
0.0
0.0
0.0
0.0
0.0
0.0
0.0
0.0
0.0
0.0
0.0
0.0
0.0
0.0
0.0
0.0
0.0
0.0
0.0
0.0
0.0
0.0
0.0
0.0
0.0
0.0
0.0
0.0
0.0
0.0
0.0
0.0
0.0
0.0
0.0
0.0
0.0
0.0
0.0
0.0
0.0
0.0
0.0
0.0
0.0
0.0
0.0
0.0
0.0
0.0
0.0
0.0
0.0
0.0
0.0
0.0
0.0
0.0
0.0
0.0
0.0
0.0
0.0
0.0
0.0
0.0
0.0
0.0
0.0
0.0
0.0
0.0
0.0
0.0
0.0
0.0
0.0
0.0
0.0
0.0
0.0
0.0
0.0
0.0
0.0
0.0
0.0
0.0
0.0
0.0
0.0
0.0
0.0
0.0
0.0
0.0
0.0
0.0
0.0
0.0
0.0
0.0
0.0
0.0
0.0
0.0
0.0
0.0
0.0
0.0
0.0
0.0
0.0
0.0
0.0
0.0
0.0
0.0
0.0
0.0
0.0
0.0
0.0
0.0
0.0
0.0
0.0
0.0
0.0
0.0
0.0
0.0
0.0
0.0
0.0
0.0
0.0
0.0
0.0
0.0
0.0
0.0
0.0
0.0
0.0
0.0
0.0
0.0
0.0
0.0
0.0
0.0
0.0
0.0
0.0
0.0
0.0
0.0
0.0
0.0
0.0
0.0
0.0
0.0
0.0
1.416386213791236e-33
1.0624213040607355e-32
5.311209087473428e-32
1.7695855971951841e-31
3.92944576772472e-31
5.815305995138483e-31
5.735818395935183e-31
3.7705070870382896e-31
1.6519073233808286e-31
4.8233984982687497e-32
9.386466993039516e-33
1.217398378589388e-33
1.0523127413873535e-34
6.062314835368955e-36
2.327628644756387e-37
5.956216119287127e-39
1.0158012670761457e-40
1.1545921515883636e-42
8.746413391325592e-45
4.41583611681766e-47
1.4858584642994365e-49
3.33214188859627e-52
4.5567483184711436e-54
5.196413063221217e-57
3.949424699921115e-60
2.0005322559867754e-63
6.753654301029623e-67
1.5195452709545176e-70
0.0
0.0
0.0
0.0
0.0
0.0
0.0
0.0
0.0
0.0
0.0
0.0
0.0
0.0
0.0
0.0
0.0
0.0
0.0
0.0
0.0
0.0
0.0
0.0
0.0
0.0
0.0
0.0
0.0
0.0
0.0
0.0
0.0
0.0
0.0
0.0
0.0
0.0
0.0
0.0
0.0
0.0
0.0
0.0
0.0
0.0
0.0
0.0
0.0
0.0
0.0
0.0
0.0
0.0
0.0
0.0
0.0
0.0
0.0
0.0
0.0
0.0
0.0
0.0
0.0
0.0
0.0
0.0
0.0
0.0
0.0
0.0
0.0
0.0
0.0
0.0
0.0
0.0
0.0
0.0
0.0
0.0
0.0
0.0
0.0
0.0
0.0
0.0
0.0
0.0
0.0
0.0
0.0
0.0
0.0
0.0
0.0
0.0
0.0
0.0
0.0
0.0
0.0
0.0
0.0
0.0
0.0
0.0
0.0
0.0
0.0
0.0
0.0
0.0
0.0
0.0
0.0
0.0
0.0
0.0
0.0
0.0
0.0
0.0
0.0
0.0
0.0
0.0
0.0
0.0
0.0
0.0
0.0
0.0
0.0
0.0
0.0
0.0
0.0
0.0
0.0
0.0
0.0
0.0
0.0
0.0
0.0
0.0
0.0
0.0
0.0
0.0
0.0
0.0
0.0
0.0
0.0
0.0
0.0
0.0
0.0
0.0
0.0
0.0
0.0
0.0
0.0
0.0
3.3416573651747704e-06
2.30703858595744e-05
0.00010615228499450268
0.00032552577686843076
0.0006653083424063424
0.0009062376528161953
0.000888837532039027
0.0006156644803555945
0.0002842152391216844
8.744443386002527e-05
1.7930753019671997e-05
2.4504533265422184e-06
2.2319059479642867e-07
1.3548365128281438e-08
5.481247887574707e-10
1.477928903127839e-11
2.6558845335942487e-13
3.1808734075905653e-15
2.539014196267689e-17
1.3507202817097134e-19
4.789026731037851e-22
1.1316461479751743e-24
1.7821964980139766e-27
1.870604912903363e-30
1.3085493422840824e-33
6.100700215349183e-37
1.8956179557966768e-40
3.9255769167546914e-44
0.0
0.0
0.0
0.0
0.0
0.0
0.0
0.0
0.0
0.0
0.0
0.0
0.0
0.0
0.0
0.0
0.0
0.0
0.0
0.0
0.0
0.0
0.0
0.0
0.0
0.0
0.0
0.0
0.0
0.0
0.0
0.0
0.0
0.0
0.0
0.0
0.0
0.0
0.0
0.0
0.0
0.0
0.0
0.0
0.0
0.0
0.0
0.0
0.0
0.0
0.0
0.0
0.0
0.0
0.0
0.0
0.0
0.0
0.0
0.0
0.0
0.0
0.0
0.0
0.0
0.0
0.0
0.0
0.0
0.0
0.0
0.0
0.0
0.0
0.0
0.0
0.0
0.0
0.0
0.0
0.0
0.0
0.0
0.0
0.0
0.0
0.0
0.0
0.0
0.0
0.0
0.0
0.0
0.0
0.0
0.0
0.0
0.0
0.0
0.0
0.0
0.0
0.0
0.0
0.0
0.0
0.0
0.0
0.0
0.0
0.0
0.0
0.0
0.0
0.0
0.0
8.217289687919727e-35
6.159511709756332e-34
3.0771277085822566e-33
1.024533833653601e-32
2.282179201374076e-32
3.4349369152227536e-32
3.7179926281626835e-32
3.673610222697876e-32
4.65432950350548e-32
6.41227815636949e-32
7.042211329502867e-32
6.157452008331494e-32
5.778123541433735e-32
6.821660118992678e-32
7.337693348932583e-32
5.688147424730103e-32
3.8683952633532454e-32
1.5520613369512398e-32
4.15398473623764e-33
7.410967330901514e-34
8.812105285004829e-35
6.98342413270505e-36
3.6884096582018167e-37
1.298349187391667e-38
3.0459686788689547e-40
4.7625649001496236e-42
3.716290237475954e-05
0.00028809436959547263
0.0014884747268651428
0.005125422931631774
0.011790082926651738
0.018215712781749938
0.019561289005541327
0.01688431307573019
0.016344421404764217
0.01907847364917903
0.019862729889540763
0.01730099165788896
0.016388255118026617
0.018638120468688145
0.01867749060274154
0.013401525922459752
0.0086531325129896
0.0032118557556017556
0.0007953153659471627
0.00013127595070631254
1.4442026188169151e-05
1.0589016944606527e-06
5.174463017060335e-08
1.68521994918871e-09
3.657880097982472e-11
5.29156203620872e-13
5.101758155296607e-15
3.278214682807892e-17
1.4039009343554924e-19
4.0069791568027385e-22
7.622185635441201e-25
9.675785046714084e-28
3.0277508175098376e-30
2.5991042952362954e-30
2.0353279024640792e-30
1.0624374591984031e-30
3.6961871059625426e-31
8.570103541989192e-32
1.324340737812789e-32
1.3639390269756551e-33
9.36206650976568e-35
1.2527288891873652e-35
4.372566659704639e-37
1.0171788781329089e-38
1.5770293498605827e-40
1.6295352771534916e-42
1.1221975229291096e-44
5.150583033272315e-47
1.575524018314541e-49
3.2119975974652645e-52
4.364223097704662e-55
3.952029915530504e-58
2.385146456852667e-61
9.593816947924836e-65
2.571872011560567e-68
0.0
0.0
0.0
0.0
0.0
0.0
0.0
0.0
0.0
0.0
0.0
0.0
0.0
0.0
0.0
0.0
0.0
0.0
0.0
8.178422264654091e-05
0.0005486400919160666
0.002452940981936136
0.007323059952759214
0.014643287010637773
0.01999624018477341
0.02015315149358383
0.018725408565411196
0.01998668034508611
0.021421012986549772
0.02005146401753885
0.019017387776374003
0.020283942517621483
0.019403487294758368
0.013572684352337478
0.0064714456862937164
0.002066924084189741
0.0004404729409018231
6.257543693230612e-05
1.3599078878522828e-05
9.824829155364536e-07
4.730684727171169e-08
1.5181160806365151e-09
3.2468901680635464e-11
4.628196447985838e-13
4.3968082315756164e-15
2.783843474134641e-17
1.17471807135378e-19
3.303726105605052e-22
6.1923567484966015e-25
7.735518876764784e-28
6.440276008134282e-31
3.5735598345733087e-34
1.321536566540918e-37
3.2571582460471725e-41
0.0
0.0
0.0
0.0
0.0
0.0
0.0
0.0
0.0
0.0
0.0
0.0
0.0
0.0
0.0
0.0
0.0
0.0
0.0
0.0
0.0
0.0
0.0
0.0
0.0
0.0
0.0
0.0
0.0
0.0
0.0
0.0
0.0
0.0
0.0
0.0
0.0
0.0
0.0
0.0
0.0
0.0
0.0
0.0
0.0
0.0
0.0
0.0
0.0
0.0
0.0
0.0
0.0
0.0
0.0
0.0
0.0
0.0
0.0
0.0
0.0
0.0
0.0
0.0
0.0
0.0
0.0
0.0
0.0
0.0
0.0
0.0
0.0
0.0
0.0
5.492280085883826e-34
4.6297881781650906e-33
2.601064459254224e-32
9.739185917989772e-32
2.456125672055737e-31
4.209862809319938e-31
5.209044953872864e-31
5.4266647698676125e-31
5.7555838699784345e-31
6.048034099541433e-31
5.526390683434858e-31
4.608585389671724e-31
4.147206921069904e-31
3.461183165182191e-31
2.348166120205101e-31
1.1344226507902719e-31
3.7210329989109245e-32
8.174759241238565e-33
1.1984735447695084e-33
1.1714118689312917e-34
7.631508667292648e-36
3.3136195518570255e-37
9.5891257874443e-39
1.8494287618705155e-40
2.3772667842610285e-42
2.036572293122124e-44
1.1627953859667363e-46
4.424745740286635e-49
1.1221602709962405e-51
1.8967190507012743e-54
2.1366464813769138e-57
1.6041459746587865e-60
8.026692911894422e-64
2.6767693952601404e-67
5.9493129775395425e-71
0.0
0.0
0.0
0.0
0.0
0.0
0.0
0.0
2.3126715996022334e-34
1.8313283399076785e-33
9.664958941995307e-33
3.39950245277357e-32
7.969154606297753e-32
1.2450611854494497e-31
1.2964348121291208e-31
8.996886101900698e-32
4.1611685633972016e-32
1.2826847854917983e-32
2.6351547610943416e-33
3.608060881452174e-34
3.2924799294177335e-35
2.0024144174827878e-36
8.11645413889251e-38
2.1926043064517283e-39
3.9476235818959707e-41
4.736884056346856e-43
3.788186246628919e-45
2.019070295248283e-47
4.917364223745773e-49
1.3327695873969135e-51
2.4074613242202683e-54
2.8983118472881315e-57
2.325479168150291e-60
1.2435445341206151e-63
4.431918655644325e-67
1.0526979242296137e-70
0.0
0.0
0.0
0.0
0.0
0.0
0.0
0.0
0.0
0.0
0.0
0.0
0.0
0.0
0.0
0.0
0.0
0.0
0.0
0.0
0.0
0.0
0.0
0.0
0.0
0.0
0.0
0.0
0.0
0.0
0.0
0.0
0.0
0.0
0.0
0.0
0.0
0.0
0.0
0.0
0.0
0.0
0.0
0.0
0.0
0.0
0.0
0.0
0.0
0.0
0.0
0.0
0.0
0.0
0.0
0.0
0.0
0.0
0.0
0.0
0.0
0.0
0.0
0.0
0.0
0.0
0.0005297480105209528
0.004901070780903097
0.030219979334594343
0.0811080229538315
0.2568646177851391
0.5492698675167192
0.8231846094467679
0.9476458440839498
0.9779297000081968
1.0
0.9947068339391457
0.968482850028177
0.9027617759718656
0.7015587572222671
0.39914252940171624
0.1562854170887583
0.04119983284238955
0.007261218496086057
0.0008537266066846643
6.691687130050896e-05
3.49600706529645e-06
1.217312768282107e-07
2.8249914976378925e-09
4.369328914047239e-11
4.5039567173829013e-13
3.0942494740445875e-15
1.4167656600182783e-17
4.3233687105443084e-20
8.79281791016485e-23
1.1265906512220706e-24
1.165130386428924e-27
8.030904523700033e-31
3.6892318133635714e-34
1.1295071267686995e-37
2.304748569842181e-41
0.0
0.0
0.0
0.0
0.0
0.0
0.0
0.0
0.0
0.0
0.0
0.0
0.0
0.0
0.0
0.0
0.0
0.0
0.0
0.0
0.0
0.0
0.0
0.0
0.0
0.0
0.0
0.0
0.0
0.0
0.0
0.0
0.0
0.0
0.0
0.0
0.0
0.0
0.0
0.0
0.0
0.0
0.0
0.0
0.0
0.0
0.0
0.0
0.0
0.0
0.0
0.0
0.0
0.0
0.0
0.0
0.0
0.0
0.0
0.0
0.0
0.0
0.0
0.0
0.0
0.0
0.0
0.0
0.0
0.0
0.0
0.0
0.0
6.436118793991332e-05
0.0005943094911772361
0.0036574873170909404
0.015001494937910753
0.041007925414456574
0.07471066572355455
0.09071497011363557
0.07341027746446012
0.03959280923994333
0.014231717603773
0.003409414986870297
0.0005443571884785469
5.7925475432492425e-05
4.108060206656009e-06
1.9417152473355578e-07
6.116680980384546e-09
1.2841852211449813e-10
1.7968881854780034e-12
1.6756989094490342e-14
1.0414836801277274e-16
4.314102895208863e-19
1.1909953820982279e-21
2.191347255123122e-24
2.6871621825874582e-27
2.4572528955522215e-29
1.5322693362248242e-32
6.367983271093884e-36
1.7638037648463456e-39
0.0
0.0
0.0
0.0
0.0
0.0
0.0
0.0
0.0
0.0
0.0
0.0
0.0
0.0
0.0
0.0
0.0
0.0
0.0
0.0
0.0
5.081537329991686e-05
0.00041607000461670545
0.002270488169044463
0.008369603894714629
0.020808745795647496
0.0361050858632623
0.04683645782591921
0.051174295140343815
0.0525274980548141
0.05228434813201542
0.04999897345980781
0.043217165101463756
0.029957351403850852
0.01505959517424905
0.005213678147330276
0.0012173344562805496
0.00019022741155630594
1.9840456271425776e-05
1.3798511637857811e-06
6.396921024046445e-08
1.976595893212205e-09
4.070573267038765e-11
5.586991621369851e-13
5.110732218400209e-15
3.115804265630592e-17
1.2660151165843454e-19
2.5730739165153996e-21
5.316473159034808e-24
7.321103474472568e-27
6.719098620257238e-30
4.1098600662060205e-33
1.6754235017894693e-36
4.552015368436687e-40
0.0
0.0
0.0
0.0
0.0
0.0
0.0
0.0
0.0
0.0
0.0
0.0
0.0
0.0003587921476779224
0.0023853818339517087
0.010569499766486008
0.031212784050210118
0.06143164289221284
0.08058112021493827
0.07707170044319586
0.051408945041316365
0.023272053840476214
0.00945681215505203
0.012837311494871313
0.032997894545348995
0.062446876134531
0.0791460305727165
0.06686930130810607
0.03775634550506892
0.014981270039239172
0.008238731927936062
0.017937619114256106
0.04270471362516818
0.06985067856633705
0.07625253419833292
0.05548134169979315
0.02690434469100508
0.008695198205192822
0.001872915158008078
0.00026886747662458875
2.5724087975260292e-05
1.6402998655416638e-06
6.970887286309685e-08
1.9743967164327757e-09
1.4643094097471474e-10
2.1090253165221557e-12
2.024474360935216e-14
1.2951626663165908e-16
5.522273367055748e-19
1.5692532404721355e-21
2.972006274369414e-24
3.751385563763237e-27
3.170287230550618e-30
6.08489438999709e-33
8.56693097180414e-34
1.1316825559439849e-34
9.971019109371878e-36
5.85513153077529e-37
2.2914759884666946e-38
5.976893456095578e-40
1.0390041106226397e-41
1.2037618226273978e-43
9.294914805152864e-46
4.7833461458620216e-48
1.640588843824699e-50
3.7501552444417847e-53
5.713211309441244e-56
5.800866570916066e-59
3.925427975203327e-62
1.7703645249768918e-65
8.310248592747312e-68
1.90586564279134e-71
0.0
0.0
0.0
2.355773122600456e-34
1.9508527860663526e-33
1.0767058731927501e-32
3.9605109108957853e-32
9.709277064083316e-32
1.5863686646373634e-31
1.7274397118796144e-31
1.2545798042986856e-31
6.148438232916713e-32
2.4794500289175777e-32
2.5880370936587505e-32
6.030592379644114e-32
1.0963535775511568e-31
1.3403931845673567e-31
1.0926968136076829e-31
5.975825088559088e-32
2.4265924566941142e-32
1.8302753432118096e-32
4.2248923832517174e-32
8.725286611545793e-32
1.222703338171055e-31
1.2228649635246166e-31
8.722526781941541e-32
4.146584108565718e-32
1.31377301633371e-32
2.7741615734216782e-33
3.904133991927432e-34
3.661838828043568e-35
2.2890500281933548e-36
9.536585170156194e-38
2.6479638220889198e-39
4.900188095620966e-41
6.0435901230715795e-43
4.967739371070047e-45
2.721473758566112e-47
9.936445331482407e-50
2.417906440569561e-52
3.921294722618457e-55
4.238391069582939e-58
3.053191995043733e-61
1.4658473709650988e-64
4.690346613707872e-68
1.0002364383718871e-71
0.0
0.0
0.0
0.0
0.0
0.0
6.418561214156034e-34
5.333224631748892e-33
2.953409130997294e-32
1.0900311234078746e-31
2.6812402594232287e-31
4.395558995474135e-31
4.80257375384306e-31
3.4971601505883283e-31
1.6972215879636762e-31
5.489630599440381e-32
1.1833936757383792e-32
1.7001878751745677e-33
1.6279690106608881e-34
1.0389075458155944e-35
8.703255713364161e-34
5.5411824697264855e-33
2.3752327084549833e-32
6.824728940299935e-32
1.338901986498056e-31
1.8557052591944997e-31
1.9476771202760007e-31
1.7155110385253161e-31
1.3851327376847873e-31
1.1634560651699817e-31
8.41209523872068e-32
5.288415250693764e-32
0.00037892073683926705
0.0028105149123075087
0.013893285583666003
0.045772599786996056
0.10050501795856565
0.14707926776809713
0.1434487343541518
0.09364028927449437
0.043295057675594946
0.025823979787158273
0.04833387623968204
0.10026526510496783
0.14456304055737648
0.1392677858954173
0.08979955110690602
0.04099583026724122
0.024325412052904304
0.04611305230652969
0.0966610844897467
0.14065776270491429
0.13674366059366236
0.0886121148681802
0.03827049439904159
0.017453359987236333
0.00383312350064896
0.0005610584762085211
5.4732462966654505e-05
3.5584707805610596e-06
1.541925406692628e-07
4.452919797797375e-09
8.570534941209905e-11
1.0993919048227375e-12
9.398935903983212e-15
5.3553318705289795e-17
2.0336473203918738e-19
5.146908369021483e-22
8.681580216827778e-25
9.759614790860657e-28
7.312200964749106e-31
3.651279756189211e-34
1.215132531527384e-37
2.695154925684746e-41
0.0
0.0
0.0
0.0
0.0
0.0
0.0
0.0
0.0
0.0
0.0
0.0
0.0
0.0
0.0
0.0
0.0
0.0
0.0
0.0
0.0
0.0
0.0
0.0
0.0
0.0
0.0
0.0
2.370709407284006e-36
1.8678495855175142e-35
9.808148347229014e-35
3.4325249255751723e-34
6.315373040417207e-34
1.1239015310713252e-33
1.3330273654696595e-33
1.0537350242444734e-33
5.551435701467091e-34
2.0031859492482067e-34
9.503613786923221e-35
3.087631070296387e-34
1.2277933114226655e-33
3.3266988885703805e-33
3.235938454430993e-05
0.0002714709883781144
0.001517847513228247
0.005656065249654308
0.014046956147700594
0.023250462188156535
0.02564853137199892
0.01885710254765387
0.009239936173809455
0.00305113754276489
0.0009358008292438954
0.0016372151982720535
0.005687815818625098
0.013938420484127285
0.0227997694333117
0.024856869301531873
0.021016395925026788
0.011651377326465531
0.004327511397798013
0.0012588680035071937
0.001345723722773778
0.0046233265114216885
0.012059486276222834
0.021046382661031166
0.024482450682415943
0.01898082902013229
0.009807471405159456
0.0033773842461920912
0.0007751494517763746
0.00011856922012024353
1.2087598626513995e-05
8.212769728523048e-07
3.718954027994084e-08
1.1223634664427205e-09
2.257500118548023e-11
3.0262415517689765e-13
2.7037152242536577e-15
1.6099035243801253e-17
6.38881487421137e-20
1.6897494158453685e-22
2.978556580461878e-25
6.412148344855352e-05
0.000292450832833074
0.0020313188776205603
0.009403399662130772
0.02901170369889935
0.05965448763370291
0.08175127878523515
0.07466679977296221
0.04545085622045703
0.018439033292159304
0.005435423610992784
0.0037592491017411985
0.012233619865457242
0.03426201368749626
0.0644887356821547
0.08091699739434113
0.0676675001958062
0.03771396016418065
0.014116631857249535
0.004357296644885673
0.005466112741470848
0.018014009693137933
0.04388878899353497
0.07150033656012568
0.07764027437368849
0.05618868552878451
0.03615133157941261
0.013304198910982414
0.003263132498832596
0.0005334113297826274
5.8112734480848986e-05
4.2195091725057064e-06
2.0418982985732346e-07
6.5854859479810665e-09
1.4155430953303546e-10
2.02786907485569e-12
1.9361467742559992e-14
1.2320212250803578e-16
5.224920068502822e-19
1.4768033206715294e-21
2.7819365323105908e-24
3.4926359774682664e-27
2.9224088687851485e-30
1.6297094326205804e-33
7.149933767147337e-07
6.681492670380469e-06
4.161276003684354e-05
0.0001775756369584644
0.0005099535325264031
0.0010265094910062449
0.0015256411542816353
0.001824680660604801
0.0019088888740210464
0.0019069404454226122
0.0017391542329786467
0.0013516648011768207
0.0008161948155220698
0.0003558981796101889
0.00010738732616167373
2.1957417407330305e-05
3.013715181412937e-06
2.7652206309955073e-07
1.6931694857190603e-08
6.91337405025919e-10
1.88174827676544e-11
3.413948005943341e-13
4.1281142595288275e-15
3.326868340828085e-17
1.7869164817941316e-19
6.396697137201843e-22
1.5261226593733508e-24
2.4266477654404433e-27
2.592264674730207e-30
2.95931687497482e-32
2.4886430125526686e-32
1.485933788915225e-32
5.9849526702023316e-33
2.1663965755044245e-33
2.4815554234634262e-33
8.413415685081431e-33
2.3621075598656218e-32
4.4544537999613516e-32
5.599880947711842e-32
4.691893092010557e-32
2.6199866521797416e-32
9.789948506876662e-33
2.7098580381596785e-33
1.8378647330399522e-33
4.774565944183664e-33
1.0374224581252056e-32
1.5153668226041618e-32
1.4756655844513282e-32
9.577318016693459e-33
4.142681628091226e-33
1.194265155038073e-33
5.148772186850481e-34
2.3009615776704433e-33
1.2051557990314716e-32
4.2595206133283236e-32
1.003569118682628e-31
1.57585701587389e-31
1.6500621392512632e-31
1.1579751934907762e-31
5.795070671287873e-32
3.717576372507343e-32
4.025689917096522e-32
6.837047017199499e-32
8.866340489038199e-32
7.785939835006281e-32
4.758264306035268e-32
2.922044846256813e-32
4.3094393320855763e-32
8.591641686383111e-32
1.2543080777147368e-31
1.2300156122235594e-31
8.043878334666082e-32
3.5060878152749157e-32
1.0185052372331544e-32
1.9719024174578182e-33
2.5444219326992376e-34
2.188136398979536e-35
1.254126078832056e-36
4.790596086128236e-38
1.2196057409530572e-39
2.0693355220906384e-41
2.3400434094223132e-43
1.7635933931967043e-45
8.858385186049265e-48
2.965460927888806e-50
5.2968559641099205e-52
9.016923588791876e-55
1.0230106702290887e-57
7.735412641170042e-61
3.8982380510251066e-64
1.3092867566907216e-67
2.9307767792981264e-71
0.0
0.0
0.0
0.0
0.0
0.0
0.0
0.0
0.0
0.0
0.0
0.0
0.0
0.0
0.0
0.0
0.0
0.0
0.0
0.0
0.0
0.0
1.5356328322776108e-05
0.0001431205322909084
0.0008889923931712295
0.0036802362191612936
0.010153947032435242
0.018671346571193057
0.022882208319013993
0.018689676236939654
0.010173893082996821
0.0037910023463011
0.0015559201246364684
0.0030796847143406752
0.008674215044249593
0.017021059384400655
0.022296834891676515
0.01946738386901004
0.011328032061110854
0.00448271257301422
0.001740105771619687
0.0029177832215810506
0.008191150968935959
0.016338651780899945
0.021775681947373726
0.02105090286454701
0.014268311903601519
0.006445493774090088
0.0019405344061739242
0.0003893749872759633
5.207104584180543e-05
4.640941557106182e-06
2.7567504016457813e-07
1.091365803962514e-08
2.8795510696790617e-10
5.063616156890735e-12
5.934420507638511e-14
4.63529527792933e-16
2.4130039956499403e-18
8.371826618423271e-21
1.9358154784146257e-23
2.983247180695384e-26
3.0640515514394053e-29
2.097415364240186e-32
9.568731544140989e-36
2.9094161412432482e-39
5.895747366578177e-43
0.0
0.0
0.0
0.0
0.0
0.0
0.0
0.0
0.0
0.0
0.0
0.0
0.0
0.0
0.0
0.0
0.0
0.0
0.0
0.0
0.0
0.0
0.0
0.0
0.0
0.0
0.0
0.0
0.0
0.0
0.0
5.896131358217824e-05
0.0005566335337623409
0.003502298276745261
0.015136266290883646
0.043922211075689735
0.08918267846146247
0.13284276920502183
0.15822760570414277
0.1692255582580721
0.18219458587238507
0.20720833538135244
0.2306963352449116
0.21794412347461728
0.15638277320711613
0.08344024991040914
0.04551562974780348
0.05314546035215941
0.08107955669789323
0.09154329107265372
0.06959930681574579
0.0353004882104078
0.011933737537632652
0.002688792901153152
0.0004037570331648119
9.10464070589514e-05
6.952294696679459e-06
3.5381405627859434e-07
1.200061603107611e-08
2.7127735756355056e-10
4.087004357093609e-12
4.1037245572177777e-14
2.7462043692973875e-16
1.2248109281265448e-18
3.6407159766986e-21
7.212504461805222e-24
9.522849882962296e-27
1.8713455392535658e-06
1.412719186490152e-05
7.107866279690984e-05
0.00023834398835252403
0.0005642875963449759
0.0010388445256922956
0.0020573219429482637
0.004898523654624807
0.010290477768130898
0.0154889321406288
0.015822656468816216
0.01097394854797442
0.005426215407290858
0.0022618522738922274
0.0013140870320153158
0.0006324784688026457
0.0002682612909000101
9.868289284803806e-05
0.00010153767314496921
0.00026848295978317645
0.0005563391118186263
0.0007743682854637466
0.000718600802414522
0.00044444295347213634
0.0001832003052208733
5.032895602383802e-05
9.214912158869976e-06
1.1244652161298398e-06
9.144972415235446e-08
4.9567877430563294e-09
1.7906049994325774e-10
4.311027681057347e-12
6.917407785920396e-14
7.397542918675315e-16
5.272458339252549e-18
2.504496149392976e-20
7.928830395036085e-23
1.672936419867397e-25
2.3525089910363126e-28
2.3568578491945748e-30
1.685341153713739e-33
8.032002044635823e-37
2.5511814187604143e-40
5.400580252377601e-44
0.0
0.0
0.0
0.0
0.0
0.0
0.0
0.0
0.0
0.0
0.0
0.0
0.0
0.0
0.0
0.0
0.0
0.0
0.0
0.0
0.0
0.0
0.0
0.0
0.0
0.0
0.0
0.0
0.0
0.0
0.0
0.0
0.0
0.0
0.0
0.0
0.0
0.0
0.0
0.0
0.0
0.0
0.0
0.0
0.0
0.0
0.0
0.0
0.0
0.0
0.0
0.0
0.0
0.0
0.0
0.0
0.0
0.0
0.0
0.0
0.0
0.0
0.0
0.0
0.0
0.0
0.0
0.0
0.0
0.0
0.0
0.0
0.0
0.0
0.0
0.0
9.089213159979811e-35
6.3638017094548485e-34
2.969535609113141e-33
9.23510811761217e-33
1.9141544576498173e-32
2.6559052084105365e-32
2.5368468806188294e-32
2.0910916878136935e-32
2.932268746879051e-32
6.178916722936455e-32
1.041629456321912e-31
1.2022833183480743e-31
9.628774351762939e-32
6.585580151617979e-32
6.792002493064492e-32
9.974997433243407e-32
1.2131835369217172e-31
1.0319621715578671e-31
5.990691436908112e-32
2.382495241426164e-32
7.322833441142485e-33
4.1891776058260056e-33
5.356732022444692e-33
7.756898817322497e-33
7.865515701751208e-33
5.393740009759763e-33
2.958973295747429e-33
3.994119673663562e-33
1.3105851930438474e-32
3.427035022663917e-32
6.032902081066261e-32
7.081711378397254e-32
5.540423876205311e-32
2.888882516748516e-32
1.0039182426996379e-32
2.3251360045970155e-33
3.589053437858194e-34
3.6922664685929015e-35
2.5315569168094288e-36
1.1568149805578423e-37
3.5230731468727734e-39
7.150904277114546e-41
9.67345948620164e-43
8.721360084299558e-45
5.240444993764247e-47
2.0986193065452288e-49
5.601195215977152e-52
9.9634398367692e-55
9.705654134547778e-35
7.102590227444975e-34
3.513348882163376e-33
1.1598402855307404e-32
2.6099726379225925e-32
4.0950566757763845e-32
4.7781185733351283e-32
4.6910859706477936e-32
4.404176317896601e-32
3.8705012376815826e-32
2.768413822295039e-32
1.4448787432389224e-32
5.223937972282597e-33
1.2802159236711011e-33
2.1070478079375104e-34
2.3194841204304186e-35
1.7045801620731256e-36
8.355455625307717e-38
2.730666780655171e-39
5.948770094189625e-41
8.637829139135912e-43
8.35952185655507e-45
5.391980847234365e-47
2.3179329250131775e-49
6.641052002959599e-52
1.2681054662024187e-54
3.726769325999654e-36
3.4022093016538004e-35
2.0700035541274066e-34
8.393878968816135e-34
2.268484743156021e-33
4.0859266956573316e-33
4.921954507018685e-33
4.0505860276595375e-33
2.7158260638293125e-33
2.7938526691792053e-33
4.6781392966798224e-33
6.671882496239873e-33
5.421260245826277e-05
0.00035521080954650346
0.0015511494357332205
0.004514427191260719
0.008756553697133613
0.011334584297009157
0.00986855291301382
0.006209138685480781
0.004281281227508415
0.005590855573757686
0.008160591896389008
0.009265950467925933
0.008935473074534161
0.00889629623227588
0.009189398394708262
0.008120005252136357
0.005183493099472548
0.00225198382844673
0.0006553983921255736
0.00012727942014688394
5.3557355845718095e-05
0.000260059756683706
0.001202456706769102
0.003733077173532294
0.007763646094252042
0.011022071054171618
0.011489506145032033
0.01078362852088936
0.011222289137000937
0.011337440718963152
0.008889246445920504
0.005459936577142668
0.004257604291058068
0.0058804746761192805
0.00785445604636286
0.007861074715795608
0.007068497305068506
0.008441215300007368
0.011624633979373827
0.012800372325214974
0.011257891214718539
0.008493015031890865
0.010330257792650985
0.01892262123186348
0.028759807139473126
0.03244473831979811
0.03141473082612991
0.0318438602253505
0.031500528730911255
0.024428050327200822
0.013235865202313317
0.0048373760147267415
0.0011817488993903693
0.00020728440166815348
0.00014491200145423674
0.0006967599925466455
0.0025980602204094655
0.006502567196942091
0.010975499581386796
0.013027997821310287
0.012477529845324789
0.012333042946245591
0.01300069776054489
0.011695770684114247
0.008820835712542701
0.008423607302728444
0.013196275442270644
0.022412013850484053
0.02759504745072818
0.022880206944226277
0.01265887840286381
0.004668514953549292
0.0011480443805667317
0.00019155634236318056
3.5306614760322886e-05
4.211160678358421e-05
7.444526852300386e-05
9.07609868877735e-05
7.38147946341012e-05
4.0441621940907576e-05
1.726560922482453e-05
1.5713017651060653e-05
3.603441755689083e-05
6.862778426739669e-05
8.833074353364885e-05
7.583029556585235e-05
4.37770482613322e-05
1.9122226299617945e-05
1.5588934807275852e-05
3.4234650842550275e-05
5.514513428400411e-05
8.233117179404937e-05
8.215277220392208e-05
5.464267467144432e-05
2.4222962949296595e-05
7.156560733461421e-06
1.409168800314474e-06
1.8492823555578218e-07
1.6174280892490605e-08
9.428189095966286e-10
3.662799412130773e-11
9.483737736202584e-13
1.6365432354368495e-14
1.8821619063492192e-16
1.4426733974342563e-18
7.369883384972434e-21
2.5091969827925167e-23
5.693645868208219e-26
8.610501891943807e-29
8.684116587448322e-32
2.833520928999824e-34
9.048614956652426e-34
2.4642448466843046e-33
4.567411555354865e-33
6.173585254167049e-33
7.332096835546536e-33
8.571551259941044e-33
1.1095250926832015e-32
1.2072939406262456e-32
1.0372598905437166e-32
1.0517171805744596e-32
1.8529685669451106e-32
3.2858345019159544e-32
4.1604664662674974e-32
3.54147912340626e-32
2.0112318496631338e-32
7.613343259173747e-33
1.9207760292491137e-33
3.2296865038572087e-34
3.619308904958326e-35
2.7031646121465675e-36
1.3455532353863962e-37
4.4638626654115163e-39
9.869662746082672e-41
1.454371478277409e-42
1.428334523569436e-44
9.34901950953535e-47
4.078342986217194e-49
1.1857222675881456e-51
2.297543554703089e-54
2.967058290314418e-57
2.553700444336582e-60
1.8443077641060517e-62
8.071975748393701e-66
2.3545496377233206e-69
4.577384564382487e-73
0.0
0.0
0.0
0.0
0.0
0.0
0.0
0.0
0.0
0.0
0.0
0.0
0.0
0.0
0.0
0.0
0.0
0.0
0.0
1.6958872524853274e-05
0.00013982631569860066
0.000455495824832049
0.0019097605577100536
0.005336481238563528
0.009938311443840855
0.01236958741060942
0.010439723536957787
0.006715645576064474
0.005447457070152937
0.007631308974812425
0.010704550689576799
0.012387454713240022
0.013333889885934109
0.01428072494646297
0.013522036320969853
0.010063888682175089
0.0057232934418298635
0.0025272077737863025
0.0008791341383339739
0.00030342517801638144
0.0005115079243460385
0.001935738115509427
0.005325774928901361
0.009890305660225524
0.012793359616520884
0.012876118948901413
0.012583924599516245
0.012919559083491893
0.012510840195236256
0.009471368853702469
0.006065076251091608
0.0055494717443263925
0.007624413053060703
0.008897941213654937
0.007177728252523806
0.003876949674415852
0.0013964575230213036
0.00033525737671001235
5.3643168880972325e-05
5.720480959410406e-06
4.0656713804219364e-07
1.9258105281568776e-08
6.079619365955853e-10
1.2791479264250712e-11
1.7936871661983762e-13
1.676309393245887e-15
1.0441026658183836e-17
4.334248213101042e-20
1.1991289862426622e-22
2.2110551322942688e-25
2.717157359351514e-28
2.225417800343678e-31
1.2147582930652523e-34
6.476041296586667e-37
1.7975894268772206e-40
0.0
0.0
0.0
0.0
0.0
0.0
0.0
0.0
0.0
0.0
0.0
0.0
0.0
1.677371094280367e-05
0.00013202473889559085
0.0006925689678004305
0.0024213205449112925
0.005641870250545545
0.008761439160570011
0.009067954934314079
0.006278010073424165
0.003046335037346876
0.001724485238624968
0.0029561103726704796
0.004953042788307447
0.008212177497185152
0.009155549369960568
0.006824998595942924
0.0035141478547681586
0.0018400862825929051
0.0027305735307160657
0.005704538334901097
0.00861995474451562
0.008729198325850179
0.005893596191827265
0.002652026851881335
0.0007953488320610245
0.00015897138860541694
2.117687332372827e-05
1.8801229817917027e-06
7.395077664023329e-07
5.815457699295135e-06
3.582250897721107e-05
0.00014717519117401505
0.000402991746137229
0.0007354264542805395
0.00099058801360945
0.0013585794255628674
0.0031762359543409746
0.006185907239401997
0.013511528929216443
0.02054092001102375
0.02217902713964792
0.019400508414885463
0.01756347078296691
0.017990823586686504
0.017522051829270257
0.013999262750456124
0.008941900295009525
0.005960140500572542
0.00694951891422542
0.009805877395674883
0.01050599847749584
0.00784921702551075
0.0043103871972372
0.0020755504469381586
0.001180553421635987
0.0009639216733073334
0.0009733013791423382
0.0010017126589550952
0.0014727076554957512
0.0033498314103510545
0.0067830013858395525
0.00986851479289252
0.011120365632474883
0.012052177798113725
0.01643049053508441
0.022935234847710272
0.024435599346328874
0.01787115042851787
0.008761730308646545
0.002866130038804017
0.0006249956222976108
9.08359059576593e-05
8.798793371478764e-06
5.680295045470283e-07
2.4439951777272995e-08
1.771563869742286e-05
0.00016219904969528909
0.0009897794982879906
0.004025410602933021
0.010910972641233955
0.019710529697818623
0.023730925317944282
0.01904200161990503
0.010183382838587777
0.003629552583664104
0.0008621754699520335
0.00013649595466484166
1.4402087544375922e-05
1.0127742733637787e-06
1.3772253155519782e-07
4.924870234429662e-09
8.010145916564708e-05
0.000557437321125679
0.0025854362757131376
0.007991957831821493
0.016464709695641375
0.022606666097537868
0.02068714269380277
0.012616707903797047
0.00512829660231132
0.0013892543654711854
0.0002508256539519957
3.0181699059833283e-05
2.4204547272340692e-06
1.2936946779489846e-07
4.608378771237308e-09
1.0940724732421456e-10
1.7311135811143918e-12
1.825519952086254e-14
1.2830073741934878e-16
6.0097065926791705e-19
1.8761127471246882e-21
3.903427769238e-24
5.412711868737178e-27
5.372316850087309e-29
3.788207002929433e-32
1.780531984937858e-35
2.1311270498377162e-36
1.826063135740906e-35
1.0455768193634315e-34
3.990044230378831e-34
1.014801316274089e-33
1.7201482659345502e-33
1.9432661703795933e-33
1.4631210101408359e-33
7.341921748651232e-34
2.455391817703877e-34
5.472848237942394e-35
8.129944008072693e-36
8.049024549550676e-37
5.311051315600037e-38
2.3356044359177692e-39
2.462418126034834e-35
2.008232760657118e-34
1.0915636010989084e-33
3.9542633940378985e-33
9.546928972576781e-33
1.5361843516027143e-32
1.647420744506031e-32
1.1774630084475434e-32
7.512940683572807e-33
2.7305823709381328e-33
6.614273549255097e-34
1.0678016083189188e-34
6.608378562561029e-35
3.5756795061217632e-34
1.5536551013479973e-33
4.5093308026918435e-33
8.722920033530303e-33
1.1499428249213084e-32
1.1316551716415022e-32
1.2721677712234108e-32
2.3084049482965546e-32
4.180449219981689e-32
4.056327614282203e-06
2.7461295847552074e-05
0.0001239054981261418
0.00037259899335343025
0.0007467484411266437
0.0009974439955423514
0.0008879413157453266
0.0005272546119855636
0.00021127296358221462
6.825827854103148e-05
5.122229557072044e-05
9.232736009162359e-05
0.00012975225607301678
0.00017678568119622215
0.00019672144663758102
0.0001866026521817634
0.00015886546837890424
0.0001679163611820971
0.00031447390213805367
0.0006326345507974403
0.0009313011227076805
0.0009263780252939053
0.0006153536604258556
0.00027250018646493264
8.042821626602105e-05
1.582101221219274e-05
2.074158934122973e-06
1.812305475572482e-07
1.0553641327418979e-08
4.095951517926928e-10
3.6879996440773808e-06
2.5127308893116762e-05
0.00011409953546947016
0.0003453053644115344
0.0006964730602609063
0.0009362393011641085
0.0008387855911014097
0.0005008372280036067
0.00028346181122476525
8.606821178893058e-05
1.7416967848064592e-05
2.3490046072085422e-06
2.1114302301413262e-07
1.2648853135331537e-08
5.050182970198717e-10
1.3438309038959102e-11
2.383217524299757e-13
2.8168536987701794e-15
2.218944536790321e-17
1.1649576858787394e-19
4.076199235183708e-22
9.505658406274432e-25
1.4773743413786257e-27
1.5303136390272497e-30
1.0564571791353785e-33
4.8607694460867165e-37
1.4905381046952922e-40
3.046871076080966e-44
2.5397666134134346e-50
6.217927515930273e-53
1.0145630663391538e-55
1.1033009445597692e-58
7.99632578461844e-62
5.149783835062964e-64
1.897964433280381e-67
4.661961557471323e-71
0.0
0.0
0.0
0.0
0.0
0.0
6.242889887607357e-35
4.003391500200365e-34
1.7110078372652196e-33
4.8736853030367946e-33
9.252189420592265e-33
1.216467662427104e-32
1.2997744914064085e-32
1.9756470945874436e-32
4.5112916789776626e-32
8.738742556909904e-32
1.17666849809112e-31
1.0941344218794772e-31
8.251562955501152e-32
8.205255106786983e-32
1.159501996323549e-31
1.4118347348580853e-31
1.2301051856246977e-31
9.695605379718907e-32
7.500062827131689e-32
9.111982893816438e-32
1.1480603309388303e-31
1.0552391422286077e-31
6.55352707540008e-32
2.718850053868537e-32
7.522907966729801e-33
1.387945177963876e-33
1.707348482572002e-34
1.4003095253709926e-35
0.00013657509385232345
0.000914278139997495
0.004079122170842522
0.012129325130069356
0.024037434323002767
0.03174834798613373
0.02794703258345832
0.01639577005569915
0.006410759500894945
0.0016705854656199881
0.00029014123868015924
3.358394973105413e-05
2.5908103880961897e-06
1.3320515630071503e-07
4.564445137155385e-09
3.843558434368525e-10
6.69735042918593e-12
7.777752279336005e-14
6.019864811885266e-16
3.105281087165269e-18
1.0675707009117725e-20
2.446098393559706e-23
4.330283204128611e-07
4.011235502634541e-06
2.4764044095261922e-05
0.00010189351048231424
0.0002794171313035798
0.0005169713718225207
0.0006778697230737958
0.0008348085193257253
0.0015759130805612512
0.0035452171158857114
0.006232352862085937
0.008004193913208295
0.008360138070121922
0.008340134600602874
0.007878548621906822
0.005965862936652355
0.003214128790018008
0.0011768579771096346
0.0004824085746692075
9.35573958500616e-05
3.1426188461073956e-05
8.722618551209244e-05
0.0002482604475401982
0.00048144788919686563
0.0006533047403873526
0.0006891979258655636
0.0006832644493503069
0.0007074291096124592
0.0007579193060989468
0.0011733640205872906
0.0026120933641044872
0.004985644846406761
0.0066231198862950385
0.005901050435012444
0.003507253231025564
0.0013894456917125449
0.0003668642303073245
6.455825942937085e-05
7.571465711125438e-06
5.918200539926293e-07
3.083052682661764e-08
1.0704188866049053e-09
2.4768980360261043e-11
3.8198300641911807e-13
1.8890154580000933e-14
1.4814056813242064e-16
7.742728806769161e-19
2.697091240695667e-21
6.261505657199782e-24
9.688208743415309e-27
9.990706257332644e-30
6.894484474021711e-33
6.71156828184702e-36
3.0085870197774684e-37
1.6807006298192957e-38
3.5695008869873686e-36
3.302481467679535e-35
2.0367175433813176e-34
8.371494029698446e-34
2.2932779124988063e-33
4.186893872673882e-33
5.0945844476138224e-33
4.131494000217036e-33
2.232991323186655e-33
8.043563465095453e-34
1.931041015418356e-34
3.0896981441113857e-35
3.294747627045091e-36
2.341584334381883e-37
1.1091211887603096e-38
3.7327964538214545e-36
3.088875494035236e-35
1.7040491612652002e-34
6.265356319276135e-34
1.5352919731973043e-33
2.507365996734102e-33
2.7291413696968813e-33
1.979775209232377e-33
9.5716603408111e-34
3.084183605212929e-34
6.62330443897684e-35
9.479616309907196e-36
9.042496501893813e-37
5.748671438425903e-38
2.435724552110923e-39
6.878130449557361e-41
1.2944765607116715e-42
1.6236765629263573e-44
1.3573329780396322e-46
7.562316126742409e-49
2.8080497870058646e-51
6.949224261817575e-54
1.1461709555266115e-56
1.2599230434105563e-59
9.230392893370684e-63
9.122527173249376e-06
7.796422302337754e-05
0.0004440757856523407
0.001685777987735188
0.00426506066403909
0.007191700535737918
0.008082012641214914
0.006084544141121329
0.0032349839537508074
0.0019749333626213126
0.0031600375580218667
0.005962220017319637
0.007980616304968012
0.007167266395978378
0.004384569244731334
0.00228091736532174
0.002483257189722488
0.004835369309154266
0.007429109822445117
0.007716242900166205
0.005347216830695593
0.0024698289924619567
0.0007603091461576483
0.00015598947525171945
2.1329562272930386e-05
1.9437935561607824e-06
3.1419296862589684e-07
1.4560196537186387e-08
4.4969655543054685e-10
9.256641258011766e-12
1.2698980405133044e-13
1.1610898308104405e-15
7.075291508580364e-18
2.873455015797305e-20
7.777607376463292e-23
1.4030372407358672e-25
1.6868542472587458e-28
1.3535453971144949e-31
8.921313096519406e-35
1.0394678078095786e-36
4.0237520432894485e-38
1.0642562883217256e-39
1.8764993328736496e-41
2.2052255546914518e-43
1.7272297294475295e-45
9.016427145839442e-48
3.136919757544444e-50
7.273701412361246e-53
1.1240610673794857e-55
1.1577274379543052e-58
7.947023967645105e-62
3.6356694221770467e-65
1.7229463968603183e-67
4.008245776842265e-71
0.0
0.0
2.420978997131126e-05
0.00017671254798554953
0.0008599092861301802
0.0027896113146147028
0.006033057838719736
0.008703669238010518
0.008397289318348267
0.005524622947000976
0.0027997019377443886
0.0017039594991077784
0.0016401722823957748
0.0016997555751123042
0.0016948085701037705
0.001640783398019298
0.0013421816349074077
0.0008186497455119677
0.00042531068682490715
0.0004537601474870703
0.0009534178359223376
0.0017854183990069186
0.002912683944246265
0.004678927234672109
0.006174222720030836
0.0079830229827913
0.008447171958579813
0.00835239495482852
0.00829436290965588
0.007146382685318167
0.004656419589617191
0.0024542299924828277
0.0016101397035750218
0.0016272999530369137
0.001753055829946203
0.001836754067078359
0.0018318910413804386
0.0014960677258472614
0.0008813625180568652
0.00035483484605942217
9.591809145553507e-05
1.7317672969137617e-05
2.085109126182067e-06
1.673504267565538e-07
8.952175642180255e-09
3.191672237211127e-10
7.583878314178613e-12
1.2010096584850897e-13
1.2676032476700296e-15
4.8682789915023755e-17
2.6128527517466133e-19
9.346219275514066e-22
2.228119841640258e-24
3.540158240377256e-27
3.748766168752024e-30
2.6456694179748957e-33
1.2444124593592732e-36
3.900988521445485e-40
8.150167649460198e-44
0.0
0.0
0.0
0.0
0.0
0.0
0.0
0.0
0.0
0.0
0.0
0.0
0.0
0.0
0.0
0.0
0.0
0.0
0.0
0.0
0.0
0.0
0.0
0.0
0.0
0.0
0.0
0.0
0.0
0.0
0.0
0.0
0.0
0.0
0.0
0.0
0.0
0.0
0.0
0.0
0.0
0.0
0.0
0.0
0.0
0.0
0.0
0.0
0.0
0.0
0.0
0.0
0.0
0.0
0.0
0.0
0.0
0.0
0.0
0.0
0.0
0.0
0.0
0.0
0.0
0.0
0.0
0.0
0.0
0.0
0.0
0.0
0.0
0.0
0.0
0.0
0.0
0.0
0.0
0.0
0.0
0.0
0.0
0.0
0.0
0.0
0.0
0.0
0.0
0.0
0.0
0.0
0.0
0.0
0.0
0.0
0.0
0.0
0.0
0.0
0.0
0.0
0.0
0.0
0.0
0.0
0.0
0.0
0.0
0.0
0.0
0.0
0.0
0.0
0.0
0.0
0.0
0.0
0.0
0.0
0.0
0.0
0.0
0.0
0.0
0.0
0.0
0.0
0.0
0.0
0.0
0.0
0.0
0.0
0.0
0.0
0.0
0.0
0.0
0.0
0.0
0.0
0.0
0.0
0.0
0.0
0.0
0.0
0.0
0.0
0.0
0.0
0.0
0.0
0.0
0.0
0.0
0.0
0.0
0.0
0.0
0.0
0.0
0.0
0.0
0.0
0.0
0.0
0.0
0.0
0.0
0.0
0.0
0.0
0.0
0.0
0.0
0.0
0.0
0.0
0.0
0.0
0.0
0.0
0.0
0.0
0.0
0.0
0.0
0.0
0.0
0.0
0.0
0.0
0.0
0.0
0.0
0.0
0.0
0.0
0.0
0.0
0.0
0.0
0.0
0.0
0.0
0.0
0.0
0.0
0.0
0.0
0.0
0.0
0.0
0.0
0.0
0.0
0.0
0.0
0.0
0.0
0.0
0.0
0.0
0.0
0.0
0.0
0.0
0.0
0.0
0.0
0.0
0.0
0.0
0.0
0.0
0.0
0.0
0.0
0.0
0.0
0.0
0.0
0.0
0.0
0.0
0.0
0.0
0.0
0.0
0.0
0.0
0.0
0.0
0.0
0.0
0.0
0.0
0.0
0.0
0.0
0.0
0.0
0.0
0.0
0.0
0.0
0.0
0.0
0.0
0.0
0.0
0.0
0.0
0.0
0.0
0.0
0.0
0.0
0.0
0.0
0.0
0.0
0.0
0.0
0.0
0.0
0.0
0.0
0.0
0.0
0.0
0.0
0.0
0.0
0.0
0.0
0.0
0.0
0.0
0.0
0.0
0.0
0.0
0.0
0.0
0.0
0.0
0.0
0.0
