a = 4.749665496097099 b = 4.695210240090903 c = 16.188822610819926 ,Gaussian ,LMH = 0.08 ,DW = [1.9 1.9 1.9 1.9]
0.0
0.0
0.0
0.0
0.0
0.0
0.0
0.0
0.0
0.0
0.0
0.0
0.0
0.0
0.0
0.0
0.0
0.0
0.0
0.0
0.0
0.0
0.0
0.0
0.0
0.0
0.0
0.0
0.0
0.0
0.0
0.0
0.0
0.0
0.0
0.0
0.0
0.0
0.0
0.0
0.0
0.0
0.0
0.0
9.097458047006727e-34
6.364702014982905e-33
2.967683880002295e-32
9.222289433597646e-32
1.9100353569610448e-31
2.6364868731934266e-31
2.4254446503860787e-31
1.4870948562298567e-31
6.07669617330602e-32
1.6549234971163294e-32
3.003792094377499e-33
3.6336522833443e-34
2.9295331037622574e-35
1.5741097254646857e-36
5.637066297945577e-38
1.3454043615791762e-39
2.1401000053256761e-41
2.2688033413767616e-43
1.6030282882791863e-45
7.5486113844415e-48
2.3690514754480183e-50
4.0533456865457116e-52
6.4687989530788345e-55
6.880424154047906e-58
4.8773993726408634e-61
2.3043209725942248e-64
7.255697618767088e-68
1.5226389182546546e-71
0.0
0.0
0.0
0.0
0.0
0.0
0.0
0.0
0.0
0.0
0.0
0.0
0.0
0.0
0.0
0.0
0.0
0.0
0.0
0.0
0.0
0.0
0.0
0.0
0.0
0.0
0.0
0.0
0.0
0.0
0.0
0.0
0.0
0.0
0.0
0.0
0.0
0.0
0.0
0.0
0.0
0.0
0.0
0.0
0.0
0.0
0.0
0.0
0.0
0.0
0.0
0.0
0.0
0.0
0.0
0.0
0.0
0.0
0.0
0.0
0.0
0.0
0.0
0.0
0.0
0.0
0.0
0.0
0.0
0.0
0.0
0.0
0.0
0.0
0.0
0.0
0.0
0.0
0.0
0.0
0.0
0.0
0.0
0.0
0.0
0.0
0.0
0.0
0.0
0.0
0.0
0.0
0.0
0.0
0.0
0.0
0.0
0.0
0.0
0.0
0.0
0.0
0.0
0.0
0.0
0.0
0.0
0.0
0.0
0.0
0.0
0.0
0.0
0.0
0.0
0.0
0.0
0.0
0.0
0.0
0.0
0.0
0.0
0.0
0.0
0.0
0.0
0.0
0.0
0.0
0.0
0.0
0.0
0.0
0.0
0.0
0.0
0.0
0.0
0.0
0.0
0.0
0.0
0.0
0.0
0.0
0.0
0.0
0.0
0.0
0.0
0.0
0.0
0.0
0.0
0.0
4.476719016045066e-34
4.175884589074146e-33
2.5960836762556693e-32
1.075648642988626e-31
2.9703233488000196e-31
5.466616057727015e-31
6.705249841339955e-31
5.481417784692583e-31
2.986430365307475e-31
1.0844097885277425e-31
2.6243153077300514e-32
4.2327259080403915e-33
4.549941652724092e-34
3.259665654485583e-35
1.5564021923603327e-36
4.952815605555011e-38
1.0504225419920079e-39
6.424009024235154e-41
6.928202874357013e-43
4.979853866354178e-45
2.3855809001070683e-47
7.616461437668189e-50
1.6206673927672749e-52
2.2983495988972865e-55
2.172300151510956e-58
1.3683749771455324e-61
5.7447609733157765e-65
1.6073866281175953e-68
0.0
0.0
0.0
0.0
0.0
0.0
0.0
0.0
0.0
0.0
0.0
0.0
0.0
0.0
0.0
0.0
0.0
0.0
0.0
0.0
0.0
0.0
0.0
0.0
0.0
0.0
0.0
0.0
0.0
0.0
0.0
0.0
0.0
0.0
0.0
0.0
0.0
0.0
0.0
0.0
0.0
0.0
0.0
0.0
0.0
0.0
0.0
0.0
0.0
0.0
0.0
0.0
0.0
0.0
0.0
0.0
0.0
0.0
0.0
0.0
0.0
0.0
0.0
0.0
0.0
0.0
0.0
0.0
0.0
0.0
0.0
0.0
0.0
0.0
0.0
0.0
0.0
0.0
0.0
0.0
0.0
0.0
0.0
0.0
0.0
0.0
0.0
0.0
0.0
0.0
0.0
0.0
0.0
0.0
0.0
0.0
0.0
0.0
0.0
0.0
0.0
0.0
0.0
0.0
0.0
0.0
0.0
0.0
0.0
0.0
0.0
0.0
0.0
0.0
0.0
0.0
0.0
0.0
0.0
0.0
0.0
0.0
0.0
0.0
0.0
0.0
0.0
0.0
0.0
0.0
0.0
0.0
0.0
0.0
0.0
0.0
0.0
0.0
0.0
0.0
0.0
0.0
0.0
0.0
0.0
0.0
0.0
0.0
0.0
0.0
0.0
0.0
0.0
0.0
0.0
0.0
0.0
0.0
2.3342739133373376e-06
1.811579256393332e-05
9.370103970249166e-05
0.0003230078140634857
0.0007421013058502101
0.001136304982727017
0.001159599914164661
0.0007886839197053683
0.00035750271639345345
0.00010800335686502629
2.1745866136723594e-05
5.962621034902084e-06
6.104909698217931e-07
4.1658423347197204e-08
1.8945582474246674e-09
5.7424158951003524e-11
1.1600130430626704e-12
1.5617540825297767e-14
1.4013414740571533e-16
8.380247582269536e-19
3.3400369510578e-21
8.872116618346812e-24
1.5706693178856242e-26
1.8532065509962948e-29
1.4572848217066142e-32
7.637418775833916e-36
2.6676590103144348e-39
6.210056837828808e-43
0.0
0.0
0.0
0.0
0.0
0.0
0.0
0.0
0.0
0.0
0.0
0.0
0.0
0.0
0.0
0.0
0.0
0.0
0.0
0.0
0.0
0.0
0.0
0.0
0.0
0.0
0.0
0.0
0.0
0.0
0.0
0.0
0.0
0.0
0.0
0.0
0.0
0.0
0.0
0.0
0.0
0.0
0.0
0.0
0.0
0.0
0.0
0.0
0.0
0.0
0.0
0.0
0.0
0.0
0.0
0.0
0.0
0.0
0.0
0.0
0.0
0.0
0.0
0.0
0.0
0.0
0.0
0.0
0.0
0.0
0.0
0.0
0.0
0.0
0.0
0.0
0.0
0.0
0.0
0.0
0.0
0.0
0.0
0.0
0.0
0.0
0.0
0.0
0.0
0.0
0.0
0.0
0.0
0.0
0.0
0.0
0.0
0.0
0.0
0.0
0.0
0.0
0.0
0.0
0.0
0.0
0.0
0.0
0.0
0.0
0.0
0.0
0.0
0.0
0.0
0.0
0.0
0.0
0.0
0.0
0.0
0.0
0.0
0.0
0.0
0.0
0.0
0.0
0.0
0.0
0.0
0.0
0.0
0.0
0.0
0.0
0.0
0.0
0.0
0.0
0.0
0.0
0.0
0.0
0.0
0.0
0.0
6.526325433660366e-35
4.891999607779229e-34
2.4439124808590544e-33
8.137039668990642e-33
1.8140520821213948e-32
2.7406241353364983e-32
3.022568434220856e-32
3.1757632642693533e-32
4.3334541094221777e-32
6.137697378606692e-32
6.720159434487365e-32
5.638327964172882e-32
5.636711802302841e-32
1.1513938255902875e-31
3.618868133890331e-31
1.0318934551327466e-30
1.7492593755553196e-30
2.822053971224869e-30
3.0620866307817208e-30
2.219381618833597e-30
1.0726789402470857e-30
3.4557996456528797e-31
7.420335450844559e-32
1.4948519345129332e-05
0.00013746763369519878
0.0008425278865641555
0.003441514945564311
0.009369072155563861
0.017101043532719996
0.021216721906663395
0.019420865752172924
0.017115277912242884
0.019036900583917965
0.02149588312118912
0.01986763650527517
0.017373676723599095
0.018697104213012575
0.02065916905408457
0.01744445199504478
0.010114494180549695
0.003931570778182148
0.0010196756404729575
0.00033104447816905265
4.367113126570489e-05
3.839636592792401e-06
2.249927419642126e-07
8.78675799787342e-09
2.2870223728262687e-10
3.9672878958189996e-12
4.5866813673344334e-14
3.5341499607195843e-16
1.8149009339331347e-18
6.211584862947857e-21
1.4168813047217228e-23
2.154001816289409e-26
2.182429425447064e-29
1.473723131155377e-32
6.632437099293594e-36
1.9893533421176724e-39
3.9767863918369396e-43
0.0
0.0
0.0
0.0
0.0
0.0
0.0
0.0
0.0
0.0
0.0
0.0
0.0
0.0
0.0
0.0
0.0
0.0
0.0
0.0
0.0
0.0
0.0
0.0
0.0
0.0
0.0
0.0
0.0
0.0
5.8610018898494026e-05
0.00042303505749225135
0.002034990591461304
0.004628645958808869
0.011363767049705903
0.018776241778829205
0.021680592761409122
0.02006616870273491
0.019685221945967037
0.021848330311832722
0.022032735343322042
0.020006408639845076
0.02015459594983639
0.02143529316896484
0.018400822678766512
0.011077971254652024
0.004496974194885392
0.0012197575330715608
0.00022062280410923942
2.6598768748546603e-05
2.1373009248533537e-06
1.1446002942667562e-07
4.085301586065441e-09
9.71798127731484e-11
1.5406697911963307e-12
1.6278884061165652e-14
1.1463605771575809e-16
5.380212178854417e-19
1.6829031071124459e-21
2.8729833673356236e-23
4.569781141356581e-26
4.84439155786021e-29
3.422666817098619e-32
1.6116530644106844e-35
5.05778123038656e-39
1.0578645669135616e-42
0.0
0.0
0.0
0.0
0.0
0.0
0.0
0.0
0.0
0.0
0.0
0.0
0.0
0.0
0.0
0.0
0.0
0.0
0.0
0.0
0.0
0.0
0.0
0.0
0.0
0.0
0.0
0.0
0.0
0.0
0.0
0.0
0.0
0.0
0.0
0.0
0.0
0.0
0.0
0.0
0.0
0.0
0.0
0.0
0.0
0.0
0.0
0.0
0.0
0.0
0.0
0.0
0.0
0.0
0.0
0.0
0.0
0.0
0.0
0.0
0.0
0.0
0.0
0.0
0.0
1.4700540270365103e-33
1.0496531974877656e-32
4.99505090157323e-32
1.5898243096164009e-31
3.396328052479957e-31
4.560757088468059e-31
5.41718494946575e-31
5.372557630425903e-31
5.470984855462922e-31
5.669818256775551e-31
5.262840597885391e-31
4.662357649877696e-31
4.43826815538021e-31
4.131432332763901e-31
3.408528864584351e-31
2.564781266385037e-31
1.734152232060615e-31
9.377169644242115e-32
3.654398376642806e-32
9.761736543527444e-33
1.7542470814527668e-33
2.1074771253725764e-34
1.689061600557765e-35
9.02501572556858e-37
3.2142270493271704e-38
7.629587083852703e-40
1.2070122749495131e-41
1.2726394320746294e-43
8.942955951786144e-46
4.188307025720671e-48
1.3073068201592548e-50
2.228628813604417e-52
3.537360794010262e-55
3.7419891641798725e-58
2.6381971208551964e-61
1.2396340787517007e-64
3.882051746903036e-68
8.10234406617636e-72
0.0
0.0
0.0
0.0
0.0
0.0
0.0
0.0
0.0
0.0
0.0
0.0
0.0
0.0
0.0
0.0
0.0
0.0
0.0
0.0
0.0
0.0
0.0
0.0
0.0
0.0
0.0
0.0
0.0
0.0
0.0
0.0
0.0
0.0
0.0
0.0
0.0
0.0
0.0
0.0
0.0
0.0
0.0
0.0
0.0
0.0
0.0
0.0
0.0
0.0
0.0
0.0
0.0
0.0
0.0
0.0
0.0
0.0
0.0
0.0
0.0
0.0
0.0
0.0
0.0
0.0
0.0
0.0
0.0
0.0
0.0
0.0
0.0
0.0
0.0
0.0
0.0
0.0
0.0
0.0
0.0
0.0
0.0
0.0
0.0
0.0
0.0
0.0
0.0013664726767043905
0.010775192788711275
0.05662793104030004
0.19954075532783724
0.47265016435130675
0.7721126530571962
0.9333087565610663
0.9614966165741438
0.9814162305816087
1.0
0.9823687279111563
0.9557992805294758
0.873777612592623
0.6403497451956793
0.335341084599038
0.11968552030440359
0.028662519498100263
0.004583965011053035
0.0004888861103879688
3.475615814773106e-05
1.6468719352082492e-06
5.2008707581241746e-08
1.0946512953998662e-09
1.5355276919344762e-11
1.4355596027701093e-13
8.944712838198101e-16
3.7144382196565934e-18
1.0280196800912176e-20
1.8962311107374804e-23
2.3311093967873628e-26
1.9099218217442194e-29
1.0429177876865173e-32
3.7954747527448934e-36
1.544226455334261e-38
0.0
0.0
0.0
0.0
0.0
0.0
0.0
0.0
0.0
0.0
0.0
0.0
0.0
0.0
0.0
0.0
0.0
0.0
0.0
0.0
0.0
0.0
0.0
0.0
0.0
0.0
0.0
0.0
0.0
0.0
0.0
0.0
0.0
0.0
0.0
0.0
0.0
0.0
0.0
0.0
0.0
0.0005229111299161501
0.0033929222601093013
0.014672410890111265
0.04228736266289984
0.08122715986850561
0.10398566760032044
0.088721167611291
0.050450161542001284
0.01911962728163383
0.007992049941859748
0.0015402018124266613
0.0001978238361334756
1.693406243587383e-05
9.66107029848744e-07
3.673422451430799e-08
9.308893419567723e-10
1.572196365966389e-11
1.769689468632272e-13
1.3276050414767478e-15
6.6377710346942695e-18
2.2118577375299476e-20
4.9121730900661854e-23
7.270623919470361e-26
7.172181120570429e-29
4.715332953116954e-32
2.066117555454418e-35
6.033637855652024e-39
1.1743160593044421e-42
0.0
0.0
0.0
0.0
0.0
0.0
0.0
0.0
0.0
0.0
0.0
0.0
0.0
0.0
0.0
0.0
0.0
0.0
0.0
0.0
0.0
0.0
0.0
0.0
0.0
0.0
0.0
0.0
0.0
0.0
0.0
0.0
0.0
0.0
0.0
0.0
0.0
0.0
0.0
0.0
0.0
0.0
0.0001365018878504547
0.0009291705743864301
0.0042415670883255985
0.012984680601717102
0.027139059231880307
0.04044860771196313
0.04725422923749118
0.04946320639515933
0.05011095780860997
0.049319041044871566
0.04645504216011145
0.03846147076824491
0.024621498874683085
0.011170256564079462
0.003453782750035816
0.0007172353316143247
9.952862959156557e-05
2.1304631655024758e-05
1.5050377451708855e-06
7.087038610363907e-08
2.2242559998398457e-09
4.652574731086409e-11
6.486133284361544e-13
6.0264384741150255e-15
3.7317917661406335e-17
1.5401240961357523e-19
4.236191727909173e-22
7.765636508344128e-25
9.48768070124292e-28
7.7254646920326475e-31
4.192477224216733e-34
1.5163461761504353e-37
3.6551698021662694e-41
0.0
0.0
0.0
0.0
0.0
0.0
0.0
0.0
0.0
0.0
0.0
0.0
0.0
0.0
0.0
0.0
0.0
0.0
0.0
0.0
0.0
0.0
0.0
0.0
0.0
0.0
0.0
0.0
0.0
0.0
0.0
0.0
0.0
0.0
0.0
0.0
0.0
0.0
0.0
0.0
0.0
0.0
0.0
0.0
0.0
0.0
0.0
0.0
0.0
0.0
0.0
0.0
0.0
0.0
0.0
0.00029028191551458204
0.0019299006750135635
0.008551287028167247
0.02525280110302567
0.04970146389036092
0.065194408745257
0.06235510164146662
0.041592568671745905
0.018826797466620696
0.007641227188105885
0.010343944790121655
0.026576831853198445
0.050294170788695886
0.06374345615690812
0.05385589314517248
0.030408221522339282
0.012062645024000838
0.006618098523402517
0.014382998059747324
0.034237186814501656
0.0560002509683151
0.06113268821794869
0.04448014158635211
0.021569576793514688
0.006971057930252362
0.001501541397539192
0.00021555469017244008
2.0623349030861202e-05
1.3150505734109756e-06
5.588654559828096e-08
1.582900534609426e-09
1.173956646215528e-10
1.6908341030161953e-12
1.623048459084356e-14
1.0383494157256938e-16
4.427281200490001e-19
1.2580915337746411e-21
2.3826975917236294e-24
3.007585621852621e-27
2.7330033835529995e-30
3.8613205284957763e-31
4.881464458196944e-31
4.129548231084316e-31
2.3283601486455644e-31
8.749443121360147e-32
2.1912518996050246e-32
3.6575119575459296e-33
4.068747625900653e-34
3.016597026369462e-35
1.490580354032554e-36
4.90879658025613e-38
1.0773981514075416e-39
1.5760099858176688e-41
1.5364670529975703e-43
9.983184265207094e-46
4.323111836459393e-48
5.43346134794187e-34
2.04363655622233e-33
1.0630301293893938e-32
3.6852676366141714e-32
8.514791949348464e-32
1.3111748087036207e-31
1.345639418382425e-31
9.213610597921141e-32
4.280648711279107e-32
1.776518786756203e-32
2.2346272474444207e-32
5.223659539273443e-32
9.081772204736993e-32
1.058672498778602e-31
8.272586212004007e-32
4.6229731649976736e-32
3.2880096745022273e-32
6.538503026051377e-32
1.4589516174414076e-31
2.385212393933607e-31
2.820702209912164e-31
2.5278164693921917e-31
1.8428509844065596e-31
1.1959553759422838e-31
7.476922779601765e-32
4.428796597141836e-32
2.199252273578119e-32
1.1762244990555076e-32
3.432387710378581e-33
6.836370834277432e-34
9.156624557473027e-35
8.20135445063777e-36
4.901880109823594e-37
1.9535538146872304e-38
5.189745059001675e-40
9.189181781166217e-42
1.0844260438177365e-43
8.529206044748257e-46
4.470955314541905e-48
1.5619753154563433e-50
3.6368866313975423e-53
5.643739873799491e-56
5.836947557615682e-59
4.023334614856509e-62
1.8482812887264026e-65
5.658893652493458e-69
1.1547196223677468e-72
0.0
0.0
0.0
0.0
0.0
0.0
0.0
0.0
0.0
0.0
0.0
0.0
0.0
0.0
0.0
0.0
0.0
0.0
0.0
0.0
0.00011447081108563035
0.0010054664871617656
0.005886023448342198
0.02296454917681292
0.05971389614771448
0.10348429398551998
0.1195239733023691
0.09211141048939128
0.048135153044887455
0.021655482809953754
0.02541083796460139
0.04436756163866972
0.08682270636810445
0.11577209371164092
0.10301960639229767
0.06149099116779414
0.026873164061386953
0.019019733716281538
0.04036065750502293
0.08122547315053813
0.11169646119552949
0.10251576505855112
0.06271316673831294
0.025568800331487302
0.006947741211462166
0.0012582254631951237
0.00015186400704097862
1.2216105874790326e-05
6.549260565049912e-07
2.3400939774391616e-08
5.572574414251144e-10
8.844229477734459e-12
9.355040599610092e-14
6.594971132715943e-16
3.098572551468689e-18
9.702686249254237e-21
2.024901279985826e-23
2.6394450578729636e-25
2.8010900666862006e-28
1.981176047849842e-31
9.339005094878592e-35
2.9339972609510136e-38
6.143280478691794e-42
0.0
0.0
0.0
0.0
0.0
0.0
0.0
0.0
0.0
0.0
0.0
0.0
0.0
0.0
0.0
0.0
0.0
0.0
0.0
0.0
0.0
0.0
0.0
0.0
0.0
0.0
0.0
0.0
0.0
0.0
0.0
0.0
0.0
0.0
0.0
0.0
0.0
0.0
0.0
0.0
0.0
1.771846343271618e-36
1.3960135509278542e-35
7.330519603080722e-35
2.565437467317752e-34
4.720051556584076e-34
8.399936373085547e-34
9.962923569339265e-34
1.0491847213746766e-33
2.2458709096001918e-33
8.689782973681129e-33
2.6619382504989657e-32
5.524139744663145e-32
7.691313829121299e-32
5.670822896445999e-05
0.0004043926366885217
0.001921949368166699
0.00608782547764998
0.012851801035467212
0.01808203648490352
0.01695556387114301
0.010596408231231673
0.004413536003258206
0.0012826654405910987
0.0006329732109587897
0.0019415575497464606
0.00600896882810956
0.012566101014030835
0.017520243471923613
0.01628041228126922
0.010082594852761978
0.005847152983850173
0.0018800531259195975
0.0006803799409946656
0.001539740664687569
0.005020426112726284
0.011318451678162223
0.017118762414807066
0.01746748044561943
0.012269929394816413
0.006358325944344018
0.002998872064108844
0.0017780356519120205
0.001287697974194989
0.0008401495337852092
0.0004124139844315033
0.00014179838678929894
3.317277743455924e-05
5.216847747937546e-06
5.487289793859991e-07
3.852329233027163e-08
0.00013979905574892224
0.0010435657626662617
0.005191854475271409
0.017214989849758878
0.038042809216275564
0.05602991141199165
0.05789206400563924
0.04335797298326584
0.021642152624618105
0.0072986117549177585
0.002378114321545048
0.004354013641482799
0.014479838618863221
0.03382463845691251
0.05274032902490791
0.05480908456590148
0.03796158429625379
0.017523371670170724
0.005590761408907035
0.0024846661154658183
0.006499537145414936
0.019488211200745207
0.03981540583134712
0.05425010741247953
0.049265192245819454
0.029816836516177576
0.012027199147667944
0.003233322232805198
0.0005793153327882532
6.917714047979169e-05
5.505436235475856e-06
8.130401968636108e-07
3.2903623645915824e-08
8.87476758684393e-10
1.5953346435074836e-11
1.9112968854622902e-13
1.5261107662136867e-15
8.121299155557595e-18
2.880358260296907e-20
6.808462621126952e-23
1.0725885446022144e-25
1.126156633501733e-28
7.880358814007783e-32
3.675147161448658e-35
1.142312748111559e-38
2.3663384541491403e-42
0.0
0.0
0.0
0.0
0.0
0.0
0.0
0.0
0.0
0.0
0.0
0.0
0.0
0.0
0.0
6.639131607957085e-35
4.579112700017126e-34
2.104907110688401e-33
6.448609611426877e-33
1.3166816572530694e-32
1.7917484309164402e-32
1.6686001211006647e-32
1.2866203665565917e-32
1.8167859354571565e-32
4.539226104702494e-32
9.329099242773112e-32
1.339126555492183e-31
1.3741178043059428e-31
1.0927721005620961e-31
7.616411122295399e-32
5.530685678904175e-32
5.273868558611186e-32
6.04950931531969e-32
5.897474067644849e-32
4.2313926624628227e-32
2.700552371785012e-32
3.0773517562259054e-32
4.6325480980824215e-32
8.060392699111117e-32
1.0372136126577662e-31
9.271556519596252e-32
5.638456843214331e-32
2.309257490315699e-32
6.336128393606255e-33
1.1616438252445999e-33
1.42118935615207e-34
1.1595278919164994e-35
6.307010033389128e-37
2.2867132679760522e-38
5.5260256226483625e-40
8.900430132708917e-42
9.554284232829473e-44
6.835503950117793e-46
3.259314455470534e-48
1.0357725857603494e-50
2.193736889667036e-53
3.0966093602605966e-56
2.91319768816242e-59
1.8265648220477829e-62
7.632763298332903e-66
2.1257395318174783e-69
0.0
0.0
0.0
0.0
0.0
0.0
0.0
0.0
0.0
0.0
0.0
0.0
0.0
0.0
0.0
0.0
0.0
0.0
0.0
0.0
0.0
0.0
0.0
0.0
0.0
0.0
0.0
0.0
0.0
0.0
0.0
0.0
0.0
0.0
0.0
0.0
6.289243959483187e-05
0.0004242424522673823
0.001907266390781331
0.005714656562060614
0.011411703076634805
0.015187711507437548
0.01347149403617351
0.007963807164613347
0.0031743528415154564
0.001096384401356409
0.0014931373812046395
0.004467581499358862
0.009788420714857483
0.014343602985308448
0.014010041101434377
0.009120192797249332
0.003984598775050465
0.0019871767460404766
0.0016299926160920834
0.006029939288521394
0.020179372007021162
0.04819134617295108
0.08352536930977268
0.1109286332955635
0.12293835942769298
0.12344615736818744
0.11469010449646545
0.09325753138394834
0.0605903811119255
0.029042071536910352
0.009760338081125598
0.002238692725785705
0.0003459202602030997
3.579497889226869e-05
1.7281911829766883e-05
0.00012752306716867678
0.0007306098798893156
0.0027922115653929197
0.007112048545878255
0.01207320743345279
0.013659416911431929
0.010299667557382687
0.005176018284895175
0.0026114300166980207
0.0006673498492767634
0.0001136606904435678
1.2901748188367927e-05
9.7604171821234e-07
4.921185645102726e-08
1.653684533003779e-09
3.703540758566424e-11
0.0001321205546772056
0.0010190157814080573
0.005238090306874955
0.017945129692401633
0.04097337791570787
0.06235029112444827
0.06337081772809595
0.04378148080580522
0.024550857685736966
0.0237675783411202
0.04186885226532957
0.06156991413581051
0.061884524815298485
0.042334418255104166
0.02342882744852451
0.02254097650207175
0.04017962438877052
0.05456044938476583
0.06332338641537469
0.04920435440920211
0.025491506665789303
0.008802049639063302
0.002025605881620913
0.0003106760280621707
3.175719214106107e-05
2.1635054732063838e-06
9.823255679717981e-08
2.9725861228419143e-09
5.995080129482383e-11
8.058182269990814e-13
7.218728849985335e-15
4.309887359865736e-17
1.7149547239646026e-19
4.5480051309702365e-22
8.038421617120973e-25
9.468957446036054e-28
7.4338723010145455e-31
3.889641511095022e-34
1.3563932019489506e-37
3.1524135151251286e-41
0.0
0.0
0.0
0.0
0.0
0.0
0.0
0.0
0.0
0.0
1.0905560171119208e-06
8.424866298890593e-06
4.337700921770637e-05
0.00014884619606427262
0.000340406170524504
0.0005188462184693699
0.0005270616725489386
0.0003568336186088939
0.00016232984739122
5.821398401217236e-05
5.8131171694505486e-05
0.00016087139853750325
0.0003505655551616162
0.0005129495788350403
0.0005003723337311084
0.0003253110273784852
0.00014299554853461441
5.4568806163347974e-05
7.0660780210526e-05
0.00013941384626533175
0.000316684072426136
0.0004860969021269118
0.0004975739444963948
0.0003394570687094941
0.00015434554338936946
4.677188781518101e-05
9.446202548339165e-06
1.2714847512932181e-06
1.140634771988045e-07
6.819673859853053e-09
2.7174536966952405e-10
7.216759756893962e-12
1.2773322916081566e-13
1.5067704107451639e-15
1.1846002582256241e-17
6.206948057000508e-20
2.1675341429897946e-22
5.044699849511042e-25
7.82503455769303e-28
8.089445342402886e-31
5.573561196407687e-34
2.5593421614113593e-37
7.832591490132324e-41
1.5975856465640526e-44
0.0
0.0
0.0
0.0
0.0
0.0
0.0
0.0
0.0
0.0
0.0
0.0
0.0
0.0
0.0
0.0
0.0
0.0
0.0
0.0
0.0
0.0
0.0
0.0
0.0
0.0
0.0
0.0
0.0
0.0
0.0
0.0
0.0
0.0
0.0
0.0
0.0
0.0
0.0
0.0
0.0
0.0
0.0
0.0
0.0
0.0
0.0
0.0
3.4450215628202187e-35
2.703676651602266e-34
1.4141618100394644e-33
4.929751265766473e-33
9.046414207728729e-33
1.6036328777684718e-32
1.909277095260186e-32
1.606819596470557e-32
1.3832799002278273e-32
2.3625145210502594e-32
4.906422553322145e-32
7.497104270935796e-32
7.757204829854302e-32
5.581720969534604e-32
3.5749056584232616e-32
3.857105343063408e-32
5.941808893233356e-32
7.534173823281137e-32
7.085372938868439e-32
5.313646228040721e-32
3.616185432697263e-32
2.3164720855627945e-32
1.2433172820937012e-32
4.93439890063012e-33
1.35850282120398e-33
2.5306014426014365e-34
6.226596906248673e-35
2.8230122377009426e-34
1.7001104541954362e-33
6.886899585643158e-33
1.3969476239454574e-32
2.877838710017239e-32
3.9512484608209623e-32
3.615628305269078e-32
2.205532692563752e-32
9.006316791533307e-33
2.6835132138258612e-33
1.4316795941878497e-33
2.6250129739985567e-33
4.443494999911521e-33
5.1062989881392906e-33
3.9142210960071896e-33
2.1501695106155866e-33
1.7364508102611686e-33
5.0920898364038176e-33
1.541699653809161e-32
3.1987680609159785e-32
4.429388046337669e-32
4.090557700100794e-32
2.5335079764037856e-32
1.1254972853006603e-32
5.9732529281903666e-33
7.531347936883165e-33
1.0462325609454602e-32
1.0276044422214436e-32
8.130896589043936e-33
4.0830113884873976e-33
1.3665896651548345e-33
3.048456432120611e-34
4.5321432485292794e-35
4.490646103262645e-36
2.9654839846032722e-37
1.3051603852257393e-38
3.828368481967443e-40
7.484195595333456e-42
9.75120022604843e-44
8.467448567877694e-46
4.90036702546203e-48
1.890106164252657e-50
4.858758756466143e-53
8.324267395636771e-56
9.504915418818216e-59
7.233226071068279e-62
3.668574724597608e-65
1.240064424239516e-68
2.7936543764498423e-72
0.0
0.0
0.0
0.0
0.0
0.0
0.0
0.0
0.0
0.0
0.0
0.0
0.0
0.0
0.0
0.0
0.0
0.0
0.0
0.0
0.0
0.0
0.0
0.0
0.0
0.0
0.0
0.0
0.0
0.0
0.0
0.0
0.0
0.0
0.0
0.0
0.0
0.0
0.0
0.0
0.0
0.0
0.0
0.0
0.0
0.0
0.0
0.0
0.0
0.0
0.0
0.0
0.0
0.0
0.0
0.0
0.0
1.5906245950572732e-36
1.45209894129725e-35
8.834994272600513e-35
3.58259639054842e-34
9.682132996005248e-34
1.7439167619987673e-33
2.1015649328041495e-33
1.7349188376015947e-33
1.189149269473779e-33
1.2912350995451549e-33
4.043114196576968e-06
3.762814577912643e-05
0.00023339480008713852
0.0009648306297150729
0.0026582298876558336
0.004881075656883337
0.0059837101984282414
0.004949370140145323
0.003034641822771504
0.0022476651665944863
0.0031090791735698736
0.004419309229480171
0.004855779777255997
0.004660540245786933
0.004746748563973269
0.004802100464675749
0.0040923544122052355
0.002487821037612466
0.0010258061927434603
0.0002840756942301723
5.733033171683778e-05
4.885954941790583e-05
0.00020562543388885052
0.0007943786818932468
0.0022342465086190996
0.004346911742468815
0.0058638079850938055
0.005932342872048327
0.005606031036754322
0.005910106274704529
0.005853918472162235
0.00445526960088511
0.002858903070992784
0.002994098123102925
0.0054636923089543986
0.00875271890067677
0.010090127090213565
0.008270957484423599
0.005458898023065445
0.005179728280737506
0.008937915455736361
0.012585037330021946
0.01639295769233455
0.016658896921803588
0.01624856558914697
0.016732415232311316
0.015043076237354491
0.009877638444230575
0.004429389673229695
0.001331798634910571
0.00026727096285460617
5.762319043929384e-05
0.00015506327334600289
0.0007033279823952219
0.0021745088180990264
0.004506080887304428
0.006382919439927537
0.0066629611266418335
0.006287591174782768
0.006536774916295818
0.006565614256437988
0.0053028003305573635
0.004250903530706268
0.005993262604356862
0.0105578327651979
0.014105596445954348
0.012935381919859365
0.010011371370397043
0.00555822640203221
0.003231409484676673
0.0026158977390327446
0.0024838195064646766
0.0022084687944033993
0.0016441820174982072
0.000944999776758278
0.0003941494283606933
0.00011467171063478867
2.27591636384849e-05
3.045766785897971e-06
2.7322252689320975e-07
1.638113600991101e-08
6.554704552307927e-10
1.7491900522421956e-11
3.112043163272022e-13
3.690673862571226e-15
2.9173019875871146e-17
1.5369342991001647e-19
5.396583357247664e-22
1.2628971695931124e-24
1.9697043741141973e-27
2.0516039879788917e-30
8.009639411806668e-33
7.559375295841798e-33
7.69489986377561e-33
7.60876096367742e-33
7.791166909649659e-33
6.802021811722961e-33
4.29846956673385e-33
1.8511008260276922e-33
5.342714526132321e-34
1.0431615422871832e-34
2.6421909897294355e-35
8.406871510478552e-35
3.4723165397425747e-34
9.778912425262543e-34
1.8759416621595015e-33
2.6333726162917146e-33
3.275067900274378e-33
4.4156747245748616e-33
5.774243576635058e-33
5.933646814084733e-33
4.972686724754856e-33
5.6722502283589354e-33
1.0556881574569179e-32
1.7565696763994122e-32
2.035334290194181e-32
1.5802570510313104e-32
8.182401162878964e-33
4.2290051421874616e-33
1.2449360822050983e-33
8.987681629256292e-34
2.4536089392236416e-33
5.594670195231642e-33
8.576350261238994e-33
8.764773051187267e-33
5.969868254293821e-33
2.710007636296382e-33
8.198942401107248e-34
1.6532049790101182e-34
2.2216575758494564e-35
1.9897984465896046e-36
1.1877433326711634e-37
4.7251724497169315e-39
1.2528361412855113e-40
2.21387161248069e-42
2.607306804276506e-44
2.0465077455974646e-46
1.0705727765233805e-48
3.732506275792917e-51
8.672942075642778e-54
1.3431171460754246e-56
1.3862542445293358e-59
9.535718736385225e-63
4.3716514116355973e-66
2.0746321933526233e-68
4.836551150378039e-72
0.0
0.0
0.0
0.0
2.063394428159752e-05
0.00014501911707009304
0.0006792815330618236
0.0021205860864233293
0.004412081796741655
0.0061270515192093315
0.0057240134027988845
0.003844281150850534
0.0026806073728490275
0.0032906364155377973
0.0046601498337739125
0.005289844507215752
0.005202044266219041
0.005247610422237472
0.005044910334768426
0.00377631857536561
0.0019817510149164517
0.0007542645406496348
0.0004817777460435424
0.000851632503912022
0.002309547866558509
0.0045746976196076004
0.006629627344827278
0.00774818555169806
0.008018311659222288
0.007614433950173085
0.007353759175538638
0.00862197909422421
0.010640135937846731
0.010564211805975061
0.007778420479492098
0.004997707289261235
0.00450575394472376
0.005988943609456343
0.008322722285732428
0.010897659526814499
0.012217903303729682
0.010457300342918016
0.006649544115089912
0.004058201264653743
0.004305373311144166
0.005910493452181545
0.0062537008380191
0.004719958373191013
0.0032745639525046566
0.0033470389423540764
0.004884524852865511
0.0062096424116615135
0.0054760252533670875
0.003234559629838504
0.0012741205557759434
0.00033451799166701684
5.85347644888168e-05
6.826377320135295e-06
5.305768652742536e-07
2.748450277198462e-08
9.488750087028338e-10
2.1832912822682687e-11
3.3480805744472977e-13
3.421855529908426e-15
2.3308213450601378e-17
1.0581271347005191e-19
3.2014613625372036e-22
6.455653710415212e-25
8.675883982410087e-28
7.770854789867053e-31
4.638797341076231e-34
1.8455403877027746e-37
4.893541278291129e-41
0.0
0.0
0.0
0.0
0.0
0.0
0.0
0.0
0.0
0.0
0.0
0.0
0.0
0.0
0.0
0.0
0.0
0.0
2.5730077597909425e-06
1.6269729019442724e-05
6.856478072120886e-05
0.00019257655414600447
0.00036048506760241755
0.0004713017010874865
0.0005182485884055588
0.0008506622389891494
0.0019991680893953227
0.003886319685962214
0.00502217132500517
0.005769457676802118
0.005726065651728246
0.005757494206013674
0.005388459603243309
0.0038823396461470736
0.0019489920564718293
0.0006600398580087975
0.00014971090330981923
2.5040021704471846e-05
1.78241025633712e-05
6.545214615935716e-05
0.00018363535760588913
0.0003476164951646697
0.0004581912535790842
0.0004679945007800523
0.0004580248223012214
0.0004778411043959366
0.00048555606223048536
0.0006293717732544642
0.0013661923692233429
0.0029155725633262077
0.00444230165514852
0.0045600397637119965
0.003143955998340916
0.0019837954110283967
0.0007644461102924234
0.00027606097788709856
0.00015197171328067998
0.00011752926968795793
8.485832549578626e-05
4.788126526893711e-05
1.9633253110459753e-05
5.6232256938231e-06
1.1002925926252256e-06
1.4533427488529852e-07
1.2878047219803453e-08
7.630581488080645e-10
3.018414128251708e-11
7.964381766285534e-13
1.4011810211959815e-14
1.643284292349743e-16
1.2845783338591366e-18
6.692898360134561e-21
2.324136573491056e-23
5.378941102311657e-26
8.29691430407754e-29
8.529420910533319e-32
2.9261367445633043e-05
0.00021484462240719258
0.0010513223709963176
0.0024186760898388562
0.006018547740359961
0.009981303387476494
0.011032256515415527
0.00812686404097375
0.003989910789972742
0.001305524194742898
0.00028470048855529543
4.1378338509207186e-05
4.008108155824456e-06
2.587541740529308e-07
1.1133118831232572e-08
8.018822555739401e-06
7.34179045274681e-05
0.0004480145648624474
0.0018220649980961743
0.004938751174921595
0.008921789551148543
0.010741584563511411
0.008619186480017534
0.00460941435859599
0.0016428835151935236
0.0003902557778508577
6.178363548685367e-05
6.5189721503202426e-06
4.58422937805117e-07
6.233883420813771e-08
2.2291971079376806e-09
3.6034482431466704e-05
0.000250769029459442
0.001163085643901966
0.00359526610970023
0.007406822460836324
0.010169846010719345
0.009306328261320468
0.00567575846833143
0.0023070180502414517
0.0006249706571328681
0.00011283655295406836
1.357755409205637e-05
2.961978689130167e-05
0.00023281118613740457
0.001265485036986222
0.004585628775235051
0.011074471857123198
0.017824965850542933
0.019121234928164314
0.013670509985205033
0.0065138093570825464
0.0020685542687676863
0.00043780462259110635
0.00012410524949136694
1.3356914805977329e-05
9.58084265974738e-07
4.5801827672819204e-08
1.4592962179898494e-09
3.0987436772618165e-11
4.38540188084983e-13
4.1363253498803866e-15
2.6001687407615746e-17
1.0893562322390571e-19
3.0417243889307063e-22
5.6604550494693065e-25
7.020444117096759e-28
5.818417619391745e-31
6.097482709010429e-33
1.7470722758892882e-32
4.024004502778703e-32
6.726366573061661e-32
8.019829344401638e-32
7.113580046828476e-32
5.81638308077382e-32
6.528988634156648e-32
9.10622702467219e-32
1.0717855249113377e-31
9.41946598724531e-32
6.719422533331286e-32
5.569688542611761e-32
5.474733894650305e-32
5.768398832486112e-32
4.669612291011044e-32
4.005125131261614e-07
3.5627492061073815e-06
2.1122044971030198e-05
8.345804786904946e-05
0.00021977689300159355
0.0003857246423071563
0.0004511846217910858
0.00035173269578162215
0.00018274804544333775
6.328113922776959e-05
1.4604187007777568e-05
2.2462703787029254e-06
2.302651549627888e-07
1.573171116218402e-08
7.163169919559867e-10
4.1387305964573797e-07
3.637765535961913e-06
2.131113130799877e-05
8.3207008104036e-05
0.0002165184232785229
0.0003755012210680801
0.00043401965714800827
0.0003815419458824051
0.00022425540364042818
8.784662705064176e-05
2.2934475563114487e-05
3.990562200644035e-06
4.6276542487258685e-07
3.5765909291186936e-08
1.842295054072125e-09
3.1905466268245133e-07
2.9123774416637232e-06
1.772137583924487e-05
7.186691078302992e-05
0.00019424151934527384
0.00034989416823173015
0.0004200615106425211
0.00033610163401155766
0.0001792296703686399
6.369872454434859e-05
1.5088050014114629e-05
2.3818644459466945e-06
2.5060083671920905e-07
1.7572337660530032e-08
8.212173404626163e-10
2.55780970393241e-11
5.309576694592896e-13
7.345698758258304e-15
3.3789579330077586e-16
2.3771609158572487e-18
1.1145920102734146e-20
3.483010776419426e-23
7.253961711860053e-26
1.0068789184580403e-28
9.314526552347377e-32
5.742828809521229e-35
2.359785368011555e-38
6.462501927797604e-42
0.0
0.0
0.0
0.0
0.0
0.0
0.0
1.5353131966045788e-35
1.1000184715945806e-34
5.2527232672403345e-34
1.671670246309635e-33
3.545669505567138e-33
5.0121890118391335e-33
4.7221325775944153e-33
2.9650393422814396e-33
1.735373028076467e-33
5.540994354654442e-34
1.1791366012471288e-34
1.6723303874495388e-35
1.5807441758568418e-36
9.958241347969584e-38
4.181048959308121e-39
1.4350803978880853e-35
1.0898136296454936e-34
8.586462881312833e-07
6.19972938837115e-06
2.9834084687370563e-05
9.568288270770956e-05
0.00020452072910613438
0.00030240856160582776
0.0003541238993151875
0.0005371825963464963
0.001208878265487442
0.0024164826981094693
0.0035189335633629268
0.003917001061101763
0.003921070766887323
0.0038676562727786193
0.0033070474654044515
0.002095118246583905
0.000914334415982675
0.0004223367001068504
9.52951762871901e-05
1.8065989776102076e-05
2.1860987805156574e-05
7.23642746957364e-05
0.00017124903279551628
0.0002771081335018609
0.0003255488466106341
0.00032431949579928595
0.00032926353856201486
0.000339855222231247
0.0003998789868208338
0.0007638251403184381
0.001674140691285398
0.0027671516777561436
0.003106348275497614
0.002330269999917879
0.0011654819197097295
0.0003885160198140624
8.63171342678503e-05
1.2781066141837064e-05
1.2613010597964888e-06
8.295680087483508e-08
3.636359231533864e-09
1.0623389694675627e-10
2.068430789676535e-12
9.535249309688509e-06
7.171258696651965e-05
0.0003594514833054769
0.0012007890497708973
0.0026734662490791525
0.003967018637788422
0.003925905233401634
0.0026113931754672775
0.0012950244045476268
0.00099122861460855
0.001881582487728384
0.0033478051395414753
0.004091708592891155
0.003350034188472087
0.0018905444198454916
0.0010210724818379218
0.0013558822676653067
0.00266241006748766
0.0038752002730382887
0.003790588717843447
0.002472669815823598
0.0010750447587631357
0.0003115085218740142
6.015821892812004e-05
7.742862792554178e-06
1.5754579627854257e-06
1.0311361054919239e-07
4.497868111593511e-09
1.3076122713113412e-10
2.5335694090466015e-12
3.2716600722606735e-14
2.8156916262659044e-16
1.6150410034167941e-18
6.173956492052408e-21
1.5729869683778653e-23
2.6709652197367293e-26
3.022684988716464e-29
2.280430145186941e-32
5.664016894588031e-35
2.201966897137997e-34
7.152217205381905e-34
1.5483164354783915e-33
2.2338823738998927e-33
2.1480403103736823e-33
1.3765947249756505e-33
5.879647951416688e-34
1.6737018393742098e-34
3.1753120528625547e-35
4.0149142910637474e-36
3.3833559713821257e-37
9.323241910072536e-35
3.438570161719248e-34
1.7427142059160836e-33
5.886091369681199e-33
1.3289038118596137e-32
2.0257569129663646e-32
2.1535270900849666e-32
1.9017576442493148e-32
2.1723948770235496e-32
3.3227258909522113e-32
4.3350784029392637e-32
3.9696409318104534e-32
2.501514429287114e-32
1.2219026036424651e-32
7.225641900403854e-33
6.449945257161478e-33
5.471067160721218e-33
3.7863299819379794e-33
2.698128057001085e-33
2.284813623588157e-33
1.755964656838477e-33
9.806406209648485e-34
3.719171448485936e-34
9.436858906110374e-35
1.5970728884049303e-35
1.801650835233443e-36
1.354601356907083e-37
1.9260814244477334e-38
7.364126484070304e-40
1.8765043200906005e-41
3.1868343024427547e-43
3.6070399581302064e-45
2.7209713768421295e-47
1.3679762000469668e-49
4.583683879561086e-52
1.0236048219111932e-54
1.5234616845030155e-57
1.511166429765469e-60
9.990209751715671e-64
4.401679978303046e-67
1.2925396368615809e-70
2.529594008557341e-74
0.0
9.894933102285011e-06
7.105109445242194e-05
0.0003400245151103528
0.0010845041944602697
0.002305333654110182
0.0032685928851550754
0.0031011299007011463
0.0020183261528673095
0.0010480423864829055
0.000755898470497597
0.0007020295826584106
0.0007482075730378833
0.0007510546572227284
0.0007421183953038937
0.0006546337191657617
0.0004383596164484894
0.00020424872176409795
6.423847510925164e-05
2.506513326592643e-05
8.195033147295776e-05
0.00036993885391773957
0.0011445587207876992
0.0023839937761857364
0.003444542131129815
0.0037748187448397408
0.003750832756492349
0.0037491052510318645
0.003295207380765309
0.002196932769641787
0.0011628021214911079
0.0007531422797300758
0.0008098474183265987
0.0009528194387495817
0.0009820254071849408
0.0008296351106378597
0.0006387389778935622
0.0003274679302370612
0.0001160494401719615
2.782102739901416e-05
4.47132609088213e-06
4.800342143393121e-07
3.437735128995681e-08
1.6413519732991336e-09
1.6090832405021418e-06
1.206494632572883e-05
6.0293131975990195e-05
0.00020081302677557976
0.0004457562778913918
0.0006594541456069928
0.0006502094622857488
0.00042727109741589676
0.0001871265001927111
5.4619613450672374e-05
1.0625356188690583e-05
1.377589808392921e-06
1.190358816333702e-07
6.855157112664307e-09
8.429935692121804e-07
7.062251651696741e-06
3.944376917561145e-05
0.00014682350519008383
0.00028147591213020025
0.0005327960495364332
0.0006721439674530599
0.0005651258359268092
0.0003166719292576588
0.00011826480542100873
2.943628665122567e-05
4.883060144279233e-06
5.398618911704234e-07
3.977908764713573e-08
1.9534779468279513e-09
6.393574875071115e-11
1.39463495637636e-12
2.0274907696984464e-14
1.964440020033891e-16
1.2685284407230208e-18
5.459378340551442e-21
1.5659133416735823e-23
2.9934623792948257e-26
3.8138308970539275e-29
3.2384008833483944e-32
1.8326576074413026e-35
6.912157205117529e-39
1.7375104606635824e-42
0.0
0.0
0.0
0.0
0.0
0.0
0.0
0.0
0.0
0.0
0.0
0.0
0.0
0.0
0.0
0.0
0.0
0.0
0.0
0.0
0.0
0.0
0.0
0.0
0.0
0.0
0.0
0.0
0.0
0.0
0.0
0.0
0.0
0.0
0.0
0.0
0.0
0.0
0.0
0.0
0.0
0.0
0.0
0.0
0.0
0.0
0.0
0.0
0.0
0.0
0.0
0.0
0.0
0.0
0.0
0.0
0.0
0.0
0.0
0.0
0.0
0.0
0.0
0.0
0.0
0.0
0.0
0.0
0.0
0.0
0.0
0.0
0.0
0.0
0.0
0.0
0.0
0.0
0.0
0.0
0.0
0.0
0.0
0.0
0.0
0.0
0.0
0.0
0.0
0.0
0.0
0.0
0.0
0.0
0.0
0.0
0.0
0.0
0.0
0.0
0.0
0.0
0.0
0.0
0.0
0.0
0.0
0.0
0.0
0.0
0.0
0.0
0.0
0.0
0.0
0.0
0.0
0.0
0.0
0.0
0.0
0.0
0.0
0.0
0.0
0.0
0.0
0.0
0.0
0.0
0.0
0.0
0.0
0.0
0.0
0.0
0.0
0.0
0.0
0.0
0.0
0.0
0.0
0.0
0.0
0.0
0.0
0.0
0.0
0.0
0.0
0.0
0.0
0.0
0.0
0.0
0.0
0.0
0.0
0.0
0.0
0.0
0.0
0.0
0.0
0.0
0.0
0.0
0.0
0.0
0.0
0.0
0.0
0.0
0.0
0.0
0.0
0.0
0.0
0.0
0.0
0.0
0.0
0.0
0.0
0.0
0.0
0.0
0.0
0.0
0.0
0.0
0.0
0.0
0.0
0.0
0.0
0.0
0.0
0.0
0.0
0.0
0.0
0.0
0.0
0.0
0.0
0.0
0.0
0.0
0.0
0.0
0.0
0.0
0.0
0.0
0.0
0.0
0.0
0.0
0.0
0.0
0.0
0.0
0.0
0.0
0.0
0.0
0.0
0.0
0.0
0.0
0.0
0.0
0.0
0.0
0.0
0.0
0.0
0.0
0.0
0.0
0.0
0.0
0.0
0.0
0.0
0.0
0.0
0.0
0.0
0.0
0.0
0.0
0.0
0.0
0.0
0.0
0.0
0.0
0.0
0.0
0.0
0.0
0.0
0.0
0.0
0.0
0.0
0.0
0.0
0.0
0.0
0.0
0.0
0.0
0.0
0.0
0.0
0.0
0.0
0.0
0.0
0.0
0.0
0.0
0.0
0.0
0.0
0.0
0.0
0.0
0.0
0.0
0.0
0.0
0.0
0.0
0.0
0.0
0.0
0.0
0.0
0.0
0.0
0.0
0.0
0.0
0.0
0.0
0.0
0.0
0.0
0.0
0.0
0.0
0.0
0.0
0.0
0.0
0.0
0.0
0.0
0.0
0.0
0.0
0.0
0.0
0.0
0.0
0.0
0.0
0.0
0.0
0.0
0.0
0.0
0.0
0.0
0.0
0.0
0.0
0.0
0.0
0.0
0.0
0.0
0.0
