a = 4.749665496097099 b = 4.695210240090903 c = 15.598783217806355 ,Gaussian ,LMH = 0.08 ,DW = [0.7 0.7 0.7 0.7]
0.0
0.0
0.0
0.0
0.0
0.0
0.0
0.0
0.0
0.0
0.0
0.0
0.0
0.0
0.0
0.0
0.0
0.0
0.0
0.0
0.0
0.0
0.0
0.0
0.0
0.0
0.0
0.0
0.0
0.0
0.0
0.0
0.0
0.0
0.0
0.0
0.0
0.0
0.0
0.0
0.0
0.0
0.0
0.0
0.0
0.0
0.0
0.0
0.0
0.0
0.0
1.4157112907378995e-33
9.465879860275415e-33
4.2182161372311796e-32
1.2527898255092169e-31
2.479757169858554e-31
3.271309537532307e-31
2.8761774252206514e-31
1.6853544605924345e-31
6.581856123699273e-32
1.713117148911054e-32
2.9717159051812075e-33
3.435651174854001e-34
2.6472343259711905e-35
1.359431272588211e-36
1.4991141272936743e-37
3.914733009638565e-39
6.813200147130135e-41
7.902812798956945e-43
6.109332892688162e-45
3.147657237049823e-47
1.0808430290716504e-49
2.4735424392567544e-52
3.7727467567283554e-55
3.835107049909515e-58
2.598237674237374e-61
1.1731723227558374e-64
3.5304193091166365e-68
7.080636818913417e-72
0.0
0.0
0.0
0.0
0.0
0.0
0.0
0.0
0.0
0.0
0.0
0.0
0.0
0.0
0.0
0.0
0.0
0.0
0.0
0.0
0.0
0.0
0.0
0.0
0.0
0.0
0.0
0.0
0.0
0.0
0.0
0.0
0.0
0.0
0.0
0.0
0.0
0.0
0.0
0.0
0.0
0.0
0.0
0.0
0.0
0.0
0.0
0.0
0.0
0.0
0.0
0.0
0.0
0.0
0.0
0.0
0.0
0.0
0.0
0.0
0.0
0.0
0.0
0.0
0.0
0.0
0.0
0.0
0.0
0.0
0.0
0.0
0.0
0.0
0.0
0.0
0.0
0.0
0.0
0.0
0.0
0.0
0.0
0.0
0.0
0.0
0.0
0.0
0.0
0.0
0.0
0.0
0.0
0.0
0.0
0.0
0.0
0.0
0.0
0.0
0.0
0.0
0.0
0.0
0.0
0.0
0.0
0.0
0.0
0.0
0.0
0.0
0.0
0.0
0.0
0.0
0.0
0.0
0.0
0.0
0.0
0.0
0.0
0.0
0.0
0.0
0.0
0.0
0.0
0.0
0.0
0.0
0.0
0.0
0.0
0.0
0.0
0.0
0.0
0.0
0.0
0.0
0.0
0.0
0.0
0.0
0.0
0.0
0.0
0.0
0.0
0.0
0.0
0.0
0.0
0.0
0.0
0.0
0.0
0.0
0.0
0.0
0.0
5.82538103674374e-34
5.063019787311883e-33
2.932759564882593e-32
7.550143570661011e-32
2.2239479853849516e-31
4.365918147223307e-31
5.712261768807677e-31
4.981064450568231e-31
2.894794703855689e-31
1.121230558826791e-31
2.894367216524514e-32
4.979593406890793e-33
5.709731476476731e-34
4.36333977949176e-35
2.2223063683856736e-36
7.543456258350582e-38
1.7065474575763993e-39
2.5730481425319304e-41
2.585586087208203e-43
1.7316162014227468e-45
7.72904484309859e-48
2.299225469785359e-50
4.5584673091694775e-53
6.023344121692348e-56
5.3044218455254206e-59
3.1132929086154782e-62
1.2178209981873932e-65
3.17488853033434e-69
0.0
0.0
0.0
0.0
0.0
0.0
0.0
0.0
0.0
0.0
0.0
0.0
0.0
0.0
0.0
0.0
0.0
0.0
0.0
0.0
0.0
0.0
0.0
0.0
0.0
0.0
0.0
0.0
0.0
0.0
0.0
0.0
0.0
0.0
0.0
0.0
0.0
0.0
0.0
0.0
0.0
0.0
0.0
0.0
0.0
0.0
0.0
0.0
0.0
0.0
0.0
0.0
0.0
0.0
0.0
0.0
0.0
0.0
0.0
0.0
0.0
0.0
0.0
0.0
0.0
0.0
0.0
0.0
0.0
0.0
0.0
0.0
0.0
0.0
0.0
0.0
0.0
0.0
0.0
0.0
0.0
0.0
0.0
0.0
0.0
0.0
0.0
0.0
0.0
0.0
0.0
0.0
0.0
0.0
0.0
0.0
0.0
0.0
0.0
0.0
0.0
0.0
0.0
0.0
0.0
0.0
0.0
0.0
0.0
0.0
0.0
0.0
0.0
0.0
0.0
0.0
0.0
0.0
0.0
0.0
0.0
0.0
0.0
0.0
0.0
0.0
0.0
0.0
0.0
0.0
0.0
0.0
0.0
0.0
0.0
0.0
0.0
0.0
0.0
0.0
0.0
0.0
0.0
0.0
0.0
0.0
0.0
0.0
0.0
0.0
0.0
0.0
0.0
0.0
0.0
0.0
0.0
0.0
0.0
0.0
0.0
0.0
0.0
0.0
0.0
1.1895861268170995e-06
9.997631777604764e-06
5.599895619164194e-05
0.00020904716143227257
0.000520103966523824
0.0008624175885924984
0.000953073935318277
0.0007019676985247237
0.00034457932196505295
0.00011273086622068965
2.4579781861761525e-05
3.571862668632556e-06
3.459338253474106e-07
2.2329184084765204e-08
9.605815195619836e-10
2.754083784788872e-11
2.05923837264773e-12
3.002286434336069e-14
2.9172871133374157e-16
1.8892427811375204e-18
8.154135377732156e-21
2.3455765532761214e-23
4.496792564064919e-26
5.745629859058937e-29
4.8927607920153783e-32
2.77684648258863e-35
1.0503433876204937e-38
2.6478433560673568e-42
0.0
0.0
0.0
0.0
0.0
0.0
0.0
0.0
0.0
0.0
0.0
0.0
0.0
0.0
0.0
0.0
0.0
0.0
0.0
0.0
0.0
0.0
0.0
0.0
0.0
0.0
0.0
0.0
0.0
0.0
0.0
0.0
0.0
0.0
0.0
0.0
0.0
0.0
0.0
0.0
0.0
0.0
0.0
0.0
0.0
0.0
0.0
0.0
0.0
0.0
0.0
0.0
0.0
0.0
0.0
0.0
0.0
0.0
0.0
0.0
0.0
0.0
0.0
0.0
0.0
0.0
0.0
0.0
0.0
0.0
0.0
0.0
0.0
0.0
0.0
0.0
0.0
0.0
0.0
0.0
0.0
0.0
0.0
0.0
0.0
0.0
0.0
0.0
0.0
0.0
0.0
0.0
0.0
0.0
0.0
0.0
0.0
0.0
0.0
0.0
0.0
0.0
0.0
0.0
0.0
0.0
0.0
0.0
0.0
0.0
0.0
0.0
0.0
0.0
0.0
0.0
0.0
0.0
0.0
0.0
0.0
0.0
0.0
0.0
0.0
0.0
1.2357658679980403e-34
9.26304733498825e-34
4.6275713016753016e-33
1.5407561255867337e-32
3.427704792629509e-32
5.129177824468671e-32
5.388505969654531e-32
4.7731179904952274e-32
5.14072714309941e-32
6.560796655314615e-32
7.068236623077836e-32
6.118351380484294e-32
5.646298682099294e-32
6.580747991417795e-32
7.050861254172692e-32
5.4613980713641e-32
3.7137245896946296e-32
1.489932671489158e-32
3.9876662635799296e-33
7.114233289309066e-34
8.459267381686443e-35
6.703806511003086e-36
3.5407250036671355e-37
1.246363026076222e-38
2.924007482383304e-40
2.475611094033239e-05
0.0002063344418825398
0.001146152967386639
0.004243214503738558
0.010487595105513977
0.017374727773119995
0.01979469100101989
0.017393734097646024
0.01611193343916184
0.018576965230456644
0.02007530971640007
0.017829556958186412
0.01624332521186486
0.018201968961220522
0.01911308839436108
0.014701803404818302
0.007687988123897054
0.003992734497605167
0.0010665324307492792
0.00018991889062630414
2.2540564572495363e-05
1.7829821784605897e-06
9.399646932083411e-08
3.3026136970473676e-09
7.73366919761277e-11
1.2069657851877968e-12
1.2554108441595116e-14
8.702786730668408e-17
4.020798916983599e-19
1.2380777416261342e-21
2.5407680854449587e-24
3.4750710110493964e-27
3.167698870389229e-30
1.9244456230944542e-33
7.792000100241096e-37
2.10268319463364e-40
6.505679546758625e-50
1.2557335369301354e-52
1.6154140923892604e-55
1.3850064294991758e-58
7.91409501406181e-62
3.0139238736787106e-65
1.2639226146221908e-67
0.0
0.0
0.0
0.0
0.0
0.0
0.0
0.0
0.0
0.0
0.0
0.0
0.0
0.0
0.0
0.0
0.0
0.0
0.0
0.0
0.0
0.0
0.0
0.0
0.0
0.0
0.0
0.0
0.0
8.422845215477518e-05
0.0005619323739968517
0.002498566052702038
0.007418130632677518
0.014751456053844727
0.020033892874004162
0.020095911319886337
0.018642710835768857
0.019936923745567953
0.021389406785558434
0.01999464364156307
0.01893058042663213
0.020227495770799426
0.019434978029826078
0.013662245518026306
0.006546652834211125
0.0021013330494379485
0.0004500257571342834
6.424927475482657e-05
6.113700100461604e-06
3.877276268412816e-07
1.6388229868574654e-08
1.5872180599695267e-09
3.411495251969054e-11
4.88691194943751e-13
4.6655818164683865e-15
2.9686476523266405e-17
1.2589052582195697e-19
3.558024947513614e-22
6.7020317113524945e-25
8.413670813395214e-28
7.03956951791034e-31
3.925439029289756e-34
1.4588542956101968e-37
3.613409225240354e-41
0.0
0.0
0.0
0.0
0.0
0.0
0.0
0.0
0.0
0.0
0.0
0.0
0.0
0.0
0.0
0.0
0.0
0.0
0.0
0.0
0.0
0.0
0.0
0.0
0.0
0.0
0.0
0.0
0.0
0.0
0.0
0.0
0.0
0.0
0.0
0.0
0.0
0.0
0.0
0.0
0.0
0.0
0.0
0.0
0.0
0.0
0.0
0.0
0.0
0.0
0.0
0.0
0.0
0.0
0.0
0.0
0.0
0.0
0.0
0.0
0.0
0.0
0.0
0.0
0.0
0.0
0.0
0.0
0.0
0.0
0.0
0.0
6.369979155582029e-34
5.276669704840202e-33
2.913153421474321e-32
1.071885393248075e-31
2.65359468200886e-31
4.457755969501576e-31
5.375593784639581e-31
5.401178790960496e-31
5.515192917157397e-31
5.6628659788980465e-31
5.131261281217058e-31
4.299683545532501e-31
3.725604721166631e-31
2.988091140989065e-31
1.831358351899442e-31
7.797026330547325e-32
2.2373185994376141e-32
4.291202348450157e-33
1.1396845750381633e-33
1.1125918635287691e-34
7.239409841635595e-36
3.1395030931965243e-37
9.074078221503613e-39
1.7479389715839122e-40
2.2440457872342562e-42
1.9200774644941767e-44
1.0949324964052346e-46
4.1613811069026444e-49
1.0540693512815004e-51
1.7794362299571396e-54
2.0020606046876216e-57
1.5012518630315756e-60
7.502594027221509e-64
9.17908272468167e-34
5.874927720154726e-33
2.506036083400242e-32
7.124488015421993e-32
1.3498998489818898e-31
1.7046333679874907e-31
1.4346368117757251e-31
8.047009303012411e-32
3.0082130065038256e-32
7.494871894809457e-33
2.368656915348742e-33
3.0009611302792194e-34
2.5339621777009895e-35
1.4260062677978727e-36
5.348405031939165e-38
1.336930069323646e-39
2.227279100767063e-41
2.472988751000898e-43
1.8300004139208373e-45
9.025302837155754e-48
2.9665653973283953e-50
6.498716898832066e-53
9.488178757600084e-56
9.23250701394174e-59
5.987395994664808e-62
2.587842654427964e-65
7.454513395698552e-69
1.4311405272142937e-72
0.0
0.0
0.0
0.0
0.0
0.0
0.0
0.0
0.0
0.0
0.0
0.0
0.0
0.0
0.0
0.0
0.0
0.0
0.0
0.0
0.0
0.0
0.0
0.0
0.0
0.0
0.0
0.0
0.0
0.0
0.0
0.0
0.0
0.0
0.0
0.0
0.0
0.0
0.0
0.0
0.0
0.0
0.0
0.0
0.0
0.0
0.0
0.0
0.0
0.0
0.0
0.0
0.0
0.0
0.0
0.0
0.0
0.0
0.0
0.0
0.0
0.0
0.0
0.0
0.0
0.0
0.0
0.0
0.0
0.0
0.0
0.0
0.0
0.001717288672631526
0.012962005757711023
0.06520526480444232
0.22031555939888092
0.5013324317624691
0.7920710231342959
0.9404262860059956
0.9750627635598526
0.9985614444608908
1.0
0.9755953855565952
0.9282167225309441
0.8355809611996069
0.5713860454349826
0.2758237911167634
0.09040195446687226
0.01986036306233263
0.0029129337043640284
0.00028489359943999264
1.857311678124256e-05
8.07028848538661e-07
2.337120424957484e-08
4.510830850120386e-10
5.802486049524749e-12
4.9745452537064716e-14
2.8423284780126486e-16
1.0823724023562145e-18
2.7470129524492068e-21
4.646503338854151e-24
5.238094733150204e-27
3.935518804625312e-30
1.9706621868791804e-33
6.576637782783963e-37
1.4627739282949078e-40
0.0
0.0
0.0
0.0
0.0
0.0
0.0
0.0
0.0
0.0
0.0
0.0
0.0
0.0
0.0
0.0
0.0
0.0
0.0
0.0
0.0
0.0
0.0
0.0
0.0
0.0
0.0
0.0
0.0
0.0
0.0
0.0
0.0
0.0
0.0
0.0
0.0
0.0
0.0
0.0
0.0
0.0
0.0
0.0
0.0
0.0
0.0
0.0
0.0
0.0
0.0
0.0
0.0
0.0
0.0
0.0
0.0
0.0
0.0
0.0
0.0
0.0
0.0
7.682673437082271e-05
0.0006945631713090128
0.004184973167507356
0.016805643723752234
0.04497790005658442
0.08022777466060667
0.09537441016727871
0.07556497316002621
0.039901640174487704
0.014042437888136989
0.003293637687749451
0.000514861815226904
5.3639792823819426e-05
3.724474869118793e-06
1.723552643437912e-07
5.315762947515754e-09
1.0926679552292622e-10
1.496898509213349e-12
6.840628132152435e-14
4.765436771189563e-16
2.212539278410977e-18
6.846377079527817e-21
1.411926824587344e-23
1.9406405935788416e-26
1.777704541876166e-29
1.0853144883686321e-32
4.4160417179648056e-36
1.1975462151666716e-39
0.0
0.0
0.0
0.0
0.0
0.0
0.0
0.0
0.0
0.0
0.0
0.0
0.0
0.0
0.0
0.0
0.0
0.0
0.0
0.0
0.0
0.0
0.0
0.0
0.0
0.0
0.0
0.0
0.0001616544034598771
0.0010710053965262692
0.0047653091812003496
0.01423151151602789
0.02911609279653424
0.042785286119023644
0.049759562375896314
0.05208651713149552
0.052630851277612974
0.051545058051825965
0.047676210500375564
0.037811654204433665
0.022775187463963783
0.01339490892968461
0.004396222306878785
0.0009711885000124347
0.00014348497244965128
1.4145160749053196e-05
9.297558657176909e-07
4.0735471943979185e-08
1.189540364624915e-09
2.315124779446971e-11
3.0029884428285424e-13
2.5960635666078945e-15
1.4957493619066163e-17
5.743597258701763e-20
1.4699099030705837e-22
2.507142461599926e-25
2.850026256125332e-28
2.1592367305080505e-31
1.0902678512386724e-34
3.6689999148404717e-38
8.228937149747108e-42
0.0
0.0
0.0
0.0
0.0
0.0
0.0
0.0
0.0
0.0
0.0
0.0
0.0
0.0
0.0
0.0
0.0
0.0
0.0
0.0
0.0
0.0
0.0
0.0
0.0
0.0
0.00034465316538799545
0.0022913806922789195
0.01015298571795147
0.029982776638505577
0.05901079584604556
0.0774056465068452
0.07403452302815636
0.04938306412896292
0.0223547079484329
0.00908247432168865
0.012324270909206517
0.03167711044863248
0.05994716016782187
0.0759778445260903
0.06419254769656978
0.036244908590276785
0.014381041965155461
0.007905987457888418
0.017208699902575467
0.04096851144480897
0.06701076632867727
0.07315233917047838
0.053225639782041596
0.02581049619738907
0.008341677999866254
0.0017967681472561363
0.0002579361461017698
2.467822511528979e-05
1.57361028221282e-06
6.687472297183406e-08
1.89412377542314e-09
1.4047750609052084e-10
2.02327878776633e-12
1.9421654158289418e-14
1.2425053075164025e-16
5.297754596059435e-19
1.50545219595231e-21
2.8511735653690136e-24
3.5988545575522896e-27
3.034786289166701e-30
3.472852543696469e-33
2.8828132629301025e-34
3.105942633949993e-35
2.2351364397214267e-36
1.0720089337002197e-37
3.426686064761327e-39
7.300149942350323e-41
1.0365035423283312e-42
9.808245982824495e-45
6.185765551376255e-47
2.600022524855751e-49
7.283536708633288e-52
1.3598439222238952e-54
1.692066253044077e-57
1.403224670082108e-60
7.75565723787057e-64
2.856877055128503e-67
1.1717663995225759e-69
0.0
0.0
2.1167146101698383e-34
1.7836295796888723e-33
1.0016790090463627e-32
3.749160457889053e-32
9.352356023733823e-32
1.55485388276387e-31
1.7228191165278046e-31
1.2722466906038726e-31
6.33392297998545e-32
2.5118766209946434e-32
2.381526217958943e-32
5.500233761536378e-32
1.0192912910500473e-31
1.2725242509709018e-31
1.0593971192514816e-31
5.91656532434035e-32
2.453204260896628e-32
1.8927701113480483e-32
4.480191501354199e-32
9.48418164944229e-32
1.3621970980458834e-31
1.305146567499402e-31
8.334515574853746e-32
4.933206297368254e-32
1.6019686272234334e-32
3.467051489206798e-33
5.000899475102711e-34
4.089824201613242e-34
3.311866651923663e-33
2.0217424106935061e-32
8.233013201945356e-32
2.234478273498648e-31
4.041801942873111e-31
4.872540624727195e-31
3.9148710112854766e-31
2.0963364906672323e-31
7.481455189989171e-32
1.7794783652130011e-32
2.820855849882217e-33
2.9802357710479116e-34
2.098465825291876e-35
9.847698117977338e-37
3.079988542262614e-38
6.420147755708357e-40
8.919129993781822e-42
8.258126141522495e-44
5.095913872257054e-46
2.4941399844458936e-34
2.0491903015842793e-33
6.659742895723542e-33
2.8057826407109695e-32
7.919512506148087e-32
1.5226804192185788e-31
2.0588941890152196e-31
2.0951756143138823e-31
1.7877813370326762e-31
1.4195956433195803e-31
1.090371678669884e-31
7.780882229487614e-32
4.6638213584270173e-32
2.1117309626318275e-32
6.7442840872144e-33
1.4694142873215388e-33
2.153421390235561e-34
2.1107834808327091e-35
1.380816400460487e-36
6.023356542107365e-38
1.751501529905216e-39
3.3946708216320156e-41
4.385097565148176e-43
3.775264165331246e-45
2.1662016096614243e-47
0.00012878871835258712
0.001147961730290738
0.003939078746075433
0.01785446461959856
0.053936225316716685
0.10859149570253784
0.14571109730669649
0.13030797344998318
0.07824754826689502
0.034785706677165976
0.02590814982087809
0.054753357398953865
0.10694425593238963
0.14253861760095451
0.1267941891266068
0.07569931290909168
0.03329881961166351
0.024282225256310346
0.05163043197198218
0.10243870589606574
0.13873536586057195
0.1253999132343657
0.0755481205716507
0.030334276689483786
0.008117555864729268
0.001447766366624392
0.00017208904674565937
1.3632939982917703e-05
2.007156543044458e-06
8.085746467669397e-08
2.1709036163668524e-09
3.884566071975314e-11
4.632613105792167e-13
3.682062011765473e-15
1.9504629881915335e-17
6.885981901959651e-20
1.6202259678952847e-22
2.540778748185319e-25
2.6554593409520844e-28
1.8496689755493366e-31
8.586771704230163e-35
2.6567296886877346e-38
5.478307044545265e-42
0.0
0.0
0.0
0.0
0.0
0.0
0.0
0.0
0.0
0.0
0.0
0.0
0.0
0.0
0.0
0.0
0.0
0.0
0.0
0.0
0.0
0.0
0.0
0.0
0.0
0.0
0.0
0.0
0.0
0.0
0.0
0.0
6.605283868655582e-37
5.204213008303054e-36
2.732751802489115e-35
9.563720230745146e-35
1.75959278434722e-34
3.1314207596820784e-34
3.714088334301854e-34
2.9359224441823784e-34
1.5467441338071345e-34
5.963886259887391e-35
6.151720633950437e-35
2.998838682223456e-34
1.2120164716033703e-33
3.285335759160527e-33
8.29635418334291e-05
0.0005806842082954636
0.0027087834969540658
0.00842151298019319
0.017449681244603603
0.02409719110808427
0.022178230560727433
0.013604071764393592
0.005561506929903663
0.0016006765115611494
0.000866270440636054
0.002760790814286875
0.008390307536971103
0.017190941192074764
0.02348198630294562
0.021377406380813223
0.01602763295878604
0.007419800773718595
0.0023476613911008614
0.0009024606975334218
0.002191774346493043
0.0069917839887689934
0.01529025211406411
0.02230328898896407
0.021682749611812522
0.014048877113639776
0.006066670789222486
0.0017459861383413919
0.00033489811470982067
4.281206362289449e-05
3.6475492941251416e-06
2.0711794366220013e-07
7.838190775099711e-09
1.9769490729442446e-10
3.323201553723708e-12
3.723054818316903e-14
2.779865141018574e-16
1.3833420308809767e-18
4.587931929504623e-21
1.0141119656591404e-23
0.000328530616725063
0.002207321414123086
0.006273254716023877
0.02143311181789264
0.04880441212578702
0.07406524949993053
0.07491200873741885
0.05049750761720228
0.02268663021598541
0.007038666921904681
0.0030922972076389116
0.008358004666050684
0.025679058927731636
0.053675299010200635
0.07481810045578997
0.0695068559708889
0.04303584779361467
0.017812788792575217
0.005380484271773911
0.003939812913385243
0.012554015508379932
0.03391029566958026
0.06155128515117053
0.07447860804416565
0.060065312868502134
0.03229716222538109
0.011641466843234041
0.0048457450599540645
0.0013814205650551873
0.001153458640073355
0.001541821451393966
0.0018131737898944831
0.001901385835968843
0.001847087291656535
0.0016118768176923985
0.0011616028485348783
0.0006316488041019823
0.0002434312266786531
6.429065352769516e-05
1.1453509320665751e-05
1.3668954685665116e-06
1.0895576123448746e-07
5.7934806971478436e-09
2.0538799555240697e-10
4.85356653322346e-12
7.64464451562593e-14
8.025040142288508e-16
5.614663422585656e-18
2.6180859529790993e-20
8.136291611164659e-23
1.685198363058612e-25
2.3262546506550263e-28
2.1401543344555988e-31
1.615862970118877e-33
7.55953314192144e-37
2.3570401972908642e-40
4.898019964876986e-44
7.899421052953704e-62
3.1964316490068258e-65
8.620195775895602e-69
0.0
0.0
0.0
0.0
0.0
7.194643689404598e-35
5.296363046893898e-34
2.5985300960420175e-33
8.496876456649306e-33
1.8517075804247424e-32
2.6894721621441114e-32
2.603414087291137e-32
1.6795811652567785e-32
7.262153482083517e-33
2.43664730074871e-33
2.6170469828743452e-33
9.010735918375976e-33
2.4088514908631402e-32
4.314410169075415e-32
5.079380226451636e-32
4.626994660875095e-32
2.8091119578904216e-32
1.1390065081672361e-32
3.257352352790524e-33
1.588495456885506e-33
3.7994917420973146e-33
9.721201724632772e-33
1.9338883347424777e-32
3.734363525942694e-32
7.555556426692406e-32
1.3148949719855566e-31
1.6602572096077376e-31
1.4311044600731759e-31
8.396858555277978e-32
3.922361243701325e-32
3.2491129056011565e-32
5.414875176797669e-32
7.634788179341266e-32
7.350928801037596e-32
4.840575865738854e-32
2.7655366777699295e-32
3.355849535606724e-32
6.950906314375101e-32
1.122569025529484e-31
1.224600722737693e-31
1.036519031500523e-31
5.756339869978919e-32
2.130607675988846e-32
5.255845453253048e-33
8.640985406563818e-34
9.468158249165921e-35
6.91431709722291e-36
3.3652290232912354e-37
1.0915949227385342e-38
2.359880090910908e-40
3.4001643841765814e-42
3.2650620541744624e-44
2.0896065148613893e-46
8.912902090124413e-49
2.5337006688018836e-51
4.800351337891528e-54
6.061390880941191e-57
5.100973955819394e-60
2.8609842647793514e-63
1.0694472806004335e-66
2.6643105221230227e-70
0.0
0.0
0.0
0.0
0.0
0.0
0.0
0.0
0.0
0.0
0.0
0.0
0.0
0.0
0.0
0.0
0.0
0.0
0.0
0.0
0.0
0.0
0.0
0.0
0.0
0.0
0.0
9.665431132347897e-05
0.0006410402817556149
0.0028335505101059998
0.006091565394016363
0.013692322798999866
0.020511947473405127
0.020479446297366383
0.013627339427043415
0.006073547231182127
0.002032758935656062
0.0016978596556441997
0.004944302271957304
0.011883469024309083
0.019202138690011618
0.020685917548668633
0.014852052580488677
0.00713222731349617
0.002479585587697639
0.0016763636410957628
0.0045318040358670215
0.011121536441490963
0.018447424433522236
0.020404275241026015
0.01504170228485117
0.007390174393840553
0.0024198806472933523
0.0005280982816312789
7.680988423377901e-05
7.445622528116015e-06
1.2540777943799893e-06
6.18174324141029e-08
2.0308553696525287e-09
4.44660525268531e-11
6.488730039939774e-13
6.310625142580923e-15
4.090407811259161e-17
1.767023734362464e-19
5.087444740135919e-22
9.761994871702034e-25
1.2484150442914367e-27
1.0640473640488033e-30
6.044278611598424e-34
2.2882819661587492e-37
5.773725722444663e-41
0.0
0.0
0.0
0.0
0.0
0.0
0.0
0.0
0.0
0.0
0.0
0.0
0.0
0.0
0.0
0.00019959051564791302
0.0014867585370440185
0.007579740926551211
0.025901572136669403
0.06140734390704063
0.10498254468067882
0.13865182243865695
0.15408055585680108
0.1531477545404691
0.13551570828076842
0.10085502471295962
0.06340195831410958
0.048210571546505765
0.06409028009593794
0.08774245972694475
0.08672980790635841
0.05917343089648101
0.03402844274576085
0.035377658059731074
0.061658974232157444
0.08680348678020813
0.08828283416926723
0.0655077396915406
0.03702123003248815
0.03052728116635734
0.05155406278568603
0.08022976723378378
0.08628741470273761
0.06205540132761179
0.029752386141883604
0.009507296193420615
0.0020509443003362687
0.0004979077120825581
0.0011554448935076535
0.0040317925062014585
0.00959407896562842
0.015221875283152202
0.016095991139384303
0.01134354747501617
0.005327968037767161
0.0016678457281344985
0.0003479618980759225
4.838258336941037e-05
4.4836113952493475e-06
2.769162380959522e-07
1.1398571561107576e-08
3.127043950731042e-10
2.2703381601420118e-11
3.167208719677275e-13
9.377117686622304e-07
7.928737298118994e-06
4.468072796292505e-05
0.00016781006285187156
0.0004200464397412246
0.000700742025584056
0.0007791132111049274
0.0005773305259361659
0.00028645567110132785
0.00010439965007730689
7.622367340453139e-05
0.00019849694885842398
0.0004580704478948739
0.0007144686207347155
0.0007431407179300526
0.0005151706794312236
0.00024042324023815725
9.028008350653976e-05
9.507006286800318e-05
0.00025332214252780103
0.00052596069337958
0.0007332521139573478
0.0006815168229352234
0.00042217018496235227
0.0002448664286531484
7.713350833079362e-05
1.6193416003565406e-05
2.265767843480679e-06
2.1128754306632412e-07
1.3131487521973138e-08
5.439205982591525e-10
1.501545976374204e-11
2.762633739465552e-13
3.3875798157702033e-15
2.768453987575379e-17
1.5078794804847692e-19
5.473656011206951e-22
1.324249808447527e-24
2.135226175701742e-27
2.294559897413541e-30
1.643374188388259e-33
7.84431584854323e-37
2.4954865348911434e-40
5.290989964848889e-44
0.0
0.0
0.0
0.0
0.0
0.0
0.0
0.0
0.0
0.0
0.0
0.0
0.0
0.0
0.0
0.0
0.0
0.0
0.0
0.0
0.0
0.0
0.0
0.0
0.0
0.0
0.0
0.0
0.0
0.0
0.0
0.0
0.0
0.0
0.0
0.0
0.0
0.0
0.0
0.0
0.0
0.0
0.0
0.0
0.0
0.0
0.0
0.0
0.0
0.0
0.0
0.0
0.0
0.0
0.0
0.0
0.0
0.0
0.0
0.0
0.0
0.0
0.0
0.0
0.0
0.0
0.0
4.064224088156133e-35
3.330355077590825e-34
1.818800153966661e-33
6.620045478386644e-33
1.605900050735982e-32
2.596316293808251e-32
2.841612828199698e-32
2.3139288578284504e-32
2.3679813572689206e-32
4.6301947968631476e-32
8.9229944684063e-32
1.2109131233999185e-31
1.105317126285835e-31
6.948661050100362e-32
3.7854810938464516e-32
3.3572064512329893e-32
4.673337626590049e-32
6.118817570022702e-32
5.988180423759953e-32
5.236478567928082e-32
5.630634439584185e-32
6.561134824131203e-32
5.990027224045042e-32
3.775315405432708e-32
1.6026334922450983e-32
4.900249748328623e-33
2.4086635294897793e-33
4.1946978335854134e-33
7.142205755206674e-33
8.295161375896649e-33
6.42818031463011e-33
3.5874635008617475e-33
2.9849171631363624e-33
8.721443446058797e-33
2.5931150040359496e-32
5.281818122128146e-32
7.182642705982176e-32
6.528419990319887e-32
4.067714120475732e-32
2.1496841373871337e-32
1.9985472835791754e-32
2.660446015479501e-32
3.853759276694124e-32
4.4322498212114205e-32
4.3970654035910375e-32
4.1520264889234107e-32
3.5753445041229403e-32
2.4648353243285206e-32
1.234795967590516e-32
4.2852398656109666e-33
1.0086175898772627e-33
1.5949919028789474e-34
1.6873574352104704e-35
1.1918101397292682e-36
5.615034360957896e-38
1.7638089755800026e-39
3.693293662053696e-41
5.1546166129775566e-43
4.794891544428839e-45
2.972702532256549e-47
1.2283150982541336e-49
3.382607683730762e-52
6.2083464960340164e-55
7.59420387056934e-58
6.191135553652694e-61
3.363876330699835e-64
1.2181234003238036e-67
4.939614345740916e-70
0.0
0.0
0.0
0.0
0.0
0.0
0.0
0.0
0.0
0.0
0.0
0.0
0.0
0.0
0.0
0.0
0.0
0.0
0.0
0.0
7.469154326599031e-35
4.942173097625619e-34
2.179445533152721e-33
6.405538352224909e-33
1.254719939957188e-32
1.5681321153718035e-32
1.564162518467679e-32
1.0516408804608128e-32
5.1905532027573656e-33
2.9835817866347272e-33
3.203479917751446e-33
3.572892654465551e-33
2.9104049661010308e-33
1.9287008261123414e-33
1.9297312358206382e-33
3.191412912355322e-33
1.1938797355870522e-05
0.00010134248540116737
0.000573329211035892
0.0021617135076126195
0.005432174983581625
0.009097685389804013
0.01018397463745589
0.00775371561883027
0.004653195933328033
0.003999897354694476
0.005913082429706923
0.007959745748826408
0.008322652383023417
0.00800933477315204
0.008150475688122612
0.008182008385683993
0.006508994168831045
0.0036288454550911036
0.0013654815779683106
0.00034348563908477315
6.542083501418432e-05
7.69331394396447e-05
0.00042538461766889634
0.0017070737675655885
0.004586866472596314
0.008285049596850485
0.010382559688658454
0.010099078580825135
0.009738012221232061
0.010345067845577632
0.009703686259274093
0.0068388643536051764
0.004200920092505323
0.004176868572386252
0.00626959895932132
0.008259354202352636
0.009414101147079025
0.01092703218212036
0.012241314584448727
0.010998765685974172
0.008990404349157797
0.007621535307727593
0.012069006327128139
0.021272527405427382
0.02826679226321029
0.029036339223649114
0.02825210893130632
0.0291053302295302
0.026519166854297883
0.01776571395707013
0.008144324708443802
0.0025047119760470324
0.0005142038007148929
0.00010496481749377823
0.0002512416608629044
0.0011558105807411418
0.0036421739499877402
0.007693506741140252
0.011100680878662478
0.01175128615370074
0.011111264804426658
0.011498054652665858
0.011594016213331814
0.009437284473256308
0.0074846802815795
0.010313568387192258
0.015322118776084638
0.02319795047632843
0.024244540855319307
0.01695802063109012
0.007909852139662549
0.0024628920930853536
0.0005257851659850736
0.00011237926121697182
7.830622415888609e-05
8.219675780050305e-05
6.209752857683157e-05
3.140200810065968e-05
1.0585800375057842e-05
2.3783567646160554e-06
3.5613294078620076e-07
3.554093546306894e-08
2.3638891769696146e-09
1.0478688207623258e-10
3.0957670412780272e-12
6.095525810556934e-14
7.998998678608422e-16
6.995868277481497e-18
4.077830507005703e-20
1.584157163835592e-22
4.101558505928786e-25
6.1728218385537255e-27
8.13153694518952e-30
1.1553844524652925e-32
3.507558602479327e-33
3.877003078686564e-33
7.09654936789619e-33
1.1622060812134159e-32
1.404857345349876e-32
1.3876707086534755e-32
1.3767874515824427e-32
1.377161580335177e-32
1.126348532126625e-32
6.549068004979153e-33
2.5815892829863444e-33
6.811470294366758e-34
1.2554388969638674e-34
6.224453635581185e-35
2.7540067630645976e-34
1.0410001392155042e-33
2.6618283000941796e-33
4.648786989927384e-33
6.0053594651023925e-33
7.018578980800799e-33
8.918484228718798e-33
1.0778515252199911e-32
1.0255663924322996e-32
9.040539551473254e-33
9.914974031917656e-33
1.8210869314490125e-32
3.099217144869716e-32
3.699103058412907e-32
2.961184453640642e-32
1.5810483041240286e-32
5.626595502433109e-33
1.334542770490812e-33
2.1096062747903285e-34
2.2225520235712444e-35
1.560572746948578e-36
7.302938620116093e-38
2.2776806430064826e-39
4.734450274805723e-41
6.5588520790429905e-43
6.055746145971003e-45
3.7263962545136476e-47
1.5282413843488481e-49
4.1771149394148384e-52
7.609260345963852e-55
1.8716287997642083e-06
1.6256900275361646e-05
9.740877102187616e-05
0.00038901904676631553
0.001075386725050197
0.001748488311557253
0.002822702250403322
0.003580616301406877
0.003808213659435383
0.003478400018411407
0.0026314502702557093
0.001541494333385587
0.0006580101120263285
0.0001965336449069379
4.012484604850319e-05
5.53031399816647e-06
5.112863769313481e-07
3.1604820848105284e-08
1.3041148339889041e-09
3.589243463076269e-11
6.586299859993914e-13
8.056488549302389e-15
6.5686074838692e-17
5.0124803717640384e-05
0.00033224007643468576
0.0014676851471471328
0.004321110065646984
0.008478895958523115
0.011111337405473962
0.009831970032825566
0.007540857390608569
0.004978271026486802
0.005546592268642766
0.007984790928428227
0.00944601584704217
0.009401490031302947
0.009413287079775732
0.00924463655832504
0.007277783842427837
0.004048642024743153
0.001524998755094693
0.000384398210937252
8.889233436428152e-05
0.00019000225385527641
0.0009185171778386037
0.003080095379160148
0.006921739915982313
0.010602185464679456
0.011792832396896607
0.01134685506542486
0.011556117371884594
0.011491532203423051
0.009088163469331424
0.0058245892788656795
0.0048471243648287735
0.006514365806252712
0.007732430774501179
0.0075664612466279915
0.004998925707828255
0.0022046879766518535
0.0006481667918415888
0.0001270044247956857
1.6585700809726258e-05
1.4435456348875008e-06
8.373533801655286e-08
3.237192969618738e-09
8.340843024502794e-11
1.432296251429974e-12
1.639220252015012e-14
1.250326151505436e-16
6.356102131308879e-19
2.153475658747285e-21
4.86262317763692e-24
7.31784389325751e-27
7.350065231931136e-30
2.287437358114252e-05
0.00016797762684097443
0.0008221200144117086
0.002681640458029222
0.005829716365535941
0.00844648178565034
0.00815616160941235
0.006373840130902692
0.0032337406609659032
0.0016143483986089714
0.002334413574095323
0.005049038616137035
0.007946714389766525
0.008383234036032252
0.005917634805105618
0.0029225990203169258
0.001645054476612016
0.002744575306169175
0.005634228330430166
0.008178367834305185
0.00794274148204552
0.005142369160176995
0.0022189342972311343
0.0006381277284298585
0.00012230729617002654
1.5623511966224758e-05
1.330106793626689e-06
2.6277009091963797e-05
0.0001932166107420834
0.0009495784992380317
0.003110320786808969
0.0067898639740402045
0.009900577887085791
0.010212735042401127
0.008004239099659015
0.005680283400534409
0.006333127307011175
0.009064128618010944
0.010167320576437256
0.008091668651840831
0.005587663536575095
0.0059005600086622515
0.008590828681413153
0.010092180266021903
0.008248685690918994
0.0048039121798493165
0.002316540340317781
0.0012563760520492076
0.0012055811708762422
0.002486583392952181
0.005462339285291016
0.00884511957495996
0.010484070695712814
0.010493947384616424
0.010524589020005942
0.010003826353762353
0.007446649877625387
0.0038885929095862203
0.0020304156682420292
0.0005484913884198149
0.00010083269429622086
2.6184267380400937e-05
7.146881090818351e-05
0.00023256738991279114
0.0005140012057522869
0.0007773311352565656
0.000862193809718117
0.0008378994344559932
0.0008591248444261594
0.0008827660951345128
0.0009861561043954365
0.0018385980684791105
0.004196934741129361
0.007320891744974312
0.008679347637014103
0.006875581799711803
0.0036312693492680076
0.0012782265384469968
0.0002998756359444964
4.688742667165105e-05
4.885997079631119e-06
5.718276152108257e-05
0.00041737501327149403
0.002042309808267807
0.004698544333894008
0.011691690869656603
0.019389779513443367
0.021431371541915416
0.015787327142853348
0.007750840495733546
0.0025361243219280878
0.0005530620086532271
8.038197309306881e-05
7.786190880136527e-06
5.026584393139386e-07
2.1627307682616293e-08
1.5662614600634884e-05
0.00014340217455159325
0.0008750762266307587
0.0035589150180887976
0.009646525093999115
0.017426321703664253
0.020980802913779382
0.016835267808499584
0.009003254001664084
0.0032089320750368433
0.0007622599359191664
0.00012067775213070738
1.2733062713195695e-05
8.954061900622198e-07
1.217621838437725e-07
4.354138339745873e-09
7.075637896837381e-05
0.0004924035929525595
0.002283804946781211
0.007059571725760753
0.014543845386345997
0.019969247104938574
0.018273665942837292
0.011144772815890559
0.004530001090701521
0.0012271762495191724
0.00022156294264773216
2.6660534727778582e-05
2.1380710603638294e-06
1.1427650849021406e-07
4.070739756094053e-09
9.664319132516041e-11
1.5291522738840908e-12
1.612544674253243e-14
1.1333246212504791e-16
5.308580905278158e-19
1.6572350333485768e-21
3.4480322460209e-24
4.781234890886277e-27
4.74555249557048e-29
3.346248386196853e-32
1.938320384892826e-35
2.749239656883748e-35
1.376839385480751e-34
4.596352697994584e-34
1.0907334416281538e-07
9.207134725454225e-07
5.408146012854392e-06
2.1109329964330643e-05
5.732365794994092e-05
0.00011118609029335744
0.00016253943112444792
0.00019080653827727243
0.00018833296181237067
0.00015546698552874576
0.00010190820120339227
4.985152721326876e-05
1.7351502463992675e-05
4.171124589791512e-06
6.809659205757999e-07
7.482203693324972e-08
5.506903000345955e-09
2.708275490210076e-10
8.888671952183667e-12
1.9456194520171547e-13
1.215427208637323e-14
1.3535077985379758e-16
1.0046703044350808e-18
4.970421327955997e-21
1.6389183692611475e-23
3.601722289198378e-26
5.279671787976368e-29
7.885780932683291e-32
1.1803943165216889e-32
3.4044801484015454e-33
6.7499503316794295e-34
3.3887597452588012e-06
2.320055194325974e-05
0.00010586134377626566
0.0003219274698315474
0.000652469504628877
0.00088134094813264
0.0007934311133770858
0.00047605381878324665
0.00019036382740904453
5.0733444688340415e-05
9.011266257487577e-06
1.0667406411590019e-06
8.416148867852442e-08
4.42536935908315e-09
1.5508406940484914e-10
1.7526001037425758e-06
1.3480976478341224e-05
6.911060369787897e-05
0.00023612913605637758
0.0005376950245220455
0.0008160260175614957
0.0008253792409257203
0.0005563968031253259
0.00024997539220845727
7.484993699095138e-05
1.4937130246613763e-05
1.986664104505948e-06
1.7610158713825823e-07
1.0403599940543948e-08
4.096241612132319e-10
2.9760200421133415e-06
2.0632999667900456e-05
9.533930893483104e-05
0.0002936048194868341
0.0006026094098276189
0.0008243092739110935
0.000751494854058063
0.0004566078613341568
0.00018490229681814385
4.99025542696561e-05
8.976040294593764e-06
2.2829356264725945e-06
2.0881335141358505e-07
1.2729296724889284e-08
5.17168547656334e-10
1.400365321991096e-11
2.527156506322952e-13
3.039516306811951e-15
2.4364548341154557e-17
1.3016487348100456e-19
4.634584281347267e-22
1.0997889400313281e-24
1.7394674142214016e-27
1.9329271922804318e-30
7.633332606327156e-32
5.7612058464828346e-05
0.0004498901278962801
0.002341429480773961
0.008121518711775917
0.018774784658316956
0.028926389373145466
0.029702639172934638
0.02032719246523739
0.00927131436818331
0.0028182970326374435
0.0005709706279778114
0.000157204858519446
1.6195544313735855e-05
1.1120048504252498e-06
5.088612291539362e-08
1.5519352294298477e-09
3.154491556519588e-11
4.273332589807885e-13
3.858207391408966e-15
2.3215924925186547e-17
9.310391875438039e-20
2.488464670152879e-22
4.432783794736881e-25
5.262646759113581e-28
4.16693421209546e-31
2.640970000434261e-34
4.586550323307271e-36
3.0447740824299594e-37
1.370009782649806e-38
2.1399397701798e-35
1.7233403337287915e-34
9.249758635060215e-34
3.308806093706949e-33
7.888488227080147e-33
1.2534233899009134e-32
1.327343587108877e-32
9.3680772931497e-33
5.9273794709838364e-33
2.1273180320491008e-33
5.088428299087512e-34
8.111785261938785e-35
8.61848201364664e-36
6.102765213996011e-37
2.880076958674012e-38
4.4945139465431817e-35
3.4966160328392345e-34
1.8130234071055572e-33
6.265279488887537e-33
1.442975760304612e-32
2.214925740687356e-32
2.2659005931939765e-32
1.5449132007978097e-32
7.020189949908162e-33
2.1260584039446858e-33
6.64568774651804e-07
5.631404781703507e-06
3.180351390999751e-05
0.00011970575136093107
0.00030028696120912334
0.000511318959964229
0.0006349624123035918
0.0008255637869237749
0.0016954945390549923
0.002920861213888901
0.005342057746001666
0.007108122515944969
0.007539680034001726
0.0075282030381465526
0.007232877290327062
0.0056939383694387955
0.0032218717591297355
0.0012430704775436897
0.00032217082169667087
5.967553855263677e-05
3.0834730248418324e-05
9.789099318137612e-05
0.0002609483846377102
0.0004727174991299796
0.0006061470298633283
0.0006224435803292112
0.000619547989179342
0.0006436428024391972
0.0007079361644597229
0.0011923165098623135
0.002668885002036339
0.004836033234475883
0.006028546651106566
0.005031540283830199
0.0035615499565506137
0.0015126675517965317
0.00042819359374374416
8.078298400397444e-05
1.015737244009076e-05
8.511859388226756e-07
4.753889215578426e-08
1.7695189648820705e-09
4.389781810949047e-11
7.257920318753078e-13
7.997661255973377e-15
5.873478227050503e-17
2.8748108086672843e-19
9.377881121390552e-22
2.038833333396483e-24
2.9542026092181833e-27
2.8529261922356698e-30
2.1132535294849025e-33
7.67577487780945e-34
1.4140073279769569e-33
1.7378342523524204e-33
1.4234645725338581e-33
7.770814126353153e-34
2.827274182284626e-34
6.855685429485746e-35
1.1079378128828241e-35
2.6237709136579202e-36
2.1562196343231325e-37
1.180977511188829e-38
3.455655486573143e-36
3.1441357202938336e-35
1.9068106593044806e-34
7.707180847171885e-34
2.0761803531118747e-33
3.727487128611884e-33
4.460142927527001e-33
3.556828685915671e-33
1.890421587324354e-33
6.69631594359688e-34
1.580864884445117e-34
2.4873397894423146e-35
2.6082969289351615e-36
1.8228901196845614e-37
8.49073917655824e-39
7.64248424510521e-36
4.159323172299277e-05
0.00026488558908073636
0.001124282745291676
0.003180345537455039
0.005995903272431715
0.007533841457696471
0.006324018676827679
0.004535240498015862
0.00226537925718082
0.0019512056971430429
0.0037834073860271516
0.006415724291072909
0.007423481826280214
0.005761863130498099
0.0031404099865500355
0.001873580040000353
0.002860649203596903
0.005389581653891683
0.007271472029592758
0.006575284713689468
0.003964348736580353
0.0015930317335654718
0.0004266380435540867
7.615113071549203e-05
9.058883767164378e-06
7.182151585519041e-07
3.795036829901481e-08
1.3364692509206812e-09
3.136775920218107e-11
4.906700703342941e-13
5.115371606922178e-15
3.5542367859052185e-17
1.0329833706546591e-18
3.649766489197787e-21
8.594455687172856e-24
1.3488175940601264e-26
1.4108135301559776e-29
9.83484586695012e-33
4.5692723848555024e-36
1.4148424657153204e-39
2.9197836544005e-43
0.0
0.0
0.0
0.0
0.0
0.0
0.0
0.0
0.0
0.0
0.0
0.0
0.0
0.0
0.0
0.0
0.0
0.0
0.0
0.0
0.0
0.0
0.0
1.206758967295381e-34
8.470948483342529e-34
3.9630093283880466e-33
8.895628027988294e-06
7.361604034947484e-05
0.00040602225751201645
0.0014924808842978511
0.003656362628496702
0.00597249890737225
0.006515935961291125
0.0048113007007844965
0.002619561056904178
0.0015255680950806148
0.0014355116556143855
0.0016215767208974472
0.0019107020629426097
0.0023981968562659215
0.002682340032213576
0.0022577242885317623
0.001336869773407836
0.000766712654169184
0.00025532052784029905
0.0001506926463100368
0.0005145293541480707
0.0017465400576285857
0.004035022916229992
0.00639912456412885
0.007461092359004156
0.007514394237349438
0.007656151592607888
0.007413751972115206
0.005991111394455334
0.0041271097020702295
0.002824000245435199
0.0020956622061213837
0.001501582447249401
0.0008746513856095678
0.00037147389263704044
0.00010921388540430045
2.1734866052118406e-05
2.9009692880489537e-06
3.119843359459967e-06
2.1981888114425834e-05
0.00011240007851993585
0.00038330923498147197
0.0008711958975687808
0.0012020643565487938
0.0013893026275962129
0.0010701571135858152
0.0005493887683096147
0.00018797217146220244
4.2863624192596976e-05
6.514270179056875e-06
6.59818052339962e-07
4.4541431260363254e-08
2.0039445079055762e-09
6.008814019234163e-11
1.2008074717034558e-12
1.5993353959449336e-14
1.4196695411030485e-16
8.398786249653891e-19
3.3115196818135945e-21
8.7020124606069e-24
1.524030327195057e-26
1.7788898858694732e-29
1.383840608364156e-32
7.174714493541132e-36
2.4791609630578273e-39
5.709346146708912e-43
1.999567619337128e-58
1.694145995682474e-61
1.2107696310585483e-63
5.2164955108836094e-67
1.4978823550834818e-70
2.86654074964243e-74
0.0
0.0
0.0
0.0
0.0
0.0
0.0
0.0
0.0
0.0
0.0
0.0
0.0
0.0
0.0
0.0
0.0
0.0
0.0
0.0
0.0
0.0
0.0
0.0
0.0
0.0
0.0
0.0
0.0
0.0
0.0
0.0
0.0
0.0
0.0
0.0
0.0
0.0
0.0
0.0
0.0
0.0
0.0
0.0
0.0
0.0
0.0
0.0
0.0
0.0
0.0
0.0
0.0
0.0
0.0
0.0
0.0
0.0
0.0
0.0
0.0
0.0
0.0
0.0
0.0
0.0
0.0
0.0
0.0
0.0
0.0
0.0
0.0
0.0
0.0
0.0
0.0
0.0
0.0
0.0
0.0
0.0
0.0
0.0
0.0
0.0
0.0
0.0
0.0
0.0
0.0
0.0
0.0
0.0
0.0
0.0
0.0
0.0
0.0
0.0
0.0
0.0
0.0
0.0
0.0
0.0
0.0
0.0
0.0
0.0
0.0
0.0
0.0
0.0
0.0
0.0
0.0
0.0
0.0
0.0
0.0
0.0
0.0
0.0
0.0
0.0
0.0
0.0
0.0
0.0
0.0
0.0
0.0
0.0
0.0
0.0
0.0
0.0
0.0
0.0
0.0
0.0
0.0
0.0
0.0
0.0
0.0
0.0
0.0
0.0
0.0
0.0
0.0
0.0
0.0
0.0
0.0
0.0
0.0
0.0
0.0
0.0
0.0
0.0
0.0
0.0
0.0
0.0
0.0
0.0
0.0
0.0
0.0
0.0
0.0
0.0
0.0
0.0
0.0
0.0
0.0
0.0
0.0
0.0
0.0
0.0
0.0
0.0
0.0
0.0
0.0
0.0
0.0
0.0
0.0
0.0
0.0
0.0
0.0
0.0
0.0
0.0
0.0
0.0
0.0
0.0
0.0
0.0
0.0
0.0
0.0
0.0
0.0
0.0
0.0
0.0
0.0
0.0
0.0
0.0
0.0
0.0
0.0
0.0
0.0
0.0
0.0
0.0
0.0
0.0
0.0
0.0
0.0
0.0
0.0
0.0
0.0
0.0
0.0
0.0
0.0
0.0
0.0
0.0
0.0
0.0
0.0
0.0
0.0
0.0
0.0
0.0
0.0
0.0
0.0
0.0
0.0
0.0
0.0
0.0
0.0
0.0
0.0
0.0
0.0
0.0
0.0
0.0
0.0
0.0
0.0
0.0
0.0
0.0
0.0
0.0
0.0
0.0
0.0
0.0
0.0
0.0
0.0
0.0
0.0
0.0
0.0
0.0
0.0
0.0
0.0
0.0
0.0
0.0
0.0
0.0
0.0
0.0
0.0
0.0
0.0
0.0
0.0
0.0
0.0
0.0
0.0
0.0
0.0
0.0
0.0
0.0
0.0
0.0
0.0
0.0
0.0
