a = 4.749665496097099 b = 4.695210240090903 c = 16.025523269483184 ,Gaussian ,LMH = 0.08 ,DW = [0.7 0.7 0.7 0.7]
0.0
0.0
0.0
0.0
0.0
0.0
0.0
0.0
0.0
0.0
0.0
0.0
0.0
0.0
0.0
0.0
0.0
0.0
0.0
0.0
0.0
0.0
0.0
0.0
0.0
0.0
0.0
0.0
0.0
0.0
0.0
0.0
0.0
0.0
0.0
0.0
0.0
0.0
0.0
0.0
0.0
0.0
0.0
0.0
0.0
0.0
5.931873154151278e-34
3.913847798610869e-33
1.7210661314153466e-32
5.043972753010192e-32
9.85211457250069e-32
1.2825305643620942e-31
1.1127242218369872e-31
6.434116322784254e-32
2.4795440200040997e-32
6.368487278268768e-33
1.0901400533205489e-33
1.2436834516456795e-34
9.456250383989085e-36
4.791920656738083e-37
1.618384916882246e-38
3.6428020651475873e-40
5.464757240865111e-42
5.463711037107116e-44
3.640710270324155e-46
1.0290091660768385e-47
3.4867452674427536e-50
7.874132981806152e-53
1.1851322550565882e-55
1.1888099724863185e-58
7.947666026845301e-62
3.541182642578514e-65
1.0515709806550939e-68
2.081183656973855e-72
0.0
0.0
0.0
0.0
0.0
0.0
0.0
0.0
0.0
0.0
0.0
0.0
0.0
0.0
0.0
0.0
0.0
0.0
0.0
0.0
0.0
0.0
0.0
0.0
0.0
0.0
0.0
0.0
0.0
0.0
0.0
0.0
0.0
0.0
0.0
0.0
0.0
0.0
0.0
0.0
0.0
0.0
0.0
0.0
0.0
0.0
0.0
0.0
0.0
0.0
0.0
0.0
0.0
0.0
0.0
0.0
0.0
0.0
0.0
0.0
0.0
0.0
0.0
0.0
0.0
0.0
0.0
0.0
0.0
0.0
0.0
0.0
0.0
0.0
0.0
0.0
0.0
0.0
0.0
0.0
0.0
0.0
0.0
0.0
0.0
0.0
0.0
0.0
0.0
0.0
0.0
0.0
0.0
0.0
0.0
0.0
0.0
0.0
0.0
0.0
0.0
0.0
0.0
0.0
0.0
0.0
0.0
0.0
0.0
0.0
0.0
0.0
0.0
0.0
0.0
0.0
0.0
0.0
0.0
0.0
0.0
0.0
0.0
0.0
0.0
0.0
0.0
0.0
0.0
0.0
0.0
0.0
0.0
0.0
0.0
0.0
0.0
0.0
0.0
0.0
0.0
0.0
0.0
0.0
0.0
0.0
0.0
0.0
0.0
0.0
0.0
0.0
0.0
0.0
0.0
0.0
0.0
0.0
1.0709306924083831e-33
8.931454699371515e-33
4.964375028415826e-32
1.8390287263222516e-31
4.540398714877728e-31
7.4710392702922075e-31
8.193125258980758e-31
5.988247171825695e-31
2.9169661525415828e-31
9.469882919169372e-32
2.0489878243878384e-32
2.954715660352913e-33
2.8397071729115142e-34
4.755684059480451e-35
2.3241996937785443e-36
7.570340829215751e-38
1.6433836949376423e-39
2.3776288569627604e-41
2.292612735632869e-43
1.4733261131687283e-45
6.310279855293638e-48
1.8012745059423345e-50
3.426831360151164e-53
4.344973290665065e-56
3.671664899754131e-59
2.0678570487791854e-62
7.761747950657231e-66
1.941690952157667e-69
0.0
0.0
0.0
0.0
0.0
0.0
0.0
0.0
0.0
0.0
0.0
0.0
0.0
0.0
0.0
0.0
0.0
0.0
0.0
0.0
0.0
0.0
0.0
0.0
0.0
0.0
0.0
0.0
0.0
0.0
0.0
0.0
0.0
0.0
0.0
0.0
0.0
0.0
0.0
0.0
0.0
0.0
0.0
0.0
0.0
0.0
0.0
0.0
0.0
0.0
0.0
0.0
0.0
0.0
0.0
0.0
0.0
0.0
0.0
0.0
0.0
0.0
0.0
0.0
0.0
0.0
0.0
0.0
0.0
0.0
0.0
0.0
0.0
0.0
0.0
0.0
0.0
0.0
0.0
0.0
0.0
0.0
0.0
0.0
0.0
0.0
0.0
0.0
0.0
0.0
0.0
0.0
0.0
0.0
0.0
0.0
0.0
0.0
0.0
0.0
0.0
0.0
0.0
0.0
0.0
0.0
0.0
0.0
0.0
0.0
0.0
0.0
0.0
0.0
0.0
0.0
0.0
0.0
0.0
0.0
0.0
0.0
0.0
0.0
0.0
0.0
0.0
0.0
0.0
0.0
0.0
0.0
0.0
0.0
0.0
0.0
0.0
0.0
0.0
0.0
0.0
0.0
0.0
0.0
0.0
0.0
0.0
0.0
0.0
0.0
0.0
0.0
0.0
0.0
0.0
0.0
0.0
0.0
0.0
0.0
4.400184247577542e-06
2.9253244404157766e-05
0.00012961604495331046
0.0003827586723327736
0.0007533084893515127
0.0009442904625832117
0.0009450526534664331
0.0006303589980782296
0.00028022150129082573
8.302263300118962e-05
1.639355333217874e-05
2.1574028164939387e-06
1.8922169699529435e-07
1.106094347401942e-08
4.309183229230555e-10
1.1188691442451073e-11
1.936177556538137e-13
2.233020007278293e-15
1.7164122090616543e-17
8.792899798074274e-20
3.002093410557925e-22
6.831212993776068e-25
1.0359838857100994e-27
1.0471037669135218e-30
7.05355394103481e-34
3.1667064746836236e-37
9.475217249862012e-41
1.8895226005190772e-44
0.0
0.0
0.0
0.0
0.0
0.0
0.0
0.0
0.0
0.0
0.0
0.0
0.0
0.0
0.0
0.0
0.0
0.0
0.0
0.0
0.0
0.0
0.0
0.0
0.0
0.0
0.0
0.0
0.0
0.0
0.0
0.0
0.0
0.0
0.0
0.0
0.0
0.0
0.0
0.0
0.0
0.0
0.0
0.0
0.0
0.0
0.0
0.0
0.0
0.0
0.0
0.0
0.0
0.0
0.0
0.0
0.0
0.0
0.0
0.0
0.0
0.0
0.0
0.0
0.0
0.0
0.0
0.0
0.0
0.0
0.0
0.0
0.0
0.0
0.0
0.0
0.0
0.0
0.0
0.0
0.0
0.0
0.0
0.0
0.0
0.0
0.0
0.0
0.0
0.0
0.0
0.0
0.0
0.0
0.0
0.0
0.0
0.0
0.0
0.0
0.0
0.0
0.0
0.0
0.0
0.0
0.0
0.0
0.0
0.0
0.0
0.0
0.0
0.0
0.0
0.0
0.0
0.0
0.0
0.0
0.0
0.0
0.0
0.0
0.0
0.0
0.0
0.0
0.0
0.0
0.0
0.0
0.0
0.0
0.0
0.0
0.0
0.0
0.0
0.0
0.0
1.186727451124545e-34
8.895465426072157e-34
4.443937187414641e-33
1.4796148988029612e-32
3.291684514927107e-32
4.9256386534264584e-32
5.174675980569855e-32
4.583708203523626e-32
4.936729664932615e-32
6.300447110358529e-32
6.787750535009617e-32
5.875559219489611e-32
5.422238804953139e-32
6.319606725341758e-32
6.77106466611881e-32
5.244675533324167e-32
3.566354299497325e-32
1.4308082520906107e-32
3.8294252523577974e-33
6.831921933403427e-34
1.04594289254973e-32
7.167131995467699e-32
3.298169952432238e-31
1.0116268049231761e-30
4.6086162539067884e-05
0.0003414500806262281
0.0016860305525483732
0.005548622887939792
0.012203431511595407
0.018052269593123255
0.01870083009991213
0.0160139305896126
0.015928090032165332
0.018664659615480316
0.019021299660107672
0.016425605327711056
0.015897332201018605
0.018170738354373942
0.017781061106138987
0.01233576884441931
0.005775732536985001
0.0018067078785513836
0.0006647180607521105
0.00010579300477504379
1.1222019078180178e-05
7.933578138484113e-07
3.738085520723318e-08
1.173845672043716e-09
2.456712519316809e-11
3.426724790822422e-13
3.185559071749248e-15
1.9736659449828602e-17
8.149729242303929e-20
2.2428191806635828e-22
4.1136457640275753e-25
5.028530264400764e-28
4.096724828416419e-31
2.224406050931165e-34
8.049573863035544e-38
1.9413921090016006e-41
0.0
0.0
0.0
0.0
0.0
0.0
0.0
0.0
0.0
0.0
0.0
0.0
0.0
0.0
0.0
0.0
0.0
0.0
0.0
0.0
0.0
0.0
0.0
0.0
0.0
0.0
0.0
0.0
0.0
0.0
0.0
0.0
9.681611263317127e-05
0.0003511264362905164
0.0017293729061757818
0.005676691862077019
0.012489494579827242
0.018590844297908887
0.019803545283622295
0.01812708402964583
0.018662442534967086
0.02055878900404556
0.019857573011670737
0.018237484967504734
0.019109388365874162
0.01955349696014638
0.015259005188635662
0.008208334266909685
0.002965270935506574
0.0007151216206338229
0.00011498343011774244
1.2322723060610923e-05
8.801712834680482e-07
4.189969796960925e-08
1.3293412950135395e-09
2.8108891936744504e-11
3.9612524517917007e-13
3.72051335684632e-15
2.3289210379414783e-17
6.313791288917005e-19
2.0097623131813193e-21
4.2636419135275105e-24
6.028347733576674e-27
5.680641953935624e-30
3.567615862504927e-33
1.4932767515886864e-36
4.1656623918628056e-40
0.0
0.0
0.0
0.0
0.0
0.0
0.0
0.0
0.0
0.0
0.0
0.0
0.0
0.0
0.0
0.0
0.0
0.0
0.0
0.0
0.0
0.0
0.0
0.0
0.0
0.0
0.0
0.0
0.0
0.0
0.0
0.0
0.0
0.0
0.0
0.0
0.0
0.0
0.0
0.0
0.0
0.0
0.0
0.0
0.0
0.0
0.0
0.0
0.0
0.0
0.0
0.0
0.0
0.0
0.0
0.0
0.0
0.0
0.0
0.0
0.0
0.0
0.0
0.0
0.0
0.0
0.0
4.627194756344493e-34
4.014408089120633e-33
1.3528766646351124e-32
5.968490763374144e-32
1.7636720536558854e-31
3.5077344365531646e-31
4.851114394652316e-31
5.16539294998501e-31
5.2000915342880646e-31
5.507504149123728e-31
5.375545219160797e-31
4.5841486553718175e-31
3.8929915614452026e-31
3.350608875316795e-31
2.4082377243421986e-31
1.2450527904993066e-31
4.399165777929953e-32
1.1847046457204117e-32
1.0376879375888116e-32
3.3903787143649795e-32
8.668369411990683e-32
1.484166085885555e-31
1.6938141829669798e-31
1.2883448225400775e-31
6.53100562952988e-32
2.206528539554266e-32
4.968446162334082e-33
7.456124919460185e-34
1.680644120646356e-34
1.2825400277471403e-35
6.523003988414162e-37
2.2110873917024545e-38
4.995117635250714e-40
7.520852663452801e-42
7.546924223113556e-44
5.047245693631641e-46
2.2496784654372377e-48
6.682946806384758e-51
1.32311351533402e-53
1.7458533285383645e-56
1.5353236965924499e-59
8.998574134300885e-63
3.5150296524943836e-66
9.150942687247483e-70
0.0
0.0
0.0
0.0
0.0
0.0
0.0
0.0
0.0
0.0
0.0
0.0
0.0
0.0
0.0
0.0
0.0
0.0
0.0
0.0
0.0
0.0
0.0
0.0
0.0
0.0
0.0
0.0
0.0
0.0
0.0
0.0
0.0
0.0
0.0
0.0
0.0
0.0
0.0
0.0
0.0
0.0
0.0
0.0
0.0
0.0
0.0
0.0
0.0
0.0
0.0
0.0
0.0
0.0
0.0
0.0
0.0
0.0
0.0
0.0
0.0
0.0
0.0
0.0
0.0
0.0
0.0
0.0
0.0
0.0
0.0
0.0
0.0
0.0
0.0
0.0
0.0
0.0
0.0
0.0
0.0
0.0
0.0
0.0
0.0
0.00404088083246909
0.014624203841884249
0.07179890242708306
0.2367401277876583
0.5258496009949746
0.8120184236365802
0.9470091644723003
0.9750022365140989
0.999341998240632
1.0
0.9750465823185355
0.9325417363928512
0.7719037920921029
0.47738116378708284
0.20460960811465184
0.059161601266623697
0.011442499554512786
0.001476575566461537
0.00012703173832045124
7.284369444155572e-06
2.783976585732422e-07
7.0912762164285506e-09
1.203831935118201e-10
1.3620378869133812e-12
1.0270560853013689e-14
5.1615567723513104e-17
1.728816160466445e-19
3.0890747094365186e-21
5.261373102814835e-24
5.9724336978378905e-27
4.518404654327629e-30
2.2782451573891162e-33
7.655919132329663e-37
1.7146511191061206e-40
0.0
0.0
0.0
0.0
0.0
0.0
0.0
0.0
0.0
0.0
0.0
0.0
0.0
0.0
0.0
0.0
0.0
0.0
0.0
0.0
0.0
0.0
0.0
0.0
0.0
0.0
0.0
0.0
0.0
0.0
0.0
0.0
0.0
0.0
0.0
0.0
0.0
0.0
0.0
0.0
0.0
0.0
0.0
0.0
0.0
0.0
0.0
0.000590542362501127
0.003744442243048979
0.015823580589791147
0.04456602900587696
0.08365360515102752
0.10465185573608414
0.08725508657597436
0.04848597373252448
0.017956555747389275
0.004432119920393897
0.0007290906273530807
7.993428160334787e-05
5.840717286583659e-06
2.8443356356166995e-07
9.23160147482519e-09
1.9968930316953269e-10
2.878817296064634e-12
2.7660176898387027e-14
1.7712397557801207e-16
7.559295067880489e-19
2.1501402661241003e-21
4.075996807138108e-24
5.1497058870630534e-27
4.8037715617176736e-29
3.086267162744066e-32
1.3214971702439778e-35
3.7712081621108606e-39
7.172595195394002e-43
0.0
0.0
0.0
0.0
0.0
0.0
0.0
0.0
0.0
0.0
0.0
0.0
0.0
0.0
0.0
0.0
0.0
0.0
0.0
0.0
0.0
0.0
0.0
0.0
0.0
0.0
0.0
0.0
0.0
0.0
0.0
0.0
0.0
0.0
0.0
0.0
0.0
3.286308961557192e-05
0.0002922211586767018
0.0017317949701395386
0.00690442373466584
0.01851365615159491
0.03426263801388181
0.04644499468211692
0.05161481584215769
0.05329126530082721
0.053488895704112596
0.05272203784621888
0.04948974839926898
0.04060225284160638
0.02565112082317961
0.011465408972695035
0.0034908191646084888
0.000713738249802936
9.751159147850644e-05
8.88661842424817e-06
5.399176814556348e-07
2.1864715513094406e-08
5.90141898966436e-10
1.0615870697128826e-11
1.272735128449616e-13
1.0169569364250431e-15
5.4156281438725275e-18
1.92210329780836e-20
4.5465940738607326e-23
7.167656676801324e-26
7.530949909655651e-29
5.273559764225782e-32
2.4611582182633024e-35
7.65520356214956e-39
1.5869217108572136e-42
0.0
0.0
0.0
0.0
0.0
0.0
0.0
0.0
0.0
0.0
0.0
0.0
0.0
0.0
0.0
0.0
0.0
0.0
0.0
0.0
0.0
0.0
0.0
0.0
0.0
0.0
0.0
0.0
0.0
0.0
0.0
0.0
0.0
0.0
0.0
0.0
0.0
0.0
0.0
0.0
0.0
0.0
0.0
0.0
0.0
0.0
0.0
0.0003309764277156348
0.0022004527224152707
0.009750088729904592
0.028792981760770484
0.05666909335880734
0.07433398830680572
0.07109663981151869
0.047423415179304054
0.021467614757198855
0.008722058021510912
0.011835211654408814
0.030420079980519356
0.05756830029895834
0.07296284523738529
0.06164521976363717
0.03480661596299203
0.013810364663552208
0.007592257228889107
0.016525813749520855
0.03934277392045756
0.06435160412057907
0.07024946331315705
0.0511135073954928
0.024786268303564982
0.00801065843234527
0.0017254676948711674
0.00024770056621820124
2.369892869495569e-05
1.5111653166947294e-06
6.42209593194158e-08
1.818959997466015e-09
1.349029917885715e-10
1.9429898016281054e-12
1.8650952201186523e-14
1.1931994520826157e-16
5.087525858478599e-19
1.4457119213053653e-21
2.7380315499409645e-24
3.456036402520592e-27
2.9108014236167337e-30
2.2417756630262125e-33
7.275018366388577e-35
5.6701366515220026e-36
2.970042295059387e-37
1.0368714316589912e-38
2.4125078311719826e-40
3.7410550846853735e-42
3.8663487225466256e-44
2.6631123579157467e-46
5.343067041806963e-34
4.6985633794341256e-33
2.753728400232839e-32
1.0756194975500748e-31
2.8001273048858834e-31
4.858234069617518e-31
5.617727153454695e-31
4.329366948490621e-31
2.9070292231448304e-31
1.1573798664796744e-31
4.011161781249287e-32
4.2868164632612696e-32
9.182055502995708e-32
1.4717772812725366e-31
1.581639765806145e-31
1.1340200127857293e-31
5.493228140641182e-32
2.232846990012877e-32
2.469381688087403e-32
5.825690191203798e-32
1.056470371407733e-31
1.2871359288287909e-31
1.0455695507518562e-31
5.702619646063314e-32
2.3421044459886133e-32
1.9187405748432526e-32
4.612817163760132e-32
9.606235156310042e-32
1.3541172476011298e-31
1.273162371543772e-31
7.978296640991227e-32
3.3921411779606075e-32
1.3438989248359088e-32
2.1087589329203076e-32
4.358626568904355e-32
1.0343948591427324e-31
1.704826053351742e-31
2.022629051706848e-31
1.8861675729525528e-31
1.5548387308246686e-31
1.2298995005707616e-31
9.389301825802837e-32
6.465545711254579e-32
3.5886406390153184e-32
1.458395115446287e-32
4.1115092999560366e-33
7.848865819470514e-34
1.0047251827069807e-34
8.591670467186629e-36
4.9008451501267185e-37
1.8637599469073398e-38
4.724380759174495e-40
7.981818993177393e-42
8.987691281817182e-44
6.7449523570520645e-46
3.373589810035861e-48
1.124572941973998e-50
2.498415631931448e-53
3.699332385384663e-56
3.6505944646620194e-59
2.8881823777165715e-61
1.4493305272369063e-64
4.8472098090141005e-68
1.0804327624855222e-71
0.0
0.0
0.0
0.0
0.0
0.0
0.0
0.0
0.0
0.0
0.0
0.0
0.0
0.000526409036063263
0.0036333892883827473
0.016714064572270693
0.051242908038222124
0.10470490052908041
0.14258761251980018
0.12941306830392071
0.07877982060310892
0.046589049568652396
0.02380611798010993
0.03833042762079766
0.08393671854248222
0.13104747899123675
0.1369171952735368
0.09556177706728423
0.045903475067582536
0.02260324434744741
0.03513047686934644
0.07847313573807599
0.1258193001735328
0.13504219722474417
0.09662341973621663
0.046076880253707965
0.01464419926612018
0.003101914060155222
0.0004379005011582033
4.120051753201929e-05
2.583517744093753e-06
1.0796967006144501e-07
3.0072784900809703e-09
5.582478637926757e-11
6.90656399017758e-13
5.694801073664698e-15
3.129512025514662e-17
7.77874489795969e-19
2.1737529076494916e-21
4.048483474876958e-24
5.025231970384849e-27
4.1572046600170654e-30
2.292071942704525e-33
8.422414922330463e-37
2.0626548801272605e-40
0.0
0.0
0.0
0.0
0.0
0.0
0.0
0.0
0.0
0.0
0.0
0.0
0.0
0.0
0.0
0.0
0.0
0.0
0.0
0.0
0.0
0.0
0.0
0.0
0.0
0.0
0.0
0.0
0.0
0.0
0.0
0.0
0.0
0.0
0.0
0.0
0.0
0.0
0.0
6.343168954894733e-37
4.997696245210163e-36
2.6243090743213965e-35
9.184206836111151e-35
1.6897675474468024e-34
3.00715780615968e-34
3.566703609768607e-34
2.81941737436741e-34
1.4853652872193536e-34
5.727223678267252e-35
5.907604293833636e-35
5.938503086524014e-34
3.362551913416172e-33
4.1205617395738195e-05
0.00032568372104388997
0.0017156046916030063
0.006023098246403034
0.014093024843335772
0.02197708237102789
0.022841120373482994
0.01582145124854928
0.007303932994248523
0.0022894612703808727
0.0007913731982060074
0.0017877121986994804
0.006003272079943518
0.013900024488351861
0.021469322536331506
0.022101053750471552
0.015163150289655782
0.009414731599625406
0.003312706864305055
0.0009987441627949461
0.0014294482078932593
0.004887275624359257
0.012081947565937614
0.0199533843845192
0.02196374178611409
0.01611307513055696
0.007878292574643328
0.0025672450602266875
0.0005575503552723398
8.070165015238787e-05
7.785065689747832e-06
1.7612759507604717e-06
1.0825584249549038e-05
6.246081508930983e-05
0.00024192286016975055
0.0006396892182241793
0.0011940142938241926
0.0016698142941894193
0.0021054441715897976
0.003358875495721829
0.008713081354337394
0.024134978449735046
0.050736258758522175
0.06781630081267682
0.07548427219089439
0.05625705827893619
0.027990451318839534
0.009419579898538208
0.0030932443423023906
0.005752951345751821
0.019086195515388187
0.04441024692554403
0.06897135887547903
0.0713927207489193
0.049251690069268585
0.02264487382137981
0.007208835348210601
0.003269625913489915
0.00867061251206476
0.02587488892826894
0.05256303205109386
0.07120991023549039
0.06429693104730351
0.038692059137290645
0.015517973185734647
0.00414791358229497
0.0007389345115451001
8.77331554217847e-05
1.69162128982691e-05
1.0213239627215539e-06
4.109655796397661e-08
1.1021201047856215e-09
1.969853591948811e-11
2.346499795987862e-13
1.8628961323895294e-15
9.856853675175541e-18
3.4759180291907806e-20
8.169251959960773e-23
1.2796069906000938e-25
1.3358339143955478e-28
9.294154221437939e-32
4.309717786939446e-35
1.331893004814413e-38
2.7432879254289374e-42
0.0
0.0
0.0
0.0
0.0
0.0
0.0
0.0
0.0
0.0
0.0
0.0
0.0
0.0
0.0
0.0
7.086405863670938e-35
5.240258110766284e-34
2.5826222220224925e-33
8.483022843368096e-33
1.8570429042551773e-32
2.709410358763399e-32
2.6345666161815824e-32
1.7073601080696185e-32
7.41144287947375e-33
2.4646088047019822e-33
3.089239498067154e-33
1.272754567574416e-32
4.252024570549131e-32
1.0202375585996523e-31
1.7494277186017733e-31
2.122613225817267e-31
1.7981743074387006e-31
1.0583537037654328e-31
4.786375615102006e-32
3.4055949230614104e-32
4.682448345675058e-32
8.021984316035564e-32
9.92056532394477e-32
8.366001669065424e-32
5.021767412504264e-32
3.191468052607591e-32
4.7368393632031697e-32
8.919925031644362e-32
1.2225402469453383e-31
1.1257136690790816e-31
6.913249979771749e-32
2.8297360593306705e-32
7.719580735133183e-33
1.4035351352241083e-33
1.7007263319490005e-34
1.373495159460129e-35
7.392670999658168e-37
2.6519001809744676e-38
6.340076747731376e-40
1.0102140526180062e-41
1.0727878446330703e-43
7.592692836404702e-46
3.5814539029871325e-48
1.1259120024704335e-50
2.359017051867339e-53
3.2941188152394423e-56
3.2848250155990906e-58
2.332507233408636e-61
1.1038633319681003e-64
3.4816824905184675e-68
7.318879010030486e-72
0.0
0.0
0.0
0.0
0.0
0.0
0.0
0.0
0.0
0.0
0.0
0.0
0.0
0.0
0.0
0.0
0.0
0.0
0.0
0.0
0.0
0.0
0.0
0.0
0.0
0.0
0.0
0.0
0.0
0.0
0.0
0.0
1.7286063111287155e-05
0.00015601612811791502
0.0009384787544282357
0.0037623651520240094
0.01005261359235291
0.01790105320856757
0.021245146287486503
0.016804377009029644
0.008858631885142146
0.0032089770983357185
0.0013651584422446027
0.002907789901796746
0.008187816840276176
0.01594590473750078
0.01986649169829124
0.019701896926750676
0.013022030230837367
0.005773066167297361
0.0019730390112462173
0.0018425402753710306
0.005323139080150735
0.012284683608545677
0.019037179238183988
0.019667317796358615
0.013541718867002332
0.006214184886813623
0.00190053600689599
0.00038739104925389594
5.262651486367313e-05
0.00016765716844908146
0.0012766955344842342
0.006815980998758216
0.024393225526587445
0.06027690796058279
0.10663905055503721
0.14429031562376468
0.16287473427735705
0.16443042447796072
0.14930822063235058
0.1146962654801803
0.08399189876044112
0.04063609621199081
0.013803127103502899
0.003202500559992136
0.0005007767884960529
5.245194971128224e-05
3.6697104673355218e-06
1.712831127648055e-07
5.330523503447232e-09
1.1058375310672206e-10
3.046324471184899e-05
0.00024338989529129628
0.0012960164037770603
0.004599387507539768
0.010878551004822623
0.017148401827428293
0.018140356213613974
0.01364506575172634
0.011576493796634888
0.02276924068630052
0.051733108321397325
0.08399454468354485
0.09158668371863161
0.06749322239510062
0.03808342804434276
0.0304870911729655
0.04441699251439127
0.07520288219411309
0.09156078995085731
0.07527420476123944
0.044115114901593436
0.028995798069105575
0.0430337042376508
0.07354251057761058
0.0899855453801182
0.07386409936790574
0.04043195339885112
0.014750927202205314
0.003586719042111975
0.0005812421635624611
6.277669178744604e-05
4.518780955121814e-06
2.1678323968112268e-07
6.9312515877160016e-09
1.476995499186703e-10
2.097626828662885e-12
1.98544945004451e-14
1.2524805426481876e-16
5.265803992875703e-19
1.4755024649230762e-21
2.7554766643456347e-24
3.33530429627518e-26
3.1673411361812084e-29
2.004637119404302e-32
8.455868929989913e-36
2.3771810825927682e-39
0.0
0.0
0.0
0.0
0.0
0.0
0.0
0.0
4.0186566853562905e-06
2.6052274274922548e-05
0.00011256203231659562
0.0003241303945814841
0.000622055505679179
0.0007956463354194776
0.0006782542809775764
0.00038587827564136036
0.00015088129725815107
6.755843555443564e-05
0.00013282764207397238
0.0003484094028997825
0.0006363728544241308
0.000759888166210747
0.0007071324964607253
0.00043856838282533607
0.00018521718240252218
7.529066212264532e-05
0.00011801428106509456
0.00031259642019720917
0.0005941345349456945
0.000755088500331988
0.0006396667211637376
0.000361155162486044
0.00013589877990671507
3.408151101587165e-05
5.696441909788158e-06
6.345561433316465e-07
4.711052903394421e-08
2.331027825089048e-09
7.687028341085167e-11
1.6894722199785306e-12
2.4747149163606304e-14
2.4159105215758117e-16
1.5718752021380465e-18
6.816113728684974e-21
1.9698680754321316e-23
3.7941893774575563e-26
4.87059943377005e-29
4.591897805720849e-31
2.997493186279911e-34
1.3040845304879767e-37
3.781245106918138e-41
7.307106968377166e-45
0.0
0.0
0.0
0.0
0.0
0.0
0.0
0.0
0.0
0.0
0.0
0.0
0.0
0.0
0.0
0.0
0.0
0.0
0.0
0.0
0.0
0.0
0.0
0.0
0.0
0.0
0.0
0.0
0.0
0.0
0.0
0.0
0.0
0.0
0.0
0.0
0.0
0.0
0.0
0.0
0.0
0.0
0.0
0.0
0.0
0.0
0.0
0.0
0.0
0.0
0.0
0.0
0.0
6.156732210074898e-35
4.57935440308441e-34
2.2700728526783818e-33
7.499924350695117e-33
1.6514123144038603e-32
2.4234591458688874e-32
2.4400526721619262e-32
1.9936074863006612e-32
2.5928505463979014e-32
5.680858327760713e-32
1.0477607392252687e-31
1.325243830081598e-31
1.1254455253947791e-31
6.662398608755492e-32
3.7227333843747887e-32
4.0120037967560704e-32
5.846956572566069e-32
6.453298577652089e-32
4.83510360629597e-32
3.2503813087649687e-32
1.6293976314689046e-32
1.64842361776159e-32
2.9182616372745673e-32
4.310726443215952e-32
4.9161670303874937e-32
5.018931298239656e-32
5.572875547958776e-32
6.874077021859301e-32
8.08201895605565e-32
7.801635648112144e-32
5.61483988339501e-32
2.851604385214245e-32
1.0039900962487314e-32
3.0028398182834095e-33
2.6555572938996495e-33
5.18834469286119e-33
7.721524391424234e-33
7.710655864150322e-33
5.18741208451812e-33
2.7684498168459184e-33
3.641395240610969e-33
1.2094465914147813e-32
3.2148701556651e-32
5.7524808976689e-32
6.769500479291804e-32
6.162736233947205e-32
3.7391550950396607e-32
1.5120111543575148e-32
4.074910384158647e-33
7.319184208538458e-34
8.761709327453903e-35
6.990311886079544e-36
3.7169422461042167e-37
1.317214859325246e-38
3.1110642313215373e-40
4.8971440866618264e-42
5.137576894522658e-44
3.592157216646746e-46
1.317956820973266e-35
1.1847781524979058e-34
7.098301472339737e-34
2.8343494363624148e-33
7.542822560294781e-33
1.3378146243628973e-32
1.5813919915570596e-32
1.2458469097468871e-32
6.541410016862928e-33
2.2890728385577697e-33
5.338624816382803e-34
8.298139621822722e-35
1.9147665085675795e-35
1.513455792227964e-36
7.972696009953428e-38
2.799124521468517e-39
6.549690536256743e-41
1.0214118467299556e-42
1.0616040064027369e-44
7.353697404525765e-47
3.3949275437806817e-49
1.0445682292314773e-51
2.1420256324133567e-54
2.9274808485314566e-57
2.666521010119308e-60
1.618741516743479e-63
6.549249704074643e-67
1.765985531085886e-70
0.0
0.0
0.0
0.0
0.0
0.0
0.0
0.0
0.0
0.0
0.0
0.0
0.0
0.0
0.0
0.0
0.0
0.0
0.0
0.0
0.0
0.0
0.0
0.0
0.0
0.0
0.0
0.0
0.0
0.0
0.0
0.0
0.0
0.0
0.0
0.0
2.5731067297681463e-36
2.3490178447835573e-35
1.4292110967561678e-34
5.795461047948453e-34
1.5662502420713722e-33
2.8210829697958552e-33
3.3976753589056824e-33
2.7919937797018756e-33
1.851995133116232e-33
1.853147876650563e-33
3.0647691433945776e-33
4.065710372832923e-05
0.00027411026013900814
0.0012316737737294518
0.003688481796091593
0.007361751321930702
0.009803332474592733
0.008769163418396819
0.005605278604747703
0.0037404443152236483
0.004706234095600698
0.006953005312585607
0.008040965227582861
0.007784646515504555
0.0077997301447992485
0.007982018653338583
0.00718750387736999
0.004712158798784506
0.002107168221291561
0.0006315599444628339
0.00012632810290592417
4.4157211084517023e-05
0.00019796085781742152
0.0009420017579902963
0.0030096905266066426
0.006461963370735482
0.009429835066369565
0.0100098520100383
0.00937513145064083
0.009682612433873437
0.009907728232693173
0.007970952620585938
0.005039738638618018
0.004118174209647148
0.0065715458581134326
0.011170041560895877
0.014960382886067235
0.015120103782536703
0.011525858776573956
0.0079237791041781
0.009228107116298477
0.013722483027567888
0.022759846123443107
0.02801137513712527
0.02774027238185529
0.027432192270731227
0.028086322207703976
0.02407379098265829
0.014803326099911031
0.006201057965394034
0.0017501711921900586
0.00033370654454571567
9.849358154116736e-05
0.00035792215580229765
0.0015174151726811632
0.004346780901978922
0.008359586865814035
0.011077761905040106
0.011120758870472605
0.010615878126605088
0.01117566391780261
0.01085147266271573
0.008456454572077185
0.007302950221634062
0.011389268174659465
0.019412193757850922
0.02403146840901754
0.022265268403140182
0.01418042950656647
0.006020872511244096
0.0017038278755252473
0.0003213477433419923
4.0393039502811284e-05
3.383914528455488e-06
1.8893559540713155e-07
7.030557048738177e-09
1.743601503781903e-10
2.8819489353808328e-12
3.1747305856119624e-14
2.3308215183871027e-16
1.1404932255138945e-18
3.719272073262464e-21
8.083598536088318e-24
1.1709357693975445e-26
9.363964369547084e-06
6.299171034272176e-05
0.0002826446704380059
0.0008706757222515355
0.00188689449702644
0.0030153437425387256
0.003797900468430828
0.004029647109369585
0.0038678008513197706
0.003155313390845228
0.002046011405132764
0.0009858442806742424
0.0003362695555330603
7.889073972355437e-05
1.2533312890341373e-05
1.3376190162884048e-06
9.551728792333822e-08
4.554597408592542e-09
1.4488065397985166e-10
3.0729382424647278e-12
4.3448779046181255e-14
4.094786552562037e-16
2.5721140591360087e-18
1.0768180976529858e-20
3.004565734121314e-23
5.587344629900044e-26
6.925717423355449e-29
6.775635583990143e-32
1.0274741464880645e-32
8.681743534938957e-33
1.1387859646130996e-32
2.1731892551489972e-32
3.38493724596942e-32
3.614044898645652e-32
3.0199961659964296e-32
1.6458405821103658e-32
5.9785185079938824e-33
1.4473915948484052e-33
2.335396748648804e-34
2.5114059384882806e-35
1.799926285451961e-36
8.597537344856165e-38
2.7370010932890694e-39
5.807074785337763e-41
8.211479545405056e-43
7.738681270589041e-45
4.860646672012887e-47
2.0347108155817545e-49
5.676659993491561e-52
1.0555155116792359e-54
1.3080306046038317e-57
1.0803208032297413e-60
5.946605402029747e-64
2.181559442931531e-67
5.3339203886425775e-71
0.0
0.0
0.0
2.817645835176061e-35
2.173010794126427e-34
6.770380294827253e-34
2.6551626140014617e-33
6.939860378348438e-33
1.208904209815055e-32
1.40350703877319e-32
1.0859725512577365e-32
5.600214345519709e-33
1.9247396784807984e-33
4.4088050676423155e-34
2.5826348798926434e-05
0.00019321124655773722
0.0009633483127166681
0.0032012222576272955
0.007089732719931052
0.010475902202479228
0.010387119640747178
0.00725894358760626
0.004816622308584878
0.0054620393171843805
0.007863276622115351
0.009246551389351635
0.009176796358993293
0.009198540807629893
0.009025786434803274
0.007074835133679805
0.004972644565540969
0.0021241434767593718
0.0006084918133777211
0.00012726897294412377
0.00010921405951304559
0.0005452948078808756
0.002090126354783988
0.0053822822990887064
0.009353124230309285
0.011442676136575208
0.011254056857294442
0.011246262358402105
0.012117992002169984
0.012256701653184425
0.01206758418915317
0.01311913154578537
0.014403404909913958
0.013653378918710529
0.010403293041745315
0.006536283693906494
0.0047928845513637
0.0061852470073009425
0.008538861818539571
0.008574977801806717
0.005831423558146249
0.0028000101775071413
0.0017585203483752104
0.0022259718036536044
0.004856072304541815
0.008029657206872593
0.009367977025212611
0.008897284689612319
0.009296350340468672
0.011039201577060644
0.011103461600675012
0.008340457966519495
0.005897114441905938
0.006780292806978085
0.00977711437017942
0.010884768811897002
0.008566269522358637
0.005848606576528827
0.006186284612060007
0.009103765724384757
0.010759307534781215
0.008700361994589427
0.004704283598626611
0.0016959203363624323
0.0004074930990483258
6.525581565324427e-05
6.9646621391685235e-06
4.954073793930037e-07
6.788465469290367e-08
2.4554812196849124e-09
5.919474701371848e-11
9.510673419289778e-13
1.0184059249895814e-14
7.267953062112045e-17
3.4568844148625083e-19
1.0958198208288563e-21
2.315127920800778e-24
3.259810707623475e-27
3.059083414859186e-30
1.9132503662494617e-33
7.975057794065021e-37
2.2155289081686733e-40
0.0
0.0
0.0
0.0
0.0
0.0
7.420521746077567e-07
6.563279478310184e-06
3.868912446156713e-05
0.0001519982030887834
0.000397987611874795
0.0007005521725095243
0.0008315097259808242
0.0009124943684537822
0.0013687481963939932
0.003176581879125146
0.0064738731766081185
0.009486485957477742
0.010469368588679919
0.010353358303975805
0.010420358744218709
0.009412316961188254
0.0063784558112194144
0.00298446897925706
0.0009396095342129888
0.00019840473083759273
3.4319590827770675e-05
4.099721066870899e-05
0.0001492808688542957
0.0003883926492981802
0.0006831023779128711
0.0008473917380747806
0.0008437168252410675
0.0008363910431243912
0.0008735242755478264
0.0008961078761874891
0.0013008047167817282
0.0022224380706035614
0.00488790295010468
0.007825649752275685
0.008452012608295608
0.006093471259455534
0.0029284585579349145
0.00093800748463429
0.0002002426281443552
2.8489741343999184e-05
2.7014818153270874e-06
1.7072500808717644e-07
7.190743279086557e-09
2.0185149686189254e-10
3.776345426523278e-12
4.7086130239401015e-14
3.912873740367873e-16
2.1671063140642063e-18
7.999192510601164e-21
1.9678574178863345e-23
3.359438567241634e-07
2.444044160898308e-06
1.1837566987265176e-05
3.931114886694153e-05
0.0001460113148932596
0.0005560693153333802
0.0021656856329507366
0.004732147681458056
0.011442123513597366
0.0187952411718043
0.020693947127260696
0.01521517993434022
0.007461803159631534
0.002439843895781805
0.0005318106460460345
7.726685054675117e-05
7.482578018860723e-06
4.829691053207847e-07
2.077732659346573e-08
1.5041081326162695e-05
0.00013771160176977753
0.0008403509166761364
0.0034176879759816123
0.009263725786144376
0.01673479974921804
0.02014822986230537
0.016167200416164512
0.008645981370670632
0.0030815932700985634
0.0007320114710023258
0.00011588894377340184
1.2227781532046388e-05
8.598741340664404e-07
1.1693034240407389e-07
4.181354759491118e-09
6.794858106897785e-05
0.00047286373246075575
0.002193177602283147
0.006779429483446658
0.013966707619824978
0.01917681522966091
0.017548519156121486
0.010702519125722362
0.004350238817219177
0.0011784786911389073
0.0002127707464666874
2.5602575085173225e-05
2.053226817066244e-06
1.0974171819756007e-07
3.909202171740601e-09
9.280813710743404e-11
1.4684715182396081e-12
1.5485546903809172e-14
1.0883513405756279e-16
5.097922551474103e-19
1.5914716193194413e-21
3.311205328501257e-24
4.5915172676955565e-27
4.5591482624905773e-29
5.403169808138707e-32
1.9171027573383558e-32
1.620816202164382e-32
1.717427731556506e-32
2.3661439307316904e-32
3.8104763558028583e-32
5.839200705114428e-32
7.395250201041104e-32
7.523332089722792e-32
6.59596421363774e-32
6.044546704457677e-32
6.389512946313004e-32
6.490054166945232e-32
5.341537190818571e-32
3.3484541710162387e-32
1.5784998980172978e-32
0.00015164024896431675
0.0010112964025931067
0.004494940881108488
0.013315303015021429
0.026288128696186863
0.034589942379731405
0.030333432198154882
0.01772861528381072
0.006905730514983865
0.0029399076888918328
0.000582332575778511
7.687586663665195e-05
6.7637961828917295e-06
3.966181167705669e-07
1.5500158246372388e-08
1.5785061102885836e-06
1.2375700156452283e-05
6.468229735660012e-05
0.00022531125552983632
0.0005230724992882299
0.0008093240300453293
0.0008345733867461029
0.0005735723086643291
0.00026272014101196424
8.020106018285775e-05
1.631730375493464e-05
2.2125761940862343e-06
1.9995378094447317e-07
1.2043218176636974e-08
4.83433827130199e-10
1.6483395001065113e-06
1.2749818614433053e-05
6.572737482590317e-05
0.00022582401427320576
0.0005171011550522647
0.0007170453510374437
0.0008349386961480455
0.0006479538915401989
0.0003351314332570119
0.00011552281776791928
2.654006188204572e-05
4.063662554483918e-06
4.1468171996092483e-07
2.820289519179013e-08
1.278362563487454e-09
1.3047562004541792e-06
1.0463903923720347e-05
5.5930983460003215e-05
0.00019924743922179026
0.00047305821569315783
0.0007485451114911667
0.0007894105310617291
0.0005548420929034253
0.0002599066759597713
8.114224452008185e-05
1.6883331462239157e-05
2.341266359935612e-06
2.163839535497117e-07
1.3328486184154624e-08
5.471647977473649e-10
1.4970524624579426e-11
1.0849684948537628e-12
1.5095189824123923e-14
1.3997213217970257e-16
8.6501995431993315e-19
3.562806383631112e-21
9.780022768655552e-24
1.7892418930243163e-26
2.1816234773049788e-29
1.772850389871762e-32
9.601651172873925e-36
3.465782536556347e-39
8.337545985440086e-43
0.0
0.0
0.0
0.0
0.0
0.0
0.0
0.0
3.050291328137129e-35
2.1594087125446317e-34
1.018849242039718e-33
3.2038085223933036e-33
6.71436159627667e-33
8.776695586245458e-33
9.353449149432102e-33
6.643456440979006e-33
3.144835565188367e-33
9.921637169098647e-34
2.0861728441192288e-34
2.9234709515182246e-35
2.7304160374440915e-36
1.699575326433024e-37
7.050721445182985e-39
3.0069456819458063e-35
2.2498891443002987e-34
1.1219693872171144e-33
3.728914706993413e-33
8.259722185669196e-33
1.2193544815765451e-32
1.1997094110127747e-32
7.866901286313454e-33
1.4218715328526924e-06
1.0556128312433643e-05
5.2231260874637534e-05
0.00017224154304691517
0.000378553140338228
0.0005731921487998464
0.0006757281515185435
0.0009961959060809783
0.0016776601808115655
0.0036796605021258305
0.006093728212886063
0.007434284132931536
0.0076030870704783815
0.00757891568204924
0.007004864821887168
0.00505322442629034
0.002562084401280953
0.0008793125061629472
0.00020285779694072823
3.786194359891883e-05
4.028779133189842e-05
0.00013378867361251215
0.0003220556733993714
0.0005296117803927879
0.0006297582298508304
0.000629552807298338
0.0006378362294029472
0.0006587156511147963
0.000768114249217172
0.0014474498266878496
0.003186748317560884
0.005329878550131922
0.006062083892444903
0.00460838552337029
0.003064631449639864
0.0011852285414696742
0.00030550198925714995
5.248176680407474e-05
6.0087554361666585e-06
4.5850299300328213e-07
2.331746709799406e-08
7.90318446595615e-10
1.7852720805663523e-11
2.6877461957020886e-13
2.6968304713998447e-15
1.803435380608805e-17
8.037649665002752e-20
2.387476515497751e-22
4.726403097484432e-25
6.236353429926788e-28
5.6232776958338595e-31
3.719100529556183e-33
7.679015814746425e-06
6.733812630967832e-05
0.00039354830119342406
0.0015329098128523775
0.0039793919295558295
0.006884911680580277
0.007938922829272943
0.006978865689312471
0.00417565309454655
0.0020899935801234333
0.00221966427503418
0.004467976952042284
0.00714782057680154
0.007728810113314998
0.005612998957623843
0.0029267337171314306
0.0019305093290376244
0.0032930814438677917
0.006040686179323137
0.007755717656219068
0.006661214804260009
0.0038140422412831464
0.0014554854567685835
0.0003701795601931597
6.274781328052791e-05
7.088695277033846e-06
5.337225695545961e-07
2.6782207901108706e-08
8.956920797981255e-10
1.99642334272481e-11
2.9657059770601067e-13
2.936196346815332e-15
1.937419398003974e-17
5.4402251054207805e-19
1.8253998072061736e-21
4.082072168927533e-24
6.083939756551203e-27
6.043251680800251e-30
4.0037393998439955e-33
2.710490775248383e-35
1.417100737890558e-34
5.2817534143142615e-34
1.3120145738200455e-33
2.1721046480642886e-33
2.39664869405716e-33
1.762420602387474e-33
8.637663703023982e-34
2.821399401055445e-34
6.142064835059824e-35
8.911396581369817e-36
8.617051617629923e-37
5.553325959825173e-38
2.385224080263139e-39
6.827893725300936e-41
7.092371342139933e-35
5.567360741253592e-34
2.9126534511317208e-33
1.015569888990035e-32
2.3600019657617709e-32
3.3161359015497555e-32
3.9988181628719466e-32
3.591019249957514e-32
3.5069185901941024e-32
5.196736266819871e-32
7.689597292284275e-32
8.252098357631082e-32
6.044435771589561e-32
3.187415427535785e-32
1.6456874170611648e-32
1.3034013320363127e-32
1.1574602753155586e-32
7.716205847629298e-33
3.491592153585836e-33
1.0557259500168527e-33
2.1282288909034727e-34
2.8594935249365815e-35
2.56061650327401e-36
1.6393169572356434e-35
1.108996290246404e-34
5.046600274912571e-34
1.5306390792655753e-33
3.094057445641079e-33
4.1683626634988556e-33
3.742692698076818e-33
2.78033725108234e-33
1.2694591534292284e-33
3.862971753935805e-34
2.1438748799546322e-05
0.00015161369955767043
0.000714593403624155
0.0022447144840987035
0.004699425433785148
0.006562753649199973
0.006135096369816378
0.00394427473557761
0.0020499914152322094
0.001407548495958768
0.0014532961507659392
0.0015128096912583192
0.0015079836293696136
0.0014558045781110879
0.0011739766183531616
0.0006886432096849054
0.0002766930877246968
8.056912793663068e-05
6.561186856641254e-05
0.000309619245475434
0.0012125722212498445
0.0032108435891348894
0.005759129095893079
0.006999555849881451
0.007606213324046784
0.007653293807316665
0.007906830489254198
0.00739882226447958
0.005607575134001146
0.0035949903651812834
0.002328265106145492
0.0017091903543466663
0.0012129623339487575
0.0006726200116339071
0.0002625219944340827
6.951221594618827e-05
1.2338209244960564e-05
2.459044052634982e-06
9.317475455465359e-06
5.662624975201134e-05
0.00023219189441520293
0.0006346054120454863
0.0011559589971937268
0.0014033391434252968
0.001135440541824464
0.0006122766579937103
0.0002200455332792404
5.27058667360018e-05
8.413697820180989e-06
1.9762402364857303e-06
1.6042434258136274e-07
8.679252981738938e-09
2.5057856692485426e-06
1.9649093694311662e-05
0.00010270145233512569
0.0003577604763683946
0.00083059571034996
0.0012851936045820656
0.001325345097080975
0.0009109005075959664
0.00041724818916663857
0.0001273794957069136
2.5917084101722696e-05
3.5144251570857226e-06
3.176171966512067e-07
1.9130894012525364e-08
7.679767482614801e-10
2.0546716329357448e-11
3.663686692458879e-13
4.3538732046242996e-15
3.448377283911516e-17
1.8202679485900027e-19
6.403794942147657e-22
1.5014852136799621e-24
2.3463146421142617e-27
2.5219157367667267e-29
2.0040028880944524e-32
1.0613232119745694e-35
3.746092789421254e-39
8.812333945546532e-43
0.0
0.0
0.0
0.0
0.0
0.0
0.0
0.0
0.0
0.0
0.0
0.0
0.0
0.0
0.0
0.0
0.0
0.0
0.0
0.0
0.0
0.0
0.0
0.0
0.0
0.0
0.0
0.0
0.0
0.0
0.0
0.0
0.0
0.0
0.0
0.0
0.0
0.0
0.0
0.0
0.0
0.0
0.0
0.0
0.0
0.0
0.0
0.0
0.0
0.0
0.0
0.0
0.0
0.0
0.0
0.0
0.0
0.0
0.0
0.0
0.0
0.0
0.0
0.0
0.0
0.0
0.0
0.0
0.0
0.0
0.0
0.0
0.0
0.0
0.0
0.0
0.0
0.0
0.0
0.0
0.0
0.0
0.0
0.0
0.0
0.0
0.0
0.0
0.0
0.0
0.0
0.0
0.0
0.0
0.0
0.0
0.0
0.0
0.0
0.0
0.0
0.0
0.0
0.0
0.0
0.0
0.0
0.0
0.0
0.0
0.0
0.0
0.0
0.0
0.0
0.0
0.0
0.0
0.0
0.0
0.0
0.0
0.0
0.0
0.0
0.0
0.0
0.0
0.0
0.0
0.0
0.0
0.0
0.0
0.0
0.0
0.0
0.0
0.0
0.0
0.0
0.0
0.0
0.0
0.0
0.0
0.0
0.0
0.0
0.0
0.0
0.0
0.0
0.0
0.0
0.0
0.0
0.0
0.0
0.0
0.0
0.0
0.0
0.0
0.0
0.0
0.0
0.0
0.0
0.0
0.0
0.0
0.0
0.0
0.0
0.0
0.0
0.0
0.0
0.0
0.0
0.0
0.0
0.0
0.0
0.0
0.0
0.0
0.0
0.0
0.0
0.0
0.0
0.0
0.0
0.0
0.0
0.0
0.0
0.0
0.0
0.0
0.0
0.0
0.0
0.0
0.0
0.0
0.0
0.0
0.0
0.0
0.0
0.0
0.0
0.0
0.0
0.0
0.0
0.0
0.0
0.0
0.0
0.0
0.0
0.0
0.0
0.0
0.0
0.0
0.0
0.0
0.0
0.0
0.0
0.0
0.0
0.0
0.0
0.0
0.0
0.0
0.0
0.0
0.0
0.0
0.0
0.0
0.0
0.0
0.0
0.0
0.0
0.0
0.0
0.0
0.0
0.0
0.0
0.0
0.0
0.0
0.0
0.0
0.0
0.0
0.0
0.0
0.0
0.0
0.0
0.0
0.0
0.0
0.0
0.0
0.0
0.0
0.0
0.0
0.0
0.0
0.0
0.0
0.0
0.0
0.0
0.0
0.0
0.0
0.0
0.0
0.0
0.0
0.0
0.0
0.0
0.0
0.0
0.0
0.0
0.0
0.0
0.0
0.0
0.0
0.0
0.0
0.0
0.0
0.0
0.0
0.0
0.0
0.0
0.0
0.0
0.0
0.0
0.0
0.0
0.0
0.0
0.0
0.0
0.0
0.0
0.0
0.0
0.0
0.0
0.0
0.0
0.0
0.0
0.0
0.0
0.0
0.0
0.0
0.0
