a = 9.152256958862129 b = 5.080866592568874 c = 9.81166575803802 ,Gaussian ,LMH = 0.08 ,DW = [1.9 1.9 1.9]
0.0
0.0
0.0
0.0
0.0
0.0
0.0
0.0
0.0
0.0
0.0
0.0
0.0
0.0
0.0
0.0
0.0
0.0
0.0
0.0
0.0
0.0
0.0
0.0
0.0
0.0
0.0
0.0
0.0
0.0
0.0
0.0
0.0
0.0
0.0
0.0
0.0
0.0
0.0
0.0
0.0
0.0
0.0
0.0
0.0
0.0
0.0
0.0
0.0
0.0
0.0
0.0
0.0
0.0
0.0
0.0
0.0
0.0
0.0
0.0
0.0
0.0
0.0
0.0
0.0
0.0
0.0
0.0
0.0
0.0
0.0
0.0
0.0
0.0
0.0
0.0
0.0
0.0
0.0
0.0
0.0
0.0
0.0
0.0
0.0
0.0
0.0
0.0
0.0
0.0
0.0
0.0
0.0
0.0
0.0
0.0
0.0
0.0
0.0
0.0
0.0
0.0
0.0
0.0
0.0
0.0
0.0
0.0
0.0
0.0
0.0
0.0
0.0
0.0
0.0
0.0
0.0
0.0
0.0
0.0
0.0
0.0
0.0
0.0
0.0
0.0
0.0
0.0
0.0
0.0
0.0
0.0
0.0
0.0
0.0
0.0
0.0
0.0
0.0
0.0
0.0
0.0
0.0
0.0
0.0
0.0
0.0
0.0
0.0
0.0
0.0
0.0
0.0
0.0
0.0
0.0
0.0
0.0
0.0
0.0
0.0
0.0
0.0
0.0
1.011973911047573e-34
9.574045056043328e-34
6.036749651351993e-33
2.536836119916657e-32
5.272939284755535e-32
1.1267941871845078e-31
1.6047891275621037e-31
1.5232559982617383e-31
9.636279068627794e-32
4.062818195229578e-32
1.141634164406969e-32
2.138001833527212e-33
2.6685216945516353e-34
2.2198056406849367e-35
1.2306674429371371e-36
4.547241509313386e-38
1.1197907560040336e-39
1.8378382394107454e-41
2.0102924298225256e-43
1.4655233389648753e-45
7.120455706252076e-48
2.30570843025438e-50
4.976024774201103e-53
4.796787036102263e-34
3.1459014885654815e-33
1.3750590494686923e-32
4.00570651163358e-32
7.777113774419347e-32
1.0063274671864928e-31
8.678441676105005e-32
6.275922291302109e-32
2.752216284794179e-32
8.043945346072198e-33
1.566885314795751e-33
2.034168185178429e-34
1.760021824124163e-35
1.0149176302299222e-36
3.9005431674227635e-38
9.99081526365337e-40
1.7055258919916433e-41
1.940426751523287e-43
1.4713559098625287e-45
7.435664239589396e-48
2.5043980202852424e-50
5.621710550752484e-53
8.41037108668294e-56
8.385778443812892e-59
5.572539527355308e-62
2.4679961601926024e-65
7.284795250395822e-69
1.433084398914181e-72
0.0
0.0
0.0
0.0
0.0
0.0
0.0
0.0
0.0
0.0
0.0
0.0
0.0
0.0
0.0
0.0
0.0
0.0
0.0
0.0
0.0
0.0
0.0
0.0
0.0
0.0
0.0
0.0
0.0
0.0
0.0
0.0
0.0
0.0
0.0
0.0
0.0
0.0
0.0
0.0
0.0
0.0
0.0
0.0
0.0
0.0
0.0
0.0
0.0
0.0
0.0
0.0
0.0
0.0
0.0
0.0
0.0
0.0
0.0
0.0
0.0
0.0
0.0
0.0
0.0
0.0
0.0
0.0
0.0
0.0
0.0
0.0
0.0
0.0
3.3233219476622853e-09
2.8406681840022183e-08
1.6182668834526714e-07
6.144143276243476e-07
1.5547267485134002e-06
2.6219738421416563e-06
2.947027490383453e-06
2.542858937041667e-06
1.4533850259646766e-06
5.53631308834904e-07
1.4055365749478548e-07
2.378182661898286e-08
2.6818211655432784e-09
2.0155610985010015e-10
1.00958681338058e-11
3.37033382826248e-13
7.498660951797463e-15
1.111926457333002e-16
1.0988792142070526e-18
7.237780386891685e-21
3.177184186390665e-23
9.295246931195476e-26
1.8124290676591528e-28
2.3552805966521635e-31
2.0398857211401568e-34
1.177471949487622e-37
4.529777288380197e-41
1.1614076390330857e-44
0.0
0.0
0.0
0.0
0.0
0.0
0.0
0.0
2.6285938979208107e-06
2.0556610842026565e-05
0.00010714232871557466
0.000372179284596926
0.0008616380322617724
0.001329471623004516
0.0013671457975181769
0.000936983924436918
0.00042798741244052505
0.00013029009495388048
2.6434637132036604e-05
3.5745127792461682e-06
3.221379592308371e-07
1.934855339328326e-08
7.745271494572614e-10
2.066361679301667e-11
3.6741559074628636e-13
4.3540195122950194e-15
3.438782509365594e-17
1.810091777099161e-19
6.35006294112265e-22
1.4846942025950753e-24
2.3135428285510205e-27
2.4820208436805205e-29
1.966747177346652e-32
1.0386594934560187e-35
3.655774528275701e-39
8.575652183906892e-43
0.0
0.0
0.0
0.0
0.0
0.0
0.0
0.0
0.0
0.0
0.0
0.0
0.0
0.0
0.0
0.0
0.0
0.0
0.0
0.0
0.0
0.0
0.0
0.0
0.0
0.0
0.0
0.0
0.0
0.0
0.0
0.0
0.0
0.0
0.0
0.0
0.0
0.0
0.0
0.0
0.0
0.0
0.0
0.0
0.0
0.0
0.0
0.0
0.0
0.0
0.0
0.0
0.0
0.0
0.0
0.0
0.0
0.0
0.0
0.0
0.0
0.0
0.0
0.0
0.0
0.0
0.0
0.0
0.0
0.0
0.0
0.0
0.0
0.0
0.0
0.0
0.0
0.0
0.0
0.0
0.0
0.0
0.0
0.0
0.0
0.0
0.0
0.0
0.0
0.0
0.0
0.0
0.0
0.0
0.0
0.0
1.0920274828729121e-34
7.150704654059269e-34
1.9976828861609793e-33
6.651879936743033e-33
1.4761952471599164e-32
2.18335699468375e-32
2.1522229051738155e-32
1.4139410217468482e-32
6.190944179511134e-33
1.8066084203047362e-33
3.5136032497561203e-34
4.5543138776387335e-35
3.934365877142363e-36
2.2652079615218597e-37
8.692064936277807e-39
2.2228972734634165e-40
3.788762413749747e-42
4.303847750696619e-44
3.258351819007021e-46
1.644071114188167e-48
5.528722229222708e-51
1.2391117950933166e-53
1.850877855232516e-56
0.0033918927042972525
0.02384640016802012
0.11173393597431927
0.34892245206992756
0.5950119044157297
0.9448699849826495
1.0
0.7053578352083084
0.33158932296231625
0.10388985240851417
0.021693382245990857
0.003018998911409574
0.00028001428804785204
1.73092789263584e-05
7.131145679062831e-07
1.9580383290796334e-08
3.583146933575695e-10
4.370082083041747e-12
3.552189444138345e-14
1.9243505687333107e-16
6.94790407665991e-19
1.6718795416698427e-21
2.6812524181724407e-24
2.8658401787691686e-27
2.0414924647904974e-30
9.69226195900569e-34
3.0667901102758447e-37
6.467322421428802e-41
0.0
0.0
0.0
0.0
0.0
0.0
0.0
0.0
0.0
0.0
0.0
0.0
0.0
0.0
0.0
0.0
0.00012644182264261172
0.0011521208769589308
0.0069965975442445
0.02831765513873284
0.07638520206919425
0.13732282318723074
0.16453479830090498
0.1313875913606043
0.06992559719226382
0.024807102802906867
0.005888877909549663
0.0010156112078930966
0.00038649968823815435
0.0003288433927658266
0.00037845315586540246
0.00030487692543313484
0.00016405310280150797
5.8839437732833444e-05
1.4064879185440189e-05
0.0009223916433842597
0.006740085686708343
0.0329020436080769
0.10704755849306334
0.23211992595882078
0.33545141762213626
0.3230936242471873
0.2073999716006138
0.08873001304867141
0.02529961698535932
0.004807716999880817
0.0006088991852332584
5.139648734632825e-05
2.8913657500100022e-06
1.084062132185511e-07
2.708861896173207e-09
4.51129370621975e-11
5.007222489151038e-13
1.988664892657446e-14
1.1224318293836443e-16
4.222210570789152e-19
1.058525566372763e-21
1.7686600381779534e-24
1.969558672746011e-27
1.4617564897457011e-30
7.230406037032903e-34
2.383591844151767e-37
5.237000834189063e-41
8.28632876681083e-35
5.4317829303005e-34
2.373035306681439e-33
6.909514648129493e-33
1.3408260287767995e-32
1.7341188957576795e-32
1.4947441319628234e-32
8.586899736404492e-33
3.287664369492146e-33
8.389191461165683e-34
1.4267053358856354e-34
1.617074441867454e-35
1.2215388638640052e-36
6.149872510597999e-38
2.063509558292306e-39
4.900839260377781e-35
1.9257522156581355e-34
1.0696635936743764e-33
3.95982121405017e-33
9.769795864639989e-33
1.6064860144732323e-32
1.7605564588923525e-32
1.2858920548546003e-32
6.25951402969921e-33
2.030758452643285e-33
4.39093967086931e-34
6.327588367184268e-35
6.077157835187281e-36
4.7180870791581605e-09
3.547453846722345e-08
1.777661651793648e-07
5.936944675619935e-07
1.3214734686824306e-06
1.960358240797459e-06
1.938179453552439e-06
1.27712696972477e-06
5.60861611199656e-07
1.641568094207772e-07
3.202164495611776e-08
4.1630336520501e-09
3.6070964357837437e-10
2.082989752241139e-11
2.4839389262697846e-12
7.294119493997513e-14
1.4275337419358448e-15
1.8620075557017055e-17
1.618668979235472e-19
9.37812888220918e-22
3.6212282454632306e-24
9.319182923370004e-27
4.3205586946886653e-07
3.0520373564679876e-06
1.4368827426695049e-05
4.5085237399286386e-05
9.428203351734321e-05
0.00013140293612234793
0.00012205701534267776
7.556174358786425e-05
3.1176168758964886e-05
8.572846839572253e-06
1.5711184697142428e-06
1.918997246721022e-07
1.5621449073274298e-08
8.475197573040075e-10
3.064501888397725e-11
7.385017071437964e-13
1.1861091659524492e-14
1.2696364108185716e-16
4.922095471222788e-18
2.6792134835314663e-20
9.719549935231779e-23
2.3499928379735494e-25
3.78676600980521e-28
4.066791900489453e-31
2.910830908762779e-34
1.3885564941494022e-37
4.41460324548203e-41
9.354085833819772e-45
0.0
0.0
0.0
0.0
0.0
0.0
0.0
0.0
0.0
0.0
0.0
0.0
0.0
0.0
0.0
0.0
0.0
0.0
0.0
0.0
0.0
0.0
0.0
0.0
0.0
0.0
0.0
0.0
0.0
0.0
0.0
0.0
0.0
0.0
0.0
0.0
0.0
0.0
0.0
0.0
0.0
0.0
0.0
0.0
0.0
0.0
0.0
0.0
0.0
0.0
0.0
0.0
0.0
0.0
0.0
0.0
0.0
0.0
0.0
0.0
0.0
0.0
0.0
0.0
0.0
0.0
0.0
0.0
0.0
0.0
0.0
0.0
7.686999852873336e-08
5.92653551187796e-07
3.045274581544429e-06
1.0428781591444664e-05
2.380248143171503e-05
3.6206992002250884e-05
3.6706603894388825e-05
2.4801475151916943e-05
1.1168436218302227e-05
3.351882392564616e-06
6.704505079298834e-07
8.937709284214116e-08
0.00017926540374610118
0.0012402723057148045
0.005719236657108833
0.01757683998230647
0.03600187169971326
0.049146309235685325
0.04471346089329179
0.02711235308721281
0.01550317640788991
0.004780267439944333
0.0009823477360428297
0.00013454261075308824
1.2281064184475119e-05
7.471257411643799e-07
3.029234862992471e-08
8.18566074506955e-10
1.474198905582139e-11
1.769456847416395e-13
1.4154854686087324e-15
7.546618622258021e-18
2.681519372249349e-20
1.6961594225975675e-06
1.2718509685689342e-05
6.356050351810623e-05
0.00021169957253111622
0.00046993109332855727
0.000695232282301138
0.0006854996328872658
0.00045047020525835585
0.00019729063219724554
5.758752392722631e-05
1.120293703681186e-05
9.109634751406003e-05
0.0007722332522921687
0.002589526370275416
0.011341672394090634
0.03310690827012402
0.06440828465739991
0.08351152013191893
0.0721659932380746
0.04156237396837839
0.015953267460948856
0.0040811306215451934
0.0006958135665486376
7.906546642458952e-05
5.987731679659969e-06
3.0221733542528977e-07
1.0166183908814662e-08
2.279177242634179e-10
3.4054913851201305e-12
3.391275093348854e-14
2.2507528191765106e-16
9.95575346209287e-19
2.9349588217251197e-21
5.766488621654723e-24
7.550964259891347e-27
1.1806234388458776e-05
9.320519582351081e-05
0.0004903999234027462
0.0017196585063750122
0.003168139416582159
0.005649352626359869
0.006713896328753533
0.0053178015492760565
0.002807185873463884
0.0009876242873367743
0.00023157618833115858
3.618908389842863e-05
7.534607487022414e-05
0.0006164957139926735
0.003535911582687275
0.013521836044361723
0.03448849395944361
0.05877405336405042
0.06770536132965156
0.055847323703884906
0.04103055852145154
0.03720608600762323
0.0366291812272886
0.028240072981628977
0.015022411794253131
0.005361245455167858
0.0012767544300704926
0.0002026886909754528
2.1446257349530914e-05
1.5123713534716568e-06
2.0604606121494366e-07
7.388810854031642e-09
1.765901060141053e-10
2.8128057455885605e-12
2.986033413977457e-14
3.204105014004212e-06
2.716829227709331e-05
0.00015356226091408598
0.0005785890677810396
0.0014531706070080447
0.002432880647490807
0.002715063919079104
0.0020197224031753987
0.0010015048736572462
0.0003310256726693238
7.293148431466638e-05
1.0710526233095676e-05
1.0484473723937082e-06
6.841011063368678e-08
2.975292130499167e-09
8.625266077194056e-11
1.6666596781797791e-12
2.146599065019528e-14
1.8428187835296765e-16
1.0544844606198444e-18
2.692794162599252e-20
7.836700587411972e-23
1.5201437009289045e-25
1.9654216048735555e-28
1.693733023587316e-31
9.728611171087367e-35
3.72453419701487e-38
9.504011146610667e-42
0.0
0.0
0.0
0.0
0.0
0.0
0.0
4.284896023601691e-35
3.3897953674047035e-34
1.787262009430143e-33
6.280359644416993e-33
1.470829571151861e-32
2.2957349161335828e-32
2.3881559003702643e-32
1.65571337661229e-32
7.650488889235581e-33
2.3559971905001374e-33
4.835505658920046e-34
1.3429324696915538e-34
1.4015993337370508e-35
9.749338254059172e-37
4.519682660702425e-38
1.3964400483681793e-39
1.7331086704170071e-06
1.1014870064838973e-05
4.6656752848801205e-05
0.00013171377283338818
0.00024781604292882005
0.0003107486096560007
0.000259699144287668
0.00014464831909334679
5.753833594691451e-05
4.1622198263500075e-05
0.00014146092509114766
0.0004564188677458412
0.000995861894233801
0.0014488725187268676
0.0014049147262675745
0.0009079282799282138
0.00039105215065341706
0.00011225336334961729
2.147561422765096e-05
2.7382517503581583e-06
2.326926695697015e-07
3.5899614162422584e-08
1.551321063874003e-09
4.46781463129402e-11
8.575711274666221e-13
1.0970507126059373e-14
9.353298725869972e-17
5.314769749951793e-19
2.0127306126381763e-21
5.0800548076544734e-24
8.545405813291326e-27
9.580287316524512e-30
7.158234544944465e-33
3.564633324142723e-36
1.1830561281941505e-39
2.616841294289169e-43
0.0
0.0
0.0
0.0
0.0
0.0
0.0
0.0
0.0
4.924155100364409e-06
2.0133502270369337e-05
0.00011870035681607529
0.00046640829865979706
0.001221411660874874
0.0021317653699807456
0.002479695147281236
0.0019223777424691839
0.0009932548973931314
0.00034203003816640553
7.849632611382986e-05
2.296057793563089e-05
7.825816260305214e-05
0.0003611374329229119
0.0011278318248575125
0.0023479825557815386
0.0032578294371664275
0.0030126132992430122
0.0018566925004874098
0.0007626374461223882
0.00020877467501306186
3.8090708884902096e-05
4.631715146726189e-06
3.753584329803008e-07
2.027365542073073e-08
7.297926621771913e-10
1.75084811178744e-11
1.1624706199544828e-12
1.4181871485290439e-14
1.1530991547877093e-16
6.248579652503781e-19
2.2567191536007514e-21
5.431943797346616e-24
8.713940071334919e-27
9.316556413633844e-30
6.638620083724877e-33
3.152693570504566e-36
9.978545796737933e-40
2.1049137101167583e-43
0.0
0.0
0.0
0.0
0.0
1.7862489645056257e-34
1.1906806926789002e-33
5.2896895114995785e-33
1.5661977611469512e-32
3.0906125570179527e-32
1.2861255370465087e-07
1.0927100069863885e-06
6.187397639450606e-06
2.335031170878393e-05
4.517692281034267e-05
8.669696241144143e-05
0.00011088496534425938
9.451984415996022e-05
5.369760018363162e-05
2.0331447769980537e-05
5.1305424057799994e-06
8.628589459765665e-07
9.671590031039884e-08
2.6570663146087598e-05
0.00017829842189346457
0.0007976098618454885
0.002378022405940447
0.004725229689553108
0.006257652670798644
0.005523082523484503
0.00324887617053875
0.0012736976083305073
0.00033279826700851424
5.79531874163917e-05
6.72597341280299e-06
5.202529046350861e-07
2.681979346868699e-08
9.21462981847114e-10
5.700146811703284e-08
2.6091169369646625e-07
1.8230208106018316e-06
8.489331836281384e-06
2.634735028449568e-05
5.449817122265003e-05
7.512914750608048e-05
6.902660934860612e-05
4.226746183673982e-05
1.7249533151342143e-05
4.6916982271625456e-06
8.504804659386049e-07
1.0274960572824334e-07
8.273276389468677e-09
4.439728887024894e-10
1.5878772124235813e-11
3.784939395530707e-13
6.012879380629909e-15
6.366307358275606e-17
4.492356987229905e-19
2.1127225458010633e-21
6.622046432129167e-24
1.3833227663013835e-26
1.9259117178875553e-29
1.787025603325832e-32
1.1051130878659938e-35
4.554746575037383e-39
2.0134309574842063e-41
0.0
0.0
0.0
1.762405543061368e-06
1.3616632797672096e-05
7.011567994522727e-05
0.00024062576201206755
0.0005503647909971585
0.0008389589494874648
0.0008523389358486938
0.0005771191601375516
0.00026043551406584604
7.832789718374338e-05
1.5700528697709746e-05
2.0974597463794705e-06
1.8674738996172916e-07
3.944515174829238e-07
3.171876665147574e-06
1.748542571875502e-05
6.425058915314099e-05
0.00015734750123040306
0.000256817217410365
0.00027936369740293876
0.000239247240715223
0.0004415923344362384
0.0012668531715227724
0.0058142983592675435
0.018413553531041356
0.038936249308931796
0.054877361461661354
0.05154849581539306
0.03227159493025253
0.013465001809273245
0.003744328564180025
0.0006939417773770992
8.60062848390373e-05
9.780311741145401e-06
1.7330881902622217e-05
7.02506175348389e-05
0.0001940430309137223
0.0003572839316478716
0.00043844106784806725
0.0003585836831319412
0.00019545706307360914
7.100578974093687e-05
1.719165564863328e-05
2.774106904486948e-06
2.9833913838486367e-07
2.138350129106605e-08
1.0214778446489432e-09
3.2520756069112186e-11
2.607449758105445e-12
4.2213388207541365e-14
4.554765502003021e-16
3.2753927376517276e-18
1.5697926418671283e-20
5.0142126081561745e-23
1.067443134427079e-25
1.5144979181711532e-28
1.4412816473941906e-31
4.324108332660481e-33
1.3011967088412003e-32
2.665194336010468e-32
3.638292575913737e-32
3.31015177464967e-32
2.0071495959143416e-32
0.0005806395588819858
0.003885708530211647
0.01733067063805339
0.05151599174840311
0.10205876515768685
0.134753514847466
0.11857999909979511
0.06954474702398868
0.02718308660747335
0.007081328704818609
0.002305470685719026
0.0007137981204417919
0.0026705957788727462
0.011406886156063426
0.03279402637011148
0.06284383753362792
0.08026259626328905
0.06831988146802655
0.038848194465714754
0.015241633208274527
0.006245265922150061
0.008024338552370336
0.014401521395706314
0.018510260425959404
0.01593297790187798
0.009145824031115036
0.0034997271540359105
0.0008926684116147062
0.00015176372688310695
2.8957235030382808e-05
8.6369459673204e-05
0.0004101996434490095
0.0013178151577065975
0.00282203924753849
0.004027669777739927
0.003831124086623826
0.0029576173622252555
0.0014305957476923572
0.00046118313880119443
9.908580908121227e-05
1.4188322365587761e-05
1.3540421472360657e-06
8.612215065673979e-08
3.6507248202435765e-09
1.0313946601177402e-10
1.9420133313301754e-12
2.437031166935112e-14
2.0382221084518715e-16
1.1361181054184831e-18
1.5261697701439782e-06
1.394354532041969e-05
8.490340866014947e-05
0.00034455502532014883
0.0009319091988874438
0.001679848659299894
0.0020181259355290916
0.0016158755828597072
0.0008622816050440506
0.00034043349905931846
0.00036120487680701865
0.0016546249198197982
0.006238037093859539
0.012113366117398926
0.023394641190657872
0.030181303349921963
0.026297272624995077
0.01639264608042621
0.009194960704297095
0.0065847689329549455
0.005193330628133375
0.0031946204240703015
0.0013522002561411218
0.00038366828693349453
7.262685039542384e-05
9.164284214447632e-06
7.70717593592453e-07
4.3199227770130156e-08
1.6137589799929487e-09
4.0177506912549696e-11
6.666668471852695e-13
7.372525496310129e-15
5.433820105182754e-17
2.6691671902774435e-19
8.738318044593103e-22
1.9066082387328642e-24
2.7725324085816726e-27
2.6870351376770228e-30
2.10041614836687e-32
1.0351532336141594e-35
6.301076461678308e-06
4.6689397245770925e-05
0.0002305702832397687
0.0007588744778246095
0.0016646315024455148
0.0024335922831160194
0.002371150270841699
0.0015397559282406274
0.0006663865758718283
0.00019221272815945383
3.695043829136655e-05
4.734112712825953e-06
4.042398660875189e-07
2.3004947009522235e-08
8.725390673115605e-10
2.2056168631972396e-11
3.7158383614938214e-13
4.172199844960843e-15
3.122158447301856e-17
6.102875063212348e-06
4.4926823049862805e-05
0.00022105225220865157
0.0007264655081648129
0.0016052351708414983
0.0021987759710374614
0.0026163361897506747
0.002300554080795186
0.001635297719227824
0.0009942389371264476
0.000495098483635993
0.00018443586347825902
4.817197043104551e-05
8.552695379322016e-06
1.0194745470798594e-06
8.120651730547715e-08
4.3152549422441555e-09
1.5288151867832923e-10
3.6102698177918197e-12
0.0001009404637133392
0.000735016316669249
0.0035670583463720505
0.011537321486348734
0.02487031716659692
0.035730508866872554
0.034212012904696464
0.02183230556798239
0.009285432201876139
0.0027816640863622035
0.0015885265631253491
0.005366071836052575
0.012157732490911323
0.03001461941645059
0.04943338146511046
0.05426554066444872
0.039725329714184555
0.019530478813103103
0.007020331814146999
0.0033960753410327924
0.003970109597223494
0.004684878239347095
0.003846461782252855
0.0021122420210455263
0.0007744010765879775
0.00019328971090145283
4.176498515642988e-05
2.0842408122920592e-05
1.8670056330662946e-05
1.2933194624759788e-05
1.1906146189318854e-05
4.394732081297828e-05
0.0002015040562056856
0.0006412001611964611
0.0013651681168272661
0.001949322477131389
0.0018880571701617548
0.0012786054936774012
0.0008343175072157126
0.0003693525126902844
0.0001424546757771328
4.661306992578459e-05
1.1686725955986395e-05
2.074057656415906e-06
2.5092020977009593e-07
2.0394079764873212e-08
2.6010083460461695e-07
2.2671076476225618e-06
1.322581328460974e-05
5.1423520698049455e-05
0.00015754665640010056
0.0003981818264581297
0.0010396642112300652
0.0025838937536461315
0.004979321097271095
0.006701279063321373
0.006136398642687776
0.003997931528615634
0.0024298081870961514
0.002226881069212674
0.0024224751427221157
0.002023875283057136
0.0011521314853675188
0.0006329224810880805
0.00018386428045976837
3.560222081660482e-05
4.594576884173174e-06
3.951814083278009e-07
2.2653179881445985e-08
8.654528455877899e-10
2.2036326464043704e-11
5.437117092966805e-07
3.94085552744612e-06
1.9036810536548397e-05
6.128855894358751e-05
0.00013345031832254648
0.00020178879868935093
0.00024385663069172755
0.00031655820803723136
0.0004719848500983716
0.0006066421415355061
0.0005743093106399796
0.0004823618923400324
0.0007194061267398204
0.001606636750655758
0.0028357211929817064
0.0034014786909115084
0.002724745745635689
0.0014549715333344226
0.0007643873658720443
0.0002075651345910962
3.7564452041164674e-05
4.5308666371968455e-06
3.6422273446825266e-07
1.951346394764836e-08
6.967600446812945e-10
1.658111206406405e-11
2.6298175473885983e-13
0.00017751543397687182
0.00135067373768907
0.006855148454157186
0.023211272600700366
0.052440910627274545
0.07907063726761299
0.07958491314420386
0.053484353979736624
0.024006420944969048
0.00719899115122798
0.0014428236350696622
0.00019333948283553742
1.7329064888975703e-05
1.0393686674388707e-06
4.173538619789404e-08
7.4002233949213845e-06
5.670875431530986e-05
0.00017595359743014877
0.0006857593390832952
0.001781258139877165
0.003085169304907924
0.0035702661250227963
0.002803445785987685
0.001646856190525881
0.001069188202954263
0.0010576799786720518
0.0010326266549086668
0.0007269921825084333
0.00034518441578167223
0.0001094185052606461
2.312152084843585e-05
5.339941674656511e-06
1.7543637191595126e-05
9.506925689184111e-05
0.00034930259233950737
0.00085552057082223
0.0013965021908863898
0.001519267842287433
0.0011015611677139268
0.0005323097712353252
0.0001714359139272943
3.6797704194129346e-05
1.0529333026539595e-05
1.971281879589928e-05
0.00012383812317546478
0.0005498521152654742
0.001628193108245554
0.003213295045138525
0.004226461127336966
0.0037049700539017807
0.0021738166618607475
0.0009026398546476658
0.00047681506935941216
0.0007802050107031379
0.0014275300866142735
0.0018186586951725603
0.0015483606818296077
0.0008787094282094129
0.00033235654524524215
8.378089382988593e-05
1.4075612634035978e-05
1.5760542865014255e-06
1.1761334096012642e-07
5.8495647064474804e-09
1.938974332768176e-10
4.283533020075247e-12
6.30686777745512e-14
6.188806176140248e-16
2.2641394843698805e-17
1.1297930896694917e-19
3.757302814938293e-22
8.327890954261539e-25
1.2301991144284971e-27
1.211148340452902e-30
7.94695611959791e-34
3.4752483014872594e-37
1.01286697897371e-40
1.3043170485874125e-05
9.920775516060642e-05
0.0005274934767639867
0.0019572253595395565
0.005591747261434047
0.013381819343104288
0.027153314666067373
0.04333327122122245
0.05007352492580562
0.03993610224879536
0.021522436088222532
0.00777185469418976
0.0019008267829591322
0.00047965524094327065
0.0008313078490225382
0.0023907483409150027
0.004758714396638744
0.006013932703587852
0.006092930923765523
0.004114113685632827
0.00185143252764174
0.0005552915174460908
0.00011099814917756824
1.4787405539723779e-05
4.38737200202522e-06
2.445678797174721e-05
0.0001288439968767376
0.0004538076257306086
0.001170358408426412
0.00241911088911489
0.005329363730579132
0.01263299410843547
0.02478302343383819
0.034402161045535534
0.032274747651927775
0.020258906755228415
0.008540602769368176
0.002540787154645195
0.0007236500780819784
0.0003534852571910534
0.00021364589493790473
9.770219177485672e-05
4.677902995736964e-05
1.1077427147681842e-05
1.7490960494747373e-06
1.8407475629393028e-07
1.2910980436383146e-08
6.035400554192965e-10
8.483422781895557e-07
5.3745407738111776e-06
2.269356491275863e-05
6.386246327181871e-05
0.00011985370697519078
0.00015029051187905246
0.00012753526742202798
7.843859657681786e-05
4.566120211816834e-05
3.5441347728617e-05
3.29713172512157e-05
4.45217432482966e-05
0.0001307148907464756
0.000386364761186286
0.0008007515812191906
0.0011115534084576433
0.0010412771879569713
0.0007172064974321287
0.0006192301406200689
0.0011056160031956046
0.0016971063937490166
0.0024585750877307677
0.0024020038102973863
0.0015659984406564337
0.0006806051995596352
0.0001971704662326576
3.807371858243534e-05
4.900533469683387e-06
4.2043052941165073e-07
2.404231147301512e-08
9.164053219277133e-10
2.3282347188874712e-11
3.942685243850108e-13
4.4502263374712926e-15
3.348075485701074e-17
1.6789202955559878e-19
5.611580596808522e-22
1.2501417300130708e-24
1.8563116789081117e-27
1.837210234724489e-30
1.2119421410079709e-33
5.328669510945366e-37
1.5615949222523599e-40
2.920765470713192e-44
0.0
0.0
0.0
0.0
0.0
7.106460325662303e-07
5.263591996667722e-06
2.5983200718009974e-05
8.548395887860637e-05
0.00018743822089553494
0.0002739133682116005
0.00026677790110203636
0.0001731681521332697
7.49148202987178e-05
2.1599764183081758e-05
4.198537830377435e-06
9.243438948682383e-07
2.1906401021515404e-06
7.811601213083168e-06
1.894502513768728e-05
3.0631687454874167e-05
3.30088489392253e-05
2.3706717278492288e-05
1.1347338473335077e-05
3.6199131132660677e-06
7.696332675044602e-07
1.0905637691557261e-07
1.0299113568055878e-08
2.3924664741329166e-07
2.0510976010800326e-06
1.603224073326388e-05
7.608875552789389e-05
0.00026540530839378693
0.0006816861500918614
0.001269192475589277
0.001672427376801584
0.0015257448228567067
0.0009485813394278287
0.0003979689040204843
0.00011203118915370068
2.1095053083481767e-05
2.6523921587893893e-06
2.2249350819259657e-07
1.2445465483416577e-08
4.640973530394716e-10
1.1535944345424712e-11
1.9112291172501193e-13
3.463214173753564e-05
0.0003239359003671552
0.002019390743349951
0.00839002372559672
0.023232051668637444
0.04287432928448312
0.051488521840571504
0.048325301348963484
0.030246525358820702
0.012658449751998896
0.0035949831348881358
0.000746655032477833
0.0001480230116692831
3.786301654774721e-05
9.945513568113031e-06
1.9702488772285155e-06
2.66640969291538e-07
2.4158781877534853e-08
1.4600135925471198e-09
5.881435849319305e-11
1.5790746446269238e-12
2.8255664324859764e-14
5.291813612516818e-09
4.7828401732184e-08
2.8810365868782964e-07
1.1566267354599765e-06
3.094704798413193e-06
5.518572824494273e-06
6.558691798122551e-06
5.195162093957475e-06
2.7431917406844877e-06
9.673147657214223e-07
5.124817878515354e-07
1.0450005871389558e-06
1.54624734863465e-05
8.595834999339176e-05
0.0003407750415132584
0.0009404645571058795
0.0017751962126488574
0.0022660468633436434
0.0019432694884310006
0.0011154122642071385
0.00042766759585906403
0.00010941601149824398
1.8668626319903897e-05
2.142704498257271e-06
3.2926570795569264e-07
9.950350051299548e-07
3.8584986828870685e-06
1.0052753581381144e-05
1.745675805880367e-05
2.0203376547607452e-05
1.558353117135927e-05
8.011048076157228e-06
2.7446966373895137e-06
6.267306159844802e-07
9.5378177412635e-08
9.67383500746936e-09
1.6793168305029652e-09
8.66133582321468e-11
2.9772730274869347e-12
6.820779286418311e-14
1.04143190407737e-15
1.0597643547965864e-17
7.18735814038326e-20
3.248709004432705e-22
9.786646161328133e-25
1.9648912070583925e-27
1.0088269343892012e-08
9.366661833750224e-08
5.796082541160573e-07
2.390373856141284e-06
6.57020086493958e-06
1.2035745950004761e-05
1.4694300782525326e-05
1.1956563831632694e-05
6.484035684965674e-06
2.3435053759364197e-06
5.64505347225102e-07
9.062577097943142e-08
1.4041023239154965e-08
4.1019199604866915e-08
2.495219605470167e-07
6.710987323089269e-07
2.1453254097172978e-06
4.749107594845229e-06
8.21890041807817e-06
1.4303534485411852e-05
8.944455329956307e-05
0.000545417946859692
0.0027380207038949366
0.00964825300343938
0.022936511992599266
0.03644311408654939
0.03861621287619171
0.027275412361096492
0.012840140542277086
0.004028592230094608
0.000842401653137831
0.00011739966231056043
1.0904256956697483e-05
6.750048054822572e-07
4.431613368394861e-06
3.7629984045205844e-05
0.00021429292415390752
0.0008133396731481653
0.0020573949006985766
0.003468525642867907
0.0038972091029412436
0.003361969487190551
0.0019209017249118346
0.0007314726186240576
0.00018616972088199448
3.536534929370638e-05
3.273512122735285e-05
0.0001368801279596677
0.0005009621365234751
0.0014023598651940745
0.002856465764863144
0.004065999689055479
0.003947451120714098
0.00258157907164923
0.0011306493298537407
0.00033073895754327543
6.454143516731388e-05
8.397633378160149e-06
4.8730398458798274e-05
0.0004064867243421068
0.0022936376430130476
0.008626391670204386
0.02162297216532441
0.03612294550508337
0.04021911137651498
0.02984443310579293
0.014759639332036464
0.007367467229220429
0.0018528198905349437
0.00031805029366448786
9.246613387114967e-05
0.00029914903492204086
0.0010146911115864485
0.0023135980404085594
0.0035185564225415
0.00358580496258828
0.0025295343109037302
0.0015417070244343896
0.0015952887675368774
0.0027022340654945707
0.003998729633736057
0.00425664747846608
0.003122986640808754
0.001555282630053598
0.0005251941107746121
0.00012453665423575464
2.4706442477849947e-05
5.987658957537513e-06
1.7572358298941654e-06
9.314894757874714e-07
4.669872176272157e-06
2.7948414253970855e-05
0.00012195129446654683
0.00026332842095586154
0.0006548099520945356
0.0013024585378982282
0.002157095340287015
0.002854676025047812
0.002795888448913498
0.0019157396262288252
0.000892621822931588
0.0002794011370959984
5.956649088274556e-05
1.5129529105041788e-05
3.015518524603347e-05
8.27173943127076e-05
0.0001549563722367683
0.00019357108280178588
0.00016116038493424353
8.942475855505926e-05
3.307035120916772e-05
8.150821575099168e-06
1.338891898588815e-06
1.4657880923506798e-07
1.0694941491579489e-08
5.200764456797346e-10
1.6855339523473226e-11
1.6188314691971464e-05
6.510639410515674e-05
0.00037446217368524516
0.0014354028808320502
0.003667087065276549
0.006243817163025001
0.0070853397712944905
0.005361158009879531
0.0027189059883373887
0.0009913754513217788
0.0004660172243634184
0.0005785852693496857
0.0007654732549913007
0.0007110578934846685
0.00046550890444542204
0.00032192604464535343
0.0005299236599076681
0.0011008169144877736
0.0016570481711078939
0.001674570402965207
0.0011368571610873635
0.0005686012582274679
0.00045715873930793295
0.0010382490731323307
0.0022223222186067127
0.003259911424748711
0.0032268032616780593
0.0026244003405300463
0.0016076907259011189
0.0011129355939202147
0.0009883198722509068
0.0007880730455498193
0.0004670453473610549
0.00021347715570323254
8.842594237002528e-05
3.891263201501383e-05
2.517673209660598e-05
3.4811915738643087e-05
5.819722265593847e-05
0.00010700054838778828
0.00025287553157887603
0.0005765030810378477
0.0009796401489165756
0.0011605470770732118
0.0009564344996902048
0.0005552665705223065
0.00023007327643675399
6.95896940659729e-05
2.3727569735231684e-05
4.9157074316627915e-05
0.00016170088985067378
0.0003727164509249684
0.0005822980729651773
0.0006389221603182949
0.0006035694318249056
0.0007031630111438309
0.0013038869267929492
0.002265410749294852
0.0027832758380862102
0.002297944829628433
0.0012660456191125086
0.00046527838452833773
0.00011439574887712594
1.9125667906520778e-05
2.353694415102142e-06
2.781083086130391e-07
4.151580293516694e-08
6.223008670713132e-09
7.00171250530204e-10
5.3805948518981995e-11
2.768523914257944e-12
3.1156020968842655e-08
2.36463992694293e-07
1.1961094292078886e-06
4.032351308128715e-06
9.059982480859913e-06
1.3566814974886659e-05
1.3539729703051793e-05
1.0792753286288389e-05
1.57638719048439e-05
8.306880301993336e-05
0.00042778009612941416
0.0014988212970020204
0.0035030738236978597
0.00545691172385767
0.005665351085985394
0.003920020224178482
0.0018077207211788275
0.0005587028883968298
0.00014043777214771158
0.00016749008344371207
0.0005792311508123662
0.0014644588149967325
0.002473403050847472
0.0027843151392094893
0.0020889435273359343
0.0010446162608581141
0.0003487006884610144
7.964577960048133e-05
1.7313306223208935e-05
1.0955575042719196e-05
1.1038318090842332e-05
8.156345825856817e-06
4.040768631130435e-06
2.0198095825765566e-06
5.090294692775436e-07
8.549846951373272e-08
9.57095742595598e-09
7.140588088356237e-10
3.5505376828481226e-11
1.176618898719067e-12
7.629654479194178e-08
6.536375967928621e-06
5.488817261444261e-05
0.00031295959899469117
0.0012010681696654224
0.0030878334127195563
0.005305593140123506
0.006091802439730789
0.004716909365265896
0.002672362416043531
0.0017345258667053852
0.00212901686452251
0.0028074737112555896
0.0027099200303828145
0.001796905862558695
0.0008115510708427516
0.0002489280269514474
5.1720436927032375e-05
7.68582789525914e-06
7.303962696833942e-06
4.180968693827734e-05
0.00020240048356433477
0.0006570900470880537
0.0014278896279124934
0.0020794550877940537
0.0020335056480857037
0.0013403972595335087
0.0006064717557129737
0.0002431311670988966
0.0003014968095406377
0.0007682965819632688
0.001520631783178843
0.0021220680185376883
0.0021125000631239234
0.0015187881226189854
0.0007898660052679695
0.00029537669913304516
8.381307838121485e-05
3.3247205694597445e-05
3.7416711637646003e-05
4.407031843404974e-05
3.6242385827252535e-05
2.0614419776604928e-05
9.299731818518288e-06
4.837876484686755e-06
3.6925373147462253e-06
2.368121549532203e-06
1.1245037247774278e-06
3.6287147154275204e-07
7.830298708923532e-08
1.1267601502409355e-08
4.565117229249591e-09
2.375622127506661e-08
1.073221356840747e-07
1.976313046009391e-06
1.441409066189382e-05
7.760934482363804e-05
0.0002871133469727083
0.0007152347785695526
0.001193446281509413
0.0013318414603243937
0.0009934278054071597
0.0004953689128232553
0.00016701707023656777
5.060570079503832e-05
6.198748672051728e-05
0.00016164688604822504
0.0003283059898268616
0.0004830897120356486
0.0005130435469356065
0.0004437812577034995
0.00026945325679538363
0.0001183986818583132
4.0100593144451306e-05
1.175936718895829e-05
3.171940365046944e-06
7.204309794491848e-07
1.217171834848402e-07
1.4272921023646684e-08
1.1307119345545692e-09
5.996259026081544e-11
2.5513514474877634e-07
2.195918683451749e-06
1.2596426648389032e-05
4.815706698478587e-05
0.00012270273489426017
0.00020836751165853804
0.000235823627883568
0.00017787961272676953
8.94224536963249e-05
2.9960464195967073e-05
6.690091251046912e-06
9.95627980518197e-07
9.875149820409304e-08
6.850987054321677e-06
4.879675361296759e-05
0.0001442742432343725
0.0005587823589418919
0.001535524183978477
0.0034122564388855904
0.006835632382845165
0.012033169176552214
0.01645408788433842
0.015947165663211842
0.010539098384368756
0.004763622895861104
0.0017379342203159
0.0010803880894813963
0.00124321154591526
0.0012048883079815728
0.0008004038714482653
0.00037430695168260856
0.0002034914224505305
0.00034438984750086854
0.000759215826860229
0.0012516100008121136
0.0014408859710193975
0.0011375871805710796
0.0006091420192674684
0.00021965323680904727
5.310685616462907e-05
8.724697520722432e-06
2.6139482451086274e-06
3.702650058004265e-06
1.448994551218972e-05
3.962435937082047e-05
7.295092863929694e-05
9.162515636310266e-05
8.097240959931551e-05
5.332460805489081e-05
2.809025183130236e-05
1.4534381019482631e-05
2.38990319964375e-05
0.0001116400466301887
0.0004135612722916223
0.0010306154984824057
0.0017139644408815905
0.0019018281714301693
0.0014086591525347002
0.0006973709978606722
0.00023155404594049514
5.375516763990208e-05
2.1020739545381093e-05
6.593424881200036e-05
0.00021820179926955726
0.00048772389977827974
0.0007268182877434444
0.0007569622138448387
0.0005741384142955721
0.0002925085527459475
0.00010693338047743501
8.693213130429604e-05
0.0003161453073973056
0.00123140431942601
0.003428430442114835
0.006458469387663012
0.008137181937532646
0.006839230824556985
0.0038368206846422343
0.001454404245568266
0.00045423685760494616
0.0004495675367945475
0.0016291411492319683
0.0054212924538303104
0.012690540640298733
0.020030355278102513
0.021125045508180586
0.014857439748963171
0.006966648837332839
0.002186656047165563
0.0005056323473227867
0.00024496904070748046
0.000436146387236571
0.0006174979341907844
0.0007672178638230561
0.0006495965113236583
0.00037658829795036335
0.0001646881259798361
0.00010873342329490002
0.00017744387306287574
0.0002763170539830768
0.00029656845723298805
0.00021269796776108175
0.00010169216017992733
3.2404904400584754e-05
6.882114598725818e-06
9.741316469836684e-07
9.189597777828214e-08
5.777736025834684e-09
2.421033754084052e-10
6.761230632210308e-12
1.2584394143760322e-13
1.561063167214983e-15
1.2905957129440636e-17
7.111177551244474e-20
2.61140590546693e-22
1.2988458159480937e-06
1.1590565059548386e-05
6.691623837793171e-05
0.00017289831210513156
0.0005180874511221609
0.0010537585628465434
0.001462836267268163
0.0013944216139028514
0.0009189909153153094
0.0004236936902323776
0.00014184896446963304
4.015294503125736e-05
1.9111877484840185e-05
3.313723018012146e-05
7.130137491933175e-05
0.00011043929194400547
0.00011497316868209753
7.984963909077152e-05
3.696413985381745e-05
1.1404484950787268e-05
2.345054785162687e-06
3.213748897826781e-07
7.612003505798716e-07
5.705369409111306e-06
2.9677479227170155e-05
0.00010294758742718944
0.00023858109094595563
0.00037041639996449255
0.0003986341092882702
0.0003225756013268585
0.00018095960719903743
7.558218770729413e-05
3.5022061431817035e-05
3.847225527686554e-05
5.564920012044836e-05
5.9797984914578406e-05
4.4458591996235934e-05
2.7863218569056277e-05
3.089289274620852e-05
5.847376433711154e-05
9.933009637432448e-05
0.00016767915392274253
0.00035340384038188644
0.0007298331263170598
0.001143777892132434
0.0013307278531046768
0.0015621379748821506
0.002741496668898349
0.0051466407191652075
0.007176359083815247
0.006785365409701236
0.0042868361749380125
0.0018212605058205485
0.0006330282816292457
0.0005793326423383071
0.0016968446796342942
0.004597622292287094
0.00842991527433949
0.010334957269388193
0.00848891847213168
0.004695565190517572
0.001769285306130317
0.00046599244024337494
9.202080907062933e-05
2.7670989289387376e-05
8.1130953678441e-05
0.0003076850978064637
0.0007948754759475883
0.0013694389525888188
0.0015724713204214318
0.001203508989233691
0.0006144882739246542
0.00021093776745489045
5.206952455395838e-05
1.3794139282243027e-05
6.8655506501543695e-06
3.8311355638706025e-06
1.5536616975894203e-06
5.652560937191202e-07
1.0673746261751044e-06
2.9164017785286367e-06
1.0337490295117456e-05
2.4579511045567805e-05
3.895705236580577e-05
4.1151188915942744e-05
2.8970786300010283e-05
1.359313805068813e-05
4.25070260107107e-06
8.858970635520918e-07
1.2305162455190178e-07
1.1391292129510322e-08
7.028136300661856e-10
2.8899405549376493e-11
7.919890769757939e-13
1.4465419154078515e-14
1.7608582689237578e-16
1.428562770942957e-18
2.6400619787550078e-06
2.4148995245069066e-05
0.00014721957429685982
0.0005981548071639247
0.0016197320856874032
0.0029231716728991496
0.003515984937029222
0.0028185482179272177
0.001506029206996595
0.0007919513899659332
0.00021709161155378001
4.397479002134445e-05
1.2811643768488023e-05
9.074442023794345e-06
6.232638768515018e-06
3.8008958621675824e-06
6.555475960514578e-06
2.516056462871731e-05
7.3970826086949e-05
0.00014605815946684694
0.00019255615843698158
0.00017000812778814872
0.00010187305956860377
4.5121569460013545e-05
2.3868385350935507e-05
2.6789572287329417e-05
3.3301682747268015e-05
2.9898812357163486e-05
1.809280221318818e-05
8.232424230663431e-06
9.970883177883792e-06
4.665905472536266e-05
0.00017864580749628027
0.00045912761447240556
0.0006876890001698378
0.0008989540572191414
0.0007832163671756774
0.00045491127496978155
0.00017643602891979373
4.6218761438604094e-05
8.805131737437754e-06
1.6999778577911132e-06
1.7597793940131003e-06
1.095264237861144e-05
6.168156774799443e-05
0.00023461513330644236
0.0005950807164430887
0.001005975354245825
0.0011333956106969107
0.0008510637152156144
0.00042594464595984387
0.000142134969000808
3.168739527470632e-05
4.777068084863438e-06
5.209543868590536e-07
7.041597511702197e-06
5.9327582273759316e-05
0.00033562185095326947
0.0012655455285491472
0.0031844710955830254
0.004707073246682871
0.006069507644000917
0.005348734478919868
0.0034329498097029317
0.0018871964091244223
0.0010677158878938625
0.0006050754168605885
0.0003647025840726864
0.000398045242591497
0.0006296837838088433
0.0008022182147986949
0.0007086375503818878
0.0004344455956104684
0.0002053730811644479
9.975623264303389e-05
5.81947214865966e-05
3.092709629391467e-05
1.1939096723982092e-05
3.128765051447969e-06
7.972088613830786e-06
5.5816330513745674e-05
0.0002796718602878849
0.0009361393302292276
0.00209960859364085
0.0031844155573462003
0.00334231233402949
0.002895895953933799
0.0019930851057522038
0.001414486655711854
0.0011771466308585154
0.00094606368108637
0.0005943015263999153
0.00027060876544290804
9.309604760242115e-05
2.8680304786167536e-05
9.213872598382607e-06
2.7371036248753916e-06
6.171058850651487e-07
9.628769723369346e-08
1.0111665343036888e-08
7.094673832766771e-10
2.5826807874907635e-07
1.863229703127543e-06
8.994074360651206e-06
2.895630026010019e-05
6.245977218538183e-05
9.082414826270277e-05
9.017830094191691e-05
6.26873718155806e-05
3.183721880296307e-05
1.247276593387025e-05
6.823528450941401e-06
9.501639212514272e-06
4.546482354470692e-05
0.00017986765910569632
0.0005012137195000909
0.0010916910864814011
0.0021111995000253443
0.0037019841615912393
0.005240839475851179
0.005362995457403938
0.003767688218282702
0.0018065338784705202
0.0006918432645625015
0.0005393075471569791
0.0009876543598016235
0.0015559275255328533
0.0016957599135153116
0.0012510328262476775
0.0006231543748144969
0.00020987229712009358
4.794571919915739e-05
7.461159409298903e-06
7.94446299541044e-07
5.810712732262605e-08
2.926917978434895e-09
1.015909849152486e-10
8.783402552256824e-12
4.3920093161790795e-07
2.8172926036843256e-06
1.2044322243234053e-05
3.43173960074618e-05
6.51670158891666e-05
8.249368654411015e-05
6.968902889420917e-05
3.964677450575299e-05
1.6233764794102612e-05
1.2475373862231553e-05
4.259970462514972e-05
0.00017133213491198027
0.00049613668550144
0.000970649226566423
0.001268973968882653
0.0011062414793600569
0.000642795698944689
0.00024893515090580813
6.425142206184873e-05
1.1052515852428226e-05
1.3128314405947711e-06
3.863947627016834e-07
1.2277845453321854e-06
3.441840726834842e-06
6.4557646918848225e-06
7.849769251867242e-06
7.593042794542922e-06
5.499879949440248e-06
5.177833634546831e-06
9.574662121674819e-06
1.7444798909698583e-05
2.281272088960768e-05
2.0811995060064946e-05
1.3626697125895132e-05
7.568043568361657e-06
7.016331542503103e-06
1.2219058168659625e-05
1.8589288058411957e-05
1.9483492049166003e-05
1.365981271019602e-05
6.385369075923644e-06
1.989437234090729e-06
4.131032460832596e-07
5.717008476142796e-08
1.4865646137343246e-07
1.056341086897916e-06
5.183528385434712e-06
1.695740556160501e-05
3.697225803557002e-05
5.3724712611606154e-05
5.2029993889598544e-05
4.065129803464456e-05
2.001965881706436e-05
6.5808448917301145e-06
3.5767466943128768e-06
1.799796306183644e-05
9.00012186947125e-05
0.0003105240249152729
0.0007320954874789352
0.0011802022019453493
0.0013010924630399087
0.0009801330373957885
0.0005037167531821701
0.00017621174351803475
4.184984250120007e-05
6.729519774883569e-06
7.3076185574027e-07
5.346236548495523e-08
2.629764339427656e-09
8.682399772760897e-11
1.9213560995940825e-12
2.8466142438186356e-14
2.821030621464539e-16
1.8686656054014006e-18
8.268958896760796e-21
4.08286352662667e-07
1.5561749422436994e-06
8.64197678076879e-06
3.261935560516255e-05
8.905214337420183e-05
0.0001879119409542305
0.0003230967026332222
0.0004471919148570676
0.000467548872721565
0.0003477118158416986
0.000177622397155816
6.231743055941403e-05
2.251898494362647e-05
4.89707987837423e-05
0.00017604642614842296
0.0004406324451050415
0.0007359586488428445
0.0008193369632161323
0.0006083176247837816
0.00030246911964541514
0.00010389682781526403
2.9881781346568918e-05
1.2251831112218144e-05
7.051427221730488e-06
3.381365820150801e-06
1.2729032254933847e-06
1.1307786924137445e-06
2.210750234959103e-06
5.733898468101087e-06
1.2444924182701304e-05
3.0466736529986055e-05
0.00010699270402425424
0.0003613571813511451
0.0009137438680128935
0.0016577200525260982
0.0021605516800650222
0.002023163621659497
0.0013511218453271608
0.0006455720688479477
0.00026247791832254675
0.0002027136337800915
0.0002926825766080371
0.0003493536628197821
0.0002867740478520813
0.00016087350550466058
6.64607202986844e-05
3.156538357306345e-05
3.0355571411954157e-05
3.2376254195281967e-05
2.499116794160621e-05
1.3018055159758935e-05
4.534770512689889e-06
1.054471623376346e-06
3.1843314637116677e-07
3.770168218911786e-08
2.9761170503954417e-09
1.5661011203236564e-10
9.501508766894135e-08
7.943298431803916e-07
4.426043752105445e-06
1.643660596599671e-05
4.0680860769699845e-05
7.25640761376981e-05
0.00011484998542433746
0.00026002957498538136
0.0007147458411135765
0.0015417310037045171
0.002277671597107924
0.0022517652704462164
0.0014845601745712125
0.0006523977746249982
0.00019120882156742545
3.794950757485194e-05
7.327048425982125e-06
7.128304385175814e-06
1.4309512736230294e-05
3.083426580707935e-05
9.606544147041603e-05
0.00021250324902145177
0.0005564913719560036
0.001000530541506976
0.0012045208745876676
0.0009676901621833435
0.0005219483723235977
0.0002077864771173453
0.00012641215269118916
0.00020531975560935577
0.00032687681915084105
0.00039377300211359005
0.000419401686912547
0.0004799343179718275
0.000532811320680419
0.00045882271373774616
0.00027513642140687233
0.00011125091119276601
3.0076324497464487e-05
5.424139161976591e-06
6.521469283809927e-07
5.22618370066635e-08
2.7913924799854326e-09
9.936752686436417e-11
2.3575007387700636e-12
3.727705686948287e-14
3.9283781685993615e-16
1.5071692111762144e-17
8.076746384542777e-20
3.140989604862558e-07
2.781009348178919e-06
1.646874428186138e-05
6.519425730371039e-05
0.00017244306840447101
0.000304697199280225
0.00035969292506362726
0.0002845159043641958
0.00015347794018057124
6.352826562362469e-05
3.814821736946432e-05
8.086693184164375e-05
0.0002471829871289563
0.0005895380771590355
0.0009834726630509074
0.0011263303165415992
0.0008824192709547742
0.00047378487543462517
0.0001760715089941267
4.650724036477637e-05
1.0037451474219547e-05
8.398916408224795e-06
4.668523673553654e-05
0.00019627035411016308
0.00042612081127692877
0.001043495131191279
0.0019109836409161903
0.0027218091284634946
0.0031780694893971824
0.0031558173964292436
0.002596384919208226
0.0016430402459498405
0.0007473499388754222
0.00023477264598261588
4.996268440663038e-05
7.141321286466015e-06
6.829604610920729e-07
1.1861906095213306e-07
6.878996929392938e-07
4.182788563601087e-06
1.699624806631229e-05
4.612815450341886e-05
8.493966516223894e-05
0.00011075564032233584
0.0001234316953974178
0.00016146110140036958
0.00023626400920644903
0.0002820373812959582
0.0002367385589601272
0.00016974194174002076
7.470579472667665e-05
2.8131997695244707e-05
4.361618233051766e-05
0.00015603376946366748
0.00041619135151938765
0.0007630241284502032
0.000970700234401871
0.0008688577219202583
0.0005534394922988783
0.00025194402626245926
8.157255544505032e-05
1.8565585316602e-05
3.2589223599571093e-06
5.3425616092556365e-06
3.409907536496755e-05
0.00016337027686142002
0.0005429959821338936
0.0012768623108061008
0.002176729360508437
0.002830029821404216
0.0030881833640813605
0.003228621777109421
0.003420076020365252
0.003327950470140987
0.0026604933722056815
0.0020315011932093958
0.0011731140716962705
0.0005875374364468195
0.00024967811326107676
0.00010839824559212695
0.00011884864974794194
0.0002310341813836172
0.000356837633232449
0.0003816943992907135
0.00028478902365116444
0.00016525059007757386
9.897680126983187e-05
7.207494106486619e-05
5.811607835008862e-05
8.171558111939543e-05
0.00019152233641918392
0.0003752500041069455
0.000503848328938271
0.00045226868286907447
0.00027074738360044
0.0001085797801737224
3.2370272526405993e-05
2.363813638333861e-05
7.23856017251902e-05
0.00019321984014764574
0.0003538152635839277
0.00042794621318195176
0.00041803274379478345
0.0002897696490576043
0.00015080837056364823
7.118090974547658e-05
6.510148737649573e-05
0.00012720988173560278
0.0002172942385063431
0.0002547074213540897
0.00019956317126673185
0.00010423911308595414
3.628910275464891e-05
8.419857739474818e-06
2.392944468544549e-06
7.346799374559968e-06
3.179032192619846e-05
9.333162777997116e-05
0.0001826844232401474
0.00023837462159052237
0.00020768783949211202
0.00012233528129551458
5.536718362281776e-05
4.157204873957909e-05
7.485616110223103e-05
0.00012472332478559976
0.00014458994926101805
0.00012943777515561522
8.956767931386757e-05
8.684518825508748e-05
0.00015946382529425553
0.0002698941119609567
0.0003257504918581175
0.00030490700043124894
0.0003713551178978332
0.000743966070324175
0.001362890368369832
0.0017473455744397418
0.0015021979671844825
0.0008613458289531999
0.0003291911207733148
8.385034838098857e-05
1.4234549889961922e-05
1.6105129531828146e-06
1.2144125921387918e-07
6.103091069501126e-09
2.0441604789764369e-10
4.563117718936034e-12
6.788751414095528e-14
6.731311490017031e-16
4.448268746997642e-18
1.9591328905702868e-20
4.2015868117292975e-22
9.409982148814319e-25
1.4045778199486063e-27
1.3972829534679318e-30
9.264126223968903e-34
4.093606700165109e-37
1.2055613442219166e-40
2.366214228600937e-44
0.0
0.0
0.0
0.0
0.0
0.0
0.0
0.0
0.0
0.0
0.0
0.0
0.0
0.0
0.0
0.0
0.0
0.0
0.0
0.0
0.0
0.0
0.0
0.0
0.0
0.0
0.0
0.0
0.0
0.0
0.0
0.0
0.0
0.0
0.0
0.0
0.0
0.0
0.0
0.0
0.0
0.0
0.0
0.0
0.0
0.0
0.0
0.0
0.0
0.0
0.0
0.0
0.0
0.0
0.0
0.0
0.0
0.0
0.0
0.0
0.0
0.0
0.0
0.0
0.0
0.0
0.0
0.0
0.0
0.0
0.0
0.0
0.0
0.0
0.0
0.0
0.0
0.0
0.0
0.0
0.0
0.0
0.0
0.0
0.0
0.0
0.0
0.0
0.0
0.0
0.0
0.0
0.0
0.0
0.0
0.0
0.0
0.0
0.0
0.0
0.0
0.0
0.0
0.0
0.0
0.0
0.0
0.0
0.0
0.0
0.0
0.0
0.0
0.0
0.0
0.0
0.0
0.0
0.0
0.0
0.0
0.0
0.0
0.0
0.0
0.0
0.0
0.0
0.0
0.0
0.0
0.0
0.0
0.0
0.0
0.0
0.0
0.0
0.0
0.0
0.0
0.0
0.0
0.0
0.0
0.0
0.0
0.0
0.0
0.0
0.0
0.0
0.0
0.0
0.0
0.0
0.0
0.0
0.0
0.0
0.0
0.0
0.0
0.0
0.0
0.0
0.0
0.0
0.0
0.0
0.0
0.0
0.0
0.0
0.0
0.0
0.0
0.0
0.0
0.0
0.0
0.0
0.0
0.0
0.0
0.0
0.0
0.0
0.0
0.0
0.0
0.0
0.0
0.0
0.0
0.0
0.0
0.0
0.0
0.0
0.0
0.0
0.0
0.0
0.0
0.0
0.0
0.0
0.0
0.0
0.0
0.0
0.0
0.0
0.0
0.0
0.0
0.0
0.0
0.0
0.0
0.0
0.0
0.0
0.0
0.0
0.0
0.0
0.0
0.0
0.0
0.0
0.0
0.0
0.0
0.0
0.0
0.0
0.0
0.0
0.0
0.0
0.0
0.0
0.0
0.0
0.0
0.0
0.0
0.0
0.0
0.0
0.0
0.0
0.0
0.0
0.0
0.0
0.0
0.0
0.0
0.0
0.0
0.0
0.0
0.0
0.0
0.0
0.0
0.0
0.0
0.0
0.0
0.0
0.0
0.0
0.0
0.0
0.0
0.0
0.0
0.0
0.0
0.0
0.0
0.0
0.0
0.0
0.0
0.0
0.0
0.0
0.0
0.0
0.0
0.0
0.0
0.0
0.0
0.0
0.0
0.0
0.0
0.0
0.0
0.0
0.0
0.0
0.0
0.0
0.0
0.0
0.0
