a = 9.152256958862129 b = 5.080866592568874 c = 9.371297812850138 ,Gaussian ,LMH = 0.08 ,DW = [0.1 0.1 0.1]
0.0
0.0
0.0
0.0
0.0
0.0
0.0
0.0
0.0
0.0
0.0
0.0
0.0
0.0
0.0
0.0
0.0
0.0
0.0
0.0
0.0
0.0
0.0
0.0
0.0
0.0
0.0
0.0
0.0
0.0
0.0
0.0
0.0
0.0
0.0
0.0
0.0
0.0
0.0
0.0
0.0
0.0
0.0
0.0
0.0
0.0
0.0
0.0
0.0
0.0
0.0
0.0
0.0
0.0
0.0
0.0
0.0
0.0
0.0
0.0
0.0
0.0
0.0
0.0
0.0
0.0
0.0
0.0
0.0
0.0
0.0
0.0
0.0
0.0
0.0
0.0
0.0
0.0
0.0
0.0
0.0
0.0
0.0
0.0
0.0
0.0
0.0
0.0
0.0
0.0
0.0
0.0
0.0
0.0
0.0
0.0
0.0
0.0
0.0
0.0
0.0
0.0
0.0
0.0
0.0
0.0
0.0
0.0
0.0
0.0
0.0
0.0
0.0
0.0
0.0
0.0
0.0
0.0
0.0
0.0
0.0
0.0
0.0
0.0
0.0
0.0
0.0
0.0
0.0
0.0
0.0
0.0
0.0
0.0
0.0
0.0
0.0
0.0
0.0
0.0
0.0
0.0
0.0
0.0
0.0
0.0
0.0
0.0
0.0
0.0
0.0
0.0
0.0
0.0
0.0
0.0
0.0
0.0
0.0
0.0
0.0
0.0
0.0
0.0
0.0
0.0
0.0
0.0
0.0
0.0
0.0
0.0
0.0
0.0
0.0
0.0
0.0
0.0
0.0
2.7201816413737244e-34
2.1238300830135823e-33
1.1051549649954047e-32
3.832729225941791e-32
8.85879487636638e-32
1.3646544678692765e-31
1.4010457118630863e-31
9.58657462316679e-32
4.507729006967731e-32
2.2204533572463204e-32
4.16691136265247e-32
1.139098060758853e-31
2.2048411943984593e-31
2.8525730443852447e-31
2.4600070407098957e-31
1.7789839831987117e-31
7.801480435586763e-32
2.2801508179086487e-32
4.441520520206481e-33
5.766088717963159e-34
4.988988647740189e-35
2.876903266883132e-36
1.1056547887965132e-37
2.832013969874462e-39
4.834513525312357e-41
5.500367610463234e-43
4.170731198030687e-45
2.1077263913008063e-47
7.099010433489109e-50
1.593539905821449e-52
2.384018499067376e-55
2.377047425503692e-58
1.5796018015227506e-61
6.995825084154489e-65
2.0649608037344517e-68
4.062246103677846e-72
0.0
0.0
0.0
0.0
0.0
0.0
0.0
0.0
0.0
0.0
0.0
0.0
0.0
0.0
0.0
0.0
0.0
0.0
0.0
0.0
0.0
0.0
0.0
0.0
0.0
0.0
0.0
0.0
0.0
0.0
0.0
0.0
0.0
0.0
0.0
0.0
0.0
0.0
0.0
0.0
0.0
0.0
0.0
0.0
0.0
0.0
0.0
0.0
0.0
0.0
0.0
0.0
0.0
0.0
0.0
0.0
0.0
0.0
0.0
0.0
0.0
0.0
0.0
0.0
0.0
0.0
0.0
0.0
0.0
0.0
0.0
0.0
0.0
0.0
0.0
0.0
0.0
0.0
0.0
0.0
0.0
0.0
0.0
0.0
6.383347633499169e-09
4.8855213821443256e-08
2.49203930843926e-07
8.471891920874886e-07
1.9194971565507606e-06
2.898518574114072e-06
2.9170659677468818e-06
1.956581584307632e-06
8.746437975763283e-07
2.6058296908250137e-07
5.174190136000992e-08
6.847314686114316e-09
6.039204547762885e-10
3.5499377663480034e-11
1.3907314883340064e-12
3.63117671136936e-14
6.31877700614376e-16
7.328249077184967e-18
5.664335425106387e-20
2.9179594500306965e-22
1.0018232116308334e-24
2.292368728975063e-27
3.495903285259878e-30
3.6969498442716966e-32
2.866956297286769e-35
1.4817677391050058e-38
5.1041184649945374e-42
1.1717714286833713e-45
0.0
0.0
0.0
0.0
0.0
0.0
0.0
0.0
1.4536675292769599e-06
1.2629813049953452e-05
7.313248026450651e-05
0.00028223133587654064
0.0007259082101098732
0.0012443419240221265
0.001421606193321581
0.0010824315152433896
0.000549291777594069
0.00018577501967501797
4.187483242290881e-05
6.290720596493674e-06
6.298385792980745e-07
1.0839669160701723e-07
5.51883576406953e-09
1.8726665840746388e-10
4.23501546083636e-12
6.383091757679623e-14
6.411929270653895e-16
4.292673988361093e-18
1.915352172840449e-20
5.695749999741167e-23
1.1288461265448865e-25
1.491077179803353e-28
1.3126442735374096e-31
7.701503571261346e-35
3.011518546984466e-38
7.84832739472806e-42
0.0
0.0
0.0
0.0
0.0
0.0
0.0
0.0
0.0
0.0
0.0
0.0
0.0
0.0
0.0
0.0
0.0
0.0
0.0
0.0
0.0
0.0
0.0
0.0
0.0
0.0
0.0
0.0
0.0
0.0
0.0
0.0
0.0
0.0
0.0
0.0
0.0
0.0
0.0
0.0
0.0
0.0
0.0
0.0
0.0
0.0
0.0
0.0
0.0
0.0
0.0
0.0
0.0
0.0
0.0
0.0
0.0
0.0
0.0
0.0
0.0
0.0
0.0
0.0
0.0
0.0
0.0
0.0
0.0
0.0
0.0
0.0
0.0
0.0
0.0
0.0
0.0
0.0
0.0
0.0
0.0
0.0
0.0
0.0
0.0
0.0
1.8283159187968161e-34
1.1971994619802565e-33
3.344600276787305e-33
1.1136842404622707e-32
2.471504895219541e-32
3.655463266633959e-32
3.603337333577307e-32
2.3672763907906608e-32
1.0365125395932898e-32
3.0246957935397676e-33
5.882614544613022e-34
7.625013740293565e-35
6.58707209879581e-36
3.792501416301518e-37
1.4552601412927814e-38
3.7216631766731664e-40
6.343296979462438e-42
7.205673371859866e-44
5.455262429896553e-46
2.7525693600644134e-48
9.256407023476051e-51
2.0745703342354997e-53
3.0988134452143085e-56
3.0849224293052645e-59
2.0467962509388832e-62
9.050790778465863e-66
2.667349881978129e-69
9.428511915252312e-72
0.0
0.0
0.0
0.0
0.0
0.0
0.0
0.0
0.0
0.0
0.0
0.0
0.0
0.0
0.0
0.0
0.0
0.0
0.0
0.0
0.0
0.0
0.0
0.0
0.003366996399855336
0.012937569650838024
0.06948948040373262
0.24875222609728
0.5934668100043489
0.9436423941472668
1.0
0.7062754400335691
0.33245261776019325
0.10429583314949595
0.021806486991481237
0.003038687251720758
0.00028220704365665693
1.7467519739735056e-05
7.205700125389979e-07
0.00014596261060929188
0.0013298115200495752
0.008075674755034524
0.0326850545789184
0.08816600408540377
0.15850196454513682
0.1899108113381425
0.15165134872821273
0.08070945472862696
0.02862754444191339
0.0067674542742725795
0.0010662231573229126
0.0002482547068176231
1.988945359534438e-05
1.0620128253429253e-06
6.011204688837641e-07
4.674022505652775e-06
2.583665725591794e-05
9.520203178846391e-05
0.00130560856287524
0.008233381752803047
0.03874242000680781
0.12499481875483387
0.2705254484216831
0.39078869709711267
0.3763568044350494
0.2415855309110037
0.10335481798322955
0.029469561265998225
0.005600135268022586
0.0007092592227728049
5.986776321002957e-05
3.3679266533226475e-06
1.2627395018051417e-07
3.1553421332856468e-09
5.254854493155941e-11
5.832523286811895e-13
2.3164407655555574e-14
1.3074333718767172e-16
4.918124075625179e-19
1.2329939460289649e-21
2.060174254685209e-24
2.294186329265954e-27
1.7079788288102535e-30
2.1348014214483582e-32
5.295025235453434e-32
9.112474655338502e-32
1.0451736627507086e-31
7.989546522248415e-32
4.070402446230382e-32
1.3820829823429286e-32
3.127608873261494e-33
5.204790637204013e-34
4.138515689271465e-34
1.8380593953268044e-33
6.123634780839736e-33
1.3619832142810127e-32
2.0189500218363652e-32
1.994624093430373e-32
1.3133428163208886e-32
5.7633725463688565e-33
1.6856089637993844e-33
3.2856289690109133e-34
8.816451789079113e-35
8.73892685268411e-36
5.7730313986848086e-37
2.541740933798647e-38
7.458305952419187e-40
1.4585813454112138e-41
1.9010899368193417e-43
1.6514149781869995e-45
9.560735946925077e-48
3.6889942347613784e-50
9.486503633469096e-53
1.6258704072897606e-55
1.857151030950796e-58
1.4138068098882125e-61
7.173225155844757e-65
2.4256068179660197e-68
5.46648165140927e-72
0.0
1.1911659662008127e-08
7.767695123684004e-08
3.3759314140607697e-07
9.778598311307546e-07
1.8877355132985593e-06
2.428774721014537e-06
2.0826431879960924e-06
1.1902112596350885e-06
6.542308773778263e-07
1.9012656506070696e-07
3.6824436924721386e-08
4.753472391575161e-09
4.0894733751915073e-10
2.3447975000726014e-11
8.960347400503833e-13
2.2820539203852912e-14
3.873544090338503e-16
4.382002830845762e-18
3.3038350185090234e-20
1.6601433825337005e-22
5.559738888663631e-25
1.240930086494702e-27
1.716374711745614e-07
1.4757458203107807e-06
8.456537220270024e-06
3.229647439673788e-05
8.220518573578305e-05
0.00013945203695736808
0.00015766382477243172
0.00011880119295978619
5.966107764565556e-05
1.9968384647685908e-05
4.45426777935235e-06
6.622031750286033e-07
1.4833219036637156e-07
1.1213803113266472e-08
5.650046105065683e-10
1.8972851388255985e-11
4.2461444694685863e-13
6.33342272440369e-15
6.295985712183154e-17
4.171291493368361e-19
1.8418696594473823e-21
5.420368294819139e-24
1.0631150024561397e-26
1.3896750028874772e-29
1.210675607886996e-32
7.029491136501131e-36
2.7202043512350906e-39
7.0155338182234e-43
0.0
0.0
0.0
0.0
0.0
0.0
0.0
0.0
0.0
0.0
0.0
0.0
0.0
0.0
0.0
0.0
0.0
0.0
0.0
0.0
0.0
0.0
0.0
0.0
0.0
0.0
0.0
0.0
0.0
0.0
0.0
0.0
0.0
0.0
0.0
0.0
0.0
0.0
0.0
0.0
0.0
0.0
0.0
0.0
0.0
0.0
0.0
0.0
0.0
0.0
0.0
0.0
0.0
0.0
0.0
0.0
0.0
0.0
0.0
0.0
0.0
0.0
0.0
0.0
0.0
0.0
0.0
0.0
0.0
0.0
0.0
0.0
0.0
0.0
0.0
0.0
0.0
0.0
0.0
0.0
0.0
0.0
0.0
0.0
0.0
0.0
0.0
3.02786055775764e-08
2.8231911410535525e-07
1.7543904016702355e-06
7.2659725177555565e-06
2.0055930100164462e-05
3.6895501000184005e-05
4.5236142634848253e-05
3.696402589282115e-05
2.0130497820924703e-05
7.306532364905e-06
7.415273641088875e-05
0.0006116386021811585
0.0034435071950960354
0.01292655662844045
0.03236155379175098
0.05406476507482744
0.06035140446684859
0.045126172622517384
0.022710326379748277
0.007761890566700543
0.00183012645019656
0.00030502322987087713
3.703318539362777e-05
3.354623290097532e-06
2.2732416340904212e-07
3.185136847279539e-08
1.2643799726183406e-09
3.504695374631142e-11
6.646985154871005e-13
8.520577998984838e-15
7.332335491492298e-17
4.2208331871776796e-19
1.6223454978063594e-21
4.159832868120076e-24
7.112027558039154e-27
8.105772877756495e-30
6.1578341604230175e-33
3.1179462326669854e-36
1.0521817635171893e-39
2.3665738582971595e-43
0.0
0.0
0.0
0.00022775366173624607
0.0017273901856167141
0.00873166520990924
0.029416110728141317
0.06604728591852312
0.09883397173826346
0.09856870909444575
0.06551691470729688
0.03982879894487332
0.013510589574352666
0.0033418288894563647
0.0017708708973819501
0.003775559784315886
0.007051330428434449
0.008876603246785504
0.007450377461793381
0.0041677095003217176
0.001553811634157442
0.00038608315513610574
6.393591531432583e-05
7.056518239641313e-06
5.190600426475494e-07
2.5446395676803553e-08
8.314124086225274e-10
1.81045725757824e-11
2.627493186954263e-13
2.541420151275278e-15
1.6382979505471844e-17
7.038674062558102e-20
2.0154423038924535e-22
3.846196191244415e-25
4.891860287545315e-28
4.146657873938279e-31
2.342631143830369e-34
1.2778363693546578e-36
3.6709928020457886e-40
7.028673495064077e-44
0.0002180874841166884
0.001605651596764143
0.00787867955077878
0.025765412880820862
0.05615679632900401
0.08172337885414081
0.08002061050572763
0.0558373367956409
0.03708271888002647
0.037727743480238024
0.044816266288845955
0.04101628901345826
0.026688348706649444
0.013227733987997443
0.005815880865432797
0.002457071405783184
0.0008883069145893169
0.00023774282735262187
4.389120871403103e-05
5.456229764091417e-06
4.534029064532811e-07
2.513217165110231e-08
2.9167142517963183e-09
8.223815619943506e-11
1.5454242445974311e-12
1.935563600552522e-14
1.6156594120637342e-16
8.988227281575095e-19
3.3325748666509203e-21
8.235071184933001e-24
1.356239397722624e-26
1.4886304730754607e-29
1.0889777407018228e-32
5.3092435560301224e-36
1.7251538943098294e-39
3.735980367267968e-43
1.0158582825755774e-56
5.860184650438369e-35
4.6360113922892e-34
2.4443266152279816e-33
8.589255604972462e-33
2.0115617342401608e-32
3.1397332497447834e-32
3.266131657131799e-32
1.0509449961236786e-06
7.279263046856328e-06
3.360287129546032e-05
0.0001033824718252308
0.00017455332286528275
0.00027308712425571025
0.0002847448485713228
0.00019787552298850347
9.164522120058272e-05
2.828844792280213e-05
5.819557512490918e-06
7.97907150696551e-07
7.291154448475189e-08
4.440396861419966e-09
1.8023072272301492e-10
4.875480341163918e-12
8.789973043521751e-14
1.0561831265905844e-15
8.458092978282972e-18
4.514266905537876e-20
2.0894600720111123e-06
1.8246324856467645e-05
0.00010619358371026941
0.0004119103454805143
0.001064850577020513
0.0018346625226333137
0.002106712425335237
0.001612262943039867
0.0008223336000600851
0.00027953857528004167
0.00010867719367972112
1.8786016842429472e-05
2.164275522075738e-06
1.661773909307004e-07
8.503796772279296e-09
2.9002494792041115e-10
6.592336849844757e-12
9.98676824513142e-14
1.0083054185359878e-15
6.7848582477963055e-18
3.042783162473583e-20
9.094582738499806e-23
1.8116575175643514e-25
2.405198757334217e-28
2.128175255530437e-31
1.2550047108557049e-34
4.932474752132159e-38
1.292010175316079e-41
0.0
0.0
0.0
2.1169965511926302e-06
1.3415063565596061e-05
5.66561249751874e-05
0.0001594713049771052
0.00025375066869663107
0.00036319967935979913
0.00034646970451607907
0.00022027571677541086
9.333607390115505e-05
2.6358092790116598e-05
4.960894422713009e-06
6.222824239095578e-07
5.2023148550872804e-08
2.898593270777748e-09
1.076364769392675e-10
2.663871167835342e-12
4.393883203137814e-14
4.83020260459209e-16
3.538862879064709e-18
8.589987768991145e-06
7.411844837222621e-05
0.0004267583284836844
0.0016397302910810417
0.004204450465084668
0.007194537739580802
0.008216038300956787
0.006261747344637831
0.003184991209315994
0.0010811975123756808
0.00024495639490081637
7.271920343312249e-05
8.397425896008594e-06
6.471866287545299e-07
3.3288624842410894e-08
1.1427209140932897e-09
2.6179175114174217e-11
4.0025351088445567e-13
4.083835832606323e-15
2.7806384947655856e-17
1.263432063747365e-19
3.830692073397702e-22
7.750085178381379e-25
1.0462239087399939e-27
9.423583077201118e-31
5.6632336259558835e-34
2.2706654379182287e-37
6.073863105771686e-41
0.0
0.0
0.0
0.0
0.0
0.0
0.0
0.0
0.0
0.0
0.0
0.0
0.0
0.0
0.0
0.0
0.0
0.0
0.0
0.0
0.0
0.0
0.0
0.0
0.0
0.0
0.0
0.0
0.0
0.0
0.0
0.0
0.0
0.0
0.0
0.0
1.7629069393133485e-05
0.00013680809458771232
0.000707580326633079
0.0024390530854930753
0.005603357145103719
0.008579399752312354
0.008754816584021646
0.0059542412741536155
0.002699773181208414
0.0008211756403183967
0.00018814517290694361
8.714921615737623e-05
0.00011973511153194255
0.00014204807013539563
0.00011400767337181249
6.1029358331403965e-05
2.1774145673717557e-05
5.177567702316097e-06
8.20525412768793e-07
8.666422071867927e-08
6.100552717918815e-09
2.8620688756801775e-10
8.948959146270502e-12
1.8648612217002174e-13
1.127188909002988e-14
1.1944645910982524e-16
8.435899579452365e-19
3.970736525010383e-21
2.786001907282032e-06
2.152510532801506e-05
0.00011083851774459478
0.00038038000648949914
0.0008700139212882453
0.0013262221300912118
0.0013477118334569264
0.0009147218953989597
0.0004231699570618688
0.0001601607753076217
0.00010152308527515719
0.00011121652105048905
0.00010145658368111672
6.32275560505531e-05
2.6323908176693837e-05
7.305912281338227e-06
1.3514172245617475e-06
1.6660455987341174e-07
1.3688818018151268e-08
7.495948125856267e-10
2.735701722703543e-11
6.654148115161748e-13
4.458709082908902e-14
5.514872000070007e-16
0.0002784832787643839
0.0019794529836659157
0.009377191952855985
0.029606152360632382
0.06229779590432878
0.08736650077367293
0.08165800205949868
0.05086676355536428
0.021118386303533822
0.00584759320112704
0.0011049625511318623
0.0002461458515138417
0.00032500715883842666
0.000579043036687704
0.0007098676648684332
0.000580555708759331
0.0003164494650259498
0.00011495999807917722
2.783368378886173e-05
4.491342541541008e-06
4.8301789014203e-07
3.4620377780054346e-08
1.6537959988094648e-09
5.265184805240699e-11
4.221520808934907e-12
6.834444122262421e-14
3.534613613183277e-07
3.1587753763443326e-06
1.8813824613194667e-05
7.468217997457802e-05
0.00019757792957325582
0.00034837054016333407
0.00040937937808968757
0.00032062106330622007
0.0001673553831528485
5.82195535774198e-05
1.3498316398460187e-05
2.0857962612003935e-06
2.1480565663035683e-07
1.4743516870417604e-08
6.744317644872764e-10
2.0561580304750468e-11
4.177885294897181e-13
0.00014898877191551213
0.001387624566487555
0.00861334747819653
0.0356330915630762
0.0982463869558024
0.18053492105866484
0.21618480667832013
0.2020097733958692
0.12580593864094156
0.0522169440397724
0.014549946248960369
0.00361798393489375
0.006092558597779191
0.02322493636727454
0.062213038835122025
0.11119652325447224
0.13247682211023654
0.10521609524392898
0.05572741184071092
0.019699447681642317
0.004656545189236999
0.0007392715410454492
7.960812173964645e-05
5.9373223942721386e-06
3.188099969388769e-07
1.3015713789677928e-08
4.213765430332578e-10
1.0735430480582373e-11
2.0479111217778073e-13
2.7776206169665524e-15
2.590589583941332e-17
1.6331457468946351e-19
4.464889933492852e-21
1.4430234091162988e-23
3.11291902984941e-26
4.478379864020557e-29
4.295102045772639e-32
2.745729360994153e-35
1.1698580932154484e-38
3.3221373830671026e-42
0.0
0.0
0.0
0.0
0.0
0.0
0.0
0.0
0.0
9.851034668196671e-06
7.110274243375254e-05
0.00034203646109180427
0.0010965792028844522
0.0023430909895640795
0.0033367206650356264
0.0031668835657752996
0.002003207279776412
0.0008570978848060994
0.00043048487090976484
0.00038493797511145124
0.0012051079718036386
0.0031271251041596637
0.005456927024532129
0.006373199260041119
0.0051024434559595626
0.0034192637527647725
0.0037153453013852537
0.0063379968629465955
0.009151711943640008
0.010274866493730238
0.012995806650246217
0.023692969949425182
0.040919377495082905
0.0506616044014689
0.042336977977982033
0.023915022850492303
0.010552874293015563
0.00844661636626367
0.01500069461081919
0.022803227253314122
0.023588825758004993
0.016287187653490028
0.00749571967413218
0.0035663814927858447
0.0008346436005513536
0.0001301834947246285
1.353294556006169e-05
9.375842258705667e-07
4.329221410158174e-08
1.3322657135911884e-09
2.7324577354641718e-11
3.735060176787035e-13
3.4026971829650875e-15
2.066001098060465e-17
8.360251504202577e-20
2.254704780146541e-22
4.052673687830539e-25
4.85540931522114e-28
4.259149680382115e-31
1.741874114895104e-32
5.1543031519593947e-33
1.0286445447233617e-33
1.3681962404530387e-34
1.2128665361950154e-35
7.165709255511915e-37
2.821544475272423e-38
1.1318084797646046e-06
1.0268941457642553e-05
6.209547602244585e-05
0.00016450673237477056
0.0005058485844705653
0.001036666227374381
0.0014159206307060392
0.0012889035424583826
0.0007819580827703814
0.00032481065164060967
0.0001510687011496541
0.0003501344445314262
0.001136255124248818
0.002561709017437797
0.003854936954088052
0.0038664229910576366
0.00258454329807065
0.0011514360875477451
0.00034188292461187204
6.765447564635764e-05
8.922718721462962e-06
7.842949540985465e-07
4.5945521726030005e-08
1.7938598191295788e-09
4.6678335920230013e-11
8.095129043459882e-13
9.35650675502506e-15
7.207509822947642e-17
3.7003116123994795e-19
8.789709647704759e-21
2.2947224534452245e-23
5.9681113268516406e-05
0.0005310229832894151
0.0031379080148354536
0.012378177795467179
0.032621166115432
0.05749863387994283
0.06789415454936096
0.05382847163387619
0.028744294508424657
0.010381313314331052
0.002550916687986396
0.0006296021376450282
0.0015603673648574856
0.007702285248523444
0.026313080278628324
0.06006230121665986
0.09142994225451348
0.09277689014008617
0.06274776897219557
0.02828434724000107
0.008497242010528448
0.0017013438749319467
0.00022703247892044305
2.0191356563329495e-05
3.211081851624675e-06
1.4522169112206864e-07
4.3771673879357996e-09
8.792985742257876e-11
1.1772294865757785e-12
2.3692923969479542e-06
2.2122408588707765e-05
0.0001376663214274886
0.0005709585154994281
0.0015782033086472543
0.0029073873243847083
0.0035702844635094825
0.0029263447506588636
0.0016228226861815765
0.0006894318562301703
0.0004126698091346407
0.00047050043013884696
0.0004931546448844541
0.0003585244470691265
0.00017441521338455875
5.657227692960832e-05
1.2229857942497432e-05
1.762066826999545e-06
1.6920182738652646e-07
1.082852459520245e-08
1.3828645404041117e-09
4.5003517595919635e-11
9.761011605709978e-13
1.4109926314005657e-14
1.3593653966984177e-16
8.728291128639927e-19
1.4160223384287593e-05
0.00011946344972134701
0.0006718561265940955
0.0025187972560618754
0.006294847599273639
0.01048700925127775
0.011647519644277396
0.008629919640823299
0.004292916709398804
0.0015203815525928082
0.0005621779262511689
0.00040472260410404114
0.00034252092635964223
0.00021205841528139369
8.840596077745888e-05
2.4589893572224326e-05
4.55891854045811e-06
5.633179624255043e-07
4.639032745433531e-08
6.159477691360805e-07
2.461380457728525e-06
1.4104300492545498e-05
5.387126721816265e-05
0.00014952851125953876
0.00032884766164958034
0.0007606015294487491
0.0019133498627713341
0.004039961936595165
0.006066836621510577
0.0061646111466345755
0.004188797543886445
0.001898342259379252
0.0005734706478618499
0.00011546350114884759
1.5493985447481516e-05
5.7513001711645226e-05
0.00036414418770446726
0.0015738302538506389
0.004534408663735288
0.008709464940870819
0.011161546578991783
0.00959730905176368
0.005712057069723272
0.00273052224041058
0.0015232821334600082
0.001074340734448859
0.0007992499600292291
0.0003899660023192633
0.00012915443692534918
3.165862788755153e-05
2.9140182947959532e-05
0.0001356814450799297
0.0004894228344903952
0.0011800870540864435
0.0018964820538876124
0.0020312594549294965
0.0014499853627058794
0.0011741505987035473
0.0035997780385879754
0.015777123862423834
0.04878599598257894
0.1008103208711121
0.138853647858315
0.12748429923003965
0.07812016315804474
0.032352727056483475
0.010119529396651263
0.004184880221789637
0.0032824071458443385
0.0024496199681227743
0.0012776154108556717
0.0006628814922447472
0.00017677104403201387
3.142076417559681e-05
3.7222788128293174e-06
2.93888854451353e-07
1.5464608578120475e-08
5.423458255645326e-10
1.2676379139600749e-11
1.9746752672487257e-13
2.0501125369510522e-15
1.418538947907482e-17
6.541636012640043e-20
2.0105414678926317e-22
5.7903380583231065e-05
0.0004034900863587095
0.0018831910019081444
0.005887856146303718
0.01233300906855076
0.01730831132104901
0.016274770786744042
0.010252418275731109
0.004326559264336378
0.001222915272214862
0.00023147354460086335
2.933297899002389e-05
2.4879831784618433e-06
3.842198517171623e-07
1.6679853130574702e-08
4.84292051902607e-10
3.114837901043792e-05
0.00020221888071098696
0.0008749628881942775
0.0025231270034476445
0.0048492004713185195
0.006211302978010389
0.005302453119380656
0.0030168416076982816
0.001143957076018432
0.00028910026985382687
4.869325572580405e-05
8.53417732081452e-06
2.480748659266377e-05
0.00012933007733981533
0.00045675179888788367
0.0010752507082999617
0.001687024495419914
0.0017640650426642005
0.0012293890696375956
0.0005710125445483327
0.0001767597991242534
6.581485511469297e-05
0.0002176100466195832
0.000636363279346963
0.00234031968418683
0.005745497688048875
0.009401020188708318
0.010251894241277659
0.007451004099524926
0.0036229592217561536
0.0012575304610026256
0.0006631178329955581
0.001303090737157156
0.0027219042552249946
0.004569719457154244
0.0071153828919460465
0.010694012252687101
0.013343022923188603
0.012588681540481091
0.010804007386260167
0.017215143355224283
0.04050818332569866
0.0743487125987296
0.09253522502239568
0.07689067252774127
0.04258886608704132
0.015721985163725128
0.0038681290965122033
0.001212265050772472
0.00015166795139192425
1.409830746083283e-05
1.1665237669814635e-05
5.519537906745924e-05
0.00018504254330122135
0.000415481467352185
0.0006279117273484511
0.0006611210943334226
0.0005434565707296261
0.00044495578746441694
0.0004283588851400076
0.0005466018153974343
0.0010728624881473304
0.0021843262326789108
0.003291486592058389
0.0033661324277807748
0.0024969564743216087
0.0024637073439287087
0.007129541254806631
0.021915885761791955
0.04673214941935326
0.0665852077788636
0.06324006996853068
0.040032242608200146
0.016899139332128138
0.007615706248060631
0.0017490097995985607
0.0005309920519337564
0.0005070730754685418
0.0005265444536585133
0.00037908138325630833
0.00018232294226635702
5.845103629865565e-05
1.2489015519919063e-05
1.7784675747577247e-06
1.6878943446151967e-07
1.0676431390914798e-08
4.500787588935146e-10
1.2645397018920088e-11
2.3678706216409456e-13
2.9550512512186693e-15
2.4578400346810413e-17
1.362459993113e-19
5.03356233795258e-22
6.718848371938053e-06
4.823004225359941e-05
0.00023073952420483908
0.0007357120873261532
0.001563418828924696
0.002214238169602636
0.002090041338855244
0.0016052503191782337
0.0007705057576767097
0.00024648503680066344
5.25517012316805e-05
7.46731630471764e-06
7.071700578119442e-07
4.4633888930520695e-08
2.2978401407668606e-06
1.5867426931471433e-05
7.308476850100468e-05
0.00022435214257810355
0.00045900257421792643
0.0006258663024912353
0.0005687606807200582
0.00034447611115032974
0.00013904974674999398
3.740785817656375e-05
6.707134753620508e-06
8.014801466659649e-07
6.38307657177879e-08
3.388042798311061e-09
1.1985309942301473e-10
2.2446539941347717e-05
0.00014533729671310566
0.0006271715553077782
0.001803753457742761
0.002911646091845626
0.004258258181393043
0.004150562342653871
0.0026962703853484517
0.0011673510814675305
0.0003368380050388622
6.477720888938305e-05
8.302424294489008e-06
7.09200715842836e-07
3.0751658459917923e-07
1.7415940915161474e-06
7.553916219169825e-06
2.185529505318582e-05
4.2142950084476205e-05
5.415951349980737e-05
4.638805074772831e-05
3.391159934891724e-05
6.657815817541524e-05
0.0002888797095457824
0.0009674231885294682
0.0021765911021306727
0.0032650787787219123
0.003264380548271512
0.002175153370841442
0.0009659631477124418
0.0004487886529496218
0.00010185335067775761
1.9619202110088488e-05
2.6665227373951508e-05
9.655018071204391e-05
0.00024665682997715546
0.00042039659186317096
0.0004775452427017361
0.0003615359948873447
0.00018241901766902183
6.256461474514527e-05
2.1587739709219687e-05
3.560180619697767e-05
9.588865329755675e-05
0.0001818968557659447
0.00023042414605584332
0.0001945550438670086
0.00010948121369023278
4.105993873864203e-05
1.0263099522463228e-05
1.7097016539385043e-06
1.8982074410163266e-07
1.4045867246051775e-08
6.926837436400186e-10
9.99979088721781e-11
5.145971382506004e-10
1.4520870341551858e-09
4.915189092710954e-09
1.1088648593960046e-08
1.6672417982815547e-08
1.670706287270477e-08
1.115791818060509e-08
4.966469653504147e-09
1.473309360283466e-09
2.912873725137985e-10
3.8382292996530875e-11
3.3707125870840273e-12
1.9728500512073065e-13
7.695697358415145e-15
3.876856484243756e-08
0.0002967914026102824
0.002165509522165626
0.010530844148932345
0.034131752815688005
0.07373006863993098
0.10614997777584366
0.1018551994042952
0.06513786434214329
0.027763229996790872
0.007886638056361235
0.0014931335890018137
0.0001941552484384235
6.290053137763064e-05
0.00016510850463153861
0.0007036888252308892
0.0020280486250317913
0.003896013308584304
0.004988209317247446
0.004256478666540807
0.0024206823361278946
0.0009175013023508425
0.0002317699493390004
3.9020165805464616e-05
4.37827103931919e-06
3.274143609037474e-07
1.6318278976510275e-08
5.420414906281301e-10
1.1999751612694564e-11
2.407336973738877e-07
1.5353544751682045e-06
6.526228851366756e-06
1.8488321610008586e-05
3.490713646080117e-05
4.39250746765926e-05
3.683768597804507e-05
2.058987559272704e-05
7.844422353350547e-06
3.8036660351007226e-06
3.7359556237377186e-06
1.0446930565730734e-05
2.2983965312449248e-05
3.4620694971433e-05
3.702255842720334e-05
3.119874539815494e-05
2.3941188294016924e-05
1.7070641066207034e-05
9.882200502090538e-06
4.1230905796976275e-06
1.176265906208121e-06
2.254101052808337e-07
2.885632543674489e-08
4.170322225503788e-08
2.7463858440300994e-07
1.2797922376542319e-06
3.976647888265252e-06
8.235275425987071e-06
1.1366341014199947e-05
1.0455499438483521e-05
6.4098878738278085e-06
3.2209559162458284e-06
4.635100690417298e-06
1.7159690450409116e-05
4.93019662120064e-05
7.989395079142408e-05
0.00011757249566014936
0.00011531727704225114
7.538157492677402e-05
3.284109351780494e-05
9.535677650170284e-06
1.8453003398178946e-06
2.3799295979854072e-07
2.0457035873815613e-08
1.1719331834792333e-09
4.474500330951025e-11
1.138591102540487e-12
1.930956877255005e-14
2.1825234197760844e-16
1.6440945828770044e-18
8.254223656018873e-21
2.761895321953956e-23
6.159135303635978e-26
9.154061445756868e-29
9.067539371031864e-32
5.986136625908998e-35
2.633815492376055e-38
7.72334827324566e-42
1.5094107496741357e-45
0.0
6.60818081676227e-05
0.0003023196860363185
0.0021095726341172705
0.009830190785764475
0.03055791984536713
0.06358255478501824
0.08910486146945154
0.0853338023642269
0.057615820590167705
0.028985365131843764
0.011603031262752559
0.003861589972093374
0.0012949600116704252
0.000995426528368641
0.0013716231079613196
0.0016416892902676272
0.0020613773895998572
0.003686315231553074
0.00664403920011085
0.00878789789414627
0.007874285593944905
0.004714593064057543
0.0018989058051161278
0.0006333398366269098
0.0007847517078818257
0.002445529454785121
0.005704862161199873
0.008069327769658435
0.0099678619451285
0.009265542695739544
0.008142670022387116
0.008014228298915328
0.007330346482847905
0.005001604236429115
0.0023567861343284048
0.0008174052302380366
0.00039785695948082555
0.0004959224688551692
0.0006190981920185748
0.0005514571216961407
0.00039380626069870483
0.0005435634646935451
0.0018968868781964524
0.007896421620719131
0.025648657612392736
0.05774926350123502
0.0874716808920314
0.08849538804484824
0.05970514051913138
0.026876742515410026
0.008161608694250092
0.0018855607800907818
0.0008382106409107787
0.0005467816272231488
0.000497712720556441
0.0005860998001894251
0.001004036662281653
0.0016399000817809842
0.0023650131854299895
0.0037372766007509523
0.006287330522621959
0.008610318437136708
0.00829969964095819
0.005440636793058763
0.0025915120460385664
0.001492220281141565
0.0020187401527308694
0.003361105134596215
0.004806829995491462
0.005598195130998185
0.004980555846596505
0.003174387867769814
0.0013933016215787555
0.0004132294875533434
8.213967518426895e-05
1.0906221224979433e-05
9.659807300154663e-07
5.704276584080258e-08
6.90495073598005e-09
2.757179882590626e-06
4.05465755200556e-05
0.0002662008113132492
0.0011941831542284242
0.0036585891966198327
0.007642108328382082
0.010856841724808738
0.01046034736835273
0.006815400353908802
0.002995045369212278
0.0008858128557706295
0.00017603989528739705
3.2782573572228564e-05
6.704453002843479e-05
0.0003024430313638682
0.000963513932329802
0.0021474017590855424
0.00380038845808571
0.006530167608070271
0.011318907901841074
0.016371330157906143
0.01702659435330079
0.012055674714443174
0.005741555782751529
0.001931753576322026
0.0009543155041976463
0.0008231896378962824
0.0012157711659804113
0.0013544936314858244
0.001024933455578307
0.0005500478816077022
0.0002633147149707646
0.00016846314488078444
0.00012518421667760964
0.00010679620459016803
0.000252759377017597
0.0009973809288963895
0.002923030043677865
0.005749648258308678
0.007540799877230069
0.006591533414881569
0.003840057610035133
0.0014909758599918636
0.0003858202648278623
6.653972566215392e-05
7.648187481712462e-06
5.858920335979044e-07
1.7569740448169054e-06
1.126058670411907e-05
4.8923504259798996e-05
0.0001039797124097327
0.00023019689364741754
0.00034242687188970426
0.00035694499104480605
0.00031783605750111606
0.0003657567189535677
0.000514085118322182
0.0005874181739230691
0.00046478854450705397
0.0002466718455764635
8.734071107432852e-05
2.061429761827333e-05
3.2427520849686427e-06
3.3997142615548357e-07
2.3754885711514918e-08
1.10622908282615e-09
3.433355349146228e-11
7.101890751595042e-13
9.790632924878637e-15
8.995578486857879e-17
5.508444453294725e-19
2.735160276612446e-07
2.0740780008243685e-06
1.0482115429701534e-05
3.530647330141935e-05
7.925766765243504e-05
0.00010845929594322048
0.0001238101672878984
9.422136501785869e-05
4.799826063149021e-05
1.7549339897231625e-05
9.228594234111882e-06
1.5344812314660016e-05
2.6150980950649962e-05
4.8195465634082604e-05
0.0001770112922087518
0.0009027825623642884
0.003456898200309999
0.008924805165961527
0.015372583449546064
0.017648886736669405
0.013504328090170424
0.006886689808672133
0.0023406131502897195
0.0005301885084129369
8.004100415871436e-05
2.1420251419610745e-05
0.00011923459543764304
0.0007024690459121709
0.002770609913938438
0.007283159500256681
0.012785174519751275
0.014891934415166435
0.013638423242247653
0.00933692397315166
0.006571516786657283
0.0065220239540978876
0.0071140713349586325
0.006630654626067359
0.005089933252563374
0.003832080907772055
0.004288398799189141
0.006214836236017911
0.007361880169705776
0.006064908016622148
0.0033926652462602327
0.0014539463233380647
0.0011470924572058172
0.002280233722274997
0.003949872228889155
0.00465081556868997
0.003677303694751452
0.0020621254246922954
0.001303965871722687
0.001971895164667316
0.0034818234802002266
0.004389165952454829
0.0037097800835345384
0.0026488847091387943
0.0011431160516350949
0.0003351483214017354
7.342667587719716e-05
2.50514047153646e-05
6.002531960354957e-05
0.0002580487794987553
0.0008172119842160551
0.0017410282746041436
0.002474559140569232
0.002344359590718031
0.0014802632786696992
0.0006229255790483413
0.00017470890302641784
3.265693897413203e-05
4.068342083573239e-06
3.377854978730294e-07
1.869158307481977e-08
6.893387919130549e-10
1.694341312858877e-11
2.7755600643146355e-13
3.030274059324106e-15
2.2049296332756614e-17
1.069274250500844e-19
3.455930747038729e-22
2.981701644258516e-08
2.759602188757081e-07
1.7021989756915581e-06
6.997706402099438e-06
1.917267266506917e-05
3.536052002282549e-05
4.511826650558906e-05
4.6546430165342174e-05
5.682234753547327e-05
8.760602000319525e-05
0.0001159101127053881
0.00010790790918918697
6.760168333655252e-05
2.8272292996986417e-05
7.882576952462297e-06
3.8037243617534204e-06
1.792161693002811e-05
8.969219018984111e-05
0.00030212620571540586
0.0006783813129251148
0.001015177654076148
0.0010124924418879206
0.000673012419861023
0.00029815075668730815
8.817582799702762e-05
1.8284654518211927e-05
7.378982481760991e-06
0.00012039283852048487
0.0008633102632647767
0.004302567715768784
0.014460505766439391
0.0325042914958773
0.04874477557931381
0.04873365936088047
0.032500375456678485
0.014596974352862504
0.00506435476992378
0.003267541517595129
0.00504188413582697
0.006691825390732855
0.0060353637343660786
0.0036324124954001317
0.0014597516759000772
0.0004092891391276
0.00016890441117616386
0.0003429372324580034
0.0007510850376775514
0.0011214270458593763
0.001116826582857283
0.0007413007032073176
0.0003288057892204549
0.00010358461678037558
5.604103226599023e-05
9.298463495319503e-05
0.00023590479104943323
0.00042035330633487575
0.0005002054108745459
0.000398195602020096
0.00022188700955171276
0.0001415781677516998
0.00026922903118087657
0.0006298699254277478
0.001045393647328403
0.001165777034732369
0.0008704592573266253
0.0004351113597792904
0.00014560188839944735
3.2616125564883e-05
4.890626189092234e-06
4.908127417928016e-07
3.29628764223851e-08
1.481218150554272e-09
3.4939365490792853e-06
3.114995452621704e-05
0.0001850916717752354
0.0007329897468573286
0.0019346061147437448
0.0029491595016353307
0.003962007101505699
0.0035720491294193696
0.0022831891243034487
0.001475106076723365
0.001799371070173659
0.0026566334010931923
0.0029081113042384544
0.002151152930214607
0.0010636127358858616
0.00035392363983309256
0.00012501278546986198
0.00033110513336271626
0.0017008432444307429
0.006524783413824228
0.018593359377694418
0.0400660798230523
0.0663508917944375
0.08367594044540748
0.07783916305414458
0.05183191638735983
0.024806474471743303
0.009415259101554293
0.0035914695107682063
0.001513846993660625
0.0005817694506152012
0.000325377705283149
0.00043617862176911375
0.0011881834376011723
0.0024118472139327755
0.003290092397922341
0.003037224996587816
0.0020003346686306954
0.001129449293954135
0.0007239265711765216
0.0004933630772352676
0.00026846650702853534
0.00010183191601142467
2.5993388554634675e-05
4.430996833302734e-06
5.036217491432983e-07
3.81529318797955e-08
1.9263796612838706e-09
6.482464308775452e-11
3.0474272853598584e-07
3.204052475819922e-06
1.9785249790671127e-05
9.189477537182371e-05
0.0003162469221920329
0.0007988624005898004
0.0014724759306516861
0.0020088675476101865
0.0021367227482704974
0.0020168561465165806
0.0018376361495891062
0.0018448858316066656
0.001857338317476345
0.0016327699473828229
0.0013364930687700183
0.0011783167500409573
0.0010696167790346987
0.0011059071646874466
0.001693040790392001
0.002771693411827899
0.003413054764901963
0.002897414596556487
0.0017466363344753794
0.000906130100294535
0.0005928722307568835
0.0004997056708511414
0.000415132963936637
0.00030345477312292943
0.00017957728463760848
7.886573286558026e-05
2.602293831713702e-05
1.663392180684273e-05
4.606131084908178e-05
8.977657563722376e-05
0.00017748454761955641
0.00023529958504152687
0.00021819018398129138
0.0001988446003599907
0.0003866736655325061
0.0010166283606346561
0.0020278747848202347
0.0027888902253344096
0.0026243120760445276
0.0017143849771444541
0.0009331278208930922
0.0009620030933345541
0.0018781755845317283
0.0030144364551827605
0.003288207694339072
0.0023944258520279204
0.0011622080975940393
0.0003762482345359415
8.296265222266579e-05
2.0315101491819324e-05
2.7423670060255546e-05
5.3290643220686674e-05
7.175450440191961e-05
6.447233989546184e-05
0.0001469299587576618
0.00042261080939425547
0.002039856715041307
0.006876796146131789
0.01549566682955084
0.02327509469807225
0.023300541386714273
0.015548529366285022
0.00692779754626508
0.002102969668562373
0.0005469482871771588
0.0003473690087730015
0.0005083423013547457
0.0006942978233158982
0.0007145216559125584
0.0005178337059921935
0.00025598219716564826
8.512127277574885e-05
1.8933218268412065e-05
2.8106314893883477e-06
2.7822833798721566e-07
1.8359956493903243e-08
8.075300766230816e-10
2.1364465190902008e-05
0.00015766122944758476
0.0007796864506922745
0.0025850996892812944
0.0046040713148718625
0.007846955745582822
0.008975457567579129
0.0068914593110543
0.0035524312401953246
0.0012294616945932987
0.00028565874102546223
4.454990778336517e-05
4.662254447455303e-06
3.2729838947549333e-07
1.5406808125966497e-08
4.860780024045565e-10
1.0273458635321175e-11
1.4538993002654306e-13
1.3770547880877153e-15
9.89278876686103e-07
6.297845288958521e-06
2.6720635790980344e-05
7.555846658300384e-05
0.00014239706297425374
0.0001788547490344533
0.00014972056896318185
8.402314847017155e-05
3.447193775131053e-05
2.3447859995401895e-05
4.971912881494438e-05
8.209299172452501e-05
0.00012795104529316232
0.00013335599208023723
0.0001219539945742526
0.0002610344997482566
0.0010953944314707204
0.0035806878634053975
0.007884689192281831
0.011579099345246658
0.01133351464977055
0.0073932793074335465
0.003214335722727682
0.0009313800019299729
0.00017986395181330154
2.314956857188441e-05
1.9857438236890166e-06
1.1352332097912801e-07
4.325422175930113e-09
3.2756213326198815e-06
2.1346107742886348e-05
9.27128089384227e-05
0.000268375191299722
0.0005180636666571948
0.0006683248699144409
0.0005852512538746145
0.0004483221133915956
0.0002873105128072967
0.0002604345659605087
0.0002775775875748265
0.00023022502887695378
0.00013074510245998587
4.971560840307171e-05
1.2614482703442321e-05
3.7381785988892495e-05
0.0002971591455739406
0.001667006472293252
0.00623749061855185
0.015554951891999255
0.025852887063718986
0.02863722783732403
0.021141434342723843
0.010402062787372077
0.0034110339440815434
0.0007454768470661513
0.0001085834975430781
1.0561280968632708e-05
8.114727941557684e-07
5.760684712801419e-07
1.56067924655533e-06
3.050362734377933e-06
4.449840399286912e-06
5.332909878361767e-06
7.276378374219102e-06
9.775264156711298e-06
1.0440423317985195e-05
7.838744295455074e-06
3.97727283350943e-06
1.3496163066035375e-06
3.0548380535137536e-07
1.9831293851081253e-06
1.816508107604391e-05
0.00011347444229696304
0.0004725511190935207
0.0013115421336149743
0.002426036097911539
0.0029908443953183734
0.002457474096563315
0.0013464835538628843
0.0004959300266226285
0.00013840017585232928
9.692124866524489e-05
0.00030080257958981497
0.0011581630951073003
0.0035792628718392503
0.007777344039035674
0.011431842284598035
0.01125198142402093
0.008896659591112572
0.004464616051362555
0.001494936013987176
0.0003354686504869727
5.335671429260102e-05
1.2265061785260248e-05
1.798176082040145e-05
3.7688662841231686e-05
5.750164733006008e-05
5.9311772678190895e-05
4.088077149800802e-05
1.8788362520551634e-05
5.755448940028718e-06
1.1750550688045395e-06
1.5988956239116568e-07
1.4499859760740917e-08
8.763731908264484e-10
3.5301724546083034e-11
9.477293054101456e-13
6.999935285901196e-06
5.128433127739736e-05
0.0002504130270145054
0.0008149119517992274
0.0017674453937424003
0.0025548350791470232
0.002607003661822496
0.0019162893554897696
0.0009387773731266524
0.0003065182625647459
6.673709719011691e-05
9.799883356178196e-06
1.205675731659607e-06
4.447854648780603e-07
3.666293319038187e-07
2.2975540707394823e-07
9.6579778005667e-08
2.7065477073844396e-08
5.055132005536396e-09
6.292614483351624e-10
5.334017062117894e-06
4.519888412924047e-05
0.00024630195843492326
0.0009466163583089974
0.002611060474967376
0.005222215184949353
0.00755733156055321
0.007808879826522235
0.005658749315097932
0.0028288923517995126
0.0009637372449587655
0.00022195291084730213
6.692409048421498e-05
7.948548936327731e-06
1.8816276714894775e-06
8.52589928375285e-06
3.848680707078549e-05
0.00011624114510001646
0.00023399296592470535
0.00033733991422819426
0.0004761221332714232
0.0012569887428873444
0.004119288855758612
0.010105403700542238
0.016898043361824523
0.019265760364374655
0.015324348960230905
0.008871063723305024
0.003943198440005429
0.0013910241305739415
0.0004099851980589276
0.00024623895432077705
0.0006987276801613319
0.0019375105350596521
0.0037268943660301824
0.004855779342163453
0.004256357877552165
0.002500318169998706
0.0014024366871542003
0.00042083975932728367
8.427260018183732e-05
1.1265827051377214e-05
1.0994560441472698e-06
6.574146262306104e-07
2.455704996618495e-06
6.742777597319486e-06
1.2482555877195684e-05
1.5745430038754263e-05
1.3837212588061278e-05
8.844534972748637e-06
4.576104759255545e-06
2.6749216013398134e-06
2.5166976482985706e-06
2.6115493842242434e-06
2.0422452214547946e-06
1.0887111930846363e-06
3.8839334338434623e-07
9.241437433514474e-08
1.465717034224243e-08
1.5493654890241893e-09
1.0915443051979881e-10
5.125200082559443e-12
1.6038432049968605e-13
3.34498793667232e-15
2.022943947637324e-16
1.8367450173784902e-07
1.5694862436667718e-06
9.036611246994244e-06
4.582445766501032e-05
0.00016577811684162318
0.0005069199461237508
0.0012777096701534424
0.00245957254817192
0.0034007188372067285
0.0032740095829252957
0.0021706660384483594
0.0010098640915299133
0.00045994204716566983
0.0006428099203973175
0.0014372061543227149
0.0023625095414794663
0.002700469733141107
0.0026594002317723896
0.004121736014397716
0.009176915744444831
0.016701253101680778
0.021212773688481235
0.0184988209246494
0.01112334363928669
0.006473286994046722
0.0021567979113657006
0.0005512348586177771
0.0001454928485717181
5.973838587697789e-05
3.876502128292877e-05
3.219427836448671e-05
2.6409483285683998e-05
2.9512789185389393e-05
6.783973605290848e-05
0.00015768785411703084
0.0002592862265721085
0.0002902841301258635
0.00023879611458187686
0.00025279927481582245
0.0006140459015341422
0.0015435278869236672
0.0027247504037463447
0.0032239311912133895
0.002546019758900782
0.0013414868542638235
0.0004715643475974609
0.00011059118289331245
1.7302983703100678e-05
1.8060835023326887e-06
1.2576668192354744e-07
1.700019374966113e-08
6.029563899458169e-10
7.657048195911432e-08
4.947824996534668e-07
2.1312252691267992e-06
6.118234633597344e-06
1.1705890252480117e-05
3.0239902154424176e-05
0.0001248999101634844
0.0005616094843467271
0.0018382321457629978
0.0041468282232182425
0.006578791895889983
0.00772793696610548
0.007167951503386747
0.005404677188521424
0.0031977289668311984
0.0014077284266801708
0.0004782987093558183
0.00018284774943249692
0.00011675983615950592
7.698654963522195e-05
3.6686986275752245e-05
1.1780819446695035e-05
2.5248686668908396e-06
4.120822686227524e-07
2.9932764352279153e-07
1.4063921874561246e-06
5.92632793247705e-06
1.670994260656862e-05
3.178206330609498e-05
4.250378639465803e-05
5.0508981039266864e-05
8.391226327397108e-05
0.0001692496327083784
0.00027017950491442684
0.0002982482011229963
0.0002308465652341413
0.00015004047026062156
0.0001231548845548939
0.00012535366891227527
0.00010537842461769347
6.160378738008293e-05
2.4304020456330812e-05
7.317792322504076e-06
6.266067105149462e-06
1.8657284487472033e-05
4.623572355353907e-05
8.961737673992981e-05
0.00016749885975977314
0.0004337996237658706
0.0008976772181145451
0.002266041815956408
0.004036562089093458
0.004848532182255185
0.0038909076918951803
0.002082538519676322
0.0007467920672154736
0.0002009448949969864
0.00013987794760498239
0.0003831219756485513
0.0009885320127709242
0.0019485546245582416
0.002868191822182227
0.0030969886238852787
0.0024106873754132104
0.0013376921317715808
0.0005367464298928129
0.00017014985544960856
5.190931140161036e-05
1.7287526346570176e-05
6.359846191291723e-06
3.2066537868723906e-06
1.0953840668131533e-05
6.432477299697267e-05
0.0002985795139555243
0.0009364718082566688
0.0016026868337150552
0.002559026770200439
0.0027232603230663978
0.0019314604567902149
0.0009129865405468193
0.0002950317056885726
0.00010798120186811576
0.000212218639481375
0.0005824852456594365
0.0011076337035394496
0.001407724182182753
0.0011961822743098154
0.0006816510072104678
0.0002633473813096878
7.956434044723262e-05
7.354081736919399e-05
0.00023063952435878113
0.0005730731207548208
0.0009600413158666363
0.0011008348201090058
0.0010017928040786132
0.001176118327228191
0.0020506377259896374
0.0031749868847289263
0.0035525309221872874
0.0031161238790680733
0.0029160638927891273
0.0032966430982690094
0.003848752344970401
0.003455015583949293
0.0021802488819795997
0.00100406120388033
0.0005023867039109684
0.0005628111546712238
0.000806747296826946
0.0008751641374365622
0.0006571818278182754
0.00033926035791019885
0.0001417717010479258
0.00017541319403702372
0.0007128885985735105
0.002321583983200556
0.005119237745100615
0.0076609513597663175
0.008250067457469059
0.007593946807607281
0.007515607543116568
0.007506800806786534
0.005942935803346303
0.0032917513978495882
0.0012303558995206585
0.0005118217450774933
0.00010420182844101849
3.1695244006133645e-05
3.704842478258855e-05
4.488770613759544e-05
3.7967164100839265e-05
2.412103214869833e-05
1.643081642119291e-05
1.6031075854164407e-05
1.574521291871902e-05
1.3757312943227859e-05
3.062447334436517e-05
0.0001214464028242465
0.00044717245836962727
0.0012325000671433164
0.0023881678955319113
0.0032011891194133613
0.0030332768332133183
0.0023831315578697844
0.0024699657115817204
0.003724842464935404
0.005210591184085242
0.0061372888349915805
0.007281215250820291
0.009046879058180557
0.009576261584267328
0.008404965627712497
0.00515876683962995
0.002235618560721455
0.0007314567145657585
0.00024070399510095006
0.00014693917616725755
0.00021862146728866258
0.0005518542366973442
0.0012707660382781786
0.0020771438972816227
0.002331681485005272
0.0019382212711799214
0.0016373640653783636
0.0019769698977754567
0.0025532106141729475
0.002571096777866899
0.001848178924354168
0.0009274570988105287
0.0003211227937689553
7.599358753771984e-05
1.2198968901260315e-05
3.0186880838388104e-06
1.5435307695530137e-05
9.236580033180619e-05
0.00037064357683223344
0.0009915590159052677
0.0015256678766156033
0.0020807569831811455
0.0019110756986838832
0.0012265650679717651
0.0006321877613425308
0.000346637688463677
0.00021291454006064253
0.00011114395560637947
4.131249839434849e-05
1.0386746526396132e-05
1.7459209024091107e-06
2.030355762722759e-07
7.52167857340892e-08
3.3526656530835064e-07
1.2310262741981843e-06
3.01893306450701e-06
4.934345664005373e-06
5.375109044085069e-06
3.902352866257326e-06
3.1610362838563904e-06
1.1323997373130909e-05
6.024822223901095e-05
0.00022481307690420634
0.0005602137801914979
0.0009304671525246482
0.0010299855603489111
0.0008797377532023157
0.0004952251928072196
0.00018596498653929
4.748413509793021e-05
1.855824490964752e-05
5.6272189204776005e-05
0.00020932738188961234
0.0005556795524462834
0.001013019774765838
0.0012522171437399042
0.00104228794948298
0.0005817930378889598
0.00021724837414228827
5.418851613835336e-05
9.020503379709147e-06
1.0015937521529217e-06
7.415626289320895e-08
3.660277866698347e-09
1.2043117770083246e-10
2.6411412963303886e-12
3.860589752629131e-14
3.761091321077147e-16
2.442112379973529e-18
1.056829567429598e-20
3.048101394438662e-23
4.929631996669196e-25
7.230105349180215e-28
7.067360086894158e-31
4.604175969385635e-34
1.9990722356219667e-37
5.784773534384895e-41
1.1156462962833375e-44
0.0
0.0
0.0
0.0
0.0
0.0
0.0
0.0
0.0
0.0
0.0
0.0
0.0
0.0
0.0
0.0
0.0
0.0
0.0
0.0
0.0
0.0
0.0
0.0
0.0
0.0
0.0
0.0
0.0
0.0
0.0
0.0
0.0
0.0
0.0
0.0
0.0
0.0
0.0
0.0
0.0
0.0
0.0
0.0
0.0
0.0
0.0
0.0
0.0
0.0
0.0
0.0
0.0
0.0
0.0
0.0
0.0
0.0
0.0
0.0
0.0
0.0
0.0
0.0
0.0
0.0
0.0
0.0
0.0
0.0
0.0
0.0
0.0
0.0
0.0
0.0
0.0
0.0
0.0
0.0
0.0
0.0
0.0
0.0
0.0
0.0
0.0
0.0
0.0
0.0
0.0
0.0
0.0
0.0
0.0
0.0
0.0
0.0
0.0
0.0
0.0
0.0
0.0
0.0
0.0
0.0
0.0
0.0
0.0
0.0
0.0
0.0
0.0
0.0
0.0
0.0
0.0
0.0
0.0
0.0
0.0
0.0
0.0
0.0
0.0
0.0
0.0
0.0
0.0
0.0
0.0
0.0
0.0
0.0
0.0
0.0
0.0
0.0
0.0
0.0
0.0
0.0
0.0
0.0
0.0
0.0
0.0
0.0
0.0
0.0
0.0
0.0
0.0
0.0
0.0
0.0
0.0
0.0
0.0
0.0
0.0
0.0
0.0
0.0
0.0
0.0
0.0
0.0
0.0
0.0
0.0
0.0
0.0
0.0
0.0
0.0
0.0
0.0
0.0
0.0
0.0
0.0
0.0
0.0
0.0
0.0
0.0
0.0
0.0
0.0
0.0
0.0
0.0
0.0
0.0
0.0
0.0
0.0
0.0
0.0
0.0
0.0
0.0
0.0
0.0
0.0
0.0
0.0
0.0
0.0
0.0
0.0
0.0
0.0
0.0
0.0
0.0
0.0
0.0
0.0
0.0
0.0
0.0
0.0
0.0
0.0
0.0
0.0
0.0
0.0
0.0
0.0
0.0
0.0
0.0
0.0
0.0
0.0
0.0
0.0
0.0
0.0
0.0
0.0
0.0
0.0
0.0
0.0
0.0
0.0
0.0
0.0
0.0
0.0
0.0
0.0
0.0
0.0
0.0
0.0
0.0
0.0
0.0
0.0
0.0
0.0
0.0
0.0
0.0
0.0
0.0
0.0
0.0
0.0
0.0
0.0
0.0
0.0
0.0
0.0
0.0
0.0
0.0
0.0
0.0
0.0
0.0
0.0
0.0
0.0
0.0
0.0
0.0
0.0
0.0
0.0
0.0
0.0
0.0
0.0
0.0
0.0
0.0
0.0
0.0
0.0
0.0
0.0
0.0
0.0
0.0
0.0
0.0
0.0
