a = 9.152256958862129 b = 5.080866592568874 c = 10.04858966739929 ,Gaussian ,LMH = 0.08 ,DW = [0.7 0.7 0.7]
0.0
0.0
0.0
0.0
0.0
0.0
0.0
0.0
0.0
0.0
0.0
0.0
0.0
0.0
0.0
0.0
0.0
0.0
0.0
0.0
0.0
0.0
0.0
0.0
0.0
0.0
0.0
0.0
0.0
0.0
0.0
0.0
0.0
0.0
0.0
0.0
0.0
0.0
0.0
0.0
0.0
0.0
0.0
0.0
0.0
0.0
0.0
0.0
0.0
0.0
0.0
0.0
0.0
0.0
0.0
0.0
0.0
0.0
0.0
0.0
0.0
0.0
0.0
0.0
0.0
0.0
0.0
0.0
0.0
0.0
0.0
0.0
0.0
0.0
0.0
0.0
0.0
0.0
0.0
0.0
0.0
0.0
0.0
0.0
0.0
0.0
0.0
0.0
0.0
0.0
0.0
0.0
0.0
0.0
0.0
0.0
0.0
0.0
0.0
0.0
0.0
0.0
0.0
0.0
0.0
0.0
0.0
0.0
0.0
0.0
0.0
0.0
0.0
0.0
0.0
0.0
0.0
0.0
0.0
0.0
0.0
0.0
0.0
0.0
0.0
0.0
0.0
0.0
0.0
0.0
0.0
0.0
0.0
0.0
0.0
0.0
0.0
0.0
0.0
0.0
0.0
0.0
0.0
0.0
0.0
0.0
0.0
0.0
0.0
0.0
0.0
0.0
0.0
0.0
0.0
0.0
0.0
1.106789910707559e-34
9.973663437909343e-34
5.989985544316813e-33
2.3976091534831058e-32
6.396060305064792e-32
1.1371775043051152e-31
1.347489898302245e-31
1.0641536145819736e-31
5.60098847638122e-32
1.964746763065419e-32
4.593355227688881e-33
1.3913824688596686e-33
1.6541411219379617e-34
1.3106301002106838e-35
6.921006633894282e-37
2.4357905509089177e-38
5.713367571624504e-40
8.931531571139147e-42
9.305533097698255e-44
6.4615710899858546e-46
2.990312275110162e-48
9.223091317849004e-51
1.8959113294665037e-53
2.597413438738111e-56
2.371623214563754e-59
1.4432177133139185e-62
5.853283460882745e-66
1.582154207944651e-69
0.0
0.0
5.164930383539239e-34
3.387342831695973e-33
1.4805919483830978e-32
4.3131360875025885e-32
8.373990950071368e-32
1.0835609902925854e-31
9.344493878367032e-32
6.757586168223293e-32
2.963443113988163e-32
8.661301285373893e-33
1.6871404773654594e-33
2.1902863282823788e-34
1.8950998088290459e-35
1.0928104303383157e-36
4.1999016771230945e-38
1.0757589387062124e-39
1.8364214281687994e-41
2.089350436145005e-43
1.5842793909033117e-45
8.006335879371883e-48
2.6966053172870115e-50
6.05316504829413e-53
9.055849433279399e-56
9.029369356633291e-59
6.00022025194975e-62
2.6574096907572596e-65
7.84388801158976e-69
1.543070621734836e-72
0.0
0.0
0.0
0.0
0.0
0.0
0.0
0.0
0.0
0.0
0.0
0.0
0.0
0.0
0.0
0.0
0.0
0.0
0.0
0.0
0.0
0.0
0.0
0.0
0.0
0.0
0.0
0.0
0.0
0.0
0.0
0.0
0.0
0.0
0.0
0.0
0.0
0.0
0.0
0.0
0.0
0.0
0.0
0.0
0.0
0.0
0.0
0.0
0.0
0.0
0.0
0.0
0.0
0.0
0.0
0.0
0.0
0.0
0.0
0.0
0.0
0.0
0.0
0.0
0.0
0.0
0.0
0.0
0.0
0.0
1.1368329822551146e-08
7.585389104419421e-08
3.373188493293467e-07
9.997350191779174e-07
1.974743750541436e-06
2.5996695022633235e-06
2.280904377787689e-06
1.3337596246000736e-06
5.197920132756824e-07
1.3500914476631654e-07
2.3371055048741415e-08
5.794143762611211e-09
5.100432202619772e-10
2.992307628646869e-11
1.1700031975737352e-12
3.048943705001861e-14
5.295333424644609e-16
6.129411296752358e-18
4.72852583340113e-20
2.4311643340920287e-22
8.33075598700977e-25
1.90254991689103e-27
2.8958046056115862e-30
2.9375414071856404e-33
1.9860047727322796e-36
8.948662456589541e-40
2.6873084266386415e-43
5.378466269008497e-47
0.0
0.0
0.0
0.0
0.0
0.0
0.0
5.653645807275127e-06
3.760488657910221e-05
0.00010615870220040493
0.00035906565546590924
0.0008094195346553986
0.0012160601143534457
0.0012176373329872653
0.0008125730499774842
0.0003614002274949745
0.00010712626839813678
2.1163382474714325e-05
2.7864787322678727e-06
2.445163660234711e-07
1.4300185825039848e-08
5.573871822811713e-10
1.4479508562070932e-11
2.5068723190574135e-13
2.8926251368008696e-15
2.224506325806592e-17
1.140136062106571e-19
3.894585728339432e-22
8.866401665737017e-25
1.3452874284207792e-27
1.3603927661541053e-30
9.168432506140601e-34
4.11819985314011e-37
1.2328246048406263e-40
2.4596692762694794e-44
0.0
0.0
0.0
0.0
0.0
0.0
0.0
0.0
0.0
0.0
0.0
0.0
0.0
0.0
0.0
0.0
0.0
0.0
0.0
0.0
0.0
0.0
0.0
0.0
0.0
0.0
0.0
0.0
0.0
0.0
0.0
0.0
0.0
0.0
0.0
0.0
0.0
0.0
0.0
0.0
0.0
0.0
0.0
0.0
0.0
0.0
0.0
0.0
0.0
0.0
0.0
0.0
0.0
0.0
0.0
0.0
0.0
0.0
0.0
0.0
0.0
0.0
0.0
0.0
0.0
0.0
0.0
0.0
0.0
0.0
0.0
0.0
0.0
0.0
0.0
0.0
0.0
0.0
0.0
0.0
0.0
0.0
0.0
0.0
0.0
0.0
0.0
0.0
0.0
0.0
0.0
0.0
0.0
0.0
0.0
0.0
0.0
0.0
0.0
0.0
0.0
1.7554457060898427e-34
1.149483321377714e-33
3.211296326915402e-33
1.0692967215129764e-32
2.37299944243133e-32
3.5097694163296633e-32
3.459721038793004e-32
2.2729251179282365e-32
0.0007897570352093976
0.007163479938243477
0.04330481053019433
0.17447362516279968
0.46849501592621967
0.838420161815655
1.0
0.7949134306567645
0.42113488475362076
0.14869766501612877
0.03499198892493027
0.005488006988945388
0.0005736437041642947
3.9962380941462587e-05
1.8554191193005293e-06
5.741352974144687e-08
1.1840444767378256e-09
1.6274338051331584e-11
1.4908027932344366e-13
5.209535091691032e-15
2.426712979340654e-17
7.533892279899042e-20
1.558841459378648e-22
2.149641499171917e-25
1.975657582237114e-28
1.2101490429563985e-31
4.940234861168222e-35
1.3441194899601339e-38
0.0
0.0
0.0
0.0
0.0
0.0
0.0
0.0
0.0
0.0
0.0
0.0
0.0
0.0
0.0
0.0
0.0
0.0
0.0
0.0
0.0
0.0
0.0
0.0
0.0
0.0
0.0
0.0
0.0
0.0
0.0
0.00011714249593595781
0.0010673866631009043
0.006482023766050834
0.0262349967176679
0.07076735399686007
0.12722431041027246
0.1524415386528664
0.12176106878873094
0.06489843052068661
0.023224224889478454
0.005779287056913928
0.0011825923728832884
0.00044970260088257407
0.00013578347017488936
3.9058471378451285e-05
8.149658693953522e-06
1.1506966993481628e-06
1.0856396234630859e-07
6.829364715048253e-09
0.0008576854720852244
0.006282303665023112
0.03066842605612065
0.09978048253580916
0.21636213579919839
0.3126788227313178
0.30115995567369425
0.193320330599224
0.0827064503638141
0.023582116631441875
0.0044813383178000325
0.0005675632011057773
4.7907363963214765e-05
2.69508128839856e-06
1.0104690379985686e-07
2.5249669673257343e-09
4.205038139523157e-11
4.66730009419e-13
1.853661558063926e-14
1.0462339539244939e-16
3.935579822432731e-19
9.866660581466915e-22
1.6485920449238203e-24
1.8358523909687025e-27
1.3625230788236224e-30
7.109936985915653e-34
2.8802438936565587e-34
1.4904775647879782e-33
5.144442049969961e-33
1.1834030330302953e-32
1.817171077516994e-32
1.8763160352401778e-32
1.3798826683655435e-32
9.815902525763214e-33
1.1207536022066821e-32
1.4989969418623538e-32
1.5125002656222342e-32
1.0353580140098528e-32
4.734645815250592e-33
1.4434419777399193e-33
2.9329868356691463e-34
3.971958611748719e-35
3.5849339585161857e-36
2.1564489994140653e-37
2.642482233297382e-38
8.083002140974365e-40
1.647839314014825e-41
2.2389199924566875e-43
2.0274205162432465e-45
1.2235751487940872e-47
4.921517193848533e-50
1.3193162566085644e-52
2.3571128159030577e-55
2.5138624159642307e-09
2.097868301759427e-08
1.1668001735660674e-07
4.325101435929948e-07
1.068507704147366e-06
1.7593026892175557e-06
1.930567644939094e-06
1.4119230507630032e-06
6.882062014433099e-07
2.2356699178401288e-07
4.8403674615761066e-08
6.984422948860338e-09
6.71682876293587e-10
4.305063590591681e-11
1.8389774897917855e-12
5.235459493438784e-14
9.933784688858995e-16
5.640560068282885e-17
5.442328440946996e-19
3.499683862221406e-21
1.4998728048336864e-23
4.284121449812878e-26
6.008104044481591e-07
3.962226872591007e-06
1.741497204036949e-05
5.1013811389771616e-05
9.959426042509018e-05
0.00012958728706549883
0.00011237560247037129
6.494761632744209e-05
2.5017041443296594e-05
6.42229466423881e-06
1.0988187352363909e-06
1.2529779600586437e-07
9.522310882066535e-09
4.82306182048734e-10
1.6281141444125217e-11
3.662928304397379e-13
5.4922909454110926e-15
5.488582549676305e-17
3.6555136836555735e-19
1.6226250472311222e-21
4.800312218746976e-24
7.895952954104831e-26
1.1878413574709087e-28
1.1909509646023475e-31
7.958127026701077e-35
3.544128026258954e-38
1.0519364034535414e-41
2.080899547237131e-45
0.0
0.0
0.0
0.0
0.0
0.0
0.0
0.0
0.0
0.0
0.0
0.0
0.0
0.0
0.0
0.0
0.0
0.0
0.0
0.0
0.0
0.0
0.0
0.0
0.0
0.0
0.0
0.0
0.0
0.0
0.0
0.0
0.0
0.0
0.0
0.0
0.0
0.0
0.0
0.0
0.0
0.0
0.0
0.0
0.0
0.0
0.0
0.0
0.0
0.0
0.0
0.0
0.0
0.0
0.0
0.0
0.0
0.0
0.0
0.0
0.0
0.0
0.0
0.0
4.5353254429595355e-08
3.8662863584188324e-07
2.1966513218125163e-06
8.31782508266429e-06
2.0991331569463508e-05
3.530626219936208e-05
3.9856005605508976e-05
3.408851678044917e-05
1.9431395313265115e-05
7.382125385242511e-06
1.8691338207293721e-06
3.15413968317203e-07
3.5473414798983953e-08
4.7437946123542704e-05
0.00041934513172310264
0.0024707166993884915
0.009701881814105178
0.025390459356262857
0.044286023326881675
0.05148068998854212
0.039884447636313
0.020594172816414232
0.007087069177551455
0.0016254384892185837
0.00024845969905986645
2.531179349056549e-05
1.7185866366943224e-06
7.776810036491862e-08
2.3453793599178457e-09
4.714181024239535e-11
6.315110586411723e-13
2.84314029127676e-14
1.9367589650109832e-16
8.792946042026706e-19
2.6605706108907358e-21
5.365333461602889e-24
7.211078059259693e-27
6.459296535282013e-30
3.8561311559527175e-33
1.5342633792571995e-36
4.068455682981897e-40
0.0
0.0
0.0
1.711711228158974e-06
1.2835123600058189e-05
0.00035654996616381053
0.0022671169762362984
0.010085352417510098
0.030682127388947062
0.06302022005048322
0.08681503624806036
0.07994804971879348
0.049139485051497914
0.02014344456270843
0.005505038580051359
0.0010028498424553872
0.00025724059486243876
2.3832021875314187e-05
1.471543284487704e-06
6.055794299019973e-08
1.6609356652750788e-09
3.036106759647855e-11
3.698820716836722e-13
3.0032486710220903e-15
1.6251780905211515e-17
5.86127667292726e-20
1.408850976077794e-22
2.256937144186523e-25
2.409671236840084e-28
1.716442170277062e-31
9.761338253521443e-35
1.0079277967881322e-36
3.945721652991859e-38
1.0560963416458748e-39
1.8841773270095466e-41
2.2403793286818902e-43
1.2157652369581125e-05
9.601823880789574e-05
0.0005054047258244355
0.0017729905035101974
0.004304766227506339
0.007664156563818346
0.010632396116235418
0.019716757292440996
0.03938872443506002
0.06368394152833586
0.07359553011420368
0.06299932368898895
0.04910343393067875
0.04361721756773631
0.03806309675191942
0.02536541538963423
0.011650957865851033
0.0035958803872957437
0.0007550467961373353
0.0001589210578382464
0.0001527854702743822
0.00023972132224562092
0.00026566702322617156
0.000196654396005319
9.702555658805607e-05
3.190446397599664e-05
6.991950695151043e-06
1.021237636192258e-06
9.941154296284329e-08
6.449534430031393e-09
2.788697868421472e-10
8.036299467938318e-12
6.029205275301831e-13
8.835218578111159e-15
8.628912677461433e-17
1.4991199452990285e-05
9.485574538198315e-05
0.00040001147322019597
0.0011242497590728334
0.002105885268265847
0.002628985301504667
0.0021873745645335833
0.0012129410815563413
0.00044826806624268016
0.00011041229724401887
1.812502600635305e-05
1.982993903550272e-06
1.4459246708374935e-07
7.026701502222137e-09
2.275825137534903e-10
4.912559499858367e-12
7.067377753155215e-14
6.776264270068892e-16
4.33015969036281e-18
1.8441618730228357e-20
5.2345061373232287e-23
9.902251121842464e-26
1.2089461160242405e-27
1.1629679524945195e-30
7.456072087132861e-34
3.1859136266569416e-37
9.072760462967121e-41
1.7219734080802344e-44
0.0
0.0
0.0
2.786936775082801e-07
2.5363478594488553e-06
1.5384098970357873e-05
6.218947089635565e-05
0.000167549527244083
0.00030085075093989525
0.0003600315341949277
0.0002871517917972771
0.00015263849251975252
5.407520245112662e-05
1.2767732882130968e-05
2.009143563037231e-06
2.1071220931810892e-07
1.472821038776164e-08
6.86106930243888e-10
2.1301744977703162e-11
4.407781971229898e-13
2.6516991317925784e-14
2.7901769709906255e-16
1.956684485738823e-18
9.145161964684625e-21
2.848679232349379e-23
5.913944515878494e-26
8.182622017188726e-29
7.545521879080788e-32
4.637325957656903e-35
1.8994484543172817e-38
5.185241040081263e-42
1.8181374635556e-06
1.5519695001700306e-05
8.829196788617174e-05
0.00033476555006132765
0.0008459444983764864
0.0014247036253976406
0.0015991482853537043
0.0011962845455304526
0.0005964331804990485
0.0001981849392120835
4.388954189720715e-05
6.4778814541482605e-06
6.372157366211301e-07
4.177548851817933e-08
1.82531629143034e-09
1.8073824129825719e-10
4.015773644556652e-12
5.946616704036534e-14
5.868839274367431e-16
3.8602553511856276e-18
1.6922378303227507e-20
4.9441121513090936e-23
9.627128660319435e-26
1.249357667203262e-28
1.0805835329552793e-31
6.228901336517433e-35
2.3930187799875106e-38
6.127203577811025e-42
0.0
0.0
0.0
3.781375768453143e-06
3.121763770345781e-05
0.00017176385692236582
0.0006298615232700467
0.0015393590275896386
0.0025073578158724998
0.0027219130960922902
0.0019693084460423596
0.0009495870429973022
0.0004660684067952314
0.00011428080251057383
1.8675766979210462e-05
2.0340665586388955e-06
1.4764998977783897e-07
7.1430424466238244e-09
2.303109510426847e-10
5.733665947077358e-06
4.618711414885783e-05
0.0002479654598511324
0.0008872440629319414
0.0021158094945868317
0.0033627266801469686
0.0035619525170922286
0.002514584476143654
0.0011831120634665136
0.00037099416862544394
7.753357908516936e-05
1.0799263283748864e-05
1.0024898278678718e-06
6.20222286969989e-08
2.5573861550707747e-09
7.027919843768343e-11
1.2871786794271468e-12
1.5712034490975557e-14
1.2782257382415589e-16
4.12691167953576e-18
1.70727267440242e-20
4.707194594837164e-23
8.649741189924208e-26
5.8696045106962e-07
3.915498983382948e-06
1.7407922296228194e-05
5.1580828262331886e-05
0.00010186177315351246
0.00013406508885171914
0.00011759848234244377
6.874945850961342e-05
2.6786649494420215e-05
6.955831551188494e-06
1.2038191997353998e-06
1.388529219441797e-07
1.0674076942971512e-08
5.468738826619729e-10
1.86734939475696e-11
4.249575363804776e-13
6.445357843128611e-15
6.515234938512817e-17
4.389294045587976e-19
1.9707921285551825e-21
5.897507615082602e-24
4.787702734796442e-06
2.2221982318489727e-05
0.0001584592215691079
0.0007530672945229362
0.002385237362489115
0.005035133253479622
0.007083891189896318
0.0066422366266667195
0.004151158597547248
0.0017308770728251786
0.0004896219774628406
0.00011919153689102439
7.421923568285659e-05
8.862782474850864e-05
8.11156089553307e-05
4.992733428430489e-05
2.049214116173232e-05
5.605723703870932e-06
1.0220176742951013e-06
1.2418430787041206e-07
1.0056725288893205e-08
5.427852049116533e-10
1.9524546880945848e-11
4.680750305678399e-13
7.478793349186611e-15
7.963961285353437e-17
3.0767702781640923e-18
1.6660777284191394e-20
6.012803267533418e-23
1.446239697499092e-25
2.3183826307886087e-28
2.4769185231063693e-31
1.7637275423862347e-34
8.381860592781895e-38
2.8487191423687444e-41
2.781069382609198e-44
1.6341140400279776e-46
8.00558043208843e-49
2.6138751338726342e-51
5.687984411555965e-54
8.249231774233976e-57
7.973521369822341e-60
5.136512712624684e-63
2.2053022486030193e-66
6.310291496955347e-70
1.2034062724795792e-73
0.0
0.0
0.0
0.0
0.0
1.164487331207296e-06
4.4587622904597184e-06
2.3822368412062454e-05
8.482758482639514e-05
0.00020131253411200564
0.000320423200798593
0.00035120492763094925
0.0003159209290864025
0.0003853429048301582
0.0006632812909710025
0.0009657281101143384
0.0009748427406638503
0.0006594857392460486
0.00029756916985300435
8.949464997865511e-05
1.793882163813731e-05
2.3964762921952604e-06
2.1337032799212128e-07
1.2661246860651661e-08
5.007263872489175e-10
1.3197936329490758e-11
2.31842540743239e-13
2.7143245480485923e-15
2.11793179171298e-17
0.00011776975492580239
0.0009250956780580241
0.004843073731630593
0.011654980740765972
0.031027627534491013
0.055051242674411825
0.06509793799656217
0.051303723475084106
0.026947103351066395
0.009433152124062292
0.002200812968351215
0.0003422086499970054
3.546340057987805e-05
2.788232496287307e-06
3.2752845309082482e-06
1.96735914400973e-05
8.153813376349567e-05
0.00022526568734576534
0.0004147737310861156
0.0005089896977928157
0.00041628262934305117
0.000226907647970453
8.243118201532065e-05
1.9957928798307415e-05
3.2204826114606936e-06
3.4634426161897013e-07
2.4824275505980054e-08
1.1858416960656633e-09
3.775360252437719e-11
3.0270090141998298e-12
4.900585571282063e-14
2.0430431562252578e-05
0.0001842150062657657
0.0011070163062307057
0.00443368239175468
0.011834684600761643
0.021053792856898335
0.024962354777241787
0.019725240411176362
0.010388207289083738
0.0036461997524107085
0.001016329604465527
0.0015534023106251876
0.008244010034107461
0.031783153549616534
0.0817974206231532
0.1403060475193681
0.1603965218298743
0.12220671063352695
0.06205499015102857
0.021000997132392323
0.004736795859227475
0.0007920525225110811
0.0007902496948791114
0.0024925253148208562
0.01133436179869581
0.03451706237105369
0.07006748281613924
0.09483142203268055
0.08575656356442281
0.05248915106659155
0.02339789018788703
0.010171488279925901
0.006136887686094111
0.003922514014212984
0.001912246174152622
0.000673668170875332
0.0001904326609181392
5.20410472953512e-05
1.404459421956052e-05
3.1196926469297116e-06
4.965558506844429e-07
5.3770634980489686e-08
3.90207458981462e-09
1.8899789701350105e-10
6.103301918344018e-12
1.3137037800305706e-13
1.8846160554174594e-15
1.8019088840124276e-17
1.1482199478042173e-19
3.1500751415077227e-21
1.0207420341789848e-23
2.204411434548825e-26
3.172859671497168e-29
3.043621364015332e-32
1.9458615279469827e-35
8.291150295108e-39
2.354502695989247e-42
0.0
0.0
0.0
0.0
8.250886631890435e-06
5.7815564712161494e-05
0.0002700041704136002
0.000840383894212135
0.0018219286631951381
0.0030107357954618445
0.005277615153062442
0.011732927930283868
0.023999842743030783
0.035471710389183404
0.035494359652816276
0.023739408092751033
0.010587395894530416
0.003179401703781528
0.0012362096536655996
0.0007519169611538901
0.0019468470232107552
0.004260148011006627
0.006264514498450794
0.006141032073330921
0.004012178051373842
0.001747031274832393
0.0005069938752039669
9.805873678478131e-05
1.2640126604604661e-05
1.085920674804841e-06
6.62030431681673e-06
5.0593151392724544e-05
0.000260102485099385
0.0008912488571096184
0.002035331332167504
0.003097795889894733
0.003142331712756507
0.0021243829430031757
0.0009571833406204961
0.0002874345733903077
5.75260331165368e-05
7.67310952075752e-06
6.82118636668269e-07
1.0844756064106878e-07
4.902424187107756e-09
1.4770103313419957e-10
2.965771777659158e-12
3.667003176079382e-06
3.107363535762382e-05
0.0001754908174382325
0.0006605387145845517
0.0016570045661657353
0.0027703247474569655
0.003086876156551895
0.002292394084098973
0.001134595090513675
0.00037426056525406254
8.227895866200206e-05
1.2055495134294537e-05
1.177234187746053e-06
7.661648573549217e-08
3.323250952467356e-09
9.606951455821987e-11
1.850928329964234e-12
2.3767043299888756e-14
2.0339593090546727e-16
7.832521718278477e-07
7.106476796085217e-06
4.2972302580122214e-05
0.00011384457504634457
0.00035006541255498436
0.0007174103115212901
0.0009979667548883878
0.0010229746787044267
0.001173150704231376
0.002250840703846107
0.004516336003513307
0.007011514409591212
0.009878871774880262
0.01710521889777936
0.03159456155465787
0.04539807340069038
0.04496182232735363
0.02987175966571688
0.013352127483934079
0.0047948350282356915
0.005521060691926193
0.017171760235526738
0.04089528450561052
0.06526984938232815
0.06945526766636638
0.04930320505548684
0.023423345365111488
0.007560325256246966
0.0017661630958715991
0.0006130374442849916
0.00013553044914296663
3.2873468343788395e-05
6.690320769674418e-06
9.668822978453588e-07
9.448642872684218e-08
6.173265803988551e-09
2.6899028727944527e-10
7.812733787475734e-12
1.5123927310548173e-13
3.930277477270824e-08
1.946058026188525e-05
0.00015459271361903114
0.0008212476276771435
0.0029162566166540684
0.006920535906552222
0.010974082409263189
0.011627912325966237
0.008232971226217783
0.0038955223363101254
0.0012318902990989112
0.00026038964736886785
3.67934227947165e-05
3.4758362204255277e-06
2.1955072790698694e-07
9.273310554685234e-09
8.993992494500745e-10
1.942777055335905e-11
2.8065904898077196e-13
2.7116039827470683e-15
1.7521040362732367e-17
7.571205655547421e-20
2.1878473172445123e-22
8.134926208924944e-07
6.087476847570276e-06
3.0360056489577556e-05
0.00011491865367464352
0.0003163400556270903
0.0007397716960660702
0.0015305096290304365
0.0025778403367440867
0.003184364580820163
0.002720215289338571
0.0015689466217186563
0.0006057799525226738
0.00015611659736126975
2.7682064377379523e-05
1.0484772303096163e-05
4.308043007699968e-05
0.00016508576489542853
0.0004238673944934072
0.0006344022720461325
0.0008283591305559949
0.0007208653791735459
0.0004180913875553067
0.00016161059260542013
4.1634175859900096e-05
7.765534857088953e-06
5.412144871301069e-06
3.074512295933507e-05
0.0001439025494786704
0.0005628256608649156
0.0017746847074043774
0.004184721501615705
0.006975294922754216
0.008145618589434378
0.00714677850562934
0.005829878922953675
0.005300300905044302
0.004538067504046406
0.002919353549757088
0.0012903595712196174
0.0005180064067882928
0.0012091902080495459
0.0063682892393479565
0.023747738470640177
0.05923990317476625
0.087145093024498
0.11140470763118099
0.09578957074889136
0.05573057820857213
0.02214137156981171
0.0060840840464669605
0.0011741871213298146
0.00016146385053673423
1.5945842449233936e-05
1.1282979637538206e-06
5.65495475025068e-08
1.97680000305145e-09
4.75043451730589e-11
7.760482409893994e-13
8.552703262603965e-15
6.327835797801517e-17
3.1336195310769053e-19
1.0368180982488665e-21
2.289650575301215e-24
3.372726332407772e-27
3.31271857061619e-30
2.1691553257915066e-33
9.467779342676968e-37
2.7539313984382e-40
5.340336100333837e-44
0.0
0.0
0.0
0.0
2.044590658742849e-06
1.6653875036742105e-05
9.040777458438698e-05
0.0003270979367897953
0.000788735482431955
0.0012748452203333494
0.0014107544123714822
0.0012270489823892898
0.0012957121856650247
0.0019463170880001071
0.0026215559702787695
0.0025086725675626865
0.0017209082433987087
0.0011700944402171613
0.0013834802235051851
0.0019445339505098163
0.002043767976851587
0.0014819240567727071
0.000902507958365629
0.0011246712915365764
0.002579619701004749
0.004718700425982163
0.005689192587571645
0.005378635200715241
0.003389728650227557
0.001423790541286242
0.00039857433681719985
7.436252836618384e-05
9.24656685649165e-06
7.662816559563666e-07
4.232314109552297e-08
1.5579334555581651e-09
3.822094873956438e-11
6.249360396315456e-13
6.810064523719774e-15
4.94593530011154e-17
2.3940167416973395e-19
7.72302576398259e-22
1.6604634956321434e-24
2.379319309632488e-27
2.2722581731628513e-30
1.4462526491253554e-33
6.134966687729961e-37
1.7344500551576195e-40
0.0
0.00011977183964698747
0.000948889476970724
0.00501023491141874
0.01212608443246546
0.032558592829017
0.05829933114599971
0.06972285618934343
0.05625444565314246
0.032207264535202354
0.01599531364510138
0.009685682743211457
0.006578088419590338
0.0035943149043139713
0.001484255713575977
0.0007809528667185981
0.0009538843665938762
0.0012159323066203182
0.0011088198509496723
0.0008108214232038013
0.0010556104617454251
0.002710109692128191
0.005853860576230679
0.00861611518856969
0.008487364231316893
0.00572939260624807
0.0033422900992224366
0.004314078905210272
0.011396630876307748
0.026628401533801263
0.03930899745654094
0.051997370482450685
0.046751026281877654
0.028254393480031833
0.011424116800771513
0.0030846402215724744
0.000555905887137752
6.687706524089063e-05
5.374142609037425e-06
2.8880202737288575e-07
1.0398088598915262e-08
8.793224309096991e-07
6.772965487166382e-06
3.477882012401451e-05
0.00011902347795756357
0.0002714763349550071
0.0004126794722313108
0.0004180953175498661
0.00028230546736579635
0.00012704126886746477
3.810236250557491e-05
1.6607651478705383e-05
6.742334391823987e-05
0.0003269816032019926
0.0010724226606110096
0.0018898976336921914
0.0031528324349570356
0.00351189305811745
0.0026415797272386983
0.0014833554163189867
0.00103132942415268
0.0013269936191111732
0.0016851189888896162
0.0015297877351953774
0.000987110430265089
0.0005272807030500589
0.00030662478219764256
0.00019290406607907232
9.97096227214455e-05
3.631385033766925e-05
8.925186689202604e-06
1.465931487758905e-06
1.6056148131654768e-07
1.1722057172654172e-08
5.703733041824629e-10
3.001661214072904e-07
2.6853279534774877e-06
1.601183750274983e-05
6.363068927968509e-05
0.0001685286065360651
0.0002974830189402139
0.0003468077073068713
0.00031146415565053235
0.00018741749746271775
7.998374014947392e-05
3.818993570059549e-05
4.3113387350128974e-05
5.708552712100192e-05
5.406192884425954e-05
3.4331108708014935e-05
1.4537345806746699e-05
4.1028163305714445e-06
7.717241169593098e-07
9.674393342870281e-08
8.082895572001152e-09
4.500821027671642e-10
1.6703137953046902e-11
4.131292460075147e-13
6.8101293511893966e-15
7.481804049313877e-17
5.478212148240004e-19
2.6733320912661885e-21
8.694578343783126e-24
1.8846282059366794e-26
2.7226034864318455e-29
2.621347844164335e-32
1.6820792765638386e-35
9.988383098627524e-38
7.7552498358677e-07
6.053314978887407e-06
3.1489973868870274e-05
0.00010917743229092552
0.0002522754561163637
0.00038850684259999693
0.0003987529349442226
0.0002727662676719053
0.0001243537762256435
3.778407919809324e-05
7.651388537806094e-06
1.0326501615964542e-06
3.4668176128191735e-07
2.3333812045616303e-06
1.4229812692862758e-05
5.7972003653662706e-05
0.00015740759665427512
0.0002848489724542777
0.00034354622026303786
0.00027614503587370694
0.00015838202743081501
0.00012205129470657574
0.0004226698600901016
0.001775901027557698
0.00664408332597924
0.014461537399322544
0.03698619611517716
0.0672726533529075
0.0836286726074138
0.0699261200032645
0.03909533588156927
0.014584841804022268
0.0036290459782773823
0.0006057867846252342
7.510479397300195e-05
1.6332519331441382e-05
1.0325981073096105e-05
5.935073025198788e-06
2.321707140020382e-06
6.06015208416159e-07
5.096629756470314e-07
2.8134363868994703e-06
1.2938228489459694e-05
3.98219353864334e-05
8.237008343966024e-05
0.00011620566976313462
0.0001218109122295931
0.00012108157090925371
0.00014188916868531403
0.00016033357403993388
0.00014932499188382523
9.85926530828607e-05
4.380121073652586e-05
1.2994757649142283e-05
2.5704457421080468e-06
3.3889605902117545e-07
2.9779238669367285e-08
1.7439889911674924e-09
6.806999987139573e-11
1.7707178815398064e-12
3.069902324319457e-14
3.5471642046393736e-16
2.7316155574839782e-18
1.4019722261722306e-20
4.7955761420449353e-23
1.0932606580704627e-25
1.1035616568126994e-05
7.818847725316685e-05
0.0003692074501940821
0.0011619293046515157
0.00243708402138703
0.003406770284046276
0.0031739257633839127
0.001970753842856379
0.0008155505239102641
0.00022496699485885567
7.621213066796535e-05
1.1570153604788337e-05
5.013415369293648e-06
1.210322263949559e-05
2.4103953785554798e-05
3.2161132166729817e-05
2.860379916816913e-05
1.695519128826661e-05
6.698290242804295e-06
1.7636276835572372e-06
3.0947917009893773e-07
3.619407584068023e-08
2.8211430580868144e-09
1.4655285223866282e-10
5.073936048390155e-12
1.170785273781973e-13
3.177702244077212e-07
2.242768273845171e-06
1.0549628291919385e-05
3.30728377259267e-05
6.910147382483519e-05
9.622428855574246e-05
8.930250790421629e-05
5.523624539073993e-05
2.2770165824336776e-05
6.255899808234821e-06
2.110278166198019e-06
2.948260657613864e-07
2.7451975137547257e-08
1.7035813023610818e-09
4.0913155536489166e-08
3.2185424201649657e-07
1.6903645592580224e-06
9.10261592241101e-05
0.0007221609967294602
0.00395071164526568
0.014548313123750907
0.035805905910905586
0.05877899954524183
0.06432321677824068
0.04691610201242274
0.022806845483145613
0.00738911102845202
0.001595516531444969
0.00022961070899785846
2.2306729636766112e-05
4.026168783788428e-06
1.6109557793673722e-05
8.025483785012704e-05
0.00028951449267363593
0.0008822586061740066
0.00169261904869579
0.003699369614456301
0.005918862871040125
0.006566730430329463
0.004930328891788811
0.0024811532555299273
0.0008339183996955319
0.00018694404974225725
2.793873651986609e-05
2.783113234256165e-06
9.161431370928126e-06
7.456262390093768e-05
0.0004126810738958162
0.0015224273961275054
0.0037431775565120464
0.006133746391605493
0.006698734281155081
0.0048757478128519756
0.0023652184956594225
0.0008481705355175073
0.0008677635695995946
0.003968930350392286
0.014758745389464596
0.03678512949716087
0.06111389516630148
0.06766916351527626
0.05780857414399071
0.032549605063882985
0.012214641858006466
0.003054902121262757
0.0005092082257386228
5.6568552943935835e-05
4.272645635972796e-06
7.440657672268665e-07
2.2883543900325387e-06
6.455959816195267e-06
1.217451812909737e-05
2.0434580791042776e-05
5.926993173156031e-05
0.00028732686972431814
0.0011288713633552695
0.0030178029724825454
0.005387199770974243
0.0064105467299753124
0.005084120688920628
0.002687316701299206
0.0009466805648234814
0.0002222642555060543
3.5223630049821856e-05
7.455935317050631e-06
2.2228662979603394e-05
8.40780891645918e-05
0.00016412255107854616
0.00031924952340451365
0.0004257817092455482
0.00044925312476245865
0.0006763556338122927
0.001688381207539027
0.0036930899921505367
0.005603222438769417
0.005755694911744944
0.004143040570793701
0.0024026898962455833
0.0015331083002721464
0.0013027819563459914
0.0013050187132235202
0.0012785337118658524
0.001013716282184525
0.0005766202699864816
0.00022390535399521294
5.8374675161545324e-05
1.0165592446954432e-05
1.180626174192528e-06
9.140300622279305e-08
4.7164591591503065e-09
1.6220378975311887e-10
3.717832239778291e-12
1.408987283097218e-05
5.423884572263804e-05
0.00029212369083568795
0.0010485874796208425
0.0025265911363042647
0.004146611303281084
0.005048070368142317
0.005897697102010312
0.008385928811119043
0.011645321155290614
0.012099500805390052
0.00862073869779364
0.0041999254460076355
0.0015320803392391727
0.0005850607475530561
0.00030946456797615896
0.00016057651354750785
6.095657784464895e-05
1.6688515122257485e-05
8.641769703881082e-06
2.2146688014751722e-05
5.3299011953903713e-05
8.661084123657157e-05
9.383934296622899e-05
6.776177434119783e-05
3.261116414927203e-05
1.5985326880215092e-05
3.9120612013272355e-06
6.380743805003008e-07
6.936150738583032e-08
3.590198212359891e-06
2.5969460460932497e-05
0.0001253732339427165
0.0004034260245063419
0.0008653234292347009
0.0012376924438654297
0.0011818005145206468
0.000755821214280087
0.000332847019277654
0.00014328228587946965
0.00025161496939283916
0.0008102721619539541
0.0019366847333424492
0.0033935079783997384
0.004806791562365551
0.0060075168556199205
0.006434037679724823
0.00535320794513739
0.0033020777852739583
0.0016315130729257598
0.0009208755235900861
0.000977740094599406
0.0012438832816682873
0.0015721161875720529
0.0014169270309396667
0.0008631521599599185
0.00035148395102646405
9.545230314844941e-05
1.7278726785597992e-05
2.084655130908107e-06
1.3739052850747906e-06
1.105600546499047e-05
5.8725321985282476e-05
0.00022599658556246257
0.0006296291005257892
0.0012545823927982663
0.0017564568417282266
0.0017004611523960612
0.0011289919318626354
0.0005183550968053623
0.00017336888286164308
5.249456366218736e-05
4.331275264204383e-05
0.00014765161142106943
0.0004710843501381455
0.0011875546317923725
0.0024415317073962135
0.004022809739034107
0.004807860374207727
0.00475463818442438
0.003248931757316338
0.00150247657581872
0.0005092874169451615
0.0003882787065599245
0.001323495885902813
0.003922912791437343
0.007823685330543817
0.010402162974384892
0.009217675695396445
0.005443783746012067
0.002152211922032837
0.0006362537262220014
0.00048377513612934346
0.0013469247200178064
0.0030842486540120216
0.004744589428718817
0.004865711859457694
0.0033256735750011378
0.001514936860711869
0.0004599292164831258
9.306127805435174e-05
1.2732866158963471e-05
2.2865395013286815e-06
3.3421948681691414e-06
1.017031074697272e-05
2.1769478981955052e-05
3.108036449582424e-05
2.9574035836938257e-05
1.9508229056045307e-05
1.4696869317640128e-05
4.278531649244541e-05
0.00016231255017161515
0.0004308002343224687
0.0007638377786658097
0.0009027259130785624
0.0007110798120807444
0.00037356309154264216
0.0001321303685032358
3.570367286987457e-05
1.6685765016296405e-05
1.8619591016397646e-05
1.835927851946383e-05
1.2346972842158151e-05
5.542966130964135e-06
1.6586434347918222e-06
3.30787155337241e-07
4.396691668039458e-08
3.894798076481323e-09
2.2994577405406212e-10
2.782829614679462e-11
8.354677349984173e-13
1.6716844271637135e-14
2.229258643341417e-16
1.9812905576482343e-18
1.1735927788349706e-20
4.6330633186544535e-23
3.2599975507448934e-06
3.732195669687403e-05
0.00024209951125961864
0.0010981144884926047
0.0035244662684288017
0.008013561856307565
0.012873032127963552
0.014547100406644125
0.011525902365753446
0.006423121369145733
0.002687420864157715
0.0013792577098636686
0.0016535796498275857
0.002211415228301679
0.002173203931562954
0.0017411916737086108
0.0017672700941760522
0.0024404461011773215
0.002912379936923954
0.0027232350854595705
0.0019021878791425468
0.0012892239831577643
0.0013973581627896633
0.0019229033206780574
0.0024223071900640945
0.002908493703969424
0.0033347736043686026
0.003138300566281746
0.0021357142411777942
0.0009961210863228345
0.00031326566684761783
6.92142908960076e-05
2.879494473290922e-05
7.601152562043456e-05
0.00019272878458605373
0.00032927733649363715
0.0003750388933120869
0.0002846970100772461
0.00014407562521172342
4.882875141951791e-05
1.1955578705997939e-05
4.372426750815827e-06
4.957125612138455e-06
5.605233857398059e-06
4.351489182233091e-06
2.937129703002853e-06
1.1616008099932805e-06
3.061812290386453e-07
5.378759506905362e-08
6.297486717084725e-09
4.913986317970415e-10
2.5555370045966672e-11
8.857516157754572e-13
5.73638024671969e-07
5.160408162797726e-06
3.0943334817453295e-05
0.00012367564530988906
0.00032948259728359414
0.0005850720639958868
0.0006939239701391667
0.0005564514603923309
0.00033500857537181093
0.00025046087200712036
0.0003383632669098414
0.0004557602381357524
0.0005039482580336025
0.0006613350193244684
0.0012463017036376846
0.0021492706857383992
0.002634285632250441
0.002437614889229542
0.0016531470725688069
0.0011516882665660857
0.0014836977681900868
0.0022376472044582157
0.002484271868864804
0.001859944678886762
0.000932381456389238
0.00032921143032258864
0.00015253051858026237
0.0002476775832278383
0.0004494856928363126
0.0005644698627545544
0.0004733956197229675
0.0002675207499804077
0.0001204275639304964
0.00013444341576096183
0.0003731409754235137
0.0008261117564963798
0.0012364719823196252
0.0012682009359903915
0.0010582526665296773
0.0012697045203749879
0.0023394005129469724
0.0036678074321536344
0.003970678873620904
0.0033508149528909247
0.0019175401513560964
0.0011700995455918154
0.0026343804712246695
0.008358198325404171
0.018756140147494337
0.028135310038086732
0.028132261206981188
0.018747535524123723
0.00832701211471154
0.0024665771144758183
0.0004906144962149107
7.069465400143107e-05
1.2560380745728362e-05
5.097640049927046e-06
2.1924632286715627e-06
7.146571274725033e-07
5.389349107850929e-07
2.1725938721597275e-06
7.654361303921787e-06
1.8117359769623753e-05
2.8585839733819015e-05
3.0060125968161334e-05
2.1067463156244345e-05
9.840456358141164e-06
3.063372323728089e-06
1.1231135691858057e-06
1.7779142032022125e-07
1.875769511671535e-08
6.500472853840676e-08
9.240052854974503e-06
6.311282711135277e-05
0.0002877290615819242
0.0008753395501441445
0.0017795234999757714
0.0024279177298286666
0.0022883354765754764
0.0017110270422410789
0.0014620366690796139
0.0016011826094398122
0.0015547175299398593
0.001081500569238164
0.0005136679629007242
0.00016557609622479524
3.628845988340001e-05
5.4235841365464854e-06
5.541885547330214e-07
3.877272657552663e-08
1.8575242325853621e-09
6.085696624238012e-11
9.301263433626021e-06
4.349231899572627e-05
0.0003135955402863419
0.0015069843425414037
0.004826464880683281
0.010302226859652661
0.014655971634203359
0.01389567572615182
0.008780642064548207
0.003699157010194459
0.0010478330053976376
0.0002475127890002824
0.00021871972743704005
0.0005027477477825647
0.0010077617411489068
0.0018605941764254388
0.004217167543990844
0.010984707641253836
0.02394350822103656
0.03711673373074413
0.03908709367451464
0.027730774466006667
0.013336386240525756
0.004438319575864619
0.001067287437444471
0.00019816397971226903
2.998043818867856e-05
7.578239506210046e-06
7.810546679632592e-07
9.322839781728854e-08
1.0757333506978288e-07
2.0189061459712566e-07
2.5930958376561056e-07
1.038116150488306e-05
6.656799663118695e-05
0.00028965088076758676
0.0008413084611411542
0.0016288363247688102
0.0021017760615738837
0.0018080153655668446
0.0010397420814842757
0.00041394200532467916
0.00015942672695485683
0.00014312814268706265
0.00018235097527540323
0.00017227477285190157
0.00010945599088824459
4.6804484673322805e-05
1.6048329773997483e-05
1.618341098079237e-05
4.2845698106781707e-05
8.909430660972024e-05
0.00013075147664645976
0.00015133721003989734
0.00021789023757615692
0.00041760177484237806
0.0007255052863230719
0.0009015464296021755
0.0007604970069822824
0.0004353249278041703
0.0002675608068207043
0.0006815956292548263
0.002787262976214941
0.008189161477687255
0.01619799176027439
0.021447685972850898
0.01897797692930914
0.011219497713654712
0.004447218700605007
0.0012107565002651098
0.0002850776597022297
0.00021673610420303697
0.00046244028646102704
0.0008911067086624791
0.0014554901167934187
0.002116218088986333
0.0025617904955241542
0.002313459262435156
0.001772609793758766
0.0008616772673984566
0.0002813319420635636
6.137725092472702e-05
8.932155018332721e-06
8.665888350652818e-07
5.603942340486102e-08
2.4152931023293327e-09
6.937967517078386e-11
1.3282437932260527e-12
1.6947490443555927e-14
1.4411683711213365e-16
6.910907279814013e-05
0.00045066816185347473
0.0019586655650047635
0.005673424737678851
0.010952465854878008
0.014091687217727045
0.012084028838627959
0.00690823150834609
0.0026378415882155567
0.0006823328258944884
0.00013300814342895095
3.7608399017278084e-05
5.1548234397260555e-05
0.00013389547790636577
0.0002251676504302304
0.00036109092109065384
0.0003971940282467658
0.00031924443267594373
0.00023963562762276317
0.00031333675577765557
0.0007520108871852211
0.0017032300272804097
0.0027615928939890635
0.003026718602310406
0.0022172524087527836
0.0010831711841916278
0.00035280178829349897
7.735664698919168e-05
1.568203741775462e-05
1.8544467484325174e-05
4.422513491972379e-05
7.435642073170012e-05
8.344289784084208e-05
6.241056538117472e-05
3.111063088559553e-05
1.0335728153358552e-05
2.2885209189212687e-06
3.377149163792946e-07
3.321445632585963e-08
2.177136210182081e-09
2.8250453888218293e-10
9.416433921908867e-12
2.0918428004058207e-13
3.0970853536635616e-15
3.056038718910521e-17
2.0097687005161436e-19
8.808761523761712e-22
2.5731504223077197e-24
5.00953073842344e-27
6.499956715794804e-30
1.5900271948191505e-07
1.1942256537028086e-06
2.0337126612470683e-05
0.00012993100748184022
0.0006058301242615742
0.001976105473579287
0.004396951187986892
0.0065901237379964225
0.006620678977277561
0.004479490804922094
0.0022027825607895454
0.0013140973474560613
0.0017170864686064664
0.0023826594215890814
0.002338286408502718
0.001538471878932817
0.0009305018774161326
0.00032214133984592025
0.00013283428595520192
0.00027763436240985226
0.0008807906493540562
0.0024992190896277852
0.00592822439180651
0.010844060907771536
0.014344872825053544
0.013306939109719878
0.008772532607709858
0.004659487376100476
0.00269630608960957
0.0018364335759623936
0.00108419934291141
0.0004565259835884936
0.00012995802525968606
2.476290158785968e-05
3.324757228891511e-06
8.758106057260697e-07
1.3369592987835421e-06
1.9083740425968777e-06
1.834941080149374e-06
1.1762064491881432e-06
5.024926273417312e-07
2.2750696675737253e-07
4.94246386141141e-08
7.156058020779672e-09
6.90535089253652e-10
4.440983902780734e-11
1.9035057550744516e-12
5.4376435802530094e-14
1.035258557742454e-15
1.3136161191843288e-17
1.1108864178431325e-19
6.261125270554194e-22
4.1554739997052876e-06
3.07268884661194e-05
0.00015144021950415005
0.0004974914701979014
0.0010893040676157634
0.001589751269691886
0.0015464057621636744
0.0010029872004755878
0.0004356928233598246
0.00013512552873499705
5.321020957517323e-05
5.82832252529608e-05
7.007792818345871e-05
6.025778142542599e-05
3.999968048219215e-05
3.4015010808063116e-05
4.923433660265246e-05
0.0001148650560411592
0.0002960875353762869
0.0006690212093736848
0.0011701464493345172
0.001607713644106191
0.0019255883464063034
0.0021087453128242986
0.0019807744010014775
0.001703425731106503
0.0022068116621114025
0.004574507018848219
0.008771400447900925
0.012489089228552325
0.012493141384958564
0.008574164612737118
0.003984552574924838
0.0012452767980623244
0.0002799095050689844
0.00018121074358097528
0.0007495863349022805
0.0025820548686168085
0.005979300952555967
0.009271300931346947
0.009639818915473653
0.007941839484889714
0.004319056141233249
0.0016730567894061375
0.000526620860764791
0.00017182333612722418
7.328385436082293e-05
4.5636116522667384e-05
3.2370861907101995e-05
1.888497780662284e-05
8.27169606282492e-06
2.8545072143980196e-06
1.2053934254212847e-06
3.0605836813786173e-06
1.4679026011725656e-05
5.002634728458613e-05
0.0001139051878620902
0.00017296018301176207
0.00017568070235747218
0.00012284838223366087
7.287428592306754e-05
6.961231398860206e-05
0.00010246361052780591
0.00012947564496840772
0.00012332908316083188
9.07876585116766e-05
6.477354992832706e-05
3.1442711971836706e-05
1.1281804209316771e-05
2.8596576306902587e-06
4.97276121395919e-07
5.8413648402392355e-08
4.601027188095833e-09
2.421884689415034e-10
8.506573217048032e-12
1.26099885954123e-07
1.1896166845061748e-06
7.479656120070204e-06
3.1342798141564286e-05
8.753373262191893e-05
0.00016292760693431904
0.00020231271874103277
0.00016871345791897457
0.00010078114864555898
6.513282891130862e-05
8.340548940328326e-05
0.00012165661519365776
0.00012958845307276012
9.65364632174479e-05
5.6777847945177766e-05
3.598356626104619e-05
2.767356751059106e-05
2.232964776263398e-05
1.2800439759898246e-05
5.174143378709062e-06
1.4452718425591803e-06
2.7728394518471345e-07
3.638096875128769e-08
9.037748680535934e-06
6.304357356210323e-05
0.000293194912050252
0.0009087719556943642
0.0018773055463922911
0.002584619153440033
0.002371590498134764
0.0014503635768564436
0.0005914763014724689
0.00016267454185830494
3.7259392651278086e-05
2.4793134311046183e-05
3.762611203477602e-05
4.506255292649777e-05
3.885646771052003e-05
2.5594316872020904e-05
1.3732452000375832e-05
6.023527907660485e-06
2.0314559813975103e-06
4.923458266635014e-07
1.5588947057735445e-07
2.0083217699595082e-08
1.7375052747283916e-09
1.0048578851883969e-10
3.877725868073015e-12
9.977732321111973e-14
1.711380949104873e-15
1.9564727815972877e-17
1.4907145529939984e-19
7.570096555257185e-22
2.5620743701936675e-24
5.7791545890405124e-27
2.9299119544214896e-06
2.082760814069343e-05
9.86746908941553e-05
0.00031156861182304326
0.000655666767865554
0.0009195899013257897
0.0008671229272712292
0.0005866405062310659
0.00045343668390858454
0.0007575436619198313
0.0014084490833268233
0.0018704289765787312
0.0016665473469751003
0.0009902452710897442
0.0005586539808378678
0.00016881561307774968
3.4051379301107426e-05
8.175479998116158e-06
2.8672345403141658e-05
0.00013383635488536474
0.0004404389518040743
0.0010100966866511928
0.0016166727814012883
0.0018065010107953766
0.0014221497420186398
0.0008372870770968271
0.00046214700992268284
0.0003185660323650014
0.00023116934587878596
0.00013265898644031286
6.060457311633704e-05
4.043325148173875e-05
8.993948252077237e-05
0.000255478812858498
0.0005340619366025433
0.0007615722451690292
0.0007479857862605686
0.0005813427433962676
0.0005550911544978231
0.0006748750550261424
0.0008894515154163926
0.0008664322035730538
0.000576871543920778
0.0002619520026621238
8.28431079064355e-05
3.060994503077505e-05
9.220103150886146e-05
0.00045474434501465897
0.0015513177943624985
0.003533980114473256
0.005367700999509139
0.005434501213899614
0.003667330635841185
0.001649787754546357
0.0004955972178053239
0.00010096956739663922
1.5860091921484185e-05
3.3981641478102162e-06
1.294822487742976e-06
4.516628962925202e-07
1.0965956596065657e-07
1.7830050861251018e-08
1.9331542685936803e-09
2.6118967487277275e-06
2.2047133969959415e-05
7.29567861789701e-05
0.0003131753008537279
0.0009101404334152087
0.0018007814640483323
0.002572622692884459
0.003002118124068662
0.0032838730391690787
0.003280617019001422
0.0025793336692025723
0.0014470062585624837
0.0005791677376370624
0.0002052682361987021
0.00011300513899491152
9.640045368184348e-05
8.16193245759828e-05
5.6895601943010685e-05
2.9643868803349112e-05
1.0857727211865613e-05
2.7101967434437276e-06
4.5486622702153573e-07
5.1055120668737284e-08
3.824289388042673e-09
1.9101354951834112e-10
6.3598029168685445e-12
1.41135761218976e-13
2.0874901563082397e-15
1.0039677191627719e-16
8.66957537008077e-08
6.848009252779612e-07
3.6050591814595256e-06
1.2849958388815639e-05
3.126050580858606e-05
5.547509572914236e-05
8.271341265719758e-05
0.00011936431919449673
0.00015751663431261127
0.0001610599182900621
0.0001155263661915509
5.6074904560335536e-05
1.8218791356421125e-05
3.9498547610437406e-06
5.709162437398956e-07
5.500303782516779e-08
6.513851962466573e-08
4.792930012030593e-07
2.4836038777317092e-06
8.579867674244989e-06
1.975427722340501e-05
3.448408979105289e-05
6.438894361756329e-05
0.00019923889848283397
0.0004471488985759458
0.001182369600777348
0.0021321406752934243
0.0025753613156255495
0.0020922119777947606
0.0011944819337498572
0.0006283694760121344
0.0005688877468573083
0.0007073264835555516
0.0007189380635752073
0.0006125857433585771
0.0006497466965182405
0.0009220957254625981
0.0011531890260795606
0.0010398907127490663
0.000660763267434326
0.0003144674351800918
0.00013126338357773753
5.671338606767768e-05
2.3994893860413215e-05
8.316015730807768e-06
2.3039174699008054e-06
2.0045232865542498e-05
0.0001379223624414401
0.0006543180870811913
0.002085412270050495
0.00361259952307556
0.005883769552082859
0.0063972892375520575
0.004664502609813566
0.0023726507024997
0.0010804535077064998
0.0007879910078481244
0.0007636313212306571
0.0005829661110176262
0.0003315695420729557
0.0002925099767403845
0.000835768526043673
0.0024121395985625487
0.004872100712235405
0.00669443434985429
0.006247612681954721
0.0039991236570148326
0.0019852132119567247
0.0015601128277405053
0.0026789790084075353
0.004176403111925738
0.004512869923758331
0.0034611784765253496
0.002503753848195322
0.0029157047609111703
0.004251571365136385
0.004928684040976796
0.004971336576472852
0.0041129046463240495
0.00294789038533201
0.001793576770957025
0.0009040864448419439
0.0004404653909372456
0.00029212316083876855
0.0002327307737105946
0.00015229077685034379
7.279725456091769e-05
2.827056086457589e-05
1.1936765200306419e-05
5.787022030503404e-06
2.3944733785042107e-06
7.042242587328198e-07
1.3995047017636715e-07
1.8588281765820157e-08
1.3375255417755795e-06
1.0076846617899934e-05
5.065884992984458e-05
0.00017093206896873962
0.00038996030165168173
0.0006306551417639754
0.0008295936183632614
0.0009926195213006402
0.0013559309785781983
0.0016334772888980979
0.0014511126268197025
0.0008938774822813918
0.0003882346163529575
0.00013275273944037648
4.406282407598962e-05
1.7834789248052085e-05
2.268988256885211e-05
8.303520600647263e-05
0.00024791665767129876
0.000500073314125979
0.0006733666339069439
0.000604548607560917
0.00036417660208636673
0.00017093945895426616
0.00019685360427512075
0.0006446628432466282
0.0017799237721267376
0.003446746600815579
0.004647887698126228
0.004370524109480798
0.002868163109733881
0.0013170454434162876
0.00045619285152700837
0.0002906460772904133
0.0006298055506017724
0.0018478376991972604
0.0037814332486124547
0.005202585384333728
0.004830900432747571
0.0030604978705837094
0.0013690162802118561
0.00056414891250399
0.0006062702587624404
0.0012477875967528747
0.0020698186614392018
0.002426016923734832
0.0019888391800754156
0.0011379157935119525
0.00045466688551428554
0.00012889110722573733
2.77959345720745e-05
5.430826684765043e-06
1.1513027404269678e-06
1.7797330858247864e-06
1.1008924169155506e-05
5.310202225924561e-05
0.0001759861135541663
0.0003969984448123137
0.0006100012249421338
0.0006581197663228133
0.0005418369121837996
0.0003115383154138515
0.00012659581367183354
3.6628571961811296e-05
7.5426436861644395e-06
1.0964106078585088e-06
1.1110444873342137e-07
7.74881583195723e-09
3.680229776319215e-10
1.1811074825923271e-11
2.548098656694841e-13
3.683030248597194e-15
3.5592185617852215e-17
2.296748822523075e-19
9.888923779175975e-22
2.839628304762707e-24
5.436651356566291e-27
6.938854134088742e-30
8.894325645272129e-07
7.4443536260700254e-06
4.15262306855581e-05
0.0001543830361119044
0.0003825235618953553
0.0006316817834395268
0.0006952164868357752
0.0005915190414066999
0.0003310495635515081
0.000123480636105852
3.0696315127701635e-05
5.085752010608374e-06
5.615722802360428e-07
1.2006369574493746e-07
5.938506607552168e-07
2.9648364094159806e-06
9.898544456429825e-06
2.2025869833870354e-05
3.266452968613124e-05
3.228503779690518e-05
2.1267073748393902e-05
9.336749846361478e-06
2.7319028893797294e-06
5.327412678644667e-07
6.923871043944132e-08
5.9974018524307965e-09
3.46225360791996e-10
1.3320979247917179e-11
3.4158199851555314e-13
5.837613623347614e-15
6.64901429356562e-17
5.047318776055487e-19
1.5560751718122523e-20
6.006709400015047e-23
1.5453406119326643e-25
2.6496796042547586e-28
3.027917623147482e-31
2.306090234635039e-34
1.170550314482283e-37
3.9599109841517325e-41
8.928167081523179e-45
0.0
0.0
0.0
0.0
0.0
0.0
0.0
0.0
0.0
0.0
0.0
0.0
0.0
0.0
0.0
0.0
0.0
0.0
0.0
0.0
0.0
0.0
0.0
0.0
0.0
0.0
0.0
0.0
0.0
0.0
0.0
0.0
0.0
0.0
0.0
0.0
0.0
0.0
0.0
0.0
0.0
0.0
0.0
0.0
0.0
0.0
0.0
0.0
0.0
0.0
0.0
0.0
0.0
0.0
0.0
0.0
0.0
0.0
0.0
0.0
0.0
0.0
0.0
0.0
0.0
0.0
0.0
0.0
0.0
0.0
0.0
0.0
0.0
0.0
0.0
0.0
0.0
0.0
0.0
0.0
0.0
0.0
0.0
0.0
0.0
0.0
0.0
0.0
0.0
0.0
0.0
0.0
0.0
0.0
0.0
0.0
0.0
0.0
0.0
0.0
0.0
0.0
0.0
0.0
0.0
0.0
0.0
0.0
0.0
0.0
0.0
0.0
0.0
0.0
0.0
0.0
0.0
0.0
0.0
0.0
0.0
0.0
0.0
0.0
0.0
0.0
0.0
0.0
0.0
0.0
0.0
0.0
0.0
0.0
0.0
0.0
0.0
0.0
0.0
0.0
0.0
0.0
0.0
0.0
0.0
0.0
0.0
0.0
0.0
0.0
0.0
0.0
0.0
0.0
0.0
0.0
0.0
0.0
0.0
0.0
0.0
0.0
0.0
0.0
0.0
0.0
0.0
0.0
0.0
0.0
0.0
0.0
0.0
0.0
0.0
0.0
0.0
0.0
0.0
0.0
0.0
0.0
0.0
0.0
0.0
0.0
0.0
0.0
0.0
0.0
0.0
0.0
0.0
0.0
0.0
0.0
0.0
0.0
0.0
0.0
0.0
0.0
0.0
0.0
0.0
0.0
0.0
0.0
0.0
0.0
0.0
0.0
0.0
0.0
0.0
0.0
0.0
0.0
0.0
0.0
0.0
0.0
0.0
0.0
0.0
0.0
0.0
0.0
0.0
0.0
0.0
0.0
0.0
0.0
0.0
0.0
0.0
0.0
0.0
0.0
0.0
0.0
0.0
0.0
0.0
0.0
0.0
0.0
0.0
0.0
0.0
0.0
0.0
0.0
0.0
0.0
0.0
0.0
0.0
0.0
0.0
0.0
0.0
0.0
0.0
0.0
0.0
0.0
0.0
0.0
0.0
0.0
0.0
0.0
0.0
0.0
0.0
0.0
0.0
0.0
0.0
0.0
0.0
0.0
0.0
0.0
0.0
0.0
0.0
0.0
0.0
0.0
0.0
0.0
0.0
0.0
0.0
0.0
0.0
0.0
0.0
0.0
0.0
0.0
0.0
0.0
0.0
0.0
0.0
0.0
0.0
0.0
