a = 9.152256958862129 b = 5.080866592568874 c = 9.754131951364313 ,Gaussian ,LMH = 0.08 ,DW = [1.5 1.5 1.5]
0.0
0.0
0.0
0.0
0.0
0.0
0.0
0.0
0.0
0.0
0.0
0.0
0.0
0.0
0.0
0.0
0.0
0.0
0.0
0.0
0.0
0.0
0.0
0.0
0.0
0.0
0.0
0.0
0.0
0.0
0.0
0.0
0.0
0.0
0.0
0.0
0.0
0.0
0.0
0.0
0.0
0.0
0.0
0.0
0.0
0.0
0.0
0.0
0.0
0.0
0.0
0.0
0.0
0.0
0.0
0.0
0.0
0.0
0.0
0.0
0.0
0.0
0.0
0.0
0.0
0.0
0.0
0.0
0.0
0.0
0.0
0.0
0.0
0.0
0.0
0.0
0.0
0.0
0.0
0.0
0.0
0.0
0.0
0.0
0.0
0.0
0.0
0.0
0.0
0.0
0.0
0.0
0.0
0.0
0.0
0.0
0.0
0.0
0.0
0.0
0.0
0.0
0.0
0.0
0.0
0.0
0.0
0.0
0.0
0.0
0.0
0.0
0.0
0.0
0.0
0.0
0.0
0.0
0.0
0.0
0.0
0.0
0.0
0.0
0.0
0.0
0.0
0.0
0.0
0.0
0.0
0.0
0.0
0.0
0.0
0.0
0.0
0.0
0.0
0.0
0.0
0.0
0.0
0.0
0.0
0.0
0.0
0.0
0.0
0.0
0.0
0.0
0.0
0.0
0.0
0.0
0.0
0.0
0.0
0.0
0.0
0.0
0.0
0.0
0.0
0.0
1.6410030792360914e-34
1.4207048441972514e-33
4.7811719718835e-33
2.1048997209741803e-32
6.176038638307871e-32
1.2077308121538752e-31
1.5740257633838356e-31
1.3672095236565079e-31
7.914798476097764e-32
3.053698784632431e-32
7.852249294149763e-33
1.3456853062748446e-33
1.5370022017869053e-34
1.1700031126838572e-35
5.935825058214385e-37
2.0070431829431248e-38
4.522867747775367e-40
6.792859142222421e-42
6.79943580002685e-44
4.5360172158117834e-46
2.016777832032274e-48
3.712154272791233e-34
2.434561210382175e-33
1.064135490570617e-32
3.0999501188593626e-32
6.018579918268203e-32
7.787802082993867e-32
6.716102696796043e-32
4.856832620256062e-32
2.1298947325262317e-32
6.22507646509668e-33
1.2125866694759972e-33
1.5742091661259046e-34
1.3620518245765713e-35
7.854279936201941e-37
3.0185659434488125e-38
7.731726943578251e-40
1.3198783226485277e-41
1.501664218672229e-43
1.1386580405768873e-45
5.754337761982789e-48
1.9381122701094563e-50
4.350548957939289e-53
6.508647294577186e-56
6.4896154543845375e-59
4.312496314945643e-62
1.909941471726411e-65
5.637582742706031e-69
1.1090403502721438e-72
0.0
0.0
0.0
0.0
0.0
0.0
0.0
0.0
0.0
0.0
0.0
0.0
0.0
0.0
0.0
0.0
0.0
0.0
0.0
0.0
0.0
0.0
0.0
0.0
0.0
0.0
0.0
0.0
0.0
0.0
0.0
0.0
0.0
0.0
0.0
0.0
0.0
0.0
0.0
0.0
0.0
0.0
0.0
0.0
0.0
0.0
0.0
0.0
0.0
0.0
0.0
0.0
0.0
0.0
0.0
0.0
0.0
0.0
0.0
0.0
0.0
0.0
0.0
0.0
0.0
0.0
0.0
0.0
0.0
0.0
0.0
0.0
0.0
0.0
0.0
2.2072506972362763e-09
2.0168014556378955e-08
1.228163475653335e-07
4.984605100974328e-07
1.3483010899310405e-06
2.43066194592993e-06
2.873760290131724e-06
2.634455068183323e-06
1.6095801243473885e-06
6.554143615517998e-07
1.7786924211165897e-07
3.2171203204835456e-08
3.878066940587807e-09
3.11562261082908e-10
1.6682300533805955e-11
5.953174088950303e-13
1.4158680217238117e-14
2.2442876078954564e-16
2.3709139832320103e-18
1.6693009204303507e-20
7.833124257068139e-23
2.449722815356537e-25
5.105995483849172e-28
7.092926407970344e-31
6.566773389386276e-34
4.051913388496773e-37
1.6662870751731523e-40
4.56689520336362e-44
0.0
0.0
0.0
0.0
0.0
0.0
0.0
0.0
1.3619581894566375e-06
1.1913142549378406e-05
6.944971209022563e-05
0.00026983365063932473
0.0006987202285893522
0.0012058466256856006
0.001386955018718492
0.0010631981899258968
0.0005431848254772366
0.0001849535099053624
4.197194297699051e-05
6.348002937813434e-06
6.398773126220915e-07
4.298707087727928e-08
1.9246889056353523e-09
5.7433433559952704e-11
1.1422221203103035e-12
1.5139721997337237e-14
1.3374168260360635e-16
7.874032684512019e-19
3.0896493390181763e-21
8.079839214932999e-24
1.2241442488990258e-25
1.6279036753895508e-28
1.4428007486780831e-31
8.522471596616128e-35
3.355106529392343e-38
8.802957681320442e-42
0.0
0.0
0.0
0.0
0.0
0.0
0.0
0.0
0.0
0.0
0.0
0.0
0.0
0.0
0.0
0.0
0.0
0.0
0.0
0.0
0.0
0.0
0.0
0.0
0.0
0.0
0.0
0.0
0.0
0.0
0.0
0.0
0.0
0.0
0.0
0.0
0.0
0.0
0.0
0.0
0.0
0.0
0.0
0.0
0.0
0.0
0.0
0.0
0.0
0.0
0.0
0.0
0.0
0.0
0.0
0.0
0.0
0.0
0.0
0.0
0.0
0.0
0.0
0.0
0.0
0.0
0.0
0.0
0.0
0.0
0.0
0.0
0.0
0.0
0.0
0.0
0.0
0.0
0.0
0.0
0.0
0.0
0.0
0.0
0.0
0.0
0.0
0.0
0.0
0.0
0.0
0.0
0.0
0.0
0.0
1.933437536789006e-34
1.2660341437816184e-33
3.536902815434118e-33
1.1777170961007208e-32
2.6136075760473e-32
3.865639313972899e-32
3.8105163264324277e-32
2.503386305863976e-32
1.096108298789515e-32
3.198604970002179e-33
6.220843814837317e-34
8.063424724605197e-35
6.965805155669433e-36
4.010556666502286e-37
1.538932388019656e-38
3.9356454817724386e-40
6.708013839951671e-42
7.619973786676374e-44
5.768920483905139e-46
2.910832241107486e-48
9.788617279427012e-51
2.193850699259587e-53
3.276984121227047e-56
3.26229442164802e-59
2.1644797056345236e-62
9.571178836656182e-66
0.0008600526373584407
0.0038803112735250164
0.026517352147878693
0.1207745129436651
0.3666080370433242
0.741669153378352
1.0
0.8986101742601348
0.5381758570568922
0.21481204963094344
0.05714452340559186
0.0101314624510876
0.0011971572820925296
9.427831939825648e-05
4.948276976604608e-06
1.7309228773348094e-07
4.0353664887874125e-09
6.270032565415538e-11
6.492891685487031e-13
4.481135412359292e-15
2.0611971138616122e-17
6.318769770637486e-20
1.291002508383973e-22
1.7579365206355232e-25
1.5953678624743785e-28
9.649393965122768e-32
3.88974190073778e-35
1.6942161214548158e-37
0.0
0.0
0.0
0.0
0.0
0.0
0.0
0.0
0.0
0.0
0.0
0.0
0.0
0.00012730277533931612
0.0011599657621022815
0.007044237948325822
0.028510472365236662
0.07690531514835845
0.13825786550527988
0.16565512917986797
0.13228222020042366
0.07040112700746556
0.02497206402660584
0.0059096535368042295
0.0009628632087065722
0.0002932667599294564
0.0002128801545903122
0.0003330555756962639
0.00037602620431640614
0.0002836845919216492
0.0001426496314107931
4.7806641041712425e-05
0.0009389769755532553
0.006801119863518462
0.03319353781992993
0.1079954934483868
0.23417538996729037
0.33842190010000067
0.32595467623568464
0.20923653554548474
0.08951573322758556
0.025523649631148414
0.0048502901961593155
0.0006142910967220993
5.1851612459531626e-05
2.9169693122810665e-06
1.0936616967881622e-07
2.73284935408722e-09
4.551242021070564e-11
5.051562342317523e-13
2.0062748769409138e-14
1.1323711645364347e-16
4.259599002629839e-19
1.0678990001052627e-21
1.784321840018027e-24
1.9869994680255407e-27
1.4747006056224996e-30
7.294432579234839e-34
2.404698977419265e-37
5.283375415810676e-41
1.2585936544351748e-35
1.0765372412917831e-34
6.136971788473961e-34
2.331635954553929e-33
5.904034799735856e-33
9.963653635658565e-33
1.1206497103601513e-32
8.400452738351538e-33
4.196788184404641e-33
1.3973749592118411e-33
3.1009189183443406e-34
4.586162226066821e-35
4.5205363256649395e-36
2.9696964660082564e-37
1.3002166078532416e-38
3.794031253822404e-40
2.8702863629178874e-41
4.259052593093163e-43
2.3914960761518389e-35
2.1774153404335697e-34
1.3212786949709195e-33
5.3435408568308424e-33
1.440274875030812e-32
2.5872785213884306e-32
3.097579988016021e-32
2.471629811170078e-32
1.3143949075603772e-32
4.658540324119404e-33
1.1004122047172604e-33
9.227254026338083e-09
6.132287429458674e-08
2.7161520412474435e-07
8.018021174481671e-07
1.5774727623667473e-06
2.0684169486018402e-06
1.807573036918617e-06
1.0527740450736776e-06
4.08654261806133e-07
1.0572031385931874e-07
1.8228142005308615e-08
2.0946328532897464e-09
1.6041869048045272e-10
2.3091591400107057e-11
8.992977365694787e-13
2.3341818335635607e-14
4.0378242994834014e-16
4.655235949929822e-18
3.5769883605381985e-20
1.8317867112955608e-22
6.251926116113319e-25
1.4221310648846062e-27
6.674356502072014e-07
4.350312552733773e-06
1.8897879211426833e-05
5.471258387313669e-05
0.00010557058549337336
0.00013576261141513924
0.00011635873315510954
6.646596791829362e-05
2.5303536929608276e-05
6.420142635438042e-06
1.0856495851368672e-06
1.223534480769767e-07
9.190186041588748e-09
4.6005943484519323e-10
1.5349178202949934e-11
3.413012376119537e-13
5.057922215333986e-15
2.4357302789325966e-16
1.835549320384035e-18
9.219013901120221e-21
3.085918340378612e-23
6.884397488484073e-26
1.023596974632291e-28
1.0143167514146941e-31
6.698842244119738e-35
2.9485429008335285e-38
8.649613462052236e-42
1.6910930200496926e-45
0.0
0.0
0.0
0.0
0.0
0.0
0.0
0.0
0.0
0.0
0.0
0.0
0.0
0.0
0.0
0.0
0.0
0.0
0.0
0.0
0.0
0.0
0.0
0.0
0.0
0.0
0.0
0.0
0.0
0.0
0.0
0.0
0.0
0.0
0.0
0.0
0.0
0.0
0.0
0.0
0.0
0.0
0.0
0.0
0.0
0.0
0.0
0.0
0.0
0.0
0.0
0.0
0.0
0.0
0.0
0.0
0.0
0.0
0.0
0.0
0.0
0.0
0.0
0.0
0.0
0.0
0.0
0.0
0.0
0.0
0.0
0.0
0.0
0.0
1.7616618664329866e-07
1.1670924764625937e-06
5.153111428128313e-06
1.5164054819832536e-05
2.97401192941529e-05
3.88733183424555e-05
3.3864297572921165e-05
1.966138361109813e-05
7.607949653806998e-06
1.9620168434045343e-06
3.37224703083084e-07
8.025983377231087e-05
0.00064590027973237
0.0034659266569838855
0.012395291876274576
0.029544436679655676
0.04693277333629578
0.051000850030455555
0.041198414168978376
0.022180183365466254
0.007958501698145892
0.001903176395189489
0.00030332507947092253
3.221952590744059e-05
2.280927701035119e-06
1.0761813006722055e-07
3.3840822645504487e-09
7.092150292071036e-11
9.905958333526712e-13
9.221394707581804e-15
1.757089277422843e-06
1.3175387109881524e-05
6.584373951393758e-05
0.00021930429649569998
0.00048681207331548404
0.0007202065868543066
0.0007101243188212202
0.0004666521064511684
0.00020437775467330887
5.965619708529823e-05
1.1605371688610906e-05
1.5046798041946403e-06
1.3002015448739263e-07
2.0284108660682128e-08
0.00017053509808006773
0.0013178635406361147
0.006787516711911295
0.023298766952974847
0.053301141625303215
0.08126838566015866
0.08258255265390607
0.055928931343801856
0.025244471764394476
0.007594122566421753
0.0015225461485662871
0.00020344399527772402
1.8117607013682736e-05
1.0753215331758415e-06
4.253607353936961e-08
1.1213934159688293e-09
1.9703353713473807e-11
2.307298873156231e-13
1.8007320829390275e-15
9.366468972388972e-18
3.2470146156591505e-20
7.501949500980866e-23
3.564207304428206e-05
0.00023049966552396556
0.0009934801434262797
0.002100161273793368
0.00460303331448564
0.006723836407843282
0.006545935277566164
0.004247249986483558
0.00183664613201019
0.0005293277976877582
0.00010167295895234812
1.3015707263492599e-05
1.1104822724993652e-06
6.31447191235549e-08
0.00021916013726637877
0.0015520994715577535
0.007325947378202248
0.0230456840533364
0.04838235202076214
0.06802760652034066
0.06556131830752077
0.04838528588154806
0.03786761518235899
0.03804812190000508
0.035445733194076255
0.023886247766176386
0.01089747654946633
0.003322892446504295
0.0006756287391077187
0.00018647828934285595
1.928269482801272e-05
1.3288958434336306e-06
6.10374105842957e-08
1.8684560110177516e-09
3.811985281564748e-11
6.007823367234229e-06
4.51687735538459e-05
0.00022632942855489664
0.0007558320498040768
0.001682503776412107
0.0024975770829977774
0.002479661940000189
0.001674406735936278
0.0008397645102968321
0.00042501632702553085
0.0002878406937145601
0.00019358443364211452
9.608202182676813e-05
3.2392263994446445e-05
7.302157119610724e-06
1.0977086038297796e-06
1.0998823631946744e-07
7.345038479521013e-09
3.269073425881413e-10
3.277022321822754e-11
7.416735933483533e-13
1.1187364613288419e-14
1.1246679489771656e-16
7.535332027406042e-19
3.364821389686607e-21
1.0013898546171572e-23
1.9862133944694318e-26
2.62560973363356e-29
2.3132149440534217e-32
1.3582613821662175e-35
5.315354874236387e-39
1.3863175628091877e-42
0.0
0.0
4.414041053453846e-35
3.491962426186261e-34
1.8411293621710537e-33
6.469647139211031e-33
1.51515977842587e-32
2.3649274362422727e-32
2.4601339514935854e-32
1.705615906865398e-32
7.881071524273109e-33
2.4270059911391274e-33
4.981245840066047e-34
1.3834079101532252e-34
1.443842969708428e-35
1.0043179358469658e-36
4.6559040646579994e-38
1.4385281855691526e-39
2.9621993091118656e-41
4.065291811470014e-43
3.718353902402086e-45
2.26668550608001e-47
9.209018832212305e-50
1.1444288856283331e-06
7.926033344364133e-06
3.658512366217209e-05
0.0001141039003310811
0.00024435352346058515
0.00039451046848785066
0.0005945157631628243
0.0009692798650174898
0.001440928181657557
0.0015934622651746033
0.0012089690503422617
0.0006156206445100663
0.0002092723379279709
4.743086583475912e-05
7.165252629011392e-06
7.214277142656206e-07
1.2462425830531136e-07
6.38071111238581e-09
2.1772952307995e-10
4.951618241864202e-12
7.505135647748011e-14
7.581436270716702e-16
5.104179982927105e-18
2.290245400937414e-20
6.848880798863523e-23
1.3650191485274172e-25
1.813173770968955e-28
1.6051723142801115e-31
9.470773301133242e-35
3.724180913709253e-38
9.760175953878479e-42
0.0
0.0
0.0
0.0
0.0
0.0
0.0
0.0
0.0
0.0
0.0
2.4916974034907906e-06
2.189968255948614e-05
0.0001282808674293206
0.0005008036718043024
0.0013030307630161767
0.0022595574184773237
0.002611401461515871
0.002011432449103484
0.0010325683508979435
0.0003557579127205451
0.00010349884138391137
0.00015358803532393024
0.0005815701619411008
0.0015880745041641298
0.0028960287255599044
0.0035199636557140482
0.0028513831490763566
0.0015394108369596253
0.0005539046982400859
0.0001328302855905435
2.1229546262393185e-05
2.2613400060130713e-06
1.6053604822719352e-07
7.595577833826754e-09
2.3951384180683964e-10
1.9081448637334086e-11
3.059734345287847e-13
3.2699239216150142e-15
2.3290194939798342e-17
1.1055799319834698e-19
3.4977496235789986e-22
7.375115706754277e-25
1.0364074023539892e-27
9.706747271419556e-31
6.058965597792788e-34
2.5206050331328663e-37
6.988639842407881e-41
0.0
0.0
0.0
0.0
0.0
0.0
0.0
0.0
0.0
6.558154406927817e-35
5.212299957912184e-34
2.7609510806377405e-33
9.746968692563297e-33
2.293305848722528e-32
3.238106366057771e-32
1.3118231882440942e-07
1.11904906943381e-06
6.362158810643063e-06
2.4106903482175487e-05
6.087793333219301e-05
0.00010246131385434196
0.00011493213875463238
8.592204494333762e-05
4.281039835953841e-05
1.421593672017838e-05
2.0184638890845903e-05
0.0001262498623822693
0.0006189370050909704
0.002029455037685697
0.0044353174747314775
0.006460292050227145
0.006271351630419495
0.004057436212653094
0.001749539684971164
0.0005027793629644389
9.629697325079497e-05
1.2292193227053776e-05
1.0457495067069246e-06
5.9293557292257776e-08
6.9849225012659076e-09
2.013928325830529e-10
3.869973372428877e-12
4.956253274452994e-14
1.0254898562969397e-07
8.582010445789164e-07
4.786612368934862e-06
1.779299377565334e-05
4.408099035490362e-05
7.278388069514551e-05
8.009411744718225e-05
5.874184474992145e-05
2.8712835987329657e-05
9.353758382529939e-06
2.030849558406439e-06
2.938670589172298e-07
2.8340376027876723e-08
1.8215531940633644e-09
7.802964956306805e-11
2.2277117875269014e-12
4.238770443768791e-14
5.375295452196408e-16
4.5430375987877475e-18
2.5590093355297544e-20
9.606804604691786e-23
2.4036298738988068e-25
3.535853072324481e-27
4.498683355901778e-30
3.814680681915506e-33
2.1558200277111302e-36
1.9028514824352597e-06
1.4701741041860028e-05
7.570319218014746e-05
0.0002598012073665121
0.00059422331174128
0.0009058155127914067
0.0009202617490635663
0.0006231097341545829
0.000281189596781544
8.456984027253075e-05
1.6951702418933007e-05
2.2646061251110612e-06
2.0162927268847015e-07
1.1964540873001373e-08
4.731730924300079e-10
1.2471698129772377e-11
2.1908502281298877e-13
2.5649643660126858e-15
1.1144691738677664e-06
7.677097537653921e-06
3.524581882578432e-05
0.0002800473913902614
0.0008554213737007287
0.004003952158965598
0.013988870486071732
0.03379468197544585
0.05500485031826291
0.059851869524675146
0.04344258472143164
0.021020460628930177
0.006779232562892204
0.001457165535951709
0.0002090643069614091
2.2887330543688377e-05
1.9659606803471822e-05
7.629112847267998e-05
0.00021062288128187773
0.00038780968220634
0.0004759007230480854
0.0003892204596825647
0.00021215658022351249
7.707240296469964e-05
1.866048130182145e-05
3.0111218534410228e-06
3.238287240749178e-07
2.3210471066010153e-08
1.108751164511129e-09
3.529927384259866e-11
2.8302258055310483e-12
4.582002789219309e-14
4.943916875805137e-16
3.555236690768108e-18
1.7039130401397503e-20
5.442618356847683e-23
1.158643650026676e-25
1.6438925894583475e-28
1.5544563731034772e-31
1.898736607393338e-34
6.764106903460547e-34
3.317317677352189e-33
1.0843553526869893e-32
2.3623146427330695e-32
3.4299311659189337e-32
0.00016809671011514503
0.0014324014637334625
0.008134893032525889
0.030790765445147836
0.07767310603930715
0.1305877404703598
0.1463240424462732
0.10927241017607135
0.054385972895857324
0.018040344631743685
0.006900029939034749
0.0013244050563324928
0.001388949977811697
0.0065817949079017245
0.022880608583921644
0.05308859700821298
0.08209670281572075
0.0846122814908085
0.05812153271363676
0.026616725361700254
0.00814642879455453
0.001704179040389803
0.0002902734173797131
7.543318714256834e-05
3.175491587022034e-05
4.351585492935121e-05
0.000260040534803487
0.0013699182766895373
0.00485837275466807
0.011486913447201033
0.01810095792287072
0.019009970574615453
0.01330585794444308
0.006221287978208421
0.0020305695228600793
0.0008755719454100431
0.001180204934846809
0.002576412807594834
0.004103636257285935
0.004374437097141188
0.003108401093246774
0.0014720989094515054
0.00046464217891657933
9.774213621482782e-05
1.3703344322497415e-05
1.2804212180898123e-06
7.9737148824945e-08
3.3094063113631564e-09
9.154213294702999e-11
1.6876155254056673e-12
6.347314333047661e-06
4.5834165342048486e-05
0.00022058206480407547
0.000707510055275599
0.001512434528099738
0.00215477584621956
0.00204601664301341
0.0012947853403997515
0.0005460946645568758
0.00015350398041248035
0.00012183292635859351
0.0006778649999220839
0.0020157032478882344
0.007428129599052143
0.018270520985071162
0.030093139866538467
0.03359755439729873
0.02647622799854071
0.016443151220630597
0.009550098161164408
0.005369041151196028
0.002495820808971586
0.0008375398230546191
0.0001919064360717133
2.9507376656363465e-05
3.0295555401116096e-06
2.0741332296242624e-07
9.465394356775484e-09
2.8789864185556205e-10
5.836155162090413e-12
7.884912944546879e-14
7.099845287224939e-16
4.2607152939214285e-18
1.7041103754540887e-20
4.54249525097589e-23
8.069986226603174e-26
9.555043175633104e-29
8.535718569296275e-31
5.139282942500103e-34
2.062274716716576e-37
5.51533700801057e-41
0.0
0.0
1.3591522588528286e-05
8.851081422295378e-05
0.00038415466262834244
0.0011112132974448032
0.0021422507276452805
0.0027524834505554476
0.0023570059672958694
0.0013451731677674795
0.0005116550416124655
0.00012970534344507585
2.191391770408939e-05
2.46753733750216e-06
1.8517782877496225e-07
9.261808360092123e-09
3.0873377391582465e-10
6.858893208097314e-12
1.0155597698761425e-13
6.98480297006392e-07
6.337338337033406e-06
4.2616975867667436e-05
0.00011945822046021659
0.00042129076296781176
0.0010821812928716778
0.0020693658086849576
0.0029486332023480385
0.0030671207676883426
0.0022627156951990895
0.0011549511213645282
0.0004011593271438918
9.389797018397295e-05
1.4732267146636803e-05
1.5450453925839237e-06
1.08154388014553e-07
5.049613085970367e-09
1.5718838236377285e-10
3.261735446165446e-12
0.0001923311606258251
0.001263552622915591
0.00553246357322138
0.016144527565249797
0.031398844553160554
0.04069898148053833
0.035158874424773806
0.020242676450575797
0.007767521289676065
0.002168782927124573
0.0013477425169113883
0.003958943224935788
0.014129941316395346
0.03429698198017334
0.05550907084620903
0.059876799390322394
0.04304620458530175
0.02062494048518432
0.006586157178127049
0.0014016933920356714
0.00020687805464343536
8.36834227410103e-05
0.00034934101042202655
0.0012450330075983722
0.002967111745854356
0.004712870429326717
0.0049890621654441894
0.0035199293965794284
0.001655124273921711
0.000520181389662897
0.00012219979359505087
0.00010105442992930984
0.0003567058367769113
0.0009787216680673422
0.0017964723634919732
0.002197860422040756
0.0020067251383103194
0.0012484492143345033
0.000518486144611048
0.00014860045656268336
5.0892227573548026e-05
7.55558481612311e-05
0.0001422787636802459
0.00018586961015386717
0.00016210653036426026
9.547287457410076e-05
4.485214161031791e-05
4.68626368102919e-05
0.00011356504559677889
0.0002232789807881889
0.00029633145722894605
0.0002623075415960332
0.0001547547041726744
6.084985607057123e-05
2.4771798403489528e-05
8.142474246483522e-05
0.000467329692287651
0.0018483812811768605
0.004875652890140892
0.008571622418827838
0.010043307196629263
0.00890952226760107
0.005308523086801578
0.002108027846795453
0.00055790764547783
9.84082739884515e-05
1.1568691624923804e-05
9.064006306193737e-07
4.7330323588873036e-08
2.0178807240907025e-07
1.7694951609289512e-06
1.0426192847515702e-05
4.094425788861659e-05
0.00010716225085440691
0.00018692706986645047
0.00021731220468412555
0.00016837499100744405
8.87844359497875e-05
4.3299444028826376e-05
7.174758363856168e-05
0.0002226349278815664
0.0005362438154970415
0.0010484461372969815
0.0018842865892602324
0.0030584473502431944
0.003908024385384179
0.003548632447965646
0.0026905836180072394
0.0012754153101911907
0.00040413750412281044
8.542407973887444e-05
1.2037375219100133e-05
1.1305786944936754e-06
7.077212376474669e-08
2.9526264228592992e-09
8.209889665913982e-11
1.5214160349708534e-12
1.8790584837506808e-14
1.5467288322040879e-16
7.778788172631467e-05
0.0006914150671748474
0.004095880541448591
0.016171014713512046
0.042560613684654594
0.07469905058194476
0.0876327716152207
0.0694233982038202
0.03879939225758247
0.017791398907147152
0.008710820851934465
0.004579709290106278
0.0019882586599767383
0.0006103193561826399
0.00022357671389534634
3.546742657604315e-05
3.7539879971621453e-06
2.005524262166509e-06
1.4190620506119766e-05
8.293963392159763e-05
0.0003269436788378044
0.0009337163047438301
0.0020246407763081383
0.003427954498400331
0.00446406546324716
0.004276812244099986
0.0028877204542478298
0.00133642950711348
0.000418948473697612
9.912386339593957e-05
8.35200533971294e-05
0.0002931346747118654
0.0007974446522104916
0.0014512398711894069
0.0017603398849841219
0.001423102731744665
0.0007667566354590686
0.0002753343412145365
6.589383285027192e-05
2.0273802979639405e-05
2.4673013114032553e-06
7.634293093443136e-06
6.010809299503412e-05
0.0003237866737927062
0.001162635730382076
0.002782341445004192
0.004437708137570915
0.004717246761074534
0.0033419504177171627
0.001577948982756432
0.000496555116772868
0.00010414142436783111
1.4556639054503332e-05
9.014969176507954e-06
5.263376428131418e-05
0.00024030317212760116
0.0007323502777984175
0.0014875306694669885
0.0020136992615319847
0.0018167904638466206
0.0010924375527767531
0.0004377941438380381
0.00011692969674348538
2.0814273023145458e-05
2.4693304892553946e-06
4.7587409078973906e-07
2.8708639524075348e-08
1.1542894132434463e-09
3.0931313374009764e-11
5.524125768356476e-13
6.5752202130730324e-15
5.216012164688926e-17
2.757709002255413e-19
9.717170572195657e-22
2.28198488712706e-24
9.513403931299932e-07
2.89961960135486e-05
0.00019264529011401544
0.0008577457755909208
0.0025582193318889647
0.005213397430683421
0.007642140550223968
0.010325456651011243
0.018222983395101606
0.0349851356465836
0.051789984452439625
0.05258846043695821
0.03577828210189495
0.0162872833565589
0.005240254083432197
0.002306180965616529
0.0029111116818480104
0.0053716495813112665
0.007212304557379619
0.0064841872866305385
0.003886170409157731
0.0015522973199279752
0.0004132470744680516
7.332063699446425e-05
8.670102261298967e-06
6.832879448884457e-07
1.3447427091982498e-06
1.2293379656556534e-05
7.693864228558095e-05
0.0003209544087904751
0.0008923266952657206
0.0018343466779879962
0.0032395224263937713
0.006964835045136004
0.01646179408771606
0.030801789107483022
0.03991501760988165
0.034800880542016834
0.020385167275305014
0.008119864747796902
0.0022800656556063426
0.0008366575057657214
0.00016077246396128096
2.7686846600069656e-05
4.038435861552357e-06
4.4432409372965697e-07
3.4212285831635374e-08
9.84438713918048e-07
6.225643970827178e-06
2.6287019006478385e-05
7.397487789814216e-05
0.0001387422543616947
0.00017342623069353474
0.0001444782163666097
8.021794018220983e-05
2.9683984001687136e-05
7.320730507901743e-06
1.2032841579925435e-06
1.3181460310528978e-07
9.62366289614861e-09
1.2407798260826297e-06
1.0938520311644582e-05
6.429349601647169e-05
0.000252796208527996
0.0006641447902845731
0.0011750653453853428
0.0014234430352195028
0.0013337968738253993
0.0009512607374318806
0.0005509099484334282
0.0002894320690721294
0.00023643033353119687
0.0005420082023517457
0.001328783107036001
0.0022793940844775947
0.0026161963234325207
0.002001885064856291
0.0010209405843837679
0.0003470117899973292
7.860851871456792e-05
1.1867972972282368e-05
1.1941669111712435e-06
8.008202864022379e-08
3.5792056083687934e-09
1.0661535971646739e-10
2.116578859296447e-12
2.8004684202831032e-14
2.469496719193694e-16
1.4513353570612526e-18
5.6847143367541145e-21
1.483990306797537e-23
2.5818739209306224e-26
2.99378456937146e-29
2.637414658190724e-31
1.5551293241674137e-34
6.111335890060856e-38
2.7880402731948095e-07
2.502258484737774e-06
1.4967416584118871e-05
5.966821837571012e-05
0.00015853342515524297
0.00028072440061043376
0.0003312996917967675
0.0002605814213920319
0.00013659896656489958
4.7723570325912965e-05
1.1112198438995761e-05
1.7244420240464777e-06
1.7835231700034476e-07
1.229392223466897e-08
5.647857307970459e-10
1.7292529218481466e-11
3.528701066367612e-13
4.799022293494022e-15
4.349829300263417e-17
2.6276844404033715e-19
1.510191935437831e-07
1.0230733842956774e-06
4.619159665825402e-06
1.0071665487351785e-05
2.3123845616611075e-05
3.538346644417125e-05
3.62683323376268e-05
3.473700919625021e-05
7.751378330221232e-05
0.0002913140692431776
0.0008333530702788684
0.0016056215579562088
0.0020641851965826365
0.0017695082598813655
0.001011407308502059
0.00038544184311096335
9.79359618178899e-05
1.659081623835105e-05
1.8738184408452384e-06
1.410956836447581e-07
7.0830283458125805e-09
2.3704790993268954e-10
5.288814597061489e-12
7.866455161955978e-14
7.799954309203426e-16
5.155743790713574e-18
2.2718056531252074e-20
6.673077519644259e-23
5.4305550352154396e-05
0.00048275004966956517
0.0028601051323712437
0.011293361492735523
0.029719809725848437
0.05212551773872651
0.06093071870327848
0.0474683113337933
0.024646362141269744
0.008528711638196608
0.001966960316742625
0.0003023356271518255
3.097166965146697e-05
2.1145671015493293e-06
9.621878879566642e-08
2.91796354545499e-09
5.897682648937538e-11
7.944462128198216e-13
7.132292736107502e-15
4.2675182031656666e-17
1.701779022985671e-19
4.522853399854071e-22
1.4963168663168374e-11
1.2055499285823682e-10
6.47333943508549e-10
2.316610961531122e-09
2.3988005574096893e-08
1.5194306841129748e-07
7.131165737767419e-07
2.297633671601519e-06
4.97138846425738e-06
2.1814703910514554e-05
9.985194745624686e-05
0.0003978208702074035
0.0011116725368295946
0.0020872949883458656
0.0026160172925147325
0.0021898125267330627
0.0012362210699759268
0.0004979740788495191
0.00018266141074132507
9.01003799336654e-05
5.019211073818767e-05
2.178842685605165e-05
6.986271180869429e-06
3.8434996938756755e-06
8.189322743528072e-06
1.673113741049228e-05
2.3222300097271857e-05
2.1499231839273452e-05
1.326591798952034e-05
5.4554912251001866e-06
2.4080515238895763e-06
5.035758993040365e-07
7.018521703519406e-08
6.519404166032081e-09
4.0360051552305003e-10
1.6652408925375365e-11
4.579140511548409e-13
8.392134223141714e-15
1.0250437942360828e-16
8.344377978566692e-19
4.527172720906659e-21
1.6369737225976122e-23
2.9151868361109034e-08
2.3204348311591713e-07
1.2309882449397122e-06
4.352311630772872e-06
1.0255754353920374e-05
1.6106337101015604e-05
1.685805658136054e-05
1.1759795728396464e-05
5.467308711001771e-06
1.694060687002407e-06
3.498371123475887e-07
6.437660435188574e-08
1.2785086100149056e-07
3.8176985152666364e-07
1.4739081021632465e-06
3.7994221752198818e-06
6.527635064332701e-06
7.47439154084135e-06
5.703971824507425e-06
2.9010849567360294e-06
9.8338837660913e-07
2.221627499922839e-07
3.345021878278971e-08
3.3566667828857187e-09
0.00014172831934349157
0.0010118208033522108
0.004814390990679713
0.015267517586328624
0.03226889501465631
0.045455631943076336
0.0426755034658938
0.026702776248396638
0.011135776385224339
0.003095069920384433
0.0005733316330024279
7.078259093582043e-05
5.824139755836442e-06
3.1939021040604237e-07
1.4348319141906238e-05
5.54886226599446e-05
0.00030127962904281984
0.0010902475410224403
0.002629432576654752
0.004226496472764081
0.00452773010268986
0.0032326754031435736
0.0015382439476551875
0.0004878315443676983
0.00010310888536173808
2.2151703178957223e-05
6.296731491515353e-05
0.00033142533522676447
0.0011895995126750124
0.0028540708585208597
0.004584390492894713
0.0049453718470615846
0.0036008008677171294
0.001783441845387455
0.0006076181586017895
0.0001444397920213266
2.4313075752386276e-05
2.928620581250497e-06
6.073566853443674e-05
0.0005063190380576028
0.002824694617067989
0.007092171579680954
0.02012066198283181
0.03805309461875534
0.04801123970849911
0.040621552545924054
0.023759726715904258
0.011193977339576335
0.006326995470971768
0.004652719338179564
0.0030157303223139246
0.001554739462949399
0.0008912095131941285
0.0007504905371912095
0.0006326986835585978
0.00045818072657990945
0.00041608996769337863
0.0006889285581846318
0.0015092052145371962
0.002967701189370218
0.004314197786333968
0.0043128593721626605
0.002899201714438083
0.0013022762432021242
0.0003909530531490719
8.092658985264282e-05
2.7608538849118677e-05
5.284523052657392e-05
0.00023806716028814458
0.0008423740609885525
0.002062533721461487
0.0034364584454379837
0.003904399540874591
0.0030464430829242996
0.0016460067765279765
0.0006203348579256354
0.00016455798716838365
3.5979256826620696e-05
3.042141222388179e-05
8.220988064865751e-05
0.00016838233727021638
0.0002307680975749629
0.00021080830562436427
0.00012834612443414413
5.207861144284646e-05
1.4083726510314315e-05
2.538383978436395e-06
3.0491486767717015e-07
2.4410767397173995e-08
1.3024642511510141e-09
4.6316074065006254e-11
1.0976887561691058e-12
7.229002801555656e-14
8.712212289706143e-16
6.997776276952905e-18
3.7460468650718266e-20
1.3364967503975604e-22
4.6074096650105426e-05
0.0002956428766117132
0.0012643752406653016
0.003616590765429706
0.006942957704690693
0.009005549692484825
0.007989535941018784
0.004953605511130338
0.0022381937984098663
0.0008995739048994319
0.0007651375855530043
0.0013618128145995814
0.00201927957672244
0.002037736570441111
0.0013731104788769221
0.0006252798971775621
0.0002498388070268295
0.0003698092215381302
0.0011382710038597469
0.002575920082620928
0.00391693610946796
0.004171810915797229
0.003433413567844725
0.0022781578829864178
0.0015719876077881715
0.001167566727489842
0.0007275374033708693
0.0003229068138018499
9.704323155852841e-05
1.950720649066408e-05
2.900703064782797e-06
2.2769745692398276e-06
1.647088248369629e-05
7.453062788380374e-05
0.0002518144225107313
0.000619507921213321
0.0010779632225417085
0.0012959965669926416
0.0010616853269429648
0.0005942870412027658
0.00025677110514586986
0.0001690210646779264
0.0002320035796384614
0.0003069329715985231
0.000350056032958982
0.00043523602686519093
0.0005765531335616849
0.0006316384609752816
0.0005822865426936071
0.0004994780701925873
0.0007190775011079339
0.001520827385502522
0.0027190438937844223
0.0034377900430792516
0.00295203274289748
0.0017011026227008788
0.0006550104542482172
0.00016825790560106424
2.8816877593939515e-05
3.2897410255276385e-06
2.503119155147886e-07
1.2693804391939993e-08
4.2902936120283157e-10
1.2857366070497343e-09
8.921564181452517e-09
4.156943501486481e-08
1.290909569590753e-07
2.671770079148931e-07
3.6853937229808957e-07
3.3880534245077054e-07
2.0758604571374323e-07
8.476715562760873e-08
3.7240437435366364e-08
2.7578123356528066e-08
1.6966321644338198e-07
9.546658859138867e-07
3.602099158660755e-06
9.05909737208729e-06
1.5184358458834283e-05
4.8717896032844745e-05
0.00022325731829110255
0.0009373698776840093
0.002745290613312413
0.005386928033496517
0.007049105532295246
0.006148050425447446
0.0035737620703498213
0.0013845089367614549
0.0003637520902095166
0.00011062330660665355
0.00026317094180693004
0.0008908331891740192
0.00206273904174674
0.003185912389269529
0.003281807548250986
0.002257440721078019
0.0010404796793551507
0.00032434228294503923
0.00012129398667233852
2.1078674829375428e-05
2.835902816920044e-06
3.218161438521617e-07
3.097070235367367e-08
2.3293819039491e-09
1.2605358430907027e-10
4.689222240462094e-12
7.453388970847675e-06
6.507594984721149e-05
0.0003786768886899758
0.0014685834605051684
0.0037958584905448366
0.0065388736039569155
0.007507190209719318
0.005747016029568018
0.002962662310409222
0.0011846832392319229
0.0009453379567950449
0.0018727580570411264
0.003155292211173262
0.003626064690803598
0.0027991044116509474
0.0014499044284225376
0.0005038244015862139
0.00011741150615098998
3.5606568499500904e-05
5.714273262136608e-06
1.383194803907763e-05
8.345300939491807e-05
0.0003439840052276703
0.0009453545544833284
0.0017318656743928536
0.0021149095351481006
0.001721565588315397
0.0009396366416687209
0.0003774773019249184
0.00027293837556877434
0.0006336259579502947
0.001374501538238056
0.0021514604100026534
0.0025635615600736765
0.0025362770689136374
0.002135225387964125
0.001428310193525027
0.0006971745600254723
0.00023590676807922202
5.4492665465435916e-05
1.0955992804813152e-05
1.1336530253507836e-05
2.778084105627823e-05
4.8882388351177304e-05
5.6948708618333714e-05
5.1078129869055046e-05
3.053882064281077e-05
1.2171100711735071e-05
3.2334338688914834e-06
5.725996200483091e-07
6.759080782487049e-08
5.318270666496559e-09
2.789306914980064e-10
9.751293425587277e-12
2.2722981773943357e-13
3.5294158895497036e-15
3.654030312767075e-17
2.5215683169293194e-19
1.159835033164581e-21
3.555873594127171e-24
7.26639224445903e-27
4.4109410199777754e-07
3.459041986059463e-06
1.807930992888201e-05
6.298140223575166e-05
0.00015103282256267924
0.0002613533232955395
0.0004044717322197139
0.0007184126086005057
0.0010811463600374348
0.0016728854004082504
0.0018437124019150587
0.0014055900066530151
0.0007953798456499512
0.0004369188526291477
0.0003059011865496261
0.00021483878458609313
0.00011312763324147261
4.0702128081349276e-05
9.81265731742332e-06
1.5791731366128328e-06
1.6951245915898087e-07
1.2134040515042297e-08
5.791555822126415e-10
1.8430565418167288e-11
3.910293345477602e-13
7.897002422811222e-07
5.7670738595838805e-06
2.8069217579344517e-05
9.10514043573399e-05
0.00019684506826875102
0.00028362465234228843
0.0002723610267915007
0.00017431208482330515
8.01444184715797e-05
5.717541236005471e-05
0.00018973842418865483
0.0008779512812974842
0.0031190320673328514
0.008241859790730726
0.01590933730746171
0.021836718962865875
0.020793779086421126
0.013501782551171352
0.005915841028688196
0.0017388685581658009
0.0003418046770601713
4.4857470332826404e-05
3.927046864093517e-06
2.2923486553797804e-07
1.3334936175749783e-06
1.1853439779624806e-05
7.06931634771409e-05
0.0002809961773379674
0.0007443976265355214
0.0013142896744229066
0.0015468437355557255
0.0012154625649561362
0.0006484663186474619
0.00027480935054730694
0.00018484363922559633
0.00021153648617909114
0.00025690872720962816
0.0002663213253485911
0.0003664450079967527
0.0007406866232498109
0.0013016926136179315
0.001594056576101092
0.0013108565380884028
0.000724375501749812
0.00027720562061497254
8.407954293763798e-05
3.709395109114297e-05
6.95686294165466e-05
0.00025359401877264164
0.00071400605460475
0.0013576841988843064
0.0017226209141747832
0.0014568338178359785
0.0008211417228042638
0.00030847150596173474
7.726048065029085e-05
1.4368160041116065e-05
1.6012193713950207e-05
8.110503471419277e-05
0.00030858211104128593
0.0006085298521144015
0.0012223004057957385
0.0016675605709840433
0.00154352585621208
0.0009749252421229542
0.00047343009860260855
0.0005073840867156408
0.0016454691351393336
0.00450993425344321
0.008345237674005822
0.010301783443355882
0.008484905045557224
0.004682867789734652
0.0018272507790550222
0.0009090183286939739
0.00211509601381514
0.006844880987867923
0.016005070723573853
0.025258296635840394
0.026636413256894236
0.01873257628064242
0.008782333678529864
0.0027474688430365744
0.000586033985093204
0.00012222062050441616
9.730085996209659e-05
0.00013284189136542098
0.00023767831157941346
0.00046524896060692953
0.0007939574637379096
0.0009863422748226148
0.0008389935957044037
0.00048368259462075556
0.00020405480395826718
0.0001225163772592235
0.00020098510956477028
0.00033150478909494584
0.000377868005996835
0.0002877803637034923
0.0001460960141566693
4.943133394748374e-05
1.1146748896451937e-05
1.6752347865100477e-06
1.6779719557450692e-07
1.120147624088206e-08
4.983648162032518e-10
1.477750226393997e-11
2.920359003400959e-13
3.846387191869005e-15
3.376379888715185e-17
7.876016861024582e-07
6.555356492302535e-06
2.1489841521389753e-05
9.096045527624099e-05
0.0002591821872091435
0.0005025870946390161
0.0007092633724530791
0.0008679307771378643
0.001120096298793553
0.0013969074737010126
0.0013539885194831594
0.0009181451522600827
0.0004378545931260862
0.00019061308292894907
0.00014646161475737222
0.00015435153824524292
0.00012581238593647955
6.958264535353668e-05
2.5698811643952684e-05
6.327019334184458e-06
1.038190001669974e-06
1.1353693206756713e-07
9.81060582856808e-07
7.522757308672364e-06
3.876790668538321e-05
0.0001331594878911091
0.00030497147124315096
0.0004231379307971174
0.0004945604888152691
0.0003902743261073316
0.0002162802383452492
9.577459903650841e-05
4.276250258243527e-05
2.0074957099786183e-05
7.922682738003737e-06
2.238786268582398e-06
5.287946817911596e-07
8.818156935376789e-07
4.585316824402133e-06
1.6915530871545315e-05
4.1631021115239414e-05
6.828679815585707e-05
7.465142262382394e-05
6.119735522239306e-05
9.428332236735386e-05
0.00037758951446592625
0.0014314129397959043
0.0039406097895933
0.007660807967393449
0.01037749850504442
0.009681247756028926
0.00616780153283563
0.0026725894341432044
0.001235689718223197
0.0002841572503804822
5.242606028138023e-05
3.9586579756081816e-05
0.00010601724272176685
0.0002173405503455384
0.00030263542697443367
0.0002867169676853322
0.0001858714899372965
0.00010394319437276977
0.0001932527386399325
0.00090249370020221
0.0031999069104551277
0.007655328251741395
0.012373588690799806
0.013678899801881245
0.010565485804499288
0.005879986749627517
0.002434867055873393
0.000762088151539825
0.00017805981258573025
3.010385390204463e-05
3.5829465923064117e-06
4.0742735518569496e-07
6.354192716120373e-07
2.176173280983064e-06
4.012131062449442e-06
7.268493908260089e-06
9.33230355663139e-06
1.0929572013972938e-05
1.7946104936145704e-05
3.430226783009927e-05
5.093269009734416e-05
5.1764684142415714e-05
3.520989007015442e-05
1.5971877878962494e-05
4.829159643957624e-06
9.731398103202685e-07
1.3069575074681528e-07
1.1698478950288651e-08
6.978770231056783e-10
2.7746611513935647e-11
7.352288767587251e-13
1.2984245153230472e-14
1.5282429663713472e-16
1.4118531809164085e-05
0.00010030423980906385
0.0004749310821581751
0.0014987301487176827
0.0031520844353739716
0.0044182856405529745
0.004127539941489256
0.003148355810111662
0.0014956290208264333
0.00047352782875436836
9.99191380515035e-05
1.4051846564054392e-05
1.31704212883768e-06
8.22711340038655e-08
3.8441879827321316e-07
3.0813132868614276e-06
1.6607671937355476e-05
5.965907417810168e-05
0.00014283211115750515
0.000227906519981153
0.00024240031550434225
0.000172042849222596
8.246810375089351e-05
2.9954035126167964e-05
1.5132616696193822e-05
1.5200535130700423e-05
1.4493458792717628e-05
1.0520888697265393e-05
9.249427779931153e-06
1.6695232023356185e-05
3.141658529210259e-05
4.186954382194294e-05
4.15920534641748e-05
3.634678029447251e-05
6.430606775128275e-05
0.00021035878476237307
0.0005506932138472866
0.0009760084286186461
0.001154418538874372
0.0009104651982442371
0.00047906443984325743
0.0001684527675599426
3.975597393116562e-05
6.367260882189588e-06
7.10463384357144e-07
5.8286914759083224e-08
3.802241267128208e-09
2.0724123355993782e-10
9.124965256019162e-12
3.0009384404603714e-13
6.937276523559098e-15
7.848407151077454e-06
5.012485698932597e-05
0.00021335720133920107
0.0006052620948373906
0.0011443617356075156
0.0014420157015922201
0.0012110754080961132
0.0008605087311272948
0.00036756623559386755
0.00010467472321297034
1.9974845424235422e-05
3.2242402905397593e-06
3.9699187811149645e-06
1.888934709011827e-05
8.362149542747947e-05
0.0003687358076889872
0.0013456242415674023
0.0035428094976455225
0.006392599405991933
0.007887773315885251
0.006919688460128136
0.004840392226626399
0.0031965059392818525
0.002028753093220248
0.0010519210914989082
0.0003914244057330818
0.00010891610952137457
8.940891596929733e-05
0.0003649369843743612
0.0012111349615514643
0.0026923594720566543
0.003989722812604625
0.003941939900456386
0.003124731514385497
0.0015888272634864812
0.0005839880665414044
0.00025266925215669344
0.0003135348642322142
0.0005896171396178191
0.0009659251969217195
0.0012980212798702603
0.0014483730817715645
0.0012954608046174866
0.0008653442305289799
0.0004075211797080977
0.00013109493313606703
2.839503786813488e-05
4.116115802036546e-06
3.9833350497229673e-07
2.5709027596129732e-08
1.106186067780547e-09
3.172509252642647e-11
8.733635644497902e-08
7.986992305334972e-07
4.86806106807042e-06
1.977471903655992e-05
5.353603138264884e-05
9.65969856434105e-05
0.0001142727558890996
0.00010485026225359323
6.412883093472918e-05
2.6200349167128363e-05
7.344930716499304e-06
1.8683015042404882e-06
1.072293943017788e-06
1.0390519277032713e-06
1.0920095607858042e-06
2.1086459709832355e-06
5.2184380343242455e-06
1.1349510348873378e-05
2.5571409328344223e-05
8.35156438152276e-05
0.0002825920254790469
0.0007282984928730017
0.0014467372524690702
0.002551513360650332
0.004345919581214843
0.006386146258574546
0.006982236892874126
0.005287680395693407
0.0027538667070715157
0.0011995905859523929
0.0010313187881952311
0.0016240052701283955
0.0019806834340066236
0.0019421434377724929
0.0012731058669276543
0.0005563320800530887
0.00016202925997233349
3.145103811487065e-05
4.06872296260534e-06
3.5080260292348657e-07
2.0158074354931453e-08
3.059663171420195e-08
1.8893643900827066e-07
8.972234773284514e-06
5.6169940304144346e-05
0.0002412949414042066
0.0006999648522816982
0.0013610606423546815
0.001768214728324703
0.0015326237059966595
0.0008857596032236189
0.0003412427555587142
8.762543723487031e-05
1.4996698015077965e-05
1.7106101695166758e-06
1.300447099114007e-07
6.588992163111482e-09
2.22499627189077e-10
1.8554028871437336e-11
3.186065211161321e-13
3.620777059231299e-08
2.5220117766308606e-07
1.1707765825190978e-06
3.6346234917189426e-06
7.563709788495158e-06
1.0747358370136254e-05
1.1044179480427263e-05
9.46457795057134e-06
7.966363969058263e-06
6.306423899289639e-06
3.973907938423375e-06
2.109332156142623e-06
2.5346474750385203e-06
7.127198328979033e-06
1.638646426920225e-05
2.6248551563220637e-05
3.098759608551424e-05
3.122265007836934e-05
3.055160143607579e-05
2.6913597756413007e-05
1.8132485658249973e-05
8.52551587315293e-06
2.708230663191149e-06
5.755968676727223e-07
1.6373219862396513e-07
1.7719451365536552e-08
1.137167788726232e-08
5.063701039591497e-07
7.525581439612432e-06
4.573775623948193e-05
0.00018797631891997676
0.0005214845971403055
0.0009767227059837272
0.0012569044715696604
0.0011851917375129695
0.0009686912456358817
0.0008205756327624321
0.000661930885867897
0.00041407500030844454
0.0001806932322205686
5.321564561862e-05
1.0484869845054848e-05
1.37897589315014e-06
1.210024025103772e-07
7.083267180747462e-09
2.7661841593097125e-10
7.206990336735786e-12
1.2527743313622234e-13
1.4529787355681996e-15
5.946092612813121e-17
3.5138102273814835e-19
1.385636164287663e-21
2.2936962164003463e-06
1.6065331721026376e-05
7.524351671535271e-05
0.00023576964666400458
0.0004945981474922539
0.0006953116963423042
0.0006561161077099473
0.000417000410607205
0.00017993811411337151
5.374000167569969e-05
1.1591741219205298e-05
1.9435009791260656e-06
2.718914698411954e-07
3.165002149726021e-08
2.846594386070131e-09
1.8373057708504136e-10
8.15807898657787e-12
5.584491251093709e-08
2.212322200174003e-06
1.622712537097267e-05
8.185980200735383e-05
0.00028057583155697527
0.0006482407688258745
0.0009077272913650705
0.0010763150017082132
0.0008527007084003717
0.000454680464745849
0.00019266441099776858
0.0002131608559681567
0.0006335573677381067
0.001540650838751412
0.002605210954652797
0.0030438153726099265
0.0024556863602408557
0.0013658941810862852
0.0005235341849746624
0.000141636525152005
3.8023165336932945e-05
3.14020855106405e-05
4.120388736143993e-05
3.967337773634954e-05
2.6047156845937086e-05
1.2755523998836003e-05
9.09273966837038e-06
1.8542011241774835e-05
4.621882769254589e-05
0.00010666415133800351
0.00022044254733659857
0.00036379951332770623
0.00042513857690773353
0.0003942258089257631
0.00024704423702429773
0.000103691499829554
2.9195489201813625e-05
6.4931791482792e-06
6.551090291734162e-06
2.1861935675476375e-05
5.397155993009971e-05
8.902247706472082e-05
9.786788420375236e-05
7.170720929764403e-05
3.501603785260314e-05
1.139600769146424e-05
2.4718380457907595e-06
3.5732947350830027e-07
3.442700278327034e-08
2.2106049492548473e-09
9.664116365848042e-08
6.319034955902354e-07
2.756401994483769e-06
8.013416938059659e-06
1.8129329646323214e-05
5.3738644531221335e-05
0.00021473534768814363
0.0005286223470320047
0.0015780565942984115
0.0032372369500758714
0.0044945075052743345
0.004211569965691974
0.0026628840248713757
0.0011505575974319815
0.000401793558807417
0.00027294412841133095
0.00039373928172320015
0.0005121040743014786
0.0005747504133571792
0.0006557452440422494
0.0007153513306416892
0.0006116670558158905
0.0003685334411514117
0.00015683737001116486
5.9311073908752e-05
3.5004256608671715e-05
2.7505858699879782e-05
1.7086749947222556e-05
7.24887957659294e-06
2.055970851181245e-06
3.887896585572645e-07
4.9002174725276646e-08
4.116235664717603e-09
6.301702415399972e-10
2.6918181672551743e-11
7.663287301468015e-13
1.937378607170183e-06
1.3006358013980155e-05
5.819403354711796e-05
0.0001735332754063027
0.00034488048157956756
0.00045681043568683165
0.0004033108529334546
0.0002376303293492031
9.558121242448662e-05
3.694685183105936e-05
5.5422947718547396e-05
0.0001736295805350446
0.0004620330695796763
0.0009239611777987275
0.0013385960898623429
0.0013721203130319817
0.0009781886384001481
0.0004815693754700848
0.00017071056536942253
6.269223866807337e-05
5.7401729182304484e-05
0.00010727773215150977
0.00024900597210966306
0.000424668395800641
0.0007710099752089263
0.0010950280033622864
0.0014582011536633176
0.002248685557254573
0.0035175571059228917
0.004498426933932893
0.004334365311411028
0.003069233279582695
0.001564935630048845
0.0005617484879984131
0.00013924266920791123
2.373038262810175e-05
3.411293661014161e-06
1.606584466326424e-06
1.7777564742976328e-06
1.6163357180277878e-06
1.9823062273584926e-06
7.004546525393038e-06
2.60084921399554e-05
6.695411386331772e-05
0.00011517226579073594
0.00013206037824620487
0.00010225374874720768
6.050322596944792e-05
5.232165885880529e-05
9.763814226106144e-05
0.00021224567925923643
0.000331257708723727
0.0003737133229790608
0.00039138247337508784
0.0005462217380181153
0.0008317508109609389
0.0009725439953401733
0.000781109397297631
0.00042744866781541677
0.0001698689642725909
6.251699461937213e-05
3.2357110465304935e-05
3.830608548387574e-05
9.883071472826042e-05
0.00023938116367697005
0.00042112381496305806
0.0005954781708563004
0.0008634189800916582
0.001358661538005353
0.0018623392612204998
0.0019190978723960255
0.0014441490853876085
0.0008352187275738546
0.0005043510465771319
0.000498259056644361
0.0006666033113836516
0.0007530050406607843
0.0006104764592367198
0.00044211967427140763
0.0006098630967367015
0.0013169186772389063
0.0023106191702538166
0.0028455370086060347
0.0024154129578053698
0.0014263838741264163
0.0006296482221478331
0.0002899706866019143
0.00034119482700866263
0.0008777608334353305
0.0020259844238559523
0.003311830905795724
0.00374888301461453
0.0029941783676235394
0.0017422247682993726
0.0007608015417829968
0.0002514013618355651
6.17286426508726e-05
1.1175194568453641e-05
2.9051702819326568e-06
7.350860122210155e-06
1.6665251468771808e-05
4.216841862812787e-05
7.647318060532353e-05
0.0001106216751868119
0.00014741051978225532
0.00018493263263556255
0.00020794867365127987
0.00025056289342218933
0.0003990253914531868
0.0006275193030536089
0.0007310970046026076
0.0005797064687391689
0.00030755561077345703
0.00010883242009230537
2.567231880023617e-05
4.036449242614659e-06
4.230127355391531e-07
2.954782327253648e-08
1.3756735445455696e-09
4.268969671160999e-11
8.829752408128335e-13
1.2172835054704834e-14
1.118542991843408e-16
6.850642890076464e-19
2.7965825757611597e-21
7.609245490269367e-24
2.553329501260431e-09
1.1881375948218658e-06
8.61129144771067e-06
4.163726952645194e-05
0.0001342792462429197
0.00028972562716975933
0.00042085559961537513
0.00042812034699304073
0.0003548650541674957
0.0003247378072562349
0.00033798479264539094
0.0002957114766838819
0.00018292873077295637
7.637517446473072e-05
2.1308633236280398e-05
3.964692286361132e-06
4.91736287424659e-07
4.065215803760786e-08
2.2400204934412366e-09
8.226820940413183e-11
2.013816911796311e-12
3.2855846544258686e-14
3.572788748132959e-16
2.589414656641993e-18
1.2508157062185499e-20
2.8529658451380414e-22
7.008310513665033e-25
1.1474216262267095e-27
1.2520576158569334e-30
9.1057557993154e-34
4.413641346393545e-37
1.4258259421512454e-40
3.0698955803456575e-44
0.0
0.0
0.0
0.0
0.0
0.0
0.0
0.0
0.0
0.0
0.0
0.0
0.0
0.0
0.0
0.0
0.0
0.0
0.0
0.0
0.0
0.0
0.0
0.0
0.0
0.0
0.0
0.0
0.0
0.0
0.0
0.0
0.0
0.0
0.0
0.0
0.0
0.0
0.0
0.0
0.0
0.0
0.0
0.0
0.0
0.0
0.0
0.0
0.0
0.0
0.0
0.0
0.0
0.0
0.0
0.0
0.0
0.0
0.0
0.0
0.0
0.0
0.0
0.0
0.0
0.0
0.0
0.0
0.0
0.0
0.0
0.0
0.0
0.0
0.0
0.0
0.0
0.0
0.0
0.0
0.0
0.0
0.0
0.0
0.0
0.0
0.0
0.0
0.0
0.0
0.0
0.0
0.0
0.0
0.0
0.0
0.0
0.0
0.0
0.0
0.0
0.0
0.0
0.0
0.0
0.0
0.0
0.0
0.0
0.0
0.0
0.0
0.0
0.0
0.0
0.0
0.0
0.0
0.0
0.0
0.0
0.0
0.0
0.0
0.0
0.0
0.0
0.0
0.0
0.0
0.0
0.0
0.0
0.0
0.0
0.0
0.0
0.0
0.0
0.0
0.0
0.0
0.0
0.0
0.0
0.0
0.0
0.0
0.0
0.0
0.0
0.0
0.0
0.0
0.0
0.0
0.0
0.0
0.0
0.0
0.0
0.0
0.0
0.0
0.0
0.0
0.0
0.0
0.0
0.0
0.0
0.0
0.0
0.0
0.0
0.0
0.0
0.0
0.0
0.0
0.0
0.0
0.0
0.0
0.0
0.0
0.0
0.0
0.0
0.0
0.0
0.0
0.0
0.0
0.0
0.0
0.0
0.0
0.0
0.0
0.0
0.0
0.0
0.0
0.0
0.0
0.0
0.0
0.0
0.0
0.0
0.0
0.0
0.0
0.0
0.0
0.0
0.0
0.0
0.0
0.0
0.0
0.0
0.0
0.0
0.0
0.0
0.0
0.0
0.0
0.0
0.0
0.0
0.0
0.0
0.0
0.0
0.0
0.0
0.0
0.0
0.0
0.0
0.0
0.0
0.0
0.0
0.0
0.0
0.0
0.0
0.0
0.0
0.0
0.0
0.0
0.0
0.0
0.0
0.0
0.0
0.0
0.0
0.0
0.0
0.0
0.0
0.0
0.0
0.0
0.0
0.0
0.0
0.0
0.0
0.0
0.0
0.0
0.0
0.0
0.0
0.0
0.0
0.0
0.0
0.0
0.0
0.0
0.0
0.0
0.0
0.0
0.0
0.0
0.0
0.0
0.0
0.0
0.0
0.0
0.0
0.0
0.0
0.0
0.0
0.0
0.0
0.0
0.0
0.0
0.0
0.0
0.0
