a = 9.152256958862129 b = 5.080866592568874 c = 9.386569096714654 ,Gaussian ,LMH = 0.08 ,DW = [0.5 0.5 0.5]
0.0
0.0
0.0
0.0
0.0
0.0
0.0
0.0
0.0
0.0
0.0
0.0
0.0
0.0
0.0
0.0
0.0
0.0
0.0
0.0
0.0
0.0
0.0
0.0
0.0
0.0
0.0
0.0
0.0
0.0
0.0
0.0
0.0
0.0
0.0
0.0
0.0
0.0
0.0
0.0
0.0
0.0
0.0
0.0
0.0
0.0
0.0
0.0
0.0
0.0
0.0
0.0
0.0
0.0
0.0
0.0
0.0
0.0
0.0
0.0
0.0
0.0
0.0
0.0
0.0
0.0
0.0
0.0
0.0
0.0
0.0
0.0
0.0
0.0
0.0
0.0
0.0
0.0
0.0
0.0
0.0
0.0
0.0
0.0
0.0
0.0
0.0
0.0
0.0
0.0
0.0
0.0
0.0
0.0
0.0
0.0
0.0
0.0
0.0
0.0
0.0
0.0
0.0
0.0
0.0
0.0
0.0
0.0
0.0
0.0
0.0
0.0
0.0
0.0
0.0
0.0
0.0
0.0
0.0
0.0
0.0
0.0
0.0
0.0
0.0
0.0
0.0
0.0
0.0
0.0
0.0
0.0
0.0
0.0
0.0
0.0
0.0
0.0
0.0
0.0
0.0
0.0
0.0
0.0
0.0
0.0
0.0
0.0
0.0
0.0
0.0
0.0
0.0
0.0
0.0
0.0
0.0
0.0
0.0
0.0
0.0
0.0
0.0
0.0
0.0
0.0
0.0
0.0
0.0
0.0
0.0
0.0
0.0
0.0
0.0
0.0
0.0
0.0
0.0
8.202940190961331e-34
5.1977414151715255e-33
2.195034460322091e-32
6.178023612271195e-32
1.1588823089402097e-31
1.4488073836537222e-31
1.207156330764122e-31
6.703443143703105e-32
2.5986832844743025e-32
1.384234194456224e-32
3.476244838520443e-32
9.844671811136269e-32
1.9092921274134237e-31
2.4704475493756697e-31
2.130479685590938e-31
1.5406826180576987e-31
6.756444020474716e-32
1.9747164029803805e-32
3.84656284891208e-33
4.993700365724295e-34
4.3206956488902736e-35
2.491531712169891e-36
9.575483474574968e-38
2.4526554981791144e-39
4.1869130255046953e-41
4.763573557656914e-43
3.612046731792987e-45
1.8253888495155632e-47
6.148072416500043e-50
1.3800794957780728e-52
2.0646706342898144e-55
2.0586333611386024e-58
1.3680084507528563e-61
6.058709116364802e-65
1.7883518664380646e-68
3.518093606573491e-72
0.0
0.0
0.0
0.0
0.0
0.0
0.0
0.0
0.0
0.0
0.0
0.0
0.0
0.0
0.0
0.0
0.0
0.0
0.0
0.0
0.0
0.0
0.0
0.0
0.0
0.0
0.0
0.0
0.0
0.0
0.0
0.0
0.0
0.0
0.0
0.0
0.0
0.0
0.0
0.0
0.0
0.0
0.0
0.0
0.0
0.0
0.0
0.0
0.0
0.0
0.0
0.0
0.0
0.0
0.0
0.0
0.0
0.0
0.0
0.0
0.0
0.0
0.0
0.0
0.0
0.0
0.0
0.0
0.0
0.0
0.0
0.0
0.0
0.0
0.0
0.0
0.0
0.0
0.0
0.0
0.0
0.0
0.0
0.0
1.375741186211305e-08
9.153204211318835e-08
4.0587388869493187e-07
1.1994734004274975e-06
2.36249924631002e-06
3.1012321956246407e-06
2.713178940895077e-06
1.5819914763711735e-06
6.147681920722774e-07
1.5922094135039568e-07
2.74834047331882e-08
3.1617128768493644e-09
2.4241298014699613e-10
1.2387134737383045e-11
4.218590793925406e-13
9.575147831705187e-15
1.4484553867692618e-16
1.4603141951802688e-18
9.812259802565434e-21
4.394134222171028e-23
1.3114723744803856e-25
2.608714326170537e-28
3.458401793544993e-31
3.331263023441556e-33
2.2457449362882428e-36
1.0090053806407538e-39
3.0213990159238658e-43
6.029818402392254e-47
0.0
0.0
0.0
0.0
0.0
0.0
0.0
0.0
3.500129082398394e-06
2.611155100836719e-05
0.0001298263435800437
0.0004302040855428788
0.0009500966423198538
0.0013984359639143604
0.0013718256960463318
0.0008968851449364538
0.00039080154901199974
0.00011348991486403801
2.1965435191728893e-05
2.833373986746278e-06
2.4358443900731426e-07
3.787164412987092e-08
1.6556265350226972e-09
4.8238316773709587e-11
9.367063409689619e-13
1.2122615298242453e-14
1.0456124237260517e-16
6.010722724799258e-19
2.3028423208412632e-21
5.8800803160114595e-24
1.0006538307723116e-26
1.1349219998556586e-29
8.578862659803756e-33
4.3219024875131345e-36
1.4511147643432394e-39
3.2472079827988684e-43
0.0
0.0
0.0
0.0
0.0
0.0
0.0
0.0
0.0
0.0
0.0
0.0
0.0
0.0
0.0
0.0
0.0
0.0
0.0
0.0
0.0
0.0
0.0
0.0
0.0
0.0
0.0
0.0
0.0
0.0
0.0
0.0
0.0
0.0
0.0
0.0
0.0
0.0
0.0
0.0
0.0
0.0
0.0
0.0
0.0
0.0
0.0
0.0
0.0
0.0
0.0
0.0
0.0
0.0
0.0
0.0
0.0
0.0
0.0
0.0
0.0
0.0
0.0
0.0
0.0
0.0
0.0
0.0
0.0
0.0
0.0
0.0
0.0
0.0
0.0
0.0
0.0
0.0
0.0
0.0
0.0
0.0
0.0
0.0
0.0
0.0
1.7833142608301088e-34
1.1677319284144947e-33
3.2622772186418686e-33
1.0862723272601055e-32
2.4106719632222603e-32
3.565488713580141e-32
3.514645793697795e-32
2.30900891012401e-32
1.0110001091071644e-32
2.9502467750989113e-33
5.737821511327578e-34
7.437333779295386e-35
6.424939743799348e-36
3.69915384446231e-37
1.4194407741594814e-38
3.6300591975019123e-40
6.187164837245533e-42
7.02831493770389e-44
5.32098812234122e-46
2.684818385740034e-48
9.028572403327239e-51
2.0235074387865657e-53
3.0225401155722737e-56
3.008991009253538e-59
1.9964169790278744e-62
8.828017139209478e-66
2.6016964761130696e-69
9.196441153310671e-72
0.0
0.0
0.0
0.0
0.0
0.0
0.0
0.0
0.0
0.0
0.0
0.0
0.0
0.0
0.0
0.0
0.0
0.0
0.0
0.0
0.0
0.0
0.0
0.003690271175012451
0.025560969657174793
0.07413515742922114
0.2611234279031267
0.6129838191975259
0.959033397259851
1.0
0.6949408113053094
0.32186754097040116
0.09935462657235193
0.020439984253290158
0.0028025577246698196
0.0002561003219711506
1.559722117030419e-05
6.33090628498018e-07
1.7126400164639947e-08
0.0001459394533654452
0.001329777855131771
0.008075472492294709
0.03268423596929606
0.08816379593439784
0.1584979948033293
0.1899060549498565
0.15164755056267615
0.08070743332972746
0.028626827454206995
0.006767284780813995
0.0010661964533596152
0.00024824848918435027
1.9888955456436808e-05
1.0619862268289888e-06
1.027087601995726e-06
7.420237293645869e-06
3.7084000534375346e-05
0.00012353472287436083
0.0013438783404882482
0.008240430035008045
0.0386465291784748
0.12469838622662104
0.26993851021639537
0.3899726095607224
0.3755804408433165
0.24108890968204733
0.10314255033567533
0.029409051660623967
0.0055886372308607095
0.0007078030128888064
5.9744846614493784e-05
3.3610118511307666e-06
1.2601469298477432e-07
3.1488637969769164e-09
5.244065579349938e-11
5.820548342321449e-13
2.3116848051922032e-14
1.304749037623264e-16
4.908026514095636e-19
1.2304624457976679e-21
2.055944444213104e-24
2.2894801476947716e-27
1.7191838547497176e-30
5.416568929340275e-32
9.478939035408171e-32
1.1229642678218948e-31
8.866556013096114e-32
4.665793728083182e-32
1.63635548352906e-32
3.824822852589371e-33
5.9583573058754516e-34
1.495594399033221e-34
6.123420928234121e-34
2.8100867748784732e-33
8.653917929485362e-33
1.7763038845232337e-32
2.4299850714103826e-32
2.215498685387534e-32
1.3462351819377018e-32
5.4519507449200665e-33
1.4715142066840399e-33
2.647028048892906e-34
6.732692703564334e-35
6.158649054933245e-36
3.754599944145135e-37
1.525539404797829e-38
4.131090781642462e-40
7.455685770089745e-42
8.967925691025686e-44
7.18915677414057e-46
3.8410101602255115e-48
1.3677115225158864e-50
3.245825020342974e-53
5.133779953724665e-56
5.4116654941864605e-59
3.8019481228323313e-62
1.7801761463985344e-65
5.555220685094957e-69
1.1553703106646802e-72
2.0104473613542916e-09
1.8072026233069466e-08
1.0826860427713223e-07
4.322945658245082e-07
1.1503726887972597e-06
2.040228908673259e-06
2.4115750362548485e-06
1.8997839328588947e-06
9.974455322339579e-07
5.181395005556727e-07
1.383356966363424e-07
2.461520001035111e-08
2.9191339553771484e-09
2.307205235594922e-10
1.2153461250190007e-11
4.266731173615576e-13
9.983254195698824e-15
1.5567917662952638e-16
1.6179700225594004e-18
1.1207066884695118e-20
5.1736256972160664e-23
1.5917674105160084e-25
3.264087887286562e-28
2.944465890535555e-07
2.2977692411588737e-06
1.1950548630248737e-05
4.1423884643271865e-05
9.569634528073663e-05
0.00014734025888566847
0.00015119208401648943
0.00010339944943086864
4.712907841210772e-05
1.4316643698966295e-05
2.898511542924111e-06
3.9110232697728784e-07
8.212363620857947e-08
5.63489874497745e-09
2.576829066713399e-10
7.853561574200196e-12
1.595251801202306e-13
2.1596003163795897e-15
1.948493984611734e-17
1.171672682604023e-19
4.695643182378596e-22
1.2541960231822544e-24
2.2326327914602202e-27
2.6488095099803957e-30
2.094429291655325e-33
1.1037284250191186e-36
3.8765045658056575e-40
9.07402393480357e-44
0.0
0.0
0.0
0.0
0.0
0.0
0.0
0.0
0.0
0.0
0.0
0.0
0.0
0.0
0.0
0.0
0.0
0.0
0.0
0.0
0.0
0.0
0.0
0.0
0.0
0.0
0.0
0.0
0.0
0.0
0.0
0.0
0.0
0.0
0.0
0.0
0.0
0.0
0.0
0.0
0.0
0.0
0.0
0.0
0.0
0.0
0.0
0.0
0.0
0.0
0.0
0.0
0.0
0.0
0.0
0.0
0.0
0.0
0.0
0.0
0.0
0.0
0.0
0.0
0.0
0.0
0.0
0.0
0.0
0.0
0.0
0.0
0.0
0.0
0.0
0.0
0.0
0.0
0.0
0.0
0.0
0.0
0.0
0.0
0.0
0.0
0.0
1.7268993157618962e-07
1.1759697381840594e-06
5.337118219191119e-06
1.614355016633868e-05
3.254414158932831e-05
4.3724831246924914e-05
3.91529970358311e-05
2.336594925538026e-05
9.293587560654692e-06
2.463570012794277e-06
0.00033113229356091835
0.0020988763312174328
0.008879933532953759
0.02504344688380526
0.04710329627478974
0.05915101066920345
0.04973861281953289
0.02821817809662285
0.011005885174802747
0.0030775896256905575
0.0006637577411653708
0.00011867054359062321
1.7595051549913667e-05
2.01361721650882e-06
1.6530272205476275e-07
2.5396925709465325e-08
1.1042913498287417e-09
3.221106029012604e-11
6.277479881500922e-13
8.161195465358806e-15
7.073866464998796e-17
4.0869475613515475e-19
1.5737816406023564e-21
4.039053197383932e-24
6.908746869363927e-27
7.87592709467697e-30
5.98392407800921e-33
3.030066590588076e-36
1.0225860369371126e-39
2.3000069634218947e-43
0.0
0.0
0.00011404856373992523
0.0009726612075403721
0.005528596805391036
0.020943525495725646
0.05287692719131552
0.08897421745317972
0.09978004440255683
0.07457697387705382
0.037149020662603595
0.01863984618069326
0.004783754355905633
0.001180434878933231
0.0016229276540347917
0.004090882681528451
0.007250813450824844
0.00857852435178125
0.006764551393844664
0.0035550645953436578
0.001245195535936158
0.0002906759914671318
4.5223307073434514e-05
4.689181273193468e-06
3.240509312915299e-07
1.492488777114316e-08
4.5813178340012246e-10
9.372410870068838e-12
1.2778908597403305e-13
1.1612286887413403e-15
7.032719531885172e-18
2.8386404509307576e-20
7.636230422880278e-23
1.3690812113497947e-25
1.6359157902165261e-28
1.302789430284671e-31
6.914631760935595e-35
3.6179825702914265e-37
9.764811878022673e-41
0.00011812149638595277
0.0009650004211304045
0.005254212265057064
0.019066425159914187
0.046111842999342297
0.07441242236692372
0.08051243215516474
0.060584551946996
0.038939257650872736
0.03519712862495184
0.04209170632053261
0.04122841301699287
0.028557953362967303
0.014696404679710699
0.006879693774456988
0.003542548555009612
0.0017344356691779757
0.0006437820585687666
0.0001647133810164157
2.831073859870537e-05
3.2489903871133234e-06
2.486042271296362e-07
1.267919020702087e-08
1.3918323850581404e-09
3.6098047677873756e-11
6.239687551941571e-13
7.188258786100668e-15
5.5190732039264544e-17
2.824165626845027e-19
9.631539756713724e-22
2.1891868415277707e-24
3.316282237829e-27
3.348125193190365e-30
2.252856041117344e-33
1.0102915980842812e-36
3.0195455809535743e-40
6.014755618695666e-44
1.3727845553922313e-61
6.34863849181294e-35
5.022428836157722e-34
2.6480643463748835e-33
9.305180980204969e-33
2.1792279623304654e-32
3.30869036486155e-07
2.80522451847486e-06
1.5851146273913844e-05
5.969463064443372e-05
0.00014982745870472012
0.00025062772123326404
0.0002818956842131416
0.0002397886923598542
0.00013594101867078263
5.1363414741752195e-05
1.2934177177038884e-05
2.1707273139902087e-06
2.4280257280358475e-07
1.8100178003539354e-08
8.992779724902574e-10
2.9777388943223995e-11
6.57144412717669e-13
9.665327495289923e-15
9.474447127851425e-17
6.18974456618255e-19
2.695089090937216e-21
7.820870111418656e-24
2.685802316275301e-06
2.2273117057994484e-05
0.0001231032456102148
0.00045346059664491906
0.0011132460303611223
0.0018214795656389222
0.001986273277865965
0.0014435613460981656
0.0006992187044428679
0.00022572121452675724
8.478378467093426e-05
1.3917932327323606e-05
1.5227134717124349e-06
1.110307332061311e-07
5.3957245832308055e-09
1.747583307332005e-10
3.772311521253761e-12
5.4269867404768794e-14
5.203451597937298e-16
3.3251085372999577e-18
1.4161252974677798e-20
4.019565261631051e-23
7.603928695159953e-26
9.586907460471318e-29
8.055649893182841e-32
4.5113256633223787e-35
1.683795417451816e-38
4.188475848715736e-42
0.0
7.146913783770208e-07
5.512586276688764e-06
2.8338300702158773e-05
9.708983371681929e-05
0.00022169467332079605
0.00033737920281838834
0.0003562825352512731
0.000275714853694126
0.0001422025359734577
4.8880548149976127e-05
1.1198151574459932e-05
1.7097718560927646e-06
1.7398489068388596e-07
1.1799577399542672e-08
5.333384818074669e-10
1.6066487314688302e-11
3.225674186644643e-13
4.3162004960295835e-15
3.8491449861779405e-17
2.287749546421709e-19
9.062212338512665e-22
1.8825547305361547e-05
0.000139833714266407
0.0006934714234440112
0.0022961377021611766
0.0050759523132952135
0.00749173215244736
0.007382174228338468
0.004856388229048394
0.002132833245981536
0.0006253165621281075
0.00012238426877129787
3.29577252379824e-05
3.2886042388897976e-06
2.190258453445599e-07
9.736123697507609e-09
2.888420375396196e-10
5.718659244672826e-12
7.55549520009315e-14
6.661033795283558e-16
3.918368854176046e-18
1.537903305977402e-20
4.027059778338301e-23
7.034903188897195e-26
8.198140368511302e-29
6.37289158519601e-32
3.304449662872441e-35
1.1428294429891836e-38
2.6361033427179032e-42
0.0
0.0
0.0
0.0
0.0
0.0
0.0
0.0
0.0
0.0
0.0
0.0
0.0
0.0
0.0
0.0
0.0
0.0
0.0
0.0
0.0
0.0
0.0
0.0
0.0
0.0
0.0
0.0
0.0
0.0
0.0
0.0
0.0
0.0
0.0
7.556655367553525e-06
6.725916300229919e-05
0.00039898342042086446
0.0015773925596687752
0.004156294141231027
0.0072988478449274915
0.0085424784849071
0.006663622801792924
0.003465939433757133
0.0012100050959177587
0.0003114191224550916
0.00012265693096415287
0.00012886031355827956
0.00012939414024712285
8.923781156275856e-05
4.109996516554303e-05
1.2617502690241781e-05
2.581610512492117e-06
3.520382353751394e-07
3.199414543644169e-08
1.9379061599964967e-09
7.823057458067678e-11
2.1047564303661496e-12
3.774059286836476e-14
4.510213905573718e-16
1.881728433637079e-17
1.1435310174295028e-19
4.631487528212693e-22
1.250185901467602e-24
2.5978771718082943e-06
2.0071622925403322e-05
0.00010335414855715753
0.0003546948524652699
0.0008113301072259802
0.0012372722477393034
0.001260189536880642
0.0008666380445993894
0.00042845404948263364
0.00019850311216414453
0.00012629209117464803
8.848081816060134e-05
4.738626209604804e-05
1.7339360322418337e-05
4.245930946623379e-06
6.933973137274967e-07
7.547782972669234e-08
5.4757763509289134e-09
2.6476145438205916e-10
8.5318960971211e-12
1.832390103010711e-13
2.6228404343198005e-15
1.234171043722753e-16
8.98321650531213e-19
0.0003284413291583205
0.002231404701035937
0.010103699813085497
0.030490466823847047
0.0613238285757977
0.08220079094891154
0.0734351996711947
0.04372341871498653
0.017350678573406376
0.004592672116596767
0.000834229125438523
0.00020048422976755905
0.0002988330341938485
0.0005369225387350162
0.0006584218354454639
0.0005384865633960639
0.00029351849434986393
0.00010662961897479451
2.5816763635990198e-05
4.165885108272364e-06
4.4801682725407255e-07
3.2111671488599866e-08
1.5339565085140756e-09
4.883652219706993e-11
3.9156155446953466e-12
7.154627788051555e-07
5.580968960382302e-06
2.9014410807219467e-05
0.00010053087272657622
0.00023214893619975948
0.00035728558224632325
0.0003664762482237538
0.000250528837055359
0.00011414349344669244
3.465980750659603e-05
7.014273254833999e-06
9.460645364908174e-07
8.504335672435907e-08
5.094969313248223e-09
2.0343435656053522e-10
5.413630058622423e-12
9.601396357218734e-14
1.134910907157104e-15
0.00021051092742469126
0.0018245054379324348
0.010538947179086128
0.040572413383086696
0.10409886727463415
0.1780093089293362
0.20317707999432888
0.17667455458371892
0.10238936365438543
0.03954733573927046
0.01031629188540424
0.0029095346412081244
0.006828699614112006
0.025198534818565075
0.06376369614871362
0.10760340732886382
0.12103670945792333
0.09076516895263784
0.04539676572560852
0.015160455729967574
0.0033896912537192602
0.0005107762013849743
5.267600956810115e-05
3.842281371281789e-06
2.0990388490339542e-07
9.156123724072487e-09
3.249667480285183e-10
8.956688248431604e-12
1.7950303718439493e-13
2.498627160559539e-15
2.3596238249556228e-17
1.4961041319604688e-19
4.098182886456756e-21
1.3265077523350704e-23
2.863485845343644e-26
4.1207514454374595e-29
3.9526225596851784e-32
2.5269362147295725e-35
1.0766854466042798e-38
3.057547742510367e-42
0.0
0.0
0.0
0.0
0.0
0.0
0.0
0.0
0.0
1.1844236902199525e-05
8.120247779642036e-05
0.00037103341677052315
0.0011298956018909753
0.002293217032736683
0.003101941103784595
0.0027964269872389966
0.0016969478704084613
0.0007938433191249656
0.0006525573918744227
0.0013835833360262347
0.003246958267643605
0.005280682732241587
0.00573651436627887
0.004184718008809513
0.00221745228454925
0.0016203958618465834
0.0031182328839695394
0.006169139878562998
0.008885341549385107
0.01086445062313346
0.016434117735939877
0.029605989255885187
0.043659785888410754
0.04508190858804334
0.03281492130550479
0.02096741400974995
0.019259467176986317
0.022542989202925034
0.02104521955353
0.013482135120024104
0.005780561190905298
0.0016528004073180327
0.0003149840904660599
8.326034354543933e-05
8.068906744975148e-06
5.211622330185995e-07
2.2434311810265928e-08
6.43626799862811e-10
1.2306570263177817e-11
1.5682724027914348e-13
1.3319487447870696e-15
7.539370289979191e-18
2.844226529519506e-20
7.151132756225981e-23
1.1983045974565334e-25
1.3387414708371983e-28
1.3064255772189024e-31
1.3407106152822096e-32
3.831835566886106e-33
7.325884752695977e-34
9.334621132495164e-35
7.927109542300492e-36
4.486571276749377e-37
1.6923720018060894e-38
4.2545990644300416e-40
7.128579491890606e-42
1.0252425984626541e-06
9.30206515653955e-06
5.6248851575373024e-05
0.00014901753501580782
0.0004582202081390314
0.0009390585030011766
0.0012826040558945619
0.0011675463125285887
0.0007179867686809261
0.0003572889882778996
0.0004240365357062328
0.001145054218715062
0.0024603586363194413
0.0035618204915424945
0.003438656354323568
0.002212592743332435
0.0009488477517648666
0.0002711896895945812
5.1657259887188e-05
6.557995369785031e-06
5.54871468443989e-07
3.128925555027465e-08
1.175924976719385e-09
2.945408580659963e-11
4.916918714198125e-13
5.47043746535164e-15
4.05632398185459e-17
2.0045863128083066e-19
6.602348346684439e-22
1.1665814786030712e-23
1.953850503106881e-26
0.00018230544979786742
0.0013082667600205823
0.006259631202931675
0.019969881788609554
0.04248120746991435
0.06026081934826988
0.05700517424286928
0.03596342018721026
0.015132312885451806
0.004247330699007543
0.0008628703430739442
0.0007070858225363525
0.0036838457267181035
0.014886157200740198
0.04025444813796978
0.07260371111033521
0.08729906764656653
0.0699665061941522
0.03737412790277969
0.013305793553936926
0.003157147506313775
0.0004992655654816173
5.261993771003032e-05
3.69615997544781e-06
5.022484584893668e-07
1.7939969762731858e-08
4.2707717615719845e-10
6.7759871176271745e-12
7.165068240706525e-14
6.7162095934933346e-06
5.136144446117926e-05
0.0002617771683696834
0.0008892171914040204
0.0020131006234653894
0.0030374187147109823
0.0030551353440634336
0.0020529423541492393
0.0009457000587316318
0.0003833035463062584
0.00031644117823237026
0.0004202622616323965
0.00043405143153142113
0.0003030951610916465
0.00014123001234346355
4.386326738528285e-05
9.07946466443194e-06
1.2525681607185563e-06
1.1516594297251134e-07
7.057133257748914e-09
8.755185361110817e-10
2.7281746927007533e-11
5.665791061544748e-13
7.842065801177489e-15
6.523656904013294e-06
5.709506788144962e-05
0.0003495539959906547
0.0014052699214059017
0.003847860092553799
0.007259718966208826
0.009574363607574209
0.008954479840940211
0.005996895256749449
0.0028838318262206257
0.001019245128350026
0.0003559657074043355
0.00028375222193770857
0.00033052673788776374
0.0002892311384026076
0.0001705247483119167
6.706818750697837e-05
1.7581751478070804e-05
3.071795265403962e-06
9.073200619935188e-07
4.156117992692166e-06
2.066781406395583e-05
4.827155098110801e-05
0.00012287946052510774
0.00020847322700221803
0.0002630034030562243
0.0003563375847675835
0.0008693774584772221
0.00229986383514025
0.004408659818239143
0.005690244533046989
0.004900620817364162
0.002813273996565243
0.0010763693540992245
0.0002744687777908669
9.10552805061069e-05
0.00030014086157774427
0.0013051385674339698
0.0038478599143160984
0.007562957678325829
0.009910609063217092
0.00867330485443505
0.005142262365995567
0.002285951762261212
0.0011844459830180124
0.0010088676425047496
0.0008430744640102322
0.0005024741039652708
0.0002856882371745558
8.745924982708844e-05
1.7849575064225644e-05
5.135494074059505e-06
2.2273604447033578e-05
0.0001197335945395086
0.00043315201691857035
0.0010444637794862492
0.0016785276513312753
0.0017978157061538183
0.001724221500614114
0.003673110701602344
0.014372183914221487
0.04378944449888016
0.08997114367766065
0.12330219217496266
0.11263018336428306
0.0685889046835289
0.02795899931920409
0.008063193639873813
0.0027459121977597527
0.0025448532445474796
0.0027331502604195364
0.002070887979709229
0.001050088566120361
0.0005330749510924306
0.00013749730957972643
2.3636500454125696e-05
2.7080320912067787e-06
2.0677879115529508e-07
1.0523003776712964e-08
3.5690695302897e-10
8.067738989031517e-12
1.2154307455835509e-13
1.2203661280916388e-15
8.166418274866607e-18
1.630795027801431e-05
0.00013616555674617246
0.0007337374354143355
0.002694733573185842
0.0068063033145519545
0.011941304442536004
0.014681388704420777
0.012712330790087248
0.007746842663039278
0.003302279974486876
0.0009755403996845384
0.00019775428615251332
2.7271412849158076e-05
2.5415145818450335e-06
1.5929768621042416e-07
2.0131036861967106e-08
2.706057928476024e-05
0.00017619230849467776
0.0007645900954088847
0.002211321925819542
0.0042624257288179325
0.005475745127740094
0.004688254448142529
0.002675227200432597
0.0010173999613646199
0.0002578720722900819
4.356106128690917e-05
4.904267403423883e-06
3.679860709207629e-07
3.845338706352769e-06
2.8548964024302563e-05
0.0001419359410186427
0.0004703110738739435
0.0010386270220182126
0.0015286764623299066
0.0014995228498143353
0.0009803296667762159
0.00042714246655975306
0.0001332741176167059
0.00010431105629240575
0.00046844739839257407
0.0011989515798883378
0.0035311654220329214
0.006934810080521665
0.009076898822756266
0.007926174859939364
0.004661774378795853
0.002064730792051967
0.00136353924456622
0.0020244909892994855
0.002869155612703284
0.003205464192592734
0.00390088358051577
0.006458389477774258
0.010125449228943765
0.011841920005133552
0.011816071730788254
0.01759791086438926
0.03778472754164835
0.06673006253962623
0.0809750458349114
0.06574038680544667
0.035587819085213204
0.012840369484012229
0.0030877231814863456
0.0004948586108035363
0.00011654058787485006
9.497791050898648e-06
3.439270814676878e-06
1.8855790395599148e-05
8.089581320122506e-05
0.00023153380741009865
0.0004432580514168455
0.0005716212500502015
0.0005185331656714704
0.0003949933260443177
0.00037291838309211936
0.0005451387690489927
0.0010569159745050856
0.0020065145857333815
0.0029158814669921025
0.0029339598891849838
0.0022105062972800358
0.0024356762130583066
0.007299731506042345
0.0214734654749824
0.04350849458582336
0.05888298173355184
0.05311909293897534
0.03193723027917807
0.012799151757682868
0.003429072918321864
0.001164296039358661
0.0002701505239896765
0.00028809228113950663
0.00043085984703939356
0.00044951777245757856
0.00031312782482734896
0.0001453811589690401
4.498599173247701e-05
9.277438076005553e-06
1.2751473694308504e-06
1.168084450385664e-07
7.1313155559747115e-09
2.9016606071830257e-10
7.868738662079556e-12
1.4221492537870652e-13
1.7130371522147704e-15
1.375212890247332e-17
7.357912774164624e-20
6.5716285883527645e-06
4.6108325688130944e-05
0.0002156091772091331
0.0006719495703007562
0.0013956858228656027
0.0019320581868139996
0.001782519479545876
0.0010960488623199315
0.0006325980707190886
0.00019779990307306817
4.121979561163868e-05
5.724889938477229e-06
5.299196179660295e-07
3.269146641324387e-08
1.3441271519083341e-09
2.6630019314247333e-06
1.7379354721952963e-05
7.559330526549815e-05
0.00021913643262354117
0.000423377123597953
0.0005451571806248713
0.0004678403047611336
0.000267580880845736
0.00010199856750129759
2.591281616585249e-05
4.387495699492506e-06
4.951084537202294e-07
3.723621488527139e-08
1.5003479499849598e-05
0.00010207368888287708
0.0004628824123740326
0.0013989730879951786
0.002817926037330648
0.003782956679062609
0.0036745154695839942
0.0025084441641462637
0.001141275107692433
0.0003460650968017238
6.993696838300585e-05
9.419706121407777e-06
9.834831025388998e-07
1.041470342704039e-06
4.746839387647699e-06
1.5142608032155476e-05
3.220771339727793e-05
4.565645264007247e-05
4.313462216059312e-05
2.7160100927539656e-05
1.1397728534227106e-05
5.266873964195656e-06
1.9806154676390016e-05
0.00011839102235741956
0.00048563656734001824
0.0013284511604794648
0.002421957958011393
0.0029428576941208915
0.0023831614967886445
0.0012862317739643085
0.00046266488839921525
0.0001871626870129511
3.753570230584511e-05
2.399366103459176e-05
7.808044907866823e-05
0.00020316038941899455
0.0003537741430619204
0.0004106125821051484
0.00031762943719056667
0.00016375357927708682
5.654017096573487e-05
1.514412854908723e-05
1.4354381450003559e-05
4.546740067111381e-05
0.00011025745216288688
0.00017893973986346596
0.00019356983590348365
0.00013955696485800647
6.705743491412871e-05
2.147454184940504e-05
4.583343699423616e-06
6.519623139049059e-07
6.180791697356459e-08
3.905235877775963e-09
1.6444928209256171e-10
7.998216837165243e-11
4.88626818075719e-10
1.3556564382019607e-09
4.468591564388606e-09
9.816909252519656e-09
1.4373430855229115e-08
1.4025800587678179e-08
9.121713427679894e-09
3.953727526932992e-09
1.142138041313224e-09
2.1989330436873556e-10
2.8215448784302927e-11
2.412923023826159e-12
1.9571969039052366e-07
0.00011423507156321326
0.0009580730030367086
0.005368756135687599
0.020077811621393427
0.050078758167639195
0.08327968928121696
0.09231984060483199
0.06821499497511842
0.0335947478502906
0.011027012569113082
0.002412309534802167
0.00035171714615437043
3.779878483008671e-05
3.463425360073379e-05
0.00011185535379150168
0.0005079207334822623
0.0015410201053051606
0.003116090943458867
0.004199460964990004
0.003771885684309776
0.002257901766709585
0.0009008098222589382
0.00023952052272465882
4.244571921164411e-05
5.0131028057459305e-06
3.9460344579714197e-07
2.0701255419734498e-08
7.237924400427198e-10
2.2745170082118426e-08
2.1524006556302022e-07
1.358500156571672e-06
5.714501419379728e-06
1.6020591476312036e-05
2.993369267105654e-05
3.72755099016529e-05
3.093630485408709e-05
1.711176599783868e-05
6.35601390614467e-06
1.932274424919587e-06
1.7053511159856732e-06
5.018756870154889e-06
1.3478596141543399e-05
2.4553291354939893e-05
3.061728319407866e-05
2.789006540321445e-05
2.179854177400321e-05
1.724516655027447e-05
1.2783447649280609e-05
7.33043047896763e-06
2.9338063752464164e-06
8.088566570569037e-07
2.738332640615279e-07
7.114914322645388e-07
2.4590808957451435e-06
5.798683243149009e-06
9.118033659435307e-06
9.555641503301559e-06
6.674214705942019e-06
3.3355821586516866e-06
2.6977454791007537e-06
8.959345626678379e-06
2.9524620103234807e-05
6.619909753935784e-05
9.900864833382007e-05
9.869404847410293e-05
7.860873149849195e-05
3.984665298054007e-05
1.3461531081169322e-05
3.030948919329695e-06
4.548249960576845e-07
4.5487448802557126e-08
3.0319384688360144e-09
1.34688567851648e-10
3.987701438695598e-12
7.868574899043062e-14
1.0347872749034701e-15
9.069589355507421e-18
5.2979239104485947e-20
2.0625541414674141e-22
5.351635753623206e-25
9.254421668213647e-28
1.0665803278573838e-30
8.192555701878189e-34
4.19398414857695e-37
1.4309211888822718e-40
3.2537650723651377e-44
7.25131684453214e-71
0.0
0.0
0.0002661962812952448
0.0018410264293142128
0.005334162508540992
0.01875974202655771
0.043987486602183205
0.06881475987324705
0.0721561675319379
0.051816172808107824
0.027948448293011883
0.014670843262282436
0.009149660162535794
0.005408850799308747
0.0024405161381395994
0.0010178746148804395
0.00095572415231907
0.001677101150004497
0.0030679223970824163
0.005252121546866709
0.007290785896103911
0.0072911746141395275
0.00498568935337456
0.002290089460680318
0.0007478741353069367
0.00042967855770958616
0.001226359194850893
0.0033981633145464675
0.006374224937817885
0.007997380132864515
0.007473585710681439
0.005116505546053196
0.0034392449609075074
0.003995391358026317
0.005568945672840336
0.005818173319256279
0.004123279074412874
0.001998178079179833
0.0007901745556019554
0.0004974828726337584
0.0005239717152629957
0.0004663972974445644
0.00039203687439809496
0.0009642714775104113
0.004587159229872934
0.016723927317305633
0.04143524799971481
0.06887621799901471
0.07653378742452042
0.05676606843946463
0.028121995329802356
0.009413266997504404
0.00234384047846692
0.0006998764083625916
0.0003806330099998003
0.0002729891221832071
0.00020061245896867418
0.0003635919624445811
0.0008506807313249874
0.001643649450774378
0.002863062406434865
0.00482426156797277
0.006938435395593269
0.007359468252114565
0.005374378142896296
0.0026494758676120487
0.000923271060325245
0.0004401942549869328
0.0007868620182213194
0.0016566655185698614
0.0027881875151424314
0.003906622302846029
0.004539989513104118
0.0040651405935015995
0.0026068816482056082
0.0011485733042652525
0.00034133051485143816
6.791410034232206e-05
9.021483945901149e-06
7.99210247768452e-07
4.719897730539119e-08
5.713544467403479e-09
3.1803853246497736e-06
5.438688381125477e-05
0.00033355301382823727
0.001382985438757182
0.003873213671819779
0.0073187103641644356
0.009318486432401142
0.007983873665757943
0.004596800210325938
0.001776316801917205
0.00046015813875075476
7.983133348381747e-05
1.8620789060781844e-05
6.361436738417758e-05
0.0003545705189333803
0.0013119306277052157
0.0037023504013216193
0.008046033292737871
0.013115984920649077
0.015388705081785383
0.0125588378959839
0.006980533763979217
0.002616535542372928
0.000679714434465286
0.0002263768923087013
0.0002897215348741753
0.0006380036574044122
0.001025017882074223
0.0011070245875067798
0.0008164315697264797
0.00044455160309085314
0.00022371304567109847
0.0001291651659000674
7.860178310334217e-05
8.555263709480491e-05
0.0003271896664053871
0.0012304086659309537
0.0031613074082040113
0.005420246538253754
0.006194139073781077
0.004717651253309088
0.002394706726935321
0.0008101405810879125
0.0001826627486510866
2.7448659386514945e-05
2.7489942773511436e-06
1.5487015383636428e-06
8.975819907295005e-06
3.925922393983501e-05
0.00011454618383760764
0.00018781276093259087
0.00028542520428767154
0.0003160053514558625
0.00032051942906334715
0.00038953289933329934
0.0004813827940615336
0.00045547981356522605
0.0002963976277123374
0.00012937341210948546
3.7683545781354184e-05
7.317288025625666e-06
9.470042328548186e-07
8.168448327753385e-08
4.695800287789829e-09
1.7991252068373957e-10
4.594039663647682e-12
7.818251690835064e-14
8.867600188603008e-16
8.566875294906133e-08
7.692855234082316e-07
4.603988422748389e-06
1.8363794919917837e-05
4.881712439985348e-05
8.648952282633701e-05
0.00010212600816722679
8.036940641914667e-05
5.4679922480937106e-05
2.1881892215368037e-05
5.890529789279741e-06
1.4510335543059791e-06
2.218280960375487e-06
7.0840390351931715e-06
1.591854605488223e-05
2.3871249603968247e-05
3.812992389334289e-05
0.00014049768355870116
0.0007321332495453757
0.0028140821402781223
0.007268594846284703
0.012520471125709927
0.014374522095602069
0.010998901376461086
0.005609018486051365
0.001906364720626062
0.00043182388685803196
0.00011269818215081509
0.00033028345877299405
0.001470632987301233
0.004449969596507942
0.00897671493565473
0.012074068192042245
0.010857602380749334
0.008166647685290436
0.004268290935048107
0.0028897440282714968
0.0038344602832943962
0.005334066531764983
0.005926880196673719
0.005478621615878696
0.005072678868559943
0.005653301411658513
0.006397233803947917
0.005636181382705909
0.003452886134504367
0.0014349125437373377
0.0004620757045620747
0.0004118167633692755
0.0011306097621937533
0.0024723953127999427
0.0036298756306329025
0.0035579222083934256
0.002359688583136678
0.0012370575763887837
0.001124735390108652
0.0020704403374843723
0.003253648752349872
0.0034884424453234092
0.0024985654451277132
0.0015981880660995544
0.0005868957198145159
0.0001494813683857749
3.4765834788506384e-05
3.626026163851895e-05
0.00015090723340137948
0.0005221550564273207
0.001223769413276654
0.0019141733758899634
0.001995714314992826
0.0013867619432826588
0.000642225360596981
0.0001982232427485821
4.077587166055643e-05
5.590278950144707e-06
5.107933719808171e-07
3.1105599457418486e-08
1.2624478458813743e-09
3.414836101403756e-11
6.156130686676408e-13
7.39651846222869e-15
5.922818287492238e-17
3.1609019171916147e-19
1.789023881136595e-07
1.1535170706185822e-06
3.1895553620542584e-06
1.0457806770815091e-05
2.285244275173179e-05
3.3365160798773124e-05
3.3047036842818785e-05
2.5304854101449644e-05
2.6440339758203045e-05
4.853424152900021e-05
8.121076825288053e-05
9.456688408942343e-05
7.374895344979889e-05
3.8351729456096e-05
1.3292931206103945e-05
3.0707244912378694e-06
1.6142628430016953e-06
9.517190074765786e-06
5.234941915376395e-05
0.00019286841488497602
0.0004736076932408054
0.0007751009441657241
0.0008454332724538474
0.0006145849963147528
0.00029775983832048755
9.626108338631985e-05
2.145221812833993e-05
6.328316545091863e-06
7.867314621263688e-06
0.00010524416600407692
0.0007009616604691713
0.0034537283790345872
0.011599822907576567
0.026083203674538136
0.039123723509505
0.0391227890616422
0.026110334176171004
0.01182840274742425
0.004420001705456089
0.0032987893280350187
0.004706101909968095
0.005429938459272363
0.0042674295670475995
0.002340650318056502
0.0011503826267944808
0.0009156700183075753
0.0009742612297186044
0.000812328965977682
0.000461444448511622
0.00017516820210510513
4.6033652793488764e-05
1.8899418874219425e-05
5.192239225684765e-05
0.00015232191549268022
0.00025171574228226523
0.00038151789711441634
0.0003854034985825004
0.0002605922890979075
0.00012575013657208623
8.699679973370908e-05
0.00020269164923217945
0.0004931239553334147
0.0008295921791206235
0.0009369906408795998
0.0007093181145491229
0.00035981899900069947
0.0001222862967591348
2.7836699352173214e-05
4.243106680474985e-06
4.329572640173703e-07
2.9563941326188868e-08
1.3504977463374528e-09
4.125700950912143e-11
8.426264853789183e-13
7.233801350683508e-06
5.4541207310478603e-05
0.0002740731737228713
0.0009310992651393174
0.002132475144469693
0.0030216628044177447
0.003906998933750669
0.0039820367442000805
0.0034822653617005753
0.002588001134332784
0.0014955356160033658
0.0006235048220261853
0.00018178533105926858
3.704872131183663e-05
5.665820309044318e-06
3.2095066276536654e-06
5.919353975125237e-05
0.00039362344681796073
0.0019386415699518408
0.0067157620869406605
0.01706302147563347
0.03331186211267762
0.05200848070636604
0.06446109101594058
0.06041594595405117
0.040961478780812556
0.019967421280086575
0.007400926388657611
0.0023859151314668202
0.000918823077337641
0.0009611727060193647
0.0014602162234812663
0.0023627856526625968
0.0026482601010280136
0.0020434969585490996
0.0011976154923289092
0.0007006387901415328
0.0004898297886290749
0.0003180164969584509
0.0001515385340587553
4.9240013510679306e-05
1.0758515918539858e-05
1.5850631493434904e-06
1.5957944978709413e-07
1.1298622234364783e-08
5.911504416390966e-10
2.4209061946658972e-11
9.918647057437836e-08
8.246969905476279e-07
4.570054609133575e-06
2.275682699819402e-05
8.022562516813468e-05
0.00023778919604871141
0.0005803372657746643
0.001097367873922594
0.0015550007976183058
0.001660266918752801
0.0015102770503803145
0.0011631777652715296
0.0010190070686107388
0.0012241172083224756
0.0015178482587973805
0.0016809347678151739
0.001919502339444985
0.0024678103176105208
0.0030024579975910645
0.002859166506897291
0.0019451867830847284
0.0009183708604226003
0.00032269312826549494
0.000170444656409774
0.00026693706080746163
0.0004260534492355326
0.00047771696049990204
0.0003643245329062174
0.00018825759520474066
6.604913691150847e-05
1.7778635857360524e-05
1.4782904897142249e-05
4.469855232465054e-05
0.00010680921231035129
0.00017223932383496107
0.00019224060328989172
0.00018835433552293428
0.0002470871799666658
0.0005320201124028418
0.0010565970275388217
0.0015585151055913665
0.0017557225471279481
0.0016217789819516879
0.0012550076970364002
0.0008047731467868099
0.0005885018291660008
0.0009375741137468334
0.0018162379087095872
0.0025658620323448273
0.002437984869158902
0.0015452238446077519
0.0006527846890135989
0.00018393516991233966
3.5530952040234707e-05
9.474823547193561e-06
1.739857304726966e-05
3.750794675238144e-05
5.496999994668572e-05
5.3719195227019194e-05
5.391280664082211e-05
0.00018057203924079626
0.0005670150501211823
0.002490427568328031
0.007371720766038447
0.014550806273211583
0.01914250624397413
0.01678430767548673
0.009810653674920275
0.003834548187288601
0.0010430569446215749
0.00030475311160914743
0.00029181948380515687
0.00045038002232804914
0.0005748227199115323
0.0005364963804325118
0.00034869343623456693
0.000153996796710185
4.569986083078044e-05
9.069275200680255e-06
1.2012057084750144e-06
1.0609425222661395e-07
6.246681909540891e-09
1.2055121030966464e-05
9.36871953234769e-05
0.0004894793214950446
0.0017198655699265587
0.004065036833039922
0.005787197483981576
0.007064576897906261
0.005800034785594197
0.0032014134087938826
0.001187418262682727
0.00029577276698525176
4.944463183250575e-05
5.543539354860114e-06
4.165447748867583e-07
2.0962906494588067e-08
7.061254076843267e-10
1.5911075023316984e-11
2.002610738439268e-07
1.640932071618381e-06
8.96121160602229e-06
3.261552780253407e-05
7.911587531066364e-05
0.00012790408404065738
0.00013781190456877785
9.896248809958155e-05
4.7362653400483355e-05
1.539989527272256e-05
5.346299961770604e-06
1.0830737350790356e-05
3.3652832036559905e-05
7.256259421640767e-05
9.67428531566338e-05
0.00010620618401533557
8.352231491042958e-05
9.283854450745713e-05
0.0003583505569879583
0.0014550818225976293
0.004063339647460999
0.007574902840892014
0.009412165947279741
0.007794451217036451
0.004301928200102203
0.0015824220478964889
0.0003879386422153419
6.338482647835804e-05
6.902225092989351e-06
5.009270439657142e-07
2.4229329041442967e-08
7.498167955243187e-07
6.125851895141354e-06
3.393094804169646e-05
0.00012524056149525327
0.0003128206320492827
0.0005359929623572115
0.0006445444463104752
0.0005621402843036684
0.0004370836088864553
0.00024033215074115117
0.00010200983080069238
3.3097955395576954e-05
8.091002700297225e-06
4.061487831600773e-05
0.0003102372725439886
0.0016367092805942066
0.005758324780771221
0.013502281426518955
0.0211008425512422
0.02197728237266193
0.015255615269104012
0.007057762102666744
0.0021761350867266333
0.00044718397844754394
6.124465149387374e-05
5.590255378718957e-06
3.4007654266611276e-07
2.2366748231465355e-08
6.153497870100142e-08
2.906296716727244e-07
9.654086241359903e-07
2.228017286226022e-06
3.938307897834829e-06
5.956040708230291e-06
7.359932672522871e-06
8.665369015893476e-06
7.672715600406612e-06
4.7526471890148e-06
1.996201850208775e-06
5.620981904447986e-07
1.056963320902335e-07
4.085149097571068e-06
3.216298420069831e-05
0.00016930429257319143
0.0005939854366787928
0.001388881931288022
0.0021643944353604266
0.002247962372994724
0.001556048806254035
0.0007180663615579754
0.00022254637723269843
5.4682854850586e-05
3.9512273905454304e-05
0.00010218276581716158
0.0002934153181367845
0.0009542933873813094
0.0027922815553693896
0.005994900380490743
0.008793067118280776
0.008650077778340018
0.0068368219715488196
0.0034283424938019265
0.0011472045885172883
0.00025758780357282497
4.096968308193528e-05
9.219526946873617e-06
1.4071553099221e-05
2.9898176800172773e-05
4.4945192777243934e-05
4.532509399222725e-05
3.048990495274019e-05
1.367123970152553e-05
4.085532561200917e-06
8.137144694026267e-07
1.0801326509941226e-07
9.555726668110062e-09
5.634195261084427e-10
1.6020481570404695e-06
1.4548377553278875e-05
8.805237514041713e-05
0.00035518053137917745
0.000954857971998408
0.0017108421924212668
0.0020429732221956824
0.0016259121403025436
0.0011145206257435003
0.0004510619252154571
0.00012170946932571591
2.2008432506232502e-05
2.872014770935919e-06
5.139552253108749e-07
2.568641265786119e-07
1.3245338176140052e-07
4.730866869825827e-08
1.1290960330032321e-08
1.796293672007364e-09
1.9046285089495936e-10
4.7022871917884476e-06
4.0070026866589514e-05
0.0002335886515875717
0.0009070165328969627
0.0024009222389019895
0.00440859219687255
0.005761151054690037
0.005516093141127807
0.00394511854600092
0.0021011334707929713
0.0008142114920644966
0.00022302063190967575
4.21798060708469e-05
5.425389518680566e-06
1.3468830729662505e-06
2.1418011692038176e-06
1.2082384868516255e-05
4.702363152080008e-05
0.00015196372932558768
0.00043960246926705575
0.001409019591566672
0.0041529159482075195
0.00913127160581694
0.013906586673512786
0.014570714431793148
0.010758397725398341
0.005871495137434058
0.0025034018946648866
0.0008524867757548392
0.00022454959100457814
4.5204412020406186e-05
2.0013513602808378e-05
6.691472857684297e-05
0.00025469164472114147
0.0007950827709725527
0.0018857560260320142
0.0031836240323257366
0.0036860346912821933
0.0028775556230312975
0.0015040488260441077
0.0007798153477683725
0.00020775036025399553
3.690067068142143e-05
4.42949210726407e-06
7.415772366560786e-07
1.7534493252456774e-06
5.070792870589068e-06
9.902831599808222e-06
1.2943401218187596e-05
1.1380484253064119e-05
6.948826592146396e-06
3.5064902499022857e-06
2.315056649821782e-06
2.0579324357641197e-06
1.5444024816238946e-06
8.062204113463376e-07
2.823538144413554e-07
6.597011488113126e-08
1.0274193371551145e-08
1.0664481190377014e-09
7.377594912353938e-11
3.401509299162969e-12
1.0452257606142825e-13
5.572427605417851e-07
3.7003565136471834e-06
1.6376619245818547e-05
3.526315301703581e-05
7.950871918001235e-05
0.00012000521555749506
0.00012251977103641925
9.597760634382169e-05
0.00010664937697280437
0.00029607216237343
0.0008614730751309732
0.001801197073715884
0.002594512953736128
0.0026515466786647245
0.002206017944139504
0.0020121746703299827
0.0021577730214892275
0.0021312192395614373
0.0022342305053858896
0.004033966841471865
0.00863838422951419
0.014096180249827336
0.016033312009090743
0.012683651532526331
0.0070427620737062175
0.002768404365487978
0.0007849304139584877
0.00018901673158502855
9.417423908213672e-05
6.518288714238652e-05
5.205233857732604e-05
3.857205492667547e-05
3.076604629616554e-05
3.3762387126514466e-05
6.399429133677523e-05
0.00013328872459674154
0.00020717933585614405
0.00021917053601771186
0.00015545691583691927
7.603803665567773e-05
4.3316153367653094e-05
0.0001144703413643724
0.0004120329161937677
0.0010610282223237923
0.001890612085526487
0.0023382690076860953
0.002010604264192608
0.001199935310806853
0.0004947471213832367
0.0001400480508754594
2.7038208882508906e-05
3.539203056506387e-06
3.12574998039896e-07
1.8557477265926955e-08
2.261927570789024e-09
4.954373772267154e-08
3.3019488991308015e-07
1.4687033353158579e-06
4.353927530834271e-06
8.602206522650193e-06
1.3138490700986309e-05
3.545411738843734e-05
0.0001523298265885191
0.0006035409806703564
0.0017335821244957963
0.0035447837084371693
0.005262212454674582
0.005921275990950343
0.00528278324611319
0.003760319078079967
0.0020500526721288323
0.0008241694724677906
0.0002681370886630011
0.00011647065793762512
8.30826820699089e-05
5.3860234354984125e-05
2.4412166043836168e-05
7.4189249968689074e-06
1.583613695681755e-06
7.871004533225324e-07
1.7985899789076728e-06
6.531865768305589e-06
1.6179716893107763e-05
2.6722313615641427e-05
2.9702526693796905e-05
2.3986664428165966e-05
2.3966296978381716e-05
5.3258589130130595e-05
0.00012425279304410975
0.00020501468223288973
0.00023122604158075063
0.0001894339807380261
0.00013745129187761477
0.00011219459848363764
9.269579793257542e-05
6.360311648891859e-05
4.239521377171925e-05
4.099554572815938e-05
4.5430254376671444e-05
3.88569962144004e-05
2.4231942719323888e-05
1.6391456989423414e-05
2.923460018780589e-05
8.626880233183623e-05
0.00030095892724436553
0.0006628224120834738
0.0017110311448744091
0.0030598903777072453
0.003687814617786457
0.0029928534169315966
0.001670245933304837
0.0006913989889785559
0.00025911297131705677
0.0001449195014838323
0.00025236952900614294
0.000665010495322418
0.0013873803775067178
0.002102002509996794
0.002301690997561361
0.00180821873227161
0.0010051923087128476
0.00038984987080887304
0.00010493723742435027
2.05624574599095e-05
1.5018651623990548e-05
7.191438048544646e-05
0.0003036443027984294
0.000869303095628975
0.0016617069708611276
0.0021177171333930534
0.0017991645801254358
0.0012884146725277938
0.0005570155144443385
0.00016061713134782747
3.0918145265962804e-05
4.795654838589506e-06
7.613018455520059e-06
4.360578607650813e-05
0.00017645743868873685
0.000480245754660826
0.0008758941532445379
0.0010683514071092048
0.0008703367758386375
0.0004731706558453198
0.00017279112468936917
5.1282307914734205e-05
5.97713958334818e-05
0.0001925187877922856
0.0004619277029197904
0.0007476187044699939
0.0008400138918033198
0.0008020679842819599
0.0010625403764218356
0.0018885068392726248
0.0028415081874968236
0.003184192043288217
0.0028754008038373332
0.0026291067519549007
0.002508760283937573
0.0023955935496689394
0.001838802326668577
0.0010164477150115046
0.0004369299704611425
0.0002876763389207541
0.0004321840602468772
0.0006290272147993016
0.000653453643761048
0.00046568914119982503
0.00023054390736415
0.00011247213288588679
0.0002455004162158582
0.0009457292510266464
0.002613857715082516
0.004877392898911762
0.006334926624333602
0.006351833821190455
0.006036473187539068
0.0059520460048290555
0.0050965616752974416
0.0031911852917213077
0.0013670633514630969
0.0003968453349058868
0.00014618159149442335
4.1714383271477754e-05
3.433438738346986e-05
3.2510562372252504e-05
2.2699297496079126e-05
1.3834704533404954e-05
1.164899576781199e-05
1.2609155742944538e-05
1.297393417113532e-05
1.607745798054096e-05
2.8972878562040142e-05
5.984206626028646e-05
0.00016077269036896807
0.0004935631972824137
0.0012201005644337664
0.002116235252910323
0.00255473310000792
0.002436806167085681
0.002857058880048142
0.004976644051299902
0.008004887312061091
0.00925735095513636
0.0074008026856746305
0.0042901228416763115
0.002297781148032598
0.0016913517552860507
0.001536184759880078
0.0011424219107415313
0.0006232926910681784
0.0002592602932195753
9.899272982979228e-05
6.660341828265923e-05
0.00017542053154041097
0.0005413862961800479
0.0011751155615678129
0.0017415878167224748
0.0018485019498347796
0.0016283576651058994
0.0015243794849127549
0.0016403360359842222
0.00172073424123962
0.0015049985134752066
0.0009958423155941086
0.00046927961219294355
0.0001522568838019029
3.344006945815294e-05
4.931817856616587e-06
3.4269625237916396e-06
2.3000286603657046e-05
0.00011957413985601614
0.00041487603173637606
0.0009596152329389292
0.0013400968309637525
0.0015810773760646377
0.0012609149417543754
0.0007189404241163832
0.00036149904707595147
0.00022051199904103992
0.00014597159362716669
7.608945269338714e-05
2.7436918353119136e-05
6.710689827520337e-06
1.4398326723693128e-06
1.3322913225418084e-06
2.6892785767779795e-06
3.9369258427294325e-06
3.8522388788562046e-06
2.512416327007659e-06
1.092076051485406e-06
3.1637033280203856e-07
6.108297331556918e-08
3.816901771486128e-06
2.4862484225733953e-05
0.0001081512308025343
0.00031355333736987704
0.0006058611263417708
0.0007802185979992268
0.0006696461041881061
0.00048278669792566276
0.00021493902273411302
8.923186552721799e-05
0.0001351061686743465
0.0003654613431240223
0.0007187625709929084
0.0009477979676284094
0.0008343753948859806
0.0004901030481603799
0.00019203690987637864
5.018585017641063e-05
8.74631182027369e-06
1.0164259409556787e-06
7.875925849185835e-08
4.068891657766105e-09
1.4014477893850165e-10
3.217991553527887e-12
4.925877192447261e-14
5.026419032240831e-16
3.4189900566249677e-18
1.550208957450623e-20
4.6851826533050287e-23
9.438403327599611e-26
1.2673575549307588e-28
1.134285104043389e-31
8.408628658880615e-34
3.827431248155315e-37
1.1611792183769237e-40
2.3423142063594264e-44
0.0
0.0
0.0
0.0
0.0
0.0
0.0
0.0
0.0
0.0
0.0
0.0
0.0
0.0
0.0
0.0
0.0
0.0
0.0
0.0
0.0
0.0
0.0
0.0
0.0
0.0
0.0
0.0
0.0
0.0
0.0
0.0
0.0
0.0
0.0
0.0
0.0
0.0
0.0
0.0
0.0
0.0
0.0
0.0
0.0
0.0
0.0
0.0
0.0
0.0
0.0
0.0
0.0
0.0
0.0
0.0
0.0
0.0
0.0
0.0
0.0
0.0
0.0
0.0
0.0
0.0
0.0
0.0
0.0
0.0
0.0
0.0
0.0
0.0
0.0
0.0
0.0
0.0
0.0
0.0
0.0
0.0
0.0
0.0
0.0
0.0
0.0
0.0
0.0
0.0
0.0
0.0
0.0
0.0
0.0
0.0
0.0
0.0
0.0
0.0
0.0
0.0
0.0
0.0
0.0
0.0
0.0
0.0
0.0
0.0
0.0
0.0
0.0
0.0
0.0
0.0
0.0
0.0
0.0
0.0
0.0
0.0
0.0
0.0
0.0
0.0
0.0
0.0
0.0
0.0
0.0
0.0
0.0
0.0
0.0
0.0
0.0
0.0
0.0
0.0
0.0
0.0
0.0
0.0
0.0
0.0
0.0
0.0
0.0
0.0
0.0
0.0
0.0
0.0
0.0
0.0
0.0
0.0
0.0
0.0
0.0
0.0
0.0
0.0
0.0
0.0
0.0
0.0
0.0
0.0
0.0
0.0
0.0
0.0
0.0
0.0
0.0
0.0
0.0
0.0
0.0
0.0
0.0
0.0
0.0
0.0
0.0
0.0
0.0
0.0
0.0
0.0
0.0
0.0
0.0
0.0
0.0
0.0
0.0
0.0
0.0
0.0
0.0
0.0
0.0
0.0
0.0
0.0
0.0
0.0
0.0
0.0
0.0
0.0
0.0
0.0
0.0
0.0
0.0
0.0
0.0
0.0
0.0
0.0
0.0
0.0
0.0
0.0
0.0
0.0
0.0
0.0
0.0
0.0
0.0
0.0
0.0
0.0
0.0
0.0
0.0
0.0
0.0
0.0
0.0
0.0
0.0
0.0
0.0
0.0
0.0
0.0
0.0
0.0
0.0
0.0
0.0
0.0
0.0
0.0
0.0
0.0
0.0
0.0
0.0
0.0
0.0
0.0
0.0
0.0
0.0
0.0
0.0
0.0
0.0
0.0
0.0
0.0
0.0
0.0
0.0
0.0
0.0
0.0
0.0
0.0
0.0
0.0
0.0
0.0
0.0
0.0
0.0
0.0
0.0
0.0
0.0
0.0
0.0
0.0
0.0
0.0
0.0
0.0
0.0
0.0
0.0
0.0
0.0
0.0
0.0
0.0
0.0
0.0
0.0
0.0
0.0
