a = 9.152256958862129 b = 5.080866592568874 c = 9.754131951364313 ,Gaussian ,LMH = 0.08 ,DW = [0.1 0.1 0.1]
0.0
0.0
0.0
0.0
0.0
0.0
0.0
0.0
0.0
0.0
0.0
0.0
0.0
0.0
0.0
0.0
0.0
0.0
0.0
0.0
0.0
0.0
0.0
0.0
0.0
0.0
0.0
0.0
0.0
0.0
0.0
0.0
0.0
0.0
0.0
0.0
0.0
0.0
0.0
0.0
0.0
0.0
0.0
0.0
0.0
0.0
0.0
0.0
0.0
0.0
0.0
0.0
0.0
0.0
0.0
0.0
0.0
0.0
0.0
0.0
0.0
0.0
0.0
0.0
0.0
0.0
0.0
0.0
0.0
0.0
0.0
0.0
0.0
0.0
0.0
0.0
0.0
0.0
0.0
0.0
0.0
0.0
0.0
0.0
0.0
0.0
0.0
0.0
0.0
0.0
0.0
0.0
0.0
0.0
0.0
0.0
0.0
0.0
0.0
0.0
0.0
0.0
0.0
0.0
0.0
0.0
0.0
0.0
0.0
0.0
0.0
0.0
0.0
0.0
0.0
0.0
0.0
0.0
0.0
0.0
0.0
0.0
0.0
0.0
0.0
0.0
0.0
0.0
0.0
0.0
0.0
0.0
0.0
0.0
0.0
0.0
0.0
0.0
0.0
0.0
0.0
0.0
0.0
0.0
0.0
0.0
0.0
0.0
0.0
0.0
0.0
0.0
0.0
0.0
0.0
0.0
0.0
0.0
0.0
0.0
0.0
0.0
0.0
0.0
0.0
0.0
1.4809874257526578e-34
1.2821706653600428e-33
4.314955687966616e-33
1.899649097967688e-32
5.573807678992536e-32
1.0899639184873237e-31
1.4205411268742727e-31
1.2338917205732177e-31
7.143019515797436e-32
2.755929930480132e-32
7.086569559591852e-33
1.2144663485585296e-33
1.3871277653300899e-34
1.0559150801733322e-35
5.3570175363566746e-37
1.8113346370227734e-38
4.08183893592431e-40
6.130481473089934e-42
6.136416835207823e-44
4.0937061877678185e-46
1.820120051917824e-48
1.2042419639046156e-33
7.897841947802877e-33
3.452110335009857e-32
1.0056397834819968e-31
1.9524583215240174e-31
2.5264031033584206e-31
2.1787383031614643e-31
1.575581514982497e-31
6.909488203136789e-32
2.019446864784443e-32
3.933693604701257e-33
5.10681560760317e-34
4.4185662653902327e-35
2.5479688613039434e-36
9.792383378455616e-38
2.508212039341754e-39
4.281753253175698e-41
4.871476061956317e-43
3.693865325185013e-45
1.8667368051625036e-47
6.287336018148035e-50
1.411340487536529e-52
2.1114387022742397e-55
2.1052646753006564e-58
1.3989960141760582e-61
6.195948497380879e-65
1.8288608756139607e-68
3.597784012508089e-72
0.0
0.0
0.0
0.0
0.0
0.0
0.0
0.0
0.0
0.0
0.0
0.0
0.0
0.0
0.0
0.0
0.0
0.0
0.0
0.0
0.0
0.0
0.0
0.0
0.0
0.0
0.0
0.0
0.0
0.0
0.0
0.0
0.0
0.0
0.0
0.0
0.0
0.0
0.0
0.0
0.0
0.0
0.0
0.0
0.0
0.0
0.0
0.0
0.0
0.0
0.0
0.0
0.0
0.0
0.0
0.0
0.0
0.0
0.0
0.0
0.0
0.0
0.0
0.0
0.0
0.0
0.0
0.0
0.0
0.0
0.0
0.0
0.0
0.0
0.0
2.0829860463413124e-09
1.9032587895859155e-08
1.1590198547066519e-07
4.703979880877036e-07
1.2723939152492671e-06
2.2938196024059928e-06
2.7119722251619556e-06
2.486139500877728e-06
1.5189633618337597e-06
6.185155910896326e-07
1.6785549093077485e-07
3.036001640121345e-08
3.659738032538148e-09
2.9402180876637223e-10
1.5743113945461497e-11
5.618019998476291e-13
1.3361569378613616e-14
2.1179378387223315e-16
2.2374353535515615e-18
1.5753219735097987e-20
7.392132007098426e-23
2.311807375655524e-25
4.818536181167225e-28
6.693606101938176e-31
6.197074648885176e-34
3.82379720608549e-37
1.5724778028750645e-40
4.3097863761558887e-44
0.0
0.0
0.0
0.0
0.0
0.0
0.0
0.0
1.2978424738278126e-06
1.135231794708549e-05
6.618028867814781e-05
0.00025713092764429596
0.000665827186918069
0.0011490800377367586
0.001321662549200317
0.0010131469377435037
0.0005176137880740359
0.00017624661512882284
3.999606649184261e-05
6.049163550288499e-06
6.09754367489846e-07
4.0963406102971226e-08
1.834082007785645e-09
5.4729689992621875e-11
1.0884507276069886e-12
1.4427002533703774e-14
1.2744564227291571e-16
7.503353728020956e-19
2.944200616768995e-21
7.699471684239603e-24
1.1665162797303214e-25
1.5512682764981678e-28
1.3748792785276628e-31
8.121266648054987e-35
3.197161110943958e-38
8.388548534433711e-42
0.0
0.0
0.0
0.0
0.0
0.0
0.0
0.0
0.0
0.0
0.0
0.0
0.0
0.0
0.0
0.0
0.0
0.0
0.0
0.0
0.0
0.0
0.0
0.0
0.0
0.0
0.0
0.0
0.0
0.0
0.0
0.0
0.0
0.0
0.0
0.0
0.0
0.0
0.0
0.0
0.0
0.0
0.0
0.0
0.0
0.0
0.0
0.0
0.0
0.0
0.0
0.0
0.0
0.0
0.0
0.0
0.0
0.0
0.0
0.0
0.0
0.0
0.0
0.0
0.0
0.0
0.0
0.0
0.0
0.0
0.0
0.0
0.0
0.0
0.0
0.0
0.0
0.0
0.0
0.0
0.0
0.0
0.0
0.0
0.0
0.0
0.0
0.0
0.0
0.0
0.0
0.0
0.0
0.0
0.0
1.6192730855242343e-34
1.0603161340215636e-33
2.96219113685924e-33
9.86349731910563e-33
2.1889222297009106e-32
3.237511210140416e-32
3.191345162145811e-32
2.0966108243081283e-32
9.180015559216435e-33
2.678863340860958e-33
5.210018305191958e-34
6.753198065756153e-35
5.8339308061196424e-36
3.3588809281226075e-37
1.2888711163125155e-38
3.2961420690026844e-40
5.618028026081082e-42
6.381803513371924e-44
4.831528039758161e-46
2.4378508303554847e-48
8.198063916457084e-51
1.8373716881846412e-53
2.7445066562666595e-56
2.7322038873847336e-59
1.8127731901379164e-62
8.015957067160129e-66
0.0008600526373584408
0.003880311273525017
0.026517352147878693
0.12077451294366509
0.36660803704332423
0.7416691533783522
1.0
0.8986101742601348
0.5381758570568922
0.21481204963094344
0.05714452340559186
0.0101314624510876
0.0011971572820925296
9.42783193982565e-05
4.948276976604609e-06
1.7309228773348094e-07
4.0353664887874125e-09
6.270032565415538e-11
6.492891685487031e-13
4.481135412359292e-15
2.061197113861612e-17
6.318769770637486e-20
1.2910025083839732e-22
1.757936520635523e-25
1.5953678624743785e-28
9.649393965122768e-32
3.88974190073778e-35
1.6942161214548158e-37
0.0
0.0
0.0
0.0
0.0
0.0
0.0
0.0
0.0
0.0
0.0
0.0
0.0
0.0001292562435620808
0.0011777655017365675
0.0071523321744647985
0.028947967161662355
0.07808543151976974
0.14037944020066223
0.16819711642192384
0.13431209828367455
0.07148143624730215
0.025355264690489595
0.006000359623830833
0.000977749274489606
0.0002980261395569405
0.00021680738323364711
0.0003392883784078125
0.0003830665814634378
0.0002889961289803371
0.0001453205172825814
4.870174383873009e-05
0.0009601429808454542
0.006954720271439564
0.03394322914736437
0.11043462330905965
0.23946435321292614
0.3460653206660368
0.3333165185845868
0.2139622428312509
0.09153748890042473
0.02610011347245036
0.0049598363213535345
0.0006281651551115332
5.3022705940600405e-05
2.982850460119162e-06
1.1183625695836387e-07
2.794572064558613e-09
4.654034000120431e-11
5.165654295251827e-13
2.0515875551426052e-14
1.1579463091854824e-16
4.355804084542e-19
1.0920180100673771e-21
1.824621602664842e-24
2.0318768018926012e-27
1.5080074245207655e-30
7.459180829798979e-34
2.459010254596737e-37
5.40270297794433e-41
2.1174538184479528e-35
1.811162708664459e-34
1.0324821121907905e-33
3.92273664959515e-33
9.932928699343116e-33
1.6762818056623778e-32
1.8853773813197897e-32
1.413289401613632e-32
7.060662617334503e-33
2.3509390284623153e-33
5.216975773878662e-34
7.715744222439291e-35
7.605335423773122e-36
4.996207552311677e-37
2.1874801381736146e-38
6.383065683993488e-40
4.828960322326657e-41
7.165416053414777e-43
1.9033819980680955e-35
1.732996011080639e-34
1.0516003379741819e-33
4.252902428844386e-33
1.1463089135721361e-32
2.0592044493575204e-32
2.4653513105888716e-32
1.9671601113879484e-32
1.0461215595794179e-32
3.7077132916444574e-33
8.75813596931611e-34
9.655235751577764e-09
6.416717330947675e-08
2.8421335557162386e-07
8.389915838426975e-07
1.65063965605248e-06
2.1643549873347926e-06
1.8914125220600243e-06
1.1016041792405813e-06
4.2760860678190975e-07
1.1062387045256322e-07
1.9073606066564322e-08
2.191786847287941e-09
1.6785928631931696e-10
2.4162633673110312e-11
9.410092788877614e-13
2.442446672192709e-14
4.225108079140374e-16
4.871156732815154e-18
3.742897486409808e-20
1.9167492835412986e-22
6.541905107541315e-25
1.4880874928451034e-27
7.048934787952582e-07
4.594460826584872e-06
1.9958466130869446e-05
5.77831639173603e-05
0.0001114954186875906
0.00014338188171554426
0.0001228890188536551
7.019617147042606e-05
2.6723622219758107e-05
6.780453928780639e-06
1.146578419331036e-06
1.2922016921151953e-07
9.705957731835316e-09
4.858788939127449e-10
1.621060489766597e-11
3.604557482398943e-13
5.3417829639992535e-15
2.5724283519927834e-16
1.938564033167994e-18
9.736403468716544e-21
3.259106272720492e-23
7.270763696186089e-26
1.0810432917523415e-28
1.0712422437774281e-31
7.074794718999936e-35
3.114021047722547e-38
9.13504713391846e-42
1.786000555258242e-45
0.0
0.0
0.0
0.0
0.0
0.0
0.0
0.0
0.0
0.0
0.0
0.0
0.0
0.0
0.0
0.0
0.0
0.0
0.0
0.0
0.0
0.0
0.0
0.0
0.0
0.0
0.0
0.0
0.0
0.0
0.0
0.0
0.0
0.0
0.0
0.0
0.0
0.0
0.0
0.0
0.0
0.0
0.0
0.0
0.0
0.0
0.0
0.0
0.0
0.0
0.0
0.0
0.0
0.0
0.0
0.0
0.0
0.0
0.0
0.0
0.0
0.0
0.0
0.0
0.0
0.0
0.0
0.0
0.0
0.0
0.0
0.0
0.0
0.0
1.9479349905097796e-07
1.2904975213350216e-06
5.697986799913968e-06
1.6767458922960063e-05
3.28847550706855e-05
4.29836726555352e-05
3.7445012251355256e-05
2.1740322491876145e-05
8.412392649841784e-06
2.169474933901921e-06
3.7288188574455837e-07
8.923609791041008e-05
0.000718139681994867
0.003853566265855365
0.013781618415047171
0.03284877489547448
0.05218187516182849
0.05670493772798675
0.04580616810403499
0.024660881451643073
0.008848604345456016
0.002116033338859045
0.000337249864119209
3.5823054108228856e-05
2.5360334812459023e-06
1.1965446380246555e-07
3.762568152552879e-09
7.885357605397913e-11
1.101387035908676e-12
1.0252743088524207e-14
1.9712314015166305e-06
1.4781113931920814e-05
7.386832791647513e-05
0.00024603161677363674
0.0005461414271246762
0.0008079804810311231
0.0007966694545507365
0.0005235245002290932
0.00022928592926963384
6.69266897821604e-05
1.3019755679359965e-05
1.6880599735988537e-06
1.4586612908570376e-07
2.275619825212865e-08
0.00019261662418417912
0.0014885055223012576
0.007666390182445277
0.026315579881815123
0.06020277609813668
0.09179132522431635
0.09327565555698183
0.0631708220204525
0.02851322194994221
0.008577438429781384
0.0017196912127244721
0.00022978669729657072
2.0463543654400436e-05
1.2145582537496346e-06
4.8043806066789416e-08
1.2665956990956296e-09
2.225461886601581e-11
2.606056703786735e-13
2.0338977195648925e-15
1.0579274986995547e-17
3.6674504135030926e-20
8.473330445377867e-23
4.069244020957194e-05
0.0002631607270993188
0.0011342530858276334
0.002397747374517691
0.0052552683369359735
0.0076765824104891665
0.007473473261983051
0.004849071655157671
0.0020968929843141137
0.0006043318448933214
0.00011607969036925658
1.4859991138757075e-05
1.2678340404422518e-06
7.209212282049599e-08
0.0002519773785216129
0.0017845124149732322
0.008422942144468894
0.0264965680805619
0.05562733780443446
0.07821541046301503
0.07538523003160007
0.05565385154991875
0.043592023305779846
0.04382910677094409
0.04083959715182794
0.027522198660094636
0.012556377509936366
0.0038287347825163845
0.0007784795653966025
0.00021486584917107459
2.221809664106186e-05
1.5311934669523146e-06
7.032912686723492e-08
2.15289080248937e-09
4.392283256134292e-11
6.9814153688633235e-06
5.2488555477692946e-05
0.00026300702525798754
0.0008783176818095519
0.001955160957397585
0.0029023252464976234
0.002881534330061284
0.0019458792171296666
0.0009761815133703001
0.000494457678039164
0.00033513327800474335
0.00022544846888626312
0.00011190282224556759
3.7726287828493655e-05
8.504613984420574e-06
1.2784702137485664e-06
1.28100198680368e-07
8.55455935250598e-09
3.807397709832456e-10
3.8166555656703235e-11
8.63806337022828e-13
1.3029608353760579e-14
1.3098690719190916e-16
8.776188899417357e-19
3.918912666527433e-21
1.1662905488593519e-23
2.313286777678788e-26
3.057973678493748e-29
2.6941362689970094e-32
1.5819287619073525e-35
6.190644058427618e-39
1.6146050050010042e-42
0.0
0.0
5.190152961585436e-35
4.105947114795042e-34
2.1648514130281904e-33
7.607192106587866e-33
1.781567256860673e-32
2.780747842737713e-32
2.892694326947955e-32
2.0055109010411106e-32
9.266784385742558e-33
2.8537415443474314e-33
5.857088218283437e-34
1.626649724144338e-34
1.69771095795153e-35
1.1809051266142707e-36
5.47454225672282e-38
1.6914616860696875e-39
3.4830368206393126e-41
4.78008384595799e-43
4.37214454624844e-45
2.6652322327538496e-47
1.0828221982191068e-49
1.3682122516379017e-06
9.475901967203071e-06
4.3739034422212154e-05
0.00013641950757500458
0.0002921658604551374
0.0004718346088453791
0.0007114705757851195
0.0011606308093574152
0.0017258207735850932
0.0019086477939819857
0.001448127284228676
0.0007374057475760832
0.0002506718639531136
5.681394097650124e-05
8.582728873645963e-06
8.641451839478482e-07
1.492782308533916e-07
7.642984443498372e-09
2.608021784589757e-10
5.931179227269111e-12
8.989849878985234e-14
9.081244782233756e-16
6.1139217138329686e-18
2.743316484457116e-20
8.203770472768821e-23
1.6350560207313848e-25
2.1718674745722655e-28
1.9227178311794348e-31
1.1344342622376758e-34
4.4609223481020915e-38
1.1690996770267072e-41
0.0
0.0
0.0
0.0
0.0
0.0
0.0
0.0
0.0
0.0
0.0
3.047192256811622e-06
2.6781961175706355e-05
0.00015687958954408753
0.0006124520051138462
0.0015935262628148851
0.002763299371648924
0.003193582937402264
0.0024598578364374924
0.0012627674127190973
0.00043508521076487033
0.0001267134182305476
0.0001886955769678164
0.0007147836310991424
0.0019518563925997735
0.0035594259691333
0.00432628655070202
0.00350455339237605
0.0018920457858129873
0.0006807884061132897
0.00016325790103979845
2.609262750145254e-05
2.7793482584012617e-06
1.9731026067041252e-07
9.335507251391893e-09
2.9437960559611093e-10
2.3452462211311123e-11
3.7606318824826664e-13
4.0189698729421324e-15
2.8625311793727774e-17
1.358836641244068e-19
4.298983920493097e-22
9.064543562918244e-25
1.2738186655112336e-27
1.1930285163585964e-30
7.446901145851485e-34
3.0980034803818843e-37
8.589537142995088e-41
0.0
0.0
0.0
0.0
0.0
0.0
0.0
0.0
0.0
8.439541821376643e-35
6.7075919154771075e-34
3.553006023646328e-33
1.2543155407509172e-32
2.9512038629429085e-32
4.1670464589156306e-32
1.6505151786374748e-07
1.4079698325907072e-06
8.004767547922476e-06
3.0330924520809467e-05
7.659565245477907e-05
0.00012891520385921261
0.0001446057984244838
0.00010810575741413262
5.3863365832489975e-05
1.7886266644372145e-05
2.5512640674353083e-05
0.00015970672429665224
0.000782973752980958
0.0025673220948991366
0.005610810995200039
0.00817246519099944
0.007933449835054852
0.005132779749724717
0.0022132207127140225
0.0006360311284144423
0.00012181858897006977
1.5549996886893614e-05
1.3229048122977469e-06
7.50081465753567e-08
8.836138607944031e-09
2.5476803544030873e-10
4.89563357669849e-12
6.269810567147471e-14
1.310548569382355e-07
1.096757948755983e-06
6.117162401985891e-06
2.273896947444184e-05
5.633432500015097e-05
9.30158500714453e-05
0.00010235813684181219
7.507050423794233e-05
3.6694235341886446e-05
1.1953852680075074e-05
2.5953713409924494e-06
3.755542303064469e-07
3.621824148974218e-08
2.327896193194614e-09
9.971980218100466e-11
2.846955997013968e-12
5.417035095123314e-14
6.869483614997334e-16
5.805880369689667e-18
3.270345389826684e-20
1.2277238974360998e-22
3.071774599574633e-25
4.518725521486645e-27
5.7491968352736595e-30
4.875059738373601e-33
2.755080253531632e-36
2.4674608246313282e-06
1.906400494705892e-05
9.81656544025137e-05
0.0003368887731313517
0.0007705397695714186
0.001174586830757653
0.0011933195181975066
0.0008079972991403362
0.0003646234720664517
0.0001096631921849939
2.198156924785033e-05
2.9365544019128716e-06
2.6145620719752323e-07
1.551462957637085e-08
6.135718313373023e-10
1.617226926846517e-11
2.840913839280164e-13
3.3260341903362186e-15
1.4599952394133186e-06
1.0057277599333933e-05
4.6173307348009686e-05
0.0003672804898887888
0.0011222308645509448
0.005254145341561768
0.018358396421243286
0.04435189465772509
0.07218852488340928
0.07854993948208652
0.057014334614719824
0.02758739594336498
0.008897111505675837
0.0019123941117608035
0.0002743801773121299
3.0063024988177414e-05
2.5960219601209103e-05
0.00010078333889907212
0.00027824171000094837
0.0005123129714778371
0.0006286849577416424
0.0005141766683640601
0.0002802678042151496
0.00010181589994401513
2.465128404006836e-05
3.977819161673303e-06
4.2779142340366765e-07
3.0662012715403826e-08
1.4647071232537025e-09
4.663183182832039e-11
3.73884784112546e-12
6.05301923366818e-14
6.531123029718621e-16
4.696617845823872e-18
2.2509411012866754e-20
7.1899287519045e-23
1.530617204136166e-25
2.1716515506031267e-28
2.053502530908886e-31
2.5834967466089624e-34
9.488964313112751e-34
4.6536846855119405e-33
1.5211831938573494e-32
3.3139628298270404e-32
4.8116640294664805e-32
0.0002260536190250297
0.0019262693157522158
0.010939666868699141
0.041406901757081976
0.10445348221909263
0.175612189634201
0.1967741029714059
0.14694769316406084
0.07313733855281478
0.024260351018594997
0.00927904381966443
0.001782372006304905
0.0018782956355173
0.008905722344856058
0.030959667986951444
0.07183399620661444
0.11108476379836495
0.11448858608132831
0.07864405480238937
0.03601504338762682
0.011023029767872903
0.002306152682598672
0.00039305918184152216
0.00010231001186322592
4.310107770516304e-05
5.929400428212492e-05
0.00035477612947716256
0.0018690920185161243
0.0066286877284850365
0.01567256566142727
0.024696664889156564
0.025936907585590564
0.01815430521041184
0.008488317313464434
0.0027711074284790783
0.0011975906000638212
0.0016169326437718843
0.0035312504124597743
0.005624586232914345
0.005995760528653547
0.00426048629511422
0.002017711695256971
0.0006368552768839966
0.00013396888626787025
1.8782296439638127e-05
1.7549913597575429e-06
1.0929060317216969e-07
4.535991281864273e-09
1.2547093886454567e-10
2.3131065182581876e-12
8.786882136761523e-06
6.34503646075237e-05
0.0003053620008840766
0.0009794390415034725
0.002093733387240318
0.0029829563180611197
0.002832395899946046
0.00179243150439733
0.0007559842165287649
0.00021250269211170727
0.0001694320124140249
0.0009440001633012376
0.0028071670260421313
0.010344812069244974
0.025444597085977717
0.04190998887191787
0.04679255060544237
0.03687969813225955
0.02291282971814081
0.013315489381469023
0.007489337656776472
0.003482127589949909
0.0011685942189663592
0.0002677660839878117
4.117169910454201e-05
4.227150457668009e-06
2.8940471431559806e-07
1.3207107415890345e-08
4.0170628438042016e-10
8.143213905743373e-12
1.1001855004259139e-13
9.906446526294844e-16
5.944995492497425e-18
2.3777529833329804e-20
6.338164352788014e-23
1.1260088608377646e-25
1.3332195346248116e-28
1.1909927071463901e-30
7.170864942170924e-34
2.877501323177649e-37
7.695574895855245e-41
0.0
0.0
1.9296548709344325e-05
0.00012566312764682638
0.0005454031445738284
0.0015776438129686107
0.0030414580297667467
0.003907835242840042
0.0033463565365758527
0.001909808072293309
0.0007264216623669404
0.00018414901357428827
3.1112259692408185e-05
3.503283323490549e-06
2.629060114179308e-07
1.314944186665126e-08
4.3832442375622746e-10
9.737905817406453e-12
1.441839826187382e-13
1.0024017146108766e-06
9.09482893423826e-06
6.116667403250894e-05
0.00017146287753260959
0.0006047615359170387
0.001553704829548399
0.0029715323732112235
0.004234785139411737
0.004405459468013745
0.0032502873365144232
0.0016591030654527338
0.0005762837502901639
0.00013489031476264087
2.116395186586463e-05
2.219574654302662e-06
1.5537220714328627e-07
7.254168459351924e-09
2.2581363007400812e-10
4.6857436872293216e-12
0.0002790259146991562
0.00183310871328984
0.008026264199926615
0.023421797885646512
0.04555211591015551
0.05904436128813349
0.051007008246954366
0.02936721898945123
0.011268791420743827
0.003147864640738718
0.001961025984275749
0.005775057887656606
0.020614229523918916
0.050036147183898136
0.0809826422689221
0.08735475768091268
0.062800463769954
0.03008989619820506
0.009608599160674825
0.00204494207866255
0.0003018948202276029
0.0001227201430236801
0.0005130566109502208
0.0018285475365865998
0.0043577208522079065
0.006921671838178673
0.007327307554296146
0.0051696299643456105
0.0024308385422661043
0.0007639895857416633
0.00017958827164860425
0.00014913889184248682
0.0005268720186184203
0.001445651460717
0.002653537015067409
0.003246420132449891
0.002964097640365746
0.0018440618995355963
0.0007658524972907417
0.00021953440105876263
7.534589501563301e-05
0.00011211455107594804
0.00021116350520368883
0.0002758613527112038
0.00024059308343850902
0.00014170557745091665
6.66214477617245e-05
6.979154779859267e-05
0.00016926587663368878
0.0003328109907398179
0.0004417016687270908
0.0003909868443513307
0.00023067218632424324
9.070076041553658e-05
3.7002292051094486e-05
0.00012206648487519263
0.0007007280741343326
0.002771529169794076
0.007310729390984974
0.012852599200098439
0.015059296425622577
0.013359258536118543
0.00795979073554889
0.0031608529067779193
0.0008365468305136577
0.00014755691354765532
1.7346513370512638e-05
1.3590897972569832e-06
7.096879471759621e-08
3.0527537933011136e-07
2.67717818562834e-06
1.577443218866316e-05
6.194710085946994e-05
0.0001621323991284302
0.0002828135286246563
0.00032878507892853727
0.0002547449407567406
0.00013434033187037492
6.56040483905165e-05
0.00010900558311413532
0.0003384219238312451
0.0008153013921750418
0.001594698027006228
0.0028675213243607896
0.004656052221005133
0.005950342474493998
0.0054034233032967975
0.00409694588497209
0.001942087067788582
0.0006153854740873313
0.0001300764579612907
1.8329485930072297e-05
1.7215486966573628e-06
1.0776574900573533e-07
4.496007509176138e-09
1.2501319289208663e-10
2.3166824901707315e-12
2.86126988803115e-14
2.3552266579389866e-16
0.0001198561187123701
0.001065337229035199
0.006310961727107659
0.024916413921919612
0.06557772932808081
0.11509710299659308
0.13502667722483805
0.10697334795575585
0.05979493334626644
0.027432993007514225
0.013442673051720144
0.007071203075625637
0.003070439072552162
0.0009425449698460049
0.00034528257216140455
5.477459529223834e-05
5.7975257638691705e-06
3.118367121809498e-06
2.2087410752939085e-05
0.000129106130333036
0.0005089772324731139
0.0014538212503849737
0.003153139856998441
0.0053399183100652885
0.006955226144020795
0.006664236935841231
0.004499987553671627
0.002082642315682076
0.0006528937511842638
0.0001545779882562415
0.0001307968235725396
0.0004594401916923519
0.001249890112734248
0.0022746296803379746
0.002759103767143669
0.002230528401195038
0.001201791279052402
0.0004315507617318524
0.00010328001089340674
3.177654876057645e-05
3.867173835494886e-06
1.2054734613221247e-05
9.493086980902396e-05
0.0005113686141802365
0.0018361948645524635
0.004394257753783958
0.007008641382808313
0.007450127371531589
0.005278069505879443
0.0024921148930178634
0.0007842283972655544
0.0001644745156423261
2.2989854156528716e-05
1.4324478372267937e-05
8.372202445688825e-05
0.00038224313860589406
0.0011649280153830054
0.0023661712226256473
0.0032031321044336787
0.0028899150796475944
0.0017377082388788808
0.0006963862499477354
0.00018599662459817205
3.31086510406565e-05
3.927891278350082e-06
7.569588999686417e-07
4.5665987315418095e-08
1.836094171557381e-09
4.920152914254986e-11
8.787064153806015e-13
1.045900912840086e-14
8.296956919536326e-17
4.386606485166282e-19
1.5456817022607866e-21
3.62988614706487e-24
1.5342067551479907e-06
4.6770183177381786e-05
0.00031073504767725643
0.001383547035992328
0.004126447266390565
0.008409800116170759
0.012330565136299099
0.016673611137386964
0.029457299913314482
0.05657703823997643
0.08376099133337334
0.08505377933480937
0.05786610295997113
0.026342681938434764
0.008477767791179855
0.0037395822643441945
0.004727691749575109
0.008727122981225889
0.011717828676765601
0.01053486873487951
0.006313867209655892
0.0025220199179382466
0.000671403177478768
0.00011912415524437799
1.4086328898615252e-05
1.1101390080623673e-06
2.202950259498125e-06
2.0143479244574628e-05
0.0001260689348496603
0.0005259045309281607
0.0014621349302615914
0.003006452531423283
0.005313178076159745
0.011434443991561304
0.027038744369415075
0.05059823970108445
0.06557018539604845
0.05716952452136526
0.03348854157846195
0.01333988656931808
0.003746353321633677
0.001374947691257832
0.0002643207940138682
4.5539110675898004e-05
6.6441976566521085e-06
7.311055271969136e-07
5.629640832605323e-08
1.6327371693744029e-06
1.032566517133465e-05
4.359885968124777e-05
0.00012269250925803506
0.00023011373335732536
0.00028763953411727684
0.00023962722755143173
0.00013304706473516527
4.9232963749746605e-05
1.2141943604898368e-05
1.995730941228246e-06
2.1862373918545166e-07
1.596151805225797e-08
2.075487962584382e-06
1.8297234584718903e-05
0.00010754591667887844
0.00042286317050545556
0.0011109541580347207
0.001965649526360355
0.002381284595406912
0.0022315020179125736
0.001591865092628668
0.0009222468157691153
0.0004848375744435718
0.00039689292062878776
0.0009112696886891802
0.002234506626155756
0.0038331344166997526
0.004399522354971682
0.003366467163780781
0.0017168632919306837
0.000583551886988063
0.00013219190458083183
1.9957760003383542e-05
2.008169101227968e-06
1.3466983046886142e-07
6.018966061133458e-09
1.792895692352837e-10
3.5593418522899295e-12
4.709403767570101e-14
4.152825673426842e-16
2.4406360553999774e-18
9.559691843396403e-21
2.4955502055485888e-23
4.341804636166004e-26
5.0344935969197256e-29
4.4352046386127014e-31
2.6151810337330627e-34
1.0277119376561113e-37
4.7661093834087247e-07
4.277570076187164e-06
2.5586554582015465e-05
0.00010200184632407637
0.0002710103051526232
0.00047989378516688676
0.0005663514207359734
0.00044545969065769184
0.00023351370587013459
8.158266526023272e-05
1.8996122028649354e-05
2.9479055202220064e-06
3.048903775819435e-07
2.101625958738752e-08
9.654919970300826e-10
2.956129671564297e-11
6.03225693163576e-13
8.203850354715205e-15
7.435962257623773e-17
4.491983702119403e-19
2.612359918660443e-07
1.7697326017089848e-06
7.990313870532515e-06
1.7422166425279933e-05
4.0000086106017685e-05
6.12070210103601e-05
6.273893231024107e-05
6.015982120162268e-05
0.00013454705147793747
0.0005059254596374849
0.0014473483793304713
0.002788616919796433
0.0035850458957473563
0.003073257492739537
0.0017565993475298944
0.000669430892357714
0.00017009413212170065
2.8814768036122296e-05
3.2544312945581553e-06
2.450538553660296e-07
1.2301752717669495e-08
4.117032872383242e-10
9.185583047534282e-12
1.3662419881160602e-13
1.3546926592865e-15
8.954476470745202e-18
3.945664851752317e-20
1.1589783524617433e-22
9.555869968760333e-05
0.0008494705738856332
0.005032780731873011
0.019872350662287843
0.052296429269279486
0.09172260781027143
0.10721666964539703
0.08352755988205335
0.043368943024998476
0.015007537705203862
0.0034611594777517207
0.0005320045414850823
5.4499263179649766e-05
3.720895588795325e-06
1.6931128198458404e-07
5.1345912256016235e-09
1.0377850548951451e-10
1.3979463726638857e-12
1.2550330782353315e-14
7.509333541618544e-17
2.994533518060213e-19
7.958633830151973e-22
2.6680590090683125e-11
2.1495970674668436e-10
1.1542509469301095e-09
4.130712475114717e-09
4.284572423745878e-08
2.714628476652425e-07
1.2741623205062762e-06
4.105386767048663e-06
8.882869271862285e-06
3.90523064474516e-05
0.00017888411515588177
0.0007128100874505451
0.0019919329147092607
0.0037401026488128263
0.004687497184186054
0.003923829448451539
0.0022152145408026185
0.0008925196264267165
0.0003276457730202009
0.00016179360698746585
9.017001436008814e-05
3.914704960264107e-05
1.2556785550738309e-05
6.927351681660437e-06
1.4781765099984754e-05
3.020259143709742e-05
4.192042952847085e-05
3.880998795903183e-05
2.3947372864917252e-05
9.84814489822856e-06
4.346967001035132e-06
9.090452571624763e-07
1.266969661513645e-07
1.1768699504578656e-08
7.285716709867249e-10
3.0060599355260445e-11
8.266173916696337e-13
1.5149314777696435e-14
1.8503887910879144e-16
1.5063106149184191e-18
8.172362688491439e-21
2.955032599224191e-23
5.329400701367519e-08
4.242104438546128e-07
2.250431956776061e-06
7.956681324945628e-06
1.874906396042634e-05
2.944481059647208e-05
3.081906705103488e-05
2.149867817270515e-05
9.995063958877282e-06
3.096998141468797e-06
6.395549433795186e-07
1.1788482678620994e-07
2.352115471232232e-07
7.025045131204499e-07
2.712208979569147e-06
6.991499966526527e-06
1.2011816089266466e-05
1.3753988341081035e-05
1.049615363919228e-05
5.338426339243099e-06
1.8095803775778106e-06
4.0881239048298656e-07
6.1553360782787e-08
6.176764428843301e-09
0.0002627628983490785
0.001875905813024995
0.00892583377026935
0.028305828866752116
0.05982621835109538
0.08427430244664273
0.07911997259318693
0.04950669094135213
0.020645622884659754
0.005738230102818178
0.0010629513910109887
0.00013123025144602291
1.0797899914273087e-05
5.921464289694628e-07
2.6824573845541468e-05
0.00010373817897274898
0.0005632542919799961
0.0020382612959087944
0.004915829157643041
0.007901603859309483
0.00846477215440064
0.006043615700611022
0.0028758084601932053
0.0009120205443228045
0.0001927661768449525
4.1506857451861506e-05
0.00011847428155816008
0.0006236714169699445
0.002238581524068499
0.005370801297050275
0.008626996980243036
0.009306431929805872
0.00677631438851825
0.00335636797491287
0.0011435778386326583
0.00027186657997169697
4.576689779307312e-05
5.51342536675737e-06
0.00011517839743477999
0.0009602059484675185
0.0053568776935869885
0.01344991262614708
0.03815772681563672
0.0721656424962661
0.09105101923930167
0.07703832514794239
0.04506513267620079
0.02124271520376623
0.012020030430485149
0.008845290226877377
0.005734516287351206
0.002957564157273533
0.0016972285820543646
0.001430587363001981
0.0012064616261911892
0.0008741450425617778
0.0007949090192056268
0.0013179139909819556
0.0028890127811992184
0.005682378707960576
0.008261223505046357
0.008258848758238544
0.005551820660637518
0.0024937971377419965
0.0007486637158038052
0.0001549942749871968
5.304971908885946e-05
0.00010177518091094838
0.0004587502414446747
0.0016233846338314889
0.003974955878670795
0.00662300710506181
0.0075251422443004925
0.005871849688141687
0.003172780303995558
0.0011958173459252737
0.00031724922496033673
6.94244144327394e-05
5.8918521396965046e-05
0.00015932069058459812
0.0003263275288418594
0.00044723235472303116
0.0004085499583737959
0.0002487368971030125
0.00010092920431422275
2.7294493287823058e-05
4.919429840575958e-06
5.909300214738679e-07
4.730846813766461e-08
2.5241971103767243e-09
8.976131223222947e-11
2.1273388378732703e-12
1.4009926158408115e-13
1.6884410506645872e-15
1.3561805356068303e-17
7.259900349505825e-20
2.5901526528655986e-22
9.036255181288277e-05
0.0005798298731303004
0.0024797658268472904
0.00709311644798253
0.013617212777120007
0.017663041966001575
0.01567105921247722
0.009717109486321613
0.004391320430504915
0.0017664383990130211
0.0015058113674214163
0.002682171116648662
0.003977406651063382
0.004013790068212475
0.00270465819203895
0.0012317107565016578
0.0004927092540842851
0.000731458371630054
0.0022524138463979985
0.005097353312898756
0.0077511221275071
0.00825571087082611
0.006795410184947965
0.004510932255697712
0.0031150270479676644
0.002314827786699346
0.0014426708145905474
0.0006403357501502154
0.00019244208381821037
3.86839522142553e-05
5.7557854615116804e-06
4.540648377074815e-06
3.28795255613367e-05
0.0001488055471944631
0.0005028378386600683
0.001237198345681348
0.002152904880389521
0.0025884596124900244
0.002120532221649738
0.0011870592394603926
0.0005131411158173794
0.00033839389430401266
0.00046495443295118695
0.0006152940511578612
0.0007021060337094897
0.0008736365318301545
0.0011578433889036276
0.0012686345527615464
0.0011697913518079236
0.0010042944921112705
0.001448010896408435
0.0030644289712686425
0.005479617479836555
0.0069283855517254965
0.005949499786946099
0.0034284061460345397
0.001320112425110021
0.00033910837966489893
5.807779239551942e-05
6.630174219667337e-06
5.044809517858605e-07
2.5583211320736486e-08
8.646697666592234e-10
2.6134597888380154e-09
1.8135630662787458e-08
8.450177676638998e-08
2.62414325017025e-07
5.431137536173555e-07
7.491617763320363e-07
6.887188486767789e-07
4.219780637789329e-07
1.723135101918735e-07
7.570184994480098e-08
5.629185744992117e-08
3.4685512807890687e-07
1.951763523943817e-06
7.364304025188692e-06
1.8520852684474056e-05
3.104362991329928e-05
9.9798058219505e-05
0.0004577436815060844
0.0019221759652331366
0.005629609360812412
0.011046685464737672
0.014455227331343044
0.012607481673713483
0.007328524787441656
0.00283913922220432
0.0007459951057259621
0.00022738101465093874
0.0005424434682847647
0.0018364231186579396
0.00425228228448082
0.00656767866333743
0.006765374515621749
0.004653684524079573
0.002144960467181867
0.0006686564914499448
0.00025006834549856627
4.3463516371239205e-05
5.849131985647921e-06
6.63990316827617e-07
6.391885285685364e-08
4.808234076772342e-09
2.602128224544342e-10
9.680220920492164e-12
1.5518943184798895e-05
0.0001354967481854769
0.0007884554455365722
0.0030577853078544532
0.007903480214253533
0.013614801047275167
0.015630964493262272
0.011966070324989291
0.00616892147645194
0.002468180978369105
0.0019740945834687304
0.003914119537400897
0.006595149375140696
0.007579252787762369
0.005850784114236437
0.003030667443181281
0.0010531297484141508
0.0002454239412908467
7.44283953416117e-05
1.1964267819405482e-05
2.9095327374456755e-05
0.0001755699467340525
0.0007236809616106616
0.001988857816101771
0.003643538192609336
0.004449395565614138
0.0036218702749326033
0.0019768769364550774
0.0007944824891057577
0.0005758455365739197
0.0013383489244902977
0.0029036084513391304
0.004545487057047213
0.005417451890248785
0.005361592420026687
0.004515123693695847
0.0030208127781265193
0.0014746097197913966
0.0004989885810518131
0.0001152686478666591
2.320191765858058e-05
2.4088222805309755e-05
5.905077676413383e-05
0.00010390516420385211
0.00012105111150495912
0.00010857254355280638
6.491385388511202e-05
2.5871111699058694e-05
6.873047032299915e-06
1.2171286385772194e-06
1.43672335448489e-07
1.1304621738995788e-08
5.92900726303842e-10
2.0727550411214737e-11
4.830044674568464e-13
7.502201645333895e-15
7.767085889906467e-17
5.359900937319977e-19
2.4653711282879496e-21
7.55844493040719e-24
1.5445608765335088e-26
9.489517030788056e-07
7.441641031595784e-06
3.889508824891534e-05
0.00013549562402827647
0.0003249470010782968
0.0005624194179325195
0.0008709191826663648
0.0015480313894445452
0.002330281636251764
0.0036062563972434777
0.0039747046810197795
0.0030303962520000925
0.0017152578420456888
0.0009429361593500833
0.0006607033172334103
0.0004641573119580324
0.0002444272133297932
8.79435136100487e-05
2.1201900013895343e-05
3.4120742874681597e-06
3.662610423659676e-07
2.621771494599707e-08
1.2513675494047112e-09
3.9822498842937174e-11
8.448884326899693e-13
1.7211766379919901e-06
1.2569519756785221e-05
6.117774689755037e-05
0.00019844941365729137
0.00042903004797107335
0.0006181688943004528
0.0005936194664032553
0.0003799186983520302
0.0001747312972781002
0.0001248351489628131
0.0004153266216566605
0.0019223427354263856
0.006830374934282861
0.018051271500222597
0.034848075715386694
0.04783468434501267
0.04555183687016958
0.029578280975993847
0.01295994921487934
0.0038093963861231127
0.0007488050437607207
9.827119416356547e-05
8.60315794084169e-06
5.021953273430307e-07
2.9432181743456107e-06
2.616360498554297e-05
0.00015603810438836346
0.0006202312743420542
0.0016430781831191425
0.002900977398857947
0.0034142864726749017
0.00268285782209571
0.0014314300406039582
0.0006069357656438362
0.0004088895658857811
0.0004682307233273715
0.0005688218076145779
0.0005899589976912799
0.0008127089080077634
0.0016437832785623338
0.0028891733701053787
0.0035381563581889123
0.0029095853268916966
0.0016078598688122605
0.0006153592045735021
0.00018671935619466292
8.252143009840918e-05
0.00015513242578791224
0.0005657662972205381
0.0015930128495462966
0.0030291296301630214
0.0038433414211592027
0.0032503436601225384
0.001832050289120445
0.0006882311878035601
0.00017237626078293566
3.207424527223203e-05
3.5900938285504785e-05
0.0001819394965715582
0.0006922555910654547
0.0013651657980676682
0.0027421558124744597
0.0037411555054939908
0.0034629598904288993
0.002187384376487253
0.001062739057152549
0.0011417557474919973
0.0037058677806143516
0.010157629933014759
0.018795854413004826
0.02320257179795255
0.01911048848685567
0.010547342114059437
0.004116374974773617
0.0020515960619830412
0.004783124515034913
0.015482960046587453
0.03620425440271972
0.05713586636125095
0.060253338697295336
0.04237434946985313
0.01986623796238499
0.006214989861115874
0.0013257715718846294
0.00027683928277558926
0.00022090438020530608
0.0003017488595870755
0.0005402392443217532
0.0010580248990910888
0.0018058810297998408
0.00224358896904978
0.001908459773213364
0.0011002678823614717
0.00046431763139647526
0.00027925876747272155
0.0004586432839674698
0.0007565809375817966
0.000862401571110188
0.0006567965092977149
0.00033343260425270754
0.00011281634583893674
2.5440047401912033e-05
3.823361661309956e-06
3.829608659049943e-07
2.556495074864665e-08
1.1374100794496313e-09
3.3726457963357056e-11
6.66508882265287e-13
8.778548202555162e-15
7.705858023310907e-17
1.8142833501317567e-06
1.5100621222067925e-05
4.950302352613868e-05
0.00020953238460175288
0.0005970505072224689
0.0011578161083686863
0.0016342390855605027
0.002000755029377329
0.0025835062121235346
0.003222941834101618
0.003124221202696241
0.00211862930875837
0.0010104853126060363
0.0004402345483110028
0.0003387013667917835
0.0003570913103248767
0.0002910815101698056
0.00016098843965329355
5.9457558513936756e-05
1.4638386914227661e-05
2.4019884000766547e-06
2.626825471129316e-07
2.283385488770542e-06
1.7509844236143916e-05
9.023556066584705e-05
0.0003099398987252926
0.0007098473027780253
0.0009848911835662276
0.0011511414523888638
0.0009084304769337865
0.000503485664622631
0.0002230337797603893
9.964119486926743e-05
4.679643355831922e-05
1.8471228584266424e-05
5.21979516634541e-06
1.2340473481448278e-06
2.06543760943199e-06
1.0743200137907634e-05
3.9632557050240444e-05
9.75401811497553e-05
0.0001599938337253119
0.00017490594992595603
0.0001434320539345358
0.00022141924592851991
0.0008875530649570463
0.003365146504986016
0.009264787757169057
0.018012428006226114
0.024401110631561366
0.022764718403105004
0.014503478527810558
0.006284692591969559
0.002905820268357566
0.0006682518936033178
0.0001233717477798678
9.34515174820504e-05
0.00025040587438176625
0.0005133598504881474
0.0007148418587635601
0.000677259758319798
0.00043906544024599844
0.0002457303689101989
0.00045800674007452446
0.0021399082081407774
0.007587519440695619
0.018152284784065144
0.02934082197709021
0.03243732261604768
0.0250561077879732
0.013945931096314344
0.005775730054628597
0.0018079992302365176
0.0004224818190007577
7.143260264975749e-05
8.502422165851762e-06
9.682823584763257e-07
1.5154870481951242e-06
5.190876709856698e-06
9.570242116789598e-06
1.733825248315133e-05
2.226463808651557e-05
2.6091546436085333e-05
4.287959406368428e-05
8.198829622802461e-05
0.00012174577609451704
0.000123735793398463
8.416414972402131e-05
3.8178473351181235e-05
1.1543410930058188e-05
2.326150638125977e-06
3.124093794574091e-07
2.796353002346453e-08
1.6681745696711443e-09
6.632428091163772e-11
1.7574587993213468e-12
3.103696905607338e-14
3.6530448322310646e-16
3.40198503465328e-05
0.00024169193182057406
0.0011443884221340019
0.00361132276771994
0.007595226063198345
0.010646249787976108
0.009945672326754142
0.007586241611051575
0.0036038503259539136
0.0011410071590224379
0.00024076399509617003
3.385916635405982e-05
3.1735294242177775e-06
1.98239569417152e-07
9.320050307278872e-07
7.470907332662931e-06
4.026672723414214e-05
0.0001446485502362742
0.0003463087232042447
0.000552578935541759
0.0005877206087431121
0.0004171343164361555
0.0001999592189001593
7.265344001009883e-05
3.675087988626641e-05
3.6944579448440345e-05
3.5231102042795514e-05
2.5580964130305925e-05
2.251477332002554e-05
4.0677293783955175e-05
7.65577515485732e-05
0.00010203185972957071
0.00010136224361043427
8.86316267201622e-05
0.00015705550036085734
0.0005140135844835166
0.0013456859729083777
0.0023850042529016597
0.00282097415021378
0.002224843434025675
0.0011706600051031124
0.0004116394033267372
9.7150767063084e-05
1.5559988262850967e-05
1.7363158934804358e-06
1.4246916233528905e-07
9.295823138538566e-09
5.067893078626269e-10
2.2317913619696234e-11
7.340329540827874e-13
1.6969263144776054e-14
1.9328266509980675e-05
0.00012344244838667
0.0005254346237124251
0.001490578523036221
0.002818218840247572
0.003551251120844052
0.0029825147531783126
0.002119174526752006
0.000905205422735325
0.00025778259210187845
4.919310863456207e-05
7.947752968532735e-06
9.816519468224782e-06
4.673911259972986e-05
0.000207004915309835
0.0009131051208388597
0.0033326262111089953
0.008774657389081512
0.015833226506966537
0.019537209277209568
0.017141228682302098
0.011993750414161314
0.007923711928354399
0.00503053202116473
0.002608691415150436
0.0009707441051352497
0.0002702109915442686
0.00022243582044767453
0.0009085505332376464
0.0030153125670676875
0.0067030589253674455
0.009933053934964187
0.009814099920410779
0.0077795484840444944
0.003955753427695072
0.0014542569268969317
0.0006299141192902901
0.0007827292834620878
0.001472555687747025
0.0024128775271576807
0.0032431587525991795
0.0036195904796795663
0.003237939719377733
0.002163059416997975
0.0010186985470980712
0.0003277088239715739
7.098186944609744e-05
1.0289486017027719e-05
9.957570438400513e-07
6.426764482620534e-08
2.765253782224531e-09
7.930667460485535e-11
2.1975391869923599e-07
2.009670437766243e-06
1.2248914290078817e-05
4.9756737888508714e-05
0.00013470625176380938
0.00024305533173913277
0.00028753073821475634
0.0002638220656169843
0.0001613597175939321
6.59252175638141e-05
1.848272826513485e-05
4.704675523548853e-06
2.7038915222091837e-06
2.6212967124017055e-06
2.7568876298741034e-06
5.328857685939716e-06
1.3191449516843092e-05
2.869824433308088e-05
6.470402700963559e-05
0.00021145950719034172
0.0007156739537647954
0.0018446343385617877
0.0036650178935638007
0.0064659828201997374
0.011016922350475281
0.016191598984646
0.01770399183062339
0.013407624483540501
0.006983208407166798
0.0030434824796435733
0.0026201380692021147
0.004127729511652644
0.005034490768514197
0.004936569940997997
0.003236002052705857
0.0014140943730781108
0.00041184873910840233
7.994278562670231e-05
1.034194948967366e-05
8.916760451943953e-07
5.123813754444372e-08
7.816606851173352e-08
4.827440709790122e-07
2.2941224142767168e-05
0.00014362723833846012
0.0006170052135177118
0.0017898650006817206
0.003480350650477517
0.004521485761443568
0.003919060575443716
0.0022649698478515745
0.0008725896288242053
0.00022406644693813963
3.83479618415444e-05
4.374190524435474e-06
3.325365138566409e-07
1.6848670721524603e-08
5.689524102657721e-10
4.744439175860198e-11
8.147067559262081e-13
9.316966086864603e-08
6.489628558716667e-07
3.0126366641903103e-06
9.352633532187785e-06
1.9463191707850024e-05
2.765653208556921e-05
2.8423870307351846e-05
2.4365639181477845e-05
2.0516290885088323e-05
1.6245069330391635e-05
1.0237818365596811e-05
5.4367495853567006e-06
6.543361028953806e-06
1.840828843327363e-05
4.232539867242003e-05
6.780210333662895e-05
8.005495312522502e-05
8.068640324251338e-05
7.897873921548014e-05
6.958741126903049e-05
4.6886366011268987e-05
2.204545880487582e-05
7.00304281095768e-06
1.4884021960078248e-06
4.233856568262819e-07
4.581971767211261e-08
2.9522903412174224e-08
1.3158121789749172e-06
1.9557261884239913e-05
0.00011886378710949105
0.0004885200175162113
0.0013552685586110775
0.002538411248310297
0.003266720293990075
0.003080763943830479
0.00251882392396308
0.0021345265509100583
0.0017222181129065502
0.0010774200032953277
0.000470171565639468
0.00013847015904101616
2.728228442559073e-05
3.5881849233495263e-06
3.148563879262993e-07
1.8431153021120304e-08
7.197809510619872e-10
1.87531226359708e-11
3.2598146997565496e-13
3.7807656466277254e-15
1.5472214139449145e-16
9.143228303009086e-19
3.605545267163897e-21
6.010951159905243e-06
4.210155209297106e-05
0.00019718723728122137
0.0006178728752668402
0.0012961806389245223
0.0018221948909899822
0.0017194876325007098
0.0010928479379155806
0.00047158037955389383
0.0001408477715392939
3.038380380672437e-05
5.09506594115782e-06
7.129322023704302e-07
8.30034921137953e-08
7.465978117026411e-09
4.819034205932309e-10
2.1398020738066396e-11
1.4718499932335266e-07
5.833139728493008e-06
4.278677099280371e-05
0.00021584766782813133
0.0007398303744017305
0.0017093117179992434
0.0023935448906947186
0.0028380938678733486
0.0022484573107577387
0.001198957160786072
0.0005082542943012156
0.0005632529249732982
0.0016748439009137755
0.004072994344417463
0.0068875576170247714
0.008047356945046373
0.006492621116152993
0.0036114017587140904
0.0013842558185015352
0.0003745286568417378
0.00010062014606853197
8.320586199738975e-05
0.00010920100407617657
0.00010514670765869641
6.90350118025464e-05
3.3814347439221584e-05
2.4131400204265316e-05
4.925068083112259e-05
0.00012279913250482435
0.000283469274270456
0.0005859586343298281
0.0009671072987420804
0.001130199527022124
0.0010480388387349878
0.0006567645824926433
0.00027566344901540975
7.761718708024984e-05
1.7270432034892215e-05
1.7462335254128627e-05
5.829173950237716e-05
0.00014390855755793078
0.00023736757731385836
0.00026095277759768807
0.00019119852844325534
9.33659945062758e-05
3.0386064693943538e-05
6.590854692789215e-06
9.527754625164628e-07
9.179540433046317e-08
5.894308499907563e-09
2.587518638905382e-07
1.6918967106799578e-06
7.380157860164191e-06
2.1455608479852784e-05
4.855011705313189e-05
0.00014401265396457984
0.000575709912106635
0.0014173727305501291
0.0042313415930391755
0.008680327611166978
0.012051693378424015
0.011293118954580229
0.00714046673994422
0.003085313680109207
0.0010778239136581527
0.0007330148234854018
0.001057882027037908
0.0013760956032713447
0.0015448362302830372
0.0017631101917272617
0.0019237355987383172
0.0016450141384418632
0.000991159542057088
0.000421843061148896
0.00015959325487134853
9.425570352281012e-05
7.408439384399346e-05
4.6023436103778174e-05
1.952507892715948e-05
5.537824146018942e-06
1.0472176396959157e-06
1.3198895900149836e-07
1.1087215295328752e-08
1.6973841419131716e-09
7.250500212512929e-11
2.064131481243094e-12
5.241865305154606e-06
3.5190631593569674e-05
0.00015745259305482596
0.00046952002685802494
0.000933125319019743
0.0012359684189129142
0.001091217603373733
0.0006429459144264041
0.00025862251076658275
0.00010003751369988138
0.00015027149308204912
0.00047091587412374764
0.0012532498184888985
0.002506385440587554
0.003631322598291548
0.0037223957324854957
0.002653773778238151
0.0013065083127803167
0.00046319077206949464
0.0001702070635778896
0.0001559992797303337
0.0002917052844791534
0.0006772986070600992
0.0011552260944115147
0.002097570037112163
0.002979516402258294
0.0039689872963036355
0.006122796285950306
0.009579591141587948
0.012252059061603104
0.011806065847526347
0.008360557883506222
0.00426305619009662
0.001530309737074025
0.0003793307347232492
6.464945020497407e-05
9.297649371276433e-06
4.384952652657996e-06
4.853391429888452e-06
4.413402553887381e-06
5.417539715938801e-06
1.9155925709957235e-05
7.11328818044705e-05
0.0001831195241024555
0.00031499628657035583
0.0003611853020150188
0.0002796702281287078
0.0001655180391570748
0.00014321946211239505
0.00026745612215729
0.0005814600576725725
0.0009075253709705551
0.0010239400277993209
0.0010727274288671609
0.0014977889511713755
0.002281131440565499
0.002667363818914632
0.002142345277426998
0.0011723889219259057
0.00046595783002778665
0.00017154436313054414
8.884001788791399e-05
0.00010526972290001673
0.0002717163414217137
0.0006581855483018948
0.0011579673583963532
0.0016376945459747193
0.002375359771474552
0.0037387238828558455
0.0051252573616134365
0.005281761465492143
0.0039748455959496935
0.002299149106342365
0.001389000288985109
0.001372825542873271
0.0018371933416454322
0.002075430696717246
0.0016826985358653769
0.0012191049087123893
0.0016828953150449342
0.0036348935039050415
0.006377964322993757
0.007854661541337044
0.006667504981012693
0.003937529345346468
0.0017383526276277678
0.0008009528133016354
0.000943348447118127
0.0024277538773112457
0.005603928401663184
0.009160815826054223
0.010370007667166847
0.008282720671216359
0.004819769591748611
0.0021048721184999926
0.000695588835668346
0.00017080304280545322
3.092440377198436e-05
8.04885676831548e-06
2.0387379024558375e-05
4.622275688247239e-05
0.00011696143326168446
0.0002121251363922798
0.00030689215089628946
0.0004090378697753454
0.0005132439446842462
0.0005772270548316866
0.0006957664824683393
0.0011083911744173482
0.0017432883827133904
0.0020310825837584275
0.0016105072274492699
0.0008544340692857452
0.0003023522972259665
7.132144191298372e-05
1.1213844651881096e-05
1.175191124815547e-06
8.20881698413595e-08
3.821822262804653e-09
1.1859822519801446e-10
2.4530345578582682e-12
3.381792043146641e-14
3.1074765635840457e-16
1.903209207358595e-18
7.769317475973376e-21
2.1139603458051738e-23
7.126865842901879e-09
3.3167944771014093e-06
2.4039219749826027e-05
0.00011623435711786468
0.00037485328573723495
0.0008087990536475623
0.0011748747124208675
0.0011952144949901745
0.0009908792154340463
0.0009070440953018715
0.00094423433514015
0.0008261832026823808
0.0005110880513361427
0.00021338662438524843
5.953479033860773e-05
1.1077067181497291e-05
1.373876174076506e-06
1.1357924033373299e-07
6.258458297095261e-09
2.2985154663684053e-10
5.626461895186481e-12
9.179691178111329e-14
9.982119333413252e-16
7.234641745839259e-18
3.494690841396341e-20
7.970985386935087e-22
1.9580725647610547e-24
3.2058151970710675e-27
3.4981608204988205e-30
2.544084081215942e-33
1.2331403383509862e-36
3.983657393611632e-40
8.577072381349493e-44
0.0
0.0
0.0
0.0
0.0
0.0
0.0
0.0
0.0
0.0
0.0
0.0
0.0
0.0
0.0
0.0
0.0
0.0
0.0
0.0
0.0
0.0
0.0
0.0
0.0
0.0
0.0
0.0
0.0
0.0
0.0
0.0
0.0
0.0
0.0
0.0
0.0
0.0
0.0
0.0
0.0
0.0
0.0
0.0
0.0
0.0
0.0
0.0
0.0
0.0
0.0
0.0
0.0
0.0
0.0
0.0
0.0
0.0
0.0
0.0
0.0
0.0
0.0
0.0
0.0
0.0
0.0
0.0
0.0
0.0
0.0
0.0
0.0
0.0
0.0
0.0
0.0
0.0
0.0
0.0
0.0
0.0
0.0
0.0
0.0
0.0
0.0
0.0
0.0
0.0
0.0
0.0
0.0
0.0
0.0
0.0
0.0
0.0
0.0
0.0
0.0
0.0
0.0
0.0
0.0
0.0
0.0
0.0
0.0
0.0
0.0
0.0
0.0
0.0
0.0
0.0
0.0
0.0
0.0
0.0
0.0
0.0
0.0
0.0
0.0
0.0
0.0
0.0
0.0
0.0
0.0
0.0
0.0
0.0
0.0
0.0
0.0
0.0
0.0
0.0
0.0
0.0
0.0
0.0
0.0
0.0
0.0
0.0
0.0
0.0
0.0
0.0
0.0
0.0
0.0
0.0
0.0
0.0
0.0
0.0
0.0
0.0
0.0
0.0
0.0
0.0
0.0
0.0
0.0
0.0
0.0
0.0
0.0
0.0
0.0
0.0
0.0
0.0
0.0
0.0
0.0
0.0
0.0
0.0
0.0
0.0
0.0
0.0
0.0
0.0
0.0
0.0
0.0
0.0
0.0
0.0
0.0
0.0
0.0
0.0
0.0
0.0
0.0
0.0
0.0
0.0
0.0
0.0
0.0
0.0
0.0
0.0
0.0
0.0
0.0
0.0
0.0
0.0
0.0
0.0
0.0
0.0
0.0
0.0
0.0
0.0
0.0
0.0
0.0
0.0
0.0
0.0
0.0
0.0
0.0
0.0
0.0
0.0
0.0
0.0
0.0
0.0
0.0
0.0
0.0
0.0
0.0
0.0
0.0
0.0
0.0
0.0
0.0
0.0
0.0
0.0
0.0
0.0
0.0
0.0
0.0
0.0
0.0
0.0
0.0
0.0
0.0
0.0
0.0
0.0
0.0
0.0
0.0
0.0
0.0
0.0
0.0
0.0
0.0
0.0
0.0
0.0
0.0
0.0
0.0
0.0
0.0
0.0
0.0
0.0
0.0
0.0
0.0
0.0
0.0
0.0
0.0
0.0
0.0
0.0
0.0
0.0
0.0
0.0
0.0
0.0
0.0
0.0
0.0
0.0
0.0
0.0
0.0
