a = 9.152256958862129 b = 5.080866592568874 c = 9.386569096714654 ,Gaussian ,LMH = 0.08 ,DW = [0.6 0.6 0.6]
0.0
0.0
0.0
0.0
0.0
0.0
0.0
0.0
0.0
0.0
0.0
0.0
0.0
0.0
0.0
0.0
0.0
0.0
0.0
0.0
0.0
0.0
0.0
0.0
0.0
0.0
0.0
0.0
0.0
0.0
0.0
0.0
0.0
0.0
0.0
0.0
0.0
0.0
0.0
0.0
0.0
0.0
0.0
0.0
0.0
0.0
0.0
0.0
0.0
0.0
0.0
0.0
0.0
0.0
0.0
0.0
0.0
0.0
0.0
0.0
0.0
0.0
0.0
0.0
0.0
0.0
0.0
0.0
0.0
0.0
0.0
0.0
0.0
0.0
0.0
0.0
0.0
0.0
0.0
0.0
0.0
0.0
0.0
0.0
0.0
0.0
0.0
0.0
0.0
0.0
0.0
0.0
0.0
0.0
0.0
0.0
0.0
0.0
0.0
0.0
0.0
0.0
0.0
0.0
0.0
0.0
0.0
0.0
0.0
0.0
0.0
0.0
0.0
0.0
0.0
0.0
0.0
0.0
0.0
0.0
0.0
0.0
0.0
0.0
0.0
0.0
0.0
0.0
0.0
0.0
0.0
0.0
0.0
0.0
0.0
0.0
0.0
0.0
0.0
0.0
0.0
0.0
0.0
0.0
0.0
0.0
0.0
0.0
0.0
0.0
0.0
0.0
0.0
0.0
0.0
0.0
0.0
0.0
0.0
0.0
0.0
0.0
0.0
0.0
0.0
0.0
0.0
0.0
0.0
0.0
0.0
0.0
0.0
0.0
0.0
0.0
0.0
0.0
0.0
6.962725617942148e-34
4.411887258026244e-33
1.8631639769836385e-32
5.243959150258166e-32
9.83669190899259e-32
1.2297600678284723e-31
1.0246445924759782e-31
5.689939731184403e-32
2.1761883309439376e-32
9.808474378162521e-33
2.102253819225555e-32
5.884717523051533e-32
1.1407749479607445e-31
1.476032160035132e-31
1.272908835762613e-31
9.205196779045845e-32
4.0368078303468884e-32
1.1798441033917046e-32
2.2982259572805137e-33
2.9836121894207573e-34
2.581508552913828e-35
1.4886284403009447e-36
5.72111402807304e-38
1.465400866068107e-39
2.5015767515174894e-41
2.846117125765126e-43
2.1581083902641793e-45
1.0906245915812776e-47
3.6733208762817683e-50
8.245632906282434e-53
1.2335895268943831e-55
1.2299824058327241e-58
8.173511404312705e-62
3.6199285195035304e-65
1.0684959122300153e-68
2.1019737267663223e-72
0.0
0.0
0.0
0.0
0.0
0.0
0.0
0.0
0.0
0.0
0.0
0.0
0.0
0.0
0.0
0.0
0.0
0.0
0.0
0.0
0.0
0.0
0.0
0.0
0.0
0.0
0.0
0.0
0.0
0.0
0.0
0.0
0.0
0.0
0.0
0.0
0.0
0.0
0.0
0.0
0.0
0.0
0.0
0.0
0.0
0.0
0.0
0.0
0.0
0.0
0.0
0.0
0.0
0.0
0.0
0.0
0.0
0.0
0.0
0.0
0.0
0.0
0.0
0.0
0.0
0.0
0.0
0.0
0.0
0.0
0.0
0.0
0.0
0.0
0.0
0.0
0.0
0.0
0.0
0.0
0.0
0.0
0.0
0.0
1.3821231858270672e-08
9.195665501527425e-08
4.077567188578002e-07
1.2050377019526459e-06
2.3734587708436363e-06
3.1156186680798064e-06
2.725765252282593e-06
1.5893302615260646e-06
6.176200732290762e-07
1.5995955991957433e-07
2.7610898974259866e-08
3.1763799163822667e-09
2.435375227293218e-10
1.2444598081452933e-11
4.2381606411435687e-13
9.61956649881735e-15
1.4551747041920888e-16
1.467088525065818e-18
9.85777842112347e-21
4.414518407218749e-23
1.3175562340565216e-25
2.6208160310508734e-28
3.474445159214911e-31
3.346716598248134e-33
2.2561628429876576e-36
1.0136861098477386e-39
3.035415145957592e-43
6.057790450560093e-47
0.0
0.0
0.0
0.0
0.0
0.0
0.0
0.0
3.5138312863346715e-06
2.621377175182731e-05
0.00013033458398894202
0.0004318882360343484
0.0009538160531317886
0.0014039105205144989
0.0013771960795406952
0.0009003962449199199
0.0003923314475949133
0.00011393420189505011
2.2051424841099176e-05
2.8444659971493745e-06
2.445380163127247e-07
3.801990294520411e-08
1.662107933820038e-09
4.8427158738795985e-11
9.403733318170728e-13
1.2170072561431086e-14
1.0497057569520316e-16
6.034253327997236e-19
2.311857421247685e-21
5.903099484092104e-24
1.004571161401005e-26
1.1393649596230551e-29
8.612446942822657e-33
4.338821746169742e-36
1.4567955463852405e-39
3.259920058541324e-43
0.0
0.0
0.0
0.0
0.0
0.0
0.0
0.0
0.0
0.0
0.0
0.0
0.0
0.0
0.0
0.0
0.0
0.0
0.0
0.0
0.0
0.0
0.0
0.0
0.0
0.0
0.0
0.0
0.0
0.0
0.0
0.0
0.0
0.0
0.0
0.0
0.0
0.0
0.0
0.0
0.0
0.0
0.0
0.0
0.0
0.0
0.0
0.0
0.0
0.0
0.0
0.0
0.0
0.0
0.0
0.0
0.0
0.0
0.0
0.0
0.0
0.0
0.0
0.0
0.0
0.0
0.0
0.0
0.0
0.0
0.0
0.0
0.0
0.0
0.0
0.0
0.0
0.0
0.0
0.0
0.0
0.0
0.0
0.0
0.0
0.0
1.294129926046794e-34
8.474091568460225e-34
2.367395735253049e-33
7.882948941873142e-33
1.749395941036054e-32
2.5874327069410053e-32
2.5505366053437944e-32
1.675620273854159e-32
7.336707417026592e-33
2.140958957565515e-33
4.163868753378105e-34
5.397184570993455e-35
4.66250227350718e-36
2.684431900937837e-37
1.0300712692308883e-38
2.6342907383143376e-40
4.48995185488885e-42
5.100364467634805e-44
3.86137772601894e-46
1.9483407357318435e-48
6.55192749436501e-51
1.4684352554288635e-53
2.1934213739861174e-56
2.183588948853094e-59
1.448776031334637e-62
6.406386927106719e-66
1.888020155606869e-69
6.673747847498116e-72
0.0
0.0
0.0
0.0
0.0
0.0
0.0
0.0
0.0
0.0
0.0
0.0
0.0
0.0
0.0
0.0
0.0
0.0
0.0
0.0
0.0
0.0
0.0
0.0036902711750124505
0.025560969657174793
0.07413515742922114
0.2611234279031267
0.6129838191975259
0.959033397259851
1.0
0.6949408113053093
0.32186754097040116
0.09935462657235192
0.020439984253290158
0.0028025577246698196
0.0002561003219711506
1.559722117030419e-05
6.330906284980179e-07
1.7126400164639944e-08
0.0001458741692812581
0.0013291829953397095
0.0080718600288427
0.032669615077700054
0.0881243569429446
0.15842709267172123
0.18982110280823525
0.1515797128931752
0.08067132985052074
0.028614021594484937
0.006764257519070061
0.0010657195034691769
0.0002481374382712236
1.988005837645123e-05
1.061511160331687e-06
1.026236446551959e-06
7.413980335452512e-06
3.7052728467017465e-05
0.0001234305489230631
0.0013426260799399802
0.008232609436127868
0.038609684379783966
0.12457938697139738
0.2696808582639716
0.3896003722207482
0.3752219382654626
0.24085878285355555
0.10304409754581455
0.02938097979925124
0.0055833027014269235
0.0007071273927224233
5.968781828528749e-05
3.357803659944497e-06
1.2589440800950797e-07
3.1458581077595174e-09
5.239059954342489e-11
5.814992446442853e-13
2.3094782295696975e-14
1.3035036137603566e-16
4.903341648911469e-19
1.2292879308156795e-21
2.0539819806762448e-24
2.2872941253418926e-27
1.7149745521405613e-30
4.726402612931739e-32
8.252264892277559e-32
9.776404903418466e-32
7.719127327538608e-32
4.0619893245933205e-32
1.4245933045277312e-32
3.329849217758135e-33
5.18728113137607e-34
1.4953305289219092e-34
6.671130066476603e-34
3.065720807698719e-33
9.441298843898025e-33
1.9379220255660424e-32
2.651078815569155e-32
2.4170772487195675e-32
1.468723250051823e-32
5.947999966600202e-33
1.6054008669032316e-33
2.88786958706019e-34
7.345271050594794e-35
6.718997673846811e-36
4.09621461880977e-37
1.6643415821831343e-38
4.506960715690037e-40
8.134046103185329e-42
9.7838781394706e-44
7.843266796259122e-46
4.1904869236061564e-48
1.4921536291983646e-50
3.541148483518292e-53
5.600880202694274e-56
5.904049336591076e-59
4.147870801784723e-62
1.942146610401229e-65
6.06066598825922e-69
1.2604924165258833e-72
2.004942116895087e-09
1.802253927598784e-08
1.0797213039511971e-07
4.3111080577736794e-07
1.1472226024071563e-06
2.0346421128630883e-06
2.404971376610979e-06
1.8945817200722778e-06
9.94714209049256e-07
5.167206697673809e-07
1.3795688949020331e-07
2.454779576188677e-08
2.9111404379429534e-09
2.300887373668435e-10
1.2120181206905164e-11
4.255047506286609e-13
9.955916869737362e-15
1.5525287751768297e-16
1.6135395059126703e-18
1.1176378370259505e-20
5.1594586641571285e-23
1.5874086401565333e-25
3.255138727399621e-28
2.934386546194533e-07
2.2899036355587906e-06
1.1909640126232581e-05
4.128208452984404e-05
9.53687624687359e-05
0.00014683589128223397
0.0001506745310431854
0.0001030454977485497
4.696774857252032e-05
1.4267635699887943e-05
2.888589507144561e-06
3.8976352558758585e-07
8.184251479686819e-08
5.6156096491315845e-09
2.568008197857406e-10
7.826677665758865e-12
1.5897910172052361e-13
2.152207683543279e-15
1.9418240001230567e-17
1.1676618728809777e-19
4.6795692979128605e-22
1.2499027238000378e-24
2.22499015760784e-27
2.6397422413695813e-30
2.087259748922168e-33
1.0999501985874589e-36
3.863234714562384e-40
9.042962202320425e-44
0.0
0.0
0.0
0.0
0.0
0.0
0.0
0.0
0.0
0.0
0.0
0.0
0.0
0.0
0.0
0.0
0.0
0.0
0.0
0.0
0.0
0.0
0.0
0.0
0.0
0.0
0.0
0.0
0.0
0.0
0.0
0.0
0.0
0.0
0.0
0.0
0.0
0.0
0.0
0.0
0.0
0.0
0.0
0.0
0.0
0.0
0.0
0.0
0.0
0.0
0.0
0.0
0.0
0.0
0.0
0.0
0.0
0.0
0.0
0.0
0.0
0.0
0.0
0.0
0.0
0.0
0.0
0.0
0.0
0.0
0.0
0.0
0.0
0.0
0.0
0.0
0.0
0.0
0.0
0.0
0.0
0.0
0.0
0.0
0.0
0.0
0.0
1.71459887372644e-07
1.1675934840110696e-06
5.2991027352006275e-06
1.6028562105798552e-05
3.2312334602343315e-05
4.3413385902454664e-05
3.887411617337552e-05
2.3199517141014398e-05
9.227390745329163e-06
2.446022377060057e-06
0.00032866160125516274
0.002083214972964217
0.008813673149242848
0.024856576572692118
0.04675181456958586
0.05870961565641918
0.04936742363083457
0.028007545876510366
0.010923688516884909
0.003054577293784082
0.000658783896381508
0.00011777891225108988
1.74625671616335e-05
1.9984372461097166e-06
1.640558931047557e-07
2.5205332622928447e-08
1.0959596743029627e-09
3.1968023082527205e-11
6.230114582468847e-13
8.09961663309245e-15
7.020491752539069e-17
4.056110133900006e-19
1.5619069119492106e-21
4.008577135460372e-24
6.856617967610004e-27
7.816500480160515e-30
5.9387732852748085e-33
3.0072036820415422e-36
1.0148702688575364e-39
2.2826526091962806e-43
0.0
0.0
0.00011306805784264556
0.0009642989799175562
0.005481065985242096
0.02076346842543045
0.052422330156149506
0.08820928239343075
0.0989222087686892
0.07393581575730343
0.03682964063147133
0.01847959222953361
0.004742607116682086
0.0011701662611550338
0.0016084948915614013
0.004054433649978553
0.007186206377203295
0.008502086827211729
0.006704276973070382
0.0035233877779033782
0.0012341004262376295
0.00028808597092900407
4.4820352245514035e-05
4.647399095920157e-06
3.2116352885004064e-07
1.4791902017275404e-08
4.5404967561342e-10
9.288899546953612e-12
1.2665044237450224e-13
1.1508817518026444e-15
6.970055643015167e-18
2.813347212809637e-20
7.568189049634037e-23
1.356882238748503e-25
1.6213392320566222e-28
1.2911811396781362e-31
6.853020073695717e-35
3.5857451325988713e-37
9.677804130367351e-41
0.00011695225936937006
0.0009554482714546429
0.005202202938547905
0.018877694312837597
0.04565540047713181
0.07367582846899819
0.07971535412351555
0.059984246271364526
0.0385517548856117
0.03484404234277812
0.041667938606527836
0.040813020695994816
0.028270066071563973
0.01454800953971846
0.006809951282211
0.0035064825805953626
0.001716743149475701
0.0006372113711066171
0.00016303202873921003
2.8021740883908485e-05
3.2158242650285107e-06
2.4606643833181296e-07
1.2549759106626212e-08
1.3776243475995357e-09
3.5729553285068045e-11
6.175991866439088e-13
7.114879940143525e-15
5.4627336598646215e-17
2.79533611183301e-19
9.53321952458181e-22
2.1668392871515295e-24
3.282429121123254e-27
3.313947018722095e-30
2.229858541805844e-33
9.999783868061057e-37
2.9887215974625646e-40
5.953356072663782e-44
1.3569664311758841e-61
6.696514700464331e-35
5.297634851431247e-34
2.7931661010691815e-33
9.81506212785311e-33
2.2986396381252438e-32
3.270724158578302e-07
2.773035428232292e-06
1.5669259236174507e-05
5.900965308197641e-05
0.00014810823460793273
0.00024775184506615686
0.00027866101776902386
0.00023703719072186235
0.00013438113721072774
5.077403532438293e-05
1.2785761464277536e-05
2.1458188844004e-06
2.400164878126582e-07
1.7892484017077542e-08
8.889590338031752e-10
2.94357025457293e-11
6.496038823023465e-13
9.554420829202818e-15
9.365730755387002e-17
6.118719147323165e-19
2.664163770917875e-21
7.731128027626831e-24
2.6528021855465065e-06
2.1999449941767222e-05
0.00012159069080539586
0.0004478889807151242
0.0010995677099901067
0.0017990992648172029
0.0019618681764795045
0.0014258244810848321
0.0006906274881367353
0.00022294780505335442
8.374205648384158e-05
1.3746924363151044e-05
1.504004074030965e-06
1.0966651191236235e-07
5.329427962833918e-09
1.7261109609675888e-10
3.725961582318661e-12
5.360306005705775e-14
5.139517412635447e-16
3.2842533277585113e-18
1.3987255358912844e-20
3.970177345661607e-23
7.510500135853063e-26
9.469114279058342e-29
7.956671089728275e-32
4.4558955463150097e-35
1.6631068252349798e-38
4.137012548634254e-42
0.0
7.051342048438101e-07
5.438869501508475e-06
2.7959348240101836e-05
9.579150493153385e-05
0.00021873007275554677
0.00033286761685921
0.0003515181654557661
0.0002720278710577572
0.00014030093990796826
4.822689554522714e-05
1.1048404871076792e-05
1.6869080202815844e-06
1.7165828672204915e-07
1.1641788160385948e-08
5.262064405141351e-10
1.585163904313884e-11
3.1825390252364163e-13
4.2584823278905466e-15
3.79767249371423e-17
2.2571567338075035e-19
8.941028372210107e-22
1.8558856714808034e-05
0.0001378527475865534
0.0006836471814224176
0.002263608484978285
0.005004040806456309
0.007385594805617038
0.0072775877969590945
0.004787584901544222
0.0021026157937679905
0.0006164571345164719
0.0001206503210488246
3.249077492407257e-05
3.2420102920677932e-06
2.1592258973073118e-07
9.59817664995205e-09
2.84749518498757e-10
5.637632508540603e-12
7.448441739669569e-14
6.566653160382957e-16
3.862848799420302e-18
1.5161123268117243e-20
3.9699988581943437e-23
6.935222361031701e-26
8.081976379020704e-29
6.282590035673787e-32
3.2576265625203165e-35
1.1266357964118716e-38
2.5987501490817837e-42
0.0
0.0
0.0
0.0
0.0
0.0
0.0
0.0
0.0
0.0
0.0
0.0
0.0
0.0
0.0
0.0
0.0
0.0
0.0
0.0
0.0
0.0
0.0
0.0
0.0
0.0
0.0
0.0
0.0
0.0
0.0
0.0
0.0
0.0
0.0
7.431033274186374e-06
6.614104441100412e-05
0.0003923507066005065
0.0015511699326242509
0.004087199767427383
0.007177511552500418
0.008400468034830787
0.006552846448713108
0.0034083210417015985
0.001189887312043089
0.00030623290806988494
0.0001205964633387549
0.00012668481411400208
0.00012720853255839798
8.773043635605718e-05
4.040571675874121e-05
1.2404371549851604e-05
2.5380027074071538e-06
3.460917090938324e-07
3.145370974629246e-08
1.9051716193879452e-09
7.690912673490153e-11
2.0692035040876815e-12
3.710308987913706e-14
4.434028699451275e-16
1.8499428306513893e-17
1.1242148279772439e-19
4.553253803742474e-22
1.2290681290983187e-24
2.551739370112852e-06
1.971515474119223e-05
0.000101518598646531
0.00034839553972522766
0.0007969210281128338
0.0012152984198246142
0.0012378081227625622
0.0008512438279198042
0.0004208367038843395
0.00019496266942595466
0.00012403045500209347
8.689392484227954e-05
4.653614447405934e-05
1.7028273931464592e-05
4.1697538639626524e-06
6.809569200198274e-07
7.412366510139809e-08
5.377534219345622e-09
2.600113097242647e-10
8.37882343480077e-12
1.7995147810044419e-13
2.5757834655500948e-15
1.2120285040923632e-16
8.822046602251153e-19
0.0003222977410671993
0.00218966564406985
0.009914707246263876
0.029920134005648587
0.06017674899264748
0.0806632018712865
0.07206157346122528
0.04290555978350287
0.017026129059456944
0.004506763420975137
0.0008186155349397432
0.00019669640004591274
0.0002931390810398792
0.0005266873970458427
0.0006458704354172492
0.0005282214682419569
0.00028792319167992545
0.00010459695321979761
2.5324622223006453e-05
4.086471413650492e-06
4.394763441201606e-07
3.149953111335771e-08
1.5047149066541316e-09
4.790555829399657e-11
3.840972704328572e-12
7.013494626919464e-07
5.470878007053104e-06
2.844206859052917e-05
9.854778704806842e-05
0.00022756953468684631
0.000350237718221338
0.00035924708787077027
0.00024558687111650814
0.00011189188335906663
3.3976103426227524e-05
6.875908745907137e-06
9.274023386766023e-07
8.336577989449313e-08
4.994465255106606e-09
1.9942138275388295e-10
5.306840055245129e-12
9.411997905844863e-14
1.1125235001315352e-15
0.0002062003940009787
0.0017871458967049772
0.010323146105849947
0.03974163112342921
0.10196728364499831
0.17436429588769078
0.19901671832112694
0.17305687268012704
0.10029278472775095
0.03873754351324033
0.010104995968638678
0.0028494951876487
0.006686236500633322
0.024672545803835252
0.062432690724745804
0.10535728906727192
0.11851018159654553
0.0888705269266608
0.04444914346728018
0.01484398865131002
0.0033189307245646417
0.0005001127662215084
5.157608620758993e-05
3.762018100560688e-06
2.0551586759180548e-07
8.964527557066947e-09
3.181605595081797e-10
8.768988954409997e-12
1.757402188538819e-13
2.4462431216195396e-15
2.3101513345649964e-17
1.464735729051281e-19
4.0122568322952256e-21
1.2986949059247697e-23
2.8034471101760903e-26
4.034351542592623e-29
3.869747793467315e-32
2.473953853943435e-35
1.054110542938554e-38
2.99344002566677e-42
0.0
0.0
0.0
0.0
0.0
0.0
0.0
0.0
0.0
1.157825353584216e-05
7.937893200117879e-05
0.00036270120271244627
0.0011045217902807456
0.002241718773187173
0.0030322815095161207
0.0027336282548276
0.0016588349043157972
0.0007759801507248269
0.0006377957231595845
0.001352118596564472
0.003173078539469695
0.005160524931122104
0.00560598425063406
0.004089489381163761
0.002166937530472883
0.0015832579010394833
0.003046464126923174
0.00602706742781718
0.008680612256379727
0.010613644166551505
0.016053507993364184
0.028919184971554067
0.04264655367936425
0.04403552304284188
0.032052889299662844
0.02047938599311551
0.018809444291868045
0.022015398574855533
0.02055254034859041
0.01316649822728426
0.005645228823922418
0.0016141056211568352
0.0003076097920259455
8.131108118970862e-05
7.880000291183457e-06
5.089609630741506e-07
2.1909087461498505e-08
6.285584318348355e-10
1.2018453096634171e-11
1.5315565517136624e-13
1.3007656214535313e-15
7.362861160382602e-18
2.777638481739944e-20
6.983712910668155e-23
1.1702504759157514e-25
1.3075652508810845e-28
1.3830021476426447e-31
1.7705692047347967e-32
5.065269390755269e-33
9.68403273776304e-34
1.2339366480540905e-34
1.04787873428873e-35
5.930765313244228e-37
2.237134004185337e-38
5.624122965313713e-40
9.423216388493508e-42
9.997662389651683e-07
9.070917176195784e-06
5.4851118037765706e-05
0.00014531458285679238
0.0004468338467363083
0.0009157237410165474
0.001250732494890463
0.001138533833304116
0.0007001425305348244
0.0003483893072410908
0.0004133950372994572
0.0011162596143619635
0.0023984796776775385
0.0034722386626328925
0.003352172137724624
0.002156944741677663
0.0009249836757902605
0.00026436911027146793
5.035804958460117e-05
6.393057950197733e-06
5.409161264458188e-07
3.0502312470831904e-08
1.1463497757087277e-09
2.8713298319675445e-11
4.793255332431064e-13
5.332852763217523e-15
3.9543050610026973e-17
1.954169794477422e-19
6.436295423784264e-22
1.1372412720354296e-23
1.904710020067416e-26
0.0001775460602488519
0.0012741122098382195
0.0060962125064018225
0.019448531882717113
0.04137215638041953
0.05868759477846783
0.0555169408178388
0.035024521000276615
0.014737251460174051
0.004136444528959131
0.0008403129183296618
0.0006883538816759276
0.003586023760599775
0.014490846341229944
0.039185461728547005
0.0706756629198684
0.08498077123187224
0.06810848929397352
0.03638162774610841
0.012952447443897092
0.0030733068993748698
0.0004860071642822588
5.122257267005483e-05
3.5980054552927847e-06
4.889108441051601e-07
1.74635593432274e-08
4.1573579602336545e-10
6.596045294520132e-12
6.974794053410735e-14
6.532659460721795e-06
4.995776582087286e-05
0.00025462294941000924
0.0008649153986631544
0.0019580837450346887
0.00295440781390329
0.0029716400662898224
0.0019968350946455854
0.0009198464883725413
0.00037279925695626263
0.0003077249412098393
0.0004086695634844197
0.0004220766168520193
0.00029473312507277883
0.00013733363971131792
4.2653130482781555e-05
8.82897271566039e-06
1.2180112511055846e-06
1.1198864755114381e-07
6.862435097779203e-09
8.513639903806199e-10
2.652907502278674e-11
5.509478426631019e-13
7.625712258444714e-15
6.338710780096391e-06
5.547641876258601e-05
0.000339643173942583
0.0013654241148167861
0.0037387448509965285
0.007053821745418231
0.0093027638798528
0.008700400640870451
0.005826689575232793
0.0028019589687406808
0.0009902923198774364
0.00034582395852463264
0.00027562893916747907
0.0003210538942375295
0.0002809409353984
0.0001656369697618591
6.514579964290296e-05
1.7077802449068988e-05
2.9837478230115093e-06
8.810495220458004e-07
4.035008553737149e-06
2.0065487585385365e-05
4.686476142321863e-05
0.00011929835430996495
0.0002023976406826444
0.00025533243454372174
0.00034591216445174576
0.0008438637856091017
0.0022323227694693846
0.004279177367619214
0.005523120178790785
0.004756687799986744
0.0027306471038449054
0.0010447559895070478
0.00026640752862563553
8.836195871410855e-05
0.00029119950047987446
0.0012662481172299642
0.0037332010931854353
0.007337596076093628
0.00961529120722201
0.008414851855548022
0.004989009086335052
0.0022177623167245063
0.001149004330967303
0.0009786054299980708
0.0008177718400405785
0.0004873925648978195
0.0002771133602062508
8.483417106426832e-05
1.7313822071269295e-05
4.9800727682772155e-06
2.159463848064886e-05
0.0001160832039703082
0.00041994622670703507
0.0010126205252055165
0.0016273532746993228
0.0017430045161273672
0.00167152977501354
0.0035602630507481445
0.013930013791817446
0.04244207742157726
0.08720277964614265
0.11950824751252286
0.10916460998282998
0.06647845271967695
0.02709867617380465
0.007814942251480838
0.0026610334865810378
0.0024658839194668723
0.0026482926741659106
0.0020065894416603346
0.0010174845093083602
0.0005165235766580661
0.00013322817345516206
2.2902613816689736e-05
2.62395075396869e-06
2.0035854328250654e-07
1.0196276397007459e-08
3.458253953258458e-10
7.817244807335255e-12
1.177692993973421e-13
1.1824751384300054e-15
7.912860212820568e-18
1.5788124648173292e-05
0.00013182470790159902
0.0007103450497731276
0.002608814856914099
0.006589265556861404
0.011560465051608654
0.01421307828665976
0.012306755261976615
0.007499644099435926
0.003196890303892587
0.0009444033073043374
0.00019144189639096838
2.640085096369523e-05
2.460381006399573e-06
1.542122542035477e-07
1.9488365019628033e-08
2.6180427626166265e-05
0.00017046161000671748
0.0007397216130814597
0.0021393981321908184
0.004123789275709166
0.005297645160506642
0.004535767810412392
0.002588214772785928
0.0009843087754976222
0.0002494847192351305
4.214422697361182e-05
4.744754890792682e-06
3.560172327728115e-07
3.7180937690262578e-06
2.760418163434261e-05
0.0001372387959067463
0.00045474687392932367
0.0010042553060695728
0.0014780873364678838
0.0014498985165747064
0.0009478872094473258
0.00041300686328836397
0.00012885993387921806
0.00010082698149357528
0.000452759060358715
0.001158795690228802
0.003412897127255226
0.006702544475019502
0.008772888852320013
0.007660703627261807
0.004505623495800782
0.0019955030546640043
0.0013176318528093389
0.0019561687220961054
0.002772284556373018
0.0030971473325962164
0.0037687772671454465
0.006239282451130258
0.009781749999308304
0.011439820161450152
0.011414252347009999
0.01699761955467592
0.036494101122656934
0.06445024074366942
0.07820846877989145
0.0634943062133161
0.03437192809355141
0.0124016662756147
0.0029822282362745724
0.0004779513043489321
0.00011255886988358696
9.17329015215457e-06
3.3201784864919433e-06
1.8201342414477605e-05
7.808803289983245e-05
0.00022349759275177222
0.000427872915521444
0.0005517793727914096
0.0005005284135912815
0.0003812615456623595
0.00035992240047787925
0.000526095160091637
0.0010199336534179588
0.001936255787186476
0.0028137596798460205
0.002831199491506585
0.002133019755986183
0.0023499296090453412
0.007042060236713974
0.02071526828738815
0.04197224290949844
0.05680386604923344
0.05124349586140159
0.030809549575458638
0.012347222328540955
0.0033079909459962564
0.0011231743500114922
0.0002605720478966334
0.00027782663306026817
0.0004155001423021018
0.0004334926457533884
0.0003019649368828964
0.0001401983757695972
4.338225818094751e-05
8.946700925565697e-06
1.2296888491042286e-06
1.1264426825366889e-07
6.877086859803268e-09
2.7982175065228486e-10
7.588221111724025e-12
1.3714501720098518e-13
1.6519680271308392e-15
1.3261870720372785e-17
7.095605973065091e-20
6.33187698134637e-06
4.4426163491731686e-05
0.00020774314430325137
0.0006474349485230755
0.0013447672545975893
0.0018615712369064081
0.0017174881248374313
0.0010560618982720133
0.0006095191030012763
0.00019058360288356463
3.971598082577559e-05
5.516029753481794e-06
5.105866507595831e-07
3.149878920962616e-08
1.2950895898552835e-09
2.5642195904616237e-06
1.67346786088927e-05
7.278921966953584e-05
0.00021100770598414938
0.00040767221838480664
0.0005249349216250911
0.0004504860661128018
0.00025765513820092756
9.82149954913801e-05
2.495159672576565e-05
4.2247443361263285e-06
4.7674272042357723e-07
3.585496116919941e-08
1.443865645212083e-05
9.823100181382416e-05
0.0004454566457946433
0.001346307059147189
0.002711841813661793
0.0036405427132044353
0.003536183903820376
0.0024140107587818692
0.0010983104300578035
0.00033303705893034146
6.730410687479804e-05
9.065089925723342e-06
9.463902990455513e-07
1.0017715214288524e-06
4.565785767257931e-06
1.4565036556925261e-05
3.097924222836189e-05
4.391501775232393e-05
4.148937528842118e-05
2.612415650840125e-05
1.0962994757007792e-05
5.065145222542187e-06
1.904295377895373e-05
0.00011382759595302694
0.000466917403818323
0.0012772451776808399
0.00232860206992959
0.0028294233990957913
0.0022913010426254925
0.0012366531637548644
0.0004448311801797063
0.0001799482311635094
3.608751706131882e-05
2.306087999634531e-05
7.503969686209124e-05
0.00019524819968242784
0.0003399962078515908
0.0003946210412588479
0.00030525917787031434
0.00015737610287499228
5.433808052252042e-05
1.455349859481704e-05
1.3790773343560107e-05
4.367995265533932e-05
0.00010592275593529088
0.00017190483863839802
0.00018595976158856925
0.00013407037202343926
6.442111473987187e-05
2.0630283968335697e-05
4.4031524726666564e-06
6.263308324263067e-07
5.937797824037304e-08
3.7517040264159535e-09
1.5798406372299314e-10
7.679245126818382e-11
4.691233241743493e-10
1.3015453968799623e-09
4.2902276744145986e-09
9.425067192926027e-09
1.3799715177018424e-08
1.3465960576086219e-08
8.757620118412605e-09
3.795914441635446e-09
1.0965495866441803e-09
2.111162602850676e-10
2.708922878169191e-11
2.316611170168687e-12
1.878037864138901e-07
0.00010960754108600781
0.0009192622436950427
0.005151271188134821
0.019264470059915585
0.048050091432176686
0.07990606622985194
0.08858000367165124
0.06545163439900979
0.03223383869017764
0.010580312885007813
0.0023145878778764064
0.00033746923047884024
3.626575053452882e-05
3.321493044005671e-05
0.00010726803283478318
0.00048708965483585374
0.0014778190660246974
0.0029882923600650234
0.004027230702110043
0.0036171913393979556
0.0021652996403701444
0.0008638653872978932
0.00022969719469805453
4.070491546590231e-05
4.807503082049007e-06
3.784197841868602e-07
1.9852245822405173e-08
6.941079249922524e-10
2.1797518322866585e-08
2.0627222805445825e-07
1.3018991289739166e-06
5.4764104254323584e-06
1.535310392695482e-05
2.868652478753873e-05
3.572244996675077e-05
2.9647363784479597e-05
1.639881537001949e-05
6.091177831034142e-06
1.8516325713908897e-06
1.6338683972305443e-06
4.807904688793452e-06
1.2912260365894263e-05
2.3521590718675094e-05
2.933063499475891e-05
2.6717589853165557e-05
2.0881359184310664e-05
1.6518826612818044e-05
1.224472212445895e-05
7.021448423478257e-06
2.810137942421183e-06
7.747542459333783e-07
2.622402368778077e-07
6.812341296719406e-07
2.3544823299678324e-06
5.5520313534276204e-06
8.730190352464137e-06
9.149184173932573e-06
6.3903213133077425e-06
3.1936267484874914e-06
2.582436723146135e-06
8.575433751819484e-06
2.825927475305648e-05
6.336196429321409e-05
9.476537591243484e-05
9.446425899818445e-05
7.52397503847497e-05
3.8138921297486745e-05
1.288460224498832e-05
2.901049740550603e-06
4.353322909516007e-07
4.353796618128123e-08
2.901996880345755e-09
1.2891613986934788e-10
3.8167981487063624e-12
7.531346709208204e-14
9.90438781808198e-16
8.680888575487493e-18
5.070867637473335e-20
1.974158033088496e-22
5.12227752027026e-25
8.857799419943544e-28
1.0208692610007212e-30
7.8414424742718e-34
4.014240077920306e-37
1.3695953492589117e-40
3.114316529321463e-44
6.273881096936764e-71
0.0
0.0
0.00025445880305409224
0.001759849458883528
0.005098961565559636
0.017932562688157648
0.04204792963591498
0.06578046871871536
0.06897446071319478
0.04953107765569006
0.026715314971683043
0.014022751423068596
0.008744999428906608
0.005169525908100748
0.0023325002478329733
0.0009727528285946851
0.0009132194541647975
0.001602415090459396
0.0029311820433738415
0.005017886128972484
0.006965539622796251
0.006965879826555956
0.004763246824171061
0.002187913439496898
0.0007144911131345995
0.0004104106493644604
0.001171233323852781
0.003245395036026676
0.006087662972478295
0.007637842294560265
0.007137583768104296
0.004886400711290044
0.003284326430804884
0.0038150509830908686
0.0053174352974656456
0.005555385798252209
0.003937039937464068
0.001907913067305144
0.0007544442338140877
0.00047493000131374255
0.0005001916579941504
0.0004452263017987861
0.0003742099193012387
0.0009202536962769454
0.004377595751713678
0.015959835577445486
0.03954209160459866
0.06572926804068475
0.07303694841478119
0.054172411726425125
0.0268370823946638
0.00898313814088505
0.0022366834929533866
0.0006678130100699968
0.00036316564243877534
0.0002604548315057007
0.00019138160415286946
0.0003468195284491709
0.0008114154197303764
0.0015677462191048298
0.0027307437065218093
0.0046011477166631376
0.006617435015806862
0.007018949288468486
0.005125699577610418
0.0025268778663146527
0.0008805334342065835
0.00041975230254246576
0.0007502263604997869
0.0015794986710282574
0.002658261573240325
0.0037244890430371365
0.0043282448643687755
0.003875501918193805
0.0024852590281374052
0.0010949851857144119
0.00032540507772413043
6.474541841875668e-05
8.600565848273786e-06
7.619212242593377e-07
4.4996797951147796e-08
5.446965581801502e-09
3.0301524800884487e-06
5.181711564752882e-05
0.0003177922382020497
0.0013176358838510077
0.0036901897371821282
0.0069728655187440884
0.008878133136990086
0.007606581794963609
0.0043795670235484046
0.0016923714519326656
0.0004384117053280234
7.60585821027821e-05
1.7736767045237447e-05
6.0580993854264944e-05
0.0003376561667216625
0.0012493316160662798
0.0035256401966465662
0.007661897476877124
0.012489675271240334
0.014653784279741431
0.011959027167001689
0.0066471332077241395
0.0024915630876898506
0.0006472417395044206
0.0002155272205055576
0.00027579950252154875
0.0006073275036331818
0.0009757321720251177
0.0010537946329118482
0.0007771708026694832
0.00042316603925198057
0.0002129408977895096
0.00012293925373851677
7.480955959058429e-05
8.14109035841481e-05
0.0003113190509937236
0.0011707176188733492
0.0030079411037555164
0.0051572909302606655
0.00589363915602151
0.0044887810587267854
0.0022785309086814434
0.0007708377537937926
0.00017380112311238908
2.611702640267556e-05
2.6156306984397115e-06
1.4729228222375412e-06
8.536129622557848e-06
3.7336051454767215e-05
0.0001089349653788676
0.00017861229600661622
0.0002714419296638108
0.00030051892352076523
0.00030479693182003517
0.0003704036938534182
0.0004577316083385987
0.000433098626796577
0.00028183299861507337
0.00012301612412128027
3.583180990866242e-05
6.95772293998604e-06
9.004692775492412e-07
7.767057956339366e-08
4.465052788530195e-09
1.7107177752996926e-10
4.3682925919452206e-12
7.434069673638829e-14
8.431854108421325e-16
8.13989433347728e-08
7.309436238134264e-07
4.374521395917328e-06
1.744852645382265e-05
4.638403392136149e-05
8.217880528479521e-05
9.703595378297425e-05
7.636372112070936e-05
5.195462474190339e-05
2.079127853717359e-05
5.596921333751903e-06
1.3785681289987813e-06
2.106987414670089e-06
6.728491379173629e-06
1.5119587377010976e-05
2.26731410507355e-05
3.621276298462392e-05
0.00013341632933560615
0.0006952142559546472
0.0026721715651084024
0.0069020476859992476
0.011889077525037699
0.013649630728172416
0.010444238854990092
0.005326161841527707
0.0018102288406213782
0.0004100474823111973
0.00010699646393336533
0.0003135017496508112
0.0013958989105318435
0.004223832197068539
0.008520538551831405
0.011460490224868147
0.010305834703794408
0.007751607618633769
0.0040512598160713925
0.002742521722205594
0.0036388266062674724
0.005061811283127547
0.0056242711745626795
0.005198753960133087
0.004813299463139826
0.005363939993900714
0.0060696395082849575
0.005347519825640995
0.0032760374555962208
0.0013614162103565092
0.0004383884182468316
0.00039062230423614287
0.0010723649595348473
0.0023450210834580526
0.0034428693799241133
0.0033746217045426763
0.0022381109580941467
0.0011732733789589598
0.0010665994222732763
0.00196331183042486
0.0030852801179184655
0.003307922088967069
0.0023692690718471877
0.0015154843197711897
0.0005565239985565508
0.00014174460531195165
3.2963994891545486e-05
3.437200597692857e-05
0.0001430401292193354
0.0004949319455630042
0.001159966483634945
0.0018143752136337
0.0018916648940933759
0.0013144611251167911
0.0006087420224777241
0.00018788859035470082
3.8649963246247246e-05
5.298821758073247e-06
4.841624286497346e-07
2.948386452139631e-08
1.1966283210278356e-09
3.2367987350441285e-11
5.835172004656206e-13
7.0108903886868224e-15
5.61402368124502e-17
2.9961037728746572e-19
1.694484350209312e-07
1.0925603869640235e-06
3.0210058692416542e-06
9.905172366620943e-06
2.1644823758452206e-05
3.160198924649681e-05
3.130054657087185e-05
2.396677217959505e-05
2.503969135048759e-05
4.5960447635128794e-05
7.690336776408765e-05
8.95509771338066e-05
6.983723836818854e-05
3.631751652567718e-05
1.2587861222629544e-05
2.9078502809579805e-06
1.5281979780244093e-06
9.008716104370544e-06
4.95524497106093e-05
0.000182563671932328
0.00044830336557477997
0.0007336881703727812
0.0008002627212724482
0.0005817484095185175
0.000281850864241927
9.111792714228298e-05
2.0305821265419297e-05
5.989191196317807e-06
7.44480243046499e-06
9.957681529872313e-05
0.0006632031667150952
0.0032676738791291753
0.010974923969251985
0.02467806031995407
0.03701606554943198
0.037015180135844115
0.02470371873974373
0.01119113097759266
0.004181664795414047
0.00312048580199414
0.004451533659114865
0.00513619327787403
0.004036566786773912
0.002214002612522468
0.001088079376631527
0.0008659990034351548
0.0009213822439435498
0.0007682353361311045
0.00043639675054937956
0.0001656598729984706
4.353435254197788e-05
1.7869907197295277e-05
4.9087752635170095e-05
0.00014400532279086966
0.00023797233639061882
0.0003606874304799975
0.00036436088218265515
0.0002463639509031205
0.00011888197457796492
8.223374527338825e-05
0.00019157557857078358
0.0004660756571389288
0.0007840875194835104
0.0008855945057442365
0.0006704100170874966
0.0003400817488374944
0.00011557843954224541
2.6309741530425623e-05
4.0103531155028555e-06
4.0920744535299166e-07
2.794220495695906e-08
1.276415486224542e-09
3.899382313272742e-11
7.964033199683544e-13
6.8328502245008016e-06
5.15181275238169e-05
0.00025888199775203505
0.0008794896486525018
0.0020142701270053904
0.002854159618954879
0.003690379044487412
0.003761182904830605
0.0032890513091088057
0.002444361105908893
0.0014125161478149065
0.0005888901095144599
0.00017169259713844224
3.4991604664524225e-05
5.3510794422743e-06
3.0302799990860535e-06
5.5881813155340245e-05
0.00037159878187539494
0.001830153312101353
0.0063398970390439735
0.016107879445726794
0.03144668860564936
0.049095643166163716
0.06084999309154035
0.05703095332258773
0.03866624257812922
0.018848414591311584
0.006986051989394731
0.002252095441795234
0.000867216352608705
0.0009070638332052933
0.0013779723648193825
0.0022296889545597933
0.002499078167418574
0.001928372634697057
0.0011301220746784241
0.0006611205165829732
0.000462181485537384
0.00030006143807311263
0.0001429822066384314
4.6459725670347736e-05
1.0151039508484048e-05
1.4955608890469475e-06
1.5056815264191643e-07
1.06605300634614e-08
5.577585884251347e-10
2.284121997008046e-11
9.353330446932245e-08
7.776931062446593e-07
4.309582798745892e-06
2.1459333760198643e-05
7.565006500183745e-05
0.00022422264520549005
0.0005472188603861788
0.0010347325347138895
0.0014662303215333993
0.001565468688283085
0.0014240275659784668
0.0010967170823678683
0.0009607252263718228
0.0011540429457905245
0.001430922270171685
0.0015846231768092895
0.0018094401845438408
0.002326215965807977
0.0028301296155146794
0.002695039078151395
0.0018335180547981666
0.0008656460363323712
0.00030416002027533137
0.00016063501774988306
0.0002515531373145352
0.00040149549140612687
0.000450180120967264
0.0003433234087934871
0.0001774054420356776
6.224156954330141e-05
1.6753105622954458e-05
1.3927237301154127e-05
4.210928321490824e-05
0.00010062186613173479
0.00016226147112576643
0.00018110339965351902
0.00017743709652137782
0.00023274595358576457
0.0005011154611993317
0.0009952078848428697
0.0014679511611366627
0.0016536749541609535
0.0015274870716887137
0.001182018903970401
0.0007579521575301849
0.0005542194544720485
0.0008828776586991071
0.001710249974855625
0.002416124467965643
0.0022957094734325344
0.0014550479778344208
0.0006146896084721585
0.00017320107707523806
3.345714403139574e-05
8.920409245033718e-06
1.637833028156405e-05
3.5308284209394925e-05
5.1746262896652726e-05
5.056881190422826e-05
5.074666099452136e-05
0.0001699438000460229
0.0005336317803920869
0.0023437957567088515
0.006937686350604351
0.01369407938104873
0.018015427808014104
0.015796075908170802
0.009233018393543709
0.003608773532806974
0.0009816330220515238
0.000286781222497899
0.00027457534700963673
0.0004237533851071003
0.000540833228667487
0.0005047705410591443
0.0003280726016358234
0.00014488967654174574
4.299722743104103e-05
8.532927985284225e-06
1.1301676105877585e-06
9.981994193827098e-08
5.87725918295623e-09
1.1336966879959295e-05
8.810595093522706e-05
0.00046031915220500234
0.0016174053558010491
0.0038228612279821977
0.005442420991943636
0.0066436946724608105
0.005454485540492459
0.003010680430444211
0.0011166738522990557
0.00027815095274135284
4.649875059068316e-05
5.213256148477451e-06
3.9172693719607546e-07
1.9713924213795436e-08
6.640538285305837e-10
1.4963074914634315e-11
1.8822852493159135e-07
1.542337795495902e-06
8.422783363459146e-06
3.065584622295992e-05
7.436225229904562e-05
0.00012021905502735081
0.00012953157096618983
9.301639499412186e-05
4.451690091134316e-05
1.4474526480241148e-05
5.0245121073913605e-06
1.0177262549249073e-05
3.162202236512264e-05
6.818371725787891e-05
9.090478855622804e-05
9.979704316168437e-05
7.848079329782303e-05
8.722412400366659e-05
0.00033665009874315544
0.0013669568398403152
0.00381724766194877
0.007116136494891934
0.00884212760589138
0.007322388136922527
0.004041386255568547
0.0014865842518535354
0.00036444352944233616
5.954598836287128e-05
6.4841987885758875e-06
4.705889025477478e-07
2.276190415437288e-08
7.040816529168416e-07
5.752202263537118e-06
3.1861284590376776e-05
0.00011760124848559615
0.0002937390078739654
0.0005032966500336527
0.000605223249250721
0.00052784207897725
0.00041041280264055615
0.000225664567845196
9.57830664667346e-05
3.10773201863304e-05
7.596978136753527e-06
3.812313951543882e-05
0.0002912008323934529
0.0015362790219092801
0.005404987700952744
0.01267376673230476
0.019806071870487503
0.020628732389897084
0.014319514100662518
0.006624690133142929
0.002042605067685259
0.00041974428248321016
5.7486612974095674e-05
5.24723122009959e-06
3.1920907561651996e-07
2.0990926602450515e-08
5.7735073065252375e-08
2.726820300219049e-07
9.05786987985857e-07
2.090405608053022e-06
3.695007635345915e-06
5.587968533837126e-06
6.905009869984852e-06
8.129650807337894e-06
7.1983253727645695e-06
4.458790255424426e-06
1.8727750253539554e-06
5.273430629040705e-07
9.916100769428404e-08
3.8312756271556955e-06
3.016416819126842e-05
0.00015878262621052327
0.0005570713306896766
0.0013025678036124434
0.0020298849328422397
0.0021082594170403163
0.0014593458451838202
0.0006734410174979288
0.00020871549896016902
5.128240938941705e-05
3.7049267232714226e-05
9.580732083895318e-05
0.00027509742876670977
0.0008946880604078487
0.0026178427851328706
0.005620369676553689
0.008243714411700666
0.008109656619026493
0.0064096851866995656
0.0032141534308574122
0.0010755316798255871
0.00024149443807223233
3.840955525679849e-05
8.642289466276203e-06
1.3188840318494921e-05
2.8022330673496428e-05
4.2125232676431596e-05
4.2481291912954626e-05
2.8576896652023062e-05
1.2813473953675308e-05
3.829196633388652e-06
7.626601085488329e-07
1.0123625864152931e-07
8.956177887865493e-09
5.280692590510597e-10
1.5009085785007573e-06
1.3629917710065202e-05
8.249350299885384e-05
0.0003327574773961115
0.0008945764251209868
0.0016028342825051265
0.001913997406237044
0.001523265985731937
0.001044159347246428
0.0004225857397401467
0.0001140257676912976
2.061898398482487e-05
2.690655431670397e-06
4.814541177471083e-07
2.40604077672609e-07
1.2406784523409906e-07
4.431356448051419e-08
1.0576131073525898e-08
1.6825705451412756e-09
1.7840467168843225e-10
4.403001335303748e-06
3.7519693189456476e-05
0.00021872118763260524
0.000849285731225235
0.0022481010433942593
0.004127966120814238
0.0053943989526676495
0.00516490327423625
0.003693917437236673
0.001967332379933125
0.0007623583339155014
0.0002088168810046685
3.949338432020133e-05
5.079842522886064e-06
1.261025214260582e-06
2.0047445152393832e-06
1.1309088912398104e-05
4.4014024383383065e-05
0.00014223494333017657
0.00041144564851454683
0.0013187303258182603
0.0038867488110866945
0.00854599994489674
0.013015214699235875
0.013636737657033174
0.010068737475675212
0.005495057778877789
0.002342873923775985
0.0007978127587833078
0.00021014641763036576
4.230422553384024e-05
1.872626711519803e-05
6.260557436362727e-05
0.0002382861419490623
0.0007438605988576013
0.0017642577021615617
0.0029784962997818874
0.0034485315217951925
0.002692144126502897
0.0014071371691142139
0.0007295688027105069
0.00019436418671512327
3.452301469974991e-05
4.1440660233788685e-06
6.936871467412356e-07
1.6399980275983726e-06
4.742688692721195e-06
9.262069397443377e-06
1.2105894915185348e-05
1.0644095573326775e-05
6.49915803202058e-06
3.2794926211465315e-06
2.1650686584219662e-06
1.924547059946653e-06
1.4442929707027356e-06
7.539597876261552e-07
2.640511061691264e-07
6.169380592825581e-08
9.608200485797572e-09
9.9731890959257e-10
6.899365080668566e-11
3.181016951829809e-12
9.774722249958657e-14
5.209155615651456e-07
3.459126663970918e-06
1.530901146686412e-05
3.296431169715475e-05
7.432545317088927e-05
0.00011218188233397887
0.00011453232648541125
8.971876350798811e-05
9.968638953214435e-05
0.0002767258900110968
0.0008051740492003139
0.0016834811770897304
0.0024249447136950705
0.0024782349732219234
0.0020617842016112074
0.0018805423532331806
0.0020165606346053975
0.001991709540056583
0.0020878801493732766
0.003769513848239226
0.008071947211687488
0.013171814882854856
0.01498188160201951
0.011851850452935816
0.006580870921587436
0.0025868315441353136
0.0007334438610941649
0.00017661310728047812
8.798969228482074e-05
6.089875375435499e-05
4.8630268581994346e-05
3.603535202763605e-05
2.8741714146814115e-05
3.153915504270417e-05
5.97773717709969e-05
0.0001245038709144807
0.0001935239713843362
0.00020472470681433353
0.00014521050079207892
7.102582624496218e-05
4.045748879780999e-05
0.00010690537596590415
0.000384799281598679
0.0009908964769579306
0.0017656425092057232
0.002183703835235182
0.0018776938317354662
0.0011206113494113107
0.0004620400353399515
0.00013078945252342989
2.5250678770079267e-05
3.305219024213675e-06
2.919098406036351e-07
1.733058619112724e-08
2.112384251553473e-09
4.625252557691359e-08
3.0825975378964767e-07
1.371136082699567e-06
4.064692300624328e-06
8.030754387475146e-06
1.2265495950104418e-05
3.309577027070649e-05
0.0001421921589715948
0.0005633702030384724
0.0016181913512094304
0.0033088221411822463
0.004911899460793168
0.005527039361624024
0.004931004666424872
0.0035098876866518584
0.001913509939547364
0.0007692714120017499
0.0002502712699190587
0.00010870409150326884
7.753982939562227e-05
5.026663500716582e-05
2.2783347476912446e-05
6.9239218194837e-06
1.4779355790348102e-06
7.344614864314341e-07
1.678217285418822e-06
6.094681317069749e-06
1.509679041286291e-05
2.4933759343854363e-05
2.7714467178359453e-05
2.238090709341681e-05
2.2360516984555076e-05
4.968766000815638e-05
0.00011592085019679548
0.0001912669056585398
0.00021572012049778948
0.00017672910189809912
0.00012822972427298723
0.00010466440295635146
8.647295638698143e-05
5.933260981426348e-05
3.9547359882447416e-05
3.8240063893967326e-05
4.237603645643082e-05
3.6244554108989745e-05
2.260256345228338e-05
1.528851323057179e-05
2.7265461176953336e-05
8.045506468328657e-05
0.0002806703132451711
0.000618134963467412
0.0015956674091008186
0.0028535790376168733
0.0034391644073087355
0.0027910584822744755
0.0015576240398768985
0.0006447729431459339
0.00024163309040207574
0.00013513412590930793
0.0002353111107357133
0.0006200495623931118
0.001293573877613311
0.0019598690212590513
0.002146046078290957
0.0016859374263606943
0.0009372133228939106
0.00036348439615982474
9.784011227878604e-05
1.91716039050526e-05
1.4000415731226028e-05
6.703565477587761e-05
0.00028304416339912424
0.0008103267860371013
0.0015489713935497003
0.00197404432752415
0.0016771033890225218
0.0012010044035782382
0.0005192257425608437
0.00014972032747566212
2.8820549846477094e-05
4.47012047970629e-06
7.094927860021798e-06
4.063781331327934e-05
0.00016444698026490452
0.00044755799204147757
0.0008162765415123079
0.0009956340852137612
0.0008110972487893577
0.0004409642427294586
0.0001610298765181468
4.779017549378655e-05
5.5694404545997144e-05
0.00017938374161940947
0.00043041132881420135
0.0006966096487607744
0.0007826972904885016
0.0007473234455236803
0.000989974365523124
0.0017594946072798827
0.0026473759999226755
0.002966629434828902
0.0026789005914269995
0.0024494006162124136
0.0023372230317238465
0.0022317629275254917
0.0017130405998548003
0.0009469263636327038
0.0004070388620547278
0.00026797861083528984
0.000402576475895528
0.0005859308520968172
0.0006086826774157834
0.00043378223693648856
0.000214747246486668
0.00010476040310512756
0.00022864597123678325
0.000880792365464367
0.0024343797498952422
0.004542487044134613
0.005899918039162328
0.005915598385154335
0.005621778909613449
0.005543053652118644
0.00474631849707374
0.0029718759317752066
0.0012731131724184686
0.0003695719517478567
0.0001361342443473986
3.8845052689846144e-05
3.197099263820169e-05
3.027248496767941e-05
2.113652863746443e-05
1.2881943724503459e-05
1.0846343271199407e-05
1.1740114890419172e-05
1.20795362020145e-05
1.4968592499898997e-05
2.697381929552624e-05
5.571167684693113e-05
0.00014967124307705456
0.00045947543929289355
0.0011358303972267318
0.0019700678026067513
0.002378271207635594
0.002268456380492848
0.0026595741600106836
0.004632531332109825
0.007451338142915257
0.008617177030080933
0.0068890014777453
0.003993413139839654
0.0021388125679785907
0.0015742859390325131
0.001429843040041602
0.0010633321387036074
0.0005801398772537152
0.00024130873154860414
9.213637300551406e-05
6.198598129537492e-05
0.00016325025084462267
0.000503823061492731
0.0010935810938527582
0.0016207465649974273
0.0017202334506300975
0.0015153433948305716
0.0014185481063023163
0.0015264234933240718
0.0016012189765693815
0.001400457509429781
0.0009266650395006701
0.00043667975213627897
0.0001416797900402906
3.111701622774292e-05
4.58920766414814e-06
3.1883550034226425e-06
2.1398264391415988e-05
0.00011124549913284455
0.0003859788678244466
0.0008927755918435013
0.001246755635378248
0.0014709509360940937
0.001173087346595426
0.0006688597512463523
0.00033631114337382486
0.00020514223880695314
0.00013579567185412366
7.078492014904752e-05
2.552415291587542e-05
6.242844135502576e-06
1.3394080356501713e-06
1.2392566094946437e-06
2.501456217387852e-06
3.6619648575268716e-06
3.5831925147054497e-06
2.3369452559891244e-06
1.0158037584089348e-06
2.942745358000775e-07
5.681684328149352e-08
3.549729721962923e-06
2.3122174591890187e-05
0.00010058092373336586
0.0002916054128691871
0.0005634524109042981
0.0007256053094699471
0.0006227726043164701
0.00044899286789367
0.00019989338112663308
8.2982806770604e-05
0.00012563557412072928
0.0003398400382880698
0.0006683720859122747
0.0008813503581260357
0.0007758795036714696
0.00045574317968186947
0.00017857368898890644
4.6667446295614437e-05
8.133129700259516e-06
9.451668349262114e-07
7.323764075894696e-08
3.783631629460265e-09
1.3031957023168018e-10
2.9923859827423944e-12
4.580535868242546e-14
4.674028927571654e-16
3.1792928961443834e-18
1.441527531830163e-20
4.3567157319306664e-23
8.77669946430241e-26
1.1785061461637838e-28
1.0547630832694978e-31
7.819119762306067e-34
3.5590991644394765e-37
1.0797717081392021e-40
2.1781001022255624e-44
0.0
0.0
0.0
0.0
0.0
0.0
0.0
0.0
0.0
0.0
0.0
0.0
0.0
0.0
0.0
0.0
0.0
0.0
0.0
0.0
0.0
0.0
0.0
0.0
0.0
0.0
0.0
0.0
0.0
0.0
0.0
0.0
0.0
0.0
0.0
0.0
0.0
0.0
0.0
0.0
0.0
0.0
0.0
0.0
0.0
0.0
0.0
0.0
0.0
0.0
0.0
0.0
0.0
0.0
0.0
0.0
0.0
0.0
0.0
0.0
0.0
0.0
0.0
0.0
0.0
0.0
0.0
0.0
0.0
0.0
0.0
0.0
0.0
0.0
0.0
0.0
0.0
0.0
0.0
0.0
0.0
0.0
0.0
0.0
0.0
0.0
0.0
0.0
0.0
0.0
0.0
0.0
0.0
0.0
0.0
0.0
0.0
0.0
0.0
0.0
0.0
0.0
0.0
0.0
0.0
0.0
0.0
0.0
0.0
0.0
0.0
0.0
0.0
0.0
0.0
0.0
0.0
0.0
0.0
0.0
0.0
0.0
0.0
0.0
0.0
0.0
0.0
0.0
0.0
0.0
0.0
0.0
0.0
0.0
0.0
0.0
0.0
0.0
0.0
0.0
0.0
0.0
0.0
0.0
0.0
0.0
0.0
0.0
0.0
0.0
0.0
0.0
0.0
0.0
0.0
0.0
0.0
0.0
0.0
0.0
0.0
0.0
0.0
0.0
0.0
0.0
0.0
0.0
0.0
0.0
0.0
0.0
0.0
0.0
0.0
0.0
0.0
0.0
0.0
0.0
0.0
0.0
0.0
0.0
0.0
0.0
0.0
0.0
0.0
0.0
0.0
0.0
0.0
0.0
0.0
0.0
0.0
0.0
0.0
0.0
0.0
0.0
0.0
0.0
0.0
0.0
0.0
0.0
0.0
0.0
0.0
0.0
0.0
0.0
0.0
0.0
0.0
0.0
0.0
0.0
0.0
0.0
0.0
0.0
0.0
0.0
0.0
0.0
0.0
0.0
0.0
0.0
0.0
0.0
0.0
0.0
0.0
0.0
0.0
0.0
0.0
0.0
0.0
0.0
0.0
0.0
0.0
0.0
0.0
0.0
0.0
0.0
0.0
0.0
0.0
0.0
0.0
0.0
0.0
0.0
0.0
0.0
0.0
0.0
0.0
0.0
0.0
0.0
0.0
0.0
0.0
0.0
0.0
0.0
0.0
0.0
0.0
0.0
0.0
0.0
0.0
0.0
0.0
0.0
0.0
0.0
0.0
0.0
0.0
0.0
0.0
0.0
0.0
0.0
0.0
0.0
0.0
0.0
0.0
0.0
0.0
0.0
0.0
0.0
0.0
0.0
0.0
0.0
0.0
0.0
0.0
0.0
0.0
0.0
0.0
0.0
0.0
