a = 9.152256958862129 b = 5.080866592568874 c = 9.386569096714654 ,Gaussian ,LMH = 0.08 ,DW = [1.4 1.4 1.4]
0.0
0.0
0.0
0.0
0.0
0.0
0.0
0.0
0.0
0.0
0.0
0.0
0.0
0.0
0.0
0.0
0.0
0.0
0.0
0.0
0.0
0.0
0.0
0.0
0.0
0.0
0.0
0.0
0.0
0.0
0.0
0.0
0.0
0.0
0.0
0.0
0.0
0.0
0.0
0.0
0.0
0.0
0.0
0.0
0.0
0.0
0.0
0.0
0.0
0.0
0.0
0.0
0.0
0.0
0.0
0.0
0.0
0.0
0.0
0.0
0.0
0.0
0.0
0.0
0.0
0.0
0.0
0.0
0.0
0.0
0.0
0.0
0.0
0.0
0.0
0.0
0.0
0.0
0.0
0.0
0.0
0.0
0.0
0.0
0.0
0.0
0.0
0.0
0.0
0.0
0.0
0.0
0.0
0.0
0.0
0.0
0.0
0.0
0.0
0.0
0.0
0.0
0.0
0.0
0.0
0.0
0.0
0.0
0.0
0.0
0.0
0.0
0.0
0.0
0.0
0.0
0.0
0.0
0.0
0.0
0.0
0.0
0.0
0.0
0.0
0.0
0.0
0.0
0.0
0.0
0.0
0.0
0.0
0.0
0.0
0.0
0.0
0.0
0.0
0.0
0.0
0.0
0.0
0.0
0.0
0.0
0.0
0.0
0.0
0.0
0.0
0.0
0.0
0.0
0.0
0.0
0.0
0.0
0.0
0.0
0.0
0.0
0.0
0.0
0.0
0.0
0.0
0.0
0.0
0.0
0.0
0.0
0.0
0.0
0.0
0.0
0.0
0.0
0.0
9.856646500465067e-34
6.245602008243909e-33
2.6375516861105387e-32
7.423508327511891e-32
1.3925120735919601e-31
1.7408858159996945e-31
1.4505181003576236e-31
8.054852024430567e-32
3.133320341619649e-32
1.7337612237932007e-32
4.4850589029941643e-32
1.2726606641331329e-31
2.4684070885329424e-31
3.1938997779586578e-31
2.75437514518765e-31
1.991860309373112e-31
8.73501948115e-32
2.552997730433807e-32
4.9730007855449104e-33
6.4560691757700305e-34
5.585979925457203e-35
3.221158641756133e-36
1.237959412375202e-37
3.170897811422936e-39
5.413020034426975e-41
6.158551406726502e-43
4.669808330237547e-45
2.359940689681821e-47
7.948490680579884e-50
1.7842257324769954e-52
2.6692944037347504e-55
2.6614891590779475e-58
1.7686197697641465e-61
7.832957988348653e-65
2.312057695649705e-68
4.548341716048958e-72
0.0
0.0
0.0
0.0
0.0
0.0
0.0
0.0
0.0
0.0
0.0
0.0
0.0
0.0
0.0
0.0
0.0
0.0
0.0
0.0
0.0
0.0
0.0
0.0
0.0
0.0
0.0
0.0
0.0
0.0
0.0
0.0
0.0
0.0
0.0
0.0
0.0
0.0
0.0
0.0
0.0
0.0
0.0
0.0
0.0
0.0
0.0
0.0
0.0
0.0
0.0
0.0
0.0
0.0
0.0
0.0
0.0
0.0
0.0
0.0
0.0
0.0
0.0
0.0
0.0
0.0
0.0
0.0
0.0
0.0
0.0
0.0
0.0
0.0
0.0
0.0
0.0
0.0
0.0
0.0
0.0
0.0
0.0
0.0
1.4342566087763066e-08
9.542524250303847e-08
4.231372245193756e-07
1.2504914942266565e-06
2.462985182976668e-06
3.2331392099802397e-06
2.8285805976980984e-06
1.649279495848895e-06
6.409165845891138e-07
1.659932040097508e-07
2.8652376817186323e-08
3.296192360979333e-09
2.5272371163538536e-10
1.2914005947456894e-11
4.3980232521592e-13
9.982414712358517e-15
1.5100636164805283e-16
1.5224268244052245e-18
1.0229611942938521e-20
4.5810331995330235e-23
1.367254203900195e-25
2.719672711859076e-28
3.6055005679199585e-31
3.472954109995904e-33
2.3412648750944764e-36
1.0519221565651213e-39
3.1499104263012463e-43
6.286289150918652e-47
0.0
0.0
0.0
0.0
0.0
0.0
0.0
0.0
3.625397736833988e-06
2.7046076216735558e-05
0.00013447279260740962
0.0004456009711033747
0.0009841003390879829
0.00144848560133912
0.0014209229593238743
0.0009289844168902972
0.00040478822865826393
0.00011755168761365514
2.2751572058622572e-05
2.9347796602162722e-06
2.523022588926845e-07
3.922705982732908e-08
1.7148809520478095e-09
4.996475282570224e-11
9.702308025451235e-13
1.255648035604501e-14
1.0830346039650587e-16
6.225844833211644e-19
2.3852604123224652e-21
6.090526768647785e-24
1.0364669553702125e-26
1.1755405451905217e-29
8.885897788132504e-33
4.4765821854520565e-36
1.503049761505213e-39
3.3634246608417827e-43
0.0
0.0
0.0
0.0
0.0
0.0
0.0
0.0
0.0
0.0
0.0
0.0
0.0
0.0
0.0
0.0
0.0
0.0
0.0
0.0
0.0
0.0
0.0
0.0
0.0
0.0
0.0
0.0
0.0
0.0
0.0
0.0
0.0
0.0
0.0
0.0
0.0
0.0
0.0
0.0
0.0
0.0
0.0
0.0
0.0
0.0
0.0
0.0
0.0
0.0
0.0
0.0
0.0
0.0
0.0
0.0
0.0
0.0
0.0
0.0
0.0
0.0
0.0
0.0
0.0
0.0
0.0
0.0
0.0
0.0
0.0
0.0
0.0
0.0
0.0
0.0
0.0
0.0
0.0
0.0
0.0
0.0
0.0
0.0
0.0
0.0
2.4706319533597267e-34
1.6177943947783372e-33
4.519610768627133e-33
1.50493896713975e-32
3.3397832968783396e-32
4.939684798468492e-32
4.869246208242134e-32
3.198937685435898e-32
1.4006556383660802e-32
4.087318827060206e-33
7.949269223003889e-34
1.0303800561980346e-34
8.90121375581472e-36
5.124866597695384e-37
1.9665158349082343e-38
5.029141774350449e-40
8.571796616759528e-42
9.737139350460766e-44
7.371781613177036e-46
3.7195901128998673e-48
1.2508327871778936e-50
2.8033994040960925e-53
4.187475171296169e-56
4.168704023806464e-59
2.7658678500783086e-62
1.2230475417600057e-65
3.604431696652434e-69
1.2740895909162636e-71
0.0
0.0
0.0
0.0
0.0
0.0
0.0
0.0
0.0
0.0
0.0
0.0
0.0
0.0
0.0
0.0
0.0
0.0
0.0
0.0
0.0
0.0
0.0
0.003690271175012451
0.025560969657174793
0.07413515742922115
0.26112342790312676
0.6129838191975259
0.959033397259851
1.0
0.6949408113053093
0.32186754097040116
0.09935462657235192
0.020439984253290154
0.0028025577246698196
0.0002561003219711506
1.559722117030419e-05
6.33090628498018e-07
1.7126400164639944e-08
0.00014535294685631456
0.0013244336867267357
0.008043018436226047
0.03255288315647614
0.08780947948056537
0.15786101624696064
0.18914285233093553
0.15103810286616673
0.08038308282652787
0.02851178072918173
0.006740088125767557
0.0010619115772101783
0.00024725081748220944
1.9809024867093762e-05
1.0577182709189582e-06
1.019452751315499e-06
7.364114239418584e-06
3.6803499418616074e-05
0.00012260031360655305
0.0013326500089911187
0.008170311422717168
0.0383161879309037
0.12363147213707915
0.26762847629308617
0.3866352361790233
0.372366209492107
0.23902565851303664
0.10225985084826802
0.029157367399834728
0.005540809369383566
0.0007017455961794736
5.923354696503514e-05
3.332248128753392e-06
1.24936252382625e-07
3.1219156491944706e-09
5.199186580661916e-11
5.770735772767152e-13
2.291901280793138e-14
1.2935829243354577e-16
4.866023356020288e-19
1.2199320812064803e-21
2.038349559700898e-24
2.2698863902246423e-27
1.7034235420937015e-30
5.090846675113131e-32
8.901224323745776e-32
1.054522577719203e-31
8.326162968902204e-32
4.3814259901953693e-32
1.5366239620880886e-32
3.591710056396539e-33
5.595211250274916e-34
1.2240649428280575e-34
4.499549133343674e-34
2.0608792724001708e-33
6.346541458997786e-33
1.3026913525355207e-32
1.782082762272664e-32
1.6247844743748797e-32
9.872910495934632e-33
3.998307461803559e-33
1.0791671656639304e-33
1.941255982430376e-34
4.937567621969837e-35
4.516580142238622e-36
2.753518084650785e-37
1.1187877277068007e-38
3.0296258844633278e-40
5.467790418904363e-42
6.576824678898221e-44
5.2723255434589006e-46
2.816888908763997e-48
1.003041194230406e-50
2.380396853481896e-53
3.7649699449982485e-56
3.968763391039735e-59
2.788241908288447e-62
1.305531158017518e-65
4.074042733763968e-69
8.473161168195066e-73
1.961439411854243e-09
1.7631490974092477e-08
1.0562937959866058e-07
4.2175667726382403e-07
1.1223304690791397e-06
1.990494985146187e-06
2.3527889422420503e-06
1.853473585802688e-06
9.73131162600404e-07
5.055090010134675e-07
1.3496353730249095e-07
2.4015164166473926e-08
2.8479752808358606e-09
2.250963326532396e-10
1.18572007130333e-11
4.1627226082055486e-13
9.739896012404048e-15
1.5188424154536206e-16
1.5785293514518664e-18
1.0933876261311268e-20
5.047510091423659e-23
1.552965472811077e-25
3.184524512509801e-28
2.8549840324316435e-07
2.2279403931311886e-06
1.1587373325609258e-05
4.016501926477436e-05
9.278814830790084e-05
0.00014286261145189132
0.0001465973802191439
0.00010025715632713952
4.569683308687039e-05
1.3881563135081025e-05
2.8104262302600513e-06
3.7921678840162255e-07
7.962791174261979e-08
5.463655053023433e-09
2.4985196342126396e-10
7.6148930657105e-12
1.5467723483500842e-13
2.093970400375947e-15
1.889279557028184e-17
1.1360657329477194e-19
4.552943320137781e-22
1.2160812021066838e-24
2.1647834299560717e-27
2.5683126030614824e-30
2.0307799129048413e-33
1.0701862907290689e-36
3.758698198066246e-40
8.798265765970477e-44
0.0
0.0
0.0
0.0
0.0
0.0
0.0
0.0
0.0
0.0
0.0
0.0
0.0
0.0
0.0
0.0
0.0
0.0
0.0
0.0
0.0
0.0
0.0
0.0
0.0
0.0
0.0
0.0
0.0
0.0
0.0
0.0
0.0
0.0
0.0
0.0
0.0
0.0
0.0
0.0
0.0
0.0
0.0
0.0
0.0
0.0
0.0
0.0
0.0
0.0
0.0
0.0
0.0
0.0
0.0
0.0
0.0
0.0
0.0
0.0
0.0
0.0
0.0
0.0
0.0
0.0
0.0
0.0
0.0
0.0
0.0
0.0
0.0
0.0
0.0
0.0
0.0
0.0
0.0
0.0
0.0
0.0
0.0
0.0
0.0
0.0
0.0
1.6192975829225476e-07
1.1026959923204143e-06
5.004566597037019e-06
1.5137658302104188e-05
3.0516341823112137e-05
4.100037153619681e-05
3.671340470496577e-05
2.1910035406572028e-05
8.714511457784463e-06
2.310066910483551e-06
0.0003095482876358316
0.001962058692460312
0.008301082830894608
0.023410948096941636
0.04403275367815179
0.055294989507615355
0.0464959169936697
0.026378114334961428
0.010287834284231431
0.0028765664714241503
0.0006203117444022227
0.00011088286121582156
1.6437980969178547e-05
1.8810455824121068e-06
1.544139315540431e-07
2.372371565735074e-08
1.0315298748419639e-09
3.008859133584466e-11
5.863834052770912e-13
7.623421548687578e-15
6.607739955146176e-17
3.817641341407644e-19
1.4700784941622596e-21
3.77290282097096e-24
6.45350016330246e-27
7.356948762378613e-30
5.589617868555958e-33
2.8304026144000727e-36
9.552034932459535e-40
2.1484497211902785e-43
0.0
0.0
0.00010552146897914964
0.0008999380270385938
0.005115238957578113
0.019377636187956543
0.048923466016239495
0.08232186201256914
0.09231976725434805
0.0690010604032842
0.03437149143231538
0.017246177913038716
0.004425918302012798
0.0010911695159561067
0.0014975591015390032
0.003774292741376304
0.0066896487383172115
0.007914602635877508
0.006241019306300512
0.003279925819267197
0.0011488255357415735
0.00026817956857944845
4.172331852890894e-05
4.3262692749017315e-06
2.9897150608449e-07
1.3769798955048672e-08
4.226753761280984e-10
8.647047494352835e-12
1.1789904550666433e-13
1.071357174002945e-15
6.4884329816227165e-18
2.6189482235544724e-20
7.045236072112449e-23
1.2631232691659445e-25
1.5093065947353365e-28
1.2019620389017026e-31
6.379484432731822e-35
3.337974353958399e-37
9.009079227665419e-41
0.00010800553829794205
0.000882357514345922
0.00480424005267363
0.017433571160370528
0.04216281182877417
0.06803959403940608
0.07361634513417008
0.055391060264163516
0.035587389410253675
0.03214393238642669
0.03842783427249041
0.03763706216235487
0.026069024701962165
0.013413540239793962
0.0062768717472201935
0.0032308643628698626
0.001581547906428126
0.0005870035189531222
0.00015018457898015815
2.5813471685831536e-05
2.9623976851320916e-06
2.2667487102528318e-07
1.1560759606226717e-08
1.2690589265984192e-09
3.2913840773649444e-11
5.68928503443202e-13
6.554182847903047e-15
5.032236039998218e-17
2.575046121894376e-19
8.781942129243849e-22
1.9960787826255942e-24
3.0237531518818982e-27
3.052787241785531e-30
2.0541317253877874e-33
9.211738280837429e-37
2.7531916202754664e-40
5.484194334356796e-44
1.2306117457664648e-61
5.659602483238421e-35
4.4773301786930625e-34
2.3606623010343552e-33
8.295262905655248e-33
1.9427100791851965e-32
2.9822651614738294e-07
2.5284697052363316e-06
1.4287320990852839e-05
5.380534219477866e-05
0.00013504594297264886
0.00022590156198094835
0.0002540847240125047
0.00021613187832101132
0.00012252949635379454
4.629605839985228e-05
1.1658131083241166e-05
1.95657004122341e-06
2.1884841860040401e-07
1.6314470175177326e-08
8.105579767512447e-10
2.6839643439632914e-11
5.923125684162015e-13
8.711776045760148e-15
8.539727347620639e-17
5.579083426538943e-19
2.4291998998542e-21
7.04928714798968e-24
2.4029871464081935e-06
1.9927756289610592e-05
0.00011014046532386534
0.0004057111644208733
0.0009960211462836184
0.001629677641259007
0.0017771185641783254
0.0012915542364027198
0.0006255909264515563
0.00020195275500829016
7.585604627470722e-05
1.2452373089587265e-05
1.3623716377093613e-06
9.93391893118251e-08
4.827554411019915e-09
1.56356266406834e-10
3.3750868568731856e-12
4.855524660943404e-14
4.655527784390678e-16
2.9749743780937803e-18
1.2670072055927687e-20
3.596304761269049e-23
6.803234477068213e-26
8.57740544109205e-29
7.207389401662392e-32
4.0362827586130887e-35
1.50649164340917e-38
3.74742905183845e-42
0.0
6.331370000883396e-07
4.883537766856449e-06
2.5104579734696537e-05
8.601078440058475e-05
0.00019639680098092297
0.000298880415837262
0.0003156266640086167
0.0002442526671360041
0.0001259756165460468
4.330272416134212e-05
9.920315689953535e-06
1.5146675286055909e-06
1.541312447317401e-07
1.0453112018815451e-08
4.724785223659362e-10
1.4233119201016765e-11
2.8575882396012534e-13
3.823673149719136e-15
3.4099139617270804e-17
2.0266914203780918e-19
8.028111304768923e-22
1.655694021520411e-05
0.00012298260591176192
0.0006099014890645312
0.0020194280370995463
0.004464237756530579
0.0065888764079887205
0.006492511905442211
0.0042711145191377635
0.0018757894399388114
0.000549954166675715
0.00010763451508031078
2.8985633506962168e-05
2.8922551646918326e-06
1.9262817159924374e-07
8.562685328301057e-09
2.5402928522708483e-10
5.029410819336919e-12
6.644852642433291e-14
5.858192077092231e-16
3.4460919180660666e-18
1.352540147758467e-20
3.5416759772059554e-23
6.186977123181396e-26
7.210002098835433e-29
5.604750025767067e-32
2.906153525374871e-35
1.0050798067197661e-38
2.3183622190321836e-42
0.0
0.0
0.0
0.0
0.0
0.0
0.0
0.0
0.0
0.0
0.0
0.0
0.0
0.0
0.0
0.0
0.0
0.0
0.0
0.0
0.0
0.0
0.0
0.0
0.0
0.0
0.0
0.0
0.0
0.0
0.0
0.0
0.0
0.0
0.0
6.498392297586453e-06
5.7839931231078055e-05
0.0003431082482946486
0.0013564884411739904
0.0035742307304168722
0.00627668913159501
0.007346156955493194
0.005730422949077017
0.002980552033817768
0.0010405307447364628
0.0002677346789269301
0.00010531122318968624
0.0001105522521494953
0.0001110016189887208
7.655284146928895e-05
3.525767790373e-05
1.082394677826983e-05
2.2146390956238253e-06
3.019966162073966e-07
2.7446233645310447e-08
1.6624361902582674e-09
6.711023529015817e-11
1.8055689866457258e-12
3.237583362977913e-14
3.8690948907686827e-16
1.61424402940225e-17
9.80980084227113e-20
3.9731296801514236e-22
1.0724741631215472e-24
2.2109448982181808e-06
1.7082121043848295e-05
8.796040472655338e-05
0.0003018659938939593
0.0006904891217629942
0.0010529899481529592
0.0010724893811565022
0.0007375369649675811
0.0003645763801320542
0.00016882032507197216
0.00010733611603985884
7.518162445970817e-05
4.0261873238616995e-05
1.47323178330338e-05
3.6075334285821906e-06
5.891413423789135e-07
6.412933468464185e-08
4.652464089082119e-09
2.249531534240944e-10
7.249079878101005e-12
1.5568804487363365e-13
2.2284823442469966e-15
1.0486068251532464e-16
7.6325418484003945e-19
0.0002771104774803424
0.0018826669096138153
0.008524630827360172
0.02572522721731516
0.05173975961280591
0.06935394058807542
0.061958290379892415
0.0368900511644879
0.014639005507021977
0.003874889478679153
0.0007037803117167301
0.00016885988540373022
0.0002513244341374161
0.0004515265153930833
0.0005537004120562317
0.0004528407116450052
0.00024683461510640936
8.967026427244723e-05
2.171062824900767e-05
3.503304449349721e-06
3.7676011303961296e-07
2.7004336096230466e-08
1.2899819658288506e-09
4.1069112819271627e-11
3.292840057550927e-12
5.980174512921063e-07
4.6648364254514805e-06
2.4251609596330363e-05
8.402843311009641e-05
0.00019404100280813195
0.00029863609888915654
0.00030631808990720134
0.0002094037886641297
9.540650194218974e-05
2.8970297757167503e-05
5.862859587549809e-06
7.907652491843681e-07
7.10832385928522e-08
4.258615055503187e-09
1.7004000620819658e-10
4.524966698548368e-12
8.02529879314174e-14
9.486119304598364e-16
0.00017474640923959686
0.0015145331304992164
0.008748444554594026
0.03367940866354938
0.08641310683816805
0.1477666168078221
0.16865853760250407
0.14665862905646412
0.08499403742037064
0.032828485437662425
0.008563205443682416
0.0024117023693980984
0.00564848015538951
0.020841230781579977
0.05273762945269603
0.08899653456188332
0.10010692148154944
0.07506993390716976
0.0375466562592811
0.012538843183395352
0.0028035128276428217
0.0004224411727736124
4.35644780045211e-05
3.177420001576437e-06
1.735579243455071e-07
7.569260881051216e-09
2.6859981320224674e-10
7.402289331280815e-12
1.4834266025080453e-13
2.064832884745812e-15
1.9499420191159516e-17
1.2363427876652596e-19
3.3866307256928386e-21
1.0961901468693432e-23
2.3663064020251164e-26
3.4052757994933324e-29
3.2663385083931134e-32
2.088190496478034e-35
8.89743186816712e-39
2.526673208823703e-42
0.0
0.0
0.0
0.0
0.0
0.0
0.0
0.0
0.0
9.654522863469909e-06
6.619009607198597e-05
0.00030243827735809253
0.0009210051277988826
0.001869256454110897
0.0025284669290989974
0.0022794350119178628
0.0013831856978640815
0.000646810921573131
0.0005311107281780253
0.0011248394818053683
0.002639451861087064
0.004292638544481405
0.004663179955732694
0.003401670069156497
0.0018021185715950555
0.0013152135259635463
0.0025286940778642963
0.0050021593489769645
0.007203776718773106
0.008804783113588547
0.013309400458532765
0.023968334385989627
0.035342939213445765
0.036493043708752525
0.02656034772252586
0.0169626447932457
0.015567886516136713
0.018215746485684733
0.01700442308944272
0.010893392761798132
0.004670613501126357
0.0013354396297925416
0.0002545027364242634
6.727319202687429e-05
6.519563687339807e-06
4.21091788085475e-07
1.8126609865326022e-08
5.200414435985135e-10
9.943536482277055e-12
1.2671421458473312e-13
1.0761959386800426e-15
6.091705644106957e-18
2.2980952170530737e-20
5.778015152254864e-23
9.682133598499107e-26
1.081704921279186e-28
1.0688484050241275e-31
1.1404128617436684e-32
3.259975324875611e-33
6.232576587143068e-34
7.941531036671408e-35
6.744075155029441e-36
3.816999590750353e-37
1.4398039928101756e-38
3.6196466936556526e-40
6.064716979798414e-42
8.174723304298112e-07
7.416957598844178e-06
4.4849755414250566e-05
0.00011881842581155274
0.0003653597128710135
0.0007487538500735293
0.0010226782696730174
0.0009309375229030193
0.000572461957278979
0.0002847256160716783
0.0003373349423233696
0.0009104970040752279
0.001956307194626443
0.0028321085296185754
0.0027341768237922116
0.0017592975695579596
0.0007544567558107586
0.00021563089867362854
4.107420672642002e-05
5.214455008215601e-06
4.4119462494200253e-07
2.4879007395946848e-08
9.35012536360054e-10
2.3419809955076188e-11
3.909586690525491e-13
4.3497057301624906e-15
3.2253025062474226e-17
1.593905538022106e-19
5.2497213646982325e-22
9.275832461883437e-24
1.5535640034409127e-26
0.00014368192746081623
0.001031094905908767
0.004933451966546534
0.01573901162177573
0.03348101369692816
0.04749375856205934
0.04492783825324249
0.02834405245866406
0.01192630593036428
0.0033474664201761026
0.000679837721027112
0.0005553020238020731
0.0028913921566078218
0.011683768803323143
0.031594660976109044
0.05698472494374417
0.06851870869683063
0.054914840174652375
0.029333953067592625
0.010443361269915128
0.0024779605765275895
0.0003918601789076825
4.129998064956123e-05
2.9010170302936803e-06
3.9420137145005006e-07
1.408060206931677e-08
3.352014440259558e-10
5.318290916295952e-12
5.6236702752810804e-14
5.233789480853928e-06
4.002480625421015e-05
0.0002039969972747094
0.0006929467458953478
0.0015687635593140765
0.002366991365694697
0.0023807961514087724
0.001599800297217161
0.0007369039764435054
0.00029849212155516624
0.00024610503046820016
0.0003267288749308794
0.0003374365278911671
0.00023562887923911613
0.00010979344067634899
3.40996850244421e-05
7.058454673282032e-06
9.737573648869102e-07
8.953100411541401e-08
5.486276675498102e-09
6.806357125760496e-10
2.1209066963291513e-11
4.404635170387954e-13
6.096490050754785e-15
5.035928199352113e-06
4.40744610911725e-05
0.00026983100372268487
0.0010847511437744356
0.00297014926299177
0.005603532082069399
0.0073897315009580095
0.0069108326119514014
0.0046279135319414865
0.00222534071313036
0.0007863965474516264
0.0002744294227718465
0.00021847879225756766
0.00025441851519994533
0.00022262546641470282
0.0001312550896637177
5.1623234792582075e-05
1.3532896920753367e-05
2.364399739982038e-06
6.964976923580472e-07
3.184910355599191e-06
1.583766274605578e-05
3.699028434871552e-05
9.41620069575811e-05
0.000159752145432731
0.0002014944142876702
0.0002727719264265204
0.0006649426978391709
0.001758716829663944
0.003371241624758364
0.004351239593658826
0.003747425666084475
0.0021512651517916026
0.0008230822432523949
0.0002098818368943535
6.949405834763045e-05
0.00022862024428799144
0.0009940685337594996
0.0029307477322012376
0.005760376184816009
0.007548474889396068
0.006606042772790927
0.003916470147529477
0.0017405984887288136
0.0009011002434299998
0.000766999547245536
0.0006408581213167161
0.0003819448197101744
0.00021715923689077522
6.648005991272674e-05
1.3567927007930735e-05
3.894612604012238e-06
1.68573558400535e-05
9.061421078697668e-05
0.00032780866019546813
0.0007904482882730564
0.0012703066729485132
0.0013605836558283721
0.0013040158032215424
0.0027737468837109366
0.010848802598743044
0.0330532534266787
0.06791207942886361
0.093071029418003
0.08501557141422306
0.0517722672921018
0.021103753002716306
0.006085206528582591
0.0020699517030620825
0.0019162483450465362
0.0020577174956656363
0.001559099551796856
0.0007905745267796239
0.0004013332488283393
0.00010351685314038343
1.7795083788054794e-05
2.038781420075407e-06
1.556764260071219e-07
7.922396729688919e-09
2.6870260027248013e-10
6.073914857289077e-12
9.150547475126094e-14
9.187704221499564e-16
6.1482069955393735e-18
1.2183719433260163e-05
0.00010172629636418129
0.0005481492314477609
0.002013087591151207
0.005084435133345815
0.008919974014503744
0.01096620212041515
0.00949490459527771
0.005785861206196931
0.0024662579010427186
0.0007285433931953221
0.00014768134907553853
2.0365741530525225e-05
1.8979311189604626e-06
1.1895815747695335e-07
1.503313290298352e-08
2.0095272948398712e-05
0.00013084095579723827
0.0005677869805274957
0.0016421345329644306
0.0031652905901043264
0.004066305345677421
0.003481512320177291
0.001986632031303164
0.0007555243724969296
0.00019149660212304997
3.234857946126598e-05
3.6419242119482026e-06
2.7326759964401184e-07
2.8405750936616853e-06
2.108876080442995e-05
0.00010484628331138484
0.0003474128379112581
0.0007672206360732271
0.0011292139554581544
0.001107678550867423
0.0007241571175800842
0.0003155247340388483
9.842258850156099e-05
7.683314637170855e-05
0.00034476066998856045
0.000882365844771511
0.002598748641851302
0.005103648613195971
0.006680111135990535
0.005833225380843093
0.003430710645610966
0.0015190225917552666
0.0010018573551632084
0.0014863807000905433
0.0021062380157747624
0.0023524989549149845
0.002860885507077132
0.004733888468452377
0.007420525196777458
0.008677524069524791
0.008654509073199741
0.012876688275176004
0.027635906250037926
0.04880323876939673
0.059220821544969736
0.048078952672388584
0.026026996773329796
0.00939074824127788
0.0022581928823628985
0.00036191268670255765
8.52314506522366e-05
6.94616806054626e-06
2.5045085370320605e-06
1.3720591982284169e-05
5.886430001511848e-05
0.0001684768912126514
0.00032253741848499646
0.0004159319059650825
0.00037726485290907115
0.0002872692188500708
0.0002710002624056775
0.0003958424204199575
0.0007670499927690158
0.0014558814541707924
0.00211555392576688
0.0021286333811581363
0.0016033191260256814
0.0017641583237449133
0.0052825373629559694
0.015538101631976426
0.03148235014281882
0.04260717119450024
0.03843647447513491
0.02310947846227777
0.009261341681378066
0.00248121874439523
0.0008423979179414245
0.00019521105083998756
0.00020783179700114022
0.0003107795346609245
0.00032423558002056356
0.00022585794117597487
0.00010486289098979109
3.2448229048123816e-05
6.691781687425912e-06
9.197590698655822e-07
8.425349833021071e-08
5.143791470635048e-09
2.0929570378358793e-10
5.675692023016768e-12
1.025790984031144e-13
1.2356073466782563e-15
9.919359590300369e-18
5.307235203989167e-20
4.703359069349034e-06
3.300004083951562e-05
0.00015431294776134766
0.00048091885643394735
0.0009989017919502094
0.0013827871239660925
0.0012757612588259332
0.0007844495908029265
0.00045275472178124424
0.00014156672969679632
2.9501286769359223e-05
4.097342485374876e-06
3.792670580324507e-07
2.339750382691531e-08
9.620009021037799e-10
1.895069200286984e-06
1.2367650531057733e-05
5.3794378258677554e-05
0.00015594381149756437
0.00030128738322651434
0.00038794958736028845
0.00033292866650780573
0.0001904182793494875
7.258512513420912e-05
1.844030803623033e-05
3.1222685982272885e-06
3.5233346848552983e-07
2.649836544946908e-08
1.062197157014418e-05
7.226477878870488e-05
0.0003277053606693898
0.0009904264411556454
0.001994997959962637
0.0026782075744280404
0.0026014348029572
0.001775895081651066
0.0008079848375862051
0.0002450025845205325
4.951304874638789e-05
6.668838800842887e-06
6.958214277549151e-07
7.340794482798466e-07
3.3450566158944056e-06
1.0670843858792415e-05
2.2696451917092565e-05
3.217364328624319e-05
3.0396534694028516e-05
1.9139450139695288e-05
8.031864740437217e-06
3.705991032990109e-06
1.3906171112820816e-05
8.311471252528624e-05
0.0003409333713714914
0.0009326178096412505
0.0017002966995811532
0.002065985996166587
0.0016730602668294013
0.0009029783662806521
0.00032480645675118914
0.00013139355751063368
2.634249293599619e-05
1.6792336087180653e-05
5.461113846377234e-05
0.00014209246555210367
0.0002474331916911954
0.00028718656530908723
0.00022215321953158426
0.0001145308985460699
3.954410124138605e-05
1.0586506469966492e-05
1.0009721541008303e-05
3.1691181240383546e-05
7.684928419973877e-05
0.00012472068748608207
0.00013491783742845413
9.727096064736341e-05
4.673891496009361e-05
1.4967718144771888e-05
3.1945825496383727e-06
4.5441659356342524e-07
4.308001012843034e-08
2.721942582864485e-09
1.1462086226252709e-10
5.545257506904782e-11
3.386607301228952e-10
9.395864770461274e-10
3.097118121073597e-09
6.803962075980212e-09
9.962023272812207e-09
9.721085611473227e-09
6.322131603075929e-09
2.7402730798496514e-09
7.915998527371158e-10
1.5240496425110487e-10
1.9555731701997046e-11
1.672363095559444e-12
1.3497798357695972e-07
7.873507597209917e-05
0.0006603375380601153
0.0037003287072568405
0.013838295446317421
0.03451592833903908
0.057399087603543876
0.06362984682016591
0.04701599707379219
0.02315459385700481
0.007600175873039514
0.0016626422072739044
0.0002424148975350969
2.604040259415399e-05
2.376587024799279e-05
7.673237683204153e-05
0.0003484276586209684
0.001057121604243233
0.0021376016079931275
0.002880780655734655
0.0025874690598600624
0.0015488939619424085
0.0006179449058089798
0.00016430825152776945
2.9117262392254706e-05
3.4389293550763834e-06
2.7069330631135255e-07
1.4200816880966841e-08
4.965130709452721e-10
1.5507791676017675e-08
1.4675128460314195e-07
9.262292366530361e-07
3.896163178087048e-06
1.0922884433889262e-05
2.0408876052357574e-05
2.5414547738269743e-05
2.109245986531759e-05
1.1666850298911349e-05
4.333440278804991e-06
1.3165676987487834e-06
1.159961585959006e-06
3.410620636555785e-06
9.159319063928905e-06
1.6684856106193195e-05
2.0804629828106125e-05
1.8948694289992613e-05
1.4805034189368523e-05
1.1707756162069117e-05
8.676737349038282e-06
4.975131487550956e-06
1.991118775055945e-06
5.489126274155295e-07
1.8552607317791653e-07
4.81182963238881e-07
1.6629392880248145e-06
3.921318369362051e-06
6.16600524198592e-06
6.4619344192515336e-06
4.513390096719533e-06
2.2551964995774886e-06
1.8207898279283897e-06
6.040801679640653e-06
1.9905567478212692e-05
4.463146476075236e-05
6.675167297073698e-05
6.653956930953008e-05
5.299804008302917e-05
2.6864630322030125e-05
9.075769958405797e-06
2.043467045586948e-06
3.066432050457105e-07
3.066765725514288e-08
2.044134200283365e-09
9.080708951143008e-11
2.6885099995074227e-12
5.3049965307508645e-14
6.976540191662485e-16
6.114720986153827e-18
3.571862545088044e-20
1.3905748760555303e-22
3.608075092513398e-25
6.2393350096914876e-28
7.190889089380931e-31
5.523424525288891e-34
2.8275858899088146e-37
9.647276718077043e-41
2.1936897903678363e-44
4.845734468874611e-71
0.0
0.0
0.0001773950292268226
0.001226872650686355
0.0035547225133988145
0.012501620867489948
0.02931354690224447
0.04585850412472319
0.04808472759021801
0.034528471373904086
0.018620063047478024
0.009769191183484295
0.006089735315206416
0.0035992867706434854
0.0016238348391957225
0.000676812678455736
0.000634623382067821
0.0011130155982660669
0.0020353083891409564
0.003483446153332903
0.004835018687491921
0.004835081638891495
0.0033061766870654537
0.0015186288277579685
0.0004958421987932382
0.00028432731209603843
0.0008106796695998849
0.0022462295305578917
0.004213435278288526
0.00528632996849432
0.004940021228743622
0.003381537191867951
0.0022714968835579044
0.0026365050065725623
0.0036739741119496674
0.0038382634895351465
0.002720110492576598
0.0013181163433264795
0.0005210268659786354
0.00032767366699265274
0.00034495725166416657
0.00030702880306311795
0.00025788293286993345
0.0006332478544188209
0.0030114133900322705
0.010978665334711946
0.02720051968104084
0.045214197715131056
0.05024096000781488
0.037264303100065205
0.018460720338893462
0.006179163684254452
0.001538213011931964
0.0004589054716631055
0.00024939702537189886
0.00017882535750121867
0.00013129215028241908
0.00023769376475368893
0.0005559766749726202
0.0010740099799627367
0.0018701740286436103
0.0031502777869897598
0.0045301730340096226
0.004804823706479551
0.00350875118800951
0.0017297308120174102
0.0006026691455255351
0.0002869347763773505
0.0005123211457536773
0.0010784369161936536
0.0018146949539230759
0.0025420784233283087
0.002953708463728086
0.002644521207550985
0.0016957992065287065
0.0007471442355230794
0.00022203324381844344
4.4177563639255644e-05
5.868395598579239e-06
5.198790210870728e-07
3.070250276695549e-08
3.716608241112132e-09
2.0575122155003277e-06
3.518079973790453e-05
0.00021575984489014072
0.0008945772825250535
0.0025053397145092956
0.004733965867602784
0.006027425689131026
0.00516412336872358
0.0029732783347617988
0.0011489412649509812
0.0002976339089644366
5.163532986326169e-05
1.2019497441501268e-05
4.098131392850942e-05
0.00022837639016914875
0.000844914237700642
0.0023840851934137535
0.005180509146180569
0.008444094115353363
0.009906757648281115
0.008084758230666955
0.004493661800757048
0.0016843560051301183
0.0004375087746877158
0.0001454999504717199
0.00018599241570093597
0.0004094691642966839
0.0006578457734061202
0.0007104699427272634
0.0005239501678455687
0.00028524619744604726
0.00014348329352850228
8.280412321579949e-05
5.03680132298053e-05
5.4736407832700566e-05
0.00020914846741156907
0.0007864558391596155
0.00202064547817697
0.0034645142788987263
0.003959171029647553
0.0030154292531750886
0.0015306491152645345
0.0005178258154674266
0.00011675441149824409
1.7544639488645035e-05
1.7571027012040054e-06
9.86003573256587e-07
5.711576176187276e-06
2.4981688827975613e-05
7.288878269424718e-05
0.000119509218105032
0.00018161589415184048
0.00020104393144064584
0.00020382644685745335
0.00024758521107222066
0.00030589589012333906
0.0002894197678842828
0.00018833402448241863
8.220497406653604e-05
2.3944436786270635e-05
4.649464934011095e-06
6.017342598109107e-07
5.1902990718262156e-08
2.983750019594833e-09
1.14317891337116e-10
2.919090483846336e-12
4.967781251759113e-14
5.634545894273248e-16
5.407410554194653e-08
4.855729207285303e-07
2.9060368841075124e-06
1.1591224927018864e-05
3.081336247091427e-05
5.459217538000528e-05
6.446192286110476e-05
5.0729158712446074e-05
3.4513959845034745e-05
1.3811847475056035e-05
3.717988068829623e-06
9.150290727944625e-07
1.3958063550679716e-06
4.456682964509877e-06
1.0014569076345825e-05
1.5017719107906089e-05
2.3967772999418126e-05
8.821200183494867e-05
0.0004595650429604238
0.0017663830400720033
0.004562447760631448
0.0078590140043392
0.009022789022926239
0.006903935023048603
0.0035207424672082446
0.0011966120715344313
0.0002710528946535401
7.063015824444807e-05
0.00020656901580104
0.0009197108062649723
0.0027829381682331965
0.0056138905393577744
0.007550918124964445
0.006790114374967106
0.0051071131363198225
0.0026685715086076788
0.0018049944425943551
0.0023934169285209873
0.003328788044639149
0.003698172029620518
0.0034176137823957054
0.003162911769568862
0.0035232067643946427
0.003985917580292831
0.0035114941332205487
0.002151204376007087
0.0008939532555140119
0.0002877575788765855
0.00025596547880928387
0.0007023954591782041
0.001535951396280371
0.0022550228878331223
0.002210315523983991
0.001465875236037119
0.000768199078799786
0.0006976046850472326
0.0012835175585984018
0.0020169079212910054
0.002162444413638557
0.0015488295714444805
0.0009906949713022722
0.00036380405699834063
9.26536125428468e-05
2.1534635280235695e-05
2.2407669321786076e-05
9.320529900199207e-05
0.00032248793798928904
0.000755809267613978
0.0011822076570749856
0.001232567913724623
0.000856474425452371
0.00039664312918038624
0.0001224241397217303
2.5183479698039675e-05
3.4525975954428937e-06
3.154697616338912e-07
1.9211048115713642e-08
7.79697119935168e-10
2.109028014108815e-11
3.802071809940834e-13
4.568144467402345e-15
3.6579763478728065e-17
1.9521963851989761e-19
1.0975111890521329e-07
7.076472847093717e-07
1.956694225753882e-06
6.415543171297882e-06
1.4019271560122897e-05
2.0468405519112123e-05
2.027249067338763e-05
1.5518699526832164e-05
1.6200359086048684e-05
2.972160831596355e-05
4.972780420594233e-05
5.79055678478798e-05
4.5158199972969014e-05
2.3483653343799867e-05
8.139569939920294e-06
1.8802757901150011e-06
9.85877892079877e-07
5.806255977390937e-06
3.1936787366059715e-05
0.00011766312274781675
0.0002889335717201203
0.00047286538506385287
0.0005157729879361763
0.00037493951352299856
0.00018165417248388883
5.87257432841699e-05
1.3086016156785883e-05
3.854858435426405e-06
4.78703458798889e-06
6.394990318808916e-05
0.0004258583981196101
0.0020981808918756665
0.0070469763029177065
0.015845711036537053
0.023767902192324806
0.02376732696772742
0.01586213224935132
0.00718550007456739
0.002683883183140183
0.0020006144269730415
0.0028529643843850042
0.003291644802401019
0.002586892556756459
0.0014187664054997383
0.0006969583499244443
0.0005542997305783679
0.0005895969134631442
0.0004915786350858438
0.00027924034727522143
0.00010600192128412587
2.7853858796163827e-05
1.1415987696211262e-05
3.132714538044307e-05
9.189836102101734e-05
0.0001518641463803942
0.000230175845084586
0.00023252008994071693
0.0001572178886889296
7.585364272079083e-05
5.2411270006879604e-05
0.00012200412053997688
0.0002967966426146125
0.000499302427997241
0.0005639390891482279
0.0004269097227011725
0.00021655947998782776
7.359852217363458e-05
1.6753568408522812e-05
2.5537120281978963e-06
2.6057425141822106e-07
1.7792927616396906e-08
8.127887281930186e-10
2.4830210213027747e-11
5.071269735504005e-13
4.3299659747365075e-06
3.264695276718264e-05
0.00016405309603862095
0.0005573252525540154
0.0012764023331308326
0.0018085742250128233
0.002338258160632463
0.002382747425768649
0.0020832479573536407
0.0015480058677619253
0.0008944719382975262
0.00037289779595423906
0.0001087159970455052
2.215587732124786e-05
3.3874301327199738e-06
1.913546265149656e-06
3.525655883399952e-05
0.0002344341428142994
0.0011545349645104834
0.00399923971522171
0.01016009698979456
0.019832753911183703
0.030959452261229408
0.038367508732955434
0.03595696710004688
0.02437713897774975
0.011882220339990805
0.004403496687715939
0.0014191923262305735
0.0005461251315010249
0.0005705968001824752
0.0008666170801407006
0.0014021805691903733
0.001571569049800036
0.0012126254722680983
0.000710540811836212
0.00041550128124468155
0.0002903697645810275
0.00018849268103600578
8.98159164869407e-05
2.918397626761985e-05
6.376402592645704e-06
9.394298195468278e-07
9.457631689278512e-08
6.695843557420312e-09
3.5029365383000155e-10
1.4343330159577295e-11
5.848937866715894e-08
4.86316455451022e-07
2.6949204179970684e-06
1.3416908788751919e-05
4.72910435387841e-05
0.00014014523046080722
0.0003419840561732159
0.0006465989878994134
0.0009161674394203805
0.0009780840381550665
0.0008896365331036761
0.0006849877410685283
0.0005997569198411964
0.0007201347329519152
0.0008927247230597977
0.000988387405989273
0.001128207485252048
0.0014499603423818428
0.0017637678671258614
0.0016794614019546032
0.0011425527015231
0.0005394091999534536
0.00018949663198845692
9.997585284888506e-05
0.00015645760663366345
0.00024969702846395
0.0002799700279383598
0.00021351255167002678
0.00011032714750199973
3.8706834314870356e-05
1.0415272044180432e-05
8.643839784657787e-06
2.6124800773094145e-05
6.242543961310522e-05
0.00010066539234240433
0.00011235139626581303
0.00011005123181445734
0.00014425725482417883
0.0003104672873089465
0.0006165228925094575
0.0009093191730584079
0.0010242459878119707
0.0009459421380936975
0.0007318948765595702
0.0004692328163007716
0.0003428889715577723
0.0005458331861051612
0.0010571934224442045
0.0014935072257116827
0.0014190715393594675
0.0008994242937661072
0.00037996462497426797
0.0001070624245038969
2.067974026549154e-05
5.5067369126698135e-06
1.0099912361698885e-05
2.17722442585334e-05
3.190839966931071e-05
3.1182344751883265e-05
3.127029193358043e-05
0.00010460296106236792
0.0003284116046439639
0.0014424027834600785
0.004269538616270859
0.008427506578590076
0.011086918054772462
0.009721100933689764
0.005682111438708885
0.002220869629005078
0.0006040575539705941
0.00017634835963813278
0.0001686707083558428
0.00026024698055988096
0.00033212296550018476
0.0003099642764559943
0.00020145566607013334
8.896997928641061e-05
2.6402499857114575e-05
5.239647611200449e-06
6.939794511742471e-07
6.129442383228993e-08
3.6089299824406177e-09
6.9358437705055956e-06
5.3902050241222756e-05
0.00028161553482052704
0.000989495613991914
0.0023387344825440554
0.003329528814608491
0.004064412075694496
0.0033368706201523436
0.001841822867694287
0.0006831362478509056
0.000170160790165691
2.8445814524077407e-05
3.18922013448376e-06
2.3963894796617383e-07
1.205995721693148e-08
4.0623267889024317e-10
9.153590187635387e-12
1.1465595732898752e-07
9.39486805330718e-07
5.130584141287175e-06
1.867344696903864e-05
4.529640332565663e-05
7.322923439770638e-05
7.89017828332474e-05
5.6659232517711235e-05
2.7116654433480232e-05
8.816519437904182e-06
3.057868395179583e-06
6.186067598197847e-06
1.921913474481608e-05
4.144037367831091e-05
5.5249673598248325e-05
6.065416471610763e-05
4.7692526661499944e-05
5.2954535948240955e-05
0.0002042415383432463
0.0008292660774186775
0.002315730597064299
0.0043169984564529005
0.005364069523552705
0.00444212080826175
0.002451703685188347
0.0009018351273863144
0.00022108937074365634
3.612352541311692e-05
3.933633921657663e-06
2.8548237501275496e-07
1.3808490643579807e-08
4.2556503441414686e-07
3.476765477596023e-06
1.9257574371049527e-05
7.107998773615497e-05
0.00017753807320937496
0.00030418911053379263
0.0003657779045227745
0.00031899099107924624
0.0002480115748430485
0.00013635636105729316
5.787119169117182e-05
1.8775120851628003e-05
4.589328341486303e-06
2.2972947974673684e-05
0.00017546145257749045
0.0009256750160853557
0.0032567403889319064
0.007636496188142359
0.011934020527136201
0.012429709303267233
0.008628130622434158
0.003991664200342061
0.0012307584747738738
0.00025291420308161703
3.463818690320415e-05
3.1616852397972876e-06
1.9233736430752e-07
1.2631715800608758e-08
3.4672172726352646e-08
1.637529213076014e-07
5.439328771511993e-07
1.2552395658989634e-06
2.218506741061069e-06
3.3544732558463023e-06
4.144651525150019e-06
4.879221571721485e-06
4.320066758227824e-06
2.6758932547155166e-06
1.123918584143952e-06
3.1647662511804577e-07
5.950987682208184e-08
2.2931226437517123e-06
1.805391876992519e-05
9.503488888814028e-05
0.0003334194252034488
0.0007796154360103741
0.0012149307103857864
0.0012618395603517594
0.0008734505368760814
0.0004030690233273503
0.00012491887939902735
3.068361173013667e-05
2.2139129208818947e-05
5.722253209092204e-05
0.00016425423044769165
0.0005340593019024573
0.001562494146006362
0.003354502919903911
0.004920206578510735
0.004840186439110771
0.0038255697681762206
0.0019183410747453235
0.0006419214099395014
0.00014413247067523145
2.292201057942743e-05
5.152172939685492e-06
7.854585248792784e-06
1.6687091203997243e-05
2.508504210644508e-05
2.529704159033937e-05
1.7017157310806207e-05
7.630251098883451e-06
2.280234995892051e-06
4.5415381742394433e-07
6.028482780937084e-08
5.333283242985556e-09
3.1445812775170724e-10
8.908070080829965e-07
8.089517131643212e-06
4.896086828003459e-05
0.00019749549270816816
0.0005309416732777689
0.0009513010761770848
0.0011359800649557328
0.0009040763519288261
0.0006197209024163973
0.00025080961673198677
6.767559664936473e-05
1.2237493047348026e-05
1.5967225464021695e-06
2.854907223562143e-07
1.4259333650274263e-07
7.35239362540667e-08
2.6260582251197366e-08
6.267500372479262e-09
9.9710482495125e-10
1.057240418419498e-10
2.6017535379554482e-06
2.2170548426850682e-05
0.00012924203336060845
0.0005018371674180729
0.0013283658213313722
0.0024390780749575882
0.0031872304740143405
0.003051455327843702
0.0021822485061155387
0.0011621723475132193
0.00045033380760005066
0.00012334743082295294
2.3328270122939656e-05
3.00057751993065e-06
7.445176941159805e-07
1.1811312295336232e-06
6.662346916457372e-06
2.5929276127797638e-05
8.377939452717524e-05
0.00024228767095071664
0.0007763681480761475
0.0022879848542083354
0.005030554825020553
0.007661215110362913
0.00802689536000107
0.005926446938223317
0.003234154301828181
0.0013787822019334566
0.00046946973604896264
0.00012365161108902277
2.488898505522191e-05
1.100207036698241e-05
3.675727405152921e-05
0.0001398851143124284
0.0004366417576774255
0.0010355573835791343
0.0017482333094178126
0.0020241022849092384
0.0015801377220853664
0.0008259094485321354
0.0004282151865497643
0.00011408063359806515
2.0263027847199e-05
2.4322519156658146e-06
4.0665117456819555e-07
9.603823964350656e-07
2.777247603908778e-06
5.423718312777791e-06
7.088996944649621e-06
6.232940101936304e-06
3.8055908601922595e-06
1.919901218928306e-06
1.2669285603167553e-06
1.1259210299275193e-06
8.449164270146158e-07
4.410657533148519e-07
1.544694667193614e-07
3.609076965452135e-08
5.620780501061626e-09
5.834298176937489e-10
4.0361165019527515e-11
1.860889351544165e-12
5.718195414995031e-14
3.0377393257765857e-07
2.017203146760908e-06
8.927509485676349e-06
1.9223257111073235e-05
4.334310636198913e-05
6.54189449762593e-05
6.67887528296617e-05
5.2310665054534974e-05
5.808397341630747e-05
0.00016116382007501885
0.0004688935497608592
0.0009803576100469854
0.00141211423375917
0.0014430724271761739
0.0012003739809418993
0.001094517438637088
0.001173425473550533
0.0011588014540550575
0.0012143009497478598
0.00219133879881421
0.0046918561214160815
0.007655948668432452
0.00870785714723301
0.006888442770294579
0.003824777905348775
0.0015034089604402036
0.0004262384802680251
0.00010261348714442165
5.110099008078326e-05
3.5351425562153057e-05
2.8225267247846806e-05
2.0911093158695293e-05
1.667402767318567e-05
1.8288807353716167e-05
3.4649861443673556e-05
7.216031060618187e-05
0.00011216088273299432
0.0001186519725563529
8.415924490203674e-05
4.116228839357858e-05
2.3431030434919992e-05
6.186601025280058e-05
0.00022266552421554815
0.0005733754235619992
0.0010216580247520684
0.0012635366596944904
0.0010864512010956085
0.0006483842887722634
0.0002673315824719038
7.567247643742428e-05
1.4609459981499972e-05
1.9123102467901424e-06
1.6889030714036117e-07
1.0026925219236231e-08
1.222156256775901e-09
2.6687563576519344e-08
1.7786424860166665e-07
7.911382633293046e-07
2.3453059460292785e-06
4.6337027806880225e-06
7.076234568636386e-06
1.9081788109766998e-05
8.195987112239035e-05
0.00032470632550572477
0.0009326388933756337
0.001906965713644405
0.0028307283939878317
0.0031850084886569353
0.002841295453788486
0.0020222805227467365
0.0011024435237563489
0.0004431840837796498
0.00014415970789311504
6.258652490211495e-05
4.463129819515436e-05
2.893159727500879e-05
1.3113157650955138e-05
3.985121390955476e-06
8.505612310588217e-07
4.221629306029676e-07
9.642205274933673e-07
3.5015554392188694e-06
8.673498081054694e-06
1.4325091939496646e-05
1.5922514227067517e-05
1.2857019719722668e-05
1.2838939169012287e-05
2.8518039030546787e-05
6.652804204387097e-05
0.00010976876359255663
0.00012380036804538808
0.00010141672045703444
7.357119228012622e-05
6.0036509468790505e-05
4.959551395431559e-05
3.4026236135556044e-05
2.2673724683421346e-05
2.1916647956465096e-05
2.428408022629068e-05
2.0769739728303416e-05
1.2951301768045465e-05
8.75682914095333e-06
1.560768169563827e-05
4.6041596151160306e-05
0.0001605870371922182
0.00035364889875731144
0.0009128891732725342
0.0016325339110994416
0.0019675409795268466
0.0015967497513301226
0.000891087583280491
0.0003688343274592161
0.00013819568106110888
7.724506792313445e-05
0.0001344270283749187
0.000354168276423597
0.0007388508093455326
0.0011193801356156681
0.0012256747338925391
0.0009628649015585818
0.0005352452595207691
0.0002075834819341913
5.587473422866184e-05
1.094777617813359e-05
7.98400776435952e-06
3.8214374825359834e-05
0.0001613491711958268
0.00046192550973607607
0.0008829884881468142
0.0011253004774471578
0.0009560297080888352
0.0006846302787397399
0.0002959835751392492
8.53477339540838e-05
1.6429066707571427e-05
2.5473571380375305e-06
4.037168098350329e-06
2.3121713728881133e-05
9.356498630043594e-05
0.00025464524760240815
0.0004644327351299222
0.0005664802778479057
0.0004614850914727087
0.0002508926516880171
9.161924126380332e-05
2.7183614690975028e-05
3.164877823733804e-05
0.00010192078489019967
0.00024454634420014706
0.00039578935078493345
0.0004446852605271273
0.00042451011932748535
0.0005621497631015852
0.0009989482088734554
0.0015029666922460488
0.0016841303307784468
0.0015206255352057298
0.0013901851986429336
0.0013262582706547684
0.0012662733246453137
0.0009719155939911921
0.0005372365171330133
0.00023090228152277423
0.0001519385894301124
0.00022818421189068505
0.00033209460040035265
0.00034498499778226816
0.00024585383462448533
0.0001217080340052416
5.9349229402688926e-05
0.00012943572006239327
0.0004985713300425171
0.0013779688365546006
0.0025712324707929933
0.0033394973241826264
0.0033480746174386435
0.0031812490183443943
0.003136256065237617
0.0026853050567083145
0.0016813568623682904
0.0007202677651633913
0.0002090839997970136
7.701316896209201e-05
2.196518565685693e-05
1.8070521045306193e-05
1.7109479420224848e-05
1.194548080917016e-05
7.2790297912784895e-06
6.1269202577030135e-06
6.6307562082026565e-06
6.821483552036321e-06
8.450640909386488e-06
1.5224703381287282e-05
3.143861821237003e-05
8.443977624413269e-05
0.000259190195179288
0.000640702415372341
0.0011112684962905656
0.001341492127410897
0.0012793990759206663
0.0014995309869672083
0.002611395559012238
0.004200168089918105
0.00485725952430086
0.0038830760734059186
0.0022508179495867447
0.0012052725753042325
0.0008869130746511251
0.0008054668670081786
0.0005989744186296536
0.00032678205402561917
0.00013591559038179883
5.188641054911545e-05
3.488745100060956e-05
9.18420027476248e-05
0.000283429020587919
0.0006151971592570079
0.0009117441108572881
0.0009676698228701604
0.0008523169656027659
0.000797722547629491
0.0008582479574462474
0.0009002148123692463
0.0007873011132424621
0.0005209312335965689
0.00024547880646427203
7.964447355672735e-05
1.7492188576784015e-05
2.5797829141706796e-06
1.7898856045871356e-06
1.2009943440389844e-05
6.243727154054698e-05
0.000216633186274369
0.0005010761224538454
0.0006997495339583669
0.0008255790972767876
0.000658395457062634
0.00037538105043625813
0.0001887183278444289
0.0001150901138445486
7.617747293009542e-05
3.970736216459252e-05
1.4317902265322169e-05
3.5019110017824715e-06
7.511383952448886e-07
6.944766104424104e-07
1.401683032540666e-06
2.05196370761248e-06
2.007823806423442e-06
1.309495452406695e-06
5.692004973654123e-07
1.6489524748473707e-07
3.1837030712596946e-08
1.9864137630871836e-06
1.2939035984053727e-05
5.628450471222627e-05
0.00016318070681587505
0.00031530471867183176
0.0004060445452740279
0.0003484999541001749
0.00025125378740824364
0.00011185710385566792
4.6423015369497e-05
7.024448746474373e-05
0.0001899937562778675
0.00037366386761884823
0.0004927323574348867
0.00043376709619677336
0.00025478999702514225
9.983425047687787e-05
2.6090117884103116e-05
4.546944260081655e-06
5.284091681188167e-07
4.0944555631207577e-08
2.1152934146835497e-09
7.28570141577098e-11
1.672935922000898e-12
2.5608135129280796e-14
2.613081974401877e-16
1.77742856285838e-18
8.059062739062276e-21
2.435683207121133e-23
4.906737109600795e-26
6.588603939971926e-29
5.896800832894687e-32
4.371388413484707e-34
1.989764193522404e-37
6.036614727930948e-41
1.2176971764926137e-44
0.0
0.0
0.0
0.0
0.0
0.0
0.0
0.0
0.0
0.0
0.0
0.0
0.0
0.0
0.0
0.0
0.0
0.0
0.0
0.0
0.0
0.0
0.0
0.0
0.0
0.0
0.0
0.0
0.0
0.0
0.0
0.0
0.0
0.0
0.0
0.0
0.0
0.0
0.0
0.0
0.0
0.0
0.0
0.0
0.0
0.0
0.0
0.0
0.0
0.0
0.0
0.0
0.0
0.0
0.0
0.0
0.0
0.0
0.0
0.0
0.0
0.0
0.0
0.0
0.0
0.0
0.0
0.0
0.0
0.0
0.0
0.0
0.0
0.0
0.0
0.0
0.0
0.0
0.0
0.0
0.0
0.0
0.0
0.0
0.0
0.0
0.0
0.0
0.0
0.0
0.0
0.0
0.0
0.0
0.0
0.0
0.0
0.0
0.0
0.0
0.0
0.0
0.0
0.0
0.0
0.0
0.0
0.0
0.0
0.0
0.0
0.0
0.0
0.0
0.0
0.0
0.0
0.0
0.0
0.0
0.0
0.0
0.0
0.0
0.0
0.0
0.0
0.0
0.0
0.0
0.0
0.0
0.0
0.0
0.0
0.0
0.0
0.0
0.0
0.0
0.0
0.0
0.0
0.0
0.0
0.0
0.0
0.0
0.0
0.0
0.0
0.0
0.0
0.0
0.0
0.0
0.0
0.0
0.0
0.0
0.0
0.0
0.0
0.0
0.0
0.0
0.0
0.0
0.0
0.0
0.0
0.0
0.0
0.0
0.0
0.0
0.0
0.0
0.0
0.0
0.0
0.0
0.0
0.0
0.0
0.0
0.0
0.0
0.0
0.0
0.0
0.0
0.0
0.0
0.0
0.0
0.0
0.0
0.0
0.0
0.0
0.0
0.0
0.0
0.0
0.0
0.0
0.0
0.0
0.0
0.0
0.0
0.0
0.0
0.0
0.0
0.0
0.0
0.0
0.0
0.0
0.0
0.0
0.0
0.0
0.0
0.0
0.0
0.0
0.0
0.0
0.0
0.0
0.0
0.0
0.0
0.0
0.0
0.0
0.0
0.0
0.0
0.0
0.0
0.0
0.0
0.0
0.0
0.0
0.0
0.0
0.0
0.0
0.0
0.0
0.0
0.0
0.0
0.0
0.0
0.0
0.0
0.0
0.0
0.0
0.0
0.0
0.0
0.0
0.0
0.0
0.0
0.0
0.0
0.0
0.0
0.0
0.0
0.0
0.0
0.0
0.0
0.0
0.0
0.0
0.0
0.0
0.0
0.0
0.0
0.0
0.0
0.0
0.0
0.0
0.0
0.0
0.0
0.0
0.0
0.0
0.0
0.0
0.0
0.0
0.0
0.0
0.0
0.0
0.0
0.0
0.0
0.0
0.0
0.0
0.0
0.0
