a = 9.152256958862129 b = 5.080866592568874 c = 9.38880050104231 ,Gaussian ,LMH = 0.08 ,DW = [0.9 0.9 0.9]
0.0
0.0
0.0
0.0
0.0
0.0
0.0
0.0
0.0
0.0
0.0
0.0
0.0
0.0
0.0
0.0
0.0
0.0
0.0
0.0
0.0
0.0
0.0
0.0
0.0
0.0
0.0
0.0
0.0
0.0
0.0
0.0
0.0
0.0
0.0
0.0
0.0
0.0
0.0
0.0
0.0
0.0
0.0
0.0
0.0
0.0
0.0
0.0
0.0
0.0
0.0
0.0
0.0
0.0
0.0
0.0
0.0
0.0
0.0
0.0
0.0
0.0
0.0
0.0
0.0
0.0
0.0
0.0
0.0
0.0
0.0
0.0
0.0
0.0
0.0
0.0
0.0
0.0
0.0
0.0
0.0
0.0
0.0
0.0
0.0
0.0
0.0
0.0
0.0
0.0
0.0
0.0
0.0
0.0
0.0
0.0
0.0
0.0
0.0
0.0
0.0
0.0
0.0
0.0
0.0
0.0
0.0
0.0
0.0
0.0
0.0
0.0
0.0
0.0
0.0
0.0
0.0
0.0
0.0
0.0
0.0
0.0
0.0
0.0
0.0
0.0
0.0
0.0
0.0
0.0
0.0
0.0
0.0
0.0
0.0
0.0
0.0
0.0
0.0
0.0
0.0
0.0
0.0
0.0
0.0
0.0
0.0
0.0
0.0
0.0
0.0
0.0
0.0
0.0
0.0
0.0
0.0
0.0
0.0
0.0
0.0
0.0
0.0
0.0
0.0
0.0
0.0
0.0
0.0
0.0
0.0
0.0
0.0
0.0
0.0
0.0
0.0
0.0
1.0072883956794544e-34
9.2895081125993e-34
5.7096982125208877e-33
2.3389187642491916e-32
6.385555298761935e-32
1.1618866201742982e-31
1.408998007953935e-31
1.138776655849663e-31
6.134063686927551e-32
2.2508087133693306e-32
8.462459620187144e-33
1.4799473173623982e-32
4.075436172471392e-32
7.895791229917426e-32
1.0216050061836755e-31
8.810168446054455e-32
6.371181527494415e-32
2.7939908337481857e-32
8.16604046673356e-33
1.590668302266382e-33
2.0650438312787854e-34
1.7867363364080735e-35
1.0303225696052768e-36
3.9597476084880823e-38
1.0142460972489939e-39
1.731413237118633e-41
1.9698795421529663e-43
1.4936889031182148e-45
7.548526558081603e-48
2.542411055555417e-50
5.707039751507932e-53
8.53802800469828e-56
8.513062082104629e-59
5.65712238514469e-62
2.5054566693944786e-65
7.395367602133168e-69
1.4548364875837195e-72
0.0
0.0
0.0
0.0
0.0
0.0
0.0
0.0
0.0
0.0
0.0
0.0
0.0
0.0
0.0
0.0
0.0
0.0
0.0
0.0
0.0
0.0
0.0
0.0
0.0
0.0
0.0
0.0
0.0
0.0
0.0
0.0
0.0
0.0
0.0
0.0
0.0
0.0
0.0
0.0
0.0
0.0
0.0
0.0
0.0
0.0
0.0
0.0
0.0
0.0
0.0
0.0
0.0
0.0
0.0
0.0
0.0
0.0
0.0
0.0
0.0
0.0
0.0
0.0
0.0
0.0
0.0
0.0
0.0
0.0
0.0
0.0
0.0
0.0
0.0
0.0
0.0
0.0
0.0
0.0
0.0
0.0
0.0
0.0
1.5699215213042868e-08
1.0234065753763111e-07
4.4463127885208455e-07
1.2874588811556751e-06
2.4845530371412285e-06
3.195543432398705e-06
2.739193582748774e-06
1.5648844484785685e-06
5.958313798805641e-07
1.5119798986066548e-07
2.5571147127732454e-08
2.8822785708137945e-09
2.1652260470240408e-10
1.0840569075953545e-11
3.6172828347822023e-13
8.044413795297652e-15
1.1923064267498865e-16
1.1777765846257794e-18
7.753887489678251e-21
3.402182625615998e-23
9.948951137683238e-26
1.9390031814269604e-28
2.5186121469103514e-31
2.3932275939546005e-33
1.580772433669283e-36
6.958830435960731e-40
2.041666030035123e-43
3.992222148066202e-47
0.0
0.0
0.0
0.0
0.0
0.0
0.0
0.0
4.04492695062851e-06
2.951282473761875e-05
0.00014351338987309958
0.0004651099336700317
0.0010046166128532873
0.0014461942959029463
0.0013875047580774395
0.0008872047659595548
0.00037808965905315105
0.00010738590480973173
2.0327375525999162e-05
2.564465661262417e-06
2.1562246873799154e-07
3.303134754813383e-08
1.4122968740004916e-09
4.024456637344368e-11
7.643109031673618e-13
9.674185393949563e-15
8.160942255177087e-17
4.58825717210777e-19
1.7192409526057153e-21
4.2934587152095966e-24
7.145940289857867e-27
7.926710971838421e-30
5.8601429638303516e-33
2.8873866725842143e-36
9.48163498217347e-40
2.0751192771785435e-43
0.0
0.0
0.0
0.0
0.0
0.0
0.0
0.0
0.0
0.0
0.0
0.0
0.0
0.0
0.0
0.0
0.0
0.0
0.0
0.0
0.0
0.0
0.0
0.0
0.0
0.0
0.0
0.0
0.0
0.0
0.0
0.0
0.0
0.0
0.0
0.0
0.0
0.0
0.0
0.0
0.0
0.0
0.0
0.0
0.0
0.0
0.0
0.0
0.0
0.0
0.0
0.0
0.0
0.0
0.0
0.0
0.0
0.0
0.0
0.0
0.0
0.0
0.0
0.0
0.0
0.0
0.0
0.0
0.0
0.0
0.0
0.0
0.0
0.0
0.0
0.0
0.0
0.0
0.0
0.0
0.0
0.0
0.0
0.0
0.0
0.0
1.1828438646603987e-34
7.745379361516405e-34
2.1638163713756886e-33
7.205070838450476e-33
1.5989602079887916e-32
2.3649317128272258e-32
2.331208416173803e-32
1.5315287287138297e-32
6.705802238533934e-33
1.9568515621780957e-33
3.8058053593038892e-34
4.933064700652426e-35
4.26155990769022e-36
2.4535896591330026e-37
9.414923930355427e-39
2.4077602834401628e-40
4.103847610107593e-42
4.661769036206946e-44
3.5293264303917145e-46
1.7807971511548273e-48
5.988507863413093e-51
1.3421601630377965e-53
2.0048025801859466e-56
1.9958156743820936e-59
1.3241914937907497e-62
5.85548276015585e-66
1.7256637161901206e-69
6.099852523940669e-72
0.0
0.0
0.0
0.0
0.0
0.0
0.0
0.0
0.0
0.0
0.0
0.0
0.0
0.0
0.0
0.0
0.0
0.0
0.0
0.0
0.0
0.0
0.0
0.005127902176347693
0.0333990484410661
0.09297464492819943
0.30793671377718784
0.67973551445019
1.0
0.9804864289013583
0.6407147498576503
0.27904189027710685
0.08099452013450677
0.015668355487139102
0.002020099421152237
0.00017358157323562858
9.940678873275215e-06
3.7941108641520184e-07
9.651293823127789e-09
0.00014688356751537765
0.0013383818170356438
0.008127722627621362
0.03289571037585186
0.08873423565470998
0.15952351271425183
0.1911347901208306
0.15262874454839523
0.0812296286958387
0.028812049509057636
0.00681107064548471
0.0010730949858037584
0.00024985471311376914
2.0017641501174635e-05
1.0688575181542675e-06
1.1151902974266045e-06
7.961258457817648e-06
3.9207511350536254e-05
0.0001287025877544628
0.001355919215175651
0.008279856152367706
0.0388146739489409
0.12524486003280524
0.27112986144057655
0.3916980843991586
0.3772434517828996
0.2421566178438008
0.10359935843098728
0.029539302899174794
0.005613389094530201
0.0007109378476399988
6.000945448314523e-05
3.3758976573471438e-06
1.265728077417777e-07
3.162810006849714e-09
5.2672913661399e-11
5.84632735152013e-13
2.3219231779972018e-14
1.3105277264108597e-16
4.9297639953801e-19
1.2359121218151332e-21
2.0650501519903037e-24
2.2996214427033616e-27
1.7305313459660034e-30
6.099695436442368e-32
1.0125991204827582e-31
1.136053502089394e-31
8.494596710897718e-32
4.2331951891668075e-32
1.405967788394797e-32
3.1121749014609795e-33
4.591284124993341e-34
1.1021090208415373e-34
4.488706935558061e-34
2.036753841077332e-33
6.199463495837353e-33
1.2577034211215775e-32
1.700529553820136e-32
1.5323983526585286e-32
9.20323935300366e-33
3.683759814213226e-33
9.827056271621207e-34
1.7471779017459574e-34
4.409409617551424e-35
3.9865453651578454e-36
2.4021190324977916e-37
9.646591457999416e-39
2.5818725263437775e-40
4.605504961495315e-42
5.475216050229584e-44
4.338172486248427e-46
2.2908355733888644e-48
8.062367112992976e-51
1.891092484660825e-53
2.956272858352657e-56
3.080050319475468e-59
2.1387137202065492e-62
9.897580609505402e-66
3.0527201101165856e-69
6.275184164093969e-73
2.1567367515425433e-09
1.9148962873872413e-08
1.133117439070072e-07
4.4687508127706473e-07
1.1745699910662154e-06
2.0575633328103666e-06
2.4021994934132888e-06
1.8691599993221754e-06
9.693161170984088e-07
4.993966189503109e-07
1.3169434711647566e-07
2.3145694556496748e-08
2.7111581365399576e-09
2.116513438389982e-10
1.1012064814785733e-11
3.8185460792468184e-13
8.824881058451776e-15
1.3592559221780037e-16
1.3953242921812507e-18
9.546202107391064e-21
4.352789272287557e-23
1.3227757543217717e-25
2.679204674249569e-28
3.167452723098315e-07
2.4371049874101074e-06
1.249740613884192e-05
4.271172160439962e-05
9.728722564885033e-05
0.00014768830580774774
0.00014942317029637364
0.00010075609628157924
4.527998425034435e-05
1.3561969073621539e-05
2.7072027370662314e-06
3.601640484398761e-07
7.491824676258744e-08
5.068386958032702e-09
2.2852487084802345e-10
6.86718469149154e-12
1.3753256149277115e-13
1.8357514658177865e-15
1.63306617619793e-17
9.682226371165165e-20
3.8258525564133785e-22
1.0075411058944267e-24
1.7683933235402787e-27
2.0685999399371675e-30
1.612707839450109e-33
8.379467764984354e-37
2.9017414958995174e-40
6.697034777856212e-44
0.0
0.0
0.0
0.0
0.0
0.0
0.0
0.0
0.0
0.0
0.0
0.0
0.0
0.0
0.0
0.0
0.0
0.0
0.0
0.0
0.0
0.0
0.0
0.0
0.0
0.0
0.0
0.0
0.0
0.0
0.0
0.0
0.0
0.0
0.0
0.0
0.0
0.0
0.0
0.0
0.0
0.0
0.0
0.0
0.0
0.0
0.0
0.0
0.0
0.0
0.0
0.0
0.0
0.0
0.0
0.0
0.0
0.0
0.0
0.0
0.0
0.0
0.0
0.0
0.0
0.0
0.0
0.0
0.0
0.0
0.0
0.0
0.0
0.0
0.0
0.0
0.0
0.0
0.0
0.0
0.0
0.0
0.0
0.0
0.0
0.0
0.0
2.1452113190629462e-07
1.3954169122167108e-06
6.049499328660106e-06
1.747899393513692e-05
3.365851713154098e-05
4.3197147946713935e-05
3.6948491935825245e-05
2.1062984530519335e-05
8.00248094207167e-06
4.5673471843153526e-05
0.0003990287887878505
0.0024271489352505754
0.009849681429251082
0.026644538090679588
0.048069407370111304
0.05790564158986272
0.04672872133739148
0.02548501566806847
0.009608538677231677
0.0026363221671101677
0.0005737410915425058
0.00010632570414813675
1.639478137670077e-05
1.9250823789422604e-06
1.600975433080313e-07
2.4705093184901282e-08
1.0777368871210033e-09
3.147925581147584e-11
6.138259378888786e-13
7.981978644313035e-15
6.919143869993557e-17
3.997697713679096e-19
1.5394353002725686e-21
3.950926334750234e-24
6.758021638658624e-27
7.704107801925829e-30
5.853382183842893e-33
2.9639645914871654e-36
1.0002780884925491e-39
2.249831785090853e-43
0.0
0.0
0.0001414000734962957
0.0011562754176833827
0.0063016531921257345
0.022889128231856827
0.05540966879930295
0.0893970946023658
0.09612642765224128
0.06888802749104046
0.032902298972726424
0.016053864401130224
0.0039624070429818935
0.0010175818166713586
0.0015996684035301156
0.004047677615620944
0.00711227930935171
0.008338546362608246
0.006515788658925487
0.00339332571560468
0.0011777840414051804
0.0002724503254896569
4.2003989852226956e-05
4.315939089393532e-06
2.955572500226417e-07
1.3489301926226156e-08
4.103164059532185e-10
8.31820916613741e-12
1.1238862027627176e-13
1.0120370005839278e-15
6.073681165559204e-18
2.4293446797225146e-20
6.476014811087759e-23
1.1505568363108237e-25
1.3623536803278314e-28
1.075110762852571e-31
5.654550642943157e-35
2.9407778398124025e-37
7.865198466503796e-41
0.0001466830423644286
0.0011467692630457574
0.005975217619558985
0.02074975428925154
0.048023492159069085
0.0741838423632299
0.07694479985746137
0.0560531265819087
0.03646219853629681
0.03471306576608457
0.04129968259026214
0.0389562031502138
0.025906759809524692
0.012976505019641368
0.006141013530399892
0.0032696098569456383
0.0016225417318234284
0.0005999665836461393
0.0001519908817135759
2.5822847256693404e-05
2.9280254090081196e-06
2.2134017013701137e-07
1.1152097841008312e-08
1.2142991845890453e-09
3.11123105428034e-11
5.312768561260422e-13
6.0463208995821986e-15
4.586095164114754e-17
2.3183365677034402e-19
7.8107269900701545e-22
1.7538319567359195e-24
2.6246176704758892e-27
2.617734916982104e-30
1.7400704490216138e-33
7.70884911805448e-37
2.276112938716949e-40
4.4789851012637403e-44
2.1152274440697077e-62
5.557504978013887e-35
4.3965605057937905e-34
2.318076672038853e-33
8.14561888907329e-33
1.90766418098885e-32
5.270097005791451e-07
4.0882834147747485e-06
2.1137076977248256e-05
7.28333709996992e-05
0.00016726206010848378
0.00025600356907601253
0.00027138089216288794
0.00021121775619787847
0.00010956280231201601
3.7877158126021036e-05
8.727165068298922e-06
1.3401411478839873e-06
1.371543043823418e-07
9.355131355784063e-09
4.252769905426465e-10
1.2884733205563278e-11
2.6017198049678296e-13
3.501282585199345e-15
3.140330466555836e-17
1.8771764179098274e-19
7.47853232279695e-22
1.9856797576188624e-24
2.6905498971409814e-06
2.2145213850408155e-05
0.00012147873326536532
0.0004441218895677409
0.0010821454839840528
0.001757319272881243
0.0019019418773160487
0.0013719091667782866
0.0006595307109377455
0.0002113130101744528
7.897468560795202e-05
1.2867130315802627e-05
1.3971950597133698e-06
1.0111461474160207e-07
4.876995667631087e-09
1.5677339247500258e-10
3.3587207009380503e-12
4.795754841048485e-14
4.563747467190505e-16
2.894461546072846e-18
1.2234761608254591e-20
3.4467103419224e-23
6.471360758683346e-26
8.09781746703105e-29
6.753391133478332e-32
3.75368108300979e-35
1.3905108702319508e-38
3.432993278007778e-42
0.0
1.1113254160456791e-06
7.836692190682213e-06
3.6830352816408174e-05
0.00011536139994174343
0.00024082230250130376
0.0003350537162155969
0.00033329371380399266
0.00023580197471965517
0.00011118579383034174
3.494078941129773e-05
7.318088756193866e-06
1.021513664374428e-06
9.503251798893378e-08
5.892259168329622e-09
2.4348543835137864e-10
6.705724303351769e-12
1.2308352992350278e-13
1.5056906030557193e-15
1.227589274318113e-17
6.670401550251884e-20
2.4156411568562236e-22
2.0451014871559904e-05
0.00014787824029634548
0.0007146970800295701
0.0023087366334558863
0.004984947129895763
0.0071940331423858295
0.00693896929218521
0.004473077544814256
0.0019269875624968083
0.0005547265118506728
0.00010670089452339763
2.841773546151242e-05
2.790813970757922e-06
1.8307998047897265e-07
8.021758347944928e-09
2.347285536655638e-10
4.586465808611116e-12
5.98348980071275e-14
5.211274394890289e-16
3.0296760786188627e-18
1.1756083171100443e-20
3.044362678742257e-23
5.260808868198486e-26
6.065803788553613e-29
4.6662017812278494e-32
2.3946387355827588e-35
8.197515369714778e-39
1.871789619453964e-42
0.0
0.0
0.0
0.0
0.0
0.0
0.0
0.0
0.0
0.0
0.0
0.0
0.0
0.0
0.0
0.0
0.0
0.0
0.0
0.0
0.0
0.0
0.0
0.0
0.0
0.0
0.0
0.0
0.0
0.0
0.0
0.0
0.0
0.0
3.3067237206160526e-35
8.958128587650234e-06
7.667108990530741e-05
0.0004373483878057625
0.0016626658283002236
0.004212733249687859
0.007113846632967905
0.008006202745025642
0.0060055849720698174
0.0030045565170478436
0.0010124222426290998
0.00026160693814496157
0.00011794071704787275
0.00012530828865243822
0.00011694239182719299
7.440446072057381e-05
3.160053002250491e-05
8.945787307250777e-06
1.6878255881241784e-06
2.1223565042146514e-07
1.7786507099511096e-08
9.934466571322921e-10
3.698111350730401e-11
9.174807540585634e-13
1.517034614156833e-14
1.6717662976339338e-16
6.607895143870443e-18
3.702932527603126e-20
1.382961221978156e-22
3.44235578576017e-25
2.4381904574787204e-06
1.883785731438762e-05
9.700115982677232e-05
0.0003328924146154594
0.000761494040776189
0.0011614824134192246
0.001183995467432899
0.0008171773102035616
0.00040886829250160643
0.00019214887584640772
0.00011805060195713076
7.671395729199231e-05
3.7952828023890825e-05
1.2844795261276939e-05
2.9107935775994156e-06
4.3997769967503535e-07
4.432953141241177e-08
2.9767880797925168e-09
1.3322511945058784e-10
3.973801722993485e-12
7.899650443377577e-14
1.0466250213573412e-15
4.677503632419844e-17
3.151374049797426e-19
0.0003178038964184868
0.0021449682254992934
0.00964859454821237
0.028926027776451944
0.05779564157153473
0.07696316646730532
0.06830497142020625
0.04040203575865806
0.015927473472100117
0.004188378781844948
0.0007564862976682972
0.00018397785331923598
0.00027868560259463536
0.0005012326074801223
0.0006146765658224736
0.0005027102894847304
0.0002740175565338517
9.954530375207301e-05
2.4101535791220986e-05
3.889109822397458e-06
4.182512474991897e-07
2.997821921491003e-08
1.4320426918511063e-09
4.55918954152647e-11
3.655467800916538e-12
1.026225381219094e-06
7.397143900525292e-06
3.553587030466559e-05
0.00011377619174552338
0.0002427824995986756
0.00034527482344742376
0.00032726080435594346
0.000206730532492313
8.703557468862511e-05
2.4421398337363845e-05
4.566945214757034e-06
5.691970287709157e-07
4.728038400110564e-08
2.617465186501438e-09
9.657448062494136e-11
2.3747910117567718e-12
3.8919742659930087e-14
4.251048616245427e-16
0.00020768224524907254
0.0017812120173915503
0.010181538574140368
0.038787586187480814
0.09848127087801481
0.1666464564983405
0.18888257852880755
0.16253126749399618
0.09321021070438092
0.03562637257797288
0.009207571164050691
0.0026625250448809867
0.006515220089555074
0.02390103672313249
0.05997915970687827
0.10037278485036862
0.11196191315588709
0.08326038275061114
0.04129710861008973
0.013677703292199063
0.0030336100441991504
0.00045372596620556747
4.652035896866897e-05
3.386277654937037e-06
1.85848796219437e-07
8.20140422493013e-09
2.950092077231955e-10
8.211566247303399e-12
1.6548012810346899e-13
2.3096018832404926e-15
2.1837597475577602e-17
1.3853357159238215e-19
3.7954210465835944e-21
1.228669909976552e-23
2.652434718299928e-26
3.817124912245037e-29
3.6614208473277496e-32
2.340779038698885e-35
9.973700230583989e-39
2.8323095404209753e-42
0.0
0.0
0.0
0.0
0.0
0.0
0.0
0.0
0.0
1.1342081450985644e-05
7.717907804772776e-05
0.000350016049776665
0.0010579323077799078
0.002131127087782906
0.0028611614608778434
0.0025601000147131197
0.0015489319862257577
0.00075653113448541
0.000688098832375788
0.0015129273786057289
0.003339779545434227
0.005070598916497487
0.0051404802286431454
0.003503360798751952
0.0017673130758521357
0.0013915534460737058
0.00288556257661928
0.005735125786903205
0.008259537958010184
0.010264945541193511
0.01584715085918314
0.028283774509567063
0.040736878326168666
0.04115065616416027
0.029998523930490486
0.020516815228733047
0.01974166413567049
0.02129655970065222
0.017578813997527185
0.00990640329064011
0.003734936327362529
0.0009390544991926784
0.00015736937521960422
3.8180768957255554e-05
3.2537468408111793e-06
1.8480115368128087e-07
6.995313601991625e-09
1.7647827680708957e-10
2.967268658933487e-12
3.3250948078889994e-14
2.4833203320335066e-16
1.2360698235445572e-18
4.1004810759559855e-21
9.065842497545009e-24
1.3358710617430113e-26
1.3157639481800292e-29
3.0638121464339683e-32
8.383292836928371e-33
2.122183234339739e-33
3.5820059732582304e-34
4.029503179428445e-35
3.0210523313063696e-36
1.5095466613233118e-37
5.027086797888693e-39
1.1157522566837836e-40
1.6504436920499156e-42
9.34742848447329e-07
8.480957476703166e-06
5.1283678440884096e-05
0.00013586352669909055
0.0004177724015898938
0.0008561663564021123
0.0011693866119440721
0.0010644851935567546
0.0006582261088372822
0.00034659547384003085
0.00046240464127257955
0.001211076775439165
0.0024431785387240266
0.003315537664052162
0.0030003545373408903
0.00180961730205497
0.000727416712367988
0.00019487736826374517
3.479534030692245e-05
4.1405908592324095e-06
3.2838635103970985e-07
1.735758996903226e-08
6.114702052307137e-10
1.4356306565521296e-11
2.2464238191198261e-13
2.342729871670938e-15
1.62829947632597e-17
7.542718492956177e-20
2.328643809996223e-22
3.940826971294048e-24
6.18678624874338e-27
0.00019650330601512334
0.0013660988026923037
0.006330736815507361
0.019556504379612066
0.04027153835940494
0.0552816139842426
0.050587648605416244
0.030859980339190848
0.01254995568263831
0.0034027790420410237
0.0006897427819580621
0.000724486996923396
0.003811366815276463
0.01489749562935625
0.03892891944399212
0.06784191140451178
0.07881640150540643
0.06103253207472717
0.03149964823496659
0.010835246600169147
0.0024840272306437036
0.00037953918671521265
3.864905783683945e-05
2.6230280661328263e-06
3.483478979736086e-07
1.2022087927421457e-08
2.7652103300831514e-10
4.2389470933403254e-12
4.330812409491548e-14
7.109765998090788e-06
5.281211611270938e-05
0.00026145284981600415
0.0008626502225093605
0.0018969576949583794
0.002780110773047342
0.002716179661641194
0.0017732018405230833
0.000795864888888516
0.00032360743069900696
0.00028176391777895925
0.00037938470854492366
0.000390264719146893
0.0002708609291380226
0.0001254168078892955
3.8706409208206544e-05
7.96149352639481e-06
1.0914101824194862e-06
9.971558109220873e-08
6.071829914062423e-09
7.501098003920568e-10
2.322651188566875e-11
4.793190554638624e-13
6.592451519448979e-15
1.1290296331031494e-05
8.810093814704597e-05
0.00047560431612376743
0.0017011651026433683
0.0041576350819142825
0.00705788527392333
0.008504014172964947
0.007431480762635732
0.004767357899623124
0.0022406015177661386
0.0007871709195223067
0.00028885913804701347
0.0002511710897029464
0.0002964515063913463
0.0002577422306664533
0.0001506807544605176
5.8754051659351744e-05
1.52695773471317e-05
2.6448442557405615e-06
1.2303533040426442e-06
6.196205512143678e-06
2.7453365363133167e-05
5.9257760936475674e-05
0.00013401307164531817
0.00020199079752694605
0.00023060407143900267
0.00031284899998922913
0.0008145173539375893
0.0021581089199021065
0.004052382742503556
0.005105588458545479
0.004290122164900119
0.0024027425207024137
0.0008968704756244908
0.00023108118815770302
0.00010771292420535926
0.000422653786384052
0.0016513804370567092
0.004340652161275159
0.007605375005787227
0.008885637194299667
0.006940643310184898
0.0037076468270044387
0.0015875169035720132
0.0009451317159567748
0.0008767049607115772
0.0007053839081864078
0.0003934199961943874
0.00021344135669006505
6.0865708445546104e-05
1.1569440689557734e-05
3.877591122622127e-06
1.976951428631666e-05
0.00010665659502009739
0.0003858617038708132
0.0009304326902329383
0.0014952715827402899
0.0016015361644460013
0.00167906006256185
0.004049757578202383
0.01546033441637995
0.04446693303593237
0.08606417345899224
0.11109521008796949
0.09558366383289078
0.05482853095385238
0.021071610765647515
0.005821809435780385
0.002152151054990516
0.0022280401370963947
0.002423226531216065
0.0018298180017227066
0.0009234464750114021
0.0004672694401043651
0.00011993857293667911
2.051789473310469e-05
2.3393129427365323e-06
1.7775646378276502e-07
9.002104058394834e-09
3.038394797602224e-10
6.8348018289377345e-12
1.0246822148895881e-13
1.023844538367776e-15
6.8180532006912616e-18
2.712498603314893e-05
0.00019711429354392736
0.0009408782903449295
0.0030708119453521066
0.006947793458783952
0.011078112884384499
0.012636945310535042
0.010390457813800677
0.006134407713661784
0.002566440453328094
0.0007483416393746073
0.00014982906662358952
2.0369726154904434e-05
1.8665631072362406e-06
1.1475095144417278e-07
4.964952375706547e-06
4.298782622711807e-05
0.00024877168417781776
0.0009594944437381397
0.0024664115558031036
0.004225422855602106
0.00482454493722435
0.003671335577398238
0.0018619729097808229
0.0006293673099440095
0.00014178051611683472
2.1286804554993766e-05
2.1300310809919895e-06
1.4205056215103982e-07
3.5544726304767627e-06
2.6223494221864005e-05
0.00012916754840871145
0.0004240342086366915
0.0009277477985659896
0.001352821568785392
0.0013147181344625445
0.0008515425154522821
0.0003675882046019925
0.00011556691698780582
0.00010286380187418266
0.000465840817074006
0.0011678382809274463
0.003329676696381777
0.0063297909457249455
0.008019780142902532
0.00678443433626212
0.0038919236836866085
0.001779465295649974
0.0013678540023808747
0.002016001664854845
0.0026016231867493334
0.002701894010581376
0.003350358998585034
0.00579591385266416
0.009067470636329159
0.010490154992676245
0.010885759198506465
0.017517976382607114
0.03708571059239482
0.06194661848123018
0.07067081163533917
0.05390422379932456
0.027413412722427758
0.009291961331202048
0.0020991143088304994
0.000316043379100139
7.139283991932177e-05
5.770529899615078e-06
3.1561164159385566e-06
1.812550824262282e-05
7.602166151565452e-05
0.00021261355282258305
0.0003977021162913838
0.000501181871015397
0.0004450392784254661
0.0003374632198744551
0.0003329032027118373
0.0005231875870824699
0.0010386926514087357
0.0019067693470637144
0.0026224590408875223
0.0024860985888320556
0.0018610142666122484
0.0024473411172635014
0.007773286497279231
0.0216504039398341
0.041071751186593536
0.052004006633492375
0.04388884273836122
0.0246862887233247
0.009255673008093473
0.0023222133917683283
0.0007613792306460708
0.00019598623384465926
0.0002489599943279884
0.00037660350392720556
0.0003911771709350305
0.0002710944052901448
0.0001252178942919193
3.854733954431594e-05
7.908679811049817e-06
1.0814218145845195e-06
9.855253663212447e-08
5.985797716496094e-09
2.423024545798593e-10
6.536949640816053e-12
1.1753684070995678e-13
1.40849216361307e-15
1.1249064455610351e-17
5.987698493240584e-20
7.917501132946052e-06
5.2187251412350404e-05
0.00022925681904538208
0.0006712149926129906
0.0013097324358618881
0.0017032761518421587
0.001476281225344817
0.0008527754234215113
0.0004721129593676768
0.00013868007927400947
2.7149622091500394e-05
3.542379162853767e-06
3.0804052048545775e-07
1.7852629854181878e-08
6.895695902239831e-10
2.4089960964317543e-06
1.559107880684255e-05
6.725134410821603e-05
0.0001933335953065595
0.00037042068809132713
0.0004730038646784549
0.00040254616390420026
0.0002283222543100326
8.631024379163813e-05
2.1744928855218103e-05
3.6511963370003236e-06
4.085958310702823e-07
2.5312044169010444e-06
2.284811259195582e-05
0.0001391098743902617
0.0005645151693696437
0.0015267747812799555
0.0027520472630258815
0.003306117973261317
0.0029821364587961784
0.001821765826534415
0.0007417185457091801
0.00020126454383807873
3.639795273092518e-05
4.4172110336717305e-06
6.290000847204424e-07
1.7069275004129132e-06
6.866800951925274e-06
1.8613052034112336e-05
3.362823753007038e-05
4.049230845231082e-05
3.2495447190969266e-05
1.7380171104178795e-05
6.195368247538179e-06
3.6222078197858097e-06
1.9502415850149347e-05
0.00011510587599784794
0.00045806280398137287
0.0012151325473372047
0.0021483518517500994
0.002531446443066491
0.0019879873902865107
0.0010404951382956627
0.00036295103021477277
0.00014401044340055095
2.925838183470649e-05
2.4114690345907772e-05
7.847460749901365e-05
0.0001933159514259856
0.00031830763565815387
0.000349329108754612
0.0002555080649437513
0.00012455352132854022
4.073463259468861e-05
1.0922665199412683e-05
1.2841474665148974e-05
4.1463402297823004e-05
9.840050219529692e-05
0.00015606985032834756
0.00016498894256547475
0.00011624468098230358
5.458494947578118e-05
1.7082612289860645e-05
3.5630113343284026e-06
4.952924088812771e-07
4.588679106888169e-08
2.8333175531201997e-09
1.1659619145066187e-10
6.905200194376343e-11
4.25288251284877e-10
1.1769355069572998e-09
3.8645099921323025e-09
8.457050811543223e-09
1.2334597914411382e-08
1.1989818309341493e-08
7.767508823582498e-09
3.3537636768753472e-09
9.650830908629575e-10
1.850881030171795e-10
2.3657772457380898e-11
4.44615410126359e-08
3.8100116337512026e-07
0.00016915364593520136
0.0012858517097393994
0.006535674290383001
0.022175698121523965
0.05018780348625562
0.07573145208876483
0.07617691806963284
0.05107349725059941
0.022822909537783247
0.006797336158923663
0.0013492530206693032
0.00017849755276890076
1.991484587273153e-05
3.643331977900021e-05
0.00011817089750891005
0.0005103949861813174
0.0014705791400912752
0.0028239353447339867
0.0036141207997645985
0.0030827061453311405
0.0017524399295217666
0.0006639504966968258
0.00016765241293611687
2.8214052156017902e-05
3.1644822898695415e-06
2.3654916660011872e-07
1.1784786617024933e-08
3.9129434591225885e-10
2.777638784444934e-08
2.474861949041321e-07
1.4700858495551127e-06
5.819908913606515e-06
1.535575684572745e-05
2.7002738688834154e-05
3.1646519203734336e-05
2.4718700329106972e-05
1.2867875909893572e-05
4.512149525717516e-06
1.4026315692220744e-06
1.4695766552186374e-06
4.6143093377561475e-06
1.209195673000434e-05
2.1413049879947117e-05
2.5984012755369244e-05
2.316058852529018e-05
1.7986963938650814e-05
1.4347721573523983e-05
1.0687497370801128e-05
6.109534165954852e-06
2.4280916768262395e-06
6.832345911179003e-07
3.3979119339144096e-07
1.0263838997399182e-06
3.060104895621472e-06
6.159681027786905e-06
8.266289768423396e-06
7.39347315062882e-06
4.407253452823656e-06
2.1929813774874146e-06
3.332376457943376e-06
1.2489783707587416e-05
3.577705598906792e-05
6.871650831943312e-05
8.79845852847675e-05
7.508238037675297e-05
5.391711401765406e-05
2.3397036116221396e-05
6.766695004752051e-06
1.3042892256473368e-06
1.675532127562984e-07
1.434541646198117e-08
8.185686543599192e-10
3.112996322189264e-11
7.890120815452687e-13
1.3328161519562355e-14
1.500508255727952e-16
1.1258695656307088e-18
5.630141603893846e-21
1.8764288629647388e-23
4.167987803151974e-26
6.170243773271427e-29
6.087791271698754e-32
4.003121143423003e-35
1.754362197085834e-38
5.124144123750101e-42
9.974817541385928e-46
3.9417128893163245e-71
0.0
3.9907292591430653e-05
0.00037476068997778896
0.002345510290838242
0.006358095957720859
0.02023545486987066
0.04293568704801736
0.06078280410289598
0.057708209100439355
0.03774309320078288
0.01922982629368206
0.010582345480677073
0.007254263924684483
0.0044798582258667565
0.002046805454936798
0.0008657715734466894
0.0008541794402668242
0.0015949398282040252
0.003011658859747278
0.0049854943410453266
0.00639756519485455
0.005824054301652015
0.003613213020356174
0.0015120651584827622
0.0004783921209250968
0.00042143305168801696
0.0013342571876996663
0.0034047631322992847
0.005832165700275745
0.006679008686258033
0.005875938544503454
0.0037156053189523848
0.002511672572926651
0.003209896870425332
0.004635105863502056
0.00487181565090871
0.003457723140435417
0.0016832804356193421
0.0006801099150171053
0.00043642202075691057
0.0004434197380794231
0.0003754339348052074
0.0003689364361427837
0.0011959545611568655
0.005513700629127104
0.018328387859515956
0.04106370342925624
0.06157441133224421
0.061665692272134934
0.04121755094525101
0.018426343779588877
0.005630285286668395
0.001378448354392868
0.00047656187419245293
0.0002663122920969302
0.00018357165798528057
0.00015528155904441754
0.0003434606990984714
0.0008087068644200969
0.0015604052195720601
0.002754995132701293
0.004542544774336228
0.006100119224131429
0.005908964221188797
0.003914129911856276
0.00174904983063463
0.0005660072384512533
0.00031655067559694413
0.0006566084805411223
0.0013897607663113686
0.0023239342992194185
0.0032448466661611935
0.0037703105510199903
0.0033793812622305657
0.002169026474956638
0.0009561505149114184
0.000284220504974316
5.655784776580541e-05
7.513364254960627e-06
6.656221375656768e-07
3.931005804927553e-08
1.7032438102807698e-08
2.817356108422266e-06
4.8787606984105846e-05
0.0002951399657107577
0.001206696497502218
0.0033302555370881663
0.006195881042301135
0.007760749463163457
0.006536095757115704
0.0036966897151866976
0.0014024678965412045
0.0003565430949586539
6.068432535051531e-05
1.4892977018845572e-05
6.472125851767856e-05
0.00033358715489283623
0.0012706366156831157
0.0036152436791336137
0.007650581193041681
0.011755953280940258
0.012739732343256979
0.009511942426839668
0.004820087731951868
0.0016464766330589338
0.0003962466645267595
0.00015596204895875688
0.00023469157416629156
0.0005331406589930738
0.0008526107773686403
0.0009159061317207298
0.0006734520922391455
0.00036737534865899753
0.00018479932320206947
0.0001040284494577036
6.154397023953134e-05
7.248364823370775e-05
0.00029016425623232684
0.0010754261397714082
0.002709059968947177
0.004552630709096916
0.005099278227394383
0.003806602904329471
0.001893860733837611
0.0006279716756835391
0.00013877576169229075
2.0439427726540376e-05
2.168864527934692e-06
1.642720719354849e-06
9.374189763234366e-06
3.870105699708717e-05
0.00010687909171214725
0.00016854881368046648
0.00024408541741386533
0.0002648268281650389
0.0002776195770421254
0.0003443176090081168
0.00040528370426384455
0.0003542990729304378
0.00021155326596410936
8.46206992260969e-05
2.2582475681718985e-05
4.017365396299707e-06
4.7633414775994784e-07
3.7641553306391114e-08
1.982465777037504e-09
6.958659265002764e-11
1.6278973846091377e-12
2.5381076277334184e-14
2.637391442503729e-16
1.688984495673742e-07
1.3017413025172888e-06
6.686598623614358e-06
2.2891137429882004e-05
5.2228919222603216e-05
7.942116504814823e-05
8.0490201802167e-05
5.436649401399165e-05
3.3405993670241626e-05
1.1474011628490507e-05
2.677380817467402e-06
7.779691636497863e-07
1.9071920936674388e-06
6.157154380527763e-06
1.3525097736651419e-05
1.9809303511256973e-05
3.103598971265524e-05
0.00011472670250622305
0.0005998463253486518
0.002306744552609518
0.005958489153981009
0.010263810007594056
0.011783696695609492
0.009016489207654327
0.004598064215903742
0.0015627667173794106
0.00036090529189449476
0.00011753353870623267
0.0004014524831289258
0.0016316537815993185
0.004477846689544534
0.008191904086459603
0.00999308063220116
0.008155985330557699
0.005770601053118757
0.002868841751222395
0.0021726684362399578
0.00316645006746894
0.004429538929989933
0.004897893207216114
0.004598629433765955
0.00444902370588232
0.004989454225047811
0.005301026668919934
0.0042603565692456834
0.0023648299861067468
0.0008920535199370264
0.00028346323967158376
0.0003404842806469864
0.000981461813470133
0.0020963350828296008
0.0029958216646775314
0.002858542362855065
0.0018501793494258478
0.0009709764586818107
0.0009401501256275962
0.001749617605636154
0.002693839797162533
0.002820089968457538
0.0019717189529356066
0.0012410947186927146
0.0004449885750050249
0.00011088686426725593
2.6724529307652555e-05
3.4278515427501454e-05
0.00014369482713353336
0.00047679079714176573
0.0010683274675307433
0.001597259537725583
0.0015917552465359568
0.0010572147077004407
0.0004679851614645536
0.00013806466990350165
2.7146546439378183e-05
3.5573628339107952e-06
3.106871477929992e-07
1.808422746948504e-08
7.015492783659245e-10
1.813835725532001e-11
3.125498314818765e-13
3.589402283663434e-15
2.7473029259003584e-17
3.671608034874723e-08
3.053400497055656e-07
1.6923601112817788e-06
4.230577412505121e-06
1.1923705341082063e-05
2.2397748939959375e-05
2.815175856114892e-05
2.4307700212897663e-05
1.797342262376091e-05
2.282490662010163e-05
4.471137367468589e-05
7.031184545122387e-05
7.530853009065067e-05
5.387888527437169e-05
2.5696536017947705e-05
8.168124181111615e-06
1.730424570580263e-06
1.4437836744967354e-06
9.524359515573108e-06
5.0162642497309416e-05
0.00017649458283832848
0.00041388157280711305
0.0006468483795081359
0.0006737681045235278
0.00046773508732339455
0.00021642020460160128
6.685556895333267e-05
1.4495828351566589e-05
5.1341758515425454e-06
7.12384879223603e-06
8.616793450086256e-05
0.0005668395588405758
0.002789767155133123
0.009370812587715351
0.021072832955862122
0.0316092570718556
0.03160923941984983
0.021099170108097465
0.009573553122116265
0.003620131535711143
0.0027480644276237413
0.0038688472190871607
0.004377489283672505
0.0033934314267470944
0.001894395906769292
0.001029261143272697
0.0008400702708675676
0.0007643378400394329
0.000523257248755784
0.0002433721889430344
7.597349757408408e-05
1.8479185948540315e-05
1.8462051262578838e-05
6.342181016913716e-05
0.00016348329042826677
0.00024580517815008977
0.00032319223386679657
0.00028321412662563457
0.00016721019021507751
7.75998285843186e-05
8.176794692349775e-05
0.00021824675589499526
0.00047972861442259067
0.0007178226693610857
0.0007228824678274163
0.0004895532664468205
0.0002228669683617543
6.817020916044627e-05
1.4002174957028202e-05
1.9300553025018744e-06
1.7841244104969204e-07
1.105268650261614e-08
4.5857718043410876e-10
1.2734711651770062e-11
2.3656401376294667e-13
6.636863206055372e-06
4.8828688767265825e-05
0.0002429984676628016
0.0008102100315880105
0.0018481155535388161
0.0026296662395836837
0.0034388372633976623
0.003465188058363022
0.0027961694405217925
0.001780068349765693
0.0008517290365415003
0.0002952444252410718
7.382193899112373e-05
1.3669638413721511e-05
2.1863868154377327e-06
2.3345385271799983e-06
5.080040718404008e-05
0.0003363334558165032
0.001635200801078364
0.005576246630992383
0.013929313346596082
0.026805308668944115
0.04151324308976024
0.05136781772671341
0.0482279375739026
0.032781356846854556
0.01599479400215486
0.0058888362687264635
0.0018746933218051292
0.0008055602022638983
0.0010004621866393905
0.0014576265887219519
0.002064118311179112
0.0020105288469333894
0.0013764371166641132
0.0007736405765223003
0.00048504999177814565
0.00034451957962958776
0.00020420580248076307
8.544228460238479e-05
2.4199118622358006e-05
4.625361007135368e-06
6.055101871482354e-07
5.645805276020993e-08
4.04030257124421e-09
2.4138602608648556e-10
1.2190868899175097e-11
1.345013962481028e-07
1.0172831396418641e-06
5.789207330471203e-06
2.330050477888029e-05
7.662619076246905e-05
0.00021643733250568102
0.0005090835203431124
0.0009291469077791906
0.0012703697106553318
0.0013087347031361144
0.001162481920588692
0.000870121393715688
0.0007701052579723822
0.0009696848380614738
0.0012637138959219227
0.0015108378498431265
0.0018665904093795854
0.0023542511107415274
0.0025268856073669605
0.0020165849359943173
0.0011324787764169242
0.0004478496389066301
0.00015573514893364956
0.0001326067031403953
0.0002340356847524835
0.0003434843861301404
0.0003589989788847157
0.00026239497963067145
0.00013278425974742717
4.653188330304618e-05
1.4114888865114412e-05
1.714271195413856e-05
4.900176711827769e-05
0.00010308174498670721
0.00014803252326671534
0.00015707994141817529
0.00016852388762610257
0.00028788546835748093
0.0006067482139685979
0.001008780936928175
0.0012380590450052917
0.0012310861380351932
0.0011091783326029423
0.0008938505332027761
0.0006108303481253307
0.0005115659813634085
0.0008700685438517315
0.0015911624619165407
0.0020799966285744084
0.0018257593650061014
0.0010689067789136748
0.00041711117384976516
0.0001086227346480159
1.9816679804742122e-05
6.962940122574482e-06
1.5257904470430982e-05
3.1688982214608616e-05
4.4325872172131005e-05
4.133327128717356e-05
4.243869098348344e-05
0.00015422689620414948
0.0004847478129235028
0.0020934040377696946
0.006078798503932351
0.011769303934684863
0.015187083653584605
0.013061449598878486
0.007488698512618763
0.0028719458292258446
0.0007700552471716675
0.0002316419482548302
0.00023410456170922157
0.00036184472474170263
0.0004567317104228406
0.0004200983063653307
0.00026871262042737847
0.00011673753771342028
3.407290910546709e-05
6.650435628856989e-06
8.663195405393107e-07
7.5255441993975e-08
4.3579527374141664e-09
1.3465436004835084e-05
9.708437151263232e-05
0.00047267230627747164
0.001555625696364844
0.00346333008125205
0.004753154118490207
0.005518615719555958
0.004333395225737188
0.00229936327276024
0.000823507266883288
0.00019880324000240578
3.2303922721706706e-05
3.5281519175876362e-06
2.5865394527203667e-07
1.271290496788257e-08
4.1846812543255634e-10
9.216711111170578e-12
3.422701769490427e-07
2.4366082903939486e-06
1.1560699047613943e-05
3.6556450622601916e-05
7.704163604577357e-05
0.00010821027973193745
0.00010129618534111503
6.319739981144452e-05
2.6277671400838577e-05
7.58513298550218e-06
3.4438132677601938e-06
9.853816667060563e-06
2.981862023618889e-05
6.111112635156528e-05
7.872268364869796e-05
8.20781077222771e-05
6.232066392554894e-05
7.516391756536697e-05
0.00030778337595944083
0.0012290507600846562
0.0033510326012845845
0.006096828045102343
0.0073932887738191455
0.00597522537890152
0.003218492700265661
0.0011553998783435226
0.0002764353983052203
4.407948790365048e-05
4.684475524580122e-06
3.317927989851859e-07
1.5662262060290537e-08
6.807310334955309e-07
5.553344312710737e-06
2.997105804709008e-05
0.00010895759201518134
0.0002684588923776795
0.0004526055857581711
0.0005291614701780611
0.00043655648388140435
0.00031961644516386123
0.0001546125750206097
5.6013008921278105e-05
1.5534427253542313e-05
3.338811990148361e-06
8.39874302385518e-05
0.0005485502267629539
0.0024030138748459143
0.007016645636436168
0.013654802114159356
0.017710174824706413
0.01530882415697296
0.008819467599858867
0.003386292367804663
0.0008665389381966894
0.00014778598880286
1.6798093294628632e-05
1.272530687783531e-06
6.424777441418514e-08
1.0528140727075827e-08
5.725013109533023e-08
2.668304095837474e-07
8.454700611000336e-07
1.9154754531090203e-06
3.375280166475642e-06
5.07849013798949e-06
6.155762616731166e-06
6.847930071193805e-06
5.617373012324316e-06
3.200589905006099e-06
1.2340761955244473e-06
3.188563620764641e-07
5.501199343949178e-08
5.048323592537123e-06
3.661202695035421e-05
0.00017718025838306674
0.0005714708393834518
0.0012284413480338336
0.0017599337761086712
0.0016804274791728804
0.0010693620593868742
0.00045377532407238683
0.00012998860813077853
3.31747586465791e-05
3.3804840417200516e-05
8.784598681329675e-05
0.0002363290171128878
0.0007445695472004427
0.0021701373714470367
0.00466384480214566
0.006844661391337467
0.0067340528157404005
0.005322310960058584
0.0026687704894525995
0.000893062378813226
0.00020055487222650712
3.18720373862463e-05
7.138481602481666e-06
1.0981106905061542e-05
2.3362958521081725e-05
3.502892335846578e-05
3.520390085759801e-05
2.359684827204198e-05
1.0542440083559975e-05
3.1391749632916418e-06
6.229772905145673e-07
8.239684070750053e-08
7.263241202073173e-09
4.26709118298806e-10
2.0669738760552426e-06
1.7206967891460936e-05
9.546820248669514e-05
0.0003530162538430268
0.0008699858851478545
0.0014289310040641221
0.0015641984830727655
0.0011411804416666135
0.0007381842942768528
0.00027387599952974584
6.777207640253992e-05
1.1297348549774917e-05
1.444422628662726e-06
3.1959347171430946e-07
1.6526434584854336e-07
7.518489687979073e-08
2.3330834712198175e-08
4.833072619754909e-09
6.673406521900686e-10
2.5164195737975585e-08
8.817615459384278e-06
6.368494285250986e-05
0.0003149939572625258
0.0010444145940676033
0.0023776573789581323
0.003802944181096194
0.00442202838390145
0.0038754868429956013
0.0026032894519531185
0.0013195576631577265
0.0004872025144175715
0.0001266881225358217
2.2682627655524848e-05
2.7615048460890144e-06
8.37209339142923e-07
2.3895397789897278e-06
1.2683729160950132e-05
5.220948120550274e-05
0.0001722145448275244
0.0005730918955093025
0.0018704487944423659
0.004879543499010343
0.009040374433482393
0.011521719111443058
0.010191985094846201
0.006484192707068493
0.00313570649137717
0.0012065056795964447
0.0003675015120283327
8.455069305065606e-05
1.607015251370858e-05
1.535958377353718e-05
5.941026230988707e-05
0.00021390286783562568
0.0006447055182866159
0.00149829347153103
0.0024889709206733484
0.0028359496958022907
0.0021773761548566444
0.0011187372235966313
0.0005733542031984686
0.00015009315300204304
2.6200267254320863e-05
3.109883521647672e-06
6.262677633742362e-07
1.6258748467674578e-06
4.453563645470793e-06
8.200078161916917e-06
1.0086757271438688e-05
8.352823665439268e-06
4.880846008305755e-06
2.5243181616618917e-06
1.785930696197847e-06
1.519357798336131e-06
1.0243371622206195e-06
4.747524509774317e-07
1.4737027828153057e-07
3.0511731486309024e-08
4.210726786369847e-09
3.872905194117112e-10
2.374102528596793e-11
9.699376532910223e-13
1.9745396657344186e-07
1.5165435280049979e-06
7.762927022258793e-06
2.6489769939879712e-05
4.79335152358437e-05
8.331216649631122e-05
9.707423037678526e-05
7.721704595531253e-05
5.143603263920058e-05
6.832302315572528e-05
0.00022289704041708318
0.0006633577673648989
0.0013932003459492877
0.002030091337493458
0.0021524831742917878
0.0019325561289920674
0.001814619997205472
0.001766191355887473
0.001634179913054329
0.0021457471396882093
0.004559265601679397
0.008766096360094918
0.012045717651874094
0.011505174861560222
0.00769303773892247
0.0036365638803015415
0.0012252180848136866
0.0003065726103927995
8.215194090849204e-05
5.523605476109499e-05
4.7530602073598815e-05
3.8080729413080705e-05
2.8591608935771955e-05
2.4846517555171218e-05
3.4415345154191505e-05
7.11434828551471e-05
0.00013101846689160301
0.00017108400091748202
0.00015116390142673293
8.962310233569566e-05
3.82101010606743e-05
3.0365003915619007e-05
0.0001082427078470571
0.0003720511126818659
0.0008960148369250714
0.0015042048137974896
0.0017711945839005063
0.0014658902752444965
0.0008499592723093767
0.00034271528679201695
9.521306457415455e-05
1.806418691291071e-05
2.323231400562028e-06
2.014226041811914e-07
1.1726418984055412e-08
1.4099256534139512e-09
5.010372612131638e-08
3.1640383806052373e-07
1.3327762350473846e-06
3.7415833774364884e-06
7.225777838855566e-06
1.0723432333079166e-05
3.0195043953036745e-05
0.00012772137255897715
0.00048754075762483696
0.001364041174460775
0.0027475817434342315
0.004047690835677542
0.004535101992723054
0.004024965640021578
0.0028390266494928186
0.0015282541424046989
0.0006062159742600301
0.00019640233853435504
8.719828740973841e-05
6.301425079129389e-05
4.069111708558113e-05
1.830449303544528e-05
5.518084085222513e-06
1.2014600927560628e-06
7.713045321735575e-07
1.808526108627405e-06
6.115636982265682e-06
1.401422626904772e-05
2.1410292207420454e-05
2.2020165695559428e-05
1.663287104012503e-05
1.6938293793764706e-05
4.007238119724548e-05
9.478470379247066e-05
0.00015680671359869243
0.0001775107165158764
0.00014677888230317014
0.00010775444226421222
8.727108997907717e-05
7.097454370592966e-05
5.0613794984644336e-05
3.8368124225877045e-05
3.6799412631151345e-05
3.326844391624531e-05
2.2184486595550572e-05
1.1296685053464405e-05
8.889014945821726e-06
2.1254264589957142e-05
6.56478393789146e-05
0.00022950209220731833
0.000505582635195436
0.0013056218484001861
0.0023374222655702056
0.0028242874306062754
0.002303907219150272
0.0012932774379990546
0.000527238262492297
0.00017827306828459665
8.99603168381831e-05
0.00018285181299502803
0.0005070126692314883
0.001060876085533255
0.001604061632854489
0.001753366161607337
0.0013748643330238645
0.0007617243062492668
0.00029355655585743104
7.822181364664674e-05
1.7761021076323346e-05
2.392528920551722e-05
0.0001129343096635768
0.00039859700533233515
0.0009441890009773315
0.001491893651513205
0.0015715429264491526
0.0011036998547407717
0.0006962528534656775
0.0002489465724316344
5.940570554785637e-05
9.49799896812404e-06
1.7664976146202083e-06
6.184177344863659e-06
3.490316129010692e-05
0.00013769419055673123
0.00036958579997800725
0.0006685906239904844
0.0008109108451468335
0.0006575440886533241
0.00035593091113151655
0.00012945955472047882
3.85766168663864e-05
4.6138454471388654e-05
0.00014847387627378903
0.00035432567169209296
0.0005706714331781882
0.0006404773532291845
0.0006196619259509991
0.0008462210109000591
0.0015226432901942022
0.002282030382309693
0.002504506683422694
0.0021555876366188757
0.0018973019017501337
0.0017766683885434974
0.0017381548811567073
0.0013661907066031237
0.000765119955756568
0.0003317831915497696
0.0002208650492826575
0.00033184853429740676
0.00048004230166178943
0.0004950471644606762
0.00034999179816958
0.00017228826422207823
8.754991326171783e-05
0.00020481854631793634
0.0007759317018062652
0.002091131527136812
0.0038083831331105
0.004852923393565813
0.004835204757677265
0.004617989751270988
0.004515711735015927
0.0037610699900109796
0.002272137678336103
0.0009374554657496381
0.00026329760744436224
9.68845632499803e-05
3.104867403089314e-05
2.6572627725476564e-05
2.3362065628399407e-05
1.5332909465512877e-05
9.657700348726713e-06
8.965689910965633e-06
9.797870102708323e-06
1.0419012612313801e-05
1.4310252585594894e-05
2.5514308069316564e-05
4.8675531380318556e-05
0.0001275675019535095
0.00039258117675171144
0.0009604793903323595
0.0016542736869098085
0.0020373487483456333
0.0021823180389977997
0.002941946819594665
0.004732837360874618
0.006415676913613445
0.0063829000355323665
0.0046019721311626
0.0025748756885782
0.001487064734729452
0.001225513206877615
0.0011459532531760482
0.0008566279397221168
0.000463764134683489
0.0001881556867122255
6.736593644582514e-05
4.711346949519463e-05
0.00013875303407488552
0.00042887224993870825
0.000917184469321434
0.001343764835858499
0.0014229927672150039
0.0012590553713275198
0.001164357374499811
0.0012182331402982624
0.001259979655748069
0.001100126251859939
0.0007262032464493465
0.0003396243300249988
0.0001088956935106871
2.3578659133111207e-05
3.4242262422485985e-06
2.8314705930978186e-06
1.91323734647164e-05
9.740505847661177e-05
0.00033086967851153056
0.0007492542418231739
0.0010316539314194008
0.0011917554729370093
0.0009312235242823306
0.0005224665882805103
0.0002628552890559528
0.00016325832174270968
0.00010899792570240923
5.671876626246258e-05
2.0363121335157323e-05
5.020511314007867e-06
1.3021579166466747e-06
1.4915586596999964e-06
2.562471373486819e-06
3.095027858504313e-06
2.4968411598418943e-06
1.3425663123645776e-06
4.811312601896817e-07
1.1491401777730356e-07
3.858149316571847e-07
3.4702759394967934e-06
2.1814343058390257e-05
9.144065159053539e-05
0.00025545870386915455
0.00047564580938129687
0.0005902393964325877
0.0004881584308540062
0.000344164562383821
0.00015161978707750883
8.108593628095294e-05
0.0001599529652884907
0.0003828852325624785
0.0006390307832718652
0.000713123106690275
0.0005308253260871248
0.00026348674850037735
8.72034638942442e-05
1.9241704641655525e-05
2.830515575807404e-06
2.7757688172914766e-07
1.814613566527473e-08
7.907841720738793e-10
2.2971862899717723e-11
4.4482739964389344e-13
5.741659114091457e-15
4.9400120094407054e-17
2.833074858031492e-19
1.0829857233775717e-21
2.759419021271258e-24
4.68639390578258e-27
5.304964055241101e-30
4.0026280206307636e-33
2.6479347512009594e-35
1.0160813735262293e-38
2.598729512720566e-42
0.0
0.0
0.0
0.0
0.0
0.0
0.0
0.0
0.0
0.0
0.0
0.0
0.0
0.0
0.0
0.0
0.0
0.0
0.0
0.0
0.0
0.0
0.0
0.0
0.0
0.0
0.0
0.0
0.0
0.0
0.0
0.0
0.0
0.0
0.0
0.0
0.0
0.0
0.0
0.0
0.0
0.0
0.0
0.0
0.0
0.0
0.0
0.0
0.0
0.0
0.0
0.0
0.0
0.0
0.0
0.0
0.0
0.0
0.0
0.0
0.0
0.0
0.0
0.0
0.0
0.0
0.0
0.0
0.0
0.0
0.0
0.0
0.0
0.0
0.0
0.0
0.0
0.0
0.0
0.0
0.0
0.0
0.0
0.0
0.0
0.0
0.0
0.0
0.0
0.0
0.0
0.0
0.0
0.0
0.0
0.0
0.0
0.0
0.0
0.0
0.0
0.0
0.0
0.0
0.0
0.0
0.0
0.0
0.0
0.0
0.0
0.0
0.0
0.0
0.0
0.0
0.0
0.0
0.0
0.0
0.0
0.0
0.0
0.0
0.0
0.0
0.0
0.0
0.0
0.0
0.0
0.0
0.0
0.0
0.0
0.0
0.0
0.0
0.0
0.0
0.0
0.0
0.0
0.0
0.0
0.0
0.0
0.0
0.0
0.0
0.0
0.0
0.0
0.0
0.0
0.0
0.0
0.0
0.0
0.0
0.0
0.0
0.0
0.0
0.0
0.0
0.0
0.0
0.0
0.0
0.0
0.0
0.0
0.0
0.0
0.0
0.0
0.0
0.0
0.0
0.0
0.0
0.0
0.0
0.0
0.0
0.0
0.0
0.0
0.0
0.0
0.0
0.0
0.0
0.0
0.0
0.0
0.0
0.0
0.0
0.0
0.0
0.0
0.0
0.0
0.0
0.0
0.0
0.0
0.0
0.0
0.0
0.0
0.0
0.0
0.0
0.0
0.0
0.0
0.0
0.0
0.0
0.0
0.0
0.0
0.0
0.0
0.0
0.0
0.0
0.0
0.0
0.0
0.0
0.0
0.0
0.0
0.0
0.0
0.0
0.0
0.0
0.0
0.0
0.0
0.0
0.0
0.0
0.0
0.0
0.0
0.0
0.0
0.0
0.0
0.0
0.0
0.0
0.0
0.0
0.0
0.0
0.0
0.0
0.0
0.0
0.0
0.0
0.0
0.0
0.0
0.0
0.0
0.0
0.0
0.0
0.0
0.0
0.0
0.0
0.0
0.0
0.0
0.0
0.0
0.0
0.0
0.0
0.0
0.0
0.0
0.0
0.0
0.0
0.0
0.0
0.0
0.0
0.0
0.0
0.0
0.0
0.0
0.0
0.0
0.0
0.0
0.0
0.0
0.0
0.0
0.0
0.0
0.0
0.0
0.0
0.0
0.0
