a = 9.152256958862129 b = 5.080866592568874 c = 9.38880050104231 ,Gaussian ,LMH = 0.08 ,DW = [1.8 1.8 1.8]
0.0
0.0
0.0
0.0
0.0
0.0
0.0
0.0
0.0
0.0
0.0
0.0
0.0
0.0
0.0
0.0
0.0
0.0
0.0
0.0
0.0
0.0
0.0
0.0
0.0
0.0
0.0
0.0
0.0
0.0
0.0
0.0
0.0
0.0
0.0
0.0
0.0
0.0
0.0
0.0
0.0
0.0
0.0
0.0
0.0
0.0
0.0
0.0
0.0
0.0
0.0
0.0
0.0
0.0
0.0
0.0
0.0
0.0
0.0
0.0
0.0
0.0
0.0
0.0
0.0
0.0
0.0
0.0
0.0
0.0
0.0
0.0
0.0
0.0
0.0
0.0
0.0
0.0
0.0
0.0
0.0
0.0
0.0
0.0
0.0
0.0
0.0
0.0
0.0
0.0
0.0
0.0
0.0
0.0
0.0
0.0
0.0
0.0
0.0
0.0
0.0
0.0
0.0
0.0
0.0
0.0
0.0
0.0
0.0
0.0
0.0
0.0
0.0
0.0
0.0
0.0
0.0
0.0
0.0
0.0
0.0
0.0
0.0
0.0
0.0
0.0
0.0
0.0
0.0
0.0
0.0
0.0
0.0
0.0
0.0
0.0
0.0
0.0
0.0
0.0
0.0
0.0
0.0
0.0
0.0
0.0
0.0
0.0
0.0
0.0
0.0
0.0
0.0
0.0
0.0
0.0
0.0
0.0
0.0
0.0
0.0
0.0
0.0
0.0
0.0
0.0
0.0
0.0
0.0
0.0
0.0
0.0
0.0
0.0
0.0
0.0
0.0
0.0
1.0991513968823058e-34
1.0136695570115857e-33
6.230413050510184e-33
2.5522242070351816e-32
6.967907162048676e-32
1.2678487184616036e-31
1.5374962476384884e-31
1.2426311644043182e-31
6.693479939777855e-32
2.4647902179215547e-32
9.805555688952122e-33
1.8646434903277651e-32
5.17459417627313e-32
1.0028292672341842e-31
1.2975349864509687e-31
1.1189751674985286e-31
8.092006476183586e-32
3.5486340892194317e-32
1.0371648047607868e-32
2.0203000289841792e-33
2.6228020676857525e-34
2.2693250799613276e-35
1.308607655204392e-36
5.029256066020133e-38
1.288189006312547e-39
2.1990594822004921e-41
2.501934369621221e-43
1.8971269685601348e-45
9.58734665319774e-48
3.2291038439065737e-50
7.248483268924407e-53
1.0844107599795733e-55
1.0812398503645574e-58
7.185083466107697e-62
3.1821682588284855e-65
9.392820212518084e-69
1.84778070566006e-72
0.0
0.0
0.0
0.0
0.0
0.0
0.0
0.0
0.0
0.0
0.0
0.0
0.0
0.0
0.0
0.0
0.0
0.0
0.0
0.0
0.0
0.0
0.0
0.0
0.0
0.0
0.0
0.0
0.0
0.0
0.0
0.0
0.0
0.0
0.0
0.0
0.0
0.0
0.0
0.0
0.0
0.0
0.0
0.0
0.0
0.0
0.0
0.0
0.0
0.0
0.0
0.0
0.0
0.0
0.0
0.0
0.0
0.0
0.0
0.0
0.0
0.0
0.0
0.0
0.0
0.0
0.0
0.0
0.0
0.0
0.0
0.0
0.0
0.0
0.0
0.0
0.0
0.0
0.0
0.0
0.0
0.0
0.0
0.0
1.6366499824365514e-08
1.0669057853436774e-07
4.6353003309326535e-07
1.3421814572492951e-06
2.590157297303349e-06
3.3313678623664697e-06
2.8556211684846176e-06
1.6313988122093326e-06
6.211567929882922e-07
1.5762455899344092e-07
2.665803158282465e-08
3.0047878879834328e-09
2.2572575276813513e-10
1.1301340192483892e-11
3.771033015138122e-13
8.386336207333517e-15
1.2429846115989167e-16
1.2278371882821964e-18
8.08346127598388e-21
3.546790115874284e-23
1.037182463186029e-25
2.0214192109363165e-28
2.625664066685762e-31
2.4949501274167746e-33
1.6479621055526405e-36
7.2546108555362555e-40
2.128445675056537e-43
4.161908872417418e-47
0.0
0.0
0.0
0.0
0.0
0.0
0.0
0.0
4.189581843613357e-06
3.056826394732746e-05
0.0001486457233632656
0.00048174321988321626
0.0010405437656540349
0.0014979131733171929
0.0014371247771149827
0.000918933030039969
0.00039161092157199897
0.00011122624525541496
2.105432421191284e-05
2.6561762187882065e-06
2.2333357094604902e-07
3.421261635793969e-08
1.462803510007758e-09
4.1683794698955835e-11
7.916442303829862e-13
1.0020154127120358e-14
8.452794306644848e-17
4.752342669403358e-19
1.780724539095628e-21
4.4470016143927325e-24
7.401493786997014e-27
8.210186431679528e-30
6.069713708532445e-33
2.9906455485111686e-36
9.820717717265776e-40
2.149329803260953e-43
0.0
0.0
0.0
0.0
0.0
0.0
0.0
0.0
0.0
0.0
0.0
0.0
0.0
0.0
0.0
0.0
0.0
0.0
0.0
0.0
0.0
0.0
0.0
0.0
0.0
0.0
0.0
0.0
0.0
0.0
0.0
0.0
0.0
0.0
0.0
0.0
0.0
0.0
0.0
0.0
0.0
0.0
0.0
0.0
0.0
0.0
0.0
0.0
0.0
0.0
0.0
0.0
0.0
0.0
0.0
0.0
0.0
0.0
0.0
0.0
0.0
0.0
0.0
0.0
0.0
0.0
0.0
0.0
0.0
0.0
0.0
0.0
0.0
0.0
0.0
0.0
0.0
0.0
0.0
0.0
0.0
0.0
0.0
0.0
0.0
0.0
1.6664476674987318e-34
1.0912065198560745e-33
3.0484891985383524e-33
1.0150852408864776e-32
2.2526925054400364e-32
3.3318302223820606e-32
3.284319210381673e-32
2.157691774818661e-32
9.447458648585894e-33
2.7569071615121293e-33
5.361802731070524e-34
6.949940232714293e-35
6.003891790160664e-36
3.4567358267822725e-37
1.3264200366735076e-38
3.392169184888092e-40
5.781699074541438e-42
6.56772577421728e-44
4.972285838804679e-46
2.5088731890090714e-48
8.436899627194454e-51
1.8909001770459416e-53
2.824462875753683e-56
2.8118016880328833e-59
1.8655850464108483e-62
8.249487425411207e-66
2.431198538243133e-69
8.593767372269066e-72
0.0
0.0
0.0
0.0
0.0
0.0
0.0
0.0
0.0
0.0
0.0
0.0
0.0
0.0
0.0
0.0
0.0
0.0
0.0
0.0
0.0
0.0
0.0
0.005127902176347693
0.0333990484410661
0.09297464492819942
0.3079367137771879
0.67973551445019
1.0
0.9804864289013583
0.6407147498576504
0.27904189027710685
0.08099452013450677
0.015668355487139105
0.002020099421152237
0.00017358157323562858
9.940678873275215e-06
3.7941108641520184e-07
9.651293823127787e-09
0.00014628785900742695
0.0013329538012553592
0.00809475938336638
0.03276229670196772
0.08837436014988775
0.1588765402774525
0.19035961322798525
0.15200973491711295
0.08090018929268446
0.02869519775747009
0.006783447288289618
0.0010687428820538476
0.00024884138843304584
1.9936456840176172e-05
1.064522600114002e-06
1.1068588202744027e-06
7.900823727893706e-06
3.8909867449497415e-05
0.00012772554163645728
0.0013445479675177842
0.008209105142520969
0.038481473733757876
0.1241686773349763
0.26879969369350276
0.38833158932721595
0.37400116391544413
0.2400753553134618
0.10270895316259386
0.029285421476419212
0.00556514370323568
0.0007048275506073191
5.9493691265512294e-05
3.3468828320447903e-06
1.2548495251703982e-07
3.1356266058317247e-09
5.2220205806123506e-11
5.796079925802248e-13
2.301966946436082e-14
1.2992641346506527e-16
4.887394156116799e-19
1.2252898287410833e-21
2.047301666932864e-24
2.2798573512957683e-27
1.717414316800967e-30
6.490894056072533e-32
1.0785746365978722e-31
1.2100728723859073e-31
9.048060697136169e-32
4.5090082929149776e-32
1.4975733775912273e-32
3.31494812136253e-33
4.89042845170542e-34
1.259833167645414e-34
5.369951782943359e-34
2.4383745569182583e-33
7.421966509662526e-33
1.505716308423056e-32
2.035865563187592e-32
1.8345797215187764e-32
1.1018072591903546e-32
4.410179012772475e-33
1.1764903118607444e-33
2.091712734399752e-34
5.278923364930542e-35
4.7726723753946816e-36
2.8758050137874394e-37
1.1548851537147674e-38
3.0910050067330727e-40
5.513687739911503e-42
6.55490154975664e-44
5.193638624000794e-46
2.7425770074615884e-48
9.652225994159377e-51
2.26400656060259e-53
3.539235230709622e-56
3.6874209943937477e-59
2.5604574779254347e-62
1.1849334506784957e-65
3.654701403050097e-69
7.512619415356789e-73
2.1041025215341986e-09
1.8681640695769876e-08
1.1054641967947575e-07
4.3596928769974844e-07
1.1459051171420046e-06
2.007349387302914e-06
2.343574851081853e-06
1.8235439558915823e-06
9.456603754221641e-07
4.872090599037927e-07
1.2848040338784503e-07
2.2580833865863908e-08
2.6449934918073185e-09
2.0648608409868473e-10
1.0743320123569394e-11
3.7253561094979415e-13
8.609513643260922e-15
1.3260838677782478e-16
1.361272004771407e-18
9.313231163177698e-21
4.246561327892363e-23
1.2904939854431566e-25
2.613826101077605e-28
3.0711107898608166e-07
2.3629774702801374e-06
1.2117282306498664e-05
4.141259255939067e-05
9.4328116163183e-05
0.00014319618606928127
0.00014487828254103343
9.76914768697587e-05
4.39027383682418e-05
1.3149465262741673e-05
2.6248598678411197e-06
3.492092201463696e-07
7.263951702015535e-08
4.914225794277444e-09
2.2157400850687625e-10
6.658310903335961e-12
1.3334934108960823e-13
1.779914848629872e-15
1.58339447900973e-17
9.387729660973166e-20
3.7094845901676355e-22
9.768955157486749e-25
1.714605486306988e-27
2.0056809527474935e-30
1.5636553658750927e-33
8.124596044850131e-37
2.8134814933328576e-40
6.493336306604427e-44
0.0
0.0
0.0
0.0
0.0
0.0
0.0
0.0
0.0
0.0
0.0
0.0
0.0
0.0
0.0
0.0
0.0
0.0
0.0
0.0
0.0
0.0
0.0
0.0
0.0
0.0
0.0
0.0
0.0
0.0
0.0
0.0
0.0
0.0
0.0
0.0
0.0
0.0
0.0
0.0
0.0
0.0
0.0
0.0
0.0
0.0
0.0
0.0
0.0
0.0
0.0
0.0
0.0
0.0
0.0
0.0
0.0
0.0
0.0
0.0
0.0
0.0
0.0
0.0
0.0
0.0
0.0
0.0
0.0
0.0
0.0
0.0
0.0
0.0
0.0
0.0
0.0
0.0
0.0
0.0
0.0
0.0
0.0
0.0
0.0
0.0
0.0
2.0115412758706066e-07
1.3084672316561935e-06
5.672549594445927e-06
1.6389862130961576e-05
3.156122471154366e-05
4.05054948771481e-05
3.4646198232139715e-05
1.9750531054754566e-05
7.503839170201919e-06
4.270182458887384e-05
0.00037301683406242643
0.0022689216695541805
0.009207572904493156
0.02490755206474909
0.044935673728571365
0.05413054119993555
0.04368201367373463
0.023822991171229362
0.008981520733664674
0.002464043853640432
0.0005361568774060226
9.934123645959199e-05
1.5315679316604645e-05
1.7982475472232048e-06
1.4954510967588465e-07
2.3076522207600687e-08
1.0066862686116788e-09
2.9403901318865996e-11
5.733573853361524e-13
7.455737672138288e-15
6.462973516011573e-17
3.7341344573710406e-19
1.4379422203704845e-21
3.690446593848952e-24
6.312473527302444e-27
7.196185381241813e-30
5.467475842255492e-33
2.7685540240357336e-36
9.343309751420864e-40
2.101503121834359e-43
0.0
0.0
0.0001308275116238666
0.0010698200637874976
0.00583047508998645
0.02117769542667083
0.05126665714997178
0.08271282428673778
0.08893900137444993
0.06373723149136437
0.03044217584101232
0.014853488717711716
0.003665963197515534
0.0009404717301117345
0.001476001067120763
0.0037343158800647066
0.006561641110394588
0.007692968905325433
0.006011330661391852
0.0031306115014898663
0.0010865989814450698
0.00025135698546078274
3.875200459975915e-05
3.98179534927183e-06
2.7267495189536955e-07
1.2444948494933075e-08
3.7854935463976535e-10
7.674206212361171e-12
1.0368739601235193e-13
9.336842199926291e-16
5.603451512422032e-18
2.2412627118091768e-20
5.974636138858986e-23
1.0614797301365768e-25
1.2568790791611887e-28
9.91874756990604e-32
5.21677043766086e-35
2.7131002739550008e-37
7.256267993213372e-41
0.00013412091363761584
0.0010485584346492333
0.005463492121521303
0.01897271803318787
0.043910697110037526
0.06783048215140115
0.07035398415589593
0.051246982096616336
0.03332101422210176
0.03169994376354016
0.03770426346569899
0.03556268143922316
0.023648741005644208
0.011843447331274244
0.005602567177346058
0.002981765069300027
0.0014794596687117514
0.0005470357506228924
0.00013858042636821132
2.3544394688241315e-05
2.669672776790416e-06
2.0181032627989867e-07
1.0168097590482607e-08
1.1071560469037301e-09
2.8367129881978654e-11
4.8439988261017e-13
5.5128265045557e-15
4.181443127567838e-17
2.1137791871879056e-19
7.121551019986585e-22
1.5990833857403609e-24
2.3930357151145894e-27
2.3867602582683206e-30
1.5865361184469693e-33
7.0286622960169475e-37
2.075281141041927e-40
4.083783872737049e-44
2.129194232447568e-62
5.700738589837792e-35
4.509873088209547e-34
2.3778204771338363e-33
8.355555977503923e-33
1.9568304222915743e-32
4.7503435482492264e-07
3.68508411162974e-06
1.905247230504051e-05
6.56503160464509e-05
0.00015076615235546048
0.00023075569602468436
0.00024461645939105283
0.00019038680015332813
9.875737591149502e-05
3.4141594268991706e-05
7.86646474080867e-06
1.2079722344006379e-06
1.2362771771018335e-07
8.432499028032397e-09
3.833348429873384e-10
1.1614000498795026e-11
2.3451300566762733e-13
3.155975140670353e-15
2.8306212494344214e-17
1.6920434056420888e-19
6.740976063805232e-22
1.7898458064677073e-24
2.4071612133873005e-06
1.9812715571457966e-05
0.0001086836914931545
0.00039734367599714713
0.0009681658901983733
0.001572225364678322
0.001701615243061342
0.0012274095113673107
0.0005900640415901955
0.0001890559556306959
7.065648558940555e-05
1.1511868654326988e-05
1.2500321063929135e-06
9.046447306969622e-08
4.36331428807704e-09
1.4026085524672078e-10
3.0049553091322725e-12
4.290630348299165e-14
4.0830597129564695e-16
2.5895953740725247e-18
1.0946105712339921e-20
3.083677228091095e-23
5.789749014761691e-26
7.244895231432291e-29
6.042073857324534e-32
3.3583155324672816e-35
1.2440519453560558e-38
3.07140494715257e-42
0.0
9.845504150501766e-07
6.942717621279988e-06
3.26289119534981e-05
0.00010220149071866853
0.00021335037825793063
0.0002968322964644687
0.0002952730672055897
0.00020890274687134956
9.850221895658224e-05
3.0954901436052466e-05
6.483274132181417e-06
9.049839837352654e-07
8.419163611158005e-08
5.220096765539725e-09
2.1570971555794115e-10
5.940765459651533e-12
1.0904271487213475e-13
1.333928196702672e-15
1.0875514157154532e-17
5.909472167225135e-20
2.1400756873334454e-22
1.7986293526508882e-05
0.00013005588319272866
0.000628559861526674
0.002030476354723222
0.004384125809444956
0.0063269413084039204
0.0061026051730944724
0.003933921521973707
0.0016947169015663816
0.0004878610964386462
9.383921728904833e-05
2.4992239402309646e-05
2.454402083566704e-06
1.610107377793151e-07
7.054768411498722e-09
2.0643263619337883e-10
4.033572714526246e-12
5.262179092093202e-14
4.583047879737692e-16
2.664440816202044e-18
1.0338844383519948e-20
2.677350603425863e-23
4.6265890726416105e-26
5.334532253871682e-29
4.103657625900318e-32
2.1059461287788507e-35
7.209234846688638e-39
1.6461282779958636e-42
0.0
0.0
0.0
0.0
0.0
0.0
0.0
0.0
0.0
0.0
0.0
0.0
0.0
0.0
0.0
0.0
0.0
0.0
0.0
0.0
0.0
0.0
0.0
0.0
0.0
0.0
0.0
0.0
0.0
0.0
0.0
0.0
0.0
0.0
2.8334912669914446e-35
7.70358448758315e-06
6.593366159700862e-05
0.00037609978724961773
0.001429817238902565
0.003622759619387622
0.0061175856131746005
0.0068849714164689445
0.005164530106433364
0.0025837771701515996
0.0008706118871673418
0.00022488823476174901
0.0001012474080348662
0.00010750654099074234
0.00010032330717964711
6.383032589225309e-05
2.71095515103688e-05
7.674437008782292e-06
1.447956529225445e-06
1.8207331248931668e-07
1.5258738382412668e-08
8.522607925911531e-10
3.172546093175926e-11
7.870909515143994e-13
1.3014378913726667e-14
1.4341795401088125e-16
5.668799539706072e-18
3.176682097855457e-20
1.1864186352674405e-22
2.9531377948579005e-25
2.074965500454065e-06
1.6031522028943764e-05
8.255058973231996e-05
0.0002833003769542303
0.0006480517326127289
0.000988451576101309
0.0010076053709363703
0.0006954144157599992
0.00034789213937202107
0.00016341042928193084
0.00010033383056498063
6.518571826105838e-05
3.224784893147322e-05
1.0913898492996833e-05
2.4732239891100914e-06
3.7383726271448525e-07
3.766561328248228e-08
2.529296929856551e-09
1.1319780786687865e-10
3.3764326553554164e-12
6.712120931298718e-14
8.892891860688289e-16
3.974349278129656e-17
2.677637937705719e-19
0.000268127240220155
0.0018096833208920769
0.00814040059725626
0.024404534008666254
0.048761472234823834
0.06493287733737979
0.05762806462290784
0.034086700853346905
0.01343781241792849
0.00353367311361544
0.00063817243828493
0.00015494729895750193
0.00023437063010922412
0.0004214973411480506
0.000516893682162558
0.0004227389995547033
0.0002304267685193418
8.37096095370291e-05
2.0267456869164805e-05
3.270429165497154e-06
3.51715724366892e-07
2.520927588248734e-08
1.204232947780273e-09
3.8339124191782534e-11
3.0739549808556187e-12
8.577985743442034e-07
6.1831051989258576e-06
2.970362985819642e-05
9.510294407621403e-05
0.0002029363975695273
0.0002886074118097471
0.0002735499008844677
0.00017280137407337643
7.275106738294518e-05
2.041329424644451e-05
3.817406161120351e-06
4.7577891617801904e-07
3.952060309432877e-08
2.1878799196412523e-09
8.072442300235968e-11
1.9850340683659436e-12
3.2532132187431965e-14
3.553355342744304e-16
0.00017239361760467635
0.00147855481353635
0.008451527791759823
0.03219693764863539
0.08174768398042849
0.13833048396744224
0.15678832331588496
0.13491453322627472
0.07737226358349046
0.029572866199915133
0.007642652903186772
0.002206721084159772
0.005388974288401578
0.019767515114568427
0.04960607303529781
0.08301381979666181
0.09259865089126486
0.0688608790230737
0.034154924571226215
0.011312163559012602
0.0025089343660568714
0.00037524591034177594
3.847232635244027e-05
2.800216646448328e-06
1.5366119276710075e-07
6.779668019343139e-09
2.4382675648726665e-10
6.7861818462651555e-12
1.367484793409286e-13
1.908551158499834e-15
1.804543729783121e-17
1.1447638789940422e-19
3.1363197948302223e-21
1.0153019917289878e-23
2.1918184340217888e-26
3.154250539556535e-29
3.0255855757759013e-32
1.9342838320285316e-35
8.241686428118437e-39
2.3404560554103523e-42
0.0
0.0
0.0
0.0
0.0
0.0
0.0
0.0
0.0
9.24492772590915e-06
6.290864702276839e-05
0.00028529799376571095
0.0008623203568582714
0.0017370811509705803
0.002332131984087775
0.002086736875361177
0.0012624855507485245
0.000616321546062273
0.0005599389275731296
0.0012300006619056511
0.0027149809063719645
0.004121980164718359
0.004178786595959818
0.0028478810998072406
0.0014362549456234594
0.001129288139556296
0.0023398806350946834
0.004650085660088492
0.00669612328024366
0.008318420252833797
0.012833484989479112
0.022897502407916524
0.032976387216332885
0.03331003564205281
0.024279206463250335
0.016595998750170624
0.015957490858960997
0.01720981093362716
0.014204783586393146
0.008004930810450988
0.003018034762961151
0.0007588077340499375
0.0001271631151411304
3.085216226519853e-05
2.6292064855549966e-06
1.4932950086947558e-07
5.652598307790027e-09
1.4260415838288214e-10
2.397716350467998e-12
2.6868595682186338e-14
2.0066594730608697e-16
9.988124322041326e-19
3.31341433847488e-21
7.325699595697803e-24
1.07945853323109e-26
1.0642439604121391e-29
3.065442842822163e-32
9.015059557310186e-33
2.2823646838206938e-33
3.852374686696416e-34
4.333648845522845e-35
3.2490804361859254e-36
1.6234867810762086e-37
5.406529770030755e-39
1.1999688953597091e-40
1.7750186765374633e-42
7.45285235697205e-07
6.762001338081223e-06
4.088928675701727e-05
0.00010832613556421432
0.0003330965337727918
0.0006826349576111473
0.0009323704141214435
0.0008487308565066109
0.0005247871677080202
0.00027616088436245345
0.0003678332327041958
0.0009630143977814091
0.001942695322932709
0.002636348176776113
0.0023857302426810775
0.0014389161839991793
0.0005784049911613494
0.00015495663015366995
2.7667495343572693e-05
3.2923885010733316e-06
2.6111622298103547e-07
1.3801877935600132e-08
4.862101909831664e-10
1.1415409119404772e-11
1.7862426407371305e-13
1.8628203444472295e-15
1.2947414160000247e-17
5.997588382264282e-20
1.851619820401287e-22
3.1335463575392723e-24
4.919419618227555e-27
0.00015487080521233576
0.0010766678187890985
0.004989462960071871
0.015413124644890615
0.031739318165035224
0.043569240938085826
0.039869764807344124
0.024321744422316677
0.009891021615576732
0.002681837378601117
0.000543365513080789
0.0005688748619416609
0.002991459639764534
0.01169262127584181
0.030554172151830993
0.053247115163701515
0.061860659357289856
0.04790262399802413
0.02472313890928828
0.008504263354703754
0.001949639214076024
0.000297889037362384
3.0334497805714755e-05
2.058736837307073e-06
2.734079207766312e-07
9.435779812552309e-09
2.1703314737827816e-10
3.3270236958849455e-12
3.3991260545325227e-14
5.540430416807659e-06
4.1154920508680476e-05
0.00020374247507867207
0.0006722378110810926
0.0014782430413833446
0.0021664581215778103
0.00211663719508084
0.0013817934428571898
0.0006201394425069332
0.0002519856588568044
0.00021911955427712603
0.0002949382257195839
0.0003033867148643859
0.00021056319769375602
9.749711181564056e-05
3.0089771074393493e-05
6.189143404518483e-06
8.484455974155197e-07
7.751736893549509e-08
4.7201477884015566e-09
5.83123896006796e-10
1.805593540351051e-11
3.7261530899382297e-13
5.124871068539189e-15
8.71617874052658e-06
6.801447026568382e-05
0.0003671612838108714
0.0013132568125217344
0.003209489988245062
0.005448067974581303
0.0065638774874519305
0.005735517714939991
0.0036790346004100193
0.001728946621141136
0.0006073126935770784
0.0002226643319671576
0.0001933772518500389
0.00022818177339857784
0.00019838222498043393
0.00011597759610421204
4.5222447684884e-05
1.1752851649823817e-05
2.035712019433346e-06
9.439064949037145e-07
4.74857566462478e-06
2.1039046653375854e-05
4.541252245524277e-05
0.00010270167941867951
0.0001547967961344509
0.00017667816296437116
0.0002394559393576527
0.0006229421506648614
0.001650280018261105
0.00309875758722738
0.003904111363616219
0.0032805447958291424
0.001837314654164285
0.0006858135028047686
0.0001766781945454179
8.215591972182435e-05
0.0003219532831273534
0.0012578800049148258
0.003306334290609538
0.005793118387244807
0.0067683046307659995
0.005286738264969714
0.0028239739900322624
0.001208689233766136
0.0007188888284889945
0.0006664963960526528
0.0005362050631755776
0.0002990589515795244
0.00016224765376879826
4.626711119018171e-05
8.794518128455438e-06
2.9394001417619834e-06
1.4961397790286799e-05
8.071455720576344e-05
0.00029200864302279757
0.0007041237411240971
0.0011315769876264776
0.001211994857293328
0.001269626636550554
0.003057957453250295
0.011670362049903947
0.033565345765249346
0.06496441107972556
0.08385874847523034
0.07215005731733559
0.04138654622467783
0.015905372808106298
0.004393542921199343
0.0016220339178653791
0.0016775629826692694
0.0018243180693201058
0.0013775615533792721
0.0006952077699922253
0.00035177927913682393
9.029459422366786e-05
1.5446698532302182e-05
1.7611291152573045e-06
1.3382223390183822e-07
6.777146941802919e-09
2.2874261258241165e-10
5.145514427776277e-12
7.714220913146185e-14
7.707914546499908e-16
5.132905385049857e-18
2.0266717933773475e-05
0.00014727184330843337
0.0007029534117623035
0.002294208093963707
0.005190466455452283
0.008275573333244558
0.009439348404527361
0.007760707941086512
0.0045815243434959955
0.001916664168918622
0.0005588550255657311
0.00011188846633603647
1.5211369649959782e-05
1.3938696976492446e-06
8.569069741889792e-08
3.687336014395774e-06
3.192539268914627e-05
0.0001847530789241044
0.0007125793003339659
0.0018317081794880198
0.003138057632024756
0.0035830023594516486
0.0027265585059975915
0.0013828150459342494
0.0004674066851553632
0.00010529488902701631
1.5808883933747478e-05
1.5818914505313782e-06
1.0549544174034104e-07
2.625596014081063e-06
1.9370424356090837e-05
9.541177496921518e-05
0.00031321997657993546
0.0006852964638702551
0.0009992843300399333
0.0009711385895238996
0.0006290061540179681
0.0002715251894572324
8.533870961818774e-05
7.575709354607362e-05
0.0003428391625125501
0.0008594633736258328
0.002450451027348629
0.004658362827870789
0.005902097872457423
0.004992932426547212
0.0028640905045513717
0.0013089694338256478
0.0010048867645506287
0.0014802081969451431
0.0019099496163610169
0.001982923734632075
0.002456903124409668
0.004248077998485724
0.006645023907023717
0.007686678592045405
0.007972177045920747
0.012817289468774659
0.027124860382501004
0.04530585822538016
0.051686087768194805
0.03942357207784299
0.020049162149838855
0.006795798774707563
0.0015352150005636075
0.0002311425034180549
5.221409729138575e-05
4.219220998982803e-06
2.2975699456819237e-06
1.3188974306623468e-05
5.5316797774492724e-05
0.0001547072308352224
0.0002893844181145489
0.0003646723362612325
0.00032378743238921603
0.00024541646984455647
0.0002418955999323233
0.00037986735958121516
0.0007538047133482374
0.001383523666616523
0.001902706055167124
0.001803742148607311
0.0013496888830165556
0.0017722161155835534
0.005625201684011612
0.01566653649987515
0.02971997312566216
0.03763066363169098
0.03175844237706681
0.01786326610715851
0.006697501888206749
0.0016803551106423491
0.0005508737347801192
0.0001415770411226855
0.00017958659562062625
0.00027163507564583584
0.000282145672150306
0.00019553314628422506
9.031631876568877e-05
2.7803165233952017e-05
5.704319264753864e-06
7.800006369760071e-07
7.108330931736516e-08
4.317395828999655e-09
1.7476628117193166e-10
4.7149269738705235e-12
8.477618019674943e-14
1.015907733668189e-15
8.113649384936093e-18
4.318766808437529e-20
5.666744049353375e-06
3.7351658235002395e-05
0.0001640845632081016
0.00048040454953634306
0.0009374066845764765
0.0012190752910275378
0.0010566096181639604
0.000610351672196165
0.00033790248440721297
9.925663423270421e-05
1.9431630870124828e-05
2.535365098733577e-06
2.2047193389805836e-07
1.2777552196427696e-08
4.935413720064481e-10
1.7142617715692698e-06
1.109474161443516e-05
4.7856616932279985e-05
0.00013757779763978514
0.00026359444868860555
0.0003365934920642364
0.00028645520500701513
0.00016247601897806033
6.14190887816362e-05
1.547387259307445e-05
2.598221742053911e-06
2.9076019857961974e-07
1.7922448089359935e-06
1.617685398993067e-05
9.849213429847167e-05
0.00039968624813725684
0.0010809822608588671
0.0019484958153959204
0.0023407872105444764
0.0021114028414305304
0.0012898408894804702
0.0005251492232465679
0.00014249868696836294
2.5770363590052643e-05
3.1273618975863442e-06
4.4444603996062384e-07
1.2030613970710106e-06
4.839553471277598e-06
1.3118018266827768e-05
2.3700349177687334e-05
2.8537976408642536e-05
2.2901986593727236e-05
1.2249114261618953e-05
4.366342143700476e-06
2.5469366286360515e-06
1.3691898431421391e-05
8.080771228044292e-05
0.00032157330422051946
0.0008530580943198645
0.0015082049609556243
0.0017771484129561314
0.0013956244838996162
0.0007304575961996711
0.00025480209114974416
0.00010109829963182255
2.0530337270070347e-05
1.6874192523707878e-05
5.488748505801024e-05
0.00013520946138756705
0.0002226313635268915
0.0002443284630993885
0.00017870796119206337
8.711547269854478e-05
2.8490043937946682e-05
7.634293163477362e-06
8.953430831132365e-06
2.8899787824369017e-05
6.858398339006716e-05
0.00010877880602496538
0.00011499530506178964
8.102114202868446e-05
3.804505209796078e-05
1.1906374939950797e-05
2.4833759697858392e-06
3.45212841279089e-07
3.198254049127902e-08
1.9747881962652748e-09
8.12661405893902e-11
4.7869934304519045e-11
2.9475175079621886e-10
8.156903831280231e-10
2.6783486167951537e-09
5.8612684113591964e-09
8.548652566195826e-09
8.309698603034278e-09
5.38337242108925e-09
2.324369279134539e-09
6.688633142762255e-10
1.282777029141314e-10
1.6396325087498174e-11
3.066658884524914e-08
2.627889906772618e-07
0.00011659375390971764
0.000886304473576265
0.004504862266620956
0.015285088175287969
0.03459302991169999
0.05219952862118456
0.05250656859617618
0.03520349702450259
0.015731176533513407
0.004685208655679377
0.000930001361061402
0.00012303323676292788
1.3713054492663725e-05
2.4996166277494055e-05
8.106521353830891e-05
0.0003501292977457529
0.0010088124679829727
0.0019372103862148283
0.0024792750171793274
0.0021147263068579257
0.0012021680450342899
0.000455467863501255
0.0001150090055067932
1.935474725924079e-05
2.1708244738501595e-06
1.622719525934102e-07
8.08432497449503e-09
2.6842663815967833e-10
1.893845004882519e-08
1.6874029927930153e-07
1.0023295462314244e-06
3.968112924982114e-06
1.046981630072516e-05
1.8410926698623737e-05
2.1577135269152098e-05
1.6853630481289663e-05
8.773536746552332e-06
3.0763517917079222e-06
9.554951935626434e-07
9.993439774206193e-07
3.135694964329519e-06
8.216950178196255e-06
1.455079881679219e-05
1.7656073341694122e-05
1.573511235725666e-05
1.2215812869254318e-05
9.740234971621489e-06
7.2538454460289505e-06
4.146383554669796e-06
1.6478512989647575e-06
4.636056107570272e-07
2.3007956133648688e-07
6.941958544699829e-07
2.069610930860872e-06
4.165911988775365e-06
5.590652241413304e-06
5.000349414843062e-06
2.980711064261696e-06
1.482251950767622e-06
2.247884693295505e-06
8.421710757967484e-06
2.4123578507603376e-05
4.6333795236627375e-05
5.9325767972042064e-05
5.0626139303842766e-05
3.635493855267744e-05
1.5776026328785607e-05
4.5626103248090926e-06
8.794490490995303e-07
1.1297686949684318e-07
9.672749431909593e-09
5.519400226144026e-10
2.0990142382268878e-11
5.320107773631551e-13
8.98684029901922e-15
1.0117545500776454e-16
7.5914521061278035e-19
3.796261275855197e-21
1.2652282536630039e-23
2.8103681591950495e-26
4.16043843068829e-29
4.104842806130421e-32
2.6992027640696713e-35
1.1829218057348823e-38
3.455080045489427e-42
6.725765749816211e-46
2.6128998428780375e-71
0.0
2.6595999908258293e-05
0.0002497572405703199
0.001563152682859472
0.004237318758741164
0.01348580975844524
0.028614242637461176
0.04050826088142131
0.03845875451753137
0.025151730261549005
0.012811166530099427
0.007045788809222118
0.004827716100960562
0.002980921638932618
0.001361814793931878
0.0005756387655786578
0.0005671411250417803
0.0010583947361251281
0.001997908097039669
0.0033066769424340307
0.004242860939625165
0.0038623783287217253
0.0023961717406070586
0.0010027367535421691
0.0003171272012474537
0.0002787506927270984
0.0008820224587835
0.002250697475453243
0.003855312476477917
0.004415087722520522
0.0038841596866753254
0.0024557140783345757
0.0016586805569037892
0.0021179538014483553
0.00305774568593135
0.003213823798889769
0.002280957954828548
0.0011103402213495889
0.000448421632485892
0.0002874477554370719
0.0002919281062076172
0.00024714998273738057
0.00024260128506089148
0.000785313629734681
0.003619815744035795
0.012032585813940911
0.026958168414671888
0.04042326421023844
0.04048313139804448
0.02705901774603154
0.012096673395026935
0.003696011111539641
0.000904554279243194
0.0003124269304282664
0.0001744957747797705
0.00012024952808922775
0.00010159420001630177
0.00022451259491557693
0.0005285303518255552
0.0010195668761756697
0.001799510497725239
0.002966337705766906
0.003982986846057677
0.003858020199606358
0.0025555418748182328
0.0011419394442963597
0.00036945622834812133
0.00020627772107802082
0.0004274848319611149
0.0009046619499305351
0.0015124868992041154
0.0021113792545833345
0.00245286442332507
0.002198326559852607
0.0014109175615788386
0.0006219504663367684
0.00018487669674276894
3.678905225602293e-05
4.8871962647792775e-06
4.3296515695133134e-07
2.5569887712986017e-08
1.10377762651587e-08
1.822614913447547e-06
3.1558069855069515e-05
0.00019090757927032892
0.0007805269695594195
0.002154084021635066
0.00400759557967579
0.005019734385656636
0.00422758391959321
0.0023910246736147597
0.0009071135286978539
0.0002306103447546121
3.925018041266902e-05
9.611673812082812e-06
4.168819695291912e-05
0.0002148468243770051
0.0008182734001166942
0.0023279249155808836
0.004925910186113318
0.007568713289553356
0.008201766332970166
0.006123598251248179
0.003103039425535985
0.0010599438145909368
0.0002550485727958486
0.00010020614068090147
0.00015064429260071378
0.00034215600427601274
0.0005471793093724345
0.000587794021878182
0.0004321765434276753
0.00023571657683022713
0.00011852180621968437
6.668954994889668e-05
3.943588749359376e-05
4.63684053241106e-05
0.00018547455590121382
0.0006873800903544185
0.0017315449486009107
0.0029098963160280227
0.003259295949047485
0.00243305912489931
0.001210495356485761
0.00040137945934311096
8.870103916286859e-05
1.3064230072528524e-05
1.3858087445089659e-06
1.045694162792541e-06
5.965151232231256e-06
2.4626878783754934e-05
6.801072421844213e-05
0.00010725234838939545
0.00015531116209326106
0.00016847685228622142
0.0001765313906002476
0.00021884195144939505
0.0002575451905527537
0.00022513637413626447
0.00013442852477542054
5.377092339252717e-05
1.4349681767612879e-05
2.552771949569122e-06
3.026790723902138e-07
2.3918735313301588e-08
1.2597268176237209e-09
4.4217710041571945e-11
1.0344218877061843e-12
1.6128007258252202e-14
1.675889070373607e-16
1.0661913748247512e-07
8.217395438217634e-07
4.220994211417146e-06
1.4450300372905848e-05
3.29701210012238e-05
5.013554675591275e-05
5.0810388810073055e-05
3.431949028878015e-05
2.1087927337338578e-05
7.24310511095285e-06
1.6900185016000356e-06
4.902878238397839e-07
1.1999083155033927e-06
3.873490541042515e-06
8.508680463526042e-06
1.2462093201902925e-05
1.9508069505690486e-05
7.202853162551455e-05
0.0003765133281601123
0.0014478764901404322
0.003739965007008468
0.006442285140162907
0.007396272286135405
0.005659379304102218
0.002886066723084271
0.0009809017027986218
0.00022651381070204688
7.362766953244632e-05
0.00025108606063411494
0.001020459631342747
0.002800507221694339
0.005123329995675735
0.006249804522680632
0.005100816736730912
0.003608851814308267
0.001793534603675042
0.0013568554502420545
0.00197633007432176
0.0027642205546197472
0.003056003127770905
0.002868477776724086
0.002773850511004488
0.003109464765674518
0.0033030222893096223
0.002654442789725481
0.001473400599862156
0.0005557733300187483
0.00017649595752337592
0.00021158605427394148
0.0006097221690885649
0.0013023094679411671
0.0018610981453401313
0.0017758093957844583
0.0011493372320620868
0.0006029243509086763
0.0005830710103095191
0.0010846046490673423
0.0016698591438439022
0.001748112209687296
0.0012222241795923697
0.0007693251718587765
0.0002758342668357712
6.872997393382864e-05
1.6551040999971946e-05
2.1180358972819593e-05
8.875009444502965e-05
0.0002944708705104101
0.0006598082137736021
0.000986480955946526
0.000983081436278729
0.0006529446994161427
0.00028903157352395823
8.526990185884355e-05
1.6765935501861648e-05
2.197057219165872e-06
1.9188299671142523e-07
1.1168971052410072e-08
4.332827374091479e-10
1.120240206360942e-11
1.9303340583097237e-13
2.2168450529246235e-15
1.696757403840395e-17
2.252623491356409e-08
1.8733376827958208e-07
1.0383053164436874e-06
2.5955652049159354e-06
7.315491877184847e-06
1.3741579966167555e-05
1.727167720941514e-05
1.4912306836659768e-05
1.1021288700151337e-05
1.3982410671518424e-05
2.738019994378772e-05
4.3055351977662836e-05
4.611484186772014e-05
3.2992478326528734e-05
1.5735150430612527e-05
5.001711591505334e-06
1.0596171699186419e-06
8.813654621970102e-07
5.810582067082059e-06
3.060274637799712e-05
0.00010767411991808304
0.00025249689440650383
0.00039462304607448763
0.00041104597333464744
0.00028535132924936035
0.00013203153641810013
4.078638603306674e-05
8.842118332045849e-06
3.126557448684473e-06
4.334375664456243e-06
5.2357799714470495e-05
0.00034436285950792145
0.001694753985184411
0.005692625419717661
0.012801405483489493
0.01920210772329812
0.019202090469996404
0.012817351972671505
0.005815493202178094
0.0021980696109787684
0.0016665560969104673
0.0023453486553694394
0.0026535891589768695
0.002057013167773526
0.0011481798457891785
0.0006234921403977152
0.0005085553581073929
0.0004626123836271444
0.00031668809489769216
0.00014729403463331942
4.5980149677249683e-05
1.1178789171458578e-05
1.1143357436834798e-05
3.826680181210601e-05
9.86399404661399e-05
0.00014830997682871045
0.000195002530811399
0.00017088118352485054
0.00010088599134970321
4.680181549145287e-05
4.9241427130371537e-05
0.00013136881620144522
0.00028875114087634657
0.00043205725768374973
0.0004350994949139186
0.000294657654006122
0.00013414068455253972
4.1030486631200795e-05
8.427620819643229e-06
1.1616543448857472e-06
1.073816873458187e-07
6.6522888487552355e-09
2.7600317062454104e-10
7.664597338228118e-12
1.4237957721030783e-13
3.972585830316269e-06
2.9227083739029216e-05
0.00014544858678537957
0.00048495077885213507
0.0011061549246655388
0.001573879268245424
0.0020579842670640797
0.0020734677648678707
0.0016728969033151515
0.0010648572901205532
0.0005094742714476669
0.00017659408636948494
4.415187894086617e-05
8.174798829424816e-06
1.30684252592604e-06
1.3914127010498965e-06
3.02563471333552e-05
0.0002003072593971428
0.0009737993810626767
0.0033205795132208835
0.008293946944245468
0.01595853077696237
0.024711053753622956
0.030573193870923242
0.028702072869936663
0.01950819920278989
0.009517847402750782
0.003503722240097536
0.0011150603588507746
0.0004786960935678265
0.0005938928814177297
0.0008651246426176669
0.0012250303855355217
0.0011932006947566174
0.0008168183148735914
0.0004589726075859832
0.0002876223851782109
0.00020423060508017852
0.00012104242303095771
5.064465140240732e-05
1.4343549098745356e-05
2.7415548306871487e-06
3.5888769235917934e-07
3.346028441213737e-08
2.394162218184033e-09
1.4301005495794207e-10
7.221338707800375e-12
7.931717977397467e-08
5.999047641981334e-07
3.4136645935002473e-06
1.3737807931052519e-05
4.516964114728374e-05
0.00012756040566573433
0.00029999242084074985
0.0005474735260598656
0.0007484630168981274
0.000770984944024099
0.0006847593504645832
0.000512396117990749
0.00045323163524787385
0.0005704132238904513
0.0007431940537215026
0.0008882748211466534
0.001097030588250847
0.0013832736778041194
0.0014845238727689445
0.001184660832118933
0.0006652621392012479
0.00026306645610063795
9.143305908124709e-05
7.775376453601346e-05
0.00013717456475876856
0.00020131131275603212
0.00021039555826493734
0.0001537745884211783
7.781523454487984e-05
2.72677720143839e-05
8.266541302425463e-06
1.0022415394709663e-05
2.8641470690064364e-05
6.02505795312931e-05
8.652126970630482e-05
9.180155330937927e-05
9.844279355590822e-05
0.0001680511325408222
0.00035410049557193536
0.0005886864388220102
0.0007224115517794627
0.0007182007091906167
0.0006469224114169448
0.0005212359142483645
0.0003561150849068205
0.00029801714035741295
0.000506523015324792
0.0009261992839922505
0.0012107273554064913
0.001062739010744427
0.0006221897495202805
0.00024279226019373174
6.3226939809284e-05
1.1533267560653918e-05
4.045266989256876e-06
8.856996813760101e-06
1.8394457873105076e-05
2.5729756309097093e-05
2.3992646427068344e-05
2.4612476147104804e-05
8.933666254931122e-05
0.0002807550401335447
0.0012124273123443365
0.0035206265517085844
0.00681636706070915
0.008795824892716629
0.007564732015988328
0.004337188322277595
0.001663316727923661
0.00044594143350699673
0.0001340299334504467
0.00013530477941792985
0.00020908133911931172
0.0002638847878078087
0.00024270832311405424
0.00015524331994284745
6.744217266189789e-05
1.9684692151513736e-05
3.842101528488191e-06
5.004913502857777e-07
4.3476668943049836e-08
2.5176816830402903e-09
7.747405778594638e-06
5.5857469016989564e-05
0.00027194919805119416
0.000895010529973823
0.001992563506348217
0.002734620063840876
0.0031749767346865403
0.0024930684168523614
0.0013228460648072996
0.0004737676223157406
0.00011437156483240408
1.85843331984961e-05
2.0297219543189795e-06
1.4880116563393833e-07
7.313585433663936e-09
2.4073905133055604e-10
5.302235614713474e-12
1.9597316904761295e-07
1.3951254875782052e-06
6.619293695704282e-06
2.0931077104152768e-05
4.411162453794555e-05
6.195781236843483e-05
5.7999018767443984e-05
3.618484906785419e-05
1.5045770495795317e-05
4.342563572313682e-06
1.968732686771765e-06
5.627737910088062e-06
1.7029372660157794e-05
3.490043965759808e-05
4.495836283983856e-05
4.6874638504710664e-05
3.558485320126422e-05
4.286740069837214e-05
0.00017541454174725555
0.0007004340611275285
0.001909742899939392
0.0034745625773796667
0.0042134113230737034
0.0034052615866719763
0.0018342085635308693
0.0006584586477339021
0.00015753963797779762
2.5120757360171454e-05
2.6696674260340844e-06
1.8908764129423418e-07
8.925872410042086e-09
3.863469694937352e-07
3.151748381466451e-06
1.700969713094247e-05
6.18369425394986e-05
0.00015235685906756833
0.00025685879082209867
0.00030029522254920846
0.0002477311194821229
0.00018136447147777131
8.772765729225277e-05
3.1779142839688904e-05
8.812607220644028e-06
1.8938952297936766e-06
4.750598150609332e-05
0.00031027205418699154
0.0013591969701979734
0.003968767524448337
0.007723453339939241
0.010017260430199315
0.008659004215282012
0.004988482873711529
0.0019153606825931242
0.0004901332879399129
8.359097255818349e-05
9.501367260831524e-06
7.19771059919998e-07
3.633993987849937e-08
5.936665725092999e-09
3.225693785536385e-08
1.5033961901025275e-07
4.7634749664846923e-07
1.0791245723144256e-06
1.9012733688279451e-06
2.860158871760873e-06
3.4665059223656907e-06
3.8559101704207755e-06
3.162876383934108e-06
1.8020710018007064e-06
6.948343734008343e-07
1.7952854438764326e-07
3.0973871478219216e-08
2.8338185027021487e-06
2.0551663781381277e-05
9.945772625654373e-05
0.0003207873766626234
0.0006895688288191101
0.0009879148684898945
0.0009432850909677479
0.0006002718355704959
0.0002547203120159005
7.2965167900217e-05
1.861123549555121e-05
1.8938310957890738e-05
4.919405539275713e-05
0.00013229707663694044
0.00041667773834241857
0.0012143118443288916
0.0026096002137861256
0.0038298237484911467
0.0037679275728210743
0.002978009391355669
0.0014932647185811273
0.0004996969515938776
0.00011221571078215194
1.783137043035412e-05
3.989066444531971e-06
6.12928312837332e-06
1.3039116252448767e-05
1.9549841009167796e-05
1.9647475255386064e-05
1.3169518528443277e-05
5.883788194345714e-06
1.751989140447841e-06
3.4768672026971284e-07
4.598608607570071e-08
4.053650992404684e-09
2.3814847844580306e-10
1.1493463208294475e-06
9.567979972855756e-06
5.3085346303539004e-05
0.00019629562092824903
0.0004837579507028799
0.0007945608612999381
0.0008697767004981168
0.0006345563998280779
0.0004104693248566755
0.00015228945788822422
3.7684787319136915e-05
6.281790784572173e-06
8.02970614569247e-07
1.7749615349326775e-07
9.17454608076428e-08
4.1736696116743885e-08
1.295139205030445e-08
2.682930385321413e-09
3.704534626679507e-10
1.3926782092365682e-08
4.879068934271967e-06
3.523882969832614e-05
0.00017429353813000267
0.0005778912432969184
0.0013155638035067898
0.002104089884847891
0.002446455881496568
0.002143904929757324
0.001440008108291358
0.0007298639896063944
0.000269466129416327
7.006793549567583e-05
1.2544983491923476e-05
1.5272783459418618e-06
4.6254646767033406e-07
1.3176877138732663e-06
6.994017444043424e-06
2.8786085592953652e-05
9.493281710913092e-05
0.0003158287127249852
0.001030619693827971
0.002688466213804131
0.004980830792236089
0.00634781761365987
0.005615025502848265
0.003572088102102193
0.0017272680599472805
0.0006645156715354199
0.00020239296820622973
4.656135950252414e-05
8.84665604533581e-06
8.440174252556898e-06
3.2634737285012305e-05
0.00011748149688068647
0.00035405018360597327
0.0008227613987087895
0.0013667385969509283
0.0015572549310493863
0.00119561949124874
0.0006143091668166736
0.0003148340771555794
8.241751157610612e-05
1.4386794260172417e-05
1.7075760346234034e-06
3.433372139701992e-07
8.904981390570361e-07
2.4391866124429076e-06
4.491122239496762e-06
5.524429296570605e-06
4.57471323409225e-06
2.6729772760053107e-06
1.3820231822016727e-06
9.77313281529654e-07
8.312728244830168e-07
5.604146731531412e-07
2.5973534050002955e-07
8.062566428753274e-08
1.669283842049621e-08
2.3036706467231765e-09
2.1188498881138457e-10
1.2988613513757776e-11
5.306487465537896e-13
1.0765150119725446e-07
8.268164482994368e-07
4.232332030316469e-06
1.444216602412279e-05
2.6133242488764103e-05
4.5421533431962404e-05
5.292424000177231e-05
4.2097173269211594e-05
2.8033705658035976e-05
3.720310226151863e-05
0.0001213234519686806
0.00036104600643831284
0.0007582621181090822
0.0011048635087575118
0.0011713817873033716
0.0010514873915509506
0.0009870463884876512
0.0009605106558639106
0.0008884889632419459
0.001165962282381413
0.002476620502569055
0.0047614675256630636
0.006542694908844017
0.00624894342555574
0.0041782856804358694
0.001975042056372487
0.0006653968778122163
0.00016647796605372337
4.458817012579639e-05
2.9964043704133665e-05
2.5776219767906335e-05
2.0648518320077867e-05
1.549951934949513e-05
1.346417333167276e-05
1.863949250594499e-05
3.8520490486036786e-05
7.093488877668683e-05
9.262550275354733e-05
8.184029520797852e-05
4.852189457521326e-05
2.068435269106894e-05
1.6419134396092538e-05
5.849764022645863e-05
0.00020105890926641777
0.00048420157446366915
0.000812843115513805
0.0009570920726677449
0.000792094022902577
0.0004592641401019695
0.00018517786623075829
5.144527522887941e-05
9.760288172903366e-06
1.255259344383814e-06
1.0882960653560305e-07
6.3358205106642245e-09
7.61786074776812e-10
2.6988934344682856e-08
1.7043404367248725e-07
7.17913039919645e-07
2.015440721333564e-06
3.8921127983532725e-06
5.775188272290431e-06
1.6250507538170754e-05
6.871828534195617e-05
0.00026229272410667963
0.0007338123817352359
0.0014780533560540348
0.002177320139617042
0.0024393111844909017
0.0021647177627258716
0.0015267664973576513
0.0008218147584322785
0.0003259729669883258
0.00010558829597441476
4.685441145768403e-05
3.384943781098242e-05
2.185693352753725e-05
9.832056935297248e-06
2.963975684634958e-06
6.452524251015144e-07
4.1363421341845213e-07
9.69535918294729e-07
3.2784328479273957e-06
7.512654674158e-06
1.14774891306692e-05
1.1804278386549431e-05
8.915205425120306e-06
9.073287562384547e-06
2.1456182126439915e-05
5.074810474588527e-05
8.395410085267276e-05
9.503694237487699e-05
7.85771903105867e-05
5.767356898897356e-05
4.669838806716454e-05
3.7972514442538876e-05
2.7075011829211754e-05
2.0518048077866496e-05
1.9673929926591687e-05
1.77846091256069e-05
1.1858987125413196e-05
6.037851517703439e-06
4.747748563249375e-06
1.1346077946785746e-05
3.503476889514578e-05
0.00012245424541098017
0.0002697436015396929
0.000696564531924003
0.0012470306497758014
0.0015067693446451265
0.0012291332939939014
0.0006899460672476673
0.0002812566703592029
9.508430574791002e-05
4.794737381589922e-05
9.738881180838969e-05
0.00027001090267464423
0.0005649501479556185
0.0008541807360685159
0.000933652182293513
0.0007320802143185159
0.0004055891961272123
0.0001563049797571758
4.1648567000744375e-05
9.453342391650226e-06
1.2716333212981528e-05
6.001404206168133e-05
0.00021181525914186033
0.0005017435174497098
0.0007927944927341849
0.0008351201236131707
0.0005865075357834814
0.00036998959280349844
0.0001322904396098716
3.156822121819423e-05
5.047205531700281e-06
9.378535041244424e-07
3.2792032514929875e-06
1.8506791778144824e-05
7.300902916009866e-05
0.00019596264107790218
0.0003545003825373753
0.00042996064062663026
0.0003486422653672942
0.0001887211771791003
6.864105460502605e-05
2.0447670365155472e-05
2.442916739203295e-05
7.860037151505449e-05
0.00018757493298854946
0.00030210288146507503
0.0003390418087105774
0.00032795218301279264
0.0004476820141329025
0.0008053896410459113
0.0012070015817664372
0.0013246127761358485
0.001139947471528614
0.0010032150772396938
0.0009391981119573433
0.0009187161429630058
0.0007220801227001426
0.00040438234965458524
0.00017532862049036396
0.0001166469821030709
0.00017520301431624
0.0002534294775910558
0.0002613469128472624
0.00018476693484105217
9.095049954994312e-05
4.6194567343489224e-05
0.00010798270656648437
0.00040904634420443426
0.001102370005708021
0.0020076237652327028
0.0025581704947316786
0.002548557732473314
0.002433609178917717
0.0023793535216406576
0.0019816080680604775
0.001197107763697171
0.0004939087104730293
0.00013871859252565882
5.10393271027695e-05
1.634740935541712e-05
1.3985214768970863e-05
1.2294805651366422e-05
8.06873198443359e-06
5.080936580595676e-06
4.715328714885224e-06
5.152212884767087e-06
5.477749468820351e-06
7.521273043920335e-06
1.3407180488900905e-05
2.5571870178625967e-05
6.699746388535245e-05
0.00020615309156408947
0.000504353914449026
0.0008686538674116498
0.0010697504196998731
0.0011456628472634618
0.001544003847438828
0.0024835252649345104
0.003366408277894529
0.0033491049692586402
0.002414559109932609
0.0013508548195077838
0.0007799535895877713
0.0006425940951184422
0.0006008298680691166
0.00044911603913797314
0.00024313606904744156
9.863747623415961e-05
3.530909100820395e-05
2.4675932664652716e-05
7.26410615527081e-05
0.00022451798882875684
0.0004801498179079369
0.0007034546184404573
0.000744892169825441
0.0006589917309240973
0.0006093028438371536
0.0006373797320285584
0.000659144646522764
0.0005754814788472378
0.0003798680404627707
0.0001776506072923779
5.69607282124643e-05
1.233339039909502e-05
1.7911217497019624e-06
1.478755253352026e-06
9.989958122678436e-06
5.0859896334799754e-05
0.0001727630733970186
0.00039122184270043046
0.0005386761917624868
0.0006222716151510401
0.0004862302785660822
0.00027278696113769657
0.0001372162437568814
8.520449639584428e-05
5.688006796149087e-05
2.9597696861459096e-05
1.0626075799007351e-05
2.619774961726829e-06
6.791926560520884e-07
7.77489721823807e-07
1.3356300058429344e-06
1.6132087781003562e-06
1.301418225587599e-06
6.997803020232549e-07
2.5077806244233885e-07
5.989615955138016e-08
2.0079740990598053e-07
1.8059729548067331e-06
1.135243426990331e-05
4.758676316296729e-05
0.00013294363749774747
0.000247531530935898
0.00030716734708055604
0.00025404323937174223
0.00017910672639395372
7.890084558001255e-05
4.2176539111428206e-05
8.316057144563977e-05
0.0001990552686368916
0.0003322198872517077
0.0003707389199501691
0.000275965768063647
0.00013698161644922822
4.53353725082305e-05
1.0003384196743478e-05
1.4715292974930398e-06
1.4430674161035636e-07
9.433817036447498e-09
4.111130232025523e-10
1.1942615647978035e-11
2.3125692462215623e-13
2.984974311831176e-15
2.5682138151010617e-17
1.4728591071509664e-19
5.630226530462987e-22
1.434566798646928e-24
2.436362447412789e-27
2.757944610826903e-30
2.080886120300293e-33
1.3766082053276619e-35
5.2824032832545554e-39
1.351027325614512e-42
0.0
0.0
0.0
0.0
0.0
0.0
0.0
0.0
0.0
0.0
0.0
0.0
0.0
0.0
0.0
0.0
0.0
0.0
0.0
0.0
0.0
0.0
0.0
0.0
0.0
0.0
0.0
0.0
0.0
0.0
0.0
0.0
0.0
0.0
0.0
0.0
0.0
0.0
0.0
0.0
0.0
0.0
0.0
0.0
0.0
0.0
0.0
0.0
0.0
0.0
0.0
0.0
0.0
0.0
0.0
0.0
0.0
0.0
0.0
0.0
0.0
0.0
0.0
0.0
0.0
0.0
0.0
0.0
0.0
0.0
0.0
0.0
0.0
0.0
0.0
0.0
0.0
0.0
0.0
0.0
0.0
0.0
0.0
0.0
0.0
0.0
0.0
0.0
0.0
0.0
0.0
0.0
0.0
0.0
0.0
0.0
0.0
0.0
0.0
0.0
0.0
0.0
0.0
0.0
0.0
0.0
0.0
0.0
0.0
0.0
0.0
0.0
0.0
0.0
0.0
0.0
0.0
0.0
0.0
0.0
0.0
0.0
0.0
0.0
0.0
0.0
0.0
0.0
0.0
0.0
0.0
0.0
0.0
0.0
0.0
0.0
0.0
0.0
0.0
0.0
0.0
0.0
0.0
0.0
0.0
0.0
0.0
0.0
0.0
0.0
0.0
0.0
0.0
0.0
0.0
0.0
0.0
0.0
0.0
0.0
0.0
0.0
0.0
0.0
0.0
0.0
0.0
0.0
0.0
0.0
0.0
0.0
0.0
0.0
0.0
0.0
0.0
0.0
0.0
0.0
0.0
0.0
0.0
0.0
0.0
0.0
0.0
0.0
0.0
0.0
0.0
0.0
0.0
0.0
0.0
0.0
0.0
0.0
0.0
0.0
0.0
0.0
0.0
0.0
0.0
0.0
0.0
0.0
0.0
0.0
0.0
0.0
0.0
0.0
0.0
0.0
0.0
0.0
0.0
0.0
0.0
0.0
0.0
0.0
0.0
0.0
0.0
0.0
0.0
0.0
0.0
0.0
0.0
0.0
0.0
0.0
0.0
0.0
0.0
0.0
0.0
0.0
0.0
0.0
0.0
0.0
0.0
0.0
0.0
0.0
0.0
0.0
0.0
0.0
0.0
0.0
0.0
0.0
0.0
0.0
0.0
0.0
0.0
0.0
0.0
0.0
0.0
0.0
0.0
0.0
0.0
0.0
0.0
0.0
0.0
0.0
0.0
0.0
0.0
0.0
0.0
0.0
0.0
0.0
0.0
0.0
0.0
0.0
0.0
0.0
0.0
0.0
0.0
0.0
0.0
0.0
0.0
0.0
0.0
0.0
0.0
0.0
0.0
0.0
0.0
0.0
0.0
0.0
0.0
0.0
0.0
0.0
0.0
0.0
0.0
0.0
0.0
0.0
