a = 9.152256958862129 b = 5.080866592568874 c = 9.596158975275296 ,Gaussian ,LMH = 0.08 ,DW = [0.8 0.8 0.8]
0.0
0.0
0.0
0.0
0.0
0.0
0.0
0.0
0.0
0.0
0.0
0.0
0.0
0.0
0.0
0.0
0.0
0.0
0.0
0.0
0.0
0.0
0.0
0.0
0.0
0.0
0.0
0.0
0.0
0.0
0.0
0.0
0.0
0.0
0.0
0.0
0.0
0.0
0.0
0.0
0.0
0.0
0.0
0.0
0.0
0.0
0.0
0.0
0.0
0.0
0.0
0.0
0.0
0.0
0.0
0.0
0.0
0.0
0.0
0.0
0.0
0.0
0.0
0.0
0.0
0.0
0.0
0.0
0.0
0.0
0.0
0.0
0.0
0.0
0.0
0.0
0.0
0.0
0.0
0.0
0.0
0.0
0.0
0.0
0.0
0.0
0.0
0.0
0.0
0.0
0.0
0.0
0.0
0.0
0.0
0.0
0.0
0.0
0.0
0.0
0.0
0.0
0.0
0.0
0.0
0.0
0.0
0.0
0.0
0.0
0.0
0.0
0.0
0.0
0.0
0.0
0.0
0.0
0.0
0.0
0.0
0.0
0.0
0.0
0.0
0.0
0.0
0.0
0.0
0.0
0.0
0.0
0.0
0.0
0.0
0.0
0.0
0.0
0.0
0.0
0.0
0.0
0.0
0.0
0.0
0.0
0.0
0.0
0.0
0.0
0.0
0.0
0.0
0.0
0.0
0.0
0.0
0.0
0.0
0.0
0.0
0.0
0.0
0.0
0.0
0.0
0.0
0.0
0.0
0.0
0.0
0.0
6.928168593928014e-34
4.578920245175685e-33
2.0169227234919973e-32
5.921026256575724e-32
1.1584739250890882e-31
1.5106264601214452e-31
1.3128329252807382e-31
7.604022282980622e-32
2.935342953954285e-32
7.551893677766005e-33
1.2948946373090385e-33
1.4797711154097638e-34
1.1270318969566999e-35
5.720834938803344e-37
1.935370760628796e-38
3.7759210092738545e-34
2.4763788215319495e-33
1.0824137729172791e-32
3.153196875512865e-32
6.121958956001023e-32
7.921570429734575e-32
6.831462838812623e-32
4.940256731845481e-32
2.166479187814834e-32
6.332002421636956e-33
1.2334148456837402e-33
1.6012488052092562e-34
1.3854473113656667e-35
7.989190149726595e-37
3.070414792646547e-38
7.864532107303654e-40
1.3425494099768944e-41
1.5274577786203056e-43
1.1582163706381501e-45
5.853178004814453e-48
1.9714025452612296e-50
4.4252768125144425e-53
6.620444047863353e-56
6.601085304422409e-59
4.386570552609615e-62
1.942747866948275e-65
5.734417525494426e-69
1.1280899476480964e-72
0.0
0.0
0.0
0.0
0.0
0.0
0.0
0.0
0.0
0.0
0.0
0.0
0.0
0.0
0.0
0.0
0.0
0.0
0.0
0.0
0.0
0.0
0.0
0.0
0.0
0.0
0.0
0.0
0.0
0.0
0.0
0.0
0.0
0.0
0.0
0.0
0.0
0.0
0.0
0.0
0.0
0.0
0.0
0.0
0.0
0.0
0.0
0.0
0.0
0.0
0.0
0.0
0.0
0.0
0.0
0.0
0.0
0.0
0.0
0.0
0.0
0.0
0.0
0.0
0.0
0.0
0.0
0.0
0.0
0.0
0.0
0.0
0.0
0.0
0.0
0.0
0.0
0.0
0.0
1.1261272002483864e-08
7.719846976361506e-08
2.2236019562622552e-07
7.751412894897323e-07
1.800886087162726e-06
2.7885161426001076e-06
2.877674253312689e-06
1.9792089563205557e-06
9.072421354521631e-07
2.771636837964209e-07
5.6432720333824714e-08
7.657855991819012e-09
6.925720365673024e-10
4.174498005958024e-11
1.67696929823668e-12
4.4898053548819304e-14
8.011456218709862e-16
9.527456223769262e-18
7.551339714648253e-20
3.988894987492267e-22
1.4043092160281944e-24
3.2949925503986104e-27
5.1526147959874534e-30
5.3701011210661284e-33
3.7300856084243515e-36
1.7267787007335275e-39
5.327655262801589e-43
1.0955118895744729e-46
0.0
0.0
0.0
0.0
0.0
0.0
0.0
0.0
3.4445214976273543e-06
2.5620725569863718e-05
0.00012700929282121907
0.00041962477304141035
0.0009239921657930939
0.0013559916238290825
0.0013262557287798827
0.0008645280467067008
0.0003755886411043718
0.00010874952283258903
2.098571733232435e-05
2.6989934201192323e-06
2.3134567295178354e-07
1.3216074687325775e-08
5.031820450002579e-10
1.2768189966807753e-11
2.1593104346956274e-13
2.433785949555603e-15
9.765506431898771e-17
5.597120369977379e-19
2.138041207981572e-21
5.4431342284654146e-24
9.23556704086556e-27
1.0443826162285287e-29
7.871133016657914e-33
3.95363358500939e-36
1.3235401826993096e-39
2.952972434743955e-43
0.0
0.0
0.0
0.0
0.0
0.0
0.0
0.0
0.0
0.0
0.0
0.0
0.0
0.0
0.0
0.0
0.0
0.0
0.0
0.0
0.0
0.0
0.0
0.0
0.0
0.0
0.0
0.0
0.0
0.0
0.0
0.0
0.0
0.0
0.0
0.0
0.0
0.0
0.0
0.0
0.0
0.0
0.0
0.0
0.0
0.0
0.0
0.0
0.0
0.0
0.0
0.0
0.0
0.0
0.0
0.0
0.0
0.0
0.0
0.0
0.0
0.0
0.0
0.0
0.0
0.0
0.0
0.0
0.0
0.0
0.0
0.0
0.0
0.0
0.0
0.0
0.0
0.0
0.0
0.0
0.0
0.0
0.0
0.0
0.0
0.0
0.0
0.0
0.0
0.0
0.0
1.7436130373058194e-34
1.1417351720801104e-33
3.189650424867894e-33
1.0620890739659113e-32
2.357004122080748e-32
3.4861116416302515e-32
3.43640061766284e-32
2.257604353521778e-32
9.884926115805866e-33
2.884566592282735e-33
5.610082649273251e-34
7.271759344501651e-35
6.281903838966774e-36
3.616801038310594e-37
1.387840322858114e-38
3.54924461828168e-40
6.049422421575752e-42
6.871846328401681e-44
5.202529057971476e-46
2.6250473306906727e-48
8.827572849315446e-51
1.9784588890750122e-53
2.9552504945698554e-56
2.9420030266725294e-59
1.9519715335598518e-62
8.631482468109575e-66
2.5437759314231835e-69
8.991704403386625e-72
0.0
0.0
0.0
0.0
0.0
0.0
0.0
0.0
0.0
0.003164545682995499
0.022526099557107077
0.10686664546055939
0.33789355120803244
0.7120314515266666
1.0
0.9360140563056722
0.5839105062359253
0.24276817670095702
0.0672695886221764
0.01242302431514834
0.0015290350712352822
0.0001254264431441511
6.85712892026967e-06
2.498486866382304e-07
6.067270744509338e-09
4.0610509506331434e-10
5.014842790552458e-12
4.1272212964174263e-14
2.26380876400063e-16
8.2756719380883205e-19
2.0162683995967806e-21
3.2739720630382345e-24
3.5430978224177995e-27
2.55548222834074e-30
1.2284122404008685e-33
3.93547314937144e-37
8.402941116774692e-41
0.0
0.0
0.00013575976285769214
0.0012370246946015549
0.007512201291989575
0.030404482203538634
0.0820142948117859
0.14744262239513498
0.1766599431448031
0.14107000257324478
0.07507801995653754
0.02663008144638475
0.006295260806396922
0.000992232304202702
0.00023272031553433722
3.0363598745246946e-05
5.3453659554498986e-05
0.0001546953215714626
0.0003038531976595312
0.00039785821702878585
0.0003471966805571811
0.0011954229612938534
0.0073553190829394694
0.03554469545980947
0.1155832371059191
0.2506213838904101
0.3621885163364344
0.3488457192522099
0.22393073255029294
0.09580221570619289
0.027316116389583325
0.005190914835305175
0.000657431336726102
5.5493031028081416e-05
3.1218213065352506e-06
1.170467023016045e-07
2.924771030405179e-09
4.8708651999721844e-11
5.4063218578072e-13
2.1471709116825416e-14
1.2118949669688376e-16
4.55874076827615e-19
1.14289507185434e-21
1.9096306273901208e-24
2.1265418355368815e-27
1.5782654130421634e-30
7.806703989973946e-34
2.573579247878803e-37
5.654724032625681e-41
1.6638931739047608e-47
5.963525519480923e-50
3.483546648360743e-35
2.8181532385607186e-34
1.5194594917373765e-33
5.4600321085105664e-33
1.3076237954623734e-32
2.087141923462711e-32
2.2202541802774814e-32
1.5741095704212175e-32
7.437873204567342e-33
2.3423086913619476e-33
4.916103724278793e-34
6.876690733161136e-35
6.41090729903378e-36
3.983281958038861e-37
4.987576967343486e-38
1.575845889122588e-39
3.3183288565060695e-41
4.657004445763098e-43
4.355875212113806e-45
2.715349612236769e-47
1.1281260506690933e-49
3.1237124578092295e-52
5.7645580819709046e-55
7.089939631080375e-58
5.811665414529903e-61
2.1457156225359923e-35
1.9990568908895776e-34
1.2412512321257177e-33
5.136600380176794e-33
1.0508234474815389e-08
6.910013917011872e-08
3.0283748965714725e-07
8.845490106772389e-07
1.7219308738182813e-06
2.2340406589305902e-06
1.9317369235668597e-06
1.1132339372270988e-06
4.275692283512874e-07
1.0944804154810682e-07
1.867201104899407e-08
4.5843808504258405e-09
3.9770987179979633e-10
2.2995009876978536e-11
8.860992685989001e-13
2.2756879186720712e-14
3.8951535082084795e-16
4.443426493255018e-18
3.378259218291764e-20
1.7117860746907778e-22
5.780794904470359e-25
1.3011037705368003e-27
4.0475419412707664e-07
2.943103366298681e-06
1.4262682726244894e-05
4.606578492265778e-05
9.916017348745836e-05
0.00014225830456156713
0.0001360189842014183
8.667682090933707e-05
3.681187758955881e-05
1.041968314274039e-05
1.96563376621987e-06
2.471338549592828e-07
2.0708251532803963e-08
1.1564747834140643e-09
4.304378483359686e-11
3.8299593810764304e-12
7.248882040067981e-14
9.143857416868264e-16
7.687221699014593e-18
4.307159111418825e-20
1.6083996603041492e-22
4.002935370111074e-25
6.639643046219667e-28
7.339938714884655e-31
5.407813228794371e-34
2.6554154763689465e-37
8.690101090219721e-41
1.89539060314213e-44
0.0
0.0
0.0
0.0
0.0
0.0
0.0
0.0
0.0
0.0
0.0
0.0
0.0
0.0
0.0
0.0
0.0
0.0
0.0
0.0
0.0
0.0
0.0
0.0
0.0
0.0
0.0
0.0
0.0
0.0
0.0
0.0
0.0
0.0
0.0
0.0
0.0
0.0
0.0
0.0
0.0
0.0
0.0
0.0
0.0
0.0
0.0
0.0
0.0
0.0
0.0
0.0
0.0
0.0
0.0
0.0
0.0
0.0
0.0
0.0
0.0
0.0
0.0
0.0
0.0
0.0
0.0
0.0
0.0
0.0
0.0
0.0
0.0
0.0
0.0
0.0
0.0
0.0
0.0
7.706520341898133e-08
6.040222276222896e-07
3.1552157447498124e-06
1.098466327050597e-05
2.5487426390382795e-05
3.941366027151979e-05
4.062085883758676e-05
2.7901848871661002e-05
1.2773161725179152e-05
3.897134440619625e-06
1.4097569128646712e-06
7.891367593847524e-05
0.0006453790681232084
0.003527233173772078
0.012848423750359682
0.031192290576051017
0.05046917840935424
0.054423535344568494
0.03911369216537004
0.018734945108210076
0.005980776658133662
0.0012724604499340358
0.00018043157859905175
1.90211544555664e-05
1.5843332741864193e-05
7.385466470624625e-05
0.00024583721545584365
0.0005457071185209563
0.0008073379153904634
0.0007960358839864271
0.0005231081547643566
0.00022910358411340793
6.687346472058385e-05
1.3009401405153349e-05
1.686717503258065e-06
1.4575012553423887e-07
2.2738100837522306e-08
9.991331170959683e-10
2.925998294015621e-11
5.710923347707452e-13
7.428825238344747e-15
6.440439436769063e-17
3.721280504636395e-19
1.4330154178066053e-21
0.00030237024490434745
0.0021391407831139703
0.010086052674050605
0.031694553962157375
0.06637883178677173
0.09265228058210266
0.08619144677463256
0.05343844052898621
0.022081314795306436
0.006081036787590389
0.0011161225443046734
0.000136529870519288
1.1130765274808404e-05
6.04789049030959e-07
2.190102098117818e-08
5.285746755830464e-10
1.5314778716596986e-05
0.00011865118366751757
0.0003708064911653745
0.0014608697564516806
0.003835811143911368
0.006712502849288915
0.007828765737840724
0.0060853233608423015
0.0031525034586921655
0.0010884513716395052
0.0002504632654423104
3.8411440479996657e-05
3.9260759603613845e-06
2.674473813452434e-07
1.2142260616679363e-08
3.6740266193360417e-10
7.409119426306911e-12
9.958007291408441e-14
8.91989686434434e-16
5.325112338352665e-18
0.00018962752704507096
0.0014059035234966586
0.006946902531120281
0.022877493460105876
0.05024284546206859
0.07373013199413657
0.07330837908298621
0.05340299058280904
0.04178226419615046
0.03780841704765622
0.04118946694379314
0.036032912880555025
0.021761544672781765
0.008810350449036152
0.002379508585336506
0.00042837958019763803
5.8879084145810453e-05
5.93716974393131e-05
0.0002723456442844682
0.0008931117702532706
0.001953505726950335
0.0028477956033103945
0.002766843085158639
0.0017916030503213698
0.0007731799878505077
0.00022238268238361744
4.262877691785307e-05
5.4461089895878414e-06
4.6371520092449885e-07
2.6314667392862855e-08
9.952357906526646e-10
2.5086243564156694e-11
4.2143134244965513e-13
3.871479033895639e-07
3.1703438047929554e-06
1.7302839687912106e-05
6.293756767288503e-05
0.00015257524425923175
0.0002465129512611884
0.0002654464713462414
0.00019050032464032409
9.111629078068404e-05
2.904543545367531e-05
6.170797572903424e-06
8.737481241867719e-07
8.245419593041339e-08
5.185860304387418e-09
2.1737541021339505e-10
6.072696319664333e-12
1.1306658130432587e-13
1.4030350046260771e-15
1.1603374253727502e-17
6.395605127282109e-20
2.349419300267705e-22
5.752028018277048e-25
9.38582663951608e-28
1.0302307806062228e-30
3.683213963297518e-33
6.044786979599589e-34
1.677803189551742e-34
1.7510808121181255e-35
1.2180284562145247e-36
5.646641803101725e-38
1.7446350428982726e-39
3.592530734238562e-41
4.93035216483566e-43
4.509588748489887e-45
2.749017367061308e-47
1.1168621599882707e-49
3.0241492340158802e-52
5.45743294826161e-55
6.56379708335101e-58
5.261425590894371e-61
1.1354739345531797e-06
1.071654842849106e-05
6.74084344418752e-05
0.0002825888999749312
0.0007895461226703938
0.0014702170657891437
0.0018245970242528452
0.001509155577349596
0.0008319220054031221
0.00030564180747600294
7.511750319123798e-05
1.473790679541085e-05
1.1661485974612142e-05
4.0497103498231566e-05
0.000123438114284179
0.00025220944727720793
0.00034347908589744123
0.0003117608754996612
0.00018859253112801585
7.603418840801403e-05
2.043030678712672e-05
3.6586630126207857e-06
4.3666811340785255e-07
3.473458368211564e-08
1.841425971779696e-09
6.506208529973852e-11
1.5320863433032234e-12
2.4044738168228337e-14
2.5150024432783297e-16
1.753227679421548e-18
8.145537998426947e-21
2.5222189109718233e-23
5.2050790481226e-26
7.159017588523389e-29
6.562375506788653e-32
4.0091312468832915e-35
1.6323790731352022e-38
7.157626655718522e-41
0.0
0.0
0.0
0.0
0.0
0.0
6.866452269189688e-06
5.172078233421932e-05
0.00025964461128199617
0.0008687105382234671
0.0019371016651128512
0.002882423571033982
0.0028836126324719587
0.0020735152379212627
0.0015841025873683352
0.0022342539139963494
0.0035435935281056667
0.00409682349908527
0.003190424857087649
0.001657864439172338
0.0005742337743708969
0.00013256119713360158
2.03951247087139e-05
2.0913077203230387e-06
1.4291936345922884e-07
1.9068097138615708e-08
6.626482717520607e-10
1.534759505236067e-11
2.369076812816784e-13
2.4372467540210217e-15
1.6710960296921958e-17
7.636333065857524e-20
2.3256795035003173e-22
4.720591463482438e-25
6.385935330332429e-28
5.757502879541845e-31
3.4595957881006104e-34
1.3854731182000697e-37
3.6978764429018517e-41
0.0
0.0
0.0
0.0
0.0
0.0
0.0
0.0
0.0
0.0
0.0
0.0
0.0
0.0
0.0
0.0
0.0
0.0
0.0
0.0
1.070258648586532e-34
7.974361120539932e-34
3.959903475960143e-33
1.3105537856065654e-32
2.890724123519741e-32
4.249521123574571e-32
9.501553674135933e-08
8.72058919519169e-07
5.334314031946062e-06
3.14390290498729e-05
0.00014044258087142765
0.000562121685362345
0.0018260253684466495
0.004320443828737081
0.007038757481375067
0.007727421114694104
0.005674499329842103
0.0036892371689766727
0.0013796637087638806
0.0003439296855272671
5.714430491469385e-05
6.3279930223616785e-06
4.670283349920876e-07
2.2972215210114488e-08
7.530856084849244e-10
1.645384714909611e-11
2.3959190802277976e-13
2.3251897043697446e-15
1.5039250310834603e-17
6.482992711171247e-20
1.8625435124577573e-22
3.566308214010414e-25
4.551071834194594e-28
3.872223652008874e-31
3.3519545868423557e-07
2.325409163100125e-06
1.0751824850091058e-05
3.313191440878155e-05
6.804440623235833e-05
9.313649171945224e-05
8.496281031818234e-05
5.165583803205321e-05
2.0931073481795596e-05
9.148300525645018e-06
1.885016230478796e-06
2.588637946504381e-07
2.3692401325455357e-08
2.29470865061385e-06
1.7718186353085848e-05
9.12353739855777e-05
0.00031310515741774506
0.0007161413352655486
0.0010916635514239285
0.0011090737518133803
0.0007509544445952255
0.00033888184681232157
0.00010192120897859382
2.042971819759005e-05
2.7292400386218796e-06
2.429979667888579e-07
1.4419330422292265e-08
5.702549925741174e-10
1.503054218035866e-11
2.6403514920029313e-13
3.091223399838191e-15
2.4120182380227818e-17
1.2543315050024045e-19
4.347360169060062e-22
1.0042005655725176e-24
8.9347860793946e-05
0.0007525356457031002
0.004224268761930344
0.015803655546702673
0.039404436125940766
0.06548083777277473
0.07252118392564526
0.053529981323936
0.026333637109136384
0.008634802701378752
0.0018937583346545924
0.0003114490170032432
0.0001570681626258056
0.00032944531128989706
0.000596934644722197
0.0008008787908773051
0.0007908386278320382
0.0005644145826929767
0.00028408842588888963
9.871207846608023e-05
2.332912706263107e-05
3.716150268780303e-06
3.9692356924510276e-07
2.834699471617987e-08
1.3515491918113854e-09
4.2986278101170756e-11
3.445226039242171e-12
5.5757561478543786e-14
6.015085294133645e-16
4.325121605427035e-18
2.0727923880750925e-20
6.620716896725482e-23
1.4094222451406088e-25
1.9996849490473447e-28
1.8908847284971492e-31
1.1916559585342818e-34
5.005186111850864e-38
1.4013123448617386e-41
1.6601732089596122e-47
8.485082953909849e-50
2.8902827578744438e-52
7.827606730334894e-35
5.9587187284670315e-34
0.0004202078591946316
0.0031516359101345986
0.015753949822219823
0.0524836974996364
0.11653085627582448
0.1724403913803483
0.1700664359054199
0.11178403160556681
0.06745094956550696
0.022545081358164822
0.005111762526184899
0.0015502973227238272
0.004893925372258424
0.019248458534847853
0.051203056223761555
0.09079981702406122
0.1073162207601182
0.08454152486211224
0.044410367323847996
0.015591742363438795
0.0037024327894256788
0.0006307380456410886
9.593247734390946e-05
1.7900521793111677e-05
3.593678298175944e-06
5.636518919147471e-07
6.099083162806503e-08
4.4278834461636894e-09
2.1451371132203498e-10
6.927839360675053e-12
1.4912184915207917e-13
2.139291133539609e-15
2.0454116387966956e-17
1.3033865307470663e-19
3.5757661392684935e-21
1.1586818949093907e-23
2.5023086889184868e-26
3.601630002366142e-29
3.454926838345774e-32
2.2088191714547187e-35
9.411590425228848e-39
2.6726828294045843e-42
5.6085909408697645e-06
4.846398334981277e-05
0.0002939727766326876
0.001209773516366816
0.003600335850433553
0.008230522730280949
0.015122389022188508
0.02206308963719403
0.024164994135725117
0.018930290736683765
0.010691435520122241
0.005253883136167392
0.003438497122810289
0.0027843797607109318
0.0018258575823426422
0.0008272408759879397
0.00025124786342708424
5.090399050118989e-05
1.4017112316999702e-05
1.4443790966626615e-06
9.919464544267848e-08
0.00018228395707556872
0.0012483116357309024
0.0056979374618938644
0.017334935053098
0.03515094963858371
0.047507555266014696
0.042795642966425615
0.025694972878140317
0.010282743216567995
0.002742726638273234
0.00048760624197615555
5.7778954700158353e-05
4.5633554040159655e-06
2.4022245227297274e-07
8.428651345399805e-09
1.9711436646955725e-10
3.072519656763701e-12
3.1921829417353504e-14
2.2105385663489644e-16
1.0202959271824441e-18
3.1388636870133747e-21
6.4363183742852674e-24
8.292191968164264e-26
8.647690824481598e-29
6.011060429483434e-32
2.7849838588631407e-35
8.600336316252339e-39
1.7702306878770837e-42
0.0
0.0
0.0
0.0
0.0
0.0
0.0
0.0
0.0
0.0
6.730711091812178e-06
5.187372376879813e-05
0.0002664498308928347
0.0009121473925909004
0.002081115296169748
0.0031645270312163857
0.0032070300284931376
0.0021669870137414633
0.000983105532249158
0.00034111909238509884
0.00023335771909307652
0.0004117605493887175
0.0008127529761805289
0.0011079838548990809
0.0010084954949295454
0.0006118359410942602
0.0002473884891569854
6.666618996089654e-05
1.1973285426338342e-05
1.4331860891568704e-06
1.1433346906570226e-07
3.448348582980471e-06
2.952794699533834e-05
0.0001688094828645697
0.0006431986386719836
0.0016333338204827625
0.0027643074319028864
0.003118022724676684
0.0023439792294523447
0.0011743830923807283
0.00039214562067848094
0.00035683491981648556
0.001746527471879755
0.007431611229742645
0.02122535237860353
0.04040915365928904
0.04954482116478841
0.04796532294345029
0.030948387919612574
0.013308534632389256
0.003814204678549294
0.0010321017292057675
0.0021553211321763176
0.009348326449539144
0.028191291351511726
0.056706097018538786
0.07602088919061058
0.06792342359970249
0.04044862613604822
0.016058799110059526
0.0042617353229844005
0.0007736038415090275
0.00011438155224730286
2.542742729835472e-05
9.023495138894988e-06
2.710739708778995e-06
5.603265499628348e-07
7.747452912514991e-08
7.142256754673997e-09
4.388471857900802e-10
4.270254419202876e-06
3.4554802974599635e-05
0.00011116812215360776
0.00045744548094283944
0.0012545268533316948
0.0023030841113275066
0.002873964841700267
0.00269814380851457
0.0027562436639497956
0.004063472314224405
0.005820710990712466
0.006027262325171813
0.004216442296324448
0.0019790617900743036
0.0006608165475909665
0.00027082090219345597
0.00030429116554966045
0.00038299414679523363
0.00033820305390581414
0.00019977437637260114
7.866732566664564e-05
2.0646109006184018e-05
3.611304639696827e-06
9.922001015563603e-07
4.2471223331663115e-06
2.382124335832493e-05
9.528450631301112e-05
0.00021299752034638356
0.0006191462251855359
0.001479138210407146
0.0026752061602102867
0.003422737635523113
0.0029904698572196086
0.0017577383172894608
0.0006910030671156067
0.00018128308708661843
3.171231067706186e-05
4.733367199492264e-06
7.425902546865678e-06
4.054145318540353e-05
0.00016969639763261308
0.0006186775775608829
0.0019257599960529267
0.004622568082705515
0.00788005411736739
0.009168592728483608
0.007169893405782404
0.003747724279003923
0.0013068853502176728
0.00030383455739249555
6.480703887647339e-05
0.00012754678315536245
0.0005663220335782614
0.0012519951982362242
0.002937035857554924
0.004595378201593469
0.004807430700223905
0.0034243656692927405
0.0018442803365232674
0.0010920600877309475
0.0009279661709636756
0.0007575716904438087
0.0004457221573603641
0.00017701823045904752
4.694697578306632e-05
8.300602498536986e-06
9.781673602429796e-07
7.682477988413612e-08
4.0213465209922505e-09
1.4028889393565916e-10
3.2617948555880606e-12
5.0544225431279e-14
5.219969868602677e-16
3.5929071570455315e-18
1.6481834233517475e-20
0.0002421087396733055
0.0018386896917426457
0.009306533903849985
0.031394172088788655
0.0563625467411479
0.09668392204214432
0.11053490917943483
0.08422442551168077
0.04278825295526137
0.014576819638752625
0.0036327845740053624
0.001377466017461532
0.0014740346864457602
0.0015356446187071587
0.0011457671938262563
0.0008556581952294253
0.0015135115546856264
0.0036306464326170203
0.0063924105277847615
0.007565348821000639
0.00599087493184942
0.0032734879292067795
0.0016061100286197051
0.0015144950372787509
0.0021212114552974256
0.002299558434233707
0.0016875485091612324
0.0008265955831980098
0.0002747789328651952
0.00012387792853473943
0.00016188699283724734
0.000645855844440427
0.001907228307008915
0.003764027157398125
0.004951243946476777
0.004347026658783348
0.0025914800706784476
0.0013087302280421981
0.0014994660120544764
0.0032518994225446984
0.005520922541190054
0.0063219640103672325
0.004828631006610771
0.0024581084919443313
0.0008339906808186997
0.00018858320054590045
2.842014973344462e-05
2.8545080360104057e-06
1.9108109723919464e-07
8.524830077924717e-09
2.534750888711896e-10
5.023037090656709e-12
6.634054489074195e-14
5.839467312354613e-16
3.4256972366309454e-18
8.894065726593511e-20
2.6532529787262786e-22
5.275195199656605e-25
6.990044763238451e-28
6.173094529295365e-31
2.1163781682285123e-06
1.906671937383542e-05
0.00011448279519853626
0.00045812714214781306
0.0012218372717854918
0.002171812175593467
0.0025728395683166498
0.00203533450971337
0.0010975212873209214
0.0005118467926474553
0.000524605771227825
0.0009590589857886438
0.0014429085987372214
0.0018810931294750545
0.0029509916481468114
0.005242501611228044
0.007514156425368686
0.0074886626693044245
0.005014699302640387
0.0022414343881626887
0.0007883503052102356
0.0007396364792721908
0.0030787212994601173
0.012352501736016519
0.03345493567490258
0.06088241886116539
0.07519081647898515
0.0644035852648895
0.03983332941057772
0.018818062986643493
0.007078228179275462
0.0020969102321030083
0.0004643249130123684
7.29507055217881e-05
7.870101945316349e-06
5.734394599890203e-07
2.8007241721932624e-08
9.13896852655227e-10
1.989553448209143e-11
2.8879238143792755e-13
2.7943297490716778e-15
3.7417786516854064e-06
3.160551189906269e-05
0.0001751688030409819
0.0006502091095344745
0.0016194844565995815
0.0023870201376676344
0.0032720773488067604
0.0040285730921087275
0.007751211053133192
0.019432923896653204
0.038362216024734025
0.051748838822065824
0.046690281794938414
0.028115713070842523
0.011358652814287308
0.003197256144068227
0.0007720853215707216
0.00026050493274578816
0.00011436592412813294
4.072418340672091e-05
9.987412666155063e-06
1.6402846913125128e-06
1.796656373005438e-07
1.3117009704562411e-08
6.382521082583861e-10
2.0698176532735283e-11
4.473563294563203e-13
6.444016618548561e-15
1.8921999007755041e-06
1.2350611255222843e-05
5.372685724103749e-05
0.00011427755869119088
0.0002527938588185696
0.0003726950570281868
0.00036620333454824393
0.0002461435019466645
0.00014826070577550018
0.00023052766142447797
0.0006179184221639815
0.001248428271928595
0.0016952427088626904
0.0015350216580964627
0.0009263890993812603
0.000372610293641749
9.988444669164625e-05
1.7845241920502334e-05
2.1248513835351665e-06
1.6862277351775822e-07
8.918369151989919e-09
3.143664635616913e-10
7.385306476563992e-12
3.323291160903381e-06
2.9158936704389683e-05
0.00017051282309670353
0.0006645450964545964
0.0017261316559426308
0.0029881708077016717
0.003438699444356977
0.0030271163445497215
0.0017760125788403214
0.0006944564040630185
0.00018097807229255753
3.3144875925533515e-05
1.5391654620187466e-05
5.4066577581240844e-05
0.0001640609465657188
0.00033346329522155135
0.0004517616302573931
0.0004078991659139577
0.0002454583730215469
9.844290784938321e-05
2.6313133197866877e-05
4.687510384793027e-06
5.565362659324191e-07
4.4037863898995685e-08
2.3224189591766454e-09
8.162748949685655e-11
1.9121143438572066e-12
2.985195836732452e-14
3.106085050233897e-16
2.1539489577056402e-18
9.954948554586214e-21
3.066367340396526e-23
5.181416230302599e-25
8.115891307804626e-28
8.472381656035227e-31
5.894627265061315e-34
2.733309017004188e-37
8.447003376221671e-41
1.7397952854965803e-44
0.0
0.0
1.3309573850631914e-05
8.527639571369013e-05
0.00036414560298176187
0.001036603348997038
0.0019680793357238673
0.002499549236288757
0.0021533235206241826
0.0013379020048581711
0.0007337314547330814
0.00046404516849502875
0.0003030159189242489
0.00015456290661529037
5.460654529449912e-05
1.296433247323499e-05
2.0548691736759292e-06
3.4846854882448686e-07
5.523798033385447e-07
2.8353657469005303e-06
1.0416176063995273e-05
2.5521249152990684e-05
4.2003865072484794e-05
4.789435114765931e-05
4.596831881133184e-05
6.0761471641228734e-05
0.00010773552086953932
0.00015753682452939575
0.00015910797504188563
0.0001076534017450875
4.8580554896690424e-05
1.4612464050837912e-05
2.9293569044482293e-06
3.913844401891616e-07
0.0001570774834509789
0.0012202170968609735
0.006318830805056715
0.021808139714429353
0.05016283448792884
0.07690012835778243
0.07856943117326025
0.053500975630958715
0.02428014902367094
0.007343830099339865
0.002641220952183101
0.0004062433561631577
4.165422049361958e-05
2.857374341088917e-06
1.381077122847883e-07
7.863397879493445e-09
1.2818444534777812e-09
2.4607211400865353e-10
3.328223313377459e-11
3.011594615165119e-12
1.816651724104709e-13
7.303577390194627e-15
1.956958533244733e-16
1.1709240628258963e-05
8.262172584374596e-05
0.00038854501575115213
0.0012177831766959342
0.002543783501288848
0.0035413746199102554
0.0032858303972780494
0.002031888927118687
0.0008374065094184893
0.00023001398886893506
4.210694322556466e-05
5.137297639452337e-06
4.177315618444671e-07
8.201153252518525e-08
2.3805713574166153e-07
1.393900151382399e-06
5.676064521238551e-06
1.590234229245992e-05
3.059334023050614e-05
4.027830660314757e-05
3.6138190022947103e-05
2.1999953595903034e-05
9.542854834652431e-06
5.692309942605714e-06
1.4206634733971425e-05
3.956902461960421e-05
7.572814520249341e-05
9.672210740865566e-05
8.23381710625606e-05
4.671532157232243e-05
1.7765520805420752e-05
5.1328054191223764e-06
3.8059425349765428e-06
9.234871441142265e-06
1.825622040932289e-05
2.4256875484289488e-05
2.148711225472375e-05
1.2693855736761567e-05
7.163756164275319e-06
2.403141915450166e-06
1.648305179087702e-06
3.817788573433785e-06
7.729460277654227e-06
1.057431201320936e-05
9.647118023566912e-06
5.865916908153253e-06
2.37714820443183e-06
6.420342258485051e-07
1.1556907858842923e-07
1.386457844955268e-08
1.1085447674970684e-09
5.907195599126385e-11
2.0979301034374575e-12
4.9657199850786145e-14
7.833484454080642e-16
8.235866414090001e-18
5.770921274126109e-20
2.695023484664797e-22
8.38805964222401e-25
1.7399801217149794e-27
2.414047215623092e-30
7.556248565207646e-33
2.222869373026004e-33
6.159545791097245e-34
2.0904962553312863e-34
7.084846200261997e-05
0.0006066257507250322
0.0034617269159094017
0.013165771582668349
0.03337193396486709
0.0563764835062555
0.06347403967919085
0.04762948032185656
0.02381974430579224
0.00793931517356576
0.0017641508841596972
0.00026440538364799374
3.938237602523668e-05
3.9116298349244306e-05
8.747271744903308e-05
0.000219191625751591
0.0007170310449274614
0.0021078350448970246
0.004417654943140174
0.006245888975450404
0.00589768960591541
0.0037128285535901087
0.0015578855927734058
0.0004356645421126803
0.00010567588709020363
0.00011406412973960031
0.0004920734582855798
0.0017359791645308704
0.004137333764235098
0.006822646563542268
0.008340633273712388
0.008613846825595678
0.008281943766013964
0.006914542293773968
0.004410227925511627
0.0021225142755714036
0.001092406301693329
0.0010148189643664084
0.001101045311329381
0.0010252866212247498
0.001186037200585721
0.003326971915615356
0.011836215144331476
0.03127124752144383
0.05587370298181878
0.06667985780671862
0.05307725957256276
0.028245222536802443
0.010210903563939772
0.002749661529673137
0.000792648857916614
0.0004727670688141167
0.0004970283031199818
0.0012178796241859734
0.0027900038612862638
0.0044344893344581485
0.004747719419885779
0.0035909730211684155
0.0026281475913730074
0.0033646010867251276
0.005305470503610021
0.006302160252765586
0.005090558558626415
0.00285740154014587
0.0014219708294239566
0.0011952297206913967
0.001429062354294661
0.0013619874851971013
0.0008932450214034018
0.0003950981100770671
0.00011750425795526184
2.388550650708665e-05
5.128869976600792e-06
5.931568716930891e-06
1.0654310113496331e-05
1.3344090882150499e-05
1.2387569315186911e-05
7.901512679313942e-06
3.3590616982415555e-06
9.517159198834465e-07
1.79712480031698e-07
2.2616775606603506e-08
1.8969884605197426e-09
1.0604256818726212e-10
6.032027709611236e-06
4.027546409003788e-05
0.00017921217230352157
0.0005315417993256511
0.001057413663702749
0.0014350031041195114
0.001471813805769244
0.0015809903525080752
0.002252192431911175
0.0030657619088253246
0.0030389612055824935
0.002050019110374251
0.0009986456318014268
0.0007777116269780963
0.0021047084930491413
0.0055815243055082325
0.010148902380007763
0.012583168904941022
0.012063343999318767
0.00968818570116054
0.008180451959201675
0.007615143272298366
0.006307005650646742
0.004128488247243217
0.0021064451446195804
0.0008304299795586906
0.0002443365572269921
5.140399074470255e-05
7.485691093032801e-06
2.097086580311761e-06
1.2461028504190991e-05
7.567483095840635e-05
0.00030748557672216143
0.0008327065457994369
0.0015030696266936277
0.001808967356096158
0.0014552600891912626
0.0007957250921852312
0.00032724719219079243
0.00014914580919794985
0.00010649421462308032
0.00010725975019944067
0.00019821208574009029
0.000450752129513876
0.0006742033609545084
0.0008970183346431324
0.0007986928984610822
0.00047419438502213
0.00020323040519226848
0.00016143610949889952
0.0005427312957642322
0.0017035670619779072
0.0036343415192412543
0.005209271655367129
0.005049055401071321
0.003377997889959982
0.0016744582525314816
0.0007512794685048283
0.00038639446240829154
0.00020580240959885418
8.888281998743775e-05
2.7837367095087954e-05
6.117689138046511e-06
9.318403292706812e-07
9.755539750466239e-08
6.9684518186746595e-09
3.3750138467067e-10
1.1028047931209552e-11
2.422005735589714e-13
1.521150868481169e-14
1.713345166592535e-16
1.2899824620095746e-18
6.485723105758702e-21
2.1761058337796165e-23
4.87030908262515e-26
7.268765352943686e-29
7.232830848851269e-32
4.7978212882056496e-35
2.121443283988184e-38
6.252394493657679e-42
1.2278978698597039e-45
0.0
0.0
0.0
0.0
0.0
0.0
0.0
0.0
0.0
0.0
8.563429200427387e-06
7.701464959337722e-05
0.000461712774588935
0.0018446972929296764
0.0037075322457480564
0.007534117192438756
0.010206350701983365
0.009218825716639652
0.00555363604428712
0.0022325237494921495
0.0005993835913552236
0.00012672523001339432
0.0001547014398151338
0.000693573493055381
0.0023770305855055195
0.005877951227616459
0.010693339504504936
0.014381488784497137
0.014094516011193922
0.009821002518648385
0.004752239005063899
0.0015698073504571985
0.0003502334919694033
5.717174653077447e-05
5.480796300661079e-05
0.00028024805900085984
0.0010634328161185974
0.0027198361828578367
0.004686090258664493
0.00544150890083227
0.004828929663225249
0.002906358332057009
0.0011793151294968343
0.0003244086517683873
7.076809805936099e-05
4.8187184553182535e-05
0.0001067211334445481
0.00021875566184896724
0.0004731053035445009
0.0011042171535757112
0.0021546961818578697
0.002988445895344258
0.002804565199689542
0.0017710523349667832
0.0008116064780450859
0.0005469840203192487
0.0010765397027652785
0.0021106356495404653
0.0028502849973033287
0.002583418943868626
0.0016080528441486162
0.000855621005270704
0.0008301618306958498
0.0013175610485428163
0.0016794507082170135
0.001456892310717603
0.0010604539293917214
0.00047219171288143656
0.00014250131782500393
3.003911653202276e-05
4.745612050244634e-06
6.271000398738094e-07
7.35490091531167e-08
7.147737553926193e-09
5.163965634320352e-10
3.878225682260365e-07
2.529236233376253e-06
1.0994007473818761e-05
3.184962763138492e-05
6.149421181595359e-05
7.913082031724395e-05
6.786387351633179e-05
3.878940960019778e-05
1.4776420530620764e-05
5.850336949359541e-06
1.6117361232926348e-05
7.619053269232637e-05
0.0002494211094004609
0.0005446740294199537
0.000792739724682588
0.0007689645664433457
0.0006014381822778685
0.00029666703257437795
9.752795717424174e-05
2.1368326736091778e-05
5.054484639855449e-06
1.4359788711413938e-05
6.809819104101495e-05
0.00021975441992860787
0.00047276301990189324
0.0006778622099699058
0.0006478728179675775
0.0004133333334940869
0.0001784335552921118
5.874518481121468e-05
2.6307780437354537e-05
2.233656217269042e-05
2.0042852205236686e-05
2.6292566467372594e-05
6.979619963202946e-05
0.00017385994215765469
0.0003006041141500382
0.0003477421498974719
0.0002681997745465193
0.0001385947830877793
5.283109695111836e-05
3.9435356966033614e-05
7.112577837554111e-05
0.0002473036375464513
0.0008404532897698623
0.003082533345707937
0.009566224397491324
0.021422268022055525
0.03309721190853572
0.035373660342900196
0.026776990160444807
0.01488806910248978
0.006350685062548169
0.002261240084986594
0.0008873858769561503
0.0005040916746607381
0.0002979484381676599
0.00013166812117794578
3.963965986101506e-05
7.985235037556001e-06
1.0728541976608122e-06
9.607993109275139e-08
5.7347804570371796e-09
2.2813106148318574e-10
6.048308848572334e-12
1.0687228986786735e-13
1.2585713198270206e-15
9.878069958177193e-18
3.1138842806620353e-19
1.2427944830018552e-21
3.3058086556043137e-24
5.860540298100919e-27
6.92435237102466e-30
5.452592668795165e-33
2.8620029093194655e-36
1.01156316296536e-39
4.148440268717191e-43
2.06039478340949e-45
1.5586887781655628e-47
7.858685771980326e-50
2.64071776664085e-52
1.6553401618166314e-06
1.685814226022517e-05
0.00010865456992657334
0.0004783952061903849
0.0014468043987547878
0.0030224782195709793
0.004381878486054454
0.004425024951542594
0.003141076582911386
0.0016482912946991874
0.0007878739811607118
0.0004757094290686772
0.00036895410820987374
0.00021591763787840855
8.961011524484683e-05
2.50917278842218e-05
4.693562978438746e-06
4.115217544379495e-06
2.6419176598362465e-05
0.00015319519847031732
0.0006167381248206761
0.0019702972612742303
0.005147031442173183
0.010652794117751392
0.01643394774998376
0.01820792983165035
0.014730040297350238
0.01092128964291339
0.013919808287721457
0.026348899301075944
0.040382187187810344
0.04243111220887816
0.02985986677427552
0.014071981934720175
0.004517267876494004
0.0010826307682402553
0.0002772331353101205
0.00012519550410190105
9.521110327690726e-05
6.717825284966998e-05
3.931964999209099e-05
1.6504060547402077e-05
7.560791774565417e-06
2.1845472665070412e-05
0.00010335587363403271
0.000342314907991842
0.0007651996978759497
0.0011911977812378333
0.0014167370804571947
0.001537392591337417
0.0016713612709332902
0.0015868497746677726
0.0011229907436460448
0.0005571178442103742
0.00021891541679666164
0.0001745732083780627
0.00034552558699011115
0.0005875359651018913
0.0006989401433602561
0.0005833778192982745
0.00034841560128465957
0.00015127593617910587
4.915983474622898e-05
2.1448342139912578e-05
3.785475186987487e-05
0.00014643062396705643
0.00041203562614405777
0.0007748588344340544
0.0009713823935412116
0.0008124137967769946
0.00045601220361143386
0.00017880473060867804
6.080988587056836e-05
2.9948182596361647e-05
2.355710568283755e-05
3.536583693137458e-05
8.571645371853618e-05
0.0001725001830180965
0.0002379524649353603
0.0002274663548778555
0.00018994021218987669
0.00030683754214319483
0.0007816794877501432
0.0015597182278139713
0.0021079202792405275
0.0019014223511918122
0.0011432507745239393
0.0004606066504606312
0.0001399333087173098
9.235390842879756e-05
0.00019282929944949292
0.0004515497003728979
0.0007238493407390122
0.00077413395045036
0.0005518007479797438
0.00026217475388229546
8.332607905985427e-05
1.9502605009257415e-05
1.0467755016205238e-05
2.1699832208649784e-05
3.839012866942521e-05
4.5718154828139586e-05
3.629872175843451e-05
1.9207941727402684e-05
6.774107136351958e-06
1.5922264976844658e-06
2.494245410086603e-07
2.6040844515072686e-08
1.8119762268382679e-09
3.125278311469941e-05
0.00023958106699801653
0.0012240495481363849
0.0041679937007821225
0.009458813404441269
0.014306315900952613
0.015046059408797717
0.011572215298698191
0.005931872202552004
0.002034322587706129
0.0005181800227640907
0.0003455251123627311
0.0009005977228405197
0.0019380705386628286
0.002813638486589743
0.0027477102067931572
0.0018308857888345448
0.0008732912726526518
0.00033868293617282186
0.0001273657774395093
4.632039059149963e-05
1.7566141284754835e-05
3.604761733008198e-05
0.00018700992183364
0.000699293180889838
0.001746367613561722
0.00290680949192068
0.0032246278872910036
0.002384098555404545
0.001174763250352607
0.0003857962909543176
8.468192988674059e-05
2.550417791119296e-05
9.111149929452411e-06
2.66922248830748e-05
7.323645041079185e-05
0.00013490699654019386
0.00016564577266689988
0.00013555289922075086
7.392968077788909e-05
2.6872644055173823e-05
6.599781205325307e-06
1.827438210224887e-06
4.58917686244002e-06
1.720766334223335e-05
5.692448375226017e-05
0.00019526082835838918
0.0008318300892569182
0.003156173004743258
0.008566828790081867
0.01571285921999903
0.019257268997094915
0.015738922224983836
0.008578503211106325
0.0031235354153020044
0.0007938158689914894
0.00032370236775183125
0.0008979156112032313
0.0019350667115201803
0.004468906196132804
0.006891900818380797
0.007084435306378301
0.004853519851716498
0.0022161047842149556
0.0006743810472016505
0.00013677350399430712
1.8487583079493347e-05
1.6654816507838696e-06
9.999565145496744e-08
4.1406534353343715e-07
3.566778233850416e-06
2.067550634253268e-05
7.987864013155514e-05
0.0002056774878005601
0.0003529591165374759
0.000403685914841279
0.00030771193238969205
0.00015632434827546064
5.292860699729883e-05
1.1943616490215081e-05
1.7962334657839298e-06
1.8004093740039584e-07
1.2027110348125636e-08
1.5804794104835116e-09
5.368852256753733e-11
8.06636541940292e-09
6.741698899518111e-08
3.7558442251706505e-07
1.394528700642967e-06
3.450872317447471e-06
5.691305161775879e-06
6.25570704959598e-06
4.584285153054592e-06
2.251893696847371e-06
8.165836038131954e-07
5.191740871840999e-07
1.0053808246848177e-06
7.211565177027406e-06
4.1456384335462663e-05
0.00019141891050837733
0.0006110919286668406
0.001308519387109649
0.001869506633696265
0.0017805883813336604
0.0011303803411566438
0.0004782976790942822
0.00013489056341836573
2.5355548512187555e-05
3.176665010957909e-06
6.348699924068166e-07
4.0450673431729756e-08
1.7177931931794005e-09
4.8620474557600446e-11
2.383103879139172e-08
1.9648102748227074e-07
1.0796835395002614e-06
3.954157042309352e-06
9.651457335730895e-06
1.591571067090493e-05
1.868808157854398e-05
2.098373815269143e-05
3.643074906061295e-05
7.417115820582385e-05
0.00011589009932215496
0.00012455658757957113
9.063743531584074e-05
4.487173083733595e-05
1.5842143244447118e-05
2.116272095396158e-05
0.0001233613540433748
0.0006074649465653543
0.0020280321640106782
0.004534977111683685
0.0068645636942788425
0.007282615738523046
0.006517544193538589
0.005082846586424752
0.004193260797127344
0.0034559589890859133
0.0023998464399945575
0.0012732450872689153
0.0005027691410245133
0.000161967699646896
5.961597827100927e-05
2.9107871063292755e-05
1.2946686776147634e-05
1.2112112336825816e-05
7.526372693444324e-05
0.00046162627168149894
0.0019104981292687485
0.005276828345501483
0.009758656205444718
0.012198258065573977
0.010622087740348883
0.007044790963159538
0.004376748109864976
0.0032375740779172785
0.0028869658410979157
0.0026336426173084394
0.002068749898237585
0.0015195686955770166
0.00072357404042027
0.00023779760122392873
5.2889893766032424e-05
7.892902639671707e-06
7.873416224459649e-07
5.241249851023906e-08
2.3266790257079026e-09
6.610065941545934e-07
4.608419193509228e-06
2.1415326242718022e-05
6.632527944270322e-05
0.00013690365110612495
0.00018936553983534606
0.00017943576239484306
0.00013518136237065508
0.00013003634178091107
0.00018423566386907355
0.0002390343083625146
0.0002401914861636126
0.0002003534049836746
0.00014980823367804203
9.527952139968986e-05
4.588988049524646e-05
1.56997662093138e-05
5.146109516020455e-06
6.100440066383547e-06
2.031501028125304e-05
5.412257043216861e-05
9.687373003583279e-05
0.00011576972190187616
9.231775232889684e-05
4.9109820028914476e-05
1.7447450043971786e-05
4.257888202245318e-06
1.1062612761987364e-06
1.078217369244139e-06
1.4938368372120423e-06
1.4634695099769952e-06
3.0729870147277772e-06
1.9747117568156215e-05
0.00011786880809258851
0.00047979457072178143
0.0013084845627899858
0.002419112279171915
0.0031365696685958467
0.0031123319927723455
0.0027615241956414987
0.0026634571508750704
0.0035418817511583137
0.006209706202463355
0.009696129490686994
0.010932740252858368
0.009721596783168088
0.006540395166649271
0.0044257063219035955
0.003748333058632161
0.003027872654215903
0.0017989166156574964
0.0007268947527580998
0.00019652071857668442
3.543654176769519e-05
4.259308655609042e-06
3.4120963501481124e-07
1.8217461831347292e-08
6.482414000078694e-10
9.736196114450876e-07
6.213741548213625e-06
2.6431137453333263e-05
7.493258593352894e-05
0.00014158524099760017
0.00017830267675294703
0.00014965477494395285
8.373426191518417e-05
3.135928923548172e-05
8.60818909979956e-06
4.591576136872943e-06
8.69661981155051e-06
1.2936828526254678e-05
1.73066504101745e-05
1.7054924843183434e-05
1.7318699139275423e-05
3.4468788150416746e-05
9.784707919902525e-05
0.00030450927780825514
0.0008078340943366963
0.001556453792574795
0.0020500667089155466
0.0018132606643453575
0.0010716640763496466
0.0004226200367807949
0.00011115903822482409
1.949735575990369e-05
2.280422308375674e-06
1.7784865737555008e-07
9.248582664601515e-09
3.2069022957068706e-10
2.413677874768185e-06
1.7832144950971332e-05
8.780327977217462e-05
0.00028813727369224784
0.000630187369749255
0.0009185895385394186
0.0009425915788170207
0.0006986794002126473
0.00034515479690035535
0.00011364026074511708
2.4937119209367507e-05
3.6492093732368746e-06
4.0534409848840967e-07
4.924350776693292e-06
3.1820674628181366e-05
0.0001379942021729778
0.0003994101860613917
0.0007713681540627021
0.0009938471800959767
0.0008541525856926576
0.000489634841543004
0.0001880529961233774
5.378865224707428e-05
3.632966431755685e-05
8.887655100926738e-05
0.00018370790640828797
0.00025651256188254437
0.00023949058813636998
0.00014968584714032223
6.456658252081055e-05
2.865945328516532e-05
3.936343752974931e-05
6.319566434774345e-05
0.00010079823872862025
0.0001084156005667515
7.776991928174078e-05
3.71818138360551e-05
2.001584062399823e-05
6.823285107609238e-05
0.0003538932687669005
0.001272260617738901
0.003063140814613192
0.0049357685794777515
0.005324343606060405
0.0038467078038223073
0.0018629604685106822
0.0006083621459879199
0.00014540160765082468
5.2839209146150126e-05
5.7165378558325494e-05
6.0879525022922535e-05
4.452694909379113e-05
2.174523491269402e-05
7.0784335402324495e-06
1.5356597077077572e-06
2.2204172024776822e-07
8.8366163479462e-08
5.890804825169051e-07
3.397487852102376e-06
2.1565529208537853e-05
0.00010273943985133024
0.0003586000905326374
0.0008889648096712141
0.0015263166868282549
0.0017916358830968248
0.0014452767052828656
0.0008443727270498617
0.0004257997815229519
0.00023674424489222306
0.00013579993040746543
6.237338760060106e-05
2.070900773898145e-05
5.655833442473471e-06
2.2491559158422924e-06
2.252762254076858e-06
4.3055122272259385e-06
8.145989137869067e-06
1.1685257840146602e-05
1.3840112921460165e-05
1.7922293826969546e-05
3.143875286407869e-05
7.14760841092016e-05
0.0002262514165465076
0.0004956902153325763
0.0012862044147587599
0.002309674266762113
0.0027981263960622014
0.002329259830732644
0.0014824212862245458
0.0009800536968787787
0.000834118041132182
0.0007635582884209713
0.0007637967384586118
0.0009288510416418421
0.0011770311664542465
0.0013770126270670538
0.001399729194596214
0.0011221646610274428
0.0006497555732752283
0.00025898962771160405
6.963747983946793e-05
1.2533889144925691e-05
1.5058824778645971e-06
1.2064818881608528e-07
6.443452694541112e-09
2.2936590304830337e-10
5.441662394746846e-12
8.604384065611106e-14
9.067570060534795e-16
3.478880434572052e-17
1.8642916189961722e-19
6.658399183760655e-22
6.156232347317818e-07
5.6075259193360245e-06
3.40415342130951e-05
0.00013772998764779922
0.00037138934533380335
0.0006675214715340801
0.0008000716377802486
0.0006415833144940572
0.0003585066581597028
0.0002070116657714267
0.0003944476775680037
0.0012380633927166799
0.0029748639936447115
0.004929315745124443
0.005656949744976527
0.004790049963693626
0.003521066898652476
0.0026441171924567004
0.0018637824194165853
0.0010178301773962144
0.00040285950037849725
0.0001905455008149943
0.0003575467007254803
0.0006582360982823175
0.001242832815947352
0.0015768815536328577
0.0013550897928036
0.0008567519918757059
0.0005632286584482208
0.0005765262523240617
0.0007214974845103431
0.0011635853303276816
0.002610081552613958
0.0053484438440808855
0.007880823910181354
0.007915800299407279
0.005369557272965906
0.0024555250610686337
0.0007568780293013834
0.00015912725874607349
3.093835934356657e-05
2.718031561483545e-05
4.88837017527112e-05
6.93998182251463e-05
7.762954434491228e-05
7.117698000319684e-05
5.196591618997077e-05
2.8362586549779118e-05
1.618000173531373e-05
9.61500862941502e-06
2.4771998549992615e-05
7.55562375739307e-05
0.00015899411729420224
0.00022331757625527126
0.00021567145794619986
0.0001754081659183488
0.0002581356685856627
0.0006311751865879728
0.0012436787919565863
0.0016659587908958128
0.001490472621993995
0.0008922300843996692
0.00037676106840586244
0.00019104028775662166
0.0002923584582922028
0.0005513594975037262
0.0008857643987103611
0.0014017969827283812
0.0022081860004311412
0.00291589196852232
0.0029485836879153903
0.0023690491753841276
0.0016376067454838491
0.000975297135944906
0.0006130002985440504
0.00027756150852918535
0.0002664828965994204
0.0005843960187469795
0.001061827816881703
0.0013064310680165137
0.0010762868899369747
0.0006129947376354365
0.00033141805245866213
0.0004039612385275895
0.0007183118058726249
0.0009713680793279733
0.0009085915882750831
0.0005908001474119661
0.0002736500964788377
0.00010576197860533783
9.99943018278444e-05
0.0002575027558580517
0.0005704449728688252
0.0009459651405809652
0.0012675267023277068
0.0014482772192597943
0.0013516104983219452
0.0009429476296967165
0.0004637987216190584
0.00016580102801762024
8.59373934633101e-05
7.50988123247778e-05
0.00011907604576367444
0.00016226299493847046
0.00016837290905609656
0.0001318313527370724
7.841359773278877e-05
3.5550045482258723e-05
1.2111194642862898e-05
3.0261243679342165e-06
1.2213306326416054e-06
5.5843403753978925e-06
3.085782095540402e-05
0.00011760200539098984
0.00030164759273205657
0.000519681593262521
0.0006081912368274563
0.00054286981149524
0.0005781158848532608
0.001070428040112863
0.0021440519320724727
0.0033990752398011647
0.0039415346566093875
0.0032258008190231722
0.0018192692419566224
0.0006964985880232996
0.00029481159228593505
5.817618893352692e-05
7.676400093099316e-06
6.762241016740661e-07
3.9736257786524274e-08
1.3602043252597122e-06
1.1394029991503518e-05
6.201066438599291e-05
0.00022995229898513744
0.0005866402201787205
0.0010409810778315223
0.0012979043226525203
0.0011439546806539481
0.0007125142717604607
0.0003115485747966577
9.464904949737993e-05
1.9761329446055898e-05
2.8088728644350003e-06
2.6986990100632424e-07
1.743827631316406e-08
7.553140249745581e-10
2.1882148170238726e-11
4.2344664761874726e-13
5.46869964131128e-15
4.7110419417656897e-17
1.5806563674973474e-18
6.929417613043058e-21
2.0250556684096388e-23
3.944751495982244e-26
5.121783094451439e-29
4.4322791484137004e-32
2.5563985401427844e-35
9.82698125325927e-39
2.5175924206559178e-42
0.0
0.0
0.0
0.0
0.0
0.0
0.0
0.0
0.0
0.0
0.0
0.0
0.0
0.0
0.0
0.0
0.0
0.0
0.0
0.0
0.0
0.0
0.0
0.0
0.0
0.0
0.0
0.0
0.0
0.0
0.0
0.0
0.0
0.0
0.0
0.0
0.0
0.0
0.0
0.0
0.0
0.0
0.0
0.0
0.0
0.0
0.0
0.0
0.0
0.0
0.0
0.0
0.0
0.0
0.0
0.0
0.0
0.0
0.0
0.0
0.0
0.0
0.0
0.0
0.0
0.0
0.0
0.0
0.0
0.0
0.0
0.0
0.0
0.0
0.0
0.0
0.0
0.0
0.0
0.0
0.0
0.0
0.0
0.0
0.0
0.0
0.0
0.0
0.0
0.0
0.0
0.0
0.0
0.0
0.0
0.0
0.0
0.0
0.0
0.0
0.0
0.0
0.0
0.0
0.0
0.0
0.0
0.0
0.0
0.0
0.0
0.0
0.0
0.0
0.0
0.0
0.0
0.0
0.0
0.0
0.0
0.0
0.0
0.0
0.0
0.0
0.0
0.0
0.0
0.0
0.0
0.0
0.0
0.0
0.0
0.0
0.0
0.0
0.0
0.0
0.0
0.0
0.0
0.0
0.0
0.0
0.0
0.0
0.0
0.0
0.0
0.0
0.0
0.0
0.0
0.0
0.0
0.0
0.0
0.0
0.0
0.0
0.0
0.0
0.0
0.0
0.0
0.0
0.0
0.0
0.0
0.0
0.0
0.0
0.0
0.0
0.0
0.0
0.0
0.0
0.0
0.0
0.0
0.0
0.0
0.0
0.0
0.0
0.0
0.0
0.0
0.0
0.0
0.0
0.0
0.0
0.0
0.0
0.0
0.0
0.0
0.0
0.0
0.0
0.0
0.0
0.0
0.0
0.0
0.0
0.0
0.0
0.0
0.0
0.0
0.0
0.0
0.0
0.0
0.0
0.0
0.0
0.0
0.0
0.0
0.0
0.0
0.0
0.0
0.0
0.0
0.0
0.0
0.0
0.0
0.0
0.0
0.0
0.0
0.0
0.0
0.0
0.0
0.0
0.0
0.0
0.0
0.0
0.0
0.0
0.0
0.0
0.0
0.0
0.0
0.0
0.0
0.0
0.0
0.0
0.0
0.0
0.0
0.0
0.0
0.0
0.0
0.0
0.0
0.0
0.0
0.0
0.0
0.0
0.0
0.0
0.0
0.0
0.0
0.0
0.0
0.0
0.0
0.0
0.0
0.0
0.0
0.0
0.0
0.0
0.0
0.0
0.0
0.0
0.0
0.0
0.0
0.0
0.0
0.0
0.0
0.0
0.0
0.0
0.0
0.0
0.0
0.0
0.0
0.0
0.0
0.0
