a = 9.152256958862129 b = 5.080866592568874 c = 10.04858966739929 ,Gaussian ,LMH = 0.08 ,DW = [1.9 1.9 1.9]
0.0
0.0
0.0
0.0
0.0
0.0
0.0
0.0
0.0
0.0
0.0
0.0
0.0
0.0
0.0
0.0
0.0
0.0
0.0
0.0
0.0
0.0
0.0
0.0
0.0
0.0
0.0
0.0
0.0
0.0
0.0
0.0
0.0
0.0
0.0
0.0
0.0
0.0
0.0
0.0
0.0
0.0
0.0
0.0
0.0
0.0
0.0
0.0
0.0
0.0
0.0
0.0
0.0
0.0
0.0
0.0
0.0
0.0
0.0
0.0
0.0
0.0
0.0
0.0
0.0
0.0
0.0
0.0
0.0
0.0
0.0
0.0
0.0
0.0
0.0
0.0
0.0
0.0
0.0
0.0
0.0
0.0
0.0
0.0
0.0
0.0
0.0
0.0
0.0
0.0
0.0
0.0
0.0
0.0
0.0
0.0
0.0
0.0
0.0
0.0
0.0
0.0
0.0
0.0
0.0
0.0
0.0
0.0
0.0
0.0
0.0
0.0
0.0
0.0
0.0
0.0
0.0
0.0
0.0
0.0
0.0
0.0
0.0
0.0
0.0
0.0
0.0
0.0
0.0
0.0
0.0
0.0
0.0
0.0
0.0
0.0
0.0
0.0
0.0
0.0
0.0
0.0
0.0
0.0
0.0
0.0
0.0
0.0
0.0
0.0
0.0
0.0
0.0
0.0
0.0
0.0
0.0
1.215153706324793e-34
1.0950166761516397e-33
6.576454180319802e-33
2.6323547233193503e-32
7.022286985438531e-32
1.2485164941756107e-31
1.4794201937659642e-31
1.1683429676654161e-31
6.1493711139868e-32
2.1571115602258243e-32
5.043082318869557e-33
1.5276102064115244e-33
1.8160950833226973e-34
1.4389515196011352e-35
7.5986298585778e-37
2.674274392215658e-38
6.2727530429122305e-40
9.806001651106766e-42
1.0216620989765983e-43
7.094211812662684e-46
3.28308833412265e-48
1.0126107484564452e-50
2.0815365739931417e-53
2.8517214842721866e-56
2.6038245481843126e-59
1.5845205457699363e-62
6.426367843481916e-66
1.7370600609579438e-69
0.0
0.0
4.3619748389754385e-34
2.860736371187412e-33
1.2504146902385115e-32
3.6426030350231393e-32
7.072145239833674e-32
9.151073538599727e-32
7.891770876583654e-32
5.707031585932027e-32
2.502737373024107e-32
7.314789450017283e-33
1.4248525663655222e-33
1.8497778565551213e-34
1.600481917395172e-35
9.22918848257394e-37
3.5469723851782304e-38
9.08518232577601e-40
1.5509258535133533e-41
1.7645337604767027e-43
1.3379825724373346e-45
6.761646927421967e-48
2.277382979282893e-50
5.112121882799033e-53
7.647999961317314e-56
7.625636556685071e-59
5.067408043045279e-62
2.2442808222304874e-65
6.62445369163913e-69
1.3031802419294712e-72
0.0
0.0
0.0
0.0
0.0
0.0
0.0
0.0
0.0
0.0
0.0
0.0
0.0
0.0
0.0
0.0
0.0
0.0
0.0
0.0
0.0
0.0
0.0
0.0
0.0
0.0
0.0
0.0
0.0
0.0
0.0
0.0
0.0
0.0
0.0
0.0
0.0
0.0
0.0
0.0
0.0
0.0
0.0
0.0
0.0
0.0
0.0
0.0
0.0
0.0
0.0
0.0
0.0
0.0
0.0
0.0
0.0
0.0
0.0
0.0
0.0
0.0
0.0
0.0
0.0
0.0
0.0
0.0
0.0
0.0
1.1896321364831339e-08
7.937685471128723e-08
3.529853106545877e-07
1.0461667855751393e-06
2.0664588938150125e-06
2.7204087428856343e-06
2.386838867639736e-06
1.3957048542174188e-06
5.439332715817127e-07
1.4127951936661125e-07
2.4456502039857223e-08
6.063247399571643e-09
5.337317049118047e-10
3.131282583146518e-11
1.2243429117096052e-12
3.190549069576705e-14
5.541270277762629e-16
6.414086123605303e-18
4.948137833269105e-20
2.544077508351587e-22
8.717670227764457e-25
1.990912084470975e-27
3.0302975666467226e-30
3.073972795287628e-33
2.0782429237446354e-36
9.36427479063944e-40
2.8121179758785745e-43
5.628264150034307e-47
0.0
0.0
0.0
0.0
0.0
0.0
0.0
5.868511092858225e-06
3.903405016125329e-05
0.00011019323507405422
0.0003727118489549826
0.0008401813059793953
0.0012622761513433362
0.0012639133117463674
0.0008434546698016114
0.0003751351457649837
0.00011119757336442915
2.1967691123388846e-05
2.892378105696879e-06
2.538091446315276e-07
1.4843660534268134e-08
5.785705319609639e-10
1.5029798383603234e-11
2.602145326089709e-13
3.0025585757339892e-15
2.309048089346287e-17
1.1834666259478505e-19
4.0425984095849916e-22
9.203366872073711e-25
1.3964147146626982e-27
1.4120941266865865e-30
9.516876313187424e-34
4.274710928947969e-37
1.279677771774446e-40
2.5531483443790415e-44
0.0
0.0
0.0
0.0
0.0
0.0
0.0
0.0
0.0
0.0
0.0
0.0
0.0
0.0
0.0
0.0
0.0
0.0
0.0
0.0
0.0
0.0
0.0
0.0
0.0
0.0
0.0
0.0
0.0
0.0
0.0
0.0
0.0
0.0
0.0
0.0
0.0
0.0
0.0
0.0
0.0
0.0
0.0
0.0
0.0
0.0
0.0
0.0
0.0
0.0
0.0
0.0
0.0
0.0
0.0
0.0
0.0
0.0
0.0
0.0
0.0
0.0
0.0
0.0
0.0
0.0
0.0
0.0
0.0
0.0
0.0
0.0
0.0
0.0
0.0
0.0
0.0
0.0
0.0
0.0
0.0
0.0
0.0
0.0
0.0
0.0
0.0
0.0
0.0
0.0
0.0
0.0
0.0
0.0
0.0
0.0
0.0
0.0
0.0
0.0
0.0
9.930389587676858e-35
6.502517945282017e-34
1.8165998240285973e-33
6.048909967772033e-33
1.3423832405031978e-32
1.9854432151422516e-32
1.9571313234416987e-32
1.2857721458625723e-32
0.0007897570352093977
0.007163479938243478
0.04330481053019433
0.17447362516279968
0.4684950159262196
0.8384201618156552
1.0
0.7949134306567645
0.42113488475362076
0.14869766501612877
0.03499198892493027
0.005488006988945388
0.0005736437041642947
3.9962380941462587e-05
1.8554191193005293e-06
5.741352974144686e-08
1.1840444767378256e-09
1.6274338051331584e-11
1.4908027932344366e-13
5.209535091691031e-15
2.426712979340654e-17
7.533892279899042e-20
1.558841459378648e-22
2.1496414991719176e-25
1.975657582237114e-28
1.2101490429563987e-31
4.940234861168222e-35
1.3441194899601339e-38
0.0
0.0
0.0
0.0
0.0
0.0
0.0
0.0
0.0
0.0
0.0
0.0
0.0
0.0
0.0
0.0
0.0
0.0
0.0
0.0
0.0
0.0
0.0
0.0
0.0
0.0
0.0
0.0
0.0
0.0
0.0
0.00011498030761220333
0.0010476850939867396
0.006362380113341605
0.025750757389118084
0.06946114701115046
0.12487603281232311
0.14962779797027173
0.11951357936950378
0.06370038363136925
0.022795203732652668
0.005672114698329786
0.0011602942638321452
0.0004410418177494423
0.00013310484013855854
3.8282576381002846e-05
7.987553812030689e-06
1.1278030615667707e-06
1.0640395130834179e-07
6.693485406012879e-09
0.0008367427086618428
0.006128903832805959
0.029919571549346168
0.09734406588050358
0.21107905540269425
0.30504390383632723
0.29380630180004064
0.18859987965219538
0.08068694346179762
0.023006293982883484
0.004371914039243064
0.0005537045746392596
4.673757307319904e-05
2.6292734192483964e-06
9.857956396416626e-08
2.463312910170007e-09
4.102360494567365e-11
4.553335044154158e-13
1.808399280526374e-14
1.0206872561544863e-16
3.8394817481002237e-19
9.6257387542518e-22
1.608337107144629e-24
1.7910249735383093e-27
1.3292533066385384e-30
6.972173521852531e-34
3.0884513824289985e-34
1.5983326904618527e-33
5.516708282775964e-33
1.269037390404378e-32
1.95081010873547e-32
2.0288792285940682e-32
1.5673647765875648e-32
1.3574770787883646e-32
1.9086912606895898e-32
2.699725460260998e-32
2.7468440505857993e-32
1.8823922093656226e-32
8.609342207463505e-33
2.6247625143272692e-33
5.3333719025374305e-34
7.222650649525868e-35
6.51888128799485e-36
3.921309365931449e-37
4.805117273756699e-38
1.4698215461634354e-39
2.9964482084378944e-41
4.071275483717009e-43
3.686682628579483e-45
2.22496182201983e-47
8.94933823518674e-50
2.399058451797792e-52
4.286198547548782e-55
2.4075924704327524e-09
2.0091839136463738e-08
1.117475361633818e-07
4.1422639460595654e-07
1.0233380660643078e-06
1.6849306791309093e-06
1.8489556533003955e-06
1.3522360190677258e-06
6.591132665725072e-07
2.141160163095215e-07
4.6357478359245833e-08
6.6891664377519115e-09
6.432884414093026e-10
4.1230731720324185e-11
1.7612373412328486e-12
5.0141379160657455e-14
9.513848119895427e-16
5.402113442319253e-17
5.212261774087656e-19
3.3517397221382493e-21
1.4364678226898362e-23
4.1030161499664727e-26
5.709899757990723e-07
3.765566989754726e-06
1.655060296934338e-05
4.848180842943022e-05
9.465103122187285e-05
0.00012315539371086424
0.00010679798828367327
6.17240274143978e-05
2.3775353726426434e-05
6.1035325749333675e-06
1.0442803227025851e-06
1.1907880585852731e-07
9.049683593772649e-09
4.583675535191432e-10
1.5473048552980693e-11
3.4811237095712807e-13
5.219688358896151e-15
5.2161640244718754e-17
3.474077103709301e-19
1.5420882021849382e-21
4.562055079801516e-24
7.504047787447976e-26
1.1288844249932992e-28
1.1318396908934553e-31
7.563135932300706e-35
3.36821992588683e-38
9.997249333619479e-42
1.977616854369491e-45
0.0
0.0
0.0
0.0
0.0
0.0
0.0
0.0
0.0
0.0
0.0
0.0
0.0
0.0
0.0
0.0
0.0
0.0
0.0
0.0
0.0
0.0
0.0
0.0
0.0
0.0
0.0
0.0
0.0
0.0
0.0
0.0
0.0
0.0
0.0
0.0
0.0
0.0
0.0
0.0
0.0
0.0
0.0
0.0
0.0
0.0
0.0
0.0
0.0
0.0
0.0
0.0
0.0
0.0
0.0
0.0
0.0
0.0
0.0
0.0
0.0
0.0
0.0
0.0
4.159827216534728e-08
3.546180626493818e-07
2.014781534122912e-06
7.6291581709874755e-06
1.9253372987711745e-05
3.2383111699075484e-05
3.65561631563903e-05
3.126618842639875e-05
1.78225902630306e-05
6.770928895758558e-06
1.71438055253248e-06
2.8929955002852694e-07
3.253642504824229e-08
4.328518489367659e-05
0.00038263516406275946
0.002254427240372161
0.008852567617242756
0.023167748545171302
0.04040917252053214
0.0469740095620708
0.036392915966415064
0.018791334595874478
0.0064666587683159145
0.0014831456834029488
0.00022670924344691195
2.309596918230147e-05
1.5681395319933304e-06
7.096018897529972e-08
2.1400620796649177e-09
4.301496047532514e-11
5.762278344320215e-13
2.5942484309838868e-14
1.7672127969166842e-16
8.023201156566935e-19
2.427661116126489e-21
4.8956458311869214e-24
6.579811766001861e-27
5.8938420848694705e-30
3.5185608785087635e-33
1.3999521502917544e-36
3.712298265578569e-40
0.0
0.0
0.0
1.5424084222579121e-06
1.1565620658306747e-05
0.0003210808914899232
0.002041452464356206
0.00908114465368393
0.027626564739834224
0.056743660143307416
0.07816826213294963
0.07198507458370215
0.04424505585694754
0.018137092835816347
0.004956717940814091
0.0009029624764022663
0.00023161851940452642
2.1458267316033763e-05
1.3249722941659432e-06
5.4526154233325917e-08
1.4955004989163653e-09
2.7336996017254335e-11
3.330404861678178e-13
2.7041142939756303e-15
1.4633045030530375e-17
5.277472418852431e-20
1.26852434767726e-22
2.0321380722923465e-25
2.169657586292539e-28
1.5452447549862563e-31
8.577842247200685e-35
7.802333775035022e-37
3.0413996993691413e-38
8.14030302926119e-40
1.4523082599469937e-41
1.726865809187568e-43
1.0803569749478738e-05
8.532401722380783e-05
0.00044911427314882086
0.001575520173430966
0.0038250769977754982
0.006808752629338619
0.009442680646515565
0.017499590534544782
0.03494732513965652
0.05649701933601721
0.06528564221216547
0.05587533658888683
0.043529398354760544
0.03864427727162033
0.03371482405157331
0.02246617313335135
0.010319104076100503
0.0031848062740980005
0.0006686847580348793
0.00014057425217548926
0.00013487067902419098
0.00021156908475861004
0.0002344658996784682
0.00017355837274572945
8.56304149612071e-05
2.8157452369964572e-05
6.170782835189554e-06
9.01298643371693e-07
8.773617974164409e-08
5.692070509504661e-09
2.461179960967059e-10
7.092478333630207e-12
5.321106804778844e-13
7.797568593373559e-15
7.615492236426445e-17
1.3126908213387042e-05
8.305957552271327e-05
0.0003502664286289543
0.0009844391332761453
0.0018439993885169498
0.0023020472014540264
0.0019153547537653721
0.0010621008876418165
0.00039252187785323683
9.668152945976163e-05
1.5871015091003318e-05
1.736390676492413e-06
1.2661108603801287e-07
6.152867617550108e-09
1.99280569802442e-10
4.3016382944981896e-12
6.188485408784065e-14
5.933574520289996e-16
3.791665168817622e-18
1.6148236646247747e-20
4.583547955753937e-23
8.670816634115735e-26
1.0586027322060238e-27
1.0183423691598661e-30
6.528842086792934e-34
2.7897164522457637e-37
7.944480640984337e-41
1.5078304404290784e-44
0.0
0.0
0.0
2.4062764434893775e-07
2.189914805837373e-06
1.3282825533629663e-05
5.369517535844453e-05
0.00014466437994928687
0.00025975834165497044
0.00031085577806868464
0.0002479304871518032
0.0001317900040660584
4.668921340391697e-05
1.1023821977491292e-05
1.7347199515070332e-06
1.819315853057715e-07
1.271652303980719e-08
5.923933971956097e-10
1.839219590603823e-11
3.805734676235186e-13
2.2895105526260608e-14
2.4090740695980854e-16
1.6894261209906961e-18
7.896048451569859e-21
2.4595856616288173e-23
5.1061744578826377e-26
7.064979292669374e-29
6.514898979337726e-32
4.003925855964044e-35
1.6400078078943736e-38
4.477002664737872e-42
1.5503126697911583e-06
1.3233531718430877e-05
7.52859226535267e-05
0.0002854521641365493
0.000721330757471126
0.0012148344805743634
0.0013635821808601321
0.0010200631826728225
0.0005085742607180124
0.00016899086476190842
3.7424295048353655e-05
5.523642679982709e-06
5.43349251459849e-07
3.562165701695191e-08
1.5564340044160408e-09
1.5411419159280247e-10
3.4242211521203858e-12
5.0706370686792953e-14
5.004316816741912e-16
3.291611827781459e-18
1.442958962805087e-20
4.2158086848137315e-23
8.208983003196545e-26
1.0653182497972935e-28
9.214057657841288e-32
5.31133913383923e-35
2.040509811842049e-38
5.224622190278989e-42
0.0
0.0
0.0
3.1790952240053992e-06
2.6245432616285992e-05
0.00014440608144638729
0.000529540009516614
0.0012941768372947825
0.002107997127345438
0.0022883790064282725
0.0016556458439378554
0.0007983410848388265
0.0003918351247880976
9.607866969684674e-05
1.5701174716241753e-05
1.7100895752879054e-06
1.2413296272832198e-07
6.005330736072027e-09
1.93628057439913e-10
4.785335468760816e-06
3.854790917007042e-05
0.00020695274428149507
0.0007404966553868474
0.0017658611870558856
0.00280654214963167
0.0029728166529933526
0.002098680027363448
0.0009874290091609077
0.0003096328874011733
6.470976633308123e-05
9.013098736138216e-06
8.366811293641071e-07
5.176394503897494e-08
2.1344024417639892e-09
5.865523767428707e-11
1.0742833306219325e-12
1.3113312870691661e-14
1.0668111780533424e-16
3.4443333277143203e-18
1.4248950858578735e-20
3.928639254039279e-23
7.219100428018222e-26
4.847613018893011e-07
3.2337483407477807e-06
1.4376926179829534e-05
4.259978575287462e-05
8.412601850204129e-05
0.00011072222479595258
9.712271635447435e-05
5.677908443502904e-05
2.2122667819449645e-05
5.74471065696531e-06
9.942151322795882e-07
1.1467642000433566e-07
8.815550393407514e-09
4.516544425529458e-10
1.5422141679818446e-11
3.5096567103979577e-13
5.3231185397307924e-15
5.380828921527321e-17
3.62504814768484e-19
1.6276458767377503e-21
4.870657749052353e-24
3.913011960018736e-06
1.8162130651010904e-05
0.00012950946696600637
0.0006154854412222584
0.0019494657132885429
0.004115238086516561
0.005789697582532595
0.005428731231060118
0.0033927606329250664
0.001414648277195544
0.0004001436760225984
9.733255876278598e-05
6.048655149073305e-05
7.21958259306129e-05
6.607429053522124e-05
4.0669199200845e-05
1.6692236588185622e-05
4.5662415139150985e-06
8.325025950231266e-07
1.0115652709443013e-07
8.191883673638597e-09
4.421353005752964e-10
1.5904065412410216e-11
3.812788050580461e-13
6.09198356082926e-15
6.487185694832763e-17
2.5062377150803693e-18
1.3571331174295572e-20
4.8978353793237743e-23
1.1780601563129942e-25
1.8884796246688226e-28
2.0176177152474275e-31
1.4366706491096916e-34
6.826387826349759e-38
2.300530873870889e-41
2.0454040061287198e-44
1.1694065491773022e-46
5.728962580291877e-49
1.8705442982608623e-51
4.070441878326967e-54
5.9033246310677e-57
5.706020437665282e-60
3.6757970734851137e-63
1.5781609050905953e-66
4.515777983053794e-70
8.61182966358071e-74
0.0
0.0
0.0
0.0
0.0
9.290460205764164e-07
3.5572695826180543e-06
1.9005854319588222e-05
6.767676041298356e-05
0.00016061025628763933
0.0002556347135958402
0.0002801667774385796
0.00025189238277938407
0.000306903258582207
0.0005279655089852339
0.0007686274765702932
0.0007758698395297197
0.000524878510586658
0.0002368324407624305
7.122792848292747e-05
1.4277334992648022e-05
1.9073323482747146e-06
1.6981938441275647e-07
1.0076964158876178e-08
3.985232981581508e-10
1.0504110126502946e-11
1.8452124022855543e-13
2.1603047067337794e-15
1.685641468875941e-17
9.285338815144095e-05
0.0007293746015355133
0.0038184320357332957
0.009189154306228495
0.024463159872358902
0.043404135531120144
0.05132526690287704
0.040449473232303426
0.02124594594418543
0.00743739456891103
0.0017351903375173645
0.00026980808975081644
2.7960463204564298e-05
2.196595615491099e-06
2.5661478767049376e-06
1.5410584124032475e-05
6.386982452307215e-05
0.00017645338661321638
0.0003248973706944111
0.00039869789750275153
0.00032607930927818147
0.0001777395545831635
6.456935985284462e-05
1.5633291370926234e-05
2.5226436835587994e-06
2.7129572468446006e-07
1.94451606666743e-08
9.288844018704027e-10
2.9572861719788256e-11
2.371093432571992e-12
3.8386890191985665e-14
1.5863232609369165e-05
0.00014303395822184853
0.00085954411264341
0.003442537906365108
0.009189054773919769
0.01634724221956442
0.01938204971844627
0.015315686110922653
0.008065935764446117
0.0028310960850953665
0.0007884997836089336
0.0012006593096169675
0.006369309062310464
0.02455541207547826
0.06319602837183504
0.1083993219925535
0.12392106058789976
0.09441592012023116
0.047943185466557896
0.01622520119736489
0.003659610320515087
0.0006115887746351318
0.0006074436915762196
0.0019150208404252198
0.008708014296675818
0.026518915307247336
0.05383173164904815
0.07285739119497948
0.06588487966420513
0.04032459187569455
0.017971286065026564
0.0078064268296668205
0.004705864222956893
0.0030069301907813028
0.0014657568244356776
0.0005163025113330017
0.00014589759454560264
3.984908009597005e-05
1.075008769977983e-05
2.3875235553503553e-06
3.8000038590891054e-07
4.114866020196491e-08
2.9861022501228485e-09
1.446324375672424e-10
4.670608766520864e-12
1.0053240216133816e-13
1.4422199217124857e-15
1.3789274858774039e-17
8.786859636664378e-20
2.4106242153504447e-21
7.811323077715783e-24
1.6869462934200323e-26
2.4280602878600671e-29
2.32915947453359e-32
1.4890885796535768e-35
6.344879653210912e-39
1.8018050231253e-42
0.0
0.0
0.0
0.0
6.2154447316810555e-06
4.3552828093704576e-05
0.00020339583773248601
0.000633066466782086
0.0013723427687897254
0.0022670322305927714
0.003970703633726361
0.008821673891820984
0.018041219902868767
0.026663789236308882
0.026680612350165056
0.017844555544382495
0.007958384060197927
0.002389801294392523
0.0009288518278008869
0.0005632763271337579
0.0014570302282442026
0.0031881968827067336
0.0046882133086188025
0.004595801844381874
0.0030026182974868245
0.001307436510731906
0.0003794221160820727
7.338481830031481e-05
9.459569076519547e-06
8.126771160025418e-07
4.921585266170209e-06
3.760896749655308e-05
0.00019334994082484926
0.0006625192890721918
0.0015129851291778222
0.002302779424933947
0.00233588560113269
0.0015791825884288893
0.0007115323865786784
0.00021366753819289215
4.276258674464549e-05
5.703887330764594e-06
5.070601220072835e-07
8.061564422083853e-08
3.6442690066174416e-09
1.097951292570408e-10
2.204637901070803e-12
2.702249239870581e-06
2.289845508314582e-05
0.00012932083917331514
0.00048675721113785854
0.0012210622990914601
0.002041478445160438
0.0022747481652702103
0.0016892868299275285
0.0008360938274094902
0.0002757961417848537
6.0632140962142984e-05
8.883808111301994e-06
8.675149804713846e-07
5.6459411235642195e-08
2.4489349826401144e-09
7.079453171967137e-11
1.3639665503574643e-12
1.7514158456136527e-14
1.4988438057957441e-16
5.714843345036656e-07
5.1850991399090155e-06
3.1353884004918626e-05
8.306442490339065e-05
0.00025541825036995143
0.0005234441335656046
0.0007281115605665121
0.0007461398129974102
0.0008547441942295612
0.001638352607293057
0.0032864770202431434
0.005101060236830098
0.007182668114406228
0.012426646280394747
0.02294458409310427
0.03296610998666372
0.032648764950832035
0.02169113353488379
0.009695197200849423
0.00347901865614806
0.00399446280865495
0.012416629615191204
0.029570021868920146
0.047194413299123036
0.050220721103867653
0.0356493750545488
0.016936400952027933
0.005466282182191922
0.0012767270660025663
0.0004430105164757572
9.787012092175915e-05
2.37274814249174e-05
4.828220552520023e-06
6.977472213758917e-07
6.81852606160953e-08
4.454872779334455e-09
1.9411395966973113e-10
5.6379752119882004e-12
1.0914019108224342e-13
2.811418894282462e-08
1.3913493495345907e-05
0.00011052674126165724
0.0005871522361328686
0.0020849745331907726
0.004947812842932093
0.007845855547812345
0.008313279577443062
0.005886074419517525
0.0027850520326483407
0.0008807203953387562
0.00018616072951653043
2.630466811896517e-05
2.4849643229834106e-06
1.5696177426347108e-07
6.629670472785587e-09
6.429961705436384e-10
1.3889189451996241e-11
2.0064624767960936e-13
1.9385469003414755e-15
1.2525873131850409e-17
5.41266634119805e-20
1.5640886211247227e-22
5.750963974323502e-07
4.303525212865034e-06
2.146295942284409e-05
8.122742218093602e-05
0.00022354293699904505
0.0005225697988036134
0.001080783663243583
0.0018200319305161103
0.002248086042663609
0.0019203552114575217
0.0011075985800004175
0.000427649280801139
0.00011021011760576831
1.9538709643476433e-05
7.37249240340341e-06
3.024369177311344e-05
0.00011589142454168125
0.0002975579179808817
0.0004453548933684156
0.0005815139831713119
0.000506052607509146
0.00029350311856013363
0.00011345178191638164
2.9227486662698184e-05
5.449124352063097e-06
3.781971525492011e-06
2.1460246195005078e-05
0.0001004159896784608
0.00039263038043660804
0.0012377857371045783
0.0029184023695828297
0.004864244652379242
0.0056798875038883145
0.004982106964433152
0.0040616115917748675
0.003690360132935909
0.003158793702447612
0.002031911224544997
0.0008980927279669787
0.0003600758404957964
0.0008377712896979849
0.004410858131674844
0.016448200148799597
0.041030685645477016
0.06035811897645772
0.07716002705175007
0.06634381867649143
0.03859801807081331
0.015334125624890008
0.004213321630105597
0.0008130790724904519
0.00011179696848303566
1.1039762273146492e-05
7.810841916327951e-07
3.9144711000945244e-08
1.3683127999859494e-09
3.288077329191211e-11
5.371414876393493e-13
5.919678569015012e-15
4.3797246677467683e-17
2.1688826346736114e-19
7.176146501160207e-22
1.5847374562083325e-24
2.3343655333913695e-27
2.2928312734072774e-30
1.5013366549335733e-33
6.552929508963831e-37
1.906076793302064e-40
3.6962034403080267e-44
0.0
0.0
0.0
0.0
1.3915131293455892e-06
1.1334340039661718e-05
6.152997167973145e-05
0.00022261721273084427
0.0005367997621879146
0.0008676252999252644
0.0009600450410327758
0.0008346710125216363
0.0008804240459768264
0.0013215773573511363
0.0017797868521684148
0.0017030646327136209
0.0011680432141477806
0.0007934259721783934
0.0009369791337541139
0.0013165217713756573
0.0013836356182148981
0.001003188001514123
0.0006105065528959518
0.0007593395251044784
0.001740645313006182
0.0031838539687058373
0.0038386608332442685
0.0036291161522842967
0.0022871449424554245
0.0009606713863154769
0.00026892927679526564
5.017448221426528e-05
6.238917832360543e-06
5.170317115697801e-07
2.855660958282594e-08
1.0511813701630848e-09
2.5788745418907464e-11
4.216618624245558e-13
4.59494141511842e-15
3.337161177815857e-17
1.6153101981041694e-19
5.210941953537711e-22
1.1203612620405761e-24
1.6053934287320947e-27
1.5331562791132432e-30
9.758271997342206e-34
4.13943398269368e-37
1.1702820675397933e-40
0.0
7.961630632392263e-05
0.0006307582440806909
0.0033304689870175073
0.0080606097020002
0.02164277435990846
0.03875344177921447
0.04634674393990344
0.037392693409598415
0.021404913916213422
0.010624311640784413
0.0064277609178809625
0.004363580696315095
0.0023839817577844327
0.0009841493112262474
0.0005170298178626008
0.0006307564780415198
0.0008038941098276575
0.0007330205672494432
0.0005357056995393868
0.0006961611218374092
0.0017859836956635028
0.003857442917463596
0.005677608387451297
0.005592721679448955
0.0037750184159317424
0.0022004290613736825
0.0028344397960502264
0.007482314839744974
0.0174795966066978
0.025802204510122273
0.03412949271253703
0.030685449085702726
0.018544888030363298
0.007498240892439173
0.002024605340219703
0.0003648684544283182
4.389461116376514e-05
3.527293877548627e-06
1.8955285275468594e-07
6.82464304223413e-09
5.725106760942704e-07
4.409743221238061e-06
2.2643798470452632e-05
7.749382062085215e-05
0.0001767528454454169
0.00026868740137473167
0.0002722135506087176
0.00018380347830308165
8.271404490944743e-05
2.4807690851467035e-05
1.0782392150433399e-05
4.367258752745165e-05
0.00021178165234438977
0.000694592964373318
0.001224059893657685
0.0020420448491299784
0.002274591291999147
0.0017108314476932107
0.000960373249790874
0.0006668382056998223
0.0008571646164303302
0.0010882912855851455
0.000987921388568382
0.000637374318529555
0.00034030664019681653
0.0001977488018076386
0.00012435198143501244
6.426717690736006e-05
2.34051102883461e-05
5.752448168671075e-06
9.448186116227488e-07
1.0348466456187069e-07
7.555069020903773e-09
3.67615475337656e-10
1.9195253421066292e-07
1.7172332913675924e-06
1.0239367727119847e-05
4.0691021636402834e-05
0.00010777191403301636
0.00019023663105317384
0.00022177914590342947
0.0001991770526854829
0.00011984866615540812
5.1136728854935125e-05
2.4383780435876545e-05
2.7488475883086692e-05
3.6388189971267305e-05
3.446010794200203e-05
2.188326651239733e-05
9.266364463401749e-06
2.6152085454845074e-06
4.919107609965248e-07
6.166631425006189e-08
5.152182268435288e-09
2.8689038582266776e-10
1.0646879007934298e-11
2.6333597371018275e-13
4.3408983051157175e-15
4.7690357762737996e-17
3.491910447370004e-19
1.704029710090908e-21
5.542079812277318e-24
1.201295740953142e-26
1.735436179004444e-29
1.6708940208109765e-32
1.0721874290729857e-35
6.366774113637954e-38
4.876522892342895e-07
3.806341471113138e-06
1.9800984068960576e-05
6.865107625953692e-05
0.00015863151580725943
0.0002442941944962845
0.0002507369661582094
0.00017151619570127637
7.819400397766647e-05
2.375873518908797e-05
4.8112146162273515e-06
6.493333237978491e-07
2.1695835663047171e-07
1.4577334935378463e-06
8.889654708383413e-06
3.6216291391117026e-05
9.833573146586414e-05
0.0001779509544573747
0.00021462032061864744
0.00017251342800711153
9.891986895084253e-05
7.608484355767109e-05
0.0002629967335890448
0.001104528346386075
0.004130943138941887
0.008990051226368213
0.02298966535175976
0.04181280822323458
0.051977782812679
0.043460931294048114
0.024298725792831783
0.009064834353708051
0.0022555365836301995
0.0003765010398678512
4.6659433569126634e-05
1.012458269715002e-05
6.394503720495969e-06
3.675072997979817e-06
1.4376239862437485e-06
3.752505032471578e-07
3.1427093845121925e-07
1.7329784420483636e-06
7.969316235304608e-06
2.4528356096894237e-05
5.073507418796709e-05
7.157131731453555e-05
7.500438324165967e-05
7.450587863383795e-05
8.725001640193654e-05
9.856476805677045e-05
9.179219464177608e-05
6.060482805384811e-05
2.6924433904872236e-05
7.987818645120951e-06
1.5800410113229172e-06
2.0831781798025897e-07
1.8305158173029348e-08
1.0720218414751618e-09
4.1842309184923415e-11
1.08845196434323e-12
1.8870545387433454e-14
2.1804251747633253e-16
1.6791112521712883e-18
8.61785742048331e-21
2.947818128612231e-23
6.720221912240116e-26
6.706750529480721e-06
4.751801659469668e-05
0.00022438096202337103
0.0007061472216874364
0.0014811056953567743
0.0020704197418331778
0.001928911552839492
0.0011976996736721903
0.0004956400773399159
0.00013672062538115269
4.6316504426819306e-05
7.028909460522717e-06
3.0347492733894245e-06
7.319299391072545e-06
1.4576241257050877e-05
1.9448598070472298e-05
1.7297393953244366e-05
1.0253205182634162e-05
4.050614529167473e-06
1.066507371149211e-06
1.8714937353084765e-07
2.1887413672835608e-08
1.7060119289783131e-09
8.862397581300764e-11
3.0683291301418654e-12
7.080015448413277e-14
1.9056360062039117e-07
1.3449655278351288e-06
6.326505751652306e-06
1.9833447426465735e-05
4.1439457344229586e-05
5.7704735953857774e-05
5.3553813865247514e-05
3.312461960691654e-05
1.3655038932896289e-05
3.75160005863651e-06
1.2655125457134983e-06
1.768042199368407e-07
1.6462672787716826e-08
1.021620535772813e-09
2.435921146777578e-08
1.916258490313665e-07
1.0064106277231583e-06
5.4113269000672386e-05
0.00042927865790759847
0.0023483940720319253
0.008647797993976305
0.021283683342296907
0.03493929160867395
0.03823486841382646
0.02788776753209993
0.013556795443039841
0.004392219278344415
0.0009484034595339105
0.00013648469722188028
1.325845437028295e-05
2.3834328652078945e-06
9.515772212494122e-06
4.7393485780895055e-05
0.00017092490083106646
0.0005207041907572552
0.0009987938814093396
0.002182581976058595
0.0034917876044167654
0.0038738745948768112
0.002908488252816673
0.0014636700515751164
0.0004919403873993157
0.00011028090439631806
1.648144709194949e-05
1.6417968542839656e-06
5.369485353390829e-06
4.369508658088845e-05
0.00024183862149818112
0.0008921701640259796
0.0021935701781231483
0.0035944870265070213
0.003925580213192882
0.0028572769623800933
0.00138606108807132
0.000496817566626791
0.0005066238333772562
0.0023151945236240144
0.008608981072121867
0.021457261824382935
0.035648558108918565
0.0394723344027845
0.033720519826136094
0.018986622990467838
0.007124965094549883
0.0017819655487480606
0.0002970280157553058
3.299719876031802e-05
2.4919916747647646e-06
4.3211208886364043e-07
1.3267125195350298e-06
3.7428852301180995e-06
7.058256089771597e-06
1.1838204628680058e-05
3.428179904814012e-05
0.00016609512774267077
0.0006525229879548336
0.0017443734259014452
0.003113948334318579
0.0037054705715254656
0.002938760185758646
0.0015533422213583508
0.0005472071418692954
0.00012847479130128977
2.0358800855501592e-05
4.2975361232559494e-06
1.277876378884735e-05
4.833162251921041e-05
9.434447762900769e-05
0.00018351791458965063
0.00024473838528271
0.0002581056493395193
0.0003880595129257434
0.000968027559601138
0.0021171772352227333
0.0032121567188863813
0.0032994700038106316
0.002374735446482427
0.001376635128027031
0.0008776808041251699
0.0007452106361498405
0.0007460432419459694
0.0007306445501820864
0.0005792231564080197
0.00032945605179794863
0.00012792788770321176
3.335209784355389e-05
5.808055416613153e-06
6.745439913766731e-07
5.222257652081566e-08
2.6947214327121337e-09
9.267418818684015e-11
2.124161734913072e-12
7.98502761198883e-06
3.073829593206659e-05
0.00016555264659556265
0.0005942566039118153
0.0014318517826009316
0.0023498039730366293
0.0028599356762787093
0.0033390481397757234
0.0047445202811993836
0.006586845605001425
0.006843305609490862
0.004875661561681517
0.0023752312794653335
0.0008662071832794746
0.0003305013576394531
0.0001746820589462776
9.061910336650548e-05
3.4398216039194345e-05
9.414848334791639e-06
4.862250458401495e-06
1.2444967166943978e-05
2.9948789034123763e-05
4.8666664086056305e-05
5.272835892593255e-05
3.807536412407095e-05
1.8324224262083675e-05
8.982160628014404e-06
2.198188523778589e-06
3.585342121071693e-07
3.897425466549123e-08
2.004971459176067e-06
1.4502703465853753e-05
7.001495669689384e-05
0.00022529411289370685
0.00048324151251823654
0.0006911909317280703
0.0006599758131869815
0.0004220836678378175
0.00018585777510276503
7.990818352532396e-05
0.0001399934600477684
0.00045066264795255283
0.0010770679502973876
0.0018869523593659245
0.002671991000572881
0.003338272580931509
0.0035744014801337948
0.0029735339384978393
0.0018339351156791354
0.00090579784385299
0.0005107326847801427
0.00054159573807161
0.0006887675311875812
0.0008703749655915539
0.0007844306318283722
0.0004778497051575704
0.00019458474656681323
5.2843254689356006e-05
9.56565801128388e-06
1.154083738370242e-06
7.567307990943432e-07
6.083945535978806e-06
3.23123979830859e-05
0.00012433716172232127
0.00034637193150817967
0.0006901197963557024
0.0009661390145819771
0.0009353035256630905
0.0006209570848852745
0.0002850828773789663
9.533191847942934e-05
2.8844554222674752e-05
2.373656968218757e-05
8.082836143080829e-05
0.0002578303432577948
0.0006498166070828275
0.0013356486822172038
0.0022002809359606135
0.002629461540063716
0.0026001883196165015
0.001776707198822444
0.0008216332173510547
0.0002784049227725683
0.0002116634784856448
0.0007207596382029488
0.002136282650830463
0.004260503052891736
0.0056646508001596445
0.005019620829718647
0.0029644924800939295
0.0011719976449443825
0.0003463175276780831
0.0002625954835091655
0.0007305382814315457
0.0016727633889220296
0.002573257664282148
0.0026389490691885054
0.0018036997313860628
0.0008216354212135514
0.0002494454688596133
5.047236249622589e-05
6.905245982015596e-06
1.2369388145278044e-06
1.803982702046518e-06
5.488039710924859e-06
1.174706278554965e-05
1.6771323387530322e-05
1.5958491045170195e-05
1.0525392195998742e-05
7.917358308726967e-06
2.3008130290556278e-05
8.726906277228591e-05
0.0002316222378715532
0.0004106816266330951
0.00048535559431814833
0.0003823159381269851
0.00020084775583171992
7.103800141537297e-05
1.9187318035394204e-05
8.950804906601732e-06
9.980002908036628e-06
9.839710159077352e-06
6.617360818009554e-06
2.9707519121035668e-06
8.88949691047446e-07
1.7728532417441033e-07
2.3564062116493647e-08
2.087416419755091e-09
1.2323940162954906e-10
1.491457096617233e-11
4.477688018645132e-13
8.959390072054411e-15
1.1947708211340883e-16
1.061872364401126e-18
6.289868662094709e-21
2.4830895607958566e-23
1.7299005589037973e-06
1.9801755252018164e-05
0.00012844155406924697
0.0005825456086717057
0.001869582249880454
0.0042505610093948355
0.006827676660589408
0.007715111165807115
0.006112448840331959
0.0034060735182150008
0.0014247039305605247
0.0007302510054031276
0.0008744691360336323
0.001169228177519896
0.0011489032575537899
0.0009201031440963076
0.0009329759767474585
0.0012876457239244553
0.0015364487775994208
0.0014366012720792268
0.0010032810613924824
0.0006794593181706334
0.0007356780097631284
0.0010118985003417242
0.0012742451567671232
0.001529306140461729
0.0017528491545771945
0.0016493275832364508
0.0011223610116561022
0.0005234721553743177
0.00016462225846774163
3.636477921784419e-05
1.5087919545621926e-05
3.9775376977130574e-05
0.00010084644531933615
0.00017229605557758722
0.00019624101919930208
0.0001489691579420647
7.53882309079975e-05
2.5549439338177724e-05
6.254025787434427e-06
2.2831869342343116e-06
2.585598316866639e-06
2.9233480088429127e-06
2.2694576155042994e-06
1.5318179645513835e-06
6.058162484073205e-07
1.5968442977534586e-07
2.8052148961369716e-08
3.2843638991749614e-09
2.562819103689093e-10
1.3328036815270534e-11
4.619510546318163e-13
2.970048249397167e-07
2.6718345516299533e-06
1.6021108571183373e-05
6.403384406142887e-05
0.00017059166769523612
0.00030292467034571344
0.0003592815288000855
0.00028809306968882834
0.00017339130480134295
0.0001294849958949897
0.00017478285685600025
0.00023537372600440109
0.0002601651652469771
0.0003411023550249633
0.0006424038762649513
0.0011076703330106534
0.001357591968146729
0.0012562094541329859
0.000851785053704053
0.0005928691062260624
0.0007629606245209877
0.0011503627932951315
0.0012771095003244156
0.0009561531315732183
0.00047930957801618366
0.00016920608603229685
7.82695554911274e-05
0.00012692076676206455
0.00023030632804751174
0.00028921958787329964
0.00024255543558707204
0.00013706560027468246
6.166631537690598e-05
6.869594328454718e-05
0.00019055214755683326
0.0004218563608100858
0.0006314003528129551
0.0006475551032668169
0.0005400999372345363
0.0006472787504233669
0.0011919292201407429
0.0018685814743678649
0.0020228570995390618
0.001707066174367003
0.0009767774879272492
0.0005952737096069185
0.001337868042076585
0.004243841550939866
0.009523254382704712
0.014285432678533057
0.014283884290661823
0.009518880198113455
0.004227959335714326
0.001252378129482281
0.00024909873366420323
3.5885198788032774e-05
6.367814706502995e-06
2.5816977042450614e-06
1.1101955762847069e-06
3.617718741759822e-07
2.720709671949068e-07
1.0957214548582443e-06
3.860256952093296e-06
9.136961536564415e-06
1.4416433511777134e-05
1.515994671399124e-05
1.0624759829067156e-05
4.962746802414173e-06
1.5449223746221939e-06
5.664095313642179e-07
8.96639109588526e-08
9.459895768362778e-09
3.2600768788473524e-08
4.632652019700133e-06
3.1642595005609764e-05
0.00014425721613653975
0.00043886386461099684
0.000892185654535407
0.0012172473225775166
0.0011471760527221467
0.0008574611730538504
0.0007321154064859459
0.0008013722337379603
0.0007780028506090178
0.0005411776906584056
0.00025703179389646453
8.285014123766427e-05
1.815741702314276e-05
2.7136914535808314e-06
2.7728042265634916e-07
1.9398814125707e-08
9.293318213228925e-10
3.0446334772394423e-11
4.6211092803092055e-06
2.1608113797218475e-05
0.0001558024101078462
0.0007487089655303987
0.00239791312090948
0.005118413905841964
0.007281467399045509
0.006903732643119455
0.004362451056229185
0.0018378350776481712
0.000520573242568313
0.00012287606406242453
0.00010831593953504351
0.00024885825442461784
0.0004987109173323982
0.0009202809817605142
0.0020844058301100446
0.005427211430556494
0.011828299756567604
0.018335369538984094
0.019308470313860623
0.013698437219850089
0.0065877335149683
0.0021922561323376444
0.0005271119875850565
9.785046047557451e-05
1.4800635291917834e-05
3.7407362634582588e-06
3.8547670138168494e-07
4.5934715306933856e-08
5.287039133737696e-08
9.921444142075611e-08
1.274313912939161e-07
5.088836127721847e-06
3.262994667054932e-05
0.00014197889788218057
0.0004123861158792597
0.0007984104447034588
0.0010302323993536444
0.0008862383720189636
0.0005096478879146243
0.00020287932488753953
7.80705765960916e-05
6.999423607018915e-05
8.914975404252992e-05
8.422141279263032e-05
5.3510557697737134e-05
2.288096472041421e-05
7.840880524366839e-06
7.889447149830685e-06
2.087727790857132e-05
4.341062915401691e-05
6.370057114037649e-05
7.371118443382879e-05
0.00010604699515648906
0.00020313645261718524
0.0003528604522609596
0.00043846730369051653
0.00036986269257997605
0.0002117111927748517
0.00012996326179049415
0.0003304567180380119
0.0013510431634319664
0.003969378034413005
0.007851299936845
0.010395834745837272
0.009198728977798595
0.00543813437903494
0.002155559709037347
0.0005868111496836327
0.00013807284552161037
0.00010474042198733317
0.0002233459367586945
0.0004302891507308796
0.0007026140325357285
0.001021285203642518
0.0012361123758764365
0.0011162083558757126
0.0008552395838257334
0.0004157322426535562
0.00013573324381202325
2.9612425669492612e-05
4.309457393647966e-06
4.180992211204859e-07
2.70370873253621e-08
1.1652955254937624e-09
3.34732974942221e-11
6.408317628588689e-13
8.176578896959647e-15
6.95313971522423e-17
3.309389029229841e-05
0.00021580904070940874
0.0009379356528455166
0.0027168024136686353
0.0052447484618905575
0.006748010433916533
0.005786613359551379
0.0033081051551724135
0.0012631616871888098
0.0003267309227457295
6.367232047138288e-05
1.797657238643728e-05
2.4594463470385468e-05
6.385839222347916e-05
0.00010738374992040716
0.00017220226197009047
0.00018941161143714623
0.00015221479811567434
0.00011419012217282085
0.00014913057120307847
0.0003576854948248677
0.0008100064189858533
0.0013132960996215164
0.0014393704835858436
0.0010544237478841438
0.0005151065081481975
0.00016777617017007583
3.6785888013971466e-05
7.4498007582484574e-06
8.789115362193848e-06
2.0956198699343783e-05
3.523379777093677e-05
3.953942043109655e-05
2.9573248761934747e-05
1.4741773618279461e-05
4.8975851752042015e-06
1.0844157237253564e-06
1.6002622586073003e-07
1.5738671382444273e-08
1.0316360752892462e-09
1.3386478640187572e-10
4.461977568967146e-12
9.9121978985056e-14
1.4675540116169718e-15
1.448104062191476e-17
9.523289745230235e-20
4.174031980191281e-22
1.2192874246377048e-24
2.3737663292990656e-27
3.0800047348767948e-30
7.465919523615664e-08
5.607446622695395e-07
9.543901831973904e-06
6.096785927554895e-05
0.00028425716992179246
0.0009271648547430941
0.002062966238028573
0.0030919407722591057
0.003106260751264513
0.002101621488368899
0.0010332584941734892
0.0006157699807697918
0.0008039017789556164
0.0011153484510580485
0.0010945615549434896
0.0007201636301673092
0.00043556902354229926
0.00015078036910940273
6.209167865652015e-05
0.00012956373714414392
0.0004108978319745427
0.0011656271280044304
0.0027644198919242664
0.005056234515485247
0.0066881701688039285
0.006203967369157468
0.004089561042169408
0.0021714995386806456
0.001255851985826945
0.0008550081109497675
0.0005047209648473118
0.00021251821810858396
6.0496657525872344e-05
1.1527287457408168e-05
1.547408141829567e-06
4.0673835322059195e-07
6.20289452863134e-07
8.85367752771445e-07
8.512985649772905e-07
5.456866423888995e-07
2.3312532816682498e-07
1.0554908350651587e-07
2.2929958509429253e-08
3.3199658734718913e-09
3.2036533578960676e-10
2.06034033808234e-11
8.831082878945105e-13
2.522728444364483e-14
4.802955861934445e-16
6.09436183143103e-18
5.1538220984697976e-20
2.9047727348509663e-22
1.9138741938157083e-06
1.4151789529646111e-05
6.974835508143776e-05
0.00022912809440183562
0.000501697338299354
0.0007321866760455691
0.0007122231270443639
0.00046194213419614244
0.0002006629066894432
6.222280784346153e-05
2.4474269812889265e-05
2.678178769358139e-05
3.21974933769217e-05
2.7684091335144083e-05
1.8372017276813348e-05
1.56140376418181e-05
2.2577221835940653e-05
5.264324298487853e-05
0.0001356521238614017
0.0003064596063562067
0.00053594656931852
0.0007362222004094224
0.0008815398316429708
0.0009651412808370181
0.000906385845243542
0.000779127165908798
0.0010084377889752654
0.0020893370355009083
0.004005615303443041
0.005703007527850714
0.005704664658685175
0.003915094002476351
0.0018193887911948556
0.0005686029092636359
0.00012777811284162688
8.251088987691083e-05
0.00034107116732771654
0.001174844133437506
0.0027205923123880173
0.004218439463130675
0.0043860856964195215
0.0036134807717682228
0.001965079790296294
0.0007611317957510093
0.00023951431602221572
7.810895223292674e-05
3.3291970755871376e-05
2.071892991649069e-05
1.469218639801354e-05
8.570374272507745e-06
3.7534384578499963e-06
1.295053418474308e-06
5.462413138163296e-07
1.3842997687911271e-06
6.638084988660686e-06
2.262253588184361e-05
5.150932706502641e-05
7.821464360250498e-05
7.944428004469591e-05
5.554938261651095e-05
3.293792308483263e-05
3.143404256255816e-05
4.624982559973881e-05
5.843576562124002e-05
5.565553901203768e-05
4.0964716750936146e-05
2.9224101754352543e-05
1.4184569707572989e-05
5.089157317921516e-06
1.2899307287564915e-06
2.24307003481629e-07
2.63485253797748e-08
2.075369023135909e-09
1.0924293218679298e-10
3.837021622606395e-12
5.657587848886055e-08
5.337325082600432e-07
3.3558167717603502e-06
1.4062235748395732e-05
3.927281726752135e-05
7.309897502718629e-05
9.076930120508833e-05
7.569349113298755e-05
4.5209055404343074e-05
2.919604956056489e-05
3.73573030640847e-05
5.4480787027283636e-05
5.8030996750597416e-05
4.322719246598516e-05
2.541779295645623e-05
1.610047558762049e-05
1.237744580374598e-05
9.9862215362741e-06
5.724208853857002e-06
2.3137384005693276e-06
6.462697419572428e-07
1.2398784117685976e-07
1.626747979960902e-08
4.025573585123068e-06
2.808068738944384e-05
0.00013059403371820985
0.0004047825884215436
0.0008361840322696499
0.0011512336229753083
0.0010563470125753856
0.0006460167238131531
0.0002634532760987083
7.245573209187909e-05
1.6587037932577126e-05
1.1020010997921106e-05
1.6718222795807382e-05
2.0021328451254178e-05
1.7262583302732103e-05
1.1369101532318869e-05
6.098963920696296e-06
2.6748339904578887e-06
9.020214080461012e-07
2.186061905640334e-07
6.921551117305757e-08
8.916942032288771e-09
7.714489405667609e-10
4.461542898908816e-11
1.7216992347471518e-12
4.430083734807351e-14
7.598480301611888e-16
8.686680423514348e-18
6.618727781301257e-20
3.3611000856678484e-22
1.1375533065973489e-24
2.5659272359036964e-27
1.2918937378157475e-06
9.183571707688027e-06
4.3508889424028484e-05
0.00013738076255387382
0.00028910486208335586
0.00040547717930177916
0.00038233670477885273
0.0002586277439144896
0.00019974889224245735
0.00033346512051441986
0.0006199058829284403
0.0008232277817644776
0.0007334929007839789
0.00043583387831668674
0.00024587881000686935
7.430033459303022e-05
1.4986868290001838e-05
3.5931392900863075e-06
1.2578563069572187e-05
5.870949687443881e-05
0.00019319930728748958
0.0004430656111431945
0.0007091076184102285
0.0007923418412637401
0.0006237305210991589
0.00036716784350934685
0.00020258204515765022
0.0001395778992584455
0.00010126458755264697
5.810683345544478e-05
2.6539489169417058e-05
1.7687555767989063e-05
3.930695028240036e-05
0.00011163532396900292
0.00023336048860239113
0.0003327672883292878
0.0003268148473812292
0.00025394066337722546
0.00024232387536360668
0.0002945237028137172
0.0003881072619060486
0.0003780514883860553
0.00025170362097594876
0.00011429374047925067
3.6144120552331875e-05
1.3339791293649874e-05
4.011541103706738e-05
0.00019783398456607484
0.0006748896872375658
0.0015374319385845728
0.0023351782719090697
0.002364239040978934
0.0015954446039272456
0.0007177274697560466
0.00021560501979954344
4.392453034437802e-05
6.897935771531231e-06
1.4767979199730155e-06
5.624522348355583e-07
1.9618102408689156e-07
4.763052533707534e-08
7.744457953885493e-09
8.396628008347329e-10
1.1303453148121086e-06
9.541292074273244e-06
3.1573355789973876e-05
0.00013553222004435272
0.00039387431946517193
0.0007792861777480358
0.0011131996950249315
0.001298789262762618
0.0014203225778258307
0.0014186744567383205
0.0011153311870776208
0.0006256793468152153
0.0002504093363483907
8.87168589595202e-05
4.8806048374480426e-05
4.161789583793739e-05
3.522991871525641e-05
2.455559118292664e-05
1.2793319071222125e-05
4.685729051992049e-06
1.1695936318034216e-06
1.962981822081203e-07
2.2032880474166365e-08
1.6503744211483422e-09
8.243199678875241e-11
2.7445760423497827e-12
6.090720454346419e-14
9.008573542594975e-16
4.332627377449572e-17
3.722778455334743e-08
2.9405847714479584e-07
1.5480385230007648e-06
5.5177921032345245e-06
1.3422876470484495e-05
2.3818002622244803e-05
3.550509259792624e-05
5.122460446129049e-05
6.758715552027297e-05
6.910353740385829e-05
4.956627210581416e-05
2.4058662765003776e-05
7.816671900476723e-06
1.6946627111240522e-06
2.449483384847776e-07
2.3598737033834636e-08
2.7857472514987983e-08
2.0493922294952819e-07
1.061954385270514e-06
3.6686317531402473e-06
8.446653425357012e-06
1.474255468852416e-05
2.7512915586703588e-05
8.509096043663029e-05
0.00019094891157529333
0.0005048979231444888
0.0009104666258194427
0.0010997274115681745
0.0008934031533378548
0.0005100217279023672
0.00026819347250720086
0.00024264354847140272
0.00030161984147633196
0.00030654394475794375
0.0002611326415973088
0.00027683362666159397
0.00039275128767342024
0.0004911405076742769
0.00044287275313063075
0.0002813957218592663
0.00013390556884304515
5.588096996109317e-05
2.4136908837325073e-05
1.021023791396967e-05
3.5382911705402613e-06
9.80046396382078e-07
8.507395759468876e-06
5.853216695322047e-05
0.00027768062923895514
0.0008850080417490008
0.0015331146826454444
0.0024969511254165915
0.0027148744950590857
0.0019794995821248236
0.001006829453274785
0.0004583262706141532
0.0003340632835283556
0.0003236669117193095
0.0002470818864000625
0.00014050921946104312
0.00012383726939983102
0.0003536209916815268
0.0010205323621115165
0.0020612668140157333
0.0028322204347377418
0.002643151426219468
0.0016918435181535042
0.0008396731418116978
0.0006593379218221588
0.001131724767765046
0.0017642164020282604
0.0019063187336910477
0.0014619487059831316
0.0010571488184670775
0.0012304204659871149
0.0017937976804227873
0.0020793634726210242
0.0020971528399021254
0.0017347769834862138
0.0012431966907380247
0.0007562991431498115
0.0003811726239529571
0.00018564600813496745
0.00012306846990575685
9.802644754554718e-05
6.414104261812304e-05
3.065847325341898e-05
1.1903879637722626e-05
5.024470517771653e-06
2.435332572926321e-06
1.0075872185455808e-06
2.963308285831608e-07
5.888962935240294e-08
7.821740868715454e-09
5.61288029563134e-07
4.228700224489314e-06
2.125874220447583e-05
7.173042872693001e-05
0.0001636413972974066
0.00026462969487843735
0.0003480469345168016
0.0004163692239217938
0.0005686408452179767
0.0006849722924911651
0.0006084823022414375
0.0003748143368039418
0.00016278364293818677
5.565409846395914e-05
1.846783973218978e-05
7.471543471746341e-06
9.494560088762335e-06
3.4735212486852466e-05
0.00010370614931323536
0.0002091855450189617
0.00028167572600032816
0.0002528884500621987
0.00015233696810097424
7.148752361413725e-05
8.223653011033123e-05
0.0002692237726448817
0.0007433026367873857
0.001439340749201016
0.0019408846581296117
0.0018250180000935418
0.0011976418541275152
0.0005499348746140239
0.00019045372548169608
0.00012126223232172541
0.0002625375448310868
0.000770224069229266
0.001576185237600382
0.0021685424372062953
0.002013599525649226
0.0012756450347502345
0.0005705882613900392
0.00023504140640525964
0.00025237730246355315
0.0005193134228144494
0.0008613983460638156
0.0010096121480413906
0.0008276564207113489
0.0004735333521337421
0.0001892007244707532
5.363326256466553e-05
1.1565077587687015e-05
2.259136779834165e-06
4.787890882715612e-07
7.388471862447258e-07
4.569152787030034e-06
2.2039022238892904e-05
7.303898728668977e-05
0.00016476343316347274
0.000253161484276714
0.00027312880401447325
0.00022486538382759073
0.00012928681788066426
5.253499289891953e-05
1.5199701706382739e-05
3.1298635458653154e-06
4.549504718555054e-07
4.6101411658175886e-08
3.215233585570033e-09
1.527033215526638e-10
4.9007288844247566e-12
1.0572704259028077e-13
1.5281791652468883e-15
1.4768049199594045e-17
9.529753482578219e-20
4.1031463638142875e-22
1.1782280725167827e-24
2.2557932221348913e-27
2.87909187009235e-30
3.673790155272991e-07
3.0748810145448738e-06
1.7152357982225746e-05
6.376772122241268e-05
0.00015800088189913786
0.0002609153756922531
0.00028715830597886787
0.00024432620500370293
0.000136739610847219
5.100352330068596e-05
1.2679074818814701e-05
2.100663548187549e-06
2.3195673251541457e-07
4.951881851730726e-08
2.4473800185065635e-07
1.2218603519629451e-06
4.079361130379988e-06
9.077241369089534e-06
1.3461616835318819e-05
1.3305221673534276e-05
8.76452839701823e-06
3.847835867427261e-06
1.1258643636232766e-06
2.195518775033277e-07
2.853446839931306e-08
2.4716328849863106e-09
1.4268545086784672e-10
5.489805615748045e-12
1.407718410778492e-13
2.405781396066047e-15
2.7401736260277453e-17
2.0800872402524319e-19
6.412854534006342e-21
2.475468686097168e-23
6.368615558768271e-26
1.091978727738445e-28
1.24785714790274e-31
9.503796143591047e-35
4.824040012647898e-38
1.6319477085033073e-41
3.679451853372298e-45
0.0
0.0
0.0
0.0
0.0
0.0
0.0
0.0
0.0
0.0
0.0
0.0
0.0
0.0
0.0
0.0
0.0
0.0
0.0
0.0
0.0
0.0
0.0
0.0
0.0
0.0
0.0
0.0
0.0
0.0
0.0
0.0
0.0
0.0
0.0
0.0
0.0
0.0
0.0
0.0
0.0
0.0
0.0
0.0
0.0
0.0
0.0
0.0
0.0
0.0
0.0
0.0
0.0
0.0
0.0
0.0
0.0
0.0
0.0
0.0
0.0
0.0
0.0
0.0
0.0
0.0
0.0
0.0
0.0
0.0
0.0
0.0
0.0
0.0
0.0
0.0
0.0
0.0
0.0
0.0
0.0
0.0
0.0
0.0
0.0
0.0
0.0
0.0
0.0
0.0
0.0
0.0
0.0
0.0
0.0
0.0
0.0
0.0
0.0
0.0
0.0
0.0
0.0
0.0
0.0
0.0
0.0
0.0
0.0
0.0
0.0
0.0
0.0
0.0
0.0
0.0
0.0
0.0
0.0
0.0
0.0
0.0
0.0
0.0
0.0
0.0
0.0
0.0
0.0
0.0
0.0
0.0
0.0
0.0
0.0
0.0
0.0
0.0
0.0
0.0
0.0
0.0
0.0
0.0
0.0
0.0
0.0
0.0
0.0
0.0
0.0
0.0
0.0
0.0
0.0
0.0
0.0
0.0
0.0
0.0
0.0
0.0
0.0
0.0
0.0
0.0
0.0
0.0
0.0
0.0
0.0
0.0
0.0
0.0
0.0
0.0
0.0
0.0
0.0
0.0
0.0
0.0
0.0
0.0
0.0
0.0
0.0
0.0
0.0
0.0
0.0
0.0
0.0
0.0
0.0
0.0
0.0
0.0
0.0
0.0
0.0
0.0
0.0
0.0
0.0
0.0
0.0
0.0
0.0
0.0
0.0
0.0
0.0
0.0
0.0
0.0
0.0
0.0
0.0
0.0
0.0
0.0
0.0
0.0
0.0
0.0
0.0
0.0
0.0
0.0
0.0
0.0
0.0
0.0
0.0
0.0
0.0
0.0
0.0
0.0
0.0
0.0
0.0
0.0
0.0
0.0
0.0
0.0
0.0
0.0
0.0
0.0
0.0
0.0
0.0
0.0
0.0
0.0
0.0
0.0
0.0
0.0
0.0
0.0
0.0
0.0
0.0
0.0
0.0
0.0
0.0
0.0
0.0
0.0
0.0
0.0
0.0
0.0
0.0
0.0
0.0
0.0
0.0
0.0
0.0
0.0
0.0
0.0
0.0
0.0
0.0
0.0
0.0
0.0
0.0
0.0
0.0
0.0
0.0
0.0
0.0
0.0
0.0
0.0
0.0
0.0
0.0
0.0
0.0
0.0
0.0
0.0
