a = 9.152256958862129 b = 5.080866592568874 c = 9.475055089542352 ,Gaussian ,LMH = 0.08 ,DW = [0.2 0.2 0.2]
0.0
0.0
0.0
0.0
0.0
0.0
0.0
0.0
0.0
0.0
0.0
0.0
0.0
0.0
0.0
0.0
0.0
0.0
0.0
0.0
0.0
0.0
0.0
0.0
0.0
0.0
0.0
0.0
0.0
0.0
0.0
0.0
0.0
0.0
0.0
0.0
0.0
0.0
0.0
0.0
0.0
0.0
0.0
0.0
0.0
0.0
0.0
0.0
0.0
0.0
0.0
0.0
0.0
0.0
0.0
0.0
0.0
0.0
0.0
0.0
0.0
0.0
0.0
0.0
0.0
0.0
0.0
0.0
0.0
0.0
0.0
0.0
0.0
0.0
0.0
0.0
0.0
0.0
0.0
0.0
0.0
0.0
0.0
0.0
0.0
0.0
0.0
0.0
0.0
0.0
0.0
0.0
0.0
0.0
0.0
0.0
0.0
0.0
0.0
0.0
0.0
0.0
0.0
0.0
0.0
0.0
0.0
0.0
0.0
0.0
0.0
0.0
0.0
0.0
0.0
0.0
0.0
0.0
0.0
0.0
0.0
0.0
0.0
0.0
0.0
0.0
0.0
0.0
0.0
0.0
0.0
0.0
0.0
0.0
0.0
0.0
0.0
0.0
0.0
0.0
0.0
0.0
0.0
0.0
0.0
0.0
0.0
0.0
0.0
0.0
0.0
0.0
0.0
0.0
0.0
0.0
0.0
0.0
0.0
0.0
0.0
0.0
0.0
0.0
0.0
0.0
0.0
0.0
0.0
0.0
0.0
0.0
0.0
0.0
0.0
0.0
7.426833705379487e-34
4.8047555092603536e-33
2.071669323972263e-32
5.953208941942896e-32
1.1401536021697098e-31
1.4553154841921366e-31
1.2380337519286364e-31
7.019228293702334e-32
2.6523314727580834e-32
6.679558809615466e-33
1.1211127852576808e-33
5.0440866619192056e-34
2.494955708067929e-33
1.0864933989711354e-32
3.164947505708848e-32
6.144769953097295e-32
7.951086905664e-32
6.85691747648329e-32
4.958664567480885e-32
2.1745516818087925e-32
6.355596025400095e-33
1.2380106590152693e-33
1.6072152005642564e-34
1.3906096111758136e-35
8.01895858224281e-37
3.081855431039015e-38
7.893836052875146e-40
1.3475518683940282e-41
1.5331492220522515e-43
1.1625319877685919e-45
5.874987466246244e-48
1.978748166348107e-50
4.441765787202748e-53
6.645112410760305e-56
6.625681534920842e-59
4.402915304333599e-62
1.949986718157149e-65
5.755784474825745e-69
1.1322933110490706e-72
0.0
0.0
0.0
0.0
0.0
0.0
0.0
0.0
0.0
0.0
0.0
0.0
0.0
0.0
0.0
0.0
0.0
0.0
0.0
0.0
0.0
0.0
0.0
0.0
0.0
0.0
0.0
0.0
0.0
0.0
0.0
0.0
0.0
0.0
0.0
0.0
0.0
0.0
0.0
0.0
0.0
0.0
0.0
0.0
0.0
0.0
0.0
0.0
0.0
0.0
0.0
0.0
0.0
0.0
0.0
0.0
0.0
0.0
0.0
0.0
0.0
0.0
0.0
0.0
0.0
0.0
0.0
0.0
0.0
0.0
0.0
0.0
0.0
0.0
0.0
0.0
0.0
0.0
0.0
0.0
0.0
0.0
1.2355852763354312e-08
8.316291685287437e-08
3.7305103603012655e-07
1.1152913546607305e-06
2.222234927203202e-06
2.951026781238868e-06
2.6117877505862857e-06
1.5405796566890819e-06
6.056364218473462e-07
1.586796958441854e-07
2.7708453174500865e-08
3.2246661054038227e-09
2.501144433955333e-10
1.2929279944478809e-11
4.4544229816300784e-13
1.0227985832797571e-14
1.5652017670572164e-16
1.5963646032570365e-18
1.085114077065048e-20
4.9158684652440146e-23
1.4842486355911324e-25
2.9867206940430833e-28
4.0055680280822585e-31
3.58026490134692e-34
2.1327883422340603e-37
1.2052311557255013e-39
3.65094699131432e-43
7.370929428591471e-47
0.0
0.0
0.0
0.0
0.0
0.0
0.0
0.0
4.642618466444005e-06
3.2628034612775326e-05
0.00015282710359557772
0.0004770802065188171
0.0009925764411414094
0.001376315736606229
0.0012719022522105054
0.0007833772323809928
0.00032156568830650516
8.797312266453892e-05
1.6040276907457334e-05
1.94919488510273e-06
1.578629495423803e-07
8.52092437937437e-09
3.065312508250959e-10
2.666250695119864e-11
4.877436323954383e-13
5.9465323121466976e-15
4.831895198461287e-17
2.6166930279333386e-19
9.4442961408444e-22
2.2717888525066676e-24
3.642066572545837e-27
3.8914310858043236e-30
2.7711010056998767e-33
1.3151549268835505e-36
4.15990128388351e-40
8.769416181831846e-44
0.0
0.0
0.0
0.0
0.0
0.0
0.0
0.0
0.0
0.0
0.0
0.0
0.0
0.0
0.0
0.0
0.0
0.0
0.0
0.0
0.0
0.0
0.0
0.0
0.0
0.0
0.0
0.0
0.0
0.0
0.0
0.0
0.0
0.0
0.0
0.0
0.0
0.0
0.0
0.0
0.0
0.0
0.0
0.0
0.0
0.0
0.0
0.0
0.0
0.0
0.0
0.0
0.0
0.0
0.0
0.0
0.0
0.0
0.0
0.0
0.0
0.0
0.0
0.0
0.0
0.0
0.0
0.0
0.0
0.0
0.0
0.0
0.0
0.0
0.0
0.0
0.0
0.0
0.0
0.0
0.0
0.0
0.0
0.0
0.0
0.0
0.0
0.0
1.8923057503772712e-34
1.239100640629263e-33
3.4616590444845235e-33
1.1526624423410168e-32
2.558005909825072e-32
3.78340203059461e-32
3.7294517248226206e-32
2.4501294776088124e-32
1.0727897836722304e-32
3.1305581187653183e-33
6.0885021103736715e-34
7.89188410991827e-35
6.817615206732892e-36
3.925236423639569e-37
1.506193270731569e-38
3.851918893109316e-40
6.565308121632951e-42
7.457867109686377e-44
5.646192958109635e-46
2.8489074425331997e-48
9.580375064438121e-51
2.1471789052842597e-53
3.207269838565084e-56
3.1928926464108073e-59
2.1184327476900995e-62
9.367562388683588e-66
2.760705339839181e-69
9.758503512059253e-72
0.0
0.0
0.0
0.0
0.0
0.0
0.0
0.0
0.0
0.0
0.0
0.0
0.0
0.0
0.0
0.0
0.0
0.00333387983112157
0.023485340276557846
0.11026186157013555
0.34501289882431285
0.71949352841669
1.0
0.9263063819730251
0.5718615020251732
0.3309399449647543
0.10389340380551437
0.021737435581078407
0.0030311692677162322
0.0002817043922168928
1.7448520010846957e-05
7.202862453483473e-07
1.9816784900238923e-08
3.6336476950577905e-10
4.4405216075539566e-12
3.6166518654053255e-14
1.9631838500829228e-16
7.102263607440124e-19
1.712435216242609e-21
0.0001406730225529762
0.0012817936559353183
0.00778407415810148
0.0315048459182515
0.08498246093592893
0.15277869457684887
0.18305341467240424
0.14617544429814888
0.07779515647541065
0.02759384643166839
0.006523091575546052
0.0010277234264627212
0.00023929059894619784
1.917127503664598e-05
3.3689663431647943e-06
1.4877924897482104e-05
6.259566684276051e-05
0.00017594642825377544
0.0003296128353930627
0.001444123805299533
0.007905854946262498
0.03711232070951187
0.12019814888717836
0.26050050201726127
0.37644386058665524
0.3625735108221793
0.23274268848803414
0.09957214480541543
0.028391037200856645
0.005395183339013164
0.0006833020202676357
5.7676745986197715e-05
3.2446685858612533e-06
1.216526254214389e-07
3.0398641534428957e-09
5.0625393795686745e-11
5.619066876235482e-13
2.231664570622753e-14
1.2595844356801035e-16
4.7381324904614835e-19
1.1878693149886937e-21
1.9847769139912222e-24
2.2103035211590985e-27
1.678066829970721e-30
1.267773086415658e-32
2.48988785757255e-33
3.4812169081933576e-34
3.2442210718925255e-35
2.0149831505879767e-36
8.34091979638141e-38
2.301113390507143e-39
9.20434154413537e-35
6.0600788859548894e-34
2.6591667795798052e-33
7.776683500666049e-33
1.5157403779144652e-32
1.968959413036789e-32
1.7046305052605696e-32
9.835700513250723e-33
3.782351490688063e-33
9.693933178042935e-34
1.6558450977883198e-34
1.8850416038794137e-35
3.534185075802277e-36
2.0459409834040155e-37
7.893660860594188e-39
2.0297631955444247e-40
3.478514607395495e-42
3.973048234620175e-44
3.0243732767101936e-46
1.5343643329336036e-48
5.1880379626002094e-51
1.169120684408838e-53
1.7558891343111663e-56
1.7575851991724598e-59
1.1725118218683258e-62
5.213142805618133e-66
1.5447690576707342e-69
3.050767069150041e-73
3.0738295418425654e-09
2.556499300113311e-08
1.4170759398918296e-07
5.235065486257472e-07
1.2889398806665697e-06
2.1150700327162396e-06
2.3131212104170286e-06
1.685984501595824e-06
8.190120912086934e-07
2.651603581033535e-07
9.97902964132248e-08
1.6428926113802795e-08
1.8026507287072326e-09
1.3182432270126774e-10
6.424821364085177e-12
2.0869311121630136e-13
4.517901086356963e-15
6.518488014351133e-17
6.268138333151113e-19
4.017092403926159e-21
1.7157998257531848e-23
4.8843080366749005e-26
9.268329455155186e-29
6.366121172018119e-07
4.286546590291172e-06
1.9236308984743614e-05
5.7533061998938325e-05
0.00011468187392101399
0.00015235391591841187
0.00013489442770557957
7.960052770027616e-05
3.130541258704522e-05
8.205488953624553e-06
1.4334120353266363e-06
1.6688571980023132e-07
1.2949376380826752e-08
1.8803390529724196e-09
7.419393823893908e-11
1.9511121371553765e-12
3.419617925999186e-14
3.994426991758929e-16
3.109660224418376e-18
1.6134404385953483e-20
5.579232822600708e-23
1.2858123135461461e-25
1.9749778266557521e-28
2.021754488436221e-31
1.3793553255257174e-34
6.271991255799863e-38
1.9007118424311322e-41
3.8389164937490577e-45
0.0
0.0
0.0
0.0
0.0
0.0
0.0
0.0
0.0
0.0
0.0
0.0
0.0
0.0
0.0
0.0
0.0
0.0
0.0
0.0
0.0
0.0
0.0
0.0
0.0
0.0
0.0
0.0
0.0
0.0
0.0
0.0
0.0
0.0
0.0
0.0
0.0
0.0
0.0
0.0
0.0
0.0
0.0
0.0
0.0
0.0
0.0
0.0
0.0
0.0
0.0
0.0
0.0
0.0
0.0
0.0
0.0
0.0
0.0
0.0
0.0
0.0
0.0
0.0
0.0
0.0
0.0
0.0
0.0
0.0
0.0
0.0
0.0
0.0
0.0
0.0
0.0
0.0
0.0
0.0
0.0
0.0
0.0
1.0262773896983453e-07
7.704217307968589e-07
3.854551349293594e-06
1.2852887174671685e-05
2.2897397755364277e-05
3.88253668877422e-05
4.3875952384759505e-05
3.304601478483032e-05
1.6587967558890673e-05
5.549435525614177e-06
3.7807079041809555e-05
0.00034536231606957957
0.0021714536838587785
0.009103990375280115
0.02543888580435909
0.0473746468249463
0.0587997438283273
0.04864133096549923
0.026831044970428944
0.009932472300134557
0.002678591270461328
0.0009839324666424641
0.0009159339677006612
0.0008639846819241875
0.0005658697040879512
0.00024777081606691117
7.232097086885886e-05
1.4069127335386286e-05
1.8241147517816387e-06
1.5762269119683976e-07
2.459030914652557e-08
1.0805208579734152e-09
3.164345303903382e-11
6.176125773286157e-13
8.033965127232227e-15
6.96506704343776e-17
4.024409895737333e-19
1.5497464974703825e-21
3.977412799117699e-24
6.80334067385354e-27
7.755777089129368e-30
5.892640772678756e-33
2.9838443355230884e-36
0.00013156317153398118
0.0010947812189253756
0.006071582363708187
0.02244181569278512
0.055283513954873284
0.09076425284681928
0.09931516811470517
0.0724265628534843
0.03520154433006692
0.011402684460998319
0.00246169387120929
0.0003541950850546069
4.5528754904214635e-05
5.512587753572545e-05
0.00031204999747412224
0.0013101742846268081
0.0036694011611168183
0.006849293914387403
0.008520753127724984
0.007064667243958406
0.0039037948525116268
0.0014376852317260899
0.0003528760506850795
5.772475590594581e-05
6.2933744727382895e-06
4.5728461642292873e-07
2.2144769129781485e-08
7.147221977004665e-10
1.5373931169656623e-11
2.2040129521846194e-13
2.1058377201390663e-15
1.3409642722962836e-17
5.691032444873792e-20
1.6097056348334343e-22
3.034473961996184e-25
3.812430316693255e-28
3.1922872383953333e-31
0.0004245788154472234
0.0027381284870282153
0.007572135067665874
0.024832270758851086
0.054274529337593275
0.07926604218695547
0.0781007796454123
0.05553290424049103
0.03846992352297255
0.03917251372440896
0.043781860824662504
0.03678924989624048
0.02103110849569012
0.00814912105706955
0.002568457193487287
0.0017927440325478249
0.0026867663741294255
0.0032331132715322573
0.0026266575012612882
0.00142336658545907
0.0005140829699056205
0.0001237463932225567
1.9852422651323268e-05
2.1226384597260174e-06
1.5125860600883304e-07
7.183658965808574e-09
2.2738031709343531e-10
1.8160389907389076e-11
2.9230410211194177e-13
3.1356400283212928e-15
2.2418112162654265e-17
1.0682020909828054e-19
3.3922617700280595e-22
7.179708969799885e-25
1.0127584397920294e-27
9.521085164406782e-31
5.965523719746405e-34
2.491106254038791e-37
6.932940538644467e-41
1.274341765812707e-06
8.477123746269988e-06
3.758310669339616e-05
0.00011104995299653936
0.00021868834072590388
0.0002870214988239136
0.0002510641913107209
0.00014636480877615435
5.68682825838927e-05
1.472601044287407e-05
2.5414504314422605e-06
2.9232080859198e-07
2.2408839559418497e-08
1.1448815357387076e-09
1.2582169576203933e-10
3.2688824122149546e-12
5.6601066062265357e-14
6.53177884481489e-16
5.023655858783999e-18
2.5750747354123932e-20
8.797136754048921e-23
2.002969779525264e-25
3.03940797379211e-28
3.0738675369695284e-31
2.071871643357583e-34
9.307265284533523e-38
2.7865246371177625e-41
5.560133636735707e-45
3.652543582062712e-64
1.3992642259730556e-06
1.297597042161532e-05
8.01976257211767e-05
0.0003303427070401284
0.000906879289245969
0.0016592651533500569
0.0020233156905654776
0.0016443454256987327
0.000890643715435907
0.0003215114982317818
7.735182396591816e-05
2.3882921549660014e-05
2.9218914798248996e-06
2.3824415805583876e-07
1.2946786506654628e-08
4.689032696162517e-10
1.1318427250589813e-11
1.820834420907182e-13
1.9522542356383977e-15
1.395030943930372e-17
6.643743492927737e-20
3.5197417916553916e-07
3.094204108750324e-06
1.8128783410498524e-05
7.078967369203233e-05
0.00018422675765477332
0.0003195339846267989
0.00036937113148831027
0.0002845708378858965
0.00014611654132432988
5.000229325367425e-05
1.1404126083968835e-05
1.7334672690062013e-06
1.7561064158642284e-07
1.1856801836629782e-08
5.335385960979636e-10
5.387643968905648e-11
1.2328202206139965e-12
1.880105230702076e-14
1.9109358784711284e-16
1.294468896193982e-18
5.844113915833865e-21
1.7584388659831342e-23
3.526285114045788e-26
4.712909731434853e-29
4.1979993555275013e-32
2.492167118942707e-35
2.462342550042228e-06
2.2592654725502275e-05
0.00013815531860641119
0.0005752433877318395
0.0016186320948166693
0.0032041932895724382
0.0047571044626080455
0.005757133217795263
0.005876409189001691
0.00478630444557753
0.0028639157687579777
0.0011919302090808966
0.0003362665912660436
6.363559765056175e-05
8.045399284832669e-06
1.6185159987077173e-06
1.0417640727348151e-07
4.469698812904446e-09
1.278193201407152e-10
2.4361645139729047e-12
3.09458273339148e-14
2.6198748823800383e-16
1.4782268254942228e-18
5.558829463710726e-21
1.3931800376516737e-23
2.3270874836202976e-26
2.590596269227253e-29
1.9220660738666533e-32
9.504262869332599e-36
3.132204545277046e-39
6.879602403488307e-43
0.0
0.0
0.0
0.0
0.0
0.0
0.0
0.0
0.0
0.0
0.0
0.0
0.0
0.0
0.0
0.0
0.0
0.0
0.0
0.0
0.0
0.0
0.0
0.0
0.0
0.0
0.0
0.0
1.3782945768665393e-34
9.994494467688308e-34
4.8301560807859104e-33
1.5557615921537913e-32
1.0165660118227489e-05
8.634622318755992e-05
0.0004888016409279738
0.0012394232059803505
0.003568837704388775
0.006852314186938691
0.008781658821560885
0.007533198597378058
0.0043608827524775524
0.0017418703051858418
0.0005066960912857557
0.0001182716902641452
2.4095017238384543e-05
4.167840568990603e-06
5.522555487286231e-07
5.177666847862596e-08
3.308308395163643e-09
1.4199719662304922e-10
4.073026532024288e-12
7.793668375337917e-14
9.94230363884273e-16
8.45397907168103e-18
4.791076481774822e-20
1.8096398036907774e-22
4.555485024254242e-25
7.642919837429969e-28
8.546057239054717e-31
6.368774487834356e-34
3.163880071282858e-37
1.5880513424852153e-39
1.997225125093831e-07
1.55811283108623e-06
8.10125561291073e-06
3.0711794092536245e-05
8.522266140217598e-05
0.00020477929847022766
0.0004626667617746076
0.000894065378479232
0.0012880854649302673
0.0012859125913620348
0.0008660945169997658
0.00039022071644357226
0.00011730599628019039
2.3510199517587442e-05
3.1406332580962956e-06
2.796228236832799e-07
1.6592560993046906e-08
6.562010671648942e-10
1.729586694085623e-11
3.0382911611141893e-13
3.5571159660383015e-15
2.775544629864006e-17
1.4433775866496782e-19
5.002570850697291e-22
1.1555482594067208e-24
1.6117048305177962e-26
0.0001502330343665228
0.0011841794228952653
0.0062208700531675015
0.021780422349992227
0.05082331778420503
0.07903897081833598
0.08192210228679239
0.05659035898256128
0.02605345699440831
0.007994551427365895
0.0016389389351338657
0.0002487535292043134
0.00012780527607041342
0.0002984013069713467
0.0005472292948616024
0.0006714732469683984
0.0005491704621375551
0.0002993422348852509
0.00010944103581435413
3.182566989463801e-05
3.3189988334749304e-05
0.00010201679611244147
0.00023755579143320827
0.000370230894824732
0.0003846072793764092
0.0003148831276009812
0.00016634072396976167
5.856381197502926e-05
1.3741737120788207e-05
2.1489953860588668e-06
2.2398084464153025e-07
1.5558503476758795e-08
7.202882208203078e-10
2.222421102731332e-11
4.570123538398729e-13
6.2634133828562026e-15
5.72105021983427e-17
3.4827475259326694e-19
1.4130247631759393e-21
3.8208421984627855e-24
6.885729832880207e-27
8.270322205310034e-30
6.620313906998709e-33
0.0002226474591438358
0.0019201900167372576
0.011037029915944525
0.04228066215889889
0.10794757458568352
0.1836815543054578
0.2083050269572438
0.18081040302622947
0.10427019832736453
0.040075461578524
0.01035379000432424
0.0025692934905098604
0.005233129978630854
0.02069054491159225
0.05659891052144141
0.10326166159809891
0.12556921369880877
0.10178838069200064
0.05503049397243805
0.0198771660823862
0.004825382238906146
0.0008029332088554112
9.713788807806846e-05
9.74214932467895e-06
9.265844404995836e-07
8.001155513640674e-08
5.374608055547938e-09
2.5424479442285463e-10
8.15343370532255e-12
1.7514364953786555e-13
2.511105622357305e-15
2.4004965797088196e-17
1.5295792163169143e-19
4.196264943156649e-21
1.3597381361638292e-23
2.9365077407551957e-26
4.2265803797370464e-29
4.054420846649286e-32
2.592090182834322e-35
1.1044675572073336e-38
3.1364427715315603e-42
0.0
0.0
0.0
0.0
0.0
0.0
0.0
0.0
6.674226941279398e-06
5.9743661108226865e-05
0.00033211729008463545
0.001277838316000407
0.003436038948944161
0.006501592146978907
0.008670750988571473
0.00811530472072515
0.005285069842294583
0.002370920745346067
0.0011242405291870495
0.00028330088931292343
0.00020491047383153094
0.0010018329097038299
0.004100862710071161
0.011279245437182001
0.021044464166151237
0.02749307882356917
0.027846624008963292
0.02816920808043913
0.03579785483875142
0.04752486383299836
0.050153680568137474
0.037378427397689803
0.01893428734115294
0.006437109633108101
0.0014622463137143136
0.00022158459840992956
2.238675646962712e-05
1.5075798900863282e-06
6.766620634073455e-08
2.024196103219485e-09
4.0356895661391356e-11
5.362478089570601e-13
4.748924359776054e-15
1.6224924411610811e-16
7.306597304876663e-19
2.1929525703453614e-21
4.3865679796204186e-24
5.847928897661338e-27
5.195971411430902e-30
3.0827574839724176e-33
1.5432243959658227e-36
1.2449154194030148e-38
2.981112537966072e-40
4.882992552642717e-42
5.330590253830237e-44
3.878341863550385e-46
1.8806086246621784e-48
6.077602710275482e-51
1.30902439103212e-53
1.8790776143285365e-56
1.7977249542725215e-59
1.1462604902826736e-62
4.871076472732458e-66
1.3795839096746651e-69
0.0
0.0
1.0643077706025264e-06
1.3584838755117153e-05
9.25963096508453e-05
0.00027024315649737537
0.0009872843059741381
0.002484535020663382
0.0043005827335587865
0.005103775439082018
0.004135046579329375
0.002276679400620129
0.0008481682280817969
0.00021301398767713836
3.595646569073289e-05
4.069878518906684e-06
3.083666746339297e-07
1.562007089581817e-08
5.284822824197192e-10
1.1935107841580771e-11
1.79833413546832e-13
1.8072642710130123e-15
1.2111040984146145e-17
5.4110414686414296e-20
1.6116537253857785e-22
3.1997835597384387e-25
1.4843753244719058e-05
0.00010045677933152706
0.000453102358591747
0.0013997901658644465
0.003085707839175516
0.004735461518639779
0.00965365245172375
0.022034244560130332
0.0430398191091511
0.06006312251017732
0.05674986176465111
0.03585694587227489
0.015110391381723955
0.004244493718917347
0.0009413861973631893
0.001277719107463087
0.00631665511160026
0.022505088258506962
0.05350727775300625
0.08479025314909189
0.08955233103796635
0.06303962572399648
0.02957795133951767
0.009250349858525478
0.0019284594356839973
0.00026801859979423654
2.4835948095214528e-05
1.5347802288517754e-06
6.326920146730492e-08
1.740657053712459e-09
3.1981186284918144e-11
1.780207988885443e-12
1.6727774445051406e-14
4.549335543030325e-06
3.763575810664624e-05
0.00020750803376488365
0.0007625190711608117
0.00186744600376791
0.003048084093358587
0.003315792798825861
0.0024039718157624294
0.001161898812397674
0.0003769602823476128
9.826751041025815e-05
8.614879084318439e-05
0.00020772920822288683
0.00038120006209575816
0.0004685211348258613
0.00038384938870612807
0.000228326002954087
0.0002141233553754708
0.0006945582272936957
0.002212747964299005
0.004814102096383864
0.00698893179096255
0.006762606459691295
0.005280617368261256
0.002598315896209849
0.0008520807572388651
0.00020369780731124465
0.00014407104561738832
0.0005244460202104726
0.0015519594427133461
0.0030756256366913878
0.0040626906753386234
0.0035766511523390053
0.002098558012379111
0.0008217998390633796
0.00022266669518052642
8.163993614269046e-05
0.00015616137257434302
0.0003506867324812331
0.0005472448517457994
0.000579403527313426
0.00041618073379284375
0.00020283582743230773
6.704528748549547e-05
1.5014333942468058e-05
2.2746903888354844e-06
2.3273630067310148e-07
1.60521675679147e-08
7.449856691990806e-10
7.3609224287459766e-06
6.199546954546366e-05
0.00040858180991229655
0.0016864617117330672
0.004873018680343053
0.00998147932380024
0.014594512860626317
0.015206056230793357
0.011181098324512936
0.005724556841305311
0.0020141601084981953
0.00048478362531836536
9.847261293868374e-05
0.00010797823826990877
0.00032057935495277803
0.0006855456455288605
0.0009788435119717988
0.000931514729126121
0.0005908104161501594
0.0002497400061083367
7.035737713862788e-05
1.3210300966354177e-05
1.6530931697778807e-06
1.3786800746986143e-07
7.66321860673032e-09
2.838837141760769e-10
2.5180296986428717e-11
4.743432144079796e-13
5.955333467220482e-15
2.859989300380062e-06
0.0003147801041449563
0.0023430143116928938
0.011691214807903829
0.039047622209791535
0.0871919340980794
0.13005605138608314
0.12950375079992393
0.0860461063653883
0.038135721171889
0.011271449904484499
0.0022212595822244975
0.0002918343780108747
3.411405251866578e-05
6.292074436386429e-05
0.00029404313168103236
0.0009376966779646949
0.0019933320232178144
0.002824093977506405
0.0026666142725260073
0.0016781191835284004
0.0007108394693878411
0.0003467574652580586
0.0002893900782224492
0.0010388537955839197
0.0031779363344312085
0.0065355472378136464
0.008960172354992352
0.008187209079572984
0.004985825292540535
0.002023577226027112
0.0005473738654754348
0.00013248455389867976
0.0002380956493924686
0.0010100720556920017
0.0029999156589457614
0.005943484821122363
0.007864822922266927
0.007028264250415302
0.004639117945891112
0.0034790549796979713
0.004483532147104943
0.00589860425029711
0.005566910246204994
0.003534688186315343
0.0014975078290350753
0.00042289182767314736
7.959364425662549e-05
2.086471959498034e-05
1.9969409164018143e-06
1.2737947463256105e-07
5.415209244818873e-09
1.5343081087474256e-10
2.8972866564862016e-12
3.6462958273135535e-14
3.0583971677929106e-16
1.7096901649409883e-18
6.369751535419084e-21
1.581645387298503e-23
2.617443370130494e-26
2.8868686051961247e-29
3.2632202666838766e-06
2.5359832988312915e-05
0.00013134935267794968
0.00045340993571558807
0.0010431233734542733
0.0015994175942161608
0.0016387615043475447
0.0011625304655350473
0.0008138165550758455
0.0014871415857327596
0.004033764263927102
0.008331361848142569
0.011971547632193104
0.012386155974916388
0.009499846675515906
0.00495759471594705
0.0017509695871006528
0.000416740657297853
7.646658101280792e-05
9.61137067838797e-05
0.0006023667440979088
0.0027547502242838673
0.009436253324060399
0.025225425602581515
0.05273435547416142
0.08285661081181468
0.0931827761557604
0.07243802817899742
0.03818093771400878
0.013517376408253456
0.003200560201061186
0.0005058317430290336
5.331632349003573e-05
3.7464876911786e-06
1.7547948368779947e-07
5.478159426555568e-09
1.1398176668458437e-10
1.218677959238261e-06
4.972215526681531e-06
2.922089728722213e-05
0.00011445076622612879
0.00030293616575428336
0.0005547402254979459
0.0007979022163255041
0.001193881261201747
0.0020522361678246325
0.003105715228334323
0.003496999941769557
0.003250107208759182
0.004913602567391045
0.01378177712420857
0.03377361592507933
0.057131399249318884
0.06470790319214449
0.048880897678260066
0.02461283030879044
0.008259950727716436
0.001847470164072612
0.000275397188552702
2.73604500812975e-05
1.8116260043065303e-06
6.492307209281635e-07
4.850549612059737e-06
2.7517775102284423e-05
6.988783825387747e-05
0.00020171415833632853
0.00038801875903241956
0.0004974513462396945
0.00042504023876957275
0.00024204216638472974
9.186150664745747e-05
2.323580082260665e-05
3.917087510932404e-06
4.400990706205736e-07
3.295483768552935e-08
1.644634705436092e-09
7.705595721992081e-06
5.3383977164915946e-05
0.0002464905329871647
0.0007585271318089887
0.001555691732579789
0.0021264614600123833
0.001937193648191838
0.0011761700192711442
0.0004759361813860925
0.0001283538460991177
2.3070159649562004e-05
2.7635915829393446e-06
2.2063716615848334e-07
1.1739917055826638e-08
1.3256334692399985e-09
3.586843256039212e-11
6.468191730340576e-13
7.773827853531511e-15
6.226851402508627e-17
3.3241731145152233e-19
1.9062591757338593e-06
1.346256018073865e-05
6.336579915167854e-05
0.00020816102144578192
0.000486670210885899
0.0009379584608676919
0.0017452952883889256
0.003040655016861011
0.004184172357039929
0.004068638997007746
0.002682979982544593
0.001186099529418508
0.000355425103272651
8.766732336351111e-05
4.760725603044112e-05
5.294012129284094e-05
4.698669848487622e-05
2.8158678421330144e-05
1.1256420342834889e-05
2.999119419036309e-06
9.91192318202866e-07
1.3429368690040118e-07
1.21264821244561e-08
7.297861448660288e-10
2.927102598321039e-11
7.82459422389962e-13
1.3940143755082794e-14
1.6552142943469492e-16
1.3098535825512152e-18
6.908326016008702e-21
2.4283117702066045e-23
5.688760020823006e-26
2.0831490039326786e-06
1.9526649780663343e-05
0.00012198788086485806
0.0005079104929312161
0.0014094161099644702
0.0026065906058641633
0.0032128316421020336
0.002639275092292503
0.0014471586981859008
0.0005414985471154352
0.00019036359139177874
0.00020149743461162826
0.0003525067006361073
0.00043500870334659583
0.0004283657558265894
0.0002813682034345986
0.0001231790977602923
3.594029957800146e-05
6.988886342821047e-06
9.05765582940672e-07
5.707917410239456e-07
3.713013995602325e-06
1.8609252505078235e-05
6.22345982620195e-05
0.0001387140243011705
0.00020605845110922955
0.00020400557648380085
0.00013460934009739946
5.9195664428502436e-05
1.7349467596507016e-05
3.388940569680118e-06
4.4118760420649566e-07
3.8279318647159195e-08
4.374339624341342e-08
3.7977285171587756e-07
2.3135249722703474e-06
9.39515081295125e-06
2.5428243461739624e-05
4.5868534322585935e-05
5.4252667560570267e-05
4.976888253196353e-05
3.043436830345601e-05
0.00031499903446032673
0.00218324211549149
0.010466806690747349
0.033491198806801466
0.07142535276104724
0.10152115620262653
0.09617059463703011
0.0607169010526805
0.02554809025060238
0.007164548618854543
0.001339062274613472
0.00016679931535964248
1.3847433900927359e-05
7.661713111131327e-07
2.8252964218744833e-08
6.943584117331294e-10
3.841240338597616e-06
3.463494416621562e-05
0.0002081327074730886
0.0008335808431095509
0.0022250340691100795
0.003958285843831622
0.004693093312516625
0.004196250508804274
0.0025299737982675927
0.0010166048753148561
0.00027225126163658994
4.859249090630988e-05
5.780294573005958e-06
4.5826039886039435e-07
2.421342552800236e-08
8.526713842146084e-10
1.7892209091884755e-07
1.1970138625597853e-06
5.3378245378442245e-06
1.586394037240263e-05
3.142240285955678e-05
4.1481004434538563e-05
3.649561477890989e-05
2.139999401648631e-05
8.363116914487412e-06
2.1782324950854673e-06
3.7811320548702734e-07
8.243008682864754e-08
3.4729444198249527e-07
2.0384539537071003e-06
8.053199715828618e-06
2.1211645044720746e-05
3.229590562531233e-05
4.3314298628942625e-05
3.8933031884343054e-05
2.435609462373778e-05
1.3773217839251981e-05
1.4003493836278282e-05
2.469435474889435e-05
4.834419337818494e-05
8.628072532752452e-05
0.00011875019909748368
0.00011464954418661053
7.494835488571972e-05
3.280699078754444e-05
9.58398053265437e-06
1.8667222163170715e-06
2.4235121273659314e-07
2.0970405195886724e-08
1.209356180301765e-09
4.648195782447667e-11
1.190683955332111e-12
2.0327793606106465e-14
2.3129463645413414e-16
1.7539711201291865e-18
8.864635142878772e-21
2.9859383824292896e-23
6.703203700150175e-26
9.173184523027276e-28
1.04933244602367e-30
1.3686151384866246e-33
1.0171195118681428e-34
1.1960779064620337e-35
9.41124381241279e-37
4.935385241675715e-38
1.7249505677554752e-39
4.0180357633910264e-41
6.2378149971432e-43
6.454056018800883e-45
4.45055855372698e-47
2.0453981367463e-49
6.2650240281073475e-52
0.00013743758215201336
0.0010975175038709496
0.005841157983742309
0.020718962198583053
0.04897997867147233
0.07717039682650428
0.08103346755822384
0.05671000188087771
0.026450656041198933
0.00822232772077462
0.0017034706897387526
0.00023521017030227634
5.0153884687881e-05
3.521507262345462e-06
5.354535650510552e-05
0.00037580789272103075
0.0017711139963502516
0.005588824886776599
0.011809714216647633
0.016715252256048366
0.01586247289059222
0.010141345341850055
0.004521074325827567
0.0018230726583735246
0.001491647655848817
0.002401429448300095
0.004353397171830691
0.007169719661247349
0.009082214877915764
0.00806528128701065
0.004849425168018059
0.0019525414888858352
0.0005246880660762892
9.400770008134463e-05
1.1226908896750753e-05
8.936225641453715e-07
4.7406096947720804e-08
2.1639570744791883e-05
8.359215345259837e-05
0.00045326996433724543
0.0017661616884780563
0.004995342531532319
0.012018055870413052
0.027319530447599365
0.054479895519478856
0.08248445667224205
0.08721583719833866
0.06242777688542703
0.029961849496211335
0.009627403421392237
0.002108323029206509
0.0004359514281218858
0.00033471734616491943
0.00045276780806290454
0.00044300675510246566
0.0002993346797014111
0.00021025163309321214
0.0005196937446941269
0.0018703638535848663
0.0048144654521257045
0.00833542208630289
0.00968712087725608
0.0075666119342053225
0.00515035361695655
0.0020818851410796917
0.0005680045976778212
0.00010475145414952864
1.3073851233626296e-05
1.1051784265637524e-06
6.32969733509669e-08
2.4556165597017892e-09
6.448394714659533e-11
6.68698558865021e-06
4.650419773067224e-05
0.0002154891782967025
0.0006744485326534124
0.0014386226170332516
0.002230897724341814
0.0029170983669889886
0.003773706866120538
0.004561483101538182
0.004298955975846832
0.0028421626730919824
0.0012708244851047316
0.00038027100116372955
7.59321349250556e-05
1.0110113459246138e-05
8.974458904157585e-07
5.15648463089462e-06
2.5943574713029576e-05
0.00019054295183004713
0.0009361925690873232
0.00307823951251155
0.006777886822340776
0.010001274985952395
0.00996986828015831
0.0070553807218557
0.005062903540691231
0.007159085274775729
0.012515768540209507
0.016181387051801974
0.014107339552529734
0.008232848468353721
0.0033442620926950827
0.0014150497653621212
0.0015685608153438344
0.0023032188973507776
0.002443855489235802
0.001738776804149717
0.0008248670193997259
0.0002608069837595244
5.682406467620969e-05
2.3137370794684635e-05
8.567396775313938e-05
0.0003120108933509024
0.0005927268143070454
0.0011069912306599843
0.0013780068637623364
0.0011433296609814428
0.0006322715340083569
0.00023304893260751535
6.331377121468311e-05
6.348214918735081e-05
0.0003229765800478199
0.0012768423426694345
0.003374526754179485
0.005944213751788234
0.0069784336913098054
0.005460130852258863
0.0028472768269925588
0.0009902061294512472
0.00023505674565522103
6.786200241803636e-05
0.00012798549063064394
0.00033153724214078005
0.0006186121499718955
0.0008117996755220057
0.0007467930399411048
0.00047823026844769713
0.00021125479530749526
9.924426786661656e-05
2.315754815763991e-05
3.6512524141627435e-06
3.8720821859315756e-07
5.841328852992493e-07
3.6601296373886777e-06
1.6029495520514735e-05
4.680346005676735e-05
9.107909906956486e-05
0.00011812478956235751
0.00010210450820921332
5.882071998285596e-05
2.258381473856836e-05
5.778908486351345e-06
9.855436859720509e-07
1.1201791656218031e-07
8.48556276361318e-09
4.2840581530383816e-10
1.4414899305385758e-11
3.232581005684834e-13
4.83135298380526e-15
4.8124881017826134e-17
3.1948620975739836e-19
1.4135660745318968e-21
4.168325817511605e-24
2.499682213027481e-08
1.1233856841322258e-07
7.63213955901063e-07
3.455773494768969e-06
1.0428594567616738e-05
2.0974317906544628e-05
2.8114570744675075e-05
2.5116355183007705e-05
1.4954204767930926e-05
2.1979184861777908e-05
0.00015720072823672656
0.0009485291088776382
0.003920835371504076
0.011059443228221718
0.021396827834611644
0.02852772760558731
0.026289682983809057
0.016754451436494476
0.007369200429810972
0.0022301956238447696
0.0004702416124499019
0.0001127919217541864
0.00021658710373571372
0.0008516585295895297
0.002550929468977699
0.00535475578955317
0.008052323674027057
0.009108123153847899
0.00952090826715431
0.008981606574818043
0.007388560918731269
0.004822936818109142
0.002343631634029472
0.0008735381140281673
0.0003579927590399396
0.0002628937375419227
0.0002182891804392556
0.00016514112003918326
0.0002701060795953602
0.0008590864187873243
0.0021776474425708875
0.0037304540415106515
0.0042632479278503
0.003259814499730683
0.0017372667822832413
0.0009788926272709813
0.0014581168403757774
0.002828273807636876
0.003949958965825267
0.003697918167129235
0.002308332315456345
0.0009627547327498554
0.0002857101375528248
0.00015454909718549777
0.0002965297852922782
0.0008544257257943763
0.001724400965803584
0.0023307522707194414
0.0021027559089748116
0.001265100456217159
0.0005073994592595433
0.0001357362746674168
2.4863436298872423e-05
6.357116290542387e-06
1.1889636421167327e-05
2.6007823931521876e-05
3.861916967890301e-05
3.823615019414382e-05
2.523082487308166e-05
1.1096100829937847e-05
3.252302182332286e-06
6.353205963170901e-07
8.271352458419775e-08
4.589085742000714e-07
3.0467654254815777e-06
1.3691823620524041e-05
4.101316409890352e-05
8.187801444783303e-05
0.00010361696081263616
0.00010519072810686395
7.117141834079266e-05
3.20933704012537e-05
9.645096661376525e-06
1.931876628652687e-06
2.5788954791536546e-07
2.2944026803370975e-08
1.360464112329171e-09
5.376332091631085e-11
3.5152336103570566e-06
2.43646666918959e-05
0.00011255077231683864
0.00034651180350175166
0.0007109992368208658
0.0009723033551923933
0.0008861678348449059
0.0005383463148164279
0.0002183893591301294
6.37490603063177e-05
3.791629139303738e-05
0.00011603933065660407
0.0003503122522616864
0.0007472248645052523
0.0010882555291052962
0.0010683090627797254
0.0008448691604810207
0.0005258500145917599
0.0009116382314687534
0.003929899391630901
0.01317080460898678
0.02964413321267463
0.044515863451145506
0.044757775452323116
0.030795687071200124
0.016218395131300325
0.009258321449373712
0.007093934899825812
0.005203258145234503
0.0029407698060158814
0.00130199301599068
0.0004908416366866082
0.00016348012309752303
6.756194810466895e-05
0.00010974407034242679
0.0002591369235577355
0.00043737937125114273
0.0005059395449889501
0.00044640508192377276
0.0004227398070598396
0.0005324585991885155
0.0006292479277898758
0.0005907675470369066
0.00038970148983267475
0.00017217019876078954
5.502782766341496e-05
4.3707013935705746e-05
0.00018172451353466496
0.00064984491483281
0.0015654930656991632
0.0025173812548247537
0.0026992571510757344
0.0019292882225185031
0.0009190909168148427
0.00029181723988437526
6.175162013525249e-05
8.709004567365807e-06
8.185979543721663e-07
5.128076451926242e-08
2.1410160811516273e-09
1.7879090091189882e-05
0.00011669089140308163
0.0005075769392935916
0.001472059983737824
0.002847578611340238
0.003676870731137684
0.0031736751725484082
0.0023032040653311672
0.0010234061733638792
0.000308142504316464
6.371768572506896e-05
9.239143114990684e-06
9.649461640605665e-07
7.435284952012872e-08
4.260091635583499e-09
1.2198486133450229e-05
0.00010524027647604712
0.0005729373753000416
0.0022948650522345545
0.0068345122969346445
0.01510802473296787
0.024607151064736474
0.031127219470416086
0.03688304196499378
0.04928418375362257
0.06397860171292125
0.06375842038406668
0.04409214472535724
0.020567537337022636
0.006425675466332671
0.0013428662736857748
0.0001879107280625591
1.7654311458275295e-05
2.930899748424392e-06
1.435347204628282e-07
5.757187950406622e-09
7.193321656978799e-09
3.5590468098848546e-08
1.192128436129262e-07
2.6614389283655447e-07
5.569186333847097e-07
1.6703502384123014e-06
1.1345408737717453e-05
5.980396850490484e-05
0.000254169731368879
0.0008162408154475995
0.0018746891147310301
0.0029769871734750676
0.0032317824909133524
0.0024975031165070157
0.0017298675396774199
0.0016823714368660691
0.002046931703600718
0.002099458839712564
0.0016290798339720861
0.000980074179989777
0.0005105379800687224
0.0003517219943427813
0.0005008299309967105
0.0007175368730495568
0.0010690261734353304
0.0013546730391895269
0.001578981339489804
0.001601017688915199
0.001247338947547565
0.0007262038776412669
0.00047809152360594575
0.0007257104482265696
0.0012981372592288012
0.001694179517780637
0.0015428109992667394
0.0010336933377613387
0.0006062431470281568
0.0004379697866342532
0.0004055562301151787
0.00033554938769105833
0.00020070851644503167
8.167635089125001e-05
2.2271004851059767e-05
4.053158649357e-06
4.918150977473093e-07
3.977770039003255e-08
2.144235235005655e-09
7.703542363917253e-11
4.998881235704613e-06
4.2249166554006286e-05
0.0002382037077825983
0.000895944216663883
0.0022481901533317325
0.003763761354660133
0.004204023418090465
0.0031331327896581785
0.0015580420216516166
0.000516989353908886
0.0001144723672888265
1.6914142151440488e-05
1.7220855183040285e-06
5.997212432019214e-07
2.9518726292379326e-06
1.181376863655705e-05
3.1561682965151635e-05
5.619769588889623e-05
6.66896521589801e-05
5.27448356093483e-05
2.7802444479824094e-05
9.767143521076095e-06
1.8013724110504148e-05
0.00014575978095518303
0.0008959894409114297
0.0036794125558776616
0.00753138037261099
0.015727888529219983
0.021890104266442684
0.020305177321059346
0.012553295138679473
0.005174952423819689
0.0014367002971281994
0.0003277801056973561
0.00023327110543224088
0.00043425944302536465
0.0006607543186116501
0.0007111463033746521
0.0005297298350940571
0.00027500980268534587
0.00013754267531968813
0.0002616271351761757
0.0008606133619069518
0.002039694917554699
0.0032332591274676415
0.0034347102933833733
0.0025315247561161357
0.0017027884462714842
0.0020984166482674025
0.0036124548336003977
0.00479289045456914
0.004310116296530894
0.003212247913417005
0.0014923999366019119
0.000516579914435841
0.00022208814994001614
0.0001796032187872544
0.00014353500838305442
8.089801904393674e-05
3.057802182913108e-05
7.708168940600273e-06
1.29510586346788e-06
1.450254148024833e-07
1.0823428597771363e-08
5.383530543962844e-10
1.7846417901288594e-11
3.942906550050261e-13
5.805818540674126e-15
3.273274866990565e-07
2.4094873068920586e-06
1.1820840515729466e-05
3.865036693394747e-05
8.422488620274339e-05
0.00012232318840294266
0.00011840190789418521
7.638184713313835e-05
3.284000094633496e-05
9.712394929251692e-06
2.0159508032822883e-05
0.00013659985064080676
0.0007336995399757728
0.0026430283058743683
0.006360679723559006
0.010220804420969036
0.010961649370884483
0.007844056815212967
0.003744369582805638
0.0011924157802649122
0.0002549260262316134
4.184883407488526e-05
0.00011497034468311227
0.0007011821762562778
0.0031644715068124816
0.00968481770649208
0.01983116852900673
0.027121542056702076
0.02483661237047372
0.015378767419882948
0.006632854985442482
0.0021515109658357635
0.0005986950749171964
0.0001540587217605356
3.359724787093592e-05
1.0394057111669066e-05
1.3292120405917158e-06
1.154641646867109e-07
6.724985770667511e-09
2.6153383025124683e-10
6.7826052644030696e-12
1.1725303677836526e-13
1.3510053225573014e-15
1.037478070859324e-17
5.3098788044810054e-20
1.8112255640904173e-22
4.117581783682058e-25
6.238691970202406e-28
1.1547653162610297e-08
9.712253940490611e-08
5.552095521368924e-07
2.1097135506399653e-06
5.419256669493357e-06
9.512156958237716e-06
1.1600420946520278e-05
1.0048440133233591e-05
6.320361962054413e-06
2.9216539504686065e-06
9.873446236140604e-07
2.392769038575231e-07
1.2830325317608708e-05
4.702487428092425e-05
0.00023629155287430975
0.0007914810595619922
0.001766916492834145
0.0026291913817556847
0.0026089505257398476
0.0017329272528658962
0.0007910305761794312
0.0002909874223714054
0.00013989853047593608
9.629335308962848e-05
5.730462678333901e-05
2.386010189525553e-05
7.406890613751048e-06
5.777712409696847e-06
1.8107905508495457e-05
4.794721690197548e-05
9.08852064794268e-05
0.00012998137032711925
0.0001740247855900832
0.0003243773759484855
0.0010241218263322754
0.003131206571759374
0.006862839468885261
0.010145595094958652
0.01001588145949745
0.00792789086308831
0.003981493864140919
0.0013327060843341227
0.0002975590007159838
4.582170237940445e-05
1.1551174704813818e-05
2.1527646892666928e-05
4.1940666501149046e-05
5.51661375321247e-05
5.3120218399878673e-05
6.503563052575352e-05
0.00020083138115875267
0.0006561761706119837
0.0014993591655126245
0.0022934036155410386
0.002342953952252853
0.001603550499974906
0.0007419544730208122
0.0002376609131183473
5.7923055178959425e-05
3.147158584129839e-05
0.00013153938577404613
0.0005344738228949931
0.0014649057570730731
0.002676979333092168
0.0031937941160447283
0.002967914469856364
0.001838135079421637
0.0007606117573390776
0.00022493445786764352
0.00013591150451281546
0.0003969036355165045
0.0011003949957017723
0.002222275775251156
0.003343812725213148
0.003812408910985331
0.0032737802489921203
0.002180514525177632
0.0018192503666810459
0.0038484811056901545
0.00916067968625105
0.01555209274649324
0.018074717274568157
0.014762337639235387
0.008990318118370137
0.004422230969692765
0.0018650040249401229
0.0007466828339865094
0.0004030614775155458
0.00030673609429463606
0.00020571878381016358
0.00013026498311405373
4.7295894214336645e-05
1.1475212027355667e-05
1.8563711567930652e-06
2.0016127209427966e-07
1.4384062883745284e-08
6.889146156404239e-10
2.199028679681781e-11
4.5247512928120514e-07
3.331180403615457e-06
1.634494971069685e-05
5.345035247108525e-05
0.00011649280600107786
0.00016921123200274284
0.00016381015333043257
0.0001056921203542557
6.312043693211468e-05
0.00013223545967650988
0.000538417933546207
0.0016061059655218782
0.0032067091000068165
0.0042678584090779055
0.003785742855938054
0.0022384058818984694
0.0008841509386668307
0.00024316934273400202
0.00010358345659307712
8.533710353417608e-05
0.0001387990985753241
0.00016994574315323764
0.00014008675116193844
7.714933575858836e-05
2.8350981598155546e-05
6.948504721840971e-06
1.1355411786766602e-06
1.237249130464279e-07
8.98741230139593e-09
4.3523984407521737e-10
1.4052014645362933e-11
3.024594221717069e-13
4.340286629434088e-15
3.398162987835207e-06
2.798438355155982e-05
0.00015359208361456192
0.0005618281140916371
0.0013696816943463345
0.0022750737749490536
0.00276247322466355
0.0034141943342776804
0.006151713635217216
0.011613351373200763
0.01658919640377082
0.017482268902172197
0.01480477359885066
0.010059098870137607
0.0057801226995860475
0.0027147018071213926
0.0010242454088642142
0.0005907019795177927
0.0011351119550315936
0.0022606364587075384
0.0031246784186680595
0.002910068455726998
0.001823913454845847
0.0007754995346773636
0.00025321395311302613
0.0001522620672890656
0.00023671960281009251
0.0003270449681778932
0.0003125479444842869
0.00020334810333434206
9.017307814464281e-05
2.7293337127453715e-05
5.6413979793526294e-06
7.957730743132501e-07
7.648044450659085e-08
4.9962094823633375e-09
6.530736619050676e-10
2.228051642838593e-11
5.128861025825536e-13
7.946746992554676e-15
4.503832330585761e-06
3.205584097530709e-05
0.00015205954405874856
0.00048073057113687544
0.0010129111375977488
0.0014224024774810089
0.0013368391800824325
0.0008687792982491986
0.0005207250532864588
0.0006302021366333586
0.0011026532223462513
0.001469874428353046
0.0013233916598913943
0.0007950767497424765
0.00031839013651612544
8.49759646193435e-05
1.5115222680882512e-05
1.8159411190211286e-06
3.3119183418993885e-07
1.0042982782077208e-06
4.054545984751085e-06
1.2744570592094564e-05
2.631610564010327e-05
7.534015157510556e-05
0.00018172160025879325
0.0003211913379880016
0.00039008889569657656
0.00031862104175742396
0.00018342250139646128
0.0001403750423076096
0.0004252479915692874
0.0014841761177877633
0.0036795120113078308
0.006360751189657459
0.0077650316933446885
0.006764367980506082
0.004215972342452134
0.0018728088322791442
0.0006074796903836659
0.0001986860988919769
0.00014912434742847807
0.0001588277696634
0.00013423417774414663
9.059039417304834e-05
5.581149089481098e-05
3.1908172749519727e-05
1.4788367966957678e-05
4.937604445263728e-06
1.9268493052936544e-06
3.377522769734536e-07
5.096698703636914e-07
3.388715836389846e-06
1.6833182727876476e-05
5.666236186510792e-05
0.00013591891128045467
0.0002473757040062177
0.0003643290219293141
0.00043824125817326225
0.0004071244855476506
0.00027325002233541813
0.00012693449022248821
3.9966009113484825e-05
8.452008248408238e-06
1.1960774057891151e-06
1.130877833789341e-07
7.139028642180504e-09
6.688583288539189e-08
5.606306335074673e-07
3.2323198233780634e-06
1.2418674199203663e-05
3.970369517651408e-05
0.00011648865087706241
0.0003812322353598703
0.0008207204405527557
0.0020938834453997812
0.003816881843498088
0.0049678982095663375
0.004953405082136075
0.004230465919674161
0.003225462486094288
0.0020273311573522144
0.0010346875794364238
0.0007039552577822232
0.0010681560655386197
0.00179365252941323
0.0024058144436536707
0.0024895062144613803
0.0019328419201009729
0.0010843493270555717
0.00043082265352292174
0.00012668133162451844
3.415740763525154e-05
1.1207158745920127e-05
3.828578820988245e-06
1.0095572121191416e-06
1.8332569659456365e-07
2.233265981609323e-08
1.8154938820215238e-09
9.838724777399218e-11
1.1246452916537564e-11
2.7707668009261925e-06
2.027475459038038e-05
9.887644273425051e-05
0.00032382221643333374
0.0007151408651721637
0.0011031187509374441
0.0013047491399747959
0.0013952014910942336
0.0014506220448532153
0.0012841768697385775
0.0008355828554806083
0.0003737095708583962
0.00011703373034992794
5.295291764122973e-05
0.0001354776088383448
0.00038722622491325285
0.0007642122774556364
0.0010780145614132236
0.001309950875430144
0.0018180892756277968
0.0026790519963085023
0.0031449225950262566
0.002590713918252615
0.0015518807275778875
0.0010509884859903
0.0012384875547351436
0.0019939554234820567
0.002492569501000584
0.0021366588933809665
0.0012918257213259498
0.0006926673737238804
0.0005974596261677879
0.000764482261398887
0.0008231292033278602
0.000635939387149212
0.00042531849964820985
0.0006656398505657498
0.001972334768522552
0.004679741004743093
0.007950698450138715
0.010098122320419421
0.010150731922470256
0.008237887172043164
0.005387621294629338
0.003497269079802693
0.0039943825126617935
0.006139387586491536
0.007337645726363324
0.005980312895787058
0.0032780587068382814
0.0017668160338303112
0.0005117569816405737
0.00010552131856007339
1.6527706133600522e-05
2.1243674075636885e-06
2.750133109423789e-07
4.596161629845626e-07
3.2097237557002636e-06
2.1054048649127623e-05
9.611386357360276e-05
0.00032988783057391337
0.0008737864598670474
0.0017786681285061425
0.0026877622848189304
0.0028989432772064
0.0021725438110729357
0.0011313943905766016
0.0004930048303014539
0.0005606744356960576
0.001469585404005155
0.0030372118835938736
0.004272402685417605
0.004190377883631928
0.0032037188627405673
0.0023873984440534136
0.001894635509114568
0.0015462427921440459
0.0010168913153862696
0.0007949391949572563
0.0009204032551707282
0.0011005360448895025
0.0012733831718947126
0.0016544504283395982
0.0020817836389271037
0.0020056997309645433
0.001369418307427338
0.0007908222524788896
0.0007798386613868212
0.0012475260097024197
0.0016269457404784725
0.0014473672336014704
0.0008604419906499347
0.00034118207726197865
9.057088310111662e-05
1.728960922812477e-05
8.90212991883222e-06
3.471369452005066e-05
0.0001574822001769298
0.0005239116586600401
0.0011843630328266612
0.0017912378337250666
0.0018078934335082116
0.0014544383002574267
0.0007626501462279634
0.0003149831411983834
0.00019071379571873763
0.00020286496162179448
0.00018999705744041675
0.0001228777882220043
5.316441480167619e-05
1.5336313826034533e-05
2.948629629063132e-06
3.1592610320833435e-06
2.0625239444360518e-05
0.00010161551515566146
0.0003341696173542532
0.0007324249281807901
0.0010719063738924336
0.0010570634673127282
0.0007551457104839544
0.0005636000091163787
0.0007035147882514037
0.0009590428116026012
0.0009598662042682345
0.0006497616733521305
0.00029469568086492074
8.989774718900024e-05
1.8706844987446113e-05
5.397279793508447e-06
2.1421724252198773e-06
1.056524396602866e-05
4.938026816755067e-05
0.00015496227696191325
0.0003248133145365621
0.0004574739384499574
0.00044076550829875565
0.00030609386705194544
0.00017233429565841974
9.000311359342515e-05
4.29651508336719e-05
1.6319308769691436e-05
4.457572732119305e-06
8.419523823428329e-07
1.0891045605338333e-07
9.652664438144666e-09
5.879696974707165e-10
2.4680888592370352e-11
7.146236269173174e-13
1.4254841752039556e-14
1.9526593934209832e-16
1.828695595542942e-18
1.1651958594160621e-20
5.028035588258034e-23
1.07110722572542e-24
2.3936683471046136e-27
3.590617279576624e-30
3.6079804977618795e-33
2.4249422416334263e-36
1.0889673971322778e-39
3.26492966469815e-43
6.492066406007764e-47
0.0
0.0
0.0
0.0
0.0
0.0
0.0
0.0
0.0
0.0
0.0
0.0
0.0
0.0
0.0
0.0
0.0
0.0
0.0
0.0
0.0
0.0
0.0
0.0
0.0
0.0
0.0
0.0
0.0
0.0
0.0
0.0
0.0
0.0
0.0
0.0
0.0
0.0
0.0
0.0
0.0
0.0
0.0
0.0
0.0
0.0
0.0
0.0
0.0
0.0
0.0
0.0
0.0
0.0
0.0
0.0
0.0
0.0
0.0
0.0
0.0
0.0
0.0
0.0
0.0
0.0
0.0
0.0
0.0
0.0
0.0
0.0
0.0
0.0
0.0
0.0
0.0
0.0
0.0
0.0
0.0
0.0
0.0
0.0
0.0
0.0
0.0
0.0
0.0
0.0
0.0
0.0
0.0
0.0
0.0
0.0
0.0
0.0
0.0
0.0
0.0
0.0
0.0
0.0
0.0
0.0
0.0
0.0
0.0
0.0
0.0
0.0
0.0
0.0
0.0
0.0
0.0
0.0
0.0
0.0
0.0
0.0
0.0
0.0
0.0
0.0
0.0
0.0
0.0
0.0
0.0
0.0
0.0
0.0
0.0
0.0
0.0
0.0
0.0
0.0
0.0
0.0
0.0
0.0
0.0
0.0
0.0
0.0
0.0
0.0
0.0
0.0
0.0
0.0
0.0
0.0
0.0
0.0
0.0
0.0
0.0
0.0
0.0
0.0
0.0
0.0
0.0
0.0
0.0
0.0
0.0
0.0
0.0
0.0
0.0
0.0
0.0
0.0
0.0
0.0
0.0
0.0
0.0
0.0
0.0
0.0
0.0
0.0
0.0
0.0
0.0
0.0
0.0
0.0
0.0
0.0
0.0
0.0
0.0
0.0
0.0
0.0
0.0
0.0
0.0
0.0
0.0
0.0
0.0
0.0
0.0
0.0
0.0
0.0
0.0
0.0
0.0
0.0
0.0
0.0
0.0
0.0
0.0
0.0
0.0
0.0
0.0
0.0
0.0
0.0
0.0
0.0
0.0
0.0
0.0
0.0
0.0
0.0
0.0
0.0
0.0
0.0
0.0
0.0
0.0
0.0
0.0
0.0
0.0
0.0
0.0
0.0
0.0
0.0
0.0
0.0
0.0
0.0
0.0
0.0
0.0
0.0
0.0
0.0
0.0
0.0
0.0
0.0
0.0
0.0
0.0
0.0
0.0
0.0
0.0
0.0
0.0
0.0
0.0
0.0
0.0
0.0
0.0
0.0
0.0
0.0
0.0
0.0
0.0
0.0
0.0
0.0
0.0
0.0
0.0
0.0
0.0
0.0
0.0
0.0
0.0
0.0
0.0
0.0
0.0
0.0
0.0
0.0
0.0
0.0
0.0
0.0
0.0
