a = 9.152256958862129 b = 5.080866592568874 c = 9.371297812850138 ,Gaussian ,LMH = 0.08 ,DW = [0.9 0.9 0.9]
0.0
0.0
0.0
0.0
0.0
0.0
0.0
0.0
0.0
0.0
0.0
0.0
0.0
0.0
0.0
0.0
0.0
0.0
0.0
0.0
0.0
0.0
0.0
0.0
0.0
0.0
0.0
0.0
0.0
0.0
0.0
0.0
0.0
0.0
0.0
0.0
0.0
0.0
0.0
0.0
0.0
0.0
0.0
0.0
0.0
0.0
0.0
0.0
0.0
0.0
0.0
0.0
0.0
0.0
0.0
0.0
0.0
0.0
0.0
0.0
0.0
0.0
0.0
0.0
0.0
0.0
0.0
0.0
0.0
0.0
0.0
0.0
0.0
0.0
0.0
0.0
0.0
0.0
0.0
0.0
0.0
0.0
0.0
0.0
0.0
0.0
0.0
0.0
0.0
0.0
0.0
0.0
0.0
0.0
0.0
0.0
0.0
0.0
0.0
0.0
0.0
0.0
0.0
0.0
0.0
0.0
0.0
0.0
0.0
0.0
0.0
0.0
0.0
0.0
0.0
0.0
0.0
0.0
0.0
0.0
0.0
0.0
0.0
0.0
0.0
0.0
0.0
0.0
0.0
0.0
0.0
0.0
0.0
0.0
0.0
0.0
0.0
0.0
0.0
0.0
0.0
0.0
0.0
0.0
0.0
0.0
0.0
0.0
0.0
0.0
0.0
0.0
0.0
0.0
0.0
0.0
0.0
0.0
0.0
0.0
0.0
0.0
0.0
0.0
0.0
0.0
0.0
0.0
0.0
0.0
0.0
0.0
0.0
0.0
0.0
0.0
0.0
0.0
0.0
3.3216325465800553e-34
2.593423549311614e-33
1.3495123431865452e-32
4.680172068468034e-32
1.081753546794577e-31
1.6663889743117728e-31
1.710826573118347e-31
1.1706232331767412e-31
5.386606463463731e-32
1.9387551958007436e-32
1.711001707295894e-32
4.071305850268697e-32
7.822325189858932e-32
1.0116850267803002e-31
8.724447721719794e-32
6.309186105522972e-32
2.766803283183437e-32
8.086578942601295e-33
1.575189940172085e-33
2.0449494494661334e-34
1.769350089394474e-35
1.0202967799384547e-36
3.921216377757479e-38
1.004376743377312e-39
1.7145653241894271e-41
1.9507111782432343e-43
1.4791542212505073e-45
7.475073892092979e-48
2.5176715426673606e-50
5.651506094518607e-53
8.454946768326501e-56
8.43022378235886e-59
5.602074460517873e-62
2.48107674962206e-65
7.323405284432767e-69
1.440679868041043e-72
0.0
0.0
0.0
0.0
0.0
0.0
0.0
0.0
0.0
0.0
0.0
0.0
0.0
0.0
0.0
0.0
0.0
0.0
0.0
0.0
0.0
0.0
0.0
0.0
0.0
0.0
0.0
0.0
0.0
0.0
0.0
0.0
0.0
0.0
0.0
0.0
0.0
0.0
0.0
0.0
0.0
0.0
0.0
0.0
0.0
0.0
0.0
0.0
0.0
0.0
0.0
0.0
0.0
0.0
0.0
0.0
0.0
0.0
0.0
0.0
0.0
0.0
0.0
0.0
0.0
0.0
0.0
0.0
0.0
0.0
0.0
0.0
0.0
0.0
0.0
0.0
0.0
0.0
0.0
0.0
0.0
0.0
0.0
0.0
6.625266355884779e-09
5.070674871945421e-08
2.586483634558762e-07
8.79296314985377e-07
1.99224304576078e-06
3.0083678178840304e-06
3.0276181282352856e-06
2.030732914345637e-06
9.077914063547922e-07
2.7045864914495965e-07
5.370283712436124e-08
7.10681702183921e-09
6.268080794569967e-10
3.684474761400013e-11
1.4434379997377684e-12
3.7687925332244695e-14
6.558248604454303e-16
7.605978061389497e-18
5.879004728406438e-20
3.028545472076543e-22
1.039790717918929e-24
2.3792458577154848e-27
3.628392459422264e-30
3.8370583632494774e-32
2.9756093809658105e-35
1.5379243796168425e-38
5.297556436549818e-42
1.2161797020895387e-45
0.0
0.0
0.0
0.0
0.0
0.0
0.0
0.0
1.5000668527495355e-06
1.3032941529678405e-05
7.546678129263252e-05
0.0002912398215059516
0.0007490783292560574
0.001284059825316866
0.0014669821574165855
0.0011169814305446342
0.0005668245121128694
0.00019170473541635583
4.32114268338171e-05
6.491512850536444e-06
6.499422710898934e-07
1.118565839523685e-07
5.694990380343066e-09
1.9324398546752286e-10
4.370192073315586e-12
6.586832388363602e-14
6.616590360153725e-16
4.429690991862125e-18
1.9764879162216944e-20
5.877551506161526e-23
1.1648775405521682e-25
1.5386705744378772e-28
1.35454230388179e-31
7.947326325248219e-35
3.107642605884437e-38
8.098836589005651e-42
0.0
0.0
0.0
0.0
0.0
0.0
0.0
0.0
0.0
0.0
0.0
0.0
0.0
0.0
0.0
0.0
0.0
0.0
0.0
0.0
0.0
0.0
0.0
0.0
0.0
0.0
0.0
0.0
0.0
0.0
0.0
0.0
0.0
0.0
0.0
0.0
0.0
0.0
0.0
0.0
0.0
0.0
0.0
0.0
0.0
0.0
0.0
0.0
0.0
0.0
0.0
0.0
0.0
0.0
0.0
0.0
0.0
0.0
0.0
0.0
0.0
0.0
0.0
0.0
0.0
0.0
0.0
0.0
0.0
0.0
0.0
0.0
0.0
0.0
0.0
0.0
0.0
0.0
0.0
0.0
0.0
0.0
0.0
0.0
0.0
0.0
1.1713339316106732e-34
7.670011174252422e-34
2.142760860745311e-33
7.134960246979552e-33
1.5834011595860593e-32
2.3419192033193636e-32
2.3085240589253336e-32
1.5166258377593347e-32
6.640549894487339e-33
1.9378099700104034e-33
3.7687720988756835e-34
4.885062385105247e-35
4.220091823279104e-36
2.4297144431794354e-37
9.32330985740442e-39
2.3843310207198963e-40
4.063914181318008e-42
4.616406625238673e-44
3.4949835114840717e-46
1.7634686967431213e-48
5.930235316515766e-51
1.3290999662695537e-53
1.9852943896586347e-56
1.9763949329993533e-59
1.3113061452727329e-62
5.798504644483276e-66
1.7088717502907232e-69
6.040496512330537e-72
0.0
0.0
0.0
0.0
0.0
0.0
0.0
0.0
0.0
0.0
0.0
0.0
0.0
0.0
0.0
0.0
0.0
0.0
0.0
0.0
0.0
0.0
0.0
0.0
0.003366996399855336
0.012937569650838022
0.06948948040373262
0.24875222609728
0.5934668100043489
0.9436423941472668
1.0
0.706275440033569
0.3324526177601932
0.10429583314949595
0.02180648699148124
0.003038687251720758
0.00028220704365665693
1.7467519739735056e-05
7.205700125389979e-07
0.00014547393213108198
0.0013253587475009106
0.008048633966084238
0.032575611134253876
0.08787078685802771
0.15797123264918575
0.18927490928322258
0.1511435556035973
0.08043920519542888
0.02853168726448545
0.0067447939631019626
0.0010626529893479173
0.0002474234446209292
1.9822855257296137e-05
1.0584567553476029e-06
5.972995920051644e-07
4.643372892209089e-06
2.5667219116358182e-05
9.457769175461515e-05
0.0012961578164234471
0.00817287881336534
0.038456575023012994
0.1240717311731929
0.2685271935966846
0.38790197280496863
0.3735766579236628
0.23980093514381434
0.10259133406299209
0.029251869055221126
0.00555876696096411
0.0007040199112061108
5.942551888721964e-05
3.3430477140964462e-06
1.2534116207199027e-07
3.132033560012307e-09
5.2160367815351325e-11
5.789438324656587e-13
2.2993291728861103e-14
1.2977753363099706e-16
4.881793798101454e-19
1.2238857959385035e-21
2.0449557076739333e-24
2.2772390733652023e-27
1.6950295379714656e-30
1.9902385800071318e-32
4.9233420901051467e-32
8.472823477132482e-32
9.718075804848801e-32
7.428719409675306e-32
3.784680090828478e-32
1.2850675126707292e-32
2.9080660182615515e-33
4.826978975457114e-34
3.754391028149182e-34
1.6621571082594483e-33
5.537336174356055e-33
1.2315812948091325e-32
1.825647360774238e-32
1.8036504975863156e-32
1.1875979198070436e-32
5.211563319251601e-33
1.524221760030633e-33
2.9710492038825483e-34
7.972328073579682e-35
7.902225696613253e-36
5.2202973929265e-37
2.298384099076001e-38
6.744216760700802e-40
1.3189307088397323e-41
1.7190716896425894e-43
1.493301648633566e-45
8.645351374593589e-48
3.3357946036172472e-50
8.578226371169315e-53
1.470202821059432e-55
1.679339677132512e-58
1.2784430733293023e-61
6.4864307837407706e-65
2.193369145883644e-68
4.943097991781837e-72
0.0
1.1655238618667014e-08
7.600480768632917e-08
3.3032580939689863e-07
9.568095455068585e-07
1.8470984296673027e-06
2.3764907433258993e-06
2.0378103473738487e-06
1.1645897071686945e-06
6.401473181658169e-07
1.8603373051345886e-07
3.6031721148362964e-08
4.651144891904524e-09
4.0014397124327503e-10
2.2943212911770486e-11
8.767458945466436e-13
2.232928385923268e-14
3.7901587145591424e-16
4.287671917296159e-18
3.23271370993311e-20
1.6244056507402123e-22
5.44005498432223e-25
1.2142190971489022e-27
1.670207876680947e-07
1.436051391455925e-06
8.229074326302446e-06
3.1427767816268616e-05
7.999404080026695e-05
0.0001357010732863321
0.00015342300268147315
0.00011560569314070412
5.805632134588114e-05
1.9431277503057823e-05
4.334457434620529e-06
6.44391315793185e-07
1.4434236942543008e-07
1.0912175621766495e-08
5.498071862579296e-10
1.8462521974315123e-11
4.1319321998276904e-13
6.163067101991272e-15
6.126637065902853e-17
4.059092609836029e-19
1.7923272767751046e-21
5.27457189771296e-24
1.0345194663897473e-26
1.3522956962519542e-29
1.178111004875985e-32
6.840412751888175e-36
2.6470366304767618e-39
6.826830855834079e-43
0.0
0.0
0.0
0.0
0.0
0.0
0.0
0.0
0.0
0.0
0.0
0.0
0.0
0.0
0.0
0.0
0.0
0.0
0.0
0.0
0.0
0.0
0.0
0.0
0.0
0.0
0.0
0.0
0.0
0.0
0.0
0.0
0.0
0.0
0.0
0.0
0.0
0.0
0.0
0.0
0.0
0.0
0.0
0.0
0.0
0.0
0.0
0.0
0.0
0.0
0.0
0.0
0.0
0.0
0.0
0.0
0.0
0.0
0.0
0.0
0.0
0.0
0.0
0.0
0.0
0.0
0.0
0.0
0.0
0.0
0.0
0.0
0.0
0.0
0.0
0.0
0.0
0.0
0.0
0.0
0.0
0.0
0.0
0.0
0.0
0.0
0.0
2.859596597836901e-08
2.666301049206449e-07
1.656895596146368e-06
6.862188629696246e-06
1.8941383986110117e-05
3.48451479594389e-05
4.272228430283976e-05
3.4909864793690164e-05
1.901180783705269e-05
6.900494489132266e-06
6.984667292068922e-05
0.0005760840505878746
0.0032433310968464626
0.012175112996917772
0.03048030064662575
0.05092179109351164
0.05684282846818968
0.04250252472431497
0.021389744073240683
0.007310417153050096
0.0017236227540494535
0.0002872579293364912
3.48738002349419e-05
3.1587590719194136e-06
2.1403557420304064e-07
2.9988271426834474e-08
1.1903730220258058e-09
3.2994783822194965e-11
6.257689830413623e-13
8.021496695868584e-15
6.902829723380548e-17
3.9735826637246644e-19
1.5273093998262652e-21
3.916150419365879e-24
6.695404442981471e-27
7.630935230816403e-30
5.7971067919610154e-33
2.9352961291238862e-36
9.905446535281957e-40
2.2279392817831785e-43
0.0
0.0
0.0
0.00021255718498727264
0.0016121330055915307
0.008149059659988949
0.027453370637300942
0.06164039279925476
0.09223944262255358
0.09199187917868906
0.061145409707447904
0.03717128989544151
0.01260901148350984
0.0031181685530484436
0.0016498092084241565
0.003515410254633094
0.006565287557968747
0.008264737559960388
0.00693682150600495
0.003880428475655248
0.0014467070966108146
0.0003594703683109691
5.9528800261270604e-05
6.570111067659925e-06
4.832811331544214e-07
2.369237068346596e-08
7.74102989912816e-10
1.6856620873900915e-11
2.4463795715614464e-13
2.3662395669392335e-15
1.5253697548100943e-17
6.553496893166746e-20
1.876517474672737e-22
3.5810771412065194e-25
4.554663408378185e-28
3.8608279417904384e-31
2.181153124363934e-34
1.1897548603774545e-36
3.4179505556336413e-40
6.544185666731269e-44
0.00020140542085438315
0.0014828312450005858
0.007276019424628675
0.02379455128187055
0.05186122094207539
0.0754719524562729
0.07389824422903063
0.05155973329012909
0.03422607282129854
0.03480015603906569
0.041330125053998176
0.03782384302759316
0.02460964445401876
0.012195655329944466
0.005360705252847635
0.0022642231250525335
0.0008184872300768853
0.00021904726060552028
4.043917670960851e-05
5.02707966738378e-06
4.1774084663203267e-07
2.315541259089342e-08
2.6873012818667294e-09
7.576974459854948e-11
1.4238694592329314e-12
1.7833225394266513e-14
1.4885802988294963e-16
8.281261477088392e-19
3.070452381326775e-21
7.587344603314059e-24
1.249564872478066e-26
1.3715427750998098e-29
1.0033245855955485e-32
4.8916469011073085e-36
1.5894625311458685e-39
3.4421281663504686e-43
1.1470490597476435e-56
5.503426403375618e-35
4.353778767153009e-34
2.2955200962333405e-33
8.06635607944733e-33
1.889101217895792e-32
2.9485915371129477e-32
3.0672950207150034e-32
9.580386569927211e-07
6.6357567893936475e-06
3.0632287898741286e-05
9.424318573222085e-05
0.0001591223438222568
0.0002489454945110713
0.00025957264492152576
0.00018038279928527174
8.354353935044055e-05
2.5787673718730478e-05
5.305093115360886e-06
7.273700316170044e-07
6.646596959410837e-08
4.047853942233192e-09
1.642978463984852e-10
4.4444748825783545e-12
8.012915995297982e-14
9.628137227632199e-16
7.710375012509385e-18
4.1151936775378427e-20
1.8930480600573877e-06
1.6531146172832564e-05
9.621124630525992e-05
0.00037319022788453104
0.0009647532135607858
0.0016622018175193518
0.0019086786693373354
0.0014607080927305713
0.0007450331533808187
0.0002532615792632741
9.846139365078178e-05
1.7020106397887357e-05
1.960830758805414e-06
1.5055649626459453e-07
7.70442862178798e-09
2.627622189978173e-10
5.97264846168215e-12
9.04799881363237e-14
9.135233748054851e-16
6.147072593444059e-18
2.7567575183917005e-20
8.239679925339534e-23
1.641359313371621e-25
2.179106891112568e-28
1.9281239650903471e-31
1.1370326071661057e-34
4.4688155978106507e-38
1.1705595089942933e-41
0.0
0.0
0.0
1.9003735585479323e-06
1.2042358818173995e-05
5.085875164604194e-05
0.00014315330422002583
0.00022778547323720034
0.0003260350456119592
0.00031101697587997666
0.0001977358666523846
8.378540191787553e-05
2.3660984503669445e-05
4.453267806393266e-06
5.58606986714564e-07
4.669984742431168e-08
2.601992906255697e-09
9.6622507294782e-11
2.391288888912248e-12
3.944276363552379e-14
4.3359491100847467e-16
3.176746527486169e-18
7.664233751377253e-06
6.613054491672922e-05
0.0003807652999898529
0.0014630101644155515
0.003751316622988722
0.006419141162074666
0.007330541044529331
0.005586871118980294
0.00284171738761059
0.0009646665410111256
0.00021855487039328076
6.488144390776218e-05
7.492333547483693e-06
5.774308606638587e-07
2.9700642532785e-08
1.0195527618200889e-09
2.3357428753122947e-11
3.5711145130506347e-13
3.643648396218192e-15
2.480917290948286e-17
1.1272473630002008e-19
3.4177804855991545e-22
6.9146945257478525e-25
9.334493891448783e-28
8.40778937593151e-31
5.052774022187355e-34
2.0259009014488546e-37
5.419131773059372e-41
0.0
0.0
0.0
0.0
0.0
0.0
0.0
0.0
0.0
0.0
0.0
0.0
0.0
0.0
0.0
0.0
0.0
0.0
0.0
0.0
0.0
0.0
0.0
0.0
0.0
0.0
0.0
0.0
0.0
0.0
0.0
0.0
0.0
0.0
0.0
0.0
1.5416674401939495e-05
0.0001196390917055443
0.0006187811316443648
0.0021329592861401197
0.004900152738492948
0.0075027109824071245
0.007656113531275377
0.005207001746990548
0.0023609577659706405
0.0007181081705687734
0.0001644830161382415
7.607521671101935e-05
0.00010446091076911387
0.00012392281111311013
9.946016576978506e-05
5.3241938438755884e-05
1.899573827803272e-05
4.516903783102166e-06
7.15825374792659e-07
7.560576103022915e-08
5.322114791068084e-09
2.4968654154191935e-10
7.80706110401061e-12
1.6269026677120322e-13
9.833582369204148e-15
1.042049460374107e-16
7.359468560265932e-19
3.464065727867585e-21
2.4144650869826604e-06
1.8654551230662754e-05
9.605726783163363e-05
0.0003296531287557949
0.0007539902369229427
0.0011493592385272017
0.001167982549513986
0.0007927320374418595
0.0003667177253731234
0.00013874196115968174
8.785743032650418e-05
9.620663459197991e-05
8.775939911929164e-05
5.469122091759819e-05
2.2769913596384225e-05
6.31953973953771e-06
1.168962134987447e-06
1.4411124735481687e-07
1.1840688159021069e-08
6.483918779287063e-10
2.3663541257941948e-11
5.755770344143062e-13
3.856737942771879e-14
4.770308108624989e-16
0.00023948410435570578
0.0017022477148746094
0.008063997329266057
0.025460066805315845
0.05357352844191955
0.07513157802977947
0.0702225051840221
0.04374331329902395
0.018160937800006847
0.005028677449782522
0.0009501542887409103
0.00021139414390221922
0.0002787160926871446
0.0004965230962618043
0.0006087020483990975
0.0004978187296244385
0.0002713511690542389
9.857665541754462e-05
2.386701027917316e-05
3.8512659488190466e-06
4.141813579723445e-07
2.968650928900814e-08
1.4181078725566875e-09
4.514825303817848e-11
3.6198974345215994e-12
5.860444106350592e-14
3.013181331726336e-07
2.6927873981759267e-06
1.6038376837207443e-05
6.366493629457948e-05
0.00016843089347121478
0.00029697831870945226
0.00034898702789964704
0.0002733224924210733
0.0001426668290964178
4.96309048673593e-05
1.150702153960391e-05
1.778096008150777e-06
1.8311715659267284e-07
1.2568527895579793e-08
5.749384302351558e-10
1.7528300602143947e-11
3.5615564681726107e-13
0.0001262828306856707
0.0011761500946148966
0.007300670293748857
0.03020259587895471
0.08327360303668642
0.15302133560659026
0.18323816612199603
0.17122341289625492
0.10663306935405595
0.04425906340670848
0.012332240706376311
0.0030639874523683483
0.005148266146390409
0.019621935753309366
0.05256142495936591
0.09394569127733055
0.11192458686015276
0.08889301577415594
0.04708190300175069
0.016643260937357116
0.0039341092402387515
0.0006245719484711528
6.72553169557702e-05
5.015800061569949e-06
2.6930489570374253e-07
1.0993171049526365e-08
3.55844611549893e-10
9.06477664391511e-12
1.729087183942764e-13
2.345106412914806e-15
2.187161209628808e-17
1.378808157603012e-19
3.769542015138205e-21
1.2182892251493217e-23
2.6281158664880316e-26
3.7809198075705984e-29
3.626185042630497e-32
2.3181107290449494e-35
9.876648856905848e-39
2.8047491039506017e-42
0.0
0.0
0.0
0.0
0.0
0.0
0.0
0.0
0.0
8.2157786038795e-06
5.9299800441298844e-05
0.0002852589533419157
0.000914548801823124
0.0019541416173421474
0.002782830349326203
0.002641185938028706
0.0016706780620167573
0.0007147917214076091
0.0003589053379606773
0.0003203328767942775
0.0010022873888856575
0.0026007601295829083
0.00453840004808298
0.005300403565150297
0.004243301293345002
0.0028423462989932394
0.0030855034239495507
0.00526151810294834
0.0075965573059735
0.00852685751374504
0.010777858962956357
0.01963932358812061
0.033914025213712645
0.04198747890898239
0.03508797203591428
0.019819655827119254
0.008742682401015183
0.006988741944659187
0.012405113823638117
0.018856632250207537
0.019506195612144
0.013468283268474908
0.006198398164079359
0.0029491300946569267
0.0006901876776614893
0.00010765198922402819
1.1190731303389381e-05
7.753118564946927e-07
3.579941509329158e-08
1.1016838543646738e-09
2.2595376726916665e-11
3.088614718422005e-13
2.8137754424828637e-15
1.7084280032228812e-17
6.913301158055746e-20
1.8644717996563578e-22
3.351257270619927e-25
4.0150519973986907e-28
3.5169704107188276e-31
1.417812731588893e-32
4.1945874718802356e-33
8.371138458499397e-34
1.1134419778804384e-34
9.870342243586413e-36
5.831474499397444e-37
2.2961808900927044e-38
9.256471191412237e-07
8.398431578170948e-06
5.0784650865873005e-05
0.0001345414755451497
0.00041370717158280127
0.0008478352336427742
0.0011580076277730837
0.001054126976655676
0.0006395227280468325
0.0002656255711324941
0.00012339775706363885
0.00028557660992561593
0.0009266408270397504
0.0020891202748027477
0.0031437706734251322
0.003153137726400867
0.002107741702320758
0.0009390169091290924
0.00027881169491282266
5.5173445836212636e-05
7.276638143849115e-06
6.396066890794194e-07
3.7469402137094584e-08
1.4629250559246997e-09
3.806702533741391e-11
6.601723826094443e-13
7.630400113703716e-15
5.877854333082565e-17
3.017670898685366e-19
7.168166843811507e-21
1.871387573175542e-23
4.830013750618764e-05
0.00042975778119718687
0.0025395112610699555
0.010017651466998007
0.02640022348597511
0.04653332303155989
0.054946069653140486
0.04356252155163749
0.023262050140021074
0.00840121763386402
0.0020643187147553433
0.0005089085307050044
0.0012582892702870108
0.006210414810878285
0.02121634819328691
0.04842844248218953
0.07372025987505217
0.07480630188899386
0.05059372455082672
0.022805758438645237
0.0068513530314037166
0.0013717989309496887
0.0001830570035780167
1.6280354458392366e-05
2.5891054211481825e-06
1.1709270741835424e-07
3.529323865567216e-09
7.089812127186756e-11
9.49203846685777e-13
1.8983143874843028e-06
1.7724822213866797e-05
0.00011030042512571488
0.0004574609558511747
0.0012644813493494216
0.0023294445188880805
0.0028605671162485707
0.002344624909115456
0.0013001833467055095
0.0005522069250074424
0.0003302015786106143
0.0003762556002086915
0.0003943379172592161
0.0002866819264142222
0.00013946509309740294
4.523606074141576e-05
9.779181996491176e-06
1.4089756608675968e-06
1.3529637632891339e-07
8.65865434987786e-09
1.1057596963263673e-09
3.598550291551471e-11
7.805054590388084e-13
1.1282513493042505e-14
1.0869694205986924e-16
6.9792754574723635e-19
1.1244909848021041e-05
9.486823984955542e-05
0.0005335338660936897
0.002000224949742143
0.004998857632541589
0.008327931020049126
0.009249510695136513
0.006853166382117724
0.003409024868134671
0.0012071751905054242
0.00044603905094430424
0.00032083834350263583
0.0002714765966094776
0.0001680703365998223
7.006741329975094e-05
1.9489068380941052e-05
3.613235358833873e-06
4.4646561606287206e-07
3.676730994236751e-08
4.859441212401752e-07
1.9418386713495756e-06
1.1127195326266365e-05
4.2500236826875686e-05
0.00011795349500057552
0.0002593353907370178
0.000599539111252118
0.0015077043444294237
0.0031831265575338425
0.0047800008931553045
0.004857009053382701
0.0033002896473309277
0.0014956744838057708
0.00045182862049470584
9.097189883871881e-05
1.2207470401571828e-05
4.513432726500237e-05
0.00028574071853305617
0.0012349695296445195
0.0035581070283058716
0.006834230664258732
0.008758336134625866
0.007530804515493675
0.00448182552488072
0.002141795432491983
0.0011940990719630006
0.0008418419601249465
0.0006262315955680814
0.00030553755746704636
0.00010119163991305569
2.4795978705708486e-05
2.276334632665886e-05
0.0001059375067315924
0.0003821280913776068
0.0009213798293460213
0.0014807215273496138
0.0015859520506363875
0.0011321090734090105
0.0009157319048114169
0.002803537542112399
0.012285449098657713
0.0379887598244165
0.07849912008786268
0.10812274488863718
0.09926961295854232
0.060830500988683645
0.02519160942005796
0.007877612409643398
0.0032546548701318317
0.0025511867964553435
0.0019037256000107715
0.0009928896636585867
0.0005151530943093468
0.00013737618079466844
2.4418390999699014e-05
2.8927386589931704e-06
2.2839332925925363e-07
1.2018194583616217e-08
4.2147964045144005e-10
9.851344788027345e-12
1.5346027984667367e-13
1.5932282581126487e-15
1.1024059881126157e-17
5.0837791398152443e-20
1.5624759241352344e-22
4.466690965628085e-05
0.00031125262470208507
0.0014526889177466473
0.004541857372979433
0.009513566733213309
0.013351406592480741
0.012554089475930426
0.007908510596537008
0.0033374067293445355
0.0009433242776114819
0.00017855180701501462
2.262650090174118e-05
1.919141985762379e-06
2.963728985977017e-07
1.286617733646632e-08
3.735625979301778e-10
2.389711568778607e-05
0.00015514283992451065
0.0006712737545836629
0.0019357494583469041
0.003720318942702464
0.004765327452356924
0.004068055527813601
0.002314528559220634
0.0008776467800665499
0.0002217984627855859
3.7357589716085156e-05
6.5379220979991555e-06
1.895665855085967e-05
9.882111868337053e-05
0.0003490038514501026
0.0008215985950035852
0.001289054677571202
0.0013479213259549726
0.0009393756493001895
0.0004363104350291354
0.0001350620850415269
5.0212033314386826e-05
0.0001657174516048236
0.00048457657381683066
0.001782091617964036
0.004375044245723783
0.007158627751597322
0.007806545794609661
0.005673742173863244
0.002758759825058798
0.0009573911400338788
0.0005041208380207993
0.000989698092575406
0.0020669744224557384
0.003469430014581457
0.005400319326767638
0.008114183923774476
0.010122946008451962
0.00954946798243744
0.008191146943680339
0.013038393124368889
0.030670280428509014
0.05629007413610887
0.07005897481948094
0.05821436790833742
0.03224427286407339
0.01190320438819893
0.0029285825383564053
0.0009178127644810469
0.00011482866858235023
1.066923445957291e-05
8.796521762130512e-06
4.161110535962742e-05
0.00013950097818652023
0.00031322390593992535
0.00047336281034097885
0.0004983633508416419
0.00040957324778815267
0.0003351861526037112
0.0003225171856538338
0.000411250608425339
0.0008067016301050192
0.001642123501139975
0.0024743757464083605
0.0025304766951227175
0.0018767231902406577
0.00184953616037778
0.0053473516653403325
0.016435870662097642
0.03504665489159583
0.04993538388909856
0.04742670621541965
0.030022060777168156
0.012673439577445775
0.005711315116238296
0.0013114395115026685
0.0003976666691956328
0.0003793854584727261
0.0003939139239655063
0.00028359336020409025
0.00013639698308848865
4.37276008177642e-05
9.343113812180275e-06
1.3304831701515464e-06
1.262724747062511e-07
7.987107824982494e-09
3.367068494511937e-10
9.460103828866669e-12
1.7714194264150816e-13
2.2106930778309657e-15
1.8387261299933125e-17
1.0192651901906589e-19
3.7656407525107624e-22
4.9900798044235045e-06
3.582038862811202e-05
0.0001713699396202823
0.0005464123947445957
0.0011611490976127215
0.001644511761638495
0.0015522709396139321
0.0011922172901284137
0.0005722536077213963
0.00018306411101174877
3.903007903848028e-05
5.545965948724852e-06
5.252142671531211e-07
3.314953030869301e-08
1.6985087050165644e-06
1.1728778556454844e-05
5.402230971619719e-05
0.00016583511420584725
0.0003392824487499102
0.00046262366188486815
0.00042041271083536003
0.00025462754479333257
0.0001027818605500759
2.7650890076725426e-05
4.957734947742511e-06
5.924327270900201e-07
4.718199791191296e-08
2.504350785045292e-09
8.859221134389599e-11
1.6505940121975648e-05
0.00010687298451057796
0.0004611871655222052
0.0013263802183583193
0.0021410629942282904
0.0031312868131824767
0.0030520932684716027
0.0019826876489800046
0.0008584052192339794
0.00024769198071776765
4.7633565497838426e-05
6.105142197431189e-06
5.215068591007236e-07
2.2526231768115352e-07
1.2750157648604024e-06
5.53017773653411e-06
1.600013289607899e-05
3.085260575318742e-05
3.96498611142133e-05
3.3960418967076574e-05
2.4812492085853177e-05
4.863510641561318e-05
0.00021094811371985658
0.0007064244135592737
0.0015893720875081875
0.0023841982931279942
0.002383688430651513
0.0015883221479807642
0.0007053574622376413
0.0003277106648169272
7.437321375669176e-05
1.4315103113422194e-05
1.9407550380750705e-05
7.025760396677202e-05
0.00017948651070680242
0.0003059129261575247
0.00034749868394292574
0.00026308142388386185
0.00013274212136691853
4.5524278897628557e-05
1.5692517858406915e-05
2.5836502268687045e-05
6.957599474810443e-05
0.0001319820359129508
0.00016719278344838156
0.00014116662528415103
7.943815363288417e-05
2.9792560857765648e-05
7.446772365114096e-06
1.2405374225663995e-06
1.377314785272737e-07
1.0191499733879073e-08
5.026023715946764e-10
7.228378927901879e-11
3.715651040367598e-10
1.0484752497933602e-09
3.548997718509492e-09
8.006525853928127e-09
1.2038269992564101e-08
1.2063285232631754e-08
8.056541753662274e-09
3.5860246942214885e-09
1.063798657156088e-09
2.1032318403725108e-10
2.7713820904813324e-11
2.4338130337468354e-12
1.4244905325524151e-13
5.556655469959521e-15
2.784317559955124e-08
0.00021312169801431598
0.0015550216408469495
0.0075620494873416015
0.024509526038759437
0.05294451232424179
0.07622478634037368
0.07314076634213024
0.046774571125004535
0.019936379223868556
0.0056632821904678875
0.001072197906397735
0.00013940392337847868
4.50974172918628e-05
0.0001181042013877438
0.0005033286904998353
0.0014506049200292488
0.00278670637974575
0.0035679228036699247
0.0030445368932627936
0.0017314445241188772
0.0006562623199739713
0.00016577838556059083
2.7910003475364245e-05
3.1316514781793135e-06
2.3419008510281606e-07
1.167199609599255e-08
3.87706704339633e-10
8.583077552348835e-12
1.712469831960529e-07
1.0921812102510819e-06
4.642461816145717e-06
1.3151749513213977e-05
2.4831346221687807e-05
3.1246296536892405e-05
2.6204651176524976e-05
1.4646699252418424e-05
5.579822853914767e-06
2.7045120145734848e-06
2.6514441787616373e-06
7.411119284818537e-06
1.6304512137301455e-05
2.4558721734726607e-05
2.626024970444638e-05
2.2124852354694326e-05
1.6972969234551423e-05
1.2099313323838944e-05
7.003555030078145e-06
2.9219440018278826e-06
8.335844166251254e-07
1.5974084443777547e-07
2.0449522879599132e-08
2.9441136811375506e-08
1.9383989365233488e-07
9.032754129107613e-07
2.8067119782522208e-06
5.812444759663288e-06
8.022346047587165e-06
7.379475461019442e-06
4.5240890261727255e-06
2.2722132658676978e-06
3.2640683933735663e-06
1.2079242980186431e-05
3.4704526315794975e-05
5.623872354282505e-05
8.276129001458838e-05
8.117380273607347e-05
5.3062379280350854e-05
2.3117407163535214e-05
6.712326515547683e-06
1.298938455610175e-06
1.675273130212063e-07
1.4400057275726893e-08
8.249438026858311e-10
3.149677276971786e-11
8.014737419120502e-13
1.3592335566572236e-14
1.5363155466046e-16
1.1573062835776973e-18
5.810289141911829e-21
1.9441453332252003e-23
4.3355206339952984e-26
6.443700345324543e-29
6.382795977783715e-32
4.213743907236844e-35
1.853987751591009e-38
5.436596884374528e-42
1.0625000308928594e-45
0.0
4.605279561801609e-05
0.0002106883437120428
0.0014701734116283267
0.006850706771159242
0.021295912839690404
0.04431064672337738
0.062096310559956555
0.05946646537290947
0.04014800287680031
0.020195206974489677
0.008082906766460752
0.002689504648619252
0.0009013547357624005
0.0006920196902505686
0.0009531903114464284
0.001140627891448016
0.0014314014766788606
0.002558334458122164
0.004610262456129269
0.006097694560036345
0.005463736870819408
0.003271316049094738
0.0013175614437558971
0.0004391979949968777
0.0005431632037969785
0.0016921469356757158
0.003947324510898388
0.005583297840767897
0.006896592213064642
0.00640954920311325
0.005630527960377102
0.005539552636262951
0.005066018538071173
0.003456462685918555
0.001628662065453067
0.0005647524959067954
0.00027457795822229624
0.0003420017474925844
0.0004269064124159796
0.00038024023078114496
0.0002714554445607319
0.00037419602100350127
0.00130477517411488
0.005430276883626333
0.017637216959948392
0.03971051779596292
0.06014854026982371
0.06085242732393851
0.04105526233770918
0.01848130948394389
0.005612034343756325
0.0012961853089309293
0.0005758198447482993
0.0003752624899896921
0.00034144151398354117
0.0004018012649819282
0.0006879931733814815
0.0011234841464704242
0.001619749595449158
0.0025584145690817272
0.004302933735020604
0.005892260071807976
0.005679575451567004
0.0037230084986079343
0.0017730575906577373
0.0010200297306029744
0.0013787638159363672
0.002294969579463958
0.0032815197348756253
0.003821230826067575
0.003399361250377994
0.0021665186489891065
0.0009509118112062509
0.00028202225906541934
5.605880644006298e-05
7.443285565916783e-06
6.592629153504022e-07
3.893056268729787e-08
4.712492439927382e-09
1.8724936871530537e-06
2.7533563371498055e-05
0.0001807627161417858
0.0008108894892386547
0.002484254201695155
0.005189051441672252
0.007371767855014239
0.007102457357421093
0.004627530228620702
0.0020335624322860408
0.0006014409076414811
0.00011952518440732522
2.2235949298244017e-05
4.536570597387792e-05
0.00020462588491291467
0.0006518709923910334
0.001452724576359527
0.0025704090331596452
0.004415112142268441
0.0076507744985765515
0.011064687578787992
0.011507201566878882
0.008147599981793388
0.0038802796951467717
0.0013053546052306845
0.0006445319818335011
0.0005552682259312652
0.0008198557309622964
0.000913382485835112
0.000691135096977412
0.0003708712162435036
0.00017746811214114589
0.00011347157706377156
8.4298570240257e-05
7.186152398674894e-05
0.0001698601573182492
0.0006701000700040665
0.0019638333143985006
0.0038628885279979857
0.0050662694849457415
0.004428506924427315
0.002579934082397058
0.0010017087835135403
0.0002592124785557349
4.470456526953036e-05
5.138417585395722e-06
3.9363024713780364e-07
1.175575039965023e-06
7.533819277039145e-06
3.273192687367158e-05
6.956689607388117e-05
0.00015401117860658816
0.0002290943279162884
0.00023878749743943848
0.00021254882991325315
0.0002444453102309386
0.0003434753764142667
0.0003924461482044848
0.00031051554449489186
0.00016479602649621992
5.835038824670568e-05
1.3771953515632895e-05
2.1664104916016633e-06
2.2712734253576747e-07
1.5870110390849508e-08
7.39047026984552e-10
2.2937482866318283e-11
4.744615132061589e-13
6.540903930041478e-15
6.009745756902975e-17
3.680069128259789e-19
1.8159082442207615e-07
1.377007180551252e-06
6.959211856221959e-06
2.3440423762593286e-05
5.262018951445862e-05
7.20075278036733e-05
8.219916961316084e-05
6.25547420774449e-05
3.1866312848135435e-05
1.1649133821476956e-05
6.1186474659602845e-06
1.0165564877963692e-05
1.7323084248948526e-05
3.1903949740990594e-05
0.00011706573774368817
0.0005969147929473231
0.002285627426170366
0.0059008782252587405
0.010164000627936765
0.011669040102093025
0.008928752738951365
0.004553321725618971
0.001547559858864096
0.0003505485103971164
5.292128051306372e-05
1.41290940054802e-05
7.853783854222457e-05
0.0004626967296492414
0.001824923087389555
0.0047972130039945745
0.008421214256686755
0.009808821596641017
0.008982852417829772
0.006148634809346192
0.004325310287407007
0.004290424290561936
0.0046787150282342664
0.0043600934603025745
0.003346324884870838
0.002518213475299466
0.0028161519524775073
0.004080000469950733
0.004832714157077043
0.003981256000707008
0.0022270311180238992
0.0009541314774954689
0.0007518189902613243
0.0014937099126063403
0.0025873229895523827
0.0030464600841400434
0.002408743559563405
0.0013505833737079205
0.0008533475233757404
0.0012893828812294587
0.0022763803419183046
0.0028695563564160335
0.002425383269697237
0.0017317888209469003
0.000747342976037213
0.00021910529683811527
4.799445129417784e-05
1.6352269213852215e-05
3.9119619401471136e-05
0.0001681407220807985
0.0005324734178807075
0.0011344052024126225
0.0016123529899337242
0.001527518590420873
0.0009644978003733803
0.00040588073699003655
0.00011383539334260729
2.1278340308092787e-05
2.6508169492694984e-06
2.2009150277565939e-07
1.217890831340372e-08
4.4915371319678897e-10
1.1039850085634995e-11
1.8084766499618e-13
1.9744411046012856e-15
1.436669956401218e-17
6.967089414848172e-20
2.25178699616716e-22
1.930168387760137e-08
1.786394999576554e-07
1.1018978571796613e-06
4.529880348748943e-06
1.2411197062002533e-05
2.2889902539572427e-05
2.9204605555024466e-05
3.0120970227313465e-05
3.675049765205027e-05
5.6641229547855627e-05
7.493483723282151e-05
6.976041510294378e-05
4.3703089670838265e-05
1.8277444275205662e-05
5.0959202350610885e-06
2.454395252125315e-06
1.1550811703303565e-05
5.7806497489472776e-05
0.00019471984016601696
0.0004372156312056564
0.0006542803144726952
0.0006525496996691277
0.00043375538846985565
0.00019215766822875297
5.682893041146854e-05
1.1782816935783154e-05
4.7512152731305305e-06
7.732761805699851e-05
0.0005544656654599471
0.002763305828268103
0.00928715685238507
0.02087562214304451
0.03130593141349851
0.0312987885291419
0.020873063170169143
0.009374560666749451
0.003251511440684123
0.002095414411558661
0.0032317300388322737
0.004289126311211956
0.003868356544236875
0.002328188453243192
0.000935621199483148
0.0002623022524673752
0.00010810298862036641
0.00021928020916601155
0.0004802299386599063
0.0007170183236635441
0.0007140768265527873
0.0004739730056894998
0.00021023058189004052
6.621939740979332e-05
3.579808670806037e-05
5.931810528489214e-05
0.00015047268982553395
0.00026812247148762475
0.0003190560984435416
0.0002539872622290903
0.000141515161423136
9.02193350840946e-05
0.00017140613768109914
0.0004009605860314614
0.0006654658963728871
0.0007420955870176296
0.0005541041417339194
0.00027697589231095467
9.268451080270239e-05
2.0762093771285115e-05
3.1131632800186096e-06
3.124294402471542e-07
2.0982632055907945e-08
9.428718840170577e-10
2.214335683951674e-06
1.9741758626196696e-05
0.00011730466907649653
0.0004645434279504069
0.0012260861164524706
0.0018690747396635503
0.0025109785267607475
0.0022638090998687416
0.0014468325300931123
0.0009342284032528574
0.001138782254118439
0.0016810280817493404
0.0018401128660265145
0.0013611414093735504
0.0006729994323862847
0.00022393982473134806
7.902102918636206e-05
0.00020894959771254414
0.0010731378992729762
0.004116466124070569
0.01172953928534523
0.025273061548260933
0.04184888308690141
0.05277169338143489
0.04908772269549989
0.03268528300668104
0.015641880158750558
0.0059356950023152074
0.002263348224818695
0.0009537457954782244
0.00036645163932837296
0.00020485148230491254
0.000274234249347404
0.0007468578533858834
0.0015159974094738906
0.002068019473982099
0.0019090378135145564
0.0012571910404498038
0.0007096468482690318
0.00045466605022456057
0.00030979215574981466
0.00016856512101306876
6.393751019787691e-05
1.6320500991105917e-05
2.782093834370968e-06
3.162093868334492e-07
2.3955110937739846e-08
1.209517483889826e-09
4.070149854511438e-11
1.9052291298620527e-07
2.0028489122171535e-06
1.2366828861133859e-05
5.7434367494471776e-05
0.00019764065262724607
0.000499223312277154
0.0009201170572267642
0.0012551904912629951
0.0013349703302974762
0.0012598387051644209
0.0011475230883711321
0.0011516589230392395
0.0011591807399039895
0.0010188404029954099
0.0008337242658564382
0.0007348066647222982
0.0006668305936832649
0.0006891172819049269
0.0010544504115951754
0.0017259689379345384
0.0021252794404008823
0.001804155034349661
0.0010875031162616282
0.0005640117422091276
0.00036883764602976707
0.0003107695632391812
0.00025811810326502
0.00018864889561537947
0.00011162680749456239
4.902101040419701e-05
1.6172220975720127e-05
1.032273825485226e-05
2.8566561240967018e-05
5.5676458309942914e-05
0.00011006964091666027
0.00014592341365347172
0.00013530172705549334
0.0001232383748538522
0.00023945944726720504
0.0006294564405447369
0.0012555381855485171
0.0017266827699135975
0.0016247573959003135
0.0010613547925147977
0.0005774900230247107
0.0005947961509382497
0.0011608617073821151
0.00186309543789867
0.002032295829850235
0.0014798884172157324
0.000718309262041279
0.00023254194621425705
5.12728397999614e-05
1.2543590671812226e-05
1.6912104214296437e-05
3.286122934611532e-05
4.424668344520342e-05
3.975620722866692e-05
9.04791315188034e-05
0.00026014093412656306
0.0012555344665081672
0.004232652861791443
0.00953754548550796
0.014325764242998931
0.014341426219873924
0.009570079200377307
0.004264027441053346
0.0012943173840035387
0.00033649308012601774
0.00021346604242253314
0.0003122596428753843
0.0004264365958996834
0.0004388349186652077
0.00031802859405256515
0.00015721051158275844
5.227672082027029e-05
1.1627706262983347e-05
1.726129118884097e-06
1.7087189676858464e-07
1.1275631935174212e-08
4.959386279112919e-10
1.3070523232329666e-05
9.645492122630853e-05
0.00047699944370459474
0.0015815155259737872
0.0028166766656764256
0.00480058606209864
0.005490952395276233
0.004215996556987432
0.0021732649610115835
0.0007521421918443389
0.00017475533927558198
2.7253845811749295e-05
2.8521679373279513e-06
2.002263510616468e-07
9.425152864957824e-09
2.9735838603269326e-10
6.284772042931418e-12
8.894180637541193e-14
8.424065481444766e-16
6.023691940838414e-07
3.834740719302974e-06
1.6270121829283893e-05
4.600734301967166e-05
8.6705181001171e-05
0.00010890416602732293
9.116444370694733e-05
5.116091255727061e-05
2.0986045577723716e-05
1.4259695073786883e-05
3.0219575068179772e-05
4.9894587943894166e-05
7.776575237241342e-05
8.105072848544485e-05
7.408995430013725e-05
0.00015842080909945122
0.0006646147078732091
0.0021724877470983657
0.004783820898596875
0.007025303320210184
0.006876301458562787
0.004485670936254475
0.0019502106887858731
0.0005650894591501342
0.00010912755592793902
1.4045370479006338e-05
1.2047960027205182e-06
6.887718430725003e-08
2.6243321446963297e-09
1.980091577006379e-06
1.2903580309813424e-05
5.604427701348843e-05
0.00016223102003873926
0.000313165830603306
0.00040399612345862695
0.0003537701671150446
0.00027098150899564137
0.00017360155995708852
0.0001572851567203582
0.00016760663339810073
0.00013900928265008693
7.894309405037401e-05
3.0017944760110616e-05
7.6165346429276975e-06
2.2515185963522796e-05
0.0001789536193282739
0.0010038937736157154
0.0037563008439580057
0.009367401487355135
0.015568956716377978
0.017245724223273088
0.01273165644489698
0.006264262281364487
0.00205417057300441
0.00044893619565305304
6.539044437065722e-05
6.360111795840752e-06
4.884656420080679e-07
3.4601196667745435e-07
9.37271018530997e-07
1.8318405515160502e-06
2.671969495649622e-06
3.2017291118766855e-06
4.367313912539092e-06
5.8661784313367295e-06
6.2649896618053875e-06
4.703727437791089e-06
2.3865985521008617e-06
8.098487103337193e-07
1.8330810535399852e-07
1.1868858905845068e-06
1.0870975019223194e-05
6.790924783708308e-05
0.00028280016345207576
0.000784897791466889
0.0014518712944582635
0.001789883146212124
0.0014706854012775418
0.000805807822306746
0.0002967867088255505
8.280774553071893e-05
5.791317380177928e-05
0.0001796187884759288
0.0006914493518419915
0.0021367820873985253
0.0046429217064082404
0.006824554997911068
0.006717171301576435
0.005311096015743225
0.0026652690150268965
0.0008924401414535011
0.00020026496248459766
3.184920488843023e-05
7.3135532802783466e-06
1.0711654060927404e-05
2.2448305895269895e-05
3.424882189539665e-05
3.532684901967402e-05
2.434909540205146e-05
1.1190580949988556e-05
3.428016461125989e-06
6.998773068587997e-07
9.523219738080741e-08
8.636295489873503e-09
5.219786922145463e-10
2.1026142976859994e-11
5.644792750248016e-13
4.154086411060425e-06
3.0434501885605585e-05
0.00014860670994479674
0.0004836065659018653
0.001048884109994523
0.0015161576859242273
0.0015471169436206572
0.0011372150235821157
0.0005571140533653457
0.00018190215163295986
3.960484946829114e-05
5.815575203806849e-06
7.152261937132578e-07
2.635618453169622e-07
2.1720141410593161e-07
1.3611190752187916e-07
5.721584959517269e-08
1.6034145657187777e-08
2.9947642372296377e-09
3.727874324911723e-10
3.1514388321289708e-06
2.6703285230997456e-05
0.00014551023454037227
0.000559221683387
0.001542437850656689
0.0030847869833996984
0.004463963035803605
0.004612395699815401
0.0033423217321308075
0.0016708507245520282
0.0005692141458684396
0.00013109169591180307
3.952715148925128e-05
4.6946085908365415e-06
1.1093925909223447e-06
5.02240080265168e-06
2.2671411594965732e-05
6.84741299702489e-05
0.00013783815306284966
0.00019870017916478542
0.0002803311756037522
0.0007396841742738783
0.002423681843993017
0.005945633018770413
0.009942069627800988
0.011334942041403881
0.00901572034761551
0.005218761866211335
0.002319541641788328
0.0008181771376122791
0.00024109945598450768
0.00014464146274526231
0.00041020806697763705
0.001137421432176213
0.002187859631086346
0.0028505491891401055
0.0024986538654923735
0.0014677844599704525
0.0008232843742313497
0.0002470489376786078
4.9471195144744535e-05
6.61344850113952e-06
6.452836863699788e-07
3.8507621766017594e-07
1.4380973976436326e-06
3.948647200477846e-06
7.309869526114067e-06
9.22048321889096e-06
8.102779955685816e-06
5.178845835293731e-06
2.6790794363013276e-06
1.5653947697896459e-06
1.4721983938109047e-06
1.5274887260170092e-06
1.1944749560402266e-06
6.367661119402359e-07
2.2716356922517162e-07
5.4051327944104485e-08
8.572686924570781e-09
9.061930023207402e-10
6.384225136634257e-11
2.9976274013982133e-12
9.380559317143208e-14
1.95641679043833e-15
1.183179604888539e-16
1.070410960696941e-07
9.146556869138944e-07
5.266277587656584e-06
2.6701955759681905e-05
9.658846449034971e-05
0.00029531485312776936
0.0007442859290578919
0.0014326678565194622
0.0019808183233308127
0.0019069800691890498
0.0012643058451116446
0.000588166366611909
0.00026775763636989653
0.00037391499861954175
0.0008358954244151967
0.0013740425209984213
0.0015705323548193648
0.0015462481104945938
0.002395264990583715
0.0053318857217981895
0.009703229525555421
0.012324182848021824
0.010747269747841928
0.006462215645237024
0.0037606611128913146
0.0012529444175314922
0.0003201905800108008
8.448315313203895e-05
3.4672639161429786e-05
2.2490970825834182e-05
1.867424098948675e-05
1.5315808658389554e-05
1.7106342878151234e-05
3.930594054273877e-05
9.135721172804907e-05
0.00015021728281956593
0.00016817331944152798
0.00013832847725104186
0.00014635806811769133
0.0003553477252922326
0.000893180658540558
0.0015766990087945152
0.0018655521282833411
0.0014732727597387813
0.0007762606929507611
0.0002728738547542707
6.399429467278807e-05
1.0012477303764194e-05
1.0451007666675185e-06
7.277559108965862e-08
9.837253796149243e-09
3.4890380848558674e-10
4.418309389129301e-08
2.855017965258999e-07
1.2297699348360864e-06
3.5303734033380884e-06
6.754589531891079e-06
1.7440399723672896e-05
7.200604042933351e-05
0.0003237433494199958
0.0010596413722640848
0.002390381083289998
0.003792122061040247
0.004454225514070448
0.004131092709881723
0.0031145965352278367
0.0018426685489355045
0.0008111565717886728
0.00027557211868060866
0.0001053073553815003
6.722200816092106e-05
4.431971671688791e-05
2.1119763692327295e-05
6.781907377058543e-06
1.453500085945696e-06
2.3716552576859568e-07
1.7206017086839075e-07
8.080050601651452e-07
3.4047858938407848e-06
9.600172694025299e-06
1.825920291636808e-05
2.4417682852267254e-05
2.9009808771139337e-05
4.817744157604414e-05
9.715856862624268e-05
0.00015509320839065207
0.00017120366532798328
0.00013250731477590982
8.610817375402446e-05
7.065468739027371e-05
7.190358741910471e-05
6.0443302763081245e-05
3.533465980424079e-05
1.3940162759789147e-05
4.196497257947664e-06
3.5896946379371785e-06
1.0685514074551814e-05
2.6479559288951647e-05
5.1319328824324135e-05
9.589353796717733e-05
0.0002482731576321133
0.0005137079814554308
0.0012967102009229143
0.0023098421651937965
0.002774470143172867
0.0022264887721235474
0.0011916877265347003
0.00042733256644978274
0.0001149671654866254
7.994988325382205e-05
0.0002189072209394482
0.0005647863123690683
0.0011132267447519029
0.0016385515618109444
0.0017691949418749226
0.001377095470712232
0.0007641296696374973
0.00030659179078062907
9.717993121182683e-05
2.9641860236462707e-05
9.869729152740036e-06
3.6300546220559234e-06
1.829688427690446e-06
6.24353963930144e-06
3.665750467654273e-05
0.0001701523024497784
0.0005336690402478409
0.0009133262386744593
0.0014583174990960657
0.0015519095867987274
0.0011006850769577229
0.0005202853917153415
0.00016812444894060978
6.149796433738094e-05
0.00012077691012856305
0.00033148363896053095
0.0006303363550303161
0.0008011122307885606
0.0006807260956287326
0.0003879141543222914
0.00014986379438897214
4.5269169930681305e-05
4.18020256152511e-05
0.00013107099280037067
0.0003256709277536948
0.0005455782331816759
0.0006255741446093745
0.0005692111193661372
0.0006680231040600764
0.001164495188185508
0.001802894074144747
0.002017215014356071
0.0017692137849202542
0.0016553592377383482
0.0018709484152128661
0.0021840743961806645
0.001960582397411587
0.0012371801118651758
0.0005697139786216142
0.0002849565937738131
0.0003190913856858482
0.00045734682747580865
0.0004961219955587898
0.00037254573932069733
0.000192318591116108
8.035100534431385e-05
9.933042057372975e-05
0.00040359702336996406
0.0013143354708644744
0.0028981783915239595
0.0043370723796695996
0.004670348323323712
0.004298310337743153
0.0042531553502621125
0.004247720146276958
0.003362696632722995
0.001862558991178911
0.0006961657880944043
0.00028960034959547816
5.89555108165063e-05
1.7921522262928905e-05
2.0939755062357996e-05
2.536967054809862e-05
2.1457939059375105e-05
1.363131783801701e-05
9.282972374687226e-06
9.055014971554511e-06
8.892754028476138e-06
7.76874289660505e-06
1.728321895663709e-05
6.852475978162768e-05
0.0002522961840327173
0.0006953621616646755
0.0013473580881111843
0.001806023585470312
0.0017112321964091659
0.0013442588517531915
0.001392798756913153
0.0021000166265375472
0.0029374463583997684
0.0034594963781353154
0.0041036079585752274
0.0050980720460348595
0.005396110652946872
0.004736025339261945
0.002906808455346285
0.0012596706672650404
0.0004121135735694934
0.00013558366036061856
8.273164773440323e-05
0.0001230397213084682
0.00031052065981682753
0.0007150107601957418
0.0011687172309000266
0.0013119144608491166
0.0010904583884613188
0.0009209871472208543
0.0011117455682768081
0.0014356665107523564
0.001445679364850471
0.0010391774597943199
0.0005214752758491663
0.00018055383540630334
4.272769501385986e-05
6.85888520068323e-06
1.6957398094072956e-06
8.664798353688158e-06
5.185016089391178e-05
0.00020806323867500825
0.0005566181791913784
0.0008564434965001843
0.0011680447079959982
0.0010727861063033607
0.0006885146689776104
0.000354833290289902
0.00019452402231169403
0.00011946697634935031
6.236070187911783e-05
2.317941951285909e-05
5.827734529939286e-06
9.795905978218665e-07
1.1391184251676583e-07
4.2151602744650134e-08
1.878301064997855e-07
6.896692918893312e-07
1.6913248824503099e-06
2.764414254849846e-06
3.011347212903701e-06
2.1862513543798795e-06
1.7702210277293688e-06
6.338123510978933e-06
3.37196193145891e-05
0.00012582272441304205
0.0003135387823953305
0.0005207610870645553
0.0005764592533431457
0.0004923690066771307
0.0002771661527063451
0.00010408023583305311
2.6575225479197002e-05
1.0379795971251033e-05
3.14580254864484e-05
0.0001170164197639919
0.0003106275776403704
0.00056627925865108
0.0006999881478409581
0.0005826365725141368
0.0003252205139936314
0.00012144106757261248
3.029117198478497e-05
5.042425113293297e-06
5.598867752560212e-07
4.145304037759308e-08
2.04607986009682e-09
6.732051670857372e-11
1.4763867285910482e-12
2.1580531872607733e-14
2.1024339705598283e-16
1.3651303737233545e-18
5.907632055164053e-21
1.703875632010538e-23
2.755643182471785e-25
4.041597934997784e-28
3.950624028261257e-31
2.5737146524454173e-34
1.1174728197699086e-37
3.233663634726245e-41
6.236415023102639e-45
0.0
0.0
0.0
0.0
0.0
0.0
0.0
0.0
0.0
0.0
0.0
0.0
0.0
0.0
0.0
0.0
0.0
0.0
0.0
0.0
0.0
0.0
0.0
0.0
0.0
0.0
0.0
0.0
0.0
0.0
0.0
0.0
0.0
0.0
0.0
0.0
0.0
0.0
0.0
0.0
0.0
0.0
0.0
0.0
0.0
0.0
0.0
0.0
0.0
0.0
0.0
0.0
0.0
0.0
0.0
0.0
0.0
0.0
0.0
0.0
0.0
0.0
0.0
0.0
0.0
0.0
0.0
0.0
0.0
0.0
0.0
0.0
0.0
0.0
0.0
0.0
0.0
0.0
0.0
0.0
0.0
0.0
0.0
0.0
0.0
0.0
0.0
0.0
0.0
0.0
0.0
0.0
0.0
0.0
0.0
0.0
0.0
0.0
0.0
0.0
0.0
0.0
0.0
0.0
0.0
0.0
0.0
0.0
0.0
0.0
0.0
0.0
0.0
0.0
0.0
0.0
0.0
0.0
0.0
0.0
0.0
0.0
0.0
0.0
0.0
0.0
0.0
0.0
0.0
0.0
0.0
0.0
0.0
0.0
0.0
0.0
0.0
0.0
0.0
0.0
0.0
0.0
0.0
0.0
0.0
0.0
0.0
0.0
0.0
0.0
0.0
0.0
0.0
0.0
0.0
0.0
0.0
0.0
0.0
0.0
0.0
0.0
0.0
0.0
0.0
0.0
0.0
0.0
0.0
0.0
0.0
0.0
0.0
0.0
0.0
0.0
0.0
0.0
0.0
0.0
0.0
0.0
0.0
0.0
0.0
0.0
0.0
0.0
0.0
0.0
0.0
0.0
0.0
0.0
0.0
0.0
0.0
0.0
0.0
0.0
0.0
0.0
0.0
0.0
0.0
0.0
0.0
0.0
0.0
0.0
0.0
0.0
0.0
0.0
0.0
0.0
0.0
0.0
0.0
0.0
0.0
0.0
0.0
0.0
0.0
0.0
0.0
0.0
0.0
0.0
0.0
0.0
0.0
0.0
0.0
0.0
0.0
0.0
0.0
0.0
0.0
0.0
0.0
0.0
0.0
0.0
0.0
0.0
0.0
0.0
0.0
0.0
0.0
0.0
0.0
0.0
0.0
0.0
0.0
0.0
0.0
0.0
0.0
0.0
0.0
0.0
0.0
0.0
0.0
0.0
0.0
0.0
0.0
0.0
0.0
0.0
0.0
0.0
0.0
0.0
0.0
0.0
0.0
0.0
0.0
0.0
0.0
0.0
0.0
0.0
0.0
0.0
0.0
0.0
0.0
0.0
0.0
0.0
0.0
0.0
0.0
0.0
0.0
0.0
0.0
0.0
0.0
0.0
0.0
0.0
0.0
0.0
0.0
0.0
