a = 9.152256958862129 b = 5.080866592568874 c = 10.015436161485493 ,Gaussian ,LMH = 0.08 ,DW = [1.7 1.7 1.7]
0.0
0.0
0.0
0.0
0.0
0.0
0.0
0.0
0.0
0.0
0.0
0.0
0.0
0.0
0.0
0.0
0.0
0.0
0.0
0.0
0.0
0.0
0.0
0.0
0.0
0.0
0.0
0.0
0.0
0.0
0.0
0.0
0.0
0.0
0.0
0.0
0.0
0.0
0.0
0.0
0.0
0.0
0.0
0.0
0.0
0.0
0.0
0.0
0.0
0.0
0.0
0.0
0.0
0.0
0.0
0.0
0.0
0.0
0.0
0.0
0.0
0.0
0.0
0.0
0.0
0.0
0.0
0.0
0.0
0.0
0.0
0.0
0.0
0.0
0.0
0.0
0.0
0.0
0.0
0.0
0.0
0.0
0.0
0.0
0.0
0.0
0.0
0.0
0.0
0.0
0.0
0.0
0.0
0.0
0.0
0.0
0.0
0.0
0.0
0.0
0.0
0.0
0.0
0.0
0.0
0.0
0.0
0.0
0.0
0.0
0.0
0.0
0.0
0.0
0.0
0.0
0.0
0.0
0.0
0.0
0.0
0.0
0.0
0.0
0.0
0.0
0.0
0.0
0.0
0.0
0.0
0.0
0.0
0.0
0.0
0.0
0.0
0.0
0.0
0.0
0.0
0.0
0.0
0.0
0.0
0.0
0.0
0.0
0.0
0.0
0.0
0.0
0.0
0.0
0.0
0.0
0.0
0.0
1.353071874206136e-34
1.2074757259219343e-33
7.181538601711831e-33
2.846676641711258e-32
7.520389329708853e-32
1.3241099818059608e-31
1.5537793405156125e-31
1.2151675791912457e-31
6.333803030664603e-32
2.2002624202527688e-32
8.678579106270964e-33
1.5330669969835683e-33
1.8049085021071066e-34
1.4162202343670616e-35
7.406072304771758e-37
2.581229670134201e-38
5.99579668207797e-40
9.282152399535153e-42
9.577056288885343e-44
6.585624031437876e-46
3.018167757095812e-48
9.218735725177173e-51
1.876639716275759e-53
2.546079672543944e-56
2.3022083463714832e-59
1.387390788633502e-62
5.572300613254474e-66
1.4915980834371506e-69
0.0
4.382871640929638e-34
2.87444122818423e-33
1.2564050201021915e-32
3.6600535607667773e-32
7.106025586218902e-32
9.194913353927352e-32
7.929577782667188e-32
5.734372117044671e-32
2.5147271733228504e-32
7.349832225850805e-33
1.431678571327134e-33
1.8586395403003617e-34
1.6081493054232379e-35
9.273402521177524e-37
3.5639647755991466e-38
9.128706477745699e-40
1.558355834566185e-41
1.772987067498263e-43
1.3443924115277774e-45
6.794039777436603e-48
2.2882931800173647e-50
5.136612395122958e-53
7.684639040275163e-56
7.662168499848956e-59
5.091684345913983e-62
2.2550324413028185e-65
6.656189293507356e-69
1.3094233543800283e-72
0.0
0.0
0.0
0.0
0.0
0.0
0.0
0.0
0.0
0.0
0.0
0.0
0.0
0.0
0.0
0.0
0.0
0.0
0.0
0.0
0.0
0.0
0.0
0.0
0.0
0.0
0.0
0.0
0.0
0.0
0.0
0.0
0.0
0.0
0.0
0.0
0.0
0.0
0.0
0.0
0.0
0.0
0.0
0.0
0.0
0.0
0.0
0.0
0.0
0.0
0.0
0.0
0.0
0.0
0.0
0.0
0.0
0.0
0.0
0.0
0.0
0.0
0.0
0.0
0.0
0.0
0.0
0.0
0.0
0.0
2.942307640561879e-09
2.532810958916569e-08
1.4531117745892185e-07
5.556186505305292e-07
1.4159116560898602e-06
2.4047893882314643e-06
2.722071226108855e-06
2.0535414390326086e-06
1.032497492082037e-06
3.4598405789901036e-07
7.726889806565863e-08
2.2702377072248524e-08
2.578235261907184e-09
1.9514404509325785e-10
9.843954793097233e-12
3.309523477318166e-13
7.415541506849747e-15
1.1073931229215388e-16
1.102154104612394e-18
7.310791038215538e-21
3.2319748112980003e-23
9.52254672219132e-26
1.8699061293322712e-28
2.447192011870466e-31
2.1345082401690444e-34
1.2408211093707611e-37
4.807309230058625e-41
1.2412992498674407e-44
0.0
0.0
0.0
0.0
0.0
0.0
0.0
1.2506581085040395e-06
1.101128200301799e-05
3.747470879072512e-05
0.00016777997644723525
0.0005006376874042898
0.0009956082769346922
0.0013195778146892479
0.0011656362915509904
0.0006862346828477808
0.00026925502392981064
7.041035193830306e-05
1.2271305352656773e-05
1.4253665381014905e-06
1.1034277539985085e-07
5.693021131385983e-09
1.9575967552231245e-10
4.4862681187310265e-12
6.852179991141535e-14
6.975154755335098e-16
4.732171558550962e-18
2.1396791887897334e-20
6.447901469734319e-23
1.2949997076758652e-25
1.7334147851403542e-28
1.546382302951385e-31
9.194175586384936e-35
3.6432608269373126e-38
9.621643980537369e-42
0.0
0.0
0.0
0.0
0.0
0.0
0.0
0.0
0.0
0.0
0.0
0.0
0.0
0.0
0.0
0.0
0.0
0.0
0.0
0.0
0.0
0.0
0.0
0.0
0.0
0.0
0.0
0.0
0.0
0.0
0.0
0.0
0.0
0.0
0.0
0.0
0.0
0.0
0.0
0.0
0.0
0.0
0.0
0.0
0.0
0.0
0.0
0.0
0.0
0.0
0.0
0.0
0.0
0.0
0.0
0.0
0.0
0.0
0.0
0.0
0.0
0.0
0.0
0.0
0.0
0.0
0.0
0.0
0.0
0.0
0.0
0.0
0.0
0.0
0.0
0.0
0.0
0.0
0.0
0.0
0.0
0.0
0.0
0.0
0.0
0.0
0.0
0.0
0.0
0.0
0.0
0.0
0.0
0.0
0.0
0.0
0.0
0.0
0.0
0.0
0.0
1.5491794502056886e-34
1.014418123929945e-33
2.8339664741096463e-33
9.436535128335312e-33
2.094170135146309e-32
3.097368739959225e-32
3.053201086281897e-32
2.0058546227521742e-32
8.782639311455253e-33
2.562903116633716e-33
0.0008501953679027177
0.007617487348464964
0.04548689548324214
0.1810266023830053
0.4801534481929761
0.8487880409938448
1.0
0.7852036256074926
0.410909460886464
0.1433149621496912
0.033313362768991966
0.0051609180518261315
0.0005328647604666412
3.6668115082841106e-05
1.6816736498979396e-06
5.1401571993168416e-08
1.0471107807854771e-09
6.234059998428889e-11
6.457877283099731e-13
4.458514120842826e-15
2.051502512111445e-17
6.291229205700865e-20
1.2858209899144202e-22
1.7514875805845194e-25
1.5900660377653416e-28
9.620658725875268e-32
3.8795022220263127e-35
1.0426264757733401e-38
0.0
0.0
0.0
0.0
0.0
0.0
0.0
0.0
0.0
0.0
0.0
0.0
0.0
0.0
0.0
0.0
0.0
0.0
0.0
0.0
0.0
0.0
0.0
0.0
0.0
0.0
0.0
0.0
0.0
0.0001165491854283897
0.0010619804975774885
0.006449193213995612
0.026102120095104583
0.0704089271562532
0.12657925759804062
0.1516651330333588
0.12112695695935723
0.06452638760650826
0.02304523682707319
0.005714922650249059
0.001201714626066683
0.0005011931986069671
0.00018966319761753536
6.728740131537031e-05
1.695923543507861e-05
2.8756107411113335e-06
3.2539278198156233e-07
2.454411117451031e-08
0.0008490222079753094
0.006218840775685693
0.03035861805369979
0.09877251453655572
0.21417647680461482
0.3095201864995476
0.29811768137049766
0.19136743658729655
0.08187096176743823
0.023343893500872168
0.00443606848643193
0.0005618297597579675
4.742341070324985e-05
2.6678559671224314e-06
1.0002614259619615e-07
2.499460116310527e-09
4.16255945258347e-11
4.620151703860024e-13
1.8349361371748635e-14
1.0356650498813384e-16
3.895823164429571e-19
9.766989003689546e-22
1.6319382065889511e-24
1.8173068757091714e-27
1.3487590677985021e-30
6.786787711041564e-34
1.0349177417201126e-34
6.164219585308239e-34
2.4521992994810806e-33
6.501521593218857e-33
1.1488300918770103e-32
1.352938776900176e-32
1.0709777208251508e-32
6.198303633360576e-33
4.9756242788340007e-33
1.0015247798612996e-32
2.0134678836039653e-32
2.805908483378118e-32
2.6138159313600385e-32
1.623130880357726e-32
6.71770113777273e-33
1.8529763900838372e-33
3.4064394946449104e-34
4.1736211454440753e-35
8.217797728482132e-36
5.120004852873916e-37
2.126017553739278e-38
5.883623414243775e-40
1.0851866374023544e-41
1.3339684415284182e-43
1.0928692879605625e-45
5.967225304994979e-48
2.1714918233162166e-50
5.266541480067494e-53
9.731253929425456e-09
6.295161134025545e-08
2.7141037488928973e-07
7.798796480316973e-07
1.4935173678481533e-06
1.9062265572785357e-06
1.6215125056634043e-06
9.192796309875789e-07
3.473413759479292e-07
8.746754791599605e-08
1.4679759177848074e-08
1.641997375520412e-09
1.224073608373975e-10
6.081688308456522e-12
2.0138277944592902e-13
4.444286531795981e-15
2.7909757175963573e-16
3.132119754683755e-18
2.3426219463502898e-20
1.1677438928403978e-22
3.8794893595223815e-25
2.2718793166386514e-07
1.7846679954159737e-06
9.343533809746892e-06
3.2602164588656476e-05
7.581641728211596e-05
0.00011750642902816232
0.00012137843879032427
8.356088174309581e-05
3.833946330773877e-05
1.1723859156052494e-05
2.3893331240488823e-06
3.2453710932617043e-07
2.937876744014874e-08
1.7724921784829896e-09
7.127162020770171e-11
1.9099873200505855e-12
3.411346896929132e-14
4.060718027019732e-16
3.2215236982537153e-18
1.703340119389538e-20
6.002372849384015e-23
1.1094427368942603e-24
1.988058066740947e-27
2.374295595637722e-30
1.8898270324997082e-33
1.0025149902363772e-36
3.544387870192023e-40
8.351666741356732e-44
0.0
0.0
0.0
0.0
0.0
0.0
0.0
0.0
0.0
0.0
0.0
0.0
0.0
0.0
0.0
0.0
0.0
0.0
0.0
0.0
0.0
0.0
0.0
0.0
0.0
0.0
0.0
0.0
0.0
0.0
0.0
0.0
0.0
0.0
0.0
0.0
0.0
0.0
0.0
0.0
0.0
0.0
0.0
0.0
0.0
0.0
0.0
0.0
0.0
0.0
0.0
0.0
0.0
0.0
0.0
0.0
0.0
0.0
0.0
0.0
0.0
0.0
0.0
0.0
0.0
0.0
1.5393004266797007e-07
1.0373671615109716e-06
4.659326564201217e-06
1.3947467339650831e-05
2.312300900468493e-05
3.519809274225691e-05
3.5708816979484516e-05
2.414422900843413e-05
1.0880097049928863e-05
3.267636548352307e-06
6.540580103147863e-07
8.725299454190055e-08
7.757574611067806e-09
0.00022128984788122297
0.0014602379576251043
0.006421969166000667
0.018823238814055485
0.03677071177821345
0.047873068955146016
0.04153957511816916
0.02402228853829856
0.009258662562856578
0.0023782838220623905
0.00040715582760843494
4.645571802479078e-05
3.5326389000627803e-06
1.7903620558731075e-07
6.04733505262175e-09
1.3613467092209273e-10
8.66308845834233e-12
9.916993847652035e-14
7.566044422166745e-16
3.847151402142379e-18
1.3037406817716583e-20
2.9445891330126334e-23
4.4324081092562746e-26
4.4466845832370533e-29
2.973133818231756e-32
1.3248726572551419e-35
3.934733888364308e-39
7.788218772877764e-43
0.0
1.5858977456606602e-06
1.1891721715526275e-05
5.942864680022308e-05
0.0003384428776460991
0.0015512674617352109
0.0065142398583176294
0.021253859448282942
0.04871057641946788
0.07557996547649438
0.07850885406263865
0.05442031953960511
0.02515007548729031
0.00774715634931194
0.0028204561721481966
0.00044181434117396333
4.612573182886916e-05
3.209435766363675e-06
1.488318121139488e-07
4.599858067998635e-09
9.474900336879484e-11
1.3007277936853563e-12
1.190089816380747e-14
7.256957940346188e-17
2.949246151249302e-19
7.988201014641975e-22
1.4420107925470157e-24
1.734902137504273e-27
1.397702143986518e-30
2.0917856743858885e-33
1.8325597635649422e-34
1.6551070533729447e-35
9.97700520821243e-37
4.0082749603560734e-38
5.926802910080695e-06
5.224640232678066e-05
0.00030695438619003776
0.001201912480633244
0.003136558517701336
0.005518450096631846
0.0065780296029888325
0.007443341487902178
0.011619748979912194
0.026032224877859025
0.0493964304480766
0.06568203847026327
0.06180916406736006
0.04781929294339651
0.04024280397932613
0.03711605912745228
0.028358491641495988
0.015297008899927531
0.005570285743093193
0.001355994254055147
0.00022345401039631593
4.193443133375405e-05
6.486616508889302e-05
0.0001466104316327002
0.00022659476854839392
0.00023353428985898136
0.0001604123625208107
7.343560238846583e-05
2.2405623744698252e-05
4.556055058863057e-06
6.174509129857165e-07
5.5769590892054824e-08
8.961107070274258e-09
4.1158474369297944e-10
1.2599067953707912e-11
6.149983554196128e-06
4.5251408517373315e-05
0.0002219074155751137
0.0007252589174084502
0.0015797773667059044
0.0022934023105445566
0.002218943030195122
0.0014308483492858147
0.0006149256511033245
0.00017612992926161684
3.362213285396723e-05
4.277587552138604e-06
3.627054680031743e-07
2.049702574767237e-08
7.719854919255697e-10
1.937800121456026e-11
3.241830972055778e-13
3.6145422345343845e-15
2.6859491623249817e-17
1.3302210662356805e-19
4.390676120472761e-22
9.658741247766114e-25
1.3040096681874664e-26
1.45872195990296e-29
1.0875413506904435e-32
5.403816396689963e-36
1.7895215757743443e-39
3.949615706628003e-43
0.0
0.0
0.0
0.0
0.0
0.0
3.5652288245141355e-07
3.045644050451e-06
1.7340133213702503e-05
6.579717719768947e-05
0.00016639629147600465
0.0002804539568373695
0.0003150366268869684
0.0002358533634981446
0.00011768053864216722
3.913350697378097e-05
8.673101702960521e-06
1.2810959466659108e-06
1.261160683823116e-07
8.2744805176627e-09
1.0743731366208475e-09
3.5844954671710756e-11
7.970443332991916e-13
1.1811864860495737e-14
1.1666377061084435e-16
7.679538046494518e-19
3.3691141991009095e-21
9.850945489438317e-24
1.9196482086290092e-26
2.4931415017340063e-29
2.1580115095856225e-32
9.448977650470308e-07
8.825115419113917e-06
5.4933530884566346e-05
0.0002278957273964191
0.0006301100404267625
0.0011611228317552182
0.0014260064112811535
0.0011672028504324493
0.0006367262417538768
0.0002314945157760573
5.609319954262245e-05
9.0586038366948e-06
9.749758742815835e-07
6.993716438167688e-08
3.343518407120228e-09
3.515348432889372e-10
8.546074151696228e-12
1.3846706408193704e-13
1.4952295086947688e-15
1.07609541990398e-17
5.1614919546247774e-20
1.649989857838476e-22
3.5153521979530314e-25
4.991579118103614e-28
4.723768695377325e-31
2.979345276012896e-34
1.2523755991654293e-37
3.5085680681332555e-41
0.0
0.0
0.0
0.0
2.8292524208323403e-06
2.398509589792182e-05
0.0001355166853191485
0.0005103000723295812
0.001280678260700215
0.002142081514116212
0.0023878854941997716
0.00177407734307316
0.0011615719368072172
0.00043884155328206836
0.00011049711123847637
1.8542814476348053e-05
2.0738719146576492e-06
1.5458585611636405e-07
7.679609354199535e-09
2.112805006992271e-06
1.9715955482799103e-05
0.000122633693971281
0.0005083741542079989
0.0014045547213317085
0.002586279236733106
0.00317390344458337
0.002595933460241392
0.0014150603106791938
0.0005140885038014439
0.00012447507091325194
2.0086692019119316e-05
2.1603096586265837e-06
1.548478365932331e-07
7.3973441677977526e-09
2.355201429486931e-10
4.997603943119762e-12
7.067684641284504e-14
6.66153077904281e-16
2.3724996085479808e-17
1.1371181865126533e-19
3.632340973906597e-22
7.7330205290284015e-25
1.0972260248100943e-27
1.0571154226923314e-30
1.5151946366458402e-07
1.2583029803901492e-06
6.964397875067301e-06
2.5689962575449518e-05
6.31574980076656e-05
0.00010348273792823875
0.0001130036450975307
8.224292400754156e-05
3.989203401992844e-05
1.2896010175264234e-05
2.7784724936798496e-06
3.989682947360923e-07
3.81814322472144e-08
2.435272668379872e-09
1.0352006164558931e-10
2.932803713197398e-12
5.5376183515431876e-14
6.968584861105894e-16
5.844504713236802e-18
3.266873977330176e-20
8.21277050323329e-22
1.2000778882888447e-05
9.301854232272455e-05
0.0004805196734845572
0.001654376549111434
0.0037961127708843485
0.0058053097078055475
0.00591688638990643
0.004019227740771148
0.0018196904498918953
0.0005498503805287714
0.0001150088533999138
3.176919349368838e-05
4.300466833237096e-05
6.830412655859806e-05
7.442747582951382e-05
5.4108557909217534e-05
2.6217850984832267e-05
8.466626186369704e-06
1.8222386371090438e-06
2.6138560417154553e-07
2.498846780148643e-08
1.5921322460708127e-09
6.76083282519658e-11
1.913386935927308e-12
1.4183129531664626e-13
2.041160975960544e-15
1.957780471878101e-17
1.2515040981229274e-19
5.331901380570122e-22
1.5139568183765725e-24
2.865011810573711e-27
3.61344038143728e-30
3.0373646335185687e-33
1.701589877520105e-36
6.353386462146874e-40
1.582165831724774e-43
5.9092149094909454e-49
1.8922802815448037e-51
4.038524212107171e-54
5.744357577435076e-57
5.445550498026715e-60
3.440516630120868e-63
1.4487287583005386e-66
4.065669289920138e-70
0.0
0.0
0.0
0.0
0.0
0.0
0.0
0.0
1.469751018077889e-06
9.495001616099303e-06
4.256388593890531e-05
0.00013030957499300796
0.00029128451025143973
0.0005156538868443528
0.0007682719513571059
0.0009383560911788605
0.0008654886199111876
0.0005639346467421679
0.0002507836896965075
7.501150550022305e-05
1.50049841345366e-05
2.0030132606696917e-06
1.7828783155808688e-07
1.0578362728869863e-08
4.1833623330717664e-10
1.1026171095985723e-11
1.936910191107522e-13
2.267656459227757e-15
1.769404524182043e-17
6.243907230681496e-05
0.0005305837999323687
0.0030049211314170775
0.007620556124006365
0.02194665508486516
0.04212418960031294
0.05388604725173736
0.04594123275102088
0.026104207301379148
0.009885529193191836
0.0024950019217606385
0.0004196849486222692
4.704976429058128e-05
3.794766411885109e-06
2.7823200163898763e-06
1.6222305760261966e-05
6.722192685648175e-05
0.00018571405961562753
0.00034194871787148335
0.0004196224628510605
0.00034319268724790206
0.00018706772748835226
6.795810556280907e-05
1.6453761779593554e-05
2.6550377165786603e-06
2.855339365120419e-07
2.0465686577709155e-08
9.776343513675796e-10
3.112491223589522e-11
2.495533766437238e-12
4.040152081173212e-14
4.3592675460450173e-16
3.134807545090453e-18
1.502414584178325e-20
4.798994436461769e-23
1.3144930424038265e-05
0.00012301646880604573
0.000767272741109725
0.0031894649239139414
0.00883623870691083
0.016315432734190904
0.020077577117792973
0.017071147172060052
0.01298963665803812
0.020821293906261345
0.05221346135248549
0.10057049352251175
0.13078137462311412
0.11346736463224255
0.0656170040452856
0.025289869593146247
0.006496188179993348
0.0011121213398081022
0.00047486650187390377
0.001309124965342904
0.006507726705848946
0.02195090451930107
0.04935682813127681
0.07396472481366431
0.07387653462213029
0.049207119787127676
0.0220170200838221
0.007244131113080771
0.0033488792015515705
0.003793467114616478
0.004239667927567438
0.003289787769732747
0.0017132365336079284
0.0005985465433004189
0.0001407483890899901
2.2391212427183194e-05
2.427123884680181e-06
1.808931644939984e-07
9.363865333335842e-09
3.397278446284039e-10
8.684571779407767e-12
1.5635257720738501e-13
1.9705114137996987e-15
1.722209858317566e-17
1.0333865692027137e-19
2.7566821296071728e-21
8.675253278596138e-24
1.8389929284395392e-26
2.616037103781937e-29
2.491088986382588e-32
1.5853115800031912e-35
6.735552229402718e-39
1.9037516888873642e-42
0.0
0.0
0.0
0.0
4.017956593560911e-06
3.083696644197938e-05
0.0001577319250797543
0.0005377112311304289
0.0012216875825981884
0.0019365457420352083
0.002489870334260222
0.004241280872952187
0.0100994545002402
0.020470018325820606
0.028838008054372515
0.027241946446233734
0.01716585228857935
0.007224366529827395
0.0032844158932533564
0.001003929529620853
0.0012578651874413066
0.0028588853970955034
0.004666998109704944
0.005092946904814787
0.003704527745707074
0.001795891348936531
0.0005802416355492683
0.00012494511178680085
1.7931276175830826e-05
1.7150811643827297e-06
1.0933008944161747e-07
4.644899027634271e-09
5.33881131200479e-06
4.08952757395285e-05
0.00020878240887873105
0.0007103890224625379
0.0016109428279384313
0.002434700594433159
0.002452406983101161
0.0016463458550084922
0.0007365990480756907
0.00021964573774743218
4.365117667802211e-05
1.1865305702205604e-05
1.199098024274674e-06
8.07629159851432e-08
3.6253575293350427e-09
1.0846041021563129e-10
2.162585022299438e-12
1.486486292650192e-06
1.4061498768223915e-05
8.865104800776678e-05
0.00037249262898341015
0.001043117041346441
0.001946838589176365
0.002421633409849001
0.002007559388235997
0.0011092002317383098
0.00040844449769622364
0.00010023922409827753
1.6395470759213937e-05
1.7872760420391972e-06
1.2984969229401224e-07
6.287409747216194e-09
2.0290098315523716e-10
4.3639331286146e-12
6.086363168524102e-07
5.522179924263977e-06
3.339218481827986e-05
8.846440293530181e-05
0.0002720228671183496
0.0005574729831660743
0.0007614191309436998
0.0006931149909720231
0.0004205022731539228
0.0001735572056256513
7.834869757613413e-05
0.0002992216168657442
0.0014937993642430594
0.00556205879162056
0.015012096903881177
0.028929963090576667
0.039049917599331144
0.03628777962968989
0.02292334178901317
0.009837414742077845
0.0034008468042454796
0.0039006460549566857
0.012437830824388674
0.030289949624178754
0.04941449507346036
0.053736476975037674
0.038947308016692606
0.018818070263271494
0.006080514841391644
0.002322625265487315
0.0004885642391055073
0.000215675723889484
0.00017787253029894962
0.00011659429278684252
5.167275548756722e-05
1.5278665169563576e-05
3.011092593019155e-06
3.9550026988005594e-07
3.462192273138042e-08
3.2060797993056355e-08
2.404119763530738e-07
3.637469817703731e-06
2.441922026618133e-05
0.0001224200180627607
0.00046562572375520713
0.0012654304759465041
0.002657143744070888
0.004628280083569725
0.006762612193836731
0.0077420351226272985
0.006419534952501716
0.0036765508422571228
0.0014232487419141746
0.0003691795567596729
6.395211931134588e-05
1.5869630210242004e-05
1.3992985403853827e-06
8.224307203454166e-08
3.221763450385312e-09
8.41159636888614e-11
1.4636865124050978e-12
1.6974637402566064e-14
4.0306092619193744e-07
3.254929639587088e-06
1.7518384731526298e-05
6.283882604513045e-05
0.00016202698031421672
0.0003158614983415303
0.000584728680617041
0.001131758909800721
0.0019116560393341684
0.00236328508970093
0.0019974604860445765
0.0011324448306005372
0.000428577163247186
0.00010814160037467896
1.8187791434053104e-05
2.429496327440943e-06
3.833165186527868e-06
2.311538086083408e-05
6.276797491989863e-05
0.00020037550544457688
0.00042632251703305854
0.0006045239400543253
0.000571307973940863
0.0003598393183007083
0.00015130742499284156
4.436992964187132e-05
1.9527165233412362e-05
4.383215314622547e-05
0.00010515952064565676
0.0001717272914481527
0.00019994819926883478
0.00024586529164047046
0.0006427311747913514
0.00206201236360367
0.0048884869618992756
0.007931842646026144
0.008763177896736609
0.006601317384851693
0.0033944246110090533
0.0011915182327648173
0.00028522321021874603
0.00019588016840071875
0.0011715104333132377
0.006068760250364494
0.014543383278552164
0.03849503237391611
0.06796329724136786
0.08024427544543504
0.06394276571878428
0.035500557715270206
0.015096005248096626
0.005866788898620796
0.0022661510987985207
0.0007539274548131402
0.00018457657982430428
3.1033069258561335e-05
3.506523155174323e-06
2.646632545464156e-07
1.3321628670509189e-08
4.4696542413965927e-10
9.995195342655487e-12
1.4896881323991194e-13
1.4797296210104967e-15
9.79605690110399e-18
4.3221703462232084e-20
1.270966298935127e-22
2.490850980595642e-25
3.2534415369861874e-28
2.8321732523659652e-31
1.643153646972103e-34
9.12328567447754e-37
2.6916104921342365e-40
5.292424841972567e-44
1.4992627846432388e-06
1.2211997035161462e-05
6.629444935453654e-05
0.00023985523041764305
0.0005783660170221824
0.0009294753771647069
0.000995530476056036
0.0007106451198916706
0.0003406244779681414
0.00012826347526809714
0.00014098292233254476
0.00044812576002721495
0.0011413550239108166
0.002047849584613016
0.002687431740856271
0.0027191329937034563
0.002180396235027927
0.0013576393757853474
0.0006550601005174436
0.0004177577832338685
0.0008901744190485592
0.002175859928499573
0.0032430611234078484
0.0042221473845690674
0.003664897081193353
0.0021202227146027612
0.0008174915951781348
0.00021007128430640127
3.597755410531944e-05
4.106559575328506e-06
3.1239650650555336e-07
1.583856231606256e-08
5.351886504338217e-10
1.2052567721109155e-11
1.808980202785008e-13
1.8095458674896497e-15
1.2063877702707027e-17
5.3602593632444265e-20
1.587326367603413e-22
3.1327677916737846e-25
4.120706928706858e-28
3.612408028991924e-31
2.1105877738336124e-34
8.218481566376859e-38
2.1328548504747833e-41
0.0
0.0
0.00010374688041391517
0.0004214274182116751
0.002460343181379846
0.00957304584157265
0.024851065629075873
0.04307468635087202
0.050154819777804484
0.04005434257377211
0.023470212412449176
0.011811887568040282
0.005942426413868743
0.002811623231307762
0.001215011162965438
0.0007880072925279552
0.0008675325497058654
0.0008389380167411459
0.0005796402860040807
0.00038341528498738673
0.0007105773731601444
0.00205411105903574
0.004362878305002527
0.006215736635521143
0.005907502269925581
0.0037634090803783495
0.001736257895828764
0.0011461653579196004
0.002618256539944423
0.00542688136914382
0.013976827163622498
0.026908819160167175
0.0363543425935983
0.033435915764497226
0.020671372928591822
0.008558077988816894
0.0023852124752032694
0.0004647681513011435
7.492780640168518e-05
1.4316575293049247e-05
3.270835188937123e-06
1.8445946155719126e-06
8.377539592443726e-06
3.75532113221081e-05
0.00011327235719199307
0.0002277536684517393
0.00030520386004733065
0.00027258141653892183
0.00016224974206714175
6.436552770609369e-05
1.701783080653477e-05
2.998724839232989e-06
3.521685593677348e-07
2.197867230129088e-06
9.758208106097771e-06
6.627488267879164e-05
0.0003001141814832152
0.0009057464782749527
0.0018271906801068283
0.0024776690791610476
0.0023388030354556926
0.001762366752925011
0.0014335869780817702
0.0013671077136633795
0.001157034423555024
0.000738417378889622
0.0003503235682283065
0.00012681876121962244
3.5338539833813684e-05
7.391365763013292e-06
1.1140816567320245e-06
1.169263495949306e-07
8.363617074888788e-09
4.0305918211071767e-10
1.3012378575129345e-11
1.3757799895487655e-06
8.72406178184668e-06
3.686974321773696e-05
0.00010384917285155282
0.00019494743204508108
0.000236788912847298
0.00022603642034626527
0.00014380600662587561
6.097575411924886e-05
1.723133326609137e-05
3.2453544187513927e-06
4.795260465744812e-07
5.998114514646747e-07
2.957994520987772e-06
1.0294622376865082e-05
2.3893411629890912e-05
3.695986473965284e-05
3.810343778801012e-05
2.618059403995603e-05
1.1988818367622081e-05
3.65893599832143e-06
7.442430597220875e-07
1.0089190495745268e-07
9.115476986811023e-09
5.488883638156636e-10
2.202775296177479e-11
5.891663288359054e-13
1.0502366949943528e-14
1.247722498402465e-16
9.879395508328316e-19
5.213438879246052e-21
1.2613078227485558e-22
2.956152993543895e-07
2.5583766501212415e-06
1.4756508307560093e-05
5.6726276672584215e-05
0.0001453337565347892
0.0002481591356075662
0.0002824070826665869
0.00021419160709250514
0.00010827067952642324
3.647546388169743e-05
8.1897818427166e-06
1.225534075005803e-06
1.2222498618266723e-07
8.124116655795891e-09
3.485017538329862e-07
2.828955443781099e-06
1.532054661344775e-05
5.52975106946478e-05
0.00013302046330153892
0.00021326170605498847
0.0002278708909577057
0.00017032111564282761
0.00012904720685111496
0.00024854529157373843
0.0006489080588786467
0.0010395825641024133
0.0018271463395229406
0.0034530582882980544
0.009337522125739465
0.024082094765898312
0.04466903382171851
0.05590911991139487
0.04672746610373154
0.026035797607057425
0.009668756347411572
0.0023931011821151475
0.0003949750277489873
4.439705594823566e-05
6.124620147513061e-06
5.9400063482448514e-06
7.578391237873879e-06
6.6081578452789965e-06
3.842738370697731e-06
1.4893254959301459e-06
4.820960333944588e-07
1.2790640597877427e-06
7.372464054746258e-06
2.988701830862128e-05
8.105430344666806e-05
0.00014692992731143862
0.000174640958458112
0.00016178577300558184
0.00010019413932229393
4.148265114746463e-05
1.1482042198779096e-05
2.124702609551668e-06
2.628410521539955e-07
2.1736314502353004e-08
1.2015735015414977e-09
4.439699536043612e-11
1.096368325701033e-12
1.8093164309588992e-14
1.9951646502592787e-16
1.4699299057047067e-18
7.234576312457396e-21
2.3783261772729035e-23
5.22172480617476e-26
2.051133593507274e-06
1.8236184577444342e-05
0.0001080576601338369
0.0004267354155329293
0.0011231644988932584
0.0019701967949247645
0.0023033368552677343
0.0017946804707907882
0.0009319652288983136
0.00048059407748475086
0.00012691549279738367
2.245827861963762e-05
3.3674507942585733e-06
3.3709923280787424e-06
8.985346082389715e-06
1.6961180754551147e-05
2.136340882388379e-05
1.7933991788436692e-05
1.003379461792505e-05
3.7414074666640235e-06
9.297931859983152e-07
1.5399948124343968e-07
1.699940437558489e-08
1.2506324699563082e-09
6.13207196955783e-11
2.003855195261944e-12
4.3642234103573385e-14
6.334745366122446e-16
6.128199549913347e-18
3.9511014677220115e-20
2.4131258106008886e-07
1.6520368804978986e-06
7.537738384397243e-06
2.2921547251046013e-05
4.645455970001104e-05
5.938163533892546e-05
6.119827095021614e-05
4.203467546241255e-05
1.924233598655216e-05
5.870693897222742e-06
1.2294123563955802e-06
4.286818620921736e-07
1.3449061982960595e-06
4.4197317687339145e-06
9.782593076434037e-06
6.054042835604404e-05
0.0004101242068670653
0.0022752807239153983
0.008647248377602682
0.021973373400533392
0.03722692049250142
0.04203561109169088
0.03163452123782176
0.015866712609600552
0.005303886484772251
0.0011816341585679216
0.00017547383091820766
1.7525910878286493e-05
1.8947986587656086e-06
2.7876700016166446e-06
1.0187047237957762e-05
5.5717594197163304e-05
0.00027244185435152025
0.0009715922964192634
0.0023775538992038344
0.003930496189269222
0.004367084882667802
0.0032525972837161767
0.001621160578118511
0.0005400818439970337
0.00012016015586703267
1.784289543714172e-05
1.7676155693297686e-06
9.65632644077938e-06
7.241774017467032e-05
0.00036633850602432435
0.0012351855990279219
0.002775642920630073
0.00415696644230747
0.004149263263504955
0.0027602410567568072
0.0012237834625679269
0.00039258559048889284
0.00035730892905837513
0.0017705964430087555
0.007227066784627256
0.014782421890447367
0.030841572216266818
0.0428857087842045
0.03974388345656352
0.024547629452140268
0.01010486150373326
0.002772252094176395
0.0005068933843514362
6.177063618530612e-05
5.016826404147767e-06
2.910425746662572e-07
1.5980805942252245e-07
7.698462133484705e-07
2.631475931258517e-06
8.71227814409128e-06
3.4438817797086416e-05
0.00016669879592500183
0.0006587104799148593
0.0018045919427833884
0.003316863533403964
0.004067519201383823
0.0033249878678451583
0.0018115260701357385
0.0006577830814359008
0.00015998382955667833
3.138075829857723e-05
2.296767665353315e-05
6.188433311726646e-05
0.0001562357930680825
0.0002981410236594886
0.0005570180223579514
0.0012078356877658902
0.0024223226539915477
0.0035846709105791918
0.003654746121210923
0.0026112983386799805
0.0014841696675998097
0.0008819310904319944
0.00060336214856322
0.00043068781979492353
0.00042418330099511204
0.0005865625347554762
0.0006990137293626652
0.0005815458928506502
0.00032472197156914803
0.0001209674363007001
3.0038086422700823e-05
4.971267781999322e-06
5.483337750881497e-07
4.030923812220257e-08
1.974902956515532e-09
8.869966132638234e-06
3.414461640201261e-05
0.0001838986376237595
0.0006601101344731756
0.001579195280142463
0.002517890402542396
0.00267558871624921
0.0019113494025226516
0.00101965304501121
0.0009172607903609542
0.002210694134232265
0.004866490906288701
0.007329508401326373
0.00740524969976668
0.005037301432062487
0.00232930757185869
0.0007450508901475875
0.00016942485280495645
2.832897998512188e-05
3.5714925737662595e-06
3.3924009653352524e-07
2.3653881292383068e-08
1.4108424182878187e-07
1.0459691762348308e-06
5.211062280637336e-06
1.7303408318002633e-05
3.073992680097817e-05
5.190520120958534e-05
5.8411784868289034e-05
4.3809835586701136e-05
2.3135632563362233e-05
1.7261323417271903e-05
5.5147396253422136e-05
0.00019185715750778638
0.00045723178397990357
0.0007272439799123251
0.000771441764010206
0.0005463110638991725
0.00026259568882195484
0.00011051694166515278
0.00016035247732191946
0.0004925159701206522
0.0011396192893156263
0.001867348986275989
0.0024138289181649376
0.002956000406240261
0.003570018809038634
0.0035919231968300344
0.0026217882127383446
0.0013628062579262876
0.0006648475785312348
0.0006510023472502672
0.0008464046083552745
0.00110532224905178
0.001045258936596705
0.0006900983559614385
0.00031532871291361586
9.957709816922883e-05
2.1800528381792805e-05
3.3278509224217983e-06
3.56188768772703e-07
1.5251100140487117e-06
1.2470614088866972e-05
6.918715597690556e-05
0.00025595865053484917
0.0006313675246910536
0.0010384187696324313
0.0011388096189810031
0.000832788467531149
0.000406188596473901
0.00013268338979649543
3.322195362794844e-05
2.4739314256085115e-05
7.702596104394966e-05
0.00022305772575923464
0.0005182357555079122
0.0010328522450041948
0.0018357385286373034
0.0024431004861358986
0.002979751524968147
0.002572714205856106
0.0015137665784532928
0.0005982619639444442
0.0001580032063820829
2.7836671346091687e-05
2.918713621289292e-05
0.00017517472696779897
0.0007868043261749354
0.0023586525534708145
0.0047124846962134015
0.006275055431125642
0.005568865506608461
0.00329380163238182
0.001302756966487193
0.00037675669201860194
0.0002541826651223116
0.0007140770963725174
0.0017142381112202978
0.0027680145308422053
0.002979722470264197
0.0021378092154616096
0.0010222185422068262
0.0003257617703242038
0.0001213124065008734
1.9659123931749916e-05
2.123267201428015e-06
2.5478631291395065e-07
6.606439209587295e-07
2.7904355917327505e-06
7.942045235491315e-06
1.5066424567683302e-05
1.904889834024188e-05
1.6051331968882958e-05
9.0143379882539e-06
3.373946150567203e-06
3.352137318598293e-06
1.6694291286804064e-05
7.268249728581465e-05
0.00021276763443745943
0.00041572840889887567
0.000542454126392882
0.0004731866958310233
0.00027639395872335347
0.00010836996982994241
2.8622628325760516e-05
5.1176996006327696e-06
6.234881932673502e-07
5.216401395750459e-08
3.0219052116926013e-09
3.701775043884969e-10
1.1784306798417009e-11
2.625286683473076e-13
4.0775255465312214e-15
4.38458810105218e-17
3.2373760168106343e-19
1.6285292196695026e-21
5.545276934636136e-24
8.826087565114427e-06
7.463423529536756e-05
0.0004253622470427062
0.0016192531925865437
0.004151588615181436
0.0072221950816677444
0.008637340786768513
0.007251560685068618
0.004393104568226439
0.0019696582353799274
0.0006593663788864323
0.00016260202763175173
3.052146393363121e-05
1.9823461374729274e-05
9.807101958426249e-05
0.0004061002795163395
0.0011488250733646462
0.002209656249601487
0.0027611659581305765
0.0028113965220773695
0.002005473531002521
0.0011651425656181958
0.0009199119519245523
0.0011922338399741755
0.0015914707071406407
0.001885183013755963
0.0019351927412093253
0.001592766688288913
0.001000514399846153
0.0005340167798396048
0.00032285094362264835
0.00022250504967006633
0.00012804444628520121
5.1944119795551255e-05
1.5287286815466862e-05
9.617974748823459e-06
3.081078105882094e-05
8.831337640500499e-05
0.0001704039206596894
0.00021943030923473477
0.00018898811578195817
0.0001097487421077853
4.407577156842571e-05
1.3126859484748557e-05
5.293215172698758e-06
1.2795409480066296e-06
2.809392384195203e-07
4.8730547950832215e-08
6.013067633157331e-09
5.051421587476468e-10
2.8468187651162068e-11
1.0713932982564002e-12
2.6889252100206298e-14
4.49850184352055e-16
1.3233256720637162e-06
9.30890629330905e-06
4.36517691026584e-05
0.00013645391215484949
0.00028435558370919586
0.0003950398584935764
0.000365878088438693
0.00022672371892384178
9.869819126880788e-05
5.248670562036177e-05
8.98231809664339e-05
0.00017983924415980354
0.0002515855801541095
0.00023522982423787714
0.00014660597421760384
8.752832237789968e-05
4.463726971817143e-05
0.00010161045601254043
0.00034947808356686156
0.0008494230350210146
0.0013960363292294113
0.0016179748044151498
0.001525513238602489
0.0014986246641057132
0.0015586171549180875
0.0013435815142780639
0.0008228045160484767
0.0003445975969209655
0.00011496238958594283
8.725625625611852e-05
0.00016282667461523182
0.0002556291352004582
0.00028733780373666997
0.00023513415704161568
0.00014293397687290427
7.246742217183029e-05
7.853471778230187e-05
0.000283395428951052
0.000907510754207055
0.00197955391770009
0.002899686851141414
0.0029978973215884093
0.0022998901667635858
0.001428691044144244
0.0018095698590194435
0.004875843543773312
0.010786433042447176
0.016163165955540144
0.01616016264781787
0.010769130324462237
0.004782990112541802
0.0014157939502807337
0.00027931276606233486
3.676933311667689e-05
3.469379176476803e-06
1.1096020427508868e-06
2.2597946147298134e-06
3.6690505289099864e-06
3.982754488420184e-06
2.9604190218656773e-06
1.9127001228768732e-06
2.758609370836212e-06
6.904212941586043e-06
1.3376147905534905e-05
1.7479640189085632e-05
1.5236903605607122e-05
8.852587835852898e-06
4.91988287909505e-06
1.4535601824970545e-06
2.862152995480524e-07
3.756074714314953e-08
9.121600023384181e-07
8.46365201365457e-06
5.257124052695702e-05
0.00021763884020854435
0.000601026154442629
0.0011086885789168706
0.001371474121162602
0.0011614601393399504
0.0007589168874213602
0.0005939617948146086
0.0007200084217100604
0.0008313563329017297
0.000700392148200711
0.00043150541537872116
0.00022332489564206264
0.00011488100406061911
5.592107748816332e-05
2.1372575788230217e-05
5.7403389942790505e-06
1.0429187800594326e-06
1.2678735641390954e-07
7.847570039486098e-06
6.911683574783883e-05
0.00040697923298145316
0.0015971721524213405
0.004177465047421504
0.007282080389663302
0.008460181130058754
0.006550665173368997
0.003380435784612898
0.0011627496008482854
0.00026881011827205146
5.5652269761951053e-05
7.14323337845389e-05
0.00024059333255209477
0.0007245444766458524
0.0022192933925826845
0.006288555908690822
0.013760184677241862
0.02112848204747959
0.02202544604770454
0.015460333651396574
0.007377536700722177
0.0025414137572052674
0.0007792437820578294
0.00028193582728366435
0.00010644489190145964
4.892322239089112e-05
1.1321753540885369e-05
1.7847921894497772e-06
2.3684927686606e-07
1.1908384884277797e-07
1.4419485367745274e-07
1.2936823047470126e-07
7.765374652195119e-08
2.436860524499358e-06
1.8468254050825343e-05
9.440443222638856e-05
0.0003217525795270842
0.0007308690132497974
0.0011064679254233448
0.0011163995798920516
0.0007507270218119912
0.000336454220326295
0.00010049662118002031
2.01869380757338e-05
4.080243567183933e-06
7.721066086668362e-06
2.6208662329661193e-05
6.108656083046095e-05
9.49408578092267e-05
9.910141403974715e-05
7.415457313462718e-05
6.27590651735025e-05
0.00010074232671792243
0.00024438062292579644
0.00045170008344630404
0.0005649343131824533
0.00047434499456166303
0.00026962895252749145
0.00010865089523431966
4.64649952243412e-05
5.689202047755998e-05
9.82258918165297e-05
0.00012351115806040656
0.0001133438035014304
0.00014122667391604847
0.0005222423098277835
0.002026610223634876
0.005445704287907702
0.009782027090598272
0.01173993411071683
0.009471218016229412
0.005255227450276091
0.0021681078003696645
0.0008394844885226745
0.0005331422679259248
0.0007473839114125032
0.0010241591903620067
0.0013063636059937982
0.0011413350453475313
0.0006673492593766856
0.00026022658025413116
6.763541878513688e-05
1.171614651737115e-05
1.3526267054574956e-06
1.0407653472350431e-07
5.3371481942198846e-09
1.8240941551110415e-10
4.154959457074733e-12
1.0657274477457615e-05
8.778529355421406e-05
0.0004819244175065172
0.00176326523391854
0.004299738850465982
0.006988051617774504
0.007569852818658573
0.005466894692310851
0.0026346698044478196
0.0008504419619476978
0.00018670088679364994
3.114319448863553e-05
1.4886323788647674e-05
4.3225286531843954e-05
8.388701027962317e-05
0.0001649308121295815
0.00022096360920644036
0.0002095735237911835
0.0001573534986121493
0.00012445041442420507
0.0001856433576899562
0.0004668040425614052
0.0010228766725988569
0.00156291138751445
0.0016028893777940564
0.001096837848731322
0.000500312359774281
0.00015210176440064762
3.095521635962991e-05
5.140148028303831e-06
5.040159261254114e-06
1.4849513080423921e-05
3.140471784924289e-05
4.432942270185363e-05
4.170448467851803e-05
2.6149007925900933e-05
1.0927208419582246e-05
3.0433001321888894e-06
5.648874045689237e-07
6.988123086078147e-08
1.3848216429517769e-08
8.711542852659569e-10
3.652396016038446e-11
1.0205685752947378e-12
1.900588386363762e-14
2.358932418230149e-16
1.951301932624792e-18
1.0757590261999135e-20
3.9526382676660547e-23
9.679227361546092e-26
1.5797045171885012e-28
1.7182746265602272e-31
1.2456351249225276e-34
1.363776068251481e-05
9.411517438134942e-05
0.0004324991138449753
0.001325087160619084
0.0027071262619278295
0.003688776833287691
0.0033537444548626333
0.0020358959000703887
0.0008268266031256313
0.00022661824798739323
4.479062713278102e-05
1.5579045646610635e-05
5.2316747877985004e-05
0.00013743103574483947
0.0004334453176991574
0.0009172739159006347
0.0013068899834758666
0.0012796089689716666
0.0009167167692981144
0.0005829101362268609
0.000506718232598486
0.0006956825366274257
0.0009756743856831116
0.0011370310594114147
0.0014660724949295803
0.0027606069215136285
0.0051200339203709005
0.006910296535399301
0.006383666884110233
0.00416471414189133
0.0022470784777901993
0.0013427452381959061
0.000888095587212127
0.000485367417646961
0.0001872027966806613
4.9371641985824804e-05
9.416498046026418e-06
1.69790017980389e-06
6.46036864805363e-07
1.7761965343387138e-07
4.053712841013484e-08
6.439659048149826e-09
6.868146230122816e-10
4.8878711694807916e-11
2.3188178876570532e-12
7.33177201370283e-14
1.5450234295376808e-15
2.1699169080633557e-17
2.0311067348554572e-19
1.2670797391992842e-21
5.268132586928377e-24
1.4597920534193716e-26
4.5820830772378215e-06
2.9355984781492005e-05
0.00012534640910014339
0.00035670458202925406
0.000676529949803702
0.0008553568878087853
0.0007217585577575881
0.0004104992345029942
0.00016940613607035776
7.39351437502081e-05
5.490410968972051e-05
4.516217500614932e-05
3.5287693585599784e-05
2.397745688693261e-05
2.3972260329633207e-05
2.9639144887024818e-05
3.445470340588235e-05
5.8296376098356206e-05
0.00015714092220674614
0.00037197404296767555
0.0006487678257025893
0.0008823894227836356
0.001046892929734337
0.0011066556511376826
0.0009402475629220106
0.0005794397849952016
0.00025255308643319706
0.0001251255426184089
0.0002675382421954496
0.0008685538577424956
0.002252097652581163
0.004432498229281795
0.006423190030459106
0.00675799671124314
0.005493572989860172
0.004307150804355989
0.0038933019412207516
0.00332287645402586
0.0025727184740025636
0.0013773793871393052
0.0008407615300053756
0.0011393820218795964
0.0017558877963722462
0.0019388113951986368
0.001439968322215537
0.0007165687074390043
0.00023972616749260998
5.435059955438107e-05
8.674524220637648e-06
1.4729431914600945e-06
8.680622052908583e-07
7.538002319861461e-07
4.694953815277751e-07
1.9576548755362237e-07
1.2529979883623158e-07
6.581368912811279e-07
3.950129182709457e-06
1.631081119938552e-05
4.518809368458141e-05
8.603120792884091e-05
0.00011649003647646926
0.00011850388395492659
9.560054759832895e-05
7.333178136970598e-05
3.98158135799096e-05
1.5974733481745938e-05
5.135992877750187e-06
3.985715040114282e-06
9.397717525201291e-06
1.8307318711677366e-05
2.402383747402717e-05
2.1022201344268745e-05
1.22610486636581e-05
5.160074335501555e-06
3.936540412173361e-06
1.256466254066163e-05
3.7658480744759456e-05
7.642476928139808e-05
0.00010343061789419382
9.32943950445943e-05
5.608463642986539e-05
2.2470556448716877e-05
6.000194025651027e-06
1.0678206358362824e-06
1.3013653752916828e-07
4.1548116843818053e-08
5.285360502268142e-07
3.0050736049730784e-06
1.1951955137605446e-05
2.444480119322669e-05
5.215492421589352e-05
7.559921302411859e-05
7.394961247815125e-05
4.8592151489963265e-05
2.1385316813977145e-05
7.717210064041078e-06
1.3543316034691464e-05
7.097816959484917e-05
0.0002715842933255898
0.0006940866114696874
0.0011822950180293348
0.0013422088353511805
0.0010155373167084517
0.00051209817507261
0.00017210445723552499
3.85972767560466e-05
6.124495345624164e-06
2.450482761111934e-06
6.437206767162453e-06
1.4703136163168388e-05
2.2927346953509233e-05
2.4511334958739378e-05
1.8192178791136235e-05
9.502116339622951e-06
3.5306181773806023e-06
1.5134570643729267e-06
3.199212224658563e-07
4.7676669894572004e-08
4.941970864513021e-09
3.517347818277574e-10
1.7013908143671468e-11
5.552977171296439e-13
1.217069627379524e-14
1.785962723643555e-16
1.7514566043174137e-18
1.1466081947481908e-20
5.0076216811070486e-23
1.4584031784891869e-25
2.831730017832727e-28
8.541636040603077e-07
6.722549313878607e-06
3.526212490355792e-05
0.00012327201935497038
0.00028721167478681247
0.0004459859905480929
0.0004615533337846723
0.0003183494587884559
0.00014634162989770694
4.483459053347458e-05
1.4481635798511859e-05
3.505725052844446e-05
9.277923692573324e-05
0.00029862754249669057
0.0006423626988986712
0.0009224669035017164
0.0008929029390568891
0.0006237891523205875
0.0004525189976308488
0.0005710149240325603
0.0008321301258365692
0.0009241182877158506
0.000716659215379662
0.00038424538188931956
0.00015200890772883483
7.649103250059005e-05
9.468989647104588e-05
0.00012541279819764588
0.0001166454115818131
7.266742478260432e-05
3.04747023798575e-05
9.766001997813057e-06
5.606268977643305e-06
8.433590187110797e-06
1.5209537034693313e-05
4.040322213747757e-05
0.00013507716748552338
0.0002698352099035381
0.0005661469892281432
0.000807013533161267
0.0007771122501828809
0.0005068641512000852
0.00022713026701229425
7.356845522418932e-05
1.975771145203446e-05
5.274340527644598e-06
1.3924267962191717e-06
4.0300337729432417e-07
3.7292013725657173e-07
6.123014351251671e-07
3.0580508853561155e-06
2.14551383655498e-05
0.00012552597430582873
0.0005011745917782315
0.001336523672841313
0.0023760004934397162
0.0028153934215797995
0.002223756635990197
0.0011710570674170987
0.0004113425996432962
9.646830245095015e-05
1.5136843423415678e-05
5.942495008118967e-06
1.658465015969029e-05
8.440842301387472e-05
0.00029554634321584766
0.0007007491976981221
0.0011745655510573302
0.0015200977320694578
0.0017154356256879183
0.0017423714315077086
0.0014372316985124503
0.0008637267228769017
0.00036209395872820155
0.00011698215515345813
5.530779697392151e-05
5.575769056007814e-05
5.567129639636949e-05
4.1434920370348724e-05
2.21270800183873e-05
8.339484011612098e-06
2.182552660748092e-06
3.911712552380657e-07
4.7525839094950563e-08
3.888022935529013e-09
2.132753217129561e-10
7.824707643300713e-12
1.9171891137586288e-13
3.134402770933657e-15
1.6122088449772292e-16
1.3416218666021658e-18
7.442809650458974e-21
2.752275868125313e-23
1.0052801598289399e-07
8.879111623281883e-07
5.0512326524701315e-06
1.929479873625776e-05
4.960383353460067e-05
8.606958320993181e-05
0.00010112257451334541
8.072432911574239e-05
4.392905205226145e-05
1.6340468497947047e-05
4.161566545965463e-06
7.258459270851984e-07
8.660051038784722e-08
3.375937979348421e-08
2.133135774059339e-07
1.1313226332815007e-06
4.006089730162276e-06
9.454574046723396e-06
1.694544413089925e-05
3.21919657904844e-05
9.945706677536362e-05
0.00022266446183141257
0.00058787113543821
0.001058987505996768
0.001275939387976161
0.0010286551039080621
0.0005724889952293111
0.00028290700418186535
0.00025557215440774947
0.00034325990071906216
0.0003702076576226671
0.0003141692804109031
0.0003059865819470892
0.0004201105927236862
0.0005369462359395234
0.0004984344719835625
0.00032789400768555436
0.00016537860236278963
7.655904222590075e-05
3.984651679946679e-05
2.6023903795025902e-05
2.14227794123976e-05
2.037209766218357e-05
2.245453751108539e-05
2.5861304353625664e-05
2.4489188656662445e-05
1.7056445989350804e-05
1.1770711263057443e-05
7.586918905625768e-06
8.623459079550926e-06
1.9225996008817976e-05
6.065851018999728e-05
0.00016090001500437487
0.00030225815065228055
0.00041068476933561927
0.0005320567956070353
0.0009736739772333142
0.001965543071546545
0.003060380092247411
0.0034079766913225878
0.0028769996302749146
0.0020858805956665543
0.0013975759094208336
0.0008055778079480882
0.0003818762402730221
0.000294089505841167
0.0007565803773628856
0.0019473360042667847
0.003451173743038938
0.004131071218577639
0.003487043855708857
0.0025411052302039324
0.0024156641505331863
0.002717409928443421
0.002998279009660095
0.0025602137024121462
0.0016977884922511868
0.0009836256746657546
0.0006067069639771666
0.0004239742917150969
0.00029360141642995394
0.00019922899683589033
0.00014514788709178966
0.00010088159463300886
5.428678317924582e-05
2.038044682781202e-05
5.2459462355640055e-06
1.2998086187078787e-06
1.4337433366392564e-06
2.7863395922639803e-06
3.854763580448056e-06
3.563006520539807e-06
2.1951080502610824e-06
9.013182010454951e-07
2.466504879393034e-07
1.4860778589393684e-06
1.1263464768776555e-05
5.8615852640721855e-05
0.00014054432944392571
0.00037210576149129804
0.0006566004976958013
0.0007728933158954353
0.0006105838253481214
0.00034271435134549657
0.00019795316385631332
0.00021982721972829371
0.00029118758869425463
0.00028473541644358913
0.00018876351584150392
8.419866110972081e-05
2.5377412962072925e-05
6.158334545087171e-06
7.075585661474209e-06
3.067816743926072e-05
0.00010611143811376154
0.0002652172587818203
0.0005347328675825122
0.0009718748360630107
0.0015793724359655851
0.0020714939953621475
0.0020385039487476764
0.0014742653921828567
0.0007892144901353646
0.00033579159252397904
0.00020213328941542103
0.00018284072138237482
0.00027205904045132036
0.0003877725069611407
0.0004656963221251683
0.0004391835356714016
0.00032100135135517836
0.00022871509865000447
0.00026102704305498237
0.0005076416328588194
0.0011028607539022846
0.0019663764960936737
0.002538335166780227
0.002291623805464612
0.0014411532922708943
0.0006337064439733904
0.00019784330271863272
5.846686147415033e-05
8.043050838315931e-05
0.0002265162431025566
0.0004591574091209238
0.0006226044137261005
0.0005663180437460089
0.0003623604919954529
0.0002205344971565359
0.00023475766291391513
0.0002917773980976525
0.0003367364868912808
0.00026888107146443995
0.00014429386709304128
5.1871967339248503e-05
1.2489347190276886e-05
2.014509543487982e-06
2.1774811543317825e-07
1.5777426322393064e-08
7.665748269615719e-10
2.4982823583073757e-11
5.46280281214951e-13
8.016361423690427e-15
7.89599391645386e-17
5.221095368065707e-19
2.317802792897521e-21
6.908187131415522e-24
1.3823468051233173e-26
1.856992812707564e-29
1.6745733619547205e-32
6.863988282225568e-07
5.286459511889022e-06
2.7135313002748923e-05
9.282956359677185e-05
0.00021165051535016876
0.0003216132257205608
0.00033929527092745423
0.00026217722145881406
0.00013501861685224906
4.6341906974272015e-05
1.060072810721533e-05
1.6161402198331378e-06
1.64211636553932e-07
1.1120142907059635e-08
5.018782278392666e-10
1.5096208704978264e-11
3.0263487588761496e-13
4.043445622017006e-15
3.6005246370916295e-17
2.1367883896394751e-19
8.451597222474022e-22
2.2279098641959704e-24
3.914154725405997e-27
4.583106087758232e-30
3.5765424119703594e-33
1.860151842981462e-36
6.447850545734202e-40
1.4895774057693676e-43
0.0
0.0
0.0
0.0
0.0
0.0
0.0
0.0
0.0
0.0
0.0
0.0
0.0
0.0
0.0
0.0
0.0
0.0
0.0
0.0
0.0
0.0
0.0
0.0
0.0
0.0
0.0
0.0
0.0
0.0
0.0
0.0
0.0
0.0
0.0
0.0
0.0
0.0
0.0
0.0
0.0
0.0
0.0
0.0
0.0
0.0
0.0
0.0
0.0
0.0
0.0
0.0
0.0
0.0
0.0
0.0
0.0
0.0
0.0
0.0
0.0
0.0
0.0
0.0
0.0
0.0
0.0
0.0
0.0
0.0
0.0
0.0
0.0
0.0
0.0
0.0
0.0
0.0
0.0
0.0
0.0
0.0
0.0
0.0
0.0
0.0
0.0
0.0
0.0
0.0
0.0
0.0
0.0
0.0
0.0
0.0
0.0
0.0
0.0
0.0
0.0
0.0
0.0
0.0
0.0
0.0
0.0
0.0
0.0
0.0
0.0
0.0
0.0
0.0
0.0
0.0
0.0
0.0
0.0
0.0
0.0
0.0
0.0
0.0
0.0
0.0
0.0
0.0
0.0
0.0
0.0
0.0
0.0
0.0
0.0
0.0
0.0
0.0
0.0
0.0
0.0
0.0
0.0
0.0
0.0
0.0
0.0
0.0
0.0
0.0
0.0
0.0
0.0
0.0
0.0
0.0
0.0
0.0
0.0
0.0
0.0
0.0
0.0
0.0
0.0
0.0
0.0
0.0
0.0
0.0
0.0
0.0
0.0
0.0
0.0
0.0
0.0
0.0
0.0
0.0
0.0
0.0
0.0
0.0
0.0
0.0
0.0
0.0
0.0
0.0
0.0
0.0
0.0
0.0
0.0
0.0
0.0
0.0
0.0
0.0
0.0
0.0
0.0
0.0
0.0
0.0
0.0
0.0
0.0
0.0
0.0
0.0
0.0
0.0
0.0
0.0
0.0
0.0
0.0
0.0
0.0
0.0
0.0
0.0
0.0
0.0
0.0
0.0
0.0
0.0
0.0
0.0
0.0
0.0
0.0
0.0
0.0
0.0
0.0
0.0
0.0
0.0
0.0
0.0
0.0
0.0
0.0
0.0
0.0
0.0
0.0
0.0
0.0
0.0
0.0
0.0
0.0
0.0
0.0
0.0
0.0
0.0
0.0
0.0
0.0
0.0
0.0
0.0
0.0
0.0
0.0
0.0
0.0
0.0
0.0
0.0
0.0
0.0
0.0
0.0
0.0
0.0
0.0
0.0
0.0
0.0
0.0
0.0
0.0
0.0
0.0
0.0
0.0
0.0
0.0
0.0
0.0
0.0
0.0
0.0
0.0
0.0
0.0
0.0
0.0
0.0
0.0
0.0
0.0
0.0
0.0
0.0
0.0
0.0
0.0
0.0
0.0
0.0
0.0
0.0
0.0
0.0
0.0
0.0
