a = 9.152256958862129 b = 5.080866592568874 c = 9.386569096714654 ,Gaussian ,LMH = 0.08 ,DW = [0.7 0.7 0.7]
0.0
0.0
0.0
0.0
0.0
0.0
0.0
0.0
0.0
0.0
0.0
0.0
0.0
0.0
0.0
0.0
0.0
0.0
0.0
0.0
0.0
0.0
0.0
0.0
0.0
0.0
0.0
0.0
0.0
0.0
0.0
0.0
0.0
0.0
0.0
0.0
0.0
0.0
0.0
0.0
0.0
0.0
0.0
0.0
0.0
0.0
0.0
0.0
0.0
0.0
0.0
0.0
0.0
0.0
0.0
0.0
0.0
0.0
0.0
0.0
0.0
0.0
0.0
0.0
0.0
0.0
0.0
0.0
0.0
0.0
0.0
0.0
0.0
0.0
0.0
0.0
0.0
0.0
0.0
0.0
0.0
0.0
0.0
0.0
0.0
0.0
0.0
0.0
0.0
0.0
0.0
0.0
0.0
0.0
0.0
0.0
0.0
0.0
0.0
0.0
0.0
0.0
0.0
0.0
0.0
0.0
0.0
0.0
0.0
0.0
0.0
0.0
0.0
0.0
0.0
0.0
0.0
0.0
0.0
0.0
0.0
0.0
0.0
0.0
0.0
0.0
0.0
0.0
0.0
0.0
0.0
0.0
0.0
0.0
0.0
0.0
0.0
0.0
0.0
0.0
0.0
0.0
0.0
0.0
0.0
0.0
0.0
0.0
0.0
0.0
0.0
0.0
0.0
0.0
0.0
0.0
0.0
0.0
0.0
0.0
0.0
0.0
0.0
0.0
0.0
0.0
0.0
0.0
0.0
0.0
0.0
0.0
0.0
0.0
0.0
0.0
0.0
0.0
0.0
8.734806110352454e-34
5.534754906941668e-33
2.3373570902762645e-32
6.578597081303841e-32
1.2340224404493677e-31
1.5427458073395013e-31
1.2854264749763315e-31
7.138084000238954e-32
2.7060743709312036e-32
1.0732475218096585e-32
1.9500306396614462e-32
5.380346257600259e-32
1.0424059385010227e-31
1.3487249387638854e-31
1.1631199849571198e-31
8.411244967510397e-32
3.688631568335864e-32
1.0780820856049991e-32
2.1000030648811742e-33
2.7262744650283864e-34
2.3588524252636366e-35
1.3602336520469088e-36
5.227665693804261e-38
1.3390094652239455e-39
2.2858147731641972e-41
2.600638404671417e-43
1.971970693109065e-45
9.965577917608915e-48
3.356495506477615e-50
7.534443826213122e-53
1.127191945194291e-55
1.1238959397423972e-58
7.468542832144004e-62
3.307708261463559e-65
9.763377197039197e-69
1.9206776664081385e-72
0.0
0.0
0.0
0.0
0.0
0.0
0.0
0.0
0.0
0.0
0.0
0.0
0.0
0.0
0.0
0.0
0.0
0.0
0.0
0.0
0.0
0.0
0.0
0.0
0.0
0.0
0.0
0.0
0.0
0.0
0.0
0.0
0.0
0.0
0.0
0.0
0.0
0.0
0.0
0.0
0.0
0.0
0.0
0.0
0.0
0.0
0.0
0.0
0.0
0.0
0.0
0.0
0.0
0.0
0.0
0.0
0.0
0.0
0.0
0.0
0.0
0.0
0.0
0.0
0.0
0.0
0.0
0.0
0.0
0.0
0.0
0.0
0.0
0.0
0.0
0.0
0.0
0.0
0.0
0.0
0.0
0.0
0.0
0.0
1.3885347912434343e-08
9.238323767694499e-08
4.0964828338258195e-07
1.2106278160148328e-06
2.3844691361039213e-06
3.130071878714314e-06
2.738409950985641e-06
1.5967030909653589e-06
6.20485184130463e-07
1.6070160490608274e-07
2.7738984655210368e-08
3.1911149956321887e-09
2.4466728201259844e-10
1.2502327995314272e-11
4.257821271976507e-13
9.664191222068781e-15
1.461925192217203e-16
1.4738942807539215e-18
9.903508198444586e-21
4.434997153556717e-23
1.3236683163754286e-25
2.6329738751796026e-28
3.4905629493150475e-31
3.362241861472434e-33
2.2666290778736962e-36
1.0183885527407047e-39
3.0494962961693214e-43
6.085892259763727e-47
0.0
0.0
0.0
0.0
0.0
0.0
0.0
0.0
3.527587131261963e-06
2.631639266609258e-05
0.00013084481404266923
0.0004335789795893718
0.0009575500245854175
0.0014094065087502162
0.0013825874868567808
0.0009039210900558835
0.0003938673353804776
0.0001143802282080601
2.213775112025767e-05
2.855601430233458e-06
2.4549532665494494e-07
3.8168742159852474e-08
1.6686147058096227e-09
4.861673997693649e-11
9.44054678094722e-13
1.2217715608938798e-14
1.0538151146403397e-16
6.057876048118926e-19
2.3209078137080085e-21
5.92620876694508e-24
1.0085038274821575e-26
1.1438253125606354e-29
8.646162700619773e-33
4.355807239849983e-36
1.4624985673882061e-39
3.272681899149624e-43
0.0
0.0
0.0
0.0
0.0
0.0
0.0
0.0
0.0
0.0
0.0
0.0
0.0
0.0
0.0
0.0
0.0
0.0
0.0
0.0
0.0
0.0
0.0
0.0
0.0
0.0
0.0
0.0
0.0
0.0
0.0
0.0
0.0
0.0
0.0
0.0
0.0
0.0
0.0
0.0
0.0
0.0
0.0
0.0
0.0
0.0
0.0
0.0
0.0
0.0
0.0
0.0
0.0
0.0
0.0
0.0
0.0
0.0
0.0
0.0
0.0
0.0
0.0
0.0
0.0
0.0
0.0
0.0
0.0
0.0
0.0
0.0
0.0
0.0
0.0
0.0
0.0
0.0
0.0
0.0
0.0
0.0
0.0
0.0
0.0
0.0
2.185023364963147e-34
1.4307750482584291e-33
3.997137297831854e-33
1.330965869510502e-32
2.9536995697271694e-32
4.368650168848281e-32
4.3063543804244486e-32
2.8291359124670273e-32
1.2387378427351093e-32
3.614818923164784e-33
7.030322328271507e-34
9.112666475972428e-35
7.87222071119821e-36
4.532424687155808e-37
1.7391837910140036e-38
4.447765790337436e-40
7.580884664695574e-42
8.611512111193465e-44
6.519593112318284e-46
3.2896001744492784e-48
1.1062347274870406e-50
2.4793224223235187e-53
3.7033970507192635e-56
3.686795874734147e-59
2.4461295696443834e-62
1.0816614961901812e-65
3.1877542358704384e-69
1.1268030114411105e-71
0.0
0.0
0.0
0.0
0.0
0.0
0.0
0.0
0.0
0.0
0.0
0.0
0.0
0.0
0.0
0.0
0.0
0.0
0.0
0.0
0.0
0.0
0.0
0.003690271175012451
0.025560969657174793
0.07413515742922114
0.2611234279031267
0.6129838191975259
0.9590333972598512
1.0
0.6949408113053093
0.3218675409704012
0.09935462657235193
0.020439984253290154
0.0028025577246698196
0.0002561003219711506
1.559722117030419e-05
6.33090628498018e-07
1.7126400164639944e-08
0.00014580891440110414
0.0013285884016508685
0.008068249181381841
0.03265500072658031
0.08808493559403974
0.15835622225731086
0.18973618866891104
0.15151190557002245
0.08063524252176194
0.028601221463306927
0.006761231611534484
0.0010652427669364136
0.00024802643703535895
1.98711652764651e-05
1.0610363063495475e-06
1.0253860021739564e-06
7.40772865344735e-06
3.702148277066232e-05
0.0001233264628192295
0.0013413749889823762
0.008224796264180625
0.0385728747130617
0.12446050128001611
0.26942345223760467
0.3892284901898298
0.3748637778889451
0.24062887568825697
0.10294573873222154
0.029352934733349916
0.0055779732639687175
0.0007064524174566708
5.9630844391409384e-05
3.3545985310772993e-06
1.2577423785002171e-07
3.1428552875667117e-09
5.234059107361046e-11
5.809441853841063e-13
2.307273760192805e-14
1.3022593786935729e-16
4.898661255578001e-19
1.228114536945095e-21
2.0520213906404698e-24
2.2851117994994705e-27
1.7172118101156816e-30
5.755205740711838e-32
1.0081173614280805e-31
1.1943108548429707e-31
9.429885166699399e-32
4.96223099502724e-32
1.7403199482173776e-32
4.0678297446734254e-33
6.336916508910668e-34
1.2981623630328332e-34
4.48470628362117e-34
2.051582533850732e-33
6.317834389167982e-33
1.29679877952057e-32
1.774021715734124e-32
1.6174349485417106e-32
9.828251519999807e-33
3.980221577525535e-33
1.0742856770187234e-33
1.9324749341023867e-34
4.915233102306464e-35
4.4961499110557244e-36
2.7410628620566786e-37
1.1137270200027836e-38
3.0159217199698364e-40
5.443057497357558e-42
6.547075168337635e-44
5.248476784811397e-46
2.8041470355302225e-48
9.985040526678211e-51
2.3696294018941615e-53
3.7479395361600145e-56
3.9508111459703114e-59
2.7756296164689242e-62
1.2996257378689117e-65
4.0556142696874857e-69
8.434833797471081e-73
1.9994519475467618e-09
1.7973187829939493e-08
1.0767646835292239e-07
4.299302872418623e-07
1.1440811419558215e-06
2.029070615477343e-06
2.3983857998882377e-06
1.8893937525994084e-06
9.919903650964327e-07
5.153057241892033e-07
1.375791196385518e-07
2.4480576087700084e-08
2.903168809302714e-09
2.2945868120579955e-10
1.2086992294967227e-11
4.243395832556069e-13
9.928654402072037e-15
1.5482774574843926e-16
1.6091211214301337e-18
1.11457738907404e-20
5.1453304250019594e-23
1.5830618261698336e-25
3.2462616553501365e-28
2.9243417049471517e-07
2.2820649550956395e-06
1.186887165810537e-05
4.114076981927837e-05
9.5042301021385e-05
0.00014633325020406364
0.00015015874973062614
0.00010269275769544255
4.680697098895018e-05
1.4218795462473856e-05
2.878701435968066e-06
3.8842930711400944e-07
8.156235570552858e-08
5.596386582727486e-09
2.5592175241464373e-10
7.799885784931532e-12
1.5843489262833538e-13
2.1448403567878376e-15
1.935176847982557e-17
1.1636647927556887e-19
4.663550436742503e-22
1.2456241210196636e-24
2.2173736856269623e-27
2.6307060113667716e-30
2.0801147485993024e-33
1.0961849055863833e-36
3.850010287992041e-40
9.01200679876387e-44
0.0
0.0
0.0
0.0
0.0
0.0
0.0
0.0
0.0
0.0
0.0
0.0
0.0
0.0
0.0
0.0
0.0
0.0
0.0
0.0
0.0
0.0
0.0
0.0
0.0
0.0
0.0
0.0
0.0
0.0
0.0
0.0
0.0
0.0
0.0
0.0
0.0
0.0
0.0
0.0
0.0
0.0
0.0
0.0
0.0
0.0
0.0
0.0
0.0
0.0
0.0
0.0
0.0
0.0
0.0
0.0
0.0
0.0
0.0
0.0
0.0
0.0
0.0
0.0
0.0
0.0
0.0
0.0
0.0
0.0
0.0
0.0
0.0
0.0
0.0
0.0
0.0
0.0
0.0
0.0
0.0
0.0
0.0
0.0
0.0
0.0
0.0
1.7023860458749696e-07
1.1592768926267918e-06
5.261358029739805e-06
1.5914393087782533e-05
3.2082178741386826e-05
4.310415893596085e-05
3.859722173702746e-05
2.3034270497369593e-05
9.161665439884377e-06
2.4285997304751122e-06
0.0003262093436871962
0.0020676704763626656
0.008747907187992607
0.024671100658930686
0.04640295559836202
0.0582715144109959
0.0489990045559697
0.02779848590890804
0.01084210574438444
0.0030317370372756215
0.0006538473240156135
0.00011689398038063691
1.7331080351738623e-05
1.9833717133429697e-06
1.6281846864770193e-07
2.5015184907593085e-08
1.0876908597884129e-09
3.17268196270966e-11
6.183106667585114e-13
8.038502432846929e-15
6.967519770324386e-17
4.0255053854645657e-19
1.5501217822450294e-21
3.978331026029574e-24
6.804882396578754e-27
7.757522260159502e-30
5.893963171007922e-33
2.9845132821087915e-36
1.0072127189375156e-39
2.2654291996223022e-43
0.0
0.0
0.00011209598161587726
0.0009560086445942123
0.005433943800221308
0.02058495935375519
0.05197164141284846
0.08745092368425156
0.09807174817638577
0.07330016984478217
0.036513006395583976
0.01832071604413437
0.004701813809697457
0.0011599869955921632
0.001594190488540669
0.004018309373425416
0.007122174973364029
0.008426330386582987
0.006644539617592563
0.003491993211526677
0.0012231041776863398
0.0002855190283422198
4.442098788020781e-05
4.60598921185454e-06
3.1830185413235614e-07
1.4660101211060362e-08
4.5000394077569355e-10
9.206132337725943e-12
1.25521944471193e-13
1.1406270095410602e-15
6.907950110404133e-18
2.7882793459201666e-20
7.500753947835456e-23
1.3447919630830031e-25
1.6068925559169637e-28
1.2796762828327838e-31
6.791957367245522e-35
3.55379494128431e-37
9.591571650914474e-41
0.00011579459615808767
0.0009459906746530878
0.005150708431369882
0.01869083163624077
0.04520347609521959
0.0729465259715511
0.07892616723406964
0.05938988886116526
0.038168108596206354
0.034494498312846976
0.041248437325916376
0.04040181363003667
0.02798508093912133
0.01440111283771104
0.006740915830705697
0.003470783796853059
0.0016992311081051607
0.0006307077467589754
0.0001613678392870822
2.7735693275439465e-05
3.182996707098388e-06
2.43554555658341e-07
1.2421649258574923e-08
1.363561347956331e-09
3.53648205393951e-11
6.112946396242738e-13
7.042250156677629e-15
5.406969238492381e-17
2.7668008929231514e-19
9.435902960429334e-22
2.1447198600310918e-24
3.248921582214725e-27
3.280117740290437e-30
2.2070958044875345e-33
9.89770454367297e-37
2.9582122699132464e-40
5.892583302596196e-44
1.3715222943939618e-61
6.168764846275823e-35
4.880130202304898e-34
2.573037710630296e-33
9.041540700883575e-33
2.1174846958732085e-32
3.233193602857865e-07
2.7412156979193405e-06
1.548945929636031e-05
5.833253542678429e-05
0.0001464087380799147
0.0002449089686952745
0.00027546346812942356
0.00023431726172055227
0.00013283915491159824
5.019141885490925e-05
1.2639048776261722e-05
2.121196271394123e-06
2.372623722917724e-07
1.7687173255355635e-08
8.787585017699762e-10
2.9097936894760156e-11
6.421498771588623e-13
9.444786783064619e-15
9.258261869924509e-17
6.048508723342889e-19
2.633593309452771e-21
7.642415706698856e-24
2.6202075234635335e-06
2.1729145340553447e-05
0.00012009672057993757
0.0004423858225615926
0.0010860574534999146
0.0017769939480657537
0.0019377629376448515
0.0014083055468032636
0.0006821418310742989
0.00022020847212930614
8.271312788596283e-05
1.3578017553311099e-05
1.4855245564734378e-06
1.083190526419059e-07
5.263945921055392e-09
1.704902442745992e-10
3.680181139520663e-12
5.294444569120251e-14
5.07636877899547e-16
3.2439001012735464e-18
1.3815395630970824e-20
3.921396253088488e-23
7.418219522041738e-26
9.352768408328678e-29
7.858908426953015e-32
4.401146492502977e-35
1.6426724312678121e-38
4.0861815719446096e-42
0.0
6.957048341199065e-07
5.366138500095749e-06
2.7585463300265395e-05
9.451053798085222e-05
0.0002158051161581919
0.00032841636185018224
0.00034681750694920123
0.00026839019240620747
0.00013842477283761972
4.758198387616458e-05
1.090066064774807e-05
1.6643499299335426e-06
1.6936279515148936e-07
1.1486108949677757e-08
5.191697720745257e-10
1.5639663819000662e-11
3.1399806865455674e-13
4.201535992972974e-15
3.746888314496693e-17
2.226973021999422e-19
8.821464932236032e-22
1.829594417520121e-05
0.00013589984444863318
0.0006739621170739674
0.002231540106905722
0.004933148076964167
0.007280961134713195
0.007174483086566747
0.004719756351594119
0.0020728264549518503
0.0006077232264706541
0.00011894094000432081
3.2030440437237716e-05
3.1960765025253623e-06
2.1286330242585325e-07
9.462184116299746e-09
2.807149851765156e-10
5.5577538268855295e-12
7.34290511483652e-14
6.473609811103198e-16
3.808115418086438e-18
1.4946301100979778e-20
3.91374645566211e-23
6.836953957417061e-26
7.967458381473239e-29
6.193568026222924e-32
3.2114669320430444e-35
1.110671610319496e-38
2.5619262446793793e-42
0.0
0.0
0.0
0.0
0.0
0.0
0.0
0.0
0.0
0.0
0.0
0.0
0.0
0.0
0.0
0.0
0.0
0.0
0.0
0.0
0.0
0.0
0.0
0.0
0.0
0.0
0.0
0.0
0.0
0.0
0.0
0.0
0.0
0.0
0.0
7.3074995267307735e-06
6.50415134608331e-05
0.00038582825523811234
0.0015253832314149893
0.004019254020821202
0.007058192358685701
0.008260818371259976
0.006443911646525237
0.0033516605081512123
0.0011701040111144778
0.0003011330644248535
0.00011857061072692912
0.00012454604309853514
0.00012505984218081346
8.624852322715765e-05
3.972319538989729e-05
1.2194840557931907e-05
2.4951315125331984e-06
3.4024562978464624e-07
3.092240293679319e-08
1.872990021006923e-09
7.561000039728931e-11
2.0342511273781442e-12
3.647635540281246e-14
4.359130391412476e-16
1.8186941407181366e-17
1.1052249219132518e-19
4.476341580325034e-22
1.2083070719258046e-24
2.506420966951035e-06
1.9365017363753307e-05
9.971564775124316e-05
0.0003422081015746189
0.000782767851696664
0.0011937148448543523
0.001215824210639429
0.0008361230614479159
0.000413354785917109
0.00019148537456594098
0.0001218093207857298
8.533549237168586e-05
4.5701278116172766e-05
1.672276875862681e-05
4.094943489353938e-06
6.687397221523041e-07
7.279379584654314e-08
5.281054671878306e-09
2.5534638847757134e-10
8.228497083462602e-12
1.767229282527155e-13
2.5295707564161837e-15
1.19028322873404e-16
8.663768284585858e-19
0.0003162690705314595
0.0021487073279866696
0.009729249838935744
0.029360469424358115
0.059051125858003976
0.07915437383287201
0.07071364131858532
0.042102999134986586
0.01670765033908085
0.004422461699724023
0.0008032941745155685
0.0001929801417159088
0.00028755362117800255
0.000516647363858287
0.0006335583009104872
0.00051815205518226
0.0002824345514948691
0.00010260303589240434
2.4841862434062497e-05
4.008571571362313e-06
4.3109866704110733e-07
3.089905988586167e-08
1.4760307334269616e-09
4.699234122771204e-11
3.767752770157271e-12
6.87514547772527e-07
5.362958722853581e-06
2.788101647430594e-05
9.660381998756965e-05
0.00022308046707147228
0.00034332888132138377
0.0003521605309188598
0.0002407423910704105
0.00010968468883849258
3.330588618560629e-05
6.74027363411595e-06
9.091082739165538e-07
8.172129517350556e-08
4.895943753695346e-09
1.9548756941474045e-10
5.20215660600948e-12
9.226335554101527e-14
1.0905777101440684e-15
0.00020197812534634128
0.0017505513492625242
0.010111763889869478
0.03892786040204144
0.09987934745254488
0.1707939200667259
0.19494154642057224
0.1695132683503341
0.0982391364634306
0.03794433302241638
0.009898027787426449
0.002790694783412309
0.006546745541302885
0.02415753617764071
0.06112946875053558
0.10315805637728166
0.1160363926364909
0.08701543386541531
0.04352130208908548
0.01453412766839402
0.0032496473369425442
0.0004896719509004327
5.049913028622527e-05
3.6834314926591603e-06
2.0121958169542666e-07
8.776940648954189e-09
3.114969220992146e-10
8.585223156196531e-12
1.7205627838056907e-13
2.394957321210137e-15
2.2617160975186734e-17
1.4340250188420624e-19
3.928132378319487e-21
1.2714652106006924e-23
2.7446672077516524e-26
3.949763188764529e-29
3.788610665179351e-32
2.422082376186018e-35
1.0320089681147271e-38
2.930676457698388e-42
0.0
0.0
0.0
0.0
0.0
0.0
0.0
0.0
0.0
1.131824329816864e-05
7.75963371640555e-05
0.00035455610331297326
0.00107971779265559
0.0021913769984791627
0.002964186245101533
0.0026722397794372078
0.0016215779460613195
0.0007585189508043468
0.0006233679962275639
0.0013213694170298375
0.003100879835841234
0.005043101226755382
0.005478424250642176
0.003996427805429214
0.002117573544045513
0.0015469711367167398
0.002976347198183283
0.00588826684438656
0.008480600200315458
0.01036862766818367
0.015681713177030945
0.02824831333400093
0.04165683602218364
0.043013424926033564
0.031308553372905945
0.020002717284664906
0.018369936922976643
0.021500155583972495
0.020071395017216866
0.012858250865442141
0.005513064808437466
0.0015763167438223884
0.0003004081381070597
7.940745428982469e-05
7.695516449947886e-06
4.97045345041575e-07
2.1396159483525608e-08
6.138428392274543e-10
1.1737081229542943e-11
1.495700279442461e-13
1.2703125466182131e-15
7.190484401479152e-18
2.7126093703032755e-20
6.820212638442235e-23
1.1428528297857796e-25
1.276810791895324e-28
1.2587925488148336e-31
1.333857696575734e-32
3.812832294686783e-33
7.289554685621363e-34
9.288329468153548e-35
7.887797920658562e-36
4.464321755462967e-37
1.6839792973206298e-38
4.233499925107382e-40
7.093227890107606e-42
9.749229441630204e-07
8.845513015951932e-06
5.348811692557562e-05
0.00014170364573943268
0.0004357304262071874
0.0008929688269488877
0.0012196529136061904
0.0011102422881802572
0.0006827417789130647
0.00033971131276716777
0.0004030206006008302
0.0010881891073061735
0.002338156998610849
0.0033849098681287865
0.0032678630497085448
0.002102696319813412
0.0009017197952854372
0.0002577200725079637
4.909151518108517e-05
6.232268803191637e-06
5.273117694619476e-07
2.973516147015205e-08
1.1175184083032224e-09
2.7991142071364033e-11
4.67270215705117e-13
5.198728396820948e-15
3.854851975685231e-17
1.9050212810732245e-19
6.274418829026116e-22
1.1086389888252405e-23
1.856805448920656e-26
0.00017291092254768516
0.0012408493228405198
0.005937060142775451
0.01894079275977172
0.04029205913670743
0.057155442261741234
0.0540675606860414
0.03411013371151152
0.014352503959344141
0.004028453293156568
0.0008183452092114049
0.0006701181998494348
0.0034907993907233826
0.014106033199777735
0.03814486303796289
0.06879881555348068
0.08272403902879967
0.06629981352845023
0.03541548423282942
0.01260848472560957
0.002991692747600978
0.0004731008506581693
4.986231578983651e-05
3.50245750787565e-06
4.7592742086769617e-07
1.6999800388068448e-08
4.0469559541988704e-10
6.4208819721895835e-12
6.789572751186632e-14
6.354125647165965e-06
4.859244890784904e-05
0.00024766425112634333
0.0008412777598951663
0.0019045704461454118
0.002873665553115347
0.0028904266715679625
0.0019422612563677797
0.0008946997055656115
0.0003625828390105477
0.00029924879222539196
0.00039739664386798925
0.00041043216902443666
0.0002866017877126523
0.0001335447634919417
4.1476379860195186e-05
8.585391550587978e-06
1.1844077267369868e-06
1.088990100426461e-07
6.673108435287452e-09
8.278758406833447e-10
2.5797168467534235e-11
5.357478276870429e-13
7.4153276602018e-15
6.159007891569574e-06
5.390365845806689e-05
0.0003300133511469514
0.0013267081187674217
0.00363272383351106
0.0068537641023535606
0.009038868734719804
0.008453530827044167
0.005661314727368499
0.0027224105091230833
0.0009621619519705579
0.0003359711618982046
0.0002677382126842835
0.00031185254106041223
0.000272888353669815
0.00016088929040312638
6.327851353779523e-05
1.6588298205284567e-05
2.898224100933102e-06
8.555396690980384e-07
3.9174282548689755e-06
1.9480714835162895e-05
4.549897027581608e-05
0.00011582161315037719
0.00019649911666338367
0.00024788520492187725
0.00033579176676309746
0.0008190988681721446
0.0021667652121172597
0.004153497820199476
0.005360904321860825
0.004616982147730634
0.002650446993375376
0.0010140711210830705
0.00025858304131953715
8.574830677967986e-05
0.0002825245083890089
0.0012285165226831234
0.003621958884293753
0.007118949816445837
0.009328773278368991
0.008164100414887894
0.004840323172546636
0.002151606960982423
0.0011146231973719412
0.0009492509731105075
0.0007932286070828737
0.0004727636916231861
0.00026879585651037234
8.228788372193484e-05
1.6794149644294042e-05
4.829355440584307e-06
2.0936369472836512e-05
0.00011254410507087512
0.0004071430501007718
0.0009817480971641447
0.0015777390849499538
0.001689864390905736
0.00162044831983629
0.003450882417866634
0.013501447352494915
0.041136167782337876
0.08451959669756848
0.11583104056457962
0.10580567052958592
0.06443293848360919
0.026264825943636112
0.0075743341210963554
0.0025787785092317027
0.0023893651029148135
0.002566069708048861
0.0019442872946031815
0.0009858927714158513
0.0005004861036838876
0.0001290915891842024
2.2191513530289647e-05
2.542480047267327e-06
1.9413763685338203e-07
9.879693533346444e-09
3.350879074708582e-10
7.574528187003947e-12
1.1411269569194368e-13
1.1457606211929074e-15
7.667174842163157e-18
1.528486876994624e-05
0.00012762224186268969
0.0006876984402251875
0.0025256355685361934
0.006379148649931008
0.01119177163032134
0.013759706154664613
0.011914119265553288
0.007260333544502106
0.003094864063250117
0.0009142600423735406
0.00018533100048360294
2.5558079281591666e-05
2.3818374840473837e-06
1.4928916994274916e-07
1.8866210109369806e-08
2.5328903105974883e-05
0.0001649173039069456
0.0007156619843044302
0.0020698136777734244
0.003989662007593493
0.005125337938842709
0.004388240838362396
0.002504032445911162
0.0009522938886513308
0.00024137016691677546
4.077347554746256e-05
4.590430562163872e-06
3.4443768405164e-07
3.59505946125558e-06
2.6690665309563494e-05
0.00013269709537107533
0.00043969774652577844
0.0009710210676101633
0.0014291723775853012
0.0014019164220310594
0.0009165183838498882
0.0003993390554142697
0.00012459195407894924
9.745928059604327e-05
0.00043759612641686255
0.001119984721933854
0.0032985899580270897
0.006478058074841628
0.008479061000681107
0.007404123818390161
0.004354703049767756
0.0019285964502246634
0.0012732700841144597
0.001890152191952908
0.002678684153385608
0.002992490659151889
0.0036411448662297605
0.006027608861965024
0.009449717339369628
0.011051373896322794
0.011026097415701572
0.01641780524586803
0.03524755915901894
0.06224830870666118
0.07553641403995602
0.061324965024273405
0.033197579150325854
0.011977951771810689
0.0028803376243566737
0.000461621651804575
0.00010871319100497169
8.859876129582159e-06
3.205210121647225e-06
1.7569609061308702e-05
7.53777067177526e-05
0.00021574030386570136
0.0004130217855526513
0.0005326262387412274
0.00048314883207667186
0.0003680071477300608
0.0003473793236765787
0.0005077168153655225
0.0009842453771890147
0.0018684571273756341
0.0027152144655439962
0.002732038222820124
0.002058249425079855
0.002267201711565706
0.0067934844576567075
0.019983841956607833
0.04049023510580405
0.054798162442642975
0.049434124771564655
0.029721686468895513
0.011911250223385525
0.0031911844291270704
0.0010835050384117053
0.0002513331946048563
0.00026792678434119164
0.00040068799513606637
0.0004180388083360199
0.000291200001651084
0.00013520035682628746
4.18356971225709e-05
8.627754429160376e-06
1.1858509077944515e-06
1.0862854279256175e-07
6.63192132027518e-09
2.6984621131871245e-10
7.317703905697713e-12
1.3225584932785606e-13
1.5930759932055516e-15
1.2789090056612932e-17
6.842650309987266e-20
6.100872191402034e-06
4.2805371332365065e-05
0.00020016408653672724
0.000623814689518234
0.001295706339787099
0.0017936558503922903
0.0016548292979715938
0.0010175337718259007
0.0005872821213336491
0.00018363057374534038
3.826702945872916e-05
5.31478937905828e-06
4.91959004904401e-07
3.034962424538148e-08
1.2478410568302462e-09
2.469101516808152e-06
1.611391634634091e-05
7.008914984589437e-05
0.00020318050929113305
0.000392549876645231
0.0005054627944654253
0.00043377557191315893
0.00024809758466865764
9.457177267954357e-05
2.402603310965742e-05
4.0680301311055335e-06
4.5905825232647667e-07
3.452494418151238e-08
1.3895096810908878e-05
9.453297733190999e-05
0.00042868689321095107
0.001295623706462463
0.0026097512585145136
0.0035034900928207395
0.0034030599966569184
0.002323132412834851
0.0010569632095216456
0.0003204994772544746
6.47703626129003e-05
8.723823684339057e-06
9.106965076442924e-07
9.635859537478303e-07
4.391637882060167e-06
1.4009494893765075e-05
2.9797627580871226e-05
4.2240004920887295e-05
3.990688165563794e-05
2.5127725228128e-05
1.0544842657136503e-05
4.871143182624658e-06
1.830916179394231e-05
0.00010944006854465211
0.0004489197820976375
0.00122801296159073
0.0022388446430889096
0.002720361500097019
0.0022029814072656068
0.0011889855921622943
0.00042768488342545595
0.00017301186698630739
3.469520552618511e-05
2.2164362439275952e-05
7.211736325554697e-05
0.00018764415439863463
0.0003267548621643233
0.000379252300077693
0.00029337068534410866
0.00015124700092332977
5.222175572767528e-05
1.398590381890894e-05
1.324929488526363e-05
4.196277414240485e-05
0.00010175847532333122
0.0001651465100477772
0.00017864887247887355
0.00012879948107779552
6.188843980748993e-05
1.981921754600598e-05
4.230045348767664e-06
6.017070362521723e-07
5.7043570994670095e-08
3.6042081816173263e-09
1.5177302127948682e-10
7.372994277760664e-11
4.5039831044536736e-10
1.2495941983564458e-09
4.118983181411131e-09
9.048865514201158e-09
1.3248899367512244e-08
1.2928466585786496e-08
8.40805959828647e-09
3.6444004676754858e-09
1.052780795731962e-09
2.026895520293424e-10
2.6007961865028657e-11
2.224143605393685e-12
1.8020804202697267e-07
0.00010516746651567055
0.000882023676722128
0.004942596419627232
0.018484076536353318
0.04610360502394054
0.07666910714307744
0.08499166592006051
0.06280021639035423
0.03092805938996668
0.010151708818963117
0.002220824884668984
0.0003237984919563784
3.479489351432819e-05
3.185377213563494e-05
0.00010286884343266277
0.0004671129099666923
0.0014172100574078575
0.0028657351121180023
0.003862064027557013
0.0034688413915200233
0.002076495355871752
0.000828436134832492
0.00022027674560817163
3.9035506379915906e-05
4.6103355106581946e-06
3.6289985449758834e-07
1.9038056204914852e-08
6.656408451967448e-10
2.088934940838876e-08
1.976780296701618e-07
1.2476563464669858e-06
5.248239338269249e-06
1.4713426813261301e-05
2.7491319344698355e-05
3.4234097266377655e-05
2.8412125608244626e-05
1.571556936753069e-05
5.83737668839468e-06
1.7743562761921046e-06
1.565382042509582e-06
4.605911011826259e-06
1.2369720557360579e-05
2.2533240944428142e-05
2.8098056399564927e-05
2.559440428733386e-05
2.0002767527971534e-05
1.5823079059955144e-05
1.1728699819476354e-05
6.7254901505931605e-06
2.691682492417635e-06
7.420896376057101e-07
2.511380230093573e-07
6.522635693604624e-07
2.2543329307383463e-06
5.315871010185835e-06
8.35884429000691e-06
8.760015852375464e-06
6.118503567312426e-06
3.057712686153297e-06
2.472056631629724e-06
8.207972688719945e-06
2.7048158684524616e-05
6.06464237178598e-05
9.070395993638727e-05
9.04157481230253e-05
7.20151556963879e-05
3.650437888588186e-05
1.2332399190741796e-05
2.776717728060549e-06
4.1667499629051505e-07
4.167203369505807e-08
2.777624275722723e-09
1.233911042629734e-10
3.653219362564312e-12
7.208571308280921e-14
9.47990958432705e-16
8.308846575756927e-18
4.8535424501023356e-20
1.8895503692499864e-22
4.902749029005267e-25
8.478175447034412e-28
9.7711726049715e-31
7.505377114887038e-34
3.842199405700965e-37
1.310897787583164e-40
2.9808444153451994e-44
5.843144275846732e-71
0.0
0.0
0.00024323886921585603
0.0016822518507169455
0.004874131413398908
0.017141856434350504
0.0401938942925886
0.06287997041681323
0.06593305041768727
0.04734675533755736
0.025536589704117152
0.01340328945724898
0.00835823559957294
0.004940790407739473
0.0022292650863772272
0.0009296312785271594
0.0008726051114237107
0.0015310550192184174
0.002800536353863558
0.004794097210165572
0.006654802783349902
0.006655098024387883
0.004550728836390304
0.002090296165730246
0.0006825982211542517
0.00039200677536215206
0.001118585409068733
0.003099494628623301
0.0058139837907128615
0.007294468182677283
0.006816688005436674
0.004666644407998747
0.0031363861411211305
0.0036428506710922182
0.005077283893553532
0.005304467515486422
0.0037592127993975604
0.0018217256590127317
0.0007203295821691227
0.0004533995458764922
0.0004774908414074377
0.0004250163133886812
0.00035719360963741906
0.0008782452803705713
0.004177606144150267
0.015230654072395848
0.03773543260992983
0.06272610202486849
0.06969988044933234
0.05169725987696112
0.025610878000780542
0.008572663555283069
0.0021344255815956325
0.0006372185382307449
0.0003464998593409447
0.0002484960537542438
0.00018257549504896323
0.000330820805859426
0.0007739624989145847
0.001495348180362475
0.002604540231046521
0.004388352510901117
0.006311285431732485
0.006694185971230359
0.004888527651697744
0.002409952787798374
0.0008397741098735293
0.0004002596526696898
0.0007152964321923209
0.0015059262283653838
0.0025343900186701736
0.003550847148466043
0.004126375970666733
0.003694709883507989
0.0023693106447767215
0.0010438972877219854
0.00031022267276451567
6.172457832997566e-05
8.199286653340891e-06
7.263720073649605e-07
4.289736645685656e-08
5.192824562513165e-09
2.887016230916029e-06
4.9368768465500854e-05
0.0003027761779669397
0.001255374260636268
0.0035158143732667833
0.0066433635338307
0.008458589125785052
0.007247119509985049
0.0041725997297077655
0.0016123931994544377
0.00041769297811381726
7.246412729522867e-05
1.689471483551956e-05
5.769226317275462e-05
0.0003215486932846071
0.0011897195294590193
0.0033573642328456462
0.007296101181963168
0.011893272937192747
0.013953961211581923
0.011387863430983029
0.00632965635288727
0.002372559638738586
0.0006163203983503811
0.0002051975518153069
0.0002625464701514671
0.00057812630466901
0.0009288162560184052
0.0010031241772868553
0.0007397980179310609
0.0004028092489229922
0.00020268744759963813
0.00011701343826885952
7.120029634983872e-05
7.746967931070536e-05
0.00029621825409494984
0.001113922374949762
0.0028620151460878565
0.004907092242325663
0.005607717567792245
0.00427101417872956
0.002167991196341979
0.000733441647714943
0.00016536940683416226
2.4849995714295475e-05
2.4887370654014327e-06
1.4008520315588897e-06
8.117978045689219e-06
3.55070884837518e-05
0.00010359862096251777
0.00016986253826016033
0.00025814371025134825
0.0002857914375393558
0.0002898456749001667
0.00035221388803849255
0.00043524244760001713
0.0004118171980277475
0.00026798405819060286
0.00011697122729644966
3.4071066687370645e-05
6.6158265658113084e-06
8.562210090294529e-07
7.385391554986751e-08
4.245644018592817e-09
1.6266546072525956e-10
4.153638532953442e-12
7.068766023138044e-14
8.017520207674351e-16
7.734194496746359e-08
6.945127198370277e-07
4.1564912172204765e-06
1.657887581174917e-05
4.4072210915079314e-05
7.808293787903518e-05
9.219959240111735e-05
7.25576828698864e-05
4.936515835429422e-05
1.975502205000069e-05
5.317947548965249e-06
1.3097217035905941e-06
2.0012776002396958e-06
6.390788647985663e-06
1.436072877911798e-05
2.1535166094578544e-05
3.4391996847684384e-05
0.00012669188982432914
0.0006601569622382166
0.0025374173594669715
0.006553985091675272
0.011289524409839663
0.012961294836541046
0.009917547355550721
0.005057569347059914
0.0017189409875048732
0.00038936923793895975
0.00010158321584268953
0.0002975727204755901
0.001324962642173232
0.004009186589276101
0.008087544021798733
0.010878092959878814
0.009782107065334096
0.007357660454719323
0.0038452641684003286
0.002602799905977702
0.003453174146773084
0.004803452179007061
0.0053371124870722755
0.00493318296705247
0.0045671828356101405
0.005089389416286395
0.005758820911859733
0.0050736423038245364
0.003108246548934496
0.0012916843658142211
0.00041591541339562794
0.0003705186392536481
0.0010171207129046425
0.002224208990186873
0.00326549743666159
0.003200764654963831
0.002122797347787289
0.001112777982389207
0.0010114684310676013
0.001861726358244576
0.002925624162840644
0.003136743322652967
0.0022466635588250816
0.0014370603637357542
0.0005277240071797488
0.00013440827699106125
3.1255541103245935e-05
3.258208187486549e-05
0.00013558315349755434
0.00046912814066502344
0.0010994900089587388
0.0017197801710726063
0.0017930402386066946
0.0012459298135578678
0.0005770043861018028
0.00017809274985099635
3.663489210903301e-05
5.022560103750034e-06
4.589199276548418e-07
2.7946681056768045e-08
1.1342403912822285e-09
3.0680436015293623e-11
5.530946962775758e-13
6.645367586545679e-15
5.321328523641825e-17
2.839897615617659e-19
1.604940684905841e-07
1.0348249103265127e-06
2.8613632390799883e-06
9.381741483910027e-06
2.0501020421501915e-05
2.993199195011545e-05
2.964635592667849e-05
2.269944612096453e-05
2.371324100757792e-05
4.3523143349523864e-05
7.282443082661277e-05
8.48011180982538e-05
6.61330043989097e-05
3.4391200222227134e-05
1.1920188835960103e-05
2.753615077026593e-06
1.4467217351657836e-06
8.527408329633154e-06
4.690491913838254e-05
0.00017280949983073326
0.00042435101974470886
0.0006944880346189664
0.0007575055819598637
0.0005506662447125556
0.00026679188879870906
8.624956582283247e-05
1.922068740027471e-05
5.668239227941435e-06
7.044981206472413e-06
9.421464914878796e-05
0.000627478599011939
0.0030916422515544187
0.010383689224767666
0.023348614256059826
0.03502195051625432
0.03502111156594577
0.023372880466055953
0.010588193129701204
0.003956179612607569
0.0029518198231587123
0.004210735831538411
0.00485833892751594
0.0038181934048506054
0.0020942075543421068
0.0010291503993493539
0.0008190224244280194
0.0008713733179902399
0.0007265351310562276
0.0004127086684157243
0.00015666766680321858
4.117074670071508e-05
1.689647676417977e-05
4.640786678680446e-05
0.00013614280601708612
0.0002249793055212773
0.00034099428490837116
0.00034446717000028495
0.00023291248000043122
0.00011238893517930618
7.773146825497045e-05
0.00018106913891934758
0.0004405109828209369
0.0007410788743142063
0.0008370175692514775
0.000633636138443929
0.00032142715148039474
0.00010923853319295423
2.486654364683038e-05
3.7903671349134346e-06
3.867604201490179e-07
2.640942928638263e-08
1.2063970472650712e-09
3.685478566276157e-11
7.527157751111599e-13
6.454122794794581e-06
4.866260932677311e-05
0.0002445328298633658
0.0008307406859192988
0.0019026173207210698
0.0026959418249832188
0.0034857694463373873
0.0035525781859811934
0.003106557775463404
0.0023086934329566433
0.0013341052180141798
0.0005561970797325424
0.00016216021254981453
3.304870868059291e-05
5.053822726575884e-06
2.86106188339865e-06
5.275536920292562e-05
0.00035080647728107317
0.0017277361630695987
0.005985068258027365
0.015206203713518333
0.029685948577682583
0.04634594490222313
0.057441188234861065
0.05383561554018437
0.03649961770020646
0.01779211887034768
0.006594434255125088
0.0021257813541250723
0.0008185081872613593
0.0008560010061258261
0.0013003607349418489
0.002104089649204192
0.0023582999591673114
0.001819734062197114
0.0010664323531232858
0.0006238312033937365
0.0004360937841141677
0.00028312011337854433
0.00013490899555778616
4.383642398929554e-05
9.577864074525574e-06
1.4111124684075578e-06
1.4206571478476651e-07
1.0058474295817712e-08
5.26252915396846e-10
2.155066279020246e-11
8.820234245968898e-08
7.333682242478628e-07
4.063956667416623e-06
2.0235817852645157e-05
7.133546585817518e-05
0.00021143010506221059
0.0005159904406466418
0.0009756722834126823
0.001382527495160482
0.0014760832666179168
0.0013427036526686533
0.0010340537787012563
0.0009057768040856178
0.0010879800689909496
0.00134897446789975
0.001493829902671801
0.0017056888796137656
0.002192745809808863
0.0026676921561971222
0.0025403332120349383
0.0017282599734711537
0.0008159482110201224
0.00028669131842668085
0.00015138995739876344
0.00023705580946924954
0.0003783530680322661
0.00042423057605158967
0.00032353287356007786
0.0001671788637951127
5.865349892789635e-05
1.5786731506715344e-05
1.3121097821371871e-05
3.967000364825939e-05
9.479294646018737e-05
0.00015286163711883925
0.00017061141524150374
0.0001671526343644561
0.00021923711018182265
0.00047200603900715056
0.0009373855016474808
0.001382649809275022
0.0015575586601559337
0.001438677393114635
0.0011132749979052103
0.0007138551742145809
0.0005219341581126687
0.0008313721034502083
0.001610447047549913
0.0022751252293981726
0.002161736954605042
0.0013701345764168405
0.0005788176731513357
0.00016309340468411215
3.150437647835894e-05
8.398436397666833e-06
1.5417914020296216e-05
3.32376214060338e-05
4.871158316117674e-05
4.7603184049918526e-05
4.7766454734420755e-05
0.00015994112616647669
0.0005022139662690306
0.002205797357544343
0.006529207145391912
0.012887795120997865
0.01695470984672846
0.014866029562921209
0.008689393335176475
0.0033962922819660434
0.0009238262561783289
0.0002698691745376318
0.0002583501984775029
0.000398700925243487
0.0005088535495774791
0.0004749208167758385
0.0003086712302918406
0.0001363211366594509
4.045442443777884e-05
8.02829976944779e-06
1.063330634390471e-06
9.391668822257653e-08
5.529683759133913e-09
1.066159499473039e-05
8.285719904233816e-05
0.0004328961665876807
0.0015210491627220195
0.003595113296517471
0.005118184810060372
0.00624788710510952
0.0051295231171745274
0.002831310892196612
0.0010501442765860271
0.00026157902670690926
4.372838317224481e-05
4.902651163970258e-06
3.683877522449084e-07
1.85393570313525e-08
6.244889114566452e-10
1.407155774059509e-11
1.7691894344652867e-07
1.4496674887151428e-06
7.916706211924214e-06
2.8813910764698627e-05
6.989424746011218e-05
0.00011299577570232286
0.00012174875551912445
8.742756880765071e-05
4.184213350534361e-05
1.3604762462354891e-05
4.722092394384204e-06
9.563215316324845e-06
2.9713763687794e-05
6.40690888924228e-05
8.541902903230777e-05
9.377466967815242e-05
7.374358510885461e-05
8.194923721950355e-05
0.0003162637450280214
0.001284169022766137
0.00358605998438564
0.006685154869654126
0.008306613061944955
0.006878915081353187
0.003796623771245257
0.0013965507753109186
0.00034237137448828804
5.593964560779926e-05
6.091489825864165e-06
4.420881600799552e-07
2.1383352376232434e-08
6.611361295747206e-07
5.4013435922118734e-06
2.9917863024234127e-05
0.00011042791154442888
0.0002758213363222886
0.0004725948581426824
0.0005683008886533294
0.0004956365311606067
0.00038536944713897216
0.00021189215453769068
8.993638904368831e-05
2.918004508477703e-05
7.133117981234037e-06
3.578426999713372e-05
0.0002733324854760119
0.0014420112729514143
0.005073331769164013
0.011896090602096556
0.018590749728892852
0.019362930902836945
0.013440853119463577
0.006218191931345915
0.0019172685960453992
0.00039398831614896986
5.395917179092831e-05
4.925255397455084e-06
2.996220590727224e-07
1.9699735221319802e-08
5.416981911330104e-08
2.558427330190149e-07
8.498474607926207e-07
1.9612934048888234e-06
3.4667379491129765e-06
5.242642539923514e-06
6.478206185912725e-06
7.627052254860276e-06
6.7532658427165346e-06
4.183102543264604e-06
1.7569797840467552e-06
4.947368817817279e-07
9.302976983708506e-08
3.593179241690654e-06
2.8289571545880332e-05
0.0001489148444089952
0.0005224513065699667
0.0012216177954264805
0.0019037347228689353
0.0019772385084977613
0.0013686526330637437
0.0006315889844381922
0.00019574418630202416
4.809342052614461e-05
3.4739792912125546e-05
8.98296564617197e-05
0.0002579231241989293
0.0008388056935558571
0.0024543015146646185
0.005269237735365494
0.007728682880440175
0.007602998743404913
0.006009234168120256
0.003013346039908093
0.0010083366174747966
0.00022640654108035027
3.60094056787179e-05
8.10119314023936e-06
1.2361500406656437e-05
2.626417730336165e-05
3.948220306631956e-05
3.981591660701426e-05
2.6783914988471892e-05
1.2009526447203247e-05
3.588943824950225e-06
7.148090184493406e-07
9.488445751826809e-08
8.394246209111727e-09
4.949369509445479e-10
1.4061540853953407e-06
1.2769441547884553e-05
7.72855703911415e-05
0.0003117500228209722
0.0008381005383527117
0.0015016450661284192
0.0017931640176589848
0.0014271000294371098
0.0009782400767279088
0.00039590729664580956
0.0001068271496853856
1.9317254899579717e-05
2.5207484119705094e-06
4.5100829432299915e-07
2.2537332499829755e-07
1.1621319152440601e-07
4.1508079830093525e-08
9.906557565961526e-09
1.5760472151602038e-09
1.6710989429540122e-10
4.1227640865110574e-06
3.513168038849559e-05
0.00020480000889160852
0.000795229444201743
0.002105007076178907
0.0038652031167473373
0.005050994115130484
0.004836072409273277
0.003458711286177571
0.0018420518013441498
0.0007138074506612789
0.0001955177394407491
3.697806013113891e-05
4.756303666277619e-06
1.180640434422986e-06
1.8764583024323905e-06
1.0585285390603324e-05
4.119703816504648e-05
0.0001331289987806687
0.0003850922911909026
0.001234226752515973
0.0036376407602998657
0.007998241452238519
0.012180977091404163
0.01276262841071455
0.009423287462350402
0.005142754836437886
0.00219263963928684
0.0007466452461292135
0.0001966670999771333
3.9590106876992396e-05
1.7521815105980982e-05
5.8573919832741737e-05
0.00022293737024057454
0.0006959383488705083
0.001650587455389382
0.002786585387840289
0.0032263314519269245
0.0025186793749495144
0.0013164699033906665
0.0006825598385742452
0.00018184053703349185
3.2298560485511764e-05
3.877032131363485e-06
6.488897498191211e-07
1.533887232516308e-06
4.435814400354255e-06
8.66276768011815e-06
1.1322579686120538e-05
9.955355859208089e-06
6.0785881755274225e-06
3.0671900156136575e-06
2.0247981019878537e-06
1.7998070901928419e-06
1.3506726454573514e-06
7.050867893802805e-07
2.4693481406406904e-07
5.7694695496183245e-08
8.985378534037637e-09
9.3267078789396e-10
6.45213502257214e-11
2.9748173407371355e-12
9.141106033177431e-14
4.869565681156733e-07
3.2336228234400507e-06
1.431100208014045e-05
3.081533421436297e-05
6.948009031105432e-05
0.00010486856480511327
0.000107065608280636
8.386806937096742e-05
9.317800630559005e-05
0.00025864376337794297
0.0007525542798278007
0.0015734585156193404
0.002266458857822127
0.002316251354803874
0.0019269807454866195
0.0017575211549385966
0.0018845896936413003
0.0018613321540973254
0.0019511162907608832
0.0035223974910980815
0.007542652663173621
0.012308065324066777
0.013999401760874192
0.011074599363297095
0.0061492723512778374
0.0024171676374262607
0.0006853345063301609
0.00016502343213759934
8.221129329062248e-05
5.689619434953758e-05
4.543317533133244e-05
3.366547622462027e-05
2.6850578272382086e-05
2.946232151616221e-05
5.583832725202402e-05
0.0001162980133888064
0.00018076864349365394
0.00019123102193644426
0.00013563944342430875
6.634400651403148e-05
3.778748314347788e-05
9.984035421952248e-05
0.0003593656752281715
0.0009254002933349234
0.0016489334298819482
0.0020393557905709803
0.001753569406489427
0.0010465312465427752
0.0004314951720839868
0.0001221429415535411
2.3581324530729445e-05
3.0867041602518283e-06
2.726109112313711e-07
1.618480860465599e-08
1.9727277229861413e-09
4.317995009907332e-08
2.877817879965206e-07
1.2800503083738113e-06
3.794671220811259e-06
7.497264319583187e-06
1.1450507867264132e-05
3.089429647096748e-05
0.00013272916107513735
0.0005258731319305974
0.0015104812242090117
0.003088567558839688
0.004584907304848276
0.00515905088184057
0.004602650894855401
0.0032761346371784706
0.0017860615679033197
0.0007180301204908502
0.0002335958408440162
0.00010145542025584809
7.236676763264429e-05
4.691280358290732e-05
2.126320627709765e-05
6.461946088231845e-06
1.3793096049878185e-06
6.853428656745763e-07
1.5659006740807288e-06
5.686758068072756e-06
1.4086345408620726e-05
2.3264915005464656e-05
2.5859473136171207e-05
2.0882645215125334e-05
2.0862326896437502e-05
4.6356157760183946e-05
0.00010814761731104844
0.00017844102092582162
0.0002012540200052071
0.0001648763086838416
0.00011962682918911301
9.763961374513173e-05
8.066786582903499e-05
5.534883800046725e-05
3.6890807678361476e-05
3.566978955822907e-05
3.9527149715952265e-05
3.3807752291242786e-05
2.1082745247972057e-05
1.4259784099403223e-05
2.542895645115296e-05
7.503312053895852e-05
0.000261749420505659
0.0005764603402630241
0.0014880819021528982
0.002661178120454966
0.003207279390821349
0.0026028696921838
0.0014525960530025529
0.0006012912300737596
0.00022533241078708863
0.00012600948727299542
0.00021940572288867708
0.000578128409508042
0.001206110021703069
0.0018273463343104666
0.002000926178174502
0.0015719254287899366
0.0008738316092407048
0.0003389020137194372
9.122298058814076e-05
1.7874828306425455e-05
1.3051214379569351e-05
6.248790551355093e-05
0.00026384159919441675
0.0007553516184091648
0.0014438841625570643
0.0018401187512654589
0.0015633232270931656
0.0011195243334090473
0.00048399975359273356
0.00013956279925673236
2.6865262658189003e-05
4.166683786110155e-06
6.612095025749632e-06
3.787185187038518e-05
0.00015325400572392228
0.00041709511078216136
0.0007607167941021029
0.000927866266706156
0.0007558898638540264
0.00041094996269152407
0.00015006917272847637
4.45358443752643e-05
5.189550392604817e-05
0.00016714486482093528
0.00040104525188956736
0.0006490808748926283
0.000729291568638
0.0006963154548462863
0.0009223642393958435
0.0016392957706846537
0.0024665069477630085
0.002763931976352631
0.0024958288861348134
0.002281977854911062
0.0021774146937639845
0.002079136407515054
0.0015958801305880248
0.0008821600217336797
0.0003791926549360043
0.00024962962324990754
0.00037499721520816397
0.0005457871383068239
0.0005669791657699853
0.000404061448817283
0.00020003295868061067
9.75774339542599e-05
0.0002129486420088144
0.0008203142604214662
0.0022672254624446758
0.004230577477658655
0.005494780751737122
0.005509323018669166
0.005235573348765628
0.005162165040829672
0.004420144543509223
0.0027676382744706387
0.0011856196335670195
0.00034417294479727694
0.00012677747117682088
3.617308961749966e-05
2.9770281313957366e-05
2.818848027773016e-05
1.9681351069674864e-05
1.1994797141718954e-05
1.0098996073635947e-05
1.093096956950696e-05
1.1246796315466035e-05
1.3936205714032187e-05
2.5112690357855025e-05
5.186637319608181e-05
0.00013933635729837664
0.00042774193972488854
0.001057380620066966
0.0018339960747639527
0.0022139979861617734
0.0021117372509483045
0.0024757399206279005
0.004312212473624994
0.006936067674934743
0.008021273076082521
0.006412593793180514
0.003717224215457788
0.0019908419963535545
0.0014653227589636233
0.0013308627799573217
0.000989717745030094
0.0005399746893902501
0.00022460016236369837
8.575489592128218e-05
5.7688659109015177e-05
0.00015192431687349002
0.0004688660926552139
0.0010177038309991877
0.0015082899656440486
0.0016008655690178967
0.0014101727497810687
0.0013200641650267764
0.0014204215669242465
0.0014900047610306197
0.001303178188273905
0.0008622932386812665
0.0004063445352870704
0.00013183747365079387
2.8955343533049497e-05
4.270398379890103e-06
2.9663609115161635e-06
1.990782666668164e-05
0.00010349696926294634
0.0003590944643958318
0.0008305915017119795
0.0011599158944618994
0.001368495109215709
0.0010913772827194936
0.0006222676483590063
0.0003128782390791357
0.00019084375616784742
0.00012632913048658196
6.585019005120247e-05
2.37447359684773e-05
5.807615000815411e-06
1.2459877642041338e-06
1.152718568706966e-06
2.326751591261349e-06
3.4062075724773433e-06
3.332936767736004e-06
2.1737293579820954e-06
9.448584411261657e-07
2.7372194368976323e-07
5.28486664163578e-08
3.301258940915363e-06
2.15036821342609e-05
9.354051862366962e-05
0.00027119378644756894
0.0005240121961130309
0.000674814810209765
0.0005791801285208478
0.0004175645192501962
0.00018590092818257764
7.717138041858193e-05
0.00011682884399150825
0.00031601495973182427
0.0006215143404199264
0.0008195612148380821
0.0007214846074178638
0.00042379219351198767
0.0001660543403852253
4.339570887213111e-05
7.562936250221787e-06
8.789035283820443e-07
6.810313005288022e-08
3.5183704830613386e-09
1.211831829484652e-10
2.7825970704924964e-12
4.2594055881931144e-14
4.3463440424788845e-16
2.956400326432775e-18
1.3404654998524387e-20
4.051276838794296e-23
8.1613860748509e-26
1.0958838972809658e-28
9.808161615298338e-32
7.27093992820354e-34
3.3095792036552084e-37
1.0040714846133971e-40
2.0253986601945347e-44
0.0
0.0
0.0
0.0
0.0
0.0
0.0
0.0
0.0
0.0
0.0
0.0
0.0
0.0
0.0
0.0
0.0
0.0
0.0
0.0
0.0
0.0
0.0
0.0
0.0
0.0
0.0
0.0
0.0
0.0
0.0
0.0
0.0
0.0
0.0
0.0
0.0
0.0
0.0
0.0
0.0
0.0
0.0
0.0
0.0
0.0
0.0
0.0
0.0
0.0
0.0
0.0
0.0
0.0
0.0
0.0
0.0
0.0
0.0
0.0
0.0
0.0
0.0
0.0
0.0
0.0
0.0
0.0
0.0
0.0
0.0
0.0
0.0
0.0
0.0
0.0
0.0
0.0
0.0
0.0
0.0
0.0
0.0
0.0
0.0
0.0
0.0
0.0
0.0
0.0
0.0
0.0
0.0
0.0
0.0
0.0
0.0
0.0
0.0
0.0
0.0
0.0
0.0
0.0
0.0
0.0
0.0
0.0
0.0
0.0
0.0
0.0
0.0
0.0
0.0
0.0
0.0
0.0
0.0
0.0
0.0
0.0
0.0
0.0
0.0
0.0
0.0
0.0
0.0
0.0
0.0
0.0
0.0
0.0
0.0
0.0
0.0
0.0
0.0
0.0
0.0
0.0
0.0
0.0
0.0
0.0
0.0
0.0
0.0
0.0
0.0
0.0
0.0
0.0
0.0
0.0
0.0
0.0
0.0
0.0
0.0
0.0
0.0
0.0
0.0
0.0
0.0
0.0
0.0
0.0
0.0
0.0
0.0
0.0
0.0
0.0
0.0
0.0
0.0
0.0
0.0
0.0
0.0
0.0
0.0
0.0
0.0
0.0
0.0
0.0
0.0
0.0
0.0
0.0
0.0
0.0
0.0
0.0
0.0
0.0
0.0
0.0
0.0
0.0
0.0
0.0
0.0
0.0
0.0
0.0
0.0
0.0
0.0
0.0
0.0
0.0
0.0
0.0
0.0
0.0
0.0
0.0
0.0
0.0
0.0
0.0
0.0
0.0
0.0
0.0
0.0
0.0
0.0
0.0
0.0
0.0
0.0
0.0
0.0
0.0
0.0
0.0
0.0
0.0
0.0
0.0
0.0
0.0
0.0
0.0
0.0
0.0
0.0
0.0
0.0
0.0
0.0
0.0
0.0
0.0
0.0
0.0
0.0
0.0
0.0
0.0
0.0
0.0
0.0
0.0
0.0
0.0
0.0
0.0
0.0
0.0
0.0
0.0
0.0
0.0
0.0
0.0
0.0
0.0
0.0
0.0
0.0
0.0
0.0
0.0
0.0
0.0
0.0
0.0
0.0
0.0
0.0
0.0
0.0
0.0
0.0
0.0
0.0
0.0
0.0
0.0
0.0
0.0
0.0
0.0
0.0
0.0
0.0
0.0
0.0
0.0
0.0
