a = 5.792710724829007 b = 5.792710724829007 c = 5.792710724829007 ,Gaussian ,LMH = 0.08 ,DW = [0.2 0.2]
0.0
0.0
0.0
0.0
0.0
0.0
0.0
0.0
0.0
0.0
0.0
0.0
0.0
0.0
0.0
0.0
0.0
0.0
0.0
0.0
0.0
0.0
0.0
0.0
0.0
0.0
0.0
0.0
0.0
0.0
0.0
0.0
0.0
0.0
0.0
0.0
0.0
0.0
0.0
0.0
0.0
0.0
0.0
0.0
0.0
0.0
0.0
0.0
0.0
0.0
0.0
0.0
0.0
0.0
0.0
0.0
0.0
0.0
0.0
0.0
0.0
0.0
0.0
0.0
0.0
0.0
0.0
0.0
0.0
0.0
0.0
0.0
0.0
0.0
0.0
0.0
0.0
0.0
0.0
0.0
0.0
0.0
0.0
0.0
0.0
0.0
0.0
0.0
0.0
0.0
0.0
0.0
0.0
0.0
0.0
0.0
0.0
0.0
0.0
0.0
0.0
0.0
0.0
0.0
0.0
0.0
0.0
0.0
0.0
0.0
0.0
0.0
0.0
0.0
0.0
0.0
0.0
0.0
0.0
0.0
0.0
0.0
0.0
0.0
0.0
0.0
0.0
0.0
0.0
0.0
0.0
0.0
0.0
0.0
0.0
0.0
0.0
0.0
0.0
0.0
0.0
0.0
0.0
0.0
0.0
0.0
0.0
0.0
0.0
0.0
0.0
0.0
0.0
0.0
0.0
0.0
0.0
0.0
0.0
0.0
0.0
0.0
0.0
0.0
0.0
0.0
0.0
0.0
0.0
0.0
0.0
0.0
0.0
0.0
0.0
0.0
0.0
0.0
0.0
0.0
0.0
0.0
0.0
0.0
0.0
0.0
0.0
0.0
0.0
0.0
0.0
0.0
0.0
0.0
0.0
0.0
0.0
0.0
0.0
0.0
0.0
0.0
0.0
0.0
0.0
0.0
0.0
0.0
0.0
0.0
0.0
0.0
0.0
0.0
0.0
0.0
0.0
0.0
0.0
0.0
0.0
0.0
0.0
0.0
0.0
0.0
0.0
0.0
0.0
0.0
0.0
0.0
0.0
0.0
0.0
0.0
0.0
0.0
0.0
0.0
0.0
0.0
0.0
0.0
0.0
0.0
0.0
0.0
0.0
0.0
0.0
0.0
0.0
0.0
0.0
0.0
0.0
0.0
0.0
0.0
0.0
0.0
0.0
0.0
0.0
0.0
0.0
0.0
0.0
0.0
0.0
0.0
0.0
0.0
0.0
0.0
0.0
0.0
0.0
0.0
0.0
0.0
0.0
0.0
0.0
0.0
0.0
0.0
0.0
0.0
0.0
0.0
0.0
0.0
0.0
0.0
0.0
0.0
0.0
0.0
0.0
0.0
0.0
0.0
0.0
0.0
0.0
0.0
0.0
0.0
0.0
0.0
0.0
0.0
0.0
0.0
0.0
0.0
0.0
0.0
0.0
0.0
0.0
0.0
0.0
0.0
0.0
0.0
0.0
0.0
0.0
0.0
0.0
0.0
0.0
0.0
0.0
0.0
0.0
0.0
0.0
0.0
0.0
0.0
0.0
0.0
0.0
0.0
0.0
0.0
0.0
0.0
0.0
0.0
0.0
0.0
0.0
0.0
0.0
0.0
0.0
0.0
0.0
0.0
0.0
0.0
0.0
0.0
0.0
0.0
0.0
0.0
0.0
0.0
0.0
0.0
5.925071226551769e-35
4.52679383874929e-34
2.3049919073644472e-33
7.822213077610653e-33
1.7691775803963865e-32
2.666826491412376e-32
2.6791661176616117e-32
1.7938497813518138e-32
8.004865699179055e-33
2.380693993116909e-33
4.718833463097714e-34
6.233719739906236e-35
5.48834550892905e-36
3.220454463518777e-37
1.25943114754003e-38
3.2825643239774692e-40
5.70208397121776e-42
6.601391965962394e-44
5.093531310619032e-46
2.619292432643323e-48
8.976985929582827e-51
2.0504946897448193e-53
3.121535666637701e-56
3.297177012957934e-58
2.5524338547068485e-61
1.3168862935932905e-64
4.528179213803598e-68
1.0377207104239029e-71
0.0
0.0
0.0
0.0
0.0
0.0
0.0
0.0
0.0
0.0
0.0
0.0
0.0
0.0
0.0
0.0
0.0
0.0
0.0
0.0
0.0
0.0
0.0
0.0
0.0
0.0
0.0
0.0
0.0
0.0
0.0
0.0
0.0
0.0
0.0
0.0
0.0
0.0
0.0
0.0
0.0
0.0
0.0
0.0
0.0
0.0
0.0
0.0
0.0
0.0
0.0
0.0
0.0
0.0
0.0
0.0
0.0
0.0
0.0
0.0
0.0
0.0
0.0
0.0
0.0
0.0
0.0
0.0
0.0
0.0
0.0
0.0
0.0
0.0
0.0
0.0
0.0
0.0
0.0
0.0
0.0
0.0
0.0
0.0
0.0
0.0
0.0
0.0
0.0
0.0
0.0
0.0
0.0
0.0
0.0
0.0
0.0
0.0
0.0
0.0
0.0
0.0
0.0
0.0
0.0
0.0
0.0
0.0
0.0
0.0
0.0
0.0
0.0
0.0
0.0
0.0
0.0
0.0
0.0
0.0
0.0
0.0
0.0
0.0
0.0
0.0
0.0
0.0
0.0
0.0
0.0
0.0
0.0
0.0
0.0
0.0
0.0
0.0
0.0
0.0
0.0
0.0
0.0
0.0
0.0
0.0
0.0
0.0
0.0
0.0
0.0
0.0
0.0
0.0
0.0
0.0
0.0
0.0
0.0
0.0
0.0
0.0
0.0
0.0
0.0
0.0
0.0
0.0
0.0
0.0
0.0
0.0
0.0
0.0
0.0
0.0
0.0
0.0
0.0
0.0
0.0
0.0
0.0
0.0
0.0
0.0
0.0
0.0
0.0
0.0
0.0
0.0
0.0
0.0
0.0
0.0
0.0
0.0
0.0
0.0
0.0
0.0
0.0
0.0
0.0
0.0
0.0
0.0
0.0
0.0
0.0
0.0
0.0
0.0
0.0
0.0
0.0
0.0
0.0
0.0
0.0
0.0
0.0
0.0
0.0
0.0
0.0
0.0
0.0
0.0
0.0
0.0
0.0
0.0
0.0
0.0
0.0
0.0
0.0
0.0
0.0
0.0
0.0
0.0
0.0
0.0
0.0
0.0
0.0
0.0
0.0
0.0
0.0
0.0
0.0
0.0
0.0
0.0
0.0
0.0
0.0
0.0
0.0
0.0
0.0
0.0
0.0
0.0
0.0
0.0
0.0
0.0
0.0
0.0
0.0
0.0
0.0
0.0
0.0
0.0
0.0
0.0
0.0
0.0
0.0
0.0
0.0
0.0
0.0
0.0
0.0
0.0
0.0
0.0
0.0
0.0
0.0
0.0
0.0
0.0
0.0
0.0
0.0
0.0
0.0
0.0
0.0
0.0
0.0
0.0
0.0
0.0
0.0
0.0
0.0
0.0
0.0
0.0
0.0
0.0
0.0
0.0
0.0
0.0
0.0
0.0
0.0
0.0
0.0
0.0
0.0
0.0
0.0
0.0
0.0
0.0
0.0
0.0
0.0
0.0
0.0
0.0
0.0
0.0
0.0
0.0
0.0
0.0
0.0
0.0
0.0
0.0
0.0
0.0
0.0
0.0
0.00044534264844108186
0.0028946142827715737
0.012539166295042578
0.036201633855779895
0.06965771584201938
0.08932886897296129
0.07634770545746848
0.04348922733138587
0.016510071047528854
0.004177319957151442
0.0007044141765767442
7.916623346514097e-05
5.929709615706528e-06
2.9601138671440105e-07
9.848383618450942e-09
2.183750638095112e-10
3.227176221408295e-12
3.1785120710396335e-14
2.08644334999185e-16
9.127900094339538e-19
2.6614401654804046e-21
5.1718281272252154e-24
6.698121311436255e-27
5.781539301605795e-30
3.325948374068948e-33
1.8362467699823713e-35
5.3716245088615176e-39
1.0472775568753582e-42
0.0
0.0
0.0
0.0
0.0
0.0
0.0
0.0
0.0
0.0
0.0
0.0
0.0
0.0
0.0
0.0
0.0
0.0
0.0
0.0
0.0
0.0
0.0
0.0
0.0
0.0
0.0
0.0
0.0
0.0
0.0
0.0
0.0
0.0
0.0
0.0
0.0
0.0
0.0
0.0
0.0
0.0
0.0
0.0
0.0
0.0
0.0
0.0
0.0
0.0
0.0
0.0
0.0
0.0
0.0
0.0
0.0
0.0
0.0
0.0
0.0
0.0
0.0
0.0
0.0
0.0
0.0
0.0
0.0
0.0
0.0
0.0
0.0
0.0
0.0
0.0
0.0
0.0
0.0
0.0
0.0
0.0
0.0
0.0
0.0
0.0
0.0
0.0
0.0
0.0
0.0
0.0
0.0
0.0
0.0
0.0
0.0
0.0
0.0
0.0
0.0
0.0
0.0
0.0
0.0
0.0
0.0
0.0
0.0
0.0
0.0
0.0
0.0
0.0
0.0027790719943519824
0.020302837647919143
0.09885422463499406
0.32078590273580093
0.693772151807517
1.0
0.9606488894433981
0.6150507015959277
0.26244523958790494
0.07463594383929747
0.014146171112568788
0.0037256354070090304
0.0003590821446735748
2.306581565122125e-05
9.874733215463892e-07
2.8174970749018586e-08
5.357758385572791e-10
6.790227478039674e-12
5.735444359668703e-14
3.2287273041957067e-16
1.211371104544429e-18
3.0290371638022483e-21
5.047932532791246e-24
5.606657542380138e-27
4.150267278757214e-30
2.0475270638434214e-33
6.7323205116206136e-37
1.475303812002932e-40
0.0
0.0
0.0
0.0
0.0
0.0
0.0
0.0
0.0
0.0
0.0
0.0
0.0
0.0
0.0
0.0
0.0
0.0
0.0
0.0
0.0
0.0
0.0
0.0
0.0
0.0
0.0
0.0
0.0
0.0
0.0
0.0
0.0
0.0
0.0
0.0
0.0
0.0
0.0
0.0
0.0
0.0
0.0
0.0
0.0
0.0
0.0
0.0
0.0
0.0
0.0
0.0
0.0
0.0
0.0
0.0
0.0
0.0
0.0
0.0
0.0
0.0
0.0
0.0
0.0
0.0
0.0
0.0
0.0
0.0
0.0
0.0
0.0
0.0
0.0
0.0
0.0
0.0
0.0
0.0
0.0
0.0
0.0
0.0
0.0
0.0
0.0
0.0
0.0
0.0
0.0
0.0
0.0
0.0
0.0
0.0
0.0
0.0
0.0
4.844747112845595e-35
3.1927861103800484e-34
1.4023295529525406e-33
4.1049880368417805e-33
8.008575113575349e-33
1.0413102872814712e-32
9.023740813813267e-33
5.211642472503449e-33
2.0060611389688546e-33
5.146301941211582e-34
8.798890436466092e-35
1.0026332541620454e-35
7.614437874339453e-37
1.0899398625460658e-37
4.20921257977082e-39
1.0833797934851974e-40
1.858412640597337e-42
2.1246388507533183e-44
1.6188612761400855e-46
8.220830595446909e-49
2.7822958714469156e-51
6.275848800800376e-54
9.434593236470173e-57
9.452690483351575e-60
6.312032740059483e-63
2.8090831599363966e-66
8.331851057381753e-70
1.647024075341368e-73
0.0
0.0
0.0
0.0
0.0
0.0
0.0
0.0
0.0
0.0
0.0
0.0
0.0
0.0
0.0
0.0
0.0
0.0
0.0
0.0
0.0
0.0
0.0
0.0
0.0
0.0
0.0
0.0
0.0
0.0
0.0
0.0
0.0
0.0
0.0
0.0
0.0
0.0
0.0
0.0
0.0
0.0
0.0
0.0
0.0
0.0
0.0
0.0
0.0
0.0
0.0
0.0
0.0
0.0
0.0
0.0
0.0
0.0
0.0
0.0
0.0
0.0
0.0
0.0
0.0
0.0
0.0
0.0
0.0
0.0
0.0
0.0
0.0
0.0
0.0
0.0
0.0
0.0
0.0
0.0
0.0
0.0
0.0
0.0
0.0
0.0
0.0
1.3346087311349226e-36
5.648008360939735e-36
3.506377533122408e-35
1.450786705245971e-34
4.000644924796907e-34
7.352550161167639e-34
9.005908553986636e-34
7.35188352174324e-34
3.999919498470936e-34
1.4503921221804756e-34
3.5051060441473436e-35
5.645448363210944e-36
6.06006476143476e-37
4.335484514993348e-38
2.0671860313922063e-39
6.569057027897083e-41
1.3912592049625579e-42
1.9637880710779455e-44
1.8474076285165346e-46
1.1582769019367386e-48
4.839980448088331e-51
1.3478959451492432e-53
2.501788976708296e-56
3.0947568336004193e-59
2.5514316275842817e-62
1.4019188882521363e-65
7.50671133008417e-68
2.0974482197675247e-71
0.0
0.0
0.0
0.0
0.0
0.0
0.0
0.0
0.0
0.0
0.0
0.0
0.0
0.0
0.0
0.0
0.0
0.0
0.0
0.0
0.0
0.0
0.0
0.0
0.0
0.0
0.0
0.0
0.0
0.0
0.0
0.0
0.0
0.0
0.0
0.0
0.0
0.0
0.0
0.0
0.0
0.0
0.0
0.0
0.0
0.0
0.0
0.0
0.0
0.0
0.0
0.0
0.0
0.0
0.0
0.0
0.0
0.0
0.0
0.0
0.0
0.0
0.0
0.0
0.0
0.0
0.0
0.0
0.0
0.0
0.0
0.0
0.0
0.0
0.0
0.0
0.0
0.0
0.0
0.0
0.0
0.0
0.0
0.0
0.0
0.0
0.0
0.0
0.0
0.0
0.0
0.0
0.0
0.0
0.0
0.0
0.0
0.0
0.0
0.0
0.0
0.0
0.0
0.0
0.0
0.0
0.0
0.0
0.0
0.0
0.0
0.0
0.0
0.0
0.0
0.0
0.0
0.0
0.0
0.0
0.0
0.0
0.0
0.0
0.0
0.0
0.0
0.0
0.0
0.0
0.0
0.0
0.0
0.0
0.0
0.0
0.0
0.0
0.0
0.0
0.0
0.0
0.0
0.0
0.0
0.0
0.0
0.0
0.0
0.0
0.0
0.0
0.0
0.0
0.0
0.0
0.0
0.0
0.0
0.0
0.0
0.0
0.0
0.0
0.0
0.0
0.0
0.0
0.0
0.0
0.0
0.0
0.0
0.0
0.0
0.0
0.0
0.0
0.0
0.0
0.0
0.0013813297544000606
0.010221367738139395
0.050408318202522145
0.16568261902357226
0.36293866896144217
0.529872135139884
0.5155733599956096
0.3343423607873972
0.1445020101550005
0.041623435274389095
0.00799067561970134
0.001022375960844824
8.718049006945933e-05
4.954610638464093e-06
1.8766414471723671e-07
4.737340761307818e-09
7.970205046157056e-11
8.936879702818789e-13
6.678576082300941e-15
3.326315134259176e-17
1.1041407893085762e-19
2.442682743313626e-22
3.601564714813241e-25
3.723987277545149e-27
2.7921254515882632e-30
1.3952216750572277e-33
4.646576051370433e-37
1.0313461059000316e-40
0.0
0.0
0.0
0.0
0.0
0.0
0.0
0.0
0.0
0.0
0.0
0.0
0.0
0.0
0.0
0.0
0.0
0.0
0.0
0.0
0.0
0.0
0.0
0.0
0.0
0.0
0.0
0.0
0.0
0.0
0.0
0.0
0.0
0.0
0.0
0.0
0.0
0.0
0.0
0.0
0.0
0.0
0.0
0.0
0.0
0.0
0.0
0.0
0.0
0.0
0.0
0.0
0.0
0.0
0.0
0.0
0.0
0.0
0.0
0.0
0.0
0.0
0.0
0.0
0.0
0.0
0.0
0.0
5.773266369742241e-35
3.6698367138454916e-34
1.5547244727639913e-33
4.3897690952217364e-33
6.999516334076072e-33
1.0049833195707157e-32
9.616814166100883e-33
6.1331719736310295e-33
2.6068774129863196e-33
7.38478106009507e-34
1.3942356627602025e-34
1.754350231670641e-35
1.4712211447141969e-36
8.222827236746814e-38
3.062992416911949e-39
7.604177147829231e-41
1.2581721796149517e-42
1.387424880550576e-44
1.0196718431760027e-46
4.994510423715998e-49
1.6304480619123153e-51
3.5473379254241893e-54
5.143748234160298e-57
4.9709385334837794e-60
3.2016852174514886e-63
1.3743597152234058e-66
3.931911652249495e-70
7.497019375774837e-74
0.0
0.0
0.0
0.0
0.0
0.0
0.0
0.0
0.0
0.0
0.0
0.0
0.0
0.0
0.0
0.0
0.0
0.0
0.0
0.0
0.0
0.0
0.0
0.0
0.0
0.0
0.0
0.0
0.0
0.0
0.0
0.0
0.0
0.0
0.0
0.0
0.0
0.0
0.0
0.0
0.0
0.0
0.0
0.0
0.0
0.0
0.0
0.0
0.0
0.0
0.0
0.0
0.0
0.0
0.0
0.0
0.0
0.0
0.0
0.0
0.0
0.0
0.0
4.75829220229454e-68
4.151908288056548e-67
2.414492960741211e-66
9.358056944842963e-66
2.417280072253344e-65
4.1614991300301095e-65
4.774789088749033e-65
3.6512378559682117e-65
1.8608338879861393e-65
6.320575677893686e-66
1.430827283887233e-66
2.158735027758938e-67
2.170666041990887e-68
1.4546825664089415e-69
6.497181576821206e-71
1.9340305166827956e-72
1.4827106080782276e-73
2.244384668377464e-75
2.264225828179998e-77
1.5223823319317603e-79
6.821961721905854e-82
2.0374003179549727e-84
4.0553188760033e-87
5.379664560778202e-90
4.756274736268524e-93
2.802594187069292e-96
1.1006140415046466e-99
2.8806562026187533e-103
0.0
0.0
0.0
0.0
0.0
0.0
0.0
0.0
0.0
0.0
0.0
0.0
0.0
0.0
0.0
0.0
0.0
0.0
0.0
0.0
0.0
0.0
0.0
0.0
0.0
0.0
0.0
0.0
0.0
0.0
0.0
0.0
0.0
0.0
0.0
0.0
0.0
0.0
0.0
0.0
0.0
0.0
0.0
0.0
0.0
0.0
0.0
0.0
0.0
0.0
0.0
0.0
0.0
0.0
0.0
0.0
0.0
0.0
0.0
0.0
1.5590526963424057e-05
0.00013375621948228655
0.0007648014876402115
0.002914506384248573
0.007402234616947546
0.01099838529139464
0.014204611008269391
0.012226757783515058
0.007014146308214032
0.002681759826398207
0.0006833551768683182
0.00011605253868989707
1.3135431677435477e-05
9.908675425039265e-07
4.981594848253762e-08
1.6691783871493382e-09
3.7275085654719244e-11
5.54773995363769e-13
5.502943950196939e-15
3.637940831348538e-17
1.6028678624980389e-19
4.706752475358037e-22
9.211419183470825e-25
1.2014709672797109e-27
1.0444353527757406e-30
6.05105910134719e-34
2.336483798948307e-37
6.012785365961958e-41
0.0
0.0
0.0
0.0
0.0
0.0
0.0
0.0
0.0
0.0
0.0
0.0
0.0
0.0
0.0
0.0
0.0
0.0
0.0
0.0
0.0
0.0
0.0
0.0
0.0
0.0
0.0
0.0
0.0
0.0
0.0
0.0
0.0
0.0
0.0
0.0
0.0
0.0
0.0
0.0
0.0
0.0
0.0
0.0
0.0
0.0
0.0
0.0
0.0
0.0
0.0
0.0
0.0
0.0
0.0
0.0
0.0
0.0
0.0006839124535551023
0.004489238768618152
0.01963931996593919
0.057261370061056395
0.11127012406714192
0.1441043058732667
0.12438181550194802
0.07155143917171618
0.027432248332771428
0.007009482921286368
0.0011936915193555648
0.00013548143347414965
1.0248233357638718e-05
5.166539773036647e-07
1.735929550957216e-08
3.8872812513916826e-10
5.8015144639930006e-12
5.770565077676634e-14
3.8254000143632855e-16
1.6901175652357644e-18
4.976666331335899e-21
9.766561301076345e-24
1.22192526574558e-25
1.219411767452013e-28
8.11031396325262e-32
3.5950629558254524e-35
1.0620791459431401e-38
2.0911674540985386e-42
0.0
0.0
0.0
0.0
0.0
0.0
0.0
0.0
0.0
0.0
0.0
0.0
0.0
0.0
0.0
0.0
0.0
0.0
0.0
0.0
0.0
0.0
0.0
0.0
0.0
0.0
0.0
0.0
0.0
0.0
0.0
0.0
0.0
0.0
0.0
0.0
0.0
0.0
0.0
0.0
0.0
0.0
0.0
0.0
0.0
0.0
0.0
0.0
0.0
0.0
0.0
0.0
0.0
0.0
1.971416803606796e-35
1.5755132146914803e-34
8.39164676583242e-34
2.978886025924398e-33
7.047614296976094e-33
1.1112503656115037e-32
1.1677859720318492e-32
8.178923372282069e-33
3.81777713726312e-33
1.187699447834136e-33
2.4625444841370455e-34
3.402852797525554e-35
3.1338902903013594e-36
1.923561000356448e-37
7.868821359888474e-39
2.145334203176117e-40
3.89817898452016e-42
2.1505052904134512e-43
1.9870551210618006e-45
1.2236602774816642e-47
5.022192531876325e-50
1.3737490396294775e-52
2.50439595655159e-55
3.04284712926018e-58
2.4639893292550118e-61
1.329777741950451e-64
4.783005103227175e-68
1.1465795122866442e-71
0.0
0.0
0.0
0.0
0.0
0.0
0.0
0.0
0.0
0.0
0.0
0.0
0.0
0.0
0.0
0.0
0.0
0.0
0.0
0.0
0.0
0.0
0.0
0.0
0.0
0.0
0.0
0.0
0.0
0.0
0.0
0.0
0.0
0.0
0.0
0.0
0.0
0.0
0.0
0.0
0.0
0.0
0.0
0.0
0.0
0.0
0.0
0.0
0.0
0.0
0.0
0.0
2.01285477993158e-37
1.8273734340063445e-36
1.1056653987842876e-35
4.4586325149722065e-35
1.1982879361938361e-34
2.146358405389539e-34
2.5622697425313284e-34
2.038585828809171e-34
1.0809726400517585e-34
3.820163502566748e-35
8.99768424491406e-36
1.4124110089601967e-36
1.4776547960837396e-37
1.0303064761764411e-38
1.3931447769324234e-39
4.939605588672833e-41
1.1672660218559304e-42
1.8383532295514592e-44
1.9296103912244938e-46
1.3498696850772589e-48
6.293548848608481e-51
1.9556040085237132e-53
4.049932438967991e-56
5.589798928988909e-59
5.141929787307644e-62
3.152373341890628e-65
1.2880439989429658e-68
3.5075615370815635e-72
0.0
0.0
0.0
0.0
0.0
0.0
0.0
0.0
0.0
0.0
0.0
0.0
0.0
0.0
0.0
0.0
0.0
0.0
0.0
0.0
0.0
0.0
0.0
0.0
0.0
0.0
0.0
0.0
0.0
0.0
0.0
0.0
0.0
0.0
0.0
0.0
0.0
0.0
0.0
0.0
0.0
0.0
0.0
0.0
0.0
0.0
0.0
0.0
0.0
0.0
0.0
0.0
0.0
0.0
0.0
0.0
0.0
0.0
0.0
0.0
0.0
0.0
0.0
0.0
0.0
0.0
0.0
0.0
0.0
0.0
0.0
0.0
0.0
0.0
0.0
0.0
0.0
0.0
0.0
0.0
0.0
0.0
0.0
0.0
0.0
0.0
0.0
0.0
0.0
0.0
0.0
0.0
0.0
0.0
0.0
0.0
0.0
0.0
0.0
0.0
0.0
0.0
0.0
0.0
0.0
0.0
0.0
0.0
0.0
0.0
0.0
0.0
0.0
0.0
0.0
0.0
0.0
0.0
0.0
0.0
0.0
0.0
0.0
0.0
0.0
0.0
0.0
0.0
0.0002292908968924301
0.0015283137970816285
0.006789218761223676
0.020100581417600634
0.03966239953254529
0.052159197207975044
0.04571559326495201
0.02670418757709556
0.010396231171916327
0.002697453918204839
0.00046645922734993934
5.37594591919094e-05
1.01620942765045e-05
5.95562031378395e-07
2.3262282934413495e-08
6.055628342154011e-10
1.0506247813795308e-11
1.2148358962640959e-13
9.362010845939083e-16
4.808417974834815e-18
1.6459507350090642e-20
3.755026451173669e-23
5.709403240811578e-26
5.785621015973942e-29
3.907426297173702e-32
1.7587866326251985e-35
5.276149168713931e-39
1.0548786997644026e-42
0.0
0.0
0.0
0.0
0.0
0.0
0.0
0.0
0.0
0.0
0.0
0.0
0.0
0.0
0.0
0.0
0.0
0.0
0.0
0.0
0.0
0.0
0.0
0.0
0.0
0.0
0.0
0.0
0.0
0.0
0.0
0.0
0.0
0.0
0.0
0.0
0.0
0.0
0.0
0.0
0.0
0.0
0.0
0.0
0.0
0.0
0.0
1.2769302242276852e-35
9.941378134991757e-35
5.158311537049896e-34
1.7838161469525942e-33
4.111252607324238e-33
6.315093444809258e-33
6.464976472318981e-33
4.410985847825921e-33
2.0057921544705318e-33
6.078798397729979e-34
1.2278098144461703e-34
1.6528217111071236e-35
1.482867905578764e-36
8.86666847439495e-38
3.5334587319676875e-39
3.2904900778830052e-40
6.668109437558106e-42
9.005885071151278e-44
8.106467205250999e-46
4.8631583171447797e-48
1.944405021864739e-50
5.181274581664041e-53
9.201699169261051e-56
1.0891332115699843e-58
8.591629099472475e-62
4.517015567233748e-65
1.5827386306129408e-68
3.696139601077387e-72
0.0
0.0
0.0
0.0
0.0
0.0
0.0
0.0
0.0
0.0
0.0
0.0
0.0
0.0
0.0
0.0
0.0
0.0
0.0
0.0
0.0
0.0
0.0
0.0
0.0
0.0
0.0
0.0
0.0
0.0
0.0
0.0
0.0
0.0
0.0
0.0
0.0
0.0
0.0
0.0
0.0
0.0
0.0
0.0
0.0
0.0
4.421935996291535e-37
3.653481530361512e-36
2.011791311954011e-35
7.383129543906702e-35
1.8058413659889342e-34
2.943745453790626e-34
3.1981767271937524e-34
2.3157208808299153e-34
1.1175102440759164e-34
3.5941679104075564e-35
7.70418601273877e-36
1.1006182398627812e-36
1.0479201705979314e-37
6.649687588504183e-39
2.8122623484620534e-40
7.926691770690178e-42
1.489051291968296e-43
1.8642703510345898e-45
8.023106850490079e-47
5.107923582876724e-49
2.1673435358259322e-51
6.129042974603917e-54
1.1551519785558786e-56
1.4509990708459958e-59
1.214721422198798e-62
6.777472981782153e-66
2.520231570204807e-69
6.245894558652909e-73
0.0
0.0
0.0
0.0
0.0
0.0
0.0
0.0
0.0
0.0
0.0
0.0
0.0
0.0
0.0
0.0
0.0
0.0
0.0
0.0
0.0
0.0
0.0
0.0
0.0
0.0
0.0
0.0
0.0
0.0
0.0
0.0
0.0
0.0
0.0
0.0
0.0
0.0
0.0
0.0
0.0
0.0
0.0
0.0
0.0
5.716948417106041e-06
4.864182017065272e-05
0.00027582708525643703
0.0010424267577991279
0.0026256433818869296
0.004407653808092945
0.004931292475154796
0.0036770166345302295
0.0018273089276245448
0.00060521530992877
0.0001335947475196917
1.9653975464482406e-05
1.927050002624022e-06
1.2592649229365528e-07
5.484319868971107e-09
1.591878787274398e-10
3.079489747370667e-12
3.970352602554819e-14
3.411622272713767e-16
1.9537741199909436e-18
7.457088757774671e-21
1.896906043624168e-23
2.821397987766664e-25
3.64958464317131e-28
3.1463285920531327e-31
1.8077828479324e-34
6.922612055269145e-38
1.7667507132838856e-41
0.0
0.0
0.0
0.0
0.0
0.0
0.0
0.0
0.0
0.0
0.0
0.0
0.0
0.0
0.0
0.0
0.0
0.0
0.0
0.0
0.0
0.0
0.0
0.0
0.0
0.0
0.0
0.0
0.0
0.0
0.0
0.0
0.0
0.0
0.0
0.0
0.0
0.0
0.0
0.0
0.0
0.0
0.0
0.0
0.00021014909582113686
0.0008701959587512064
0.005228807538822844
0.020939668378376977
0.055887989983863205
0.09941427041284487
0.11785839349109209
0.09312233400872068
0.049037546877075094
0.017210170315960883
0.004025530749046167
0.0006275418254005015
6.519942312335261e-05
4.514673813218597e-06
2.0834858281253036e-07
6.408203160260433e-09
1.3136012137469282e-10
1.7946194012378755e-12
1.6340401528643713e-14
9.915957072083718e-17
4.0104037710230295e-19
1.0809935687622327e-21
1.9419572651943386e-24
2.325079329279229e-27
1.855314035010036e-30
9.866852430007283e-34
3.497207362628081e-37
1.3980329636093064e-39
0.0
0.0
0.0
0.0
0.0
0.0
0.0
0.0
0.0
0.0
0.0
0.0
0.0
0.0
0.0
0.0
0.0
0.0
0.0
0.0
0.0
0.0
0.0
0.0
0.0
0.0
0.0
0.0
0.0
0.0
0.0
0.0
0.0
0.0
0.0
0.0
0.0
0.0
0.0
0.0
0.0
0.0
0.0
6.243437688844342e-37
5.652291015405957e-36
3.4104115809410555e-35
1.371420455858256e-34
3.675496384312478e-34
6.565123872261891e-34
7.815403374567031e-34
7.006878286989243e-34
4.241657787412062e-34
1.7113081902404826e-34
4.6015312818084916e-35
8.246279996031154e-36
9.849072245447506e-37
7.839964886603664e-38
4.1592445885247167e-39
1.4706060593859584e-40
3.465451220392135e-42
5.442579447476528e-44
5.696804459566742e-46
3.974105538932848e-48
1.8476896587006535e-50
5.725325837315128e-53
1.1823687322022267e-55
1.6273733985012054e-58
1.4928048492141396e-61
9.12641913137837e-65
3.718598851441023e-68
1.009810308771827e-71
0.0
0.0
0.0
0.0
0.0
0.0
0.0
0.0
0.0
0.0
0.0
0.0
0.0
0.0
0.0
0.0
0.0
0.0
0.0
0.0
0.0
0.0
0.0
0.0
0.0
0.0
0.0
0.0
0.0
0.0
0.0
0.0
0.0
0.0
0.0
0.0
0.0
0.0
0.0
0.0
0.0
0.0
0.0
1.0677083358636285e-37
8.431394252249017e-37
4.437391116631124e-36
1.5564585876785266e-35
3.638555289322835e-35
5.668940977893458e-35
5.886490403283552e-35
4.0737323654093494e-35
1.878927811574115e-35
5.7757614049862716e-36
1.1832865881528375e-36
1.6156682402485172e-37
1.470266229614598e-38
2.3742477672022216e-39
1.0986830201664368e-40
3.388444177256879e-42
6.964818542909569e-44
9.541152228556328e-46
8.71110788125682e-48
5.300630211928921e-50
2.149627310809754e-52
5.810056863263809e-55
1.0465961740567095e-57
1.2564911988805581e-60
1.0053593174391583e-63
5.361233365136168e-67
1.9054153712208925e-70
4.513320401625319e-74
0.0
0.0
0.0
0.0
0.0
0.0
0.0
0.0
0.0
0.0
0.0
0.0
0.0
0.0
0.0
0.0
0.0
0.0
0.0
0.0
0.0
0.0
0.0
0.0
0.0
0.0
0.0
0.0
0.0
0.0
0.0
0.0
0.0
0.0
0.0
0.0
0.0
0.0
0.0
0.0
0.0
0.0
0.0
0.0
0.0
0.0
0.0
0.0
0.0
0.0
0.0
0.0
0.0
0.0
0.0
0.0
0.0
0.0
0.0
0.0
0.0
0.0
0.0
0.0
0.0
0.0
0.0
0.0
0.0
0.0
0.0
0.0
0.0
0.0
0.0
0.0
0.0
0.0
0.0
0.0
0.0
0.0
0.0
0.0
0.0
0.0
0.0
0.0
0.0
0.0
0.0
0.0
0.0
0.0
0.0
0.0
0.0
0.0
0.0
0.0
0.0
0.0
0.0
0.0
0.0
0.0
0.0
0.0
0.0
0.0
0.0
0.0
0.0
0.0
0.0
0.0
0.0
0.0
0.0
0.0
0.0
0.0
0.0
0.0
0.0
0.0
0.0
0.0
0.0
0.0
0.0
0.0
0.0
0.0
0.0
0.0
0.0
0.0
0.0
0.0
0.0
0.0
0.0
0.0
0.0
0.0
0.0
0.0
0.0
0.0
0.0
0.0
0.0
0.0
0.0
0.0
0.0
0.0
0.0
0.0
0.0
0.0
0.0
0.0
0.0
0.0
0.0
0.0
0.0
0.0
0.0
0.0
0.0
0.0
0.0
0.0
0.0
0.0
0.0
0.0
0.0
0.0
0.0
0.0
0.0
0.0
0.0
0.0
0.0
0.0
0.0
0.0
0.0
0.0
0.0
0.0
0.0
0.0
0.0
0.0
0.0
0.0
0.0
0.0
0.0
0.0
0.0
0.0
0.0
0.0
0.0
0.0
0.0
0.0
0.0
0.0
0.0
0.0
0.0
0.0
0.0
0.0
0.0
0.0
0.0
0.0
0.0
0.0
0.0
0.0
0.0
0.0
0.0
0.0
0.0
0.0
0.0
0.0
0.0
0.0
0.0
0.0
0.0
0.0
0.0
0.0
0.0
0.0
0.0
0.0
0.0
0.0
0.0
0.0
0.0
0.0
0.0
0.0
0.0
0.0
0.0
0.0
0.0
0.0
0.0
0.0
0.0
0.0
0.0
0.0
0.0
0.0
0.0
0.0
0.0
0.0
0.0
0.0
0.0
0.0
0.0
0.0
0.0
0.0
0.0
0.0
0.0
0.0
0.0
0.0
0.0
0.0
0.0
0.0
0.0
0.0
0.0
0.0
0.0
0.0
0.0
0.0
0.0
0.0
0.0
0.0
0.0
0.0
0.0
0.0
0.0
0.0
0.0
0.0
0.0
0.0
0.0
0.0
0.0
0.0
0.0
0.0
0.0
0.0
0.0
0.0
0.0
0.0
0.0
0.0
0.0
0.0
0.0
0.0
0.0
0.0
0.0
0.0
0.0
0.0
0.0
0.0
0.0
0.0
0.0
0.0
0.0
0.0
0.0
0.0
0.0
0.0
0.0
0.0
0.0
0.0
0.0
0.0
0.0
0.0
0.0
0.0
0.0
0.0
0.0
0.0
0.0
0.0
0.0
0.0
0.0
0.0
0.0
0.0
0.0
0.0
0.0
0.0
0.0
0.0
0.0
0.0
0.0
0.0
0.0
0.0
0.0
0.0
0.0
0.0
0.0
0.0
0.0
0.0
0.0
0.0
0.0
0.0
0.0
0.0
0.0
0.0
0.0
0.0
0.0
0.0
0.0
0.0
0.0
