a = 5.423999646917008 b = 5.423999646917008 c = 5.423999646917008 ,Gaussian ,LMH = 0.08 ,DW = [0.5 0.5]
0.0
0.0
0.0
0.0
0.0
0.0
0.0
0.0
0.0
0.0
0.0
0.0
0.0
0.0
0.0
0.0
0.0
0.0
0.0
0.0
0.0
0.0
0.0
0.0
0.0
0.0
0.0
0.0
0.0
0.0
0.0
0.0
0.0
0.0
0.0
0.0
0.0
0.0
0.0
0.0
0.0
0.0
0.0
0.0
0.0
0.0
0.0
0.0
0.0
0.0
0.0
0.0
0.0
0.0
0.0
0.0
0.0
0.0
0.0
0.0
0.0
0.0
0.0
0.0
0.0
0.0
0.0
0.0
0.0
0.0
0.0
0.0
0.0
0.0
0.0
0.0
0.0
0.0
0.0
0.0
0.0
0.0
0.0
0.0
0.0
0.0
0.0
0.0
0.0
0.0
0.0
0.0
0.0
0.0
0.0
0.0
0.0
0.0
0.0
0.0
0.0
0.0
0.0
0.0
0.0
0.0
0.0
0.0
0.0
0.0
0.0
0.0
0.0
0.0
0.0
0.0
0.0
0.0
0.0
0.0
0.0
0.0
0.0
0.0
0.0
0.0
0.0
0.0
0.0
0.0
0.0
0.0
0.0
0.0
0.0
0.0
0.0
0.0
0.0
0.0
0.0
0.0
0.0
0.0
0.0
0.0
0.0
0.0
0.0
0.0
0.0
0.0
0.0
0.0
0.0
0.0
0.0
0.0
0.0
0.0
0.0
0.0
0.0
0.0
0.0
0.0
0.0
0.0
0.0
0.0
0.0
0.0
0.0
0.0
0.0
0.0
0.0
0.0
0.0
0.0
0.0
0.0
0.0
0.0
0.0
0.0
0.0
0.0
0.0
0.0
0.0
0.0
0.0
0.0
0.0
0.0
0.0
0.0
0.0
0.0
0.0
0.0
0.0
0.0
0.0
0.0
0.0
0.0
0.0
0.0
0.0
0.0
0.0
0.0
0.0
0.0
0.0
0.0
0.0
0.0
0.0
0.0
0.0
0.0
0.0
0.0
0.0
0.0
0.0
0.0
0.0
0.0
0.0
0.0
0.0
0.0
0.0
0.0
0.0
0.0
0.0
0.0
0.0
0.0
0.0
0.0
0.0
0.0
0.0
0.0
0.0
0.0
0.0
0.0
0.0
0.0
0.0
0.0
0.0
0.0
0.0
0.0
0.0
0.0
0.0
0.0
0.0
0.0
0.0
0.0
0.0
0.0
0.0
0.0
0.0
0.0
0.0
0.0
0.0
0.0
0.0
0.0
0.0
0.0
0.0
0.0
0.0
0.0
0.0
0.0
0.0
0.0
0.0
0.0
0.0
0.0
0.0
0.0
0.0
0.0
0.0
0.0
0.0
0.0
0.0
0.0
0.0
0.0
0.0
0.0
0.0
0.0
0.0
0.0
0.0
0.0
0.0
0.0
0.0
0.0
0.0
0.0
0.0
0.0
0.0
0.0
0.0
0.0
0.0
0.0
0.0
0.0
0.0
0.0
0.0
0.0
0.0
0.0
0.0
0.0
0.0
0.0
0.0
0.0
0.0
0.0
0.0
0.0
0.0
0.0
0.0
0.0
0.0
0.0
0.0
0.0
0.0
0.0
0.0
0.0
0.0
0.0
0.0
0.0
0.0
0.0
0.0
0.0
0.0
0.0
0.0
0.0
0.0
0.0
0.0
0.0
0.0
0.0
0.0
0.0
0.0
0.0
0.0
0.0
0.0
0.0
0.0
0.0
0.0
0.0
0.0
0.0
0.0
0.0
0.0
0.0
0.0
0.0
0.0
0.0
0.0
0.0
0.0
0.0
0.0
0.0
0.0
0.0
0.0
0.0
0.0
3.9729811599019275e-35
3.3195977821434056e-34
1.848570312421885e-33
6.86069370337049e-33
1.6969991912232865e-32
2.797543113428606e-32
3.073643467326914e-32
2.2506695673274447e-32
1.0983772677952023e-32
3.5725052998947435e-33
7.744186005017842e-34
1.1188199908091406e-34
1.0772740733976736e-35
6.913114440221523e-37
8.844493464112423e-38
2.8861778147873042e-39
6.277037901665234e-41
9.098461592009915e-43
8.789470834820843e-45
5.658991490665863e-47
2.428269587161224e-49
6.944425264853174e-52
1.3236015421738608e-54
1.6813563512288792e-57
1.4234552587060414e-60
8.03173594194709e-64
3.0203451209223034e-67
7.569815031258911e-71
0.0
0.0
0.0
0.0
0.0
0.0
0.0
0.0
0.0
0.0
0.0
0.0
0.0
0.0
0.0
0.0
0.0
0.0
0.0
0.0
0.0
0.0
0.0
0.0
0.0
0.0
0.0
0.0
0.0
0.0
0.0
0.0
0.0
0.0
0.0
0.0
0.0
0.0
0.0
0.0
0.0
0.0
0.0
0.0
0.0
0.0
0.0
0.0
0.0
0.0
0.0
0.0
0.0
0.0
0.0
0.0
0.0
0.0
0.0
0.0
0.0
0.0
0.0
0.0
0.0
0.0
0.0
0.0
0.0
0.0
0.0
0.0
0.0
0.0
0.0
0.0
0.0
0.0
0.0
0.0
0.0
0.0
0.0
0.0
0.0
0.0
0.0
0.0
0.0
0.0
0.0
0.0
0.0
0.0
0.0
0.0
0.0
0.0
0.0
0.0
0.0
0.0
0.0
0.0
0.0
0.0
0.0
0.0
0.0
0.0
0.0
0.0
0.0
0.0
0.0
0.0
0.0
0.0
0.0
0.0
0.0
0.0
0.0
0.0
0.0
0.0
0.0
0.0
0.0
0.0
0.0
0.0
0.0
0.0
0.0
0.0
0.0
0.0
0.0
0.0
0.0
0.0
0.0
0.0
0.0
0.0
0.0
0.0
0.0
0.0
0.0
0.0
0.0
0.0
0.0
0.0
0.0
0.0
0.0
0.0
0.0
0.0
0.0
0.0
0.0
0.0
0.0
0.0
0.0
0.0
0.0
0.0
0.0
0.0
0.0
0.0
0.0
0.0
0.0
0.0
0.0
0.0
0.0
0.0
0.0
0.0
0.0
0.0
0.0
0.0
0.0
0.0
0.0
0.0
0.0
0.0
0.0
0.0
0.0
0.0
0.0
0.0
0.0
0.0
0.0
0.0
0.0
0.0
0.0
0.0
0.0
0.0
0.0
0.0
0.0
0.0
0.0
0.0
0.0
0.0
0.0
0.0
0.0
0.0
0.0
0.0
0.0
0.0
0.0
0.0
0.0
0.0
0.0
0.0
0.0
0.0
0.0
0.0
0.0
0.0
0.0
0.0
0.0
0.0
0.0
0.0
0.0
0.0
0.0
0.0
0.0
0.0
0.0
0.0
0.0
0.0
0.0
0.0
0.0
0.0
0.0
0.0
0.0
0.0
0.0
0.0
0.0
0.0
0.0
0.0
0.0
0.0
0.0
0.0
0.0
0.0
0.0
0.0
0.0
0.0
0.0
0.0
0.0
0.0
0.0
0.0
0.0
0.0
0.0
0.0
0.0
0.0
0.0
0.0
0.0
0.0
0.0
0.0
0.0
0.0
0.0
0.0
0.0
0.0
0.0
0.0
0.0
0.0
0.0
0.0
0.0
0.0
0.0
0.0
0.0
0.0
0.0
0.0
0.0
0.0
0.0
0.0
0.0
0.0
0.0
0.0
0.0
0.0
0.0
0.0
0.0
0.0
0.0
0.0
0.0
0.0
0.0
0.0
0.0
0.0
0.0
0.0
0.0
0.0
0.0
0.0
0.0
0.0
0.0
0.0
0.0
0.0
0.0
0.0
0.0
0.0
0.0
0.0
0.0
0.0
0.0
0.0
0.0
0.0
0.0
0.0
0.0
0.0
0.0
0.0
0.0
0.0
0.0
0.0
0.0
0.0
0.0
0.0
0.0
0.0
0.0
0.0
0.0
0.00023086553426307426
0.0016912872412229386
0.008257663686513256
0.026870673871316756
0.058274891404269655
0.08422983229767257
0.08113942903584355
0.05209301654754557
0.02228992537628235
0.006356517842928994
0.001208123895913571
0.00015303304745137753
1.2919345932299287e-05
7.269045308067794e-07
8.519278223167482e-08
2.4374865651567895e-09
4.6479688390811366e-11
5.906983165202719e-13
5.003222381122444e-15
2.824329930017727e-17
1.0625823511479071e-19
2.6643502539550216e-22
4.452475953380285e-25
4.958991879294039e-28
3.6810079868931134e-31
1.8210491628955614e-34
6.004241191947455e-38
1.3193989583396111e-41
0.0
0.0
0.0
0.0
0.0
0.0
0.0
0.0
0.0
0.0
0.0
0.0
0.0
0.0
0.0
0.0
0.0
0.0
0.0
0.0
0.0
0.0
0.0
0.0
0.0
0.0
0.0
0.0
0.0
0.0
0.0
0.0
0.0
0.0
0.0
0.0
0.0
0.0
0.0
0.0
0.0
0.0
0.0
0.0
0.0
0.0
0.0
0.0
0.0
0.0
0.0
0.0
0.0
0.0
0.0
0.0
0.0
0.0
0.0
0.0
0.0
0.0
0.0
0.0
0.0
0.0
0.0
0.0
0.0
0.0
0.0
0.0
0.0
0.0
0.0
0.0
0.0
0.0
0.0
0.0
0.0
0.0
0.0
0.0
0.0
0.0
0.0
0.0
0.0
0.0
0.0
0.0
0.0
0.0
0.0
0.0
0.0
0.0
0.0
0.0
0.0
0.0
0.0
0.0
0.0
0.0
0.0
0.0
0.0
0.0
0.0
0.0
0.0
0.0
0.0
0.0
0.0
0.0
0.0
0.0
0.0
0.0
0.0
0.0
0.0
0.0034897286888792077
0.024359604600163252
0.11332620710873093
0.35137594040699405
0.7260979930789809
1.0
0.917880855632937
0.5615057032966388
0.2289304595159976
0.06220632376185085
0.011265411002156105
0.0013596937263457276
0.00010937465462686544
5.8637283680086735e-06
2.0951375527694337e-07
1.814147241539005e-08
3.2962019382038025e-10
3.991504619648154e-12
3.22137296997142e-14
1.7327141916992766e-16
6.211470155237012e-19
1.4840325323068973e-21
2.3630558613369337e-24
2.5077607640148562e-27
1.7736983677188862e-30
8.360937513664406e-34
2.6267076397765367e-37
5.499839869133179e-41
0.0
0.0
0.0
0.0
0.0
0.0
0.0
0.0
0.0
0.0
0.0
0.0
0.0
0.0
0.0
0.0
0.0
0.0
0.0
0.0
0.0
0.0
0.0
0.0
0.0
0.0
0.0
0.0
0.0
0.0
0.0
0.0
0.0
0.0
0.0
0.0
0.0
0.0
0.0
0.0
0.0
0.0
0.0
0.0
0.0
0.0
0.0
0.0
0.0
0.0
0.0
0.0
0.0
0.0
0.0
0.0
0.0
0.0
0.0
0.0
0.0
0.0
0.0
0.0
0.0
0.0
0.0
0.0
0.0
0.0
0.0
0.0
0.0
0.0
0.0
0.0
0.0
0.0
0.0
0.0
0.0
0.0
0.0
0.0
0.0
0.0
0.0
0.0
0.0
0.0
0.0
0.0
0.0
0.0
0.0
0.0
0.0
0.0
0.0
0.0
0.0
0.0
0.0
0.0
0.0
0.0
0.0
0.0
2.949307321033954e-35
2.116214602972367e-34
1.0120009802121232e-33
3.225400935559243e-33
6.851221842559026e-33
9.699155028145562e-33
9.151268967413381e-33
5.7545356801889284e-33
3.371297864136802e-33
1.0780246038840347e-33
2.297427253378778e-34
3.263145301362658e-35
3.08896227635011e-36
1.948813793309576e-37
8.194257989879374e-39
2.2963097504594074e-40
4.288770971594114e-42
5.338469769184482e-44
4.428761254007344e-46
2.4486645750926864e-48
9.02314374234662e-51
2.2159910482681453e-53
3.627101221815329e-56
3.9566979484143853e-59
2.87665426125891e-62
1.3938755065691854e-65
4.501340369021539e-69
9.688159235074354e-73
0.0
0.0
0.0
0.0
0.0
0.0
0.0
0.0
0.0
0.0
0.0
0.0
0.0
0.0
0.0
0.0
0.0
0.0
0.0
0.0
0.0
0.0
0.0
0.0
0.0
0.0
0.0
0.0
0.0
0.0
0.0
0.0
0.0
0.0
0.0
0.0
0.0
0.0
0.0
0.0
0.0
0.0
0.0
0.0
0.0
0.0
0.0
0.0
0.0
0.0
0.0
0.0
0.0
0.0
0.0
0.0
0.0
0.0
0.0
0.0
0.0
0.0
0.0
0.0
0.0
0.0
0.0
0.0
0.0
0.0
0.0
0.0
0.0
0.0
0.0
0.0
0.0
0.0
0.0
0.0
0.0
0.0
0.0
0.0
0.0
0.0
0.0
0.0
0.0
0.0
0.0
0.0
0.0
0.0
0.0
0.0
6.637422661350446e-37
5.9525874845422516e-36
3.557899269251755e-35
1.4173041466665602e-34
3.7628249539162744e-34
6.658041861174102e-34
7.851643554507439e-34
6.171008970722144e-34
3.2324612563333523e-34
1.1284752198765504e-34
2.62562242957631e-35
4.0714965277514326e-36
4.207822504255702e-37
7.39651542986405e-38
3.8871660330847444e-39
1.3615091452534327e-40
3.178261175612224e-42
4.944702313851003e-44
5.127105655773279e-46
3.5431205726201026e-48
1.6318534137411935e-50
5.009079277236393e-53
1.0247459586760167e-55
1.3971919394920012e-58
1.2696308803771169e-61
7.68918713338426e-65
3.1035942055340196e-68
8.348933124928157e-72
0.0
0.0
0.0
0.0
0.0
0.0
0.0
0.0
0.0
0.0
0.0
0.0
0.0
0.0
0.0
0.0
0.0
0.0
0.0
0.0
0.0
0.0
0.0
0.0
0.0
0.0
0.0
0.0
0.0
0.0
0.0
0.0
0.0
0.0
0.0
0.0
0.0
0.0
0.0
0.0
0.0
0.0
0.0
0.0
0.0
0.0
0.0
0.0
0.0
0.0
0.0
0.0
0.0
0.0
0.0
0.0
0.0
0.0
0.0
0.0
0.0
0.0
0.0
0.0
0.0
0.0
0.0
0.0
0.0
0.0
0.0
0.0
0.0
0.0
0.0
0.0
0.0
0.0
0.0
0.0
0.0
0.0
0.0
0.0
0.0
0.0
0.0
0.0
0.0
0.0
0.0
0.0
0.0
0.0
0.0
0.0
0.0
0.0
0.0
0.0
0.0
0.0
0.0
0.0
0.0
0.0
0.0
0.0
0.0
0.0
0.0
0.0
0.0
0.0
0.0
0.0
0.0
0.0
0.0
0.0
0.0
0.0
0.0
0.0
0.0
0.0
0.0
0.0
0.0
0.0
0.0
0.0
0.0
0.0
0.0
0.0
0.0
0.0
0.0
0.0
0.0
0.0
0.0
0.0
0.0
0.0
0.0
0.0
0.0
0.0
0.0
0.0
0.0
0.0
0.0
0.0
0.0
0.0
0.0
0.0
0.0
0.0
0.0
0.0
0.0
0.0
0.0
0.0
0.0
0.0
0.0
0.0
0.0
0.0
0.0
0.0
0.0
0.0
0.0
0.0
0.0
0.0
0.0
0.0
0.0
0.0
0.0
0.0
0.0
0.0
0.0
0.0
0.0
0.0
0.0
0.0
0.0
0.0004368113205176632
0.0038666190882379443
0.022811321435485008
0.08969145019406677
0.23503535526477815
0.4104846243636093
0.4777955940967703
0.3706542082249493
0.19163607974918445
0.06603393364470281
0.015164867082287852
0.002321087942254927
0.00023676970389029564
1.60968988387563e-05
7.293564813825425e-07
2.2025157704906368e-08
4.4328165135003926e-10
5.945960660366543e-12
5.315521219240115e-14
1.8275219394708347e-15
8.307856842818047e-18
2.517079644405025e-20
5.0826061648411075e-23
6.840022155471373e-26
6.134936984294943e-29
3.6672815378772765e-32
1.461032733808027e-35
3.8793341407544336e-39
0.0
0.0
0.0
0.0
0.0
0.0
0.0
0.0
0.0
0.0
0.0
0.0
0.0
0.0
0.0
0.0
0.0
0.0
0.0
0.0
0.0
0.0
0.0
0.0
0.0
0.0
0.0
0.0
0.0
0.0
0.0
0.0
0.0
0.0
0.0
0.0
0.0
0.0
0.0
0.0
0.0
0.0
0.0
0.0
0.0
0.0
0.0
0.0
0.0
0.0
0.0
0.0
0.0
0.0
0.0
0.0
0.0
0.0
0.0
0.0
0.0
0.0
0.0
0.0
0.0
0.0
0.0
0.0
0.0
0.0
0.0
0.0
0.0
0.0
0.0
0.0
1.7096281089908574e-35
1.3257127401114243e-34
6.8513910850043994e-34
2.3598784521791287e-33
5.417289682380072e-33
8.288120039236748e-33
8.451067170761039e-33
5.7431296815177256e-33
2.601161038980584e-33
7.851767046532672e-34
1.579607255724744e-34
2.1179338034950589e-35
1.8925928378904143e-36
1.1271547633710484e-37
4.4739534113291674e-39
1.1835344728559251e-40
2.0866610772489148e-42
2.451909669618783e-44
1.0115181827947457e-45
6.044060813955251e-48
2.406941334624232e-50
6.38827691001476e-53
1.1300131805209442e-55
1.3321859021129984e-58
1.0467132116338943e-61
5.481155542603843e-65
1.912925671174846e-68
4.449442639604432e-72
0.0
0.0
0.0
0.0
0.0
0.0
0.0
0.0
0.0
0.0
0.0
0.0
0.0
0.0
0.0
0.0
0.0
0.0
0.0
0.0
0.0
0.0
0.0
0.0
0.0
0.0
0.0
0.0
0.0
0.0
0.0
0.0
0.0
0.0
0.0
0.0
0.0
0.0
0.0
0.0
0.0
0.0
0.0
0.0
0.0
0.0
0.0
0.0
0.0
0.0
0.0
0.0
0.0
0.0
0.0
0.0
0.0
0.0
0.0
0.0
0.0
0.0
0.0
0.0
0.0
0.0
0.0
0.0
0.0
0.0
0.0
1.16444272098819e-68
1.0332693587578264e-67
6.11069375733154e-67
2.408513228144128e-66
6.326872765093798e-66
1.1076708170626101e-65
1.2924503696656417e-65
1.0050752637238595e-65
5.209125757186355e-66
1.7993375696276226e-66
4.142304322249422e-67
6.355546553217748e-68
6.498982306243144e-69
4.429139440218353e-70
2.011754122346747e-71
6.089925711437865e-73
1.2286569398351934e-74
1.6520790705687714e-76
1.480514171716647e-78
8.842516046329645e-81
3.519821927487809e-83
9.33785394095863e-86
1.4283419541487294e-87
1.9269087868533603e-90
1.7324937228227245e-93
1.038158658736922e-96
4.146076771413579e-100
1.1035512236817595e-103
0.0
0.0
0.0
0.0
0.0
0.0
0.0
0.0
0.0
0.0
0.0
0.0
0.0
0.0
0.0
0.0
0.0
0.0
0.0
0.0
0.0
0.0
0.0
0.0
0.0
0.0
0.0
0.0
0.0
0.0
0.0
0.0
0.0
0.0
0.0
0.0
0.0
0.0
0.0
0.0
0.0
0.0
0.0
0.0
0.0
0.0
0.0
0.0
0.0
0.0
0.0
0.0
0.0
0.0
0.0
0.0
0.0
0.0
0.0
0.0
0.0
0.0
0.0
0.0
0.0
0.0
0.0
0.0
4.209798393265622e-05
0.000292535475339801
0.0013548066817707161
0.003004535801312256
0.007075852213822465
0.011106102368519777
0.011617860004192236
0.008099760057831746
0.003763567563580213
0.0011654907422626426
0.00024054674671796444
3.308808976713178e-05
3.033370446141643e-06
1.853364137525789e-07
7.54705660661014e-09
2.0482171953496333e-10
3.704724832897999e-12
4.465986986516097e-14
3.588066621570951e-16
1.9212553568060233e-18
6.856322429142001e-21
1.6307182151915776e-23
2.584926269145643e-26
2.730856917447512e-29
1.9227874556406617e-32
9.022879603586835e-36
2.821893329294083e-39
5.881899118886749e-43
0.0
0.0
0.0
0.0
0.0
0.0
0.0
0.0
0.0
0.0
0.0
0.0
0.0
0.0
0.0
0.0
0.0
0.0
0.0
0.0
0.0
0.0
0.0
0.0
0.0
0.0
0.0
0.0
0.0
0.0
0.0
0.0
0.0
0.0
0.0
0.0
0.0
0.0
0.0
0.0
0.0
0.0
0.0
0.0
0.0
0.0
0.0
0.0
0.0
0.0
0.0
0.0
0.0
0.0
0.0
0.0
0.0
0.0
0.0
0.0
0.0
0.0
0.0
0.0
8.046607098878687e-05
0.0007453278737605985
0.004601119137814532
0.018930458914330567
0.05190872409039725
0.09486393034161028
0.11554294220100612
0.0937923200355033
0.05074259613687533
0.01829614678984231
0.004396713196079903
0.000704171081947913
7.516398259823639e-05
5.347156914493545e-06
7.327669716531715e-07
2.650828381370572e-08
6.391148163892597e-10
1.0269698838041711e-11
1.0998110488708531e-13
7.849825398018569e-16
3.734078671922701e-18
1.1838276481642262e-20
2.5013533255962056e-23
3.522436341302947e-26
3.305923598944729e-29
2.0678737506536008e-32
8.62058575151504e-36
2.3951409740287917e-39
0.0
0.0
0.0
0.0
0.0
0.0
0.0
0.0
0.0
0.0
0.0
0.0
0.0
0.0
0.0
0.0
0.0
0.0
0.0
0.0
0.0
0.0
0.0
0.0
0.0
0.0
0.0
0.0
0.0
0.0
0.0
0.0
0.0
0.0
0.0
0.0
0.0
0.0
0.0
0.0
0.0
0.0
0.0
0.0
0.0
0.0
0.0
0.0
0.0
0.0
0.0
0.0
0.0
0.0
0.0
0.0
0.0
0.0
0.0
0.0
0.0
0.0
1.0184012943087354e-35
4.472182529794928e-35
2.934753830302738e-34
1.2835281078256615e-33
3.741283662134027e-33
7.268042184933671e-33
9.410133603013965e-33
8.119993616187433e-33
4.6697876719252855e-33
1.7898643954668175e-33
4.572194236778896e-34
7.784142235500022e-35
8.832393352828212e-36
6.679248316714264e-37
3.366342695647744e-38
1.1307604477958433e-39
2.531421364877657e-41
3.77693770099484e-43
3.7557506387524715e-45
2.4890592019334864e-47
1.0993987811351108e-49
3.236359994526774e-52
6.349506107380744e-55
8.30241837636037e-58
7.235204855897816e-61
4.2022181853525466e-64
2.334880376290101e-66
6.895963929225885e-70
0.0
0.0
0.0
0.0
0.0
0.0
0.0
0.0
0.0
0.0
0.0
0.0
0.0
0.0
0.0
0.0
0.0
0.0
0.0
0.0
0.0
0.0
0.0
0.0
0.0
0.0
0.0
0.0
0.0
0.0
0.0
0.0
0.0
0.0
0.0
0.0
0.0
0.0
0.0
0.0
0.0
0.0
0.0
0.0
0.0
0.0
0.0
0.0
0.0
0.0
0.0
0.0
0.0
0.0
0.0
0.0
0.0
0.0
0.0
0.0
2.4863370859445938e-37
2.116257188309272e-36
1.20048968514555e-35
4.5386842196395606e-35
1.143623446269528e-34
1.9205149034948802e-34
2.1494822395285675e-34
1.6033620075051529e-34
7.970964304040632e-35
2.641019988396202e-35
5.831953603089039e-36
8.582977627859671e-37
8.418669279814957e-38
5.5033922209175526e-39
2.3977231171709443e-40
2.3696212390105545e-41
5.249888490679561e-43
7.751803803738585e-45
7.628462467699123e-47
5.003256906582337e-49
2.1870068407161585e-51
6.371314270668309e-54
1.2370562899928129e-56
1.6007792433225235e-59
1.380559011098531e-62
7.935239770048611e-66
3.0398116907840017e-69
7.760949475586983e-73
0.0
0.0
0.0
0.0
0.0
0.0
0.0
0.0
0.0
0.0
0.0
0.0
0.0
0.0
0.0
0.0
0.0
0.0
0.0
0.0
0.0
0.0
0.0
0.0
0.0
0.0
0.0
0.0
0.0
0.0
0.0
0.0
0.0
0.0
0.0
0.0
0.0
0.0
0.0
0.0
0.0
0.0
0.0
0.0
0.0
0.0
0.0
0.0
0.0
0.0
0.0
0.0
0.0
0.0
0.0
0.0
0.0
0.0
0.0
0.0
0.0
0.0
0.0
0.0
0.0
0.0
0.0
0.0
0.0
0.0
0.0
0.0
0.0
0.0
0.0
0.0
0.0
0.0
0.0
0.0
0.0
0.0
0.0
0.0
0.0
0.0
0.0
0.0
0.0
0.0
0.0
0.0
0.0
0.0
0.0
0.0
0.0
0.0
0.0
0.0
0.0
0.0
0.0
0.0
0.0
0.0
0.0
0.0
0.0
0.0
0.0
0.0
0.0
0.0
0.0
0.0
0.0
0.0
0.0
0.0
0.0
0.0
0.0
0.0
0.0
0.0
0.0
0.0
0.0
0.0
0.0
0.0
0.0
0.0
0.0
0.0
0.0
0.0
0.0
0.0
0.0
0.0
0.0
0.0002062429900292281
0.0013303712392379857
0.005719368075027683
0.01638720151945903
0.0312927038604032
0.039825655631985084
0.03378036409864068
0.01909621372220346
0.007194684516858225
0.0018065824701122694
0.0003023328769122154
3.372053914541605e-05
2.5066008987792868e-06
1.2418164842826847e-07
4.100258127759457e-09
9.022907891947574e-11
1.3233154957746712e-12
1.2934862613356557e-14
8.426394557241918e-17
3.6585021050437804e-19
1.0586353113938945e-21
2.0416015699989038e-24
2.6240805014490846e-27
2.247837258740262e-30
1.618294407159861e-32
7.049329727633985e-36
2.046537301256362e-39
3.959798189856039e-43
0.0
0.0
0.0
0.0
0.0
0.0
0.0
0.0
0.0
0.0
0.0
0.0
0.0
0.0
0.0
0.0
0.0
0.0
0.0
0.0
0.0
0.0
0.0
0.0
0.0
0.0
0.0
0.0
0.0
0.0
0.0
0.0
0.0
0.0
0.0
0.0
0.0
0.0
0.0
0.0
0.0
0.0
0.0
0.0
0.0
0.0
0.0
0.0
0.0
0.0
0.0
0.0
0.0
0.0
3.9142468913306746e-36
3.5649965902582786e-35
2.1639716681937694e-34
8.754383553462506e-34
2.3603756099001016e-33
4.241487726130977e-33
5.079685903447057e-33
4.054497636795468e-33
2.1568442870010192e-33
7.646841376194394e-34
1.8068700472352389e-34
2.8454653663349816e-35
2.986491187010701e-36
2.0890590653423698e-37
9.739165572055384e-39
3.0260376505914282e-40
6.266260619349132e-42
8.648168208077368e-44
7.954655038963158e-46
4.87640897243707e-48
1.3037275080695723e-49
4.064135510838225e-52
8.443666655575579e-55
1.1691642497326103e-57
1.0789505058180004e-60
6.636041096407964e-64
2.7201832312426038e-67
7.431368536532807e-71
0.0
0.0
0.0
0.0
0.0
0.0
0.0
0.0
0.0
0.0
0.0
0.0
0.0
0.0
0.0
0.0
0.0
0.0
0.0
0.0
0.0
0.0
0.0
0.0
0.0
0.0
0.0
0.0
0.0
0.0
0.0
0.0
0.0
0.0
0.0
0.0
0.0
0.0
0.0
0.0
0.0
0.0
0.0
0.0
0.0
0.0
0.0
0.0
0.0
0.0
0.0
0.0
0.0
0.0
4.305403147824902e-37
3.483859485790385e-36
1.8788364837263455e-35
6.753033241669647e-35
1.6176715157198702e-34
2.5826368148387976e-34
2.7480073169461635e-34
1.9487403616643425e-34
9.210254350720517e-35
2.9011542198545343e-35
6.090480481265456e-36
8.521456746253686e-37
7.946166857061633e-38
4.9383636234517746e-39
2.04545532132167e-40
1.9544691194229953e-41
4.116596742708847e-43
5.778689868984522e-45
5.406323097421749e-47
3.3709798340847988e-49
1.40085072859255e-51
3.879797995964074e-54
7.161564646659153e-57
8.810250707584902e-60
7.223541390807946e-63
3.9472407204490874e-66
1.4375355959918714e-69
3.4891942699144336e-73
0.0
0.0
0.0
0.0
0.0
0.0
0.0
0.0
0.0
0.0
0.0
0.0
0.0
0.0
0.0
0.0
0.0
0.0
0.0
0.0
0.0
0.0
0.0
0.0
0.0
0.0
0.0
0.0
0.0
0.0
0.0
0.0
0.0
0.0
0.0
0.0
0.0
0.0
0.0
0.0
0.0
0.0
0.0
0.0
0.0
0.0
0.0
0.0
0.0
0.0
0.0
0.0
0.0
1.158172369152641e-05
8.475041316465201e-05
0.00041332530677138936
0.0013434568362273834
0.002910294822125114
0.004201765432492537
0.00404304122132638
0.0025927824767051897
0.0011081678457336849
0.0003156650896565507
5.99279073720759e-05
1.580028831073526e-05
1.525352261081489e-06
9.814243676846908e-08
4.208478101440455e-09
1.202748585286898e-10
2.2909002835499157e-12
2.908165147603949e-14
2.460444046122511e-16
1.3873609582210579e-18
5.213711463521131e-21
1.305828265690615e-23
2.1797499952749845e-26
2.4249838686560543e-29
1.798011937098065e-32
8.885008255246216e-36
2.926204331143321e-39
6.422927355723129e-43
0.0
0.0
0.0
0.0
0.0
0.0
0.0
0.0
0.0
0.0
0.0
0.0
0.0
0.0
0.0
0.0
0.0
0.0
0.0
0.0
0.0
0.0
0.0
0.0
0.0
0.0
0.0
0.0
0.0
0.0
0.0
0.0
0.0
0.0
0.0
0.0
0.0
0.0
0.0
0.0
0.0
0.0
0.0
0.0
0.0
0.0
0.0
0.0
0.0
0.0
0.0
0.0
0.00025712490805951534
0.001854013770487055
0.008909704691621981
0.02853613902897166
0.060912813963557036
0.08665700233728638
0.08216374172633535
0.051920432795360176
0.030517191354726612
0.009806301380214384
0.0021001361962833805
0.00029975831032433606
2.8515208547375336e-05
1.8078542746376034e-06
7.63891780339396e-08
2.151205014720578e-09
4.037507243332063e-11
5.050406968063817e-13
4.21037700152136e-15
2.3393604439339154e-17
8.662731381899524e-20
2.1379330528360364e-22
3.516534670465631e-25
3.85493672369196e-28
2.816444205401205e-31
1.3714077478707034e-34
4.450549067006585e-38
9.625917527057194e-42
0.0
0.0
0.0
0.0
0.0
0.0
0.0
0.0
0.0
0.0
0.0
0.0
0.0
0.0
0.0
0.0
0.0
0.0
0.0
0.0
0.0
0.0
0.0
0.0
0.0
0.0
0.0
0.0
0.0
0.0
0.0
0.0
0.0
0.0
0.0
0.0
0.0
0.0
0.0
0.0
0.0
0.0
0.0
0.0
0.0
0.0
0.0
0.0
0.0
0.0
0.0
0.0
0.0
0.0
0.0
0.0
0.0
0.0
0.0
0.0
0.0
0.0
0.0
0.0
0.0
0.0
0.0
0.0
0.0
0.0
0.0
0.0
0.0
0.0
0.0
0.0
0.0
0.0
0.0
0.0
0.0
0.0
0.0
0.0
0.0
0.0
0.0
0.0
0.0
0.0
0.0
0.0
0.0
0.0
0.0
0.0
0.0
0.0
0.0
0.0
0.0
0.0
0.0
0.0
0.0
0.0
0.0
0.0
0.0
0.0
0.0
0.0
0.0
0.0
0.0
0.0
0.0
0.0
0.0
0.0
0.0
0.0
0.0
0.0
0.0
0.0
0.0
0.0
0.0
0.0
0.0
0.0
0.0
0.0
0.0
0.0
0.0
0.0
0.0
0.0
0.0
0.0
0.0
0.0
0.0
0.0
0.0
0.0
0.0
0.0
0.0
0.0
0.0
0.0
0.0
0.0
0.0
0.0
0.0
0.0
0.0
0.0
0.0
0.0
0.0
0.0
0.0
0.0
0.0
0.0
0.0
0.0
0.0
0.0
0.0
0.0
0.0
0.0
0.0
0.0
0.0
0.0
0.0
0.0
0.0
0.0
0.0
0.0
0.0
0.0
0.0
0.0
0.0
0.0
0.0
0.0
0.0
0.0
0.0
0.0
0.0
0.0
0.0
0.0
0.0
0.0
0.0
0.0
0.0
0.0
0.0
0.0
0.0
0.0
0.0
0.0
0.0
0.0
0.0
0.0
0.0
0.0
0.0
0.0
0.0
0.0
0.0
0.0
0.0
0.0
0.0
0.0
0.0
0.0
0.0
0.0
0.0
0.0
0.0
0.0
0.0
0.0
0.0
0.0
0.0
0.0
0.0
0.0
0.0
0.0
0.0
0.0
0.0
0.0
0.0
0.0
0.0
0.0
0.0
0.0
0.0
0.0
0.0
0.0
0.0
0.0
0.0
0.0
0.0
0.0
0.0
0.0
0.0
0.0
0.0
0.0
0.0
0.0
0.0
0.0
0.0
0.0
0.0
0.0
0.0
0.0
0.0
0.0
0.0
0.0
0.0
0.0
0.0
0.0
0.0
0.0
0.0
0.0
0.0
0.0
0.0
0.0
0.0
0.0
0.0
0.0
0.0
0.0
0.0
0.0
0.0
0.0
0.0
0.0
0.0
0.0
0.0
0.0
0.0
0.0
0.0
0.0
0.0
0.0
0.0
0.0
0.0
0.0
0.0
0.0
0.0
0.0
0.0
0.0
0.0
0.0
0.0
0.0
0.0
0.0
0.0
0.0
0.0
0.0
0.0
0.0
0.0
0.0
0.0
0.0
0.0
0.0
