a = 5.65511313645726 b = 5.65511313645726 c = 5.65511313645726 ,Gaussian ,LMH = 0.08 ,DW = [0.4 0.4]
0.0
0.0
0.0
0.0
0.0
0.0
0.0
0.0
0.0
0.0
0.0
0.0
0.0
0.0
0.0
0.0
0.0
0.0
0.0
0.0
0.0
0.0
0.0
0.0
0.0
0.0
0.0
0.0
0.0
0.0
0.0
0.0
0.0
0.0
0.0
0.0
0.0
0.0
0.0
0.0
0.0
0.0
0.0
0.0
0.0
0.0
0.0
0.0
0.0
0.0
0.0
0.0
0.0
0.0
0.0
0.0
0.0
0.0
0.0
0.0
0.0
0.0
0.0
0.0
0.0
0.0
0.0
0.0
0.0
0.0
0.0
0.0
0.0
0.0
0.0
0.0
0.0
0.0
0.0
0.0
0.0
0.0
0.0
0.0
0.0
0.0
0.0
0.0
0.0
0.0
0.0
0.0
0.0
0.0
0.0
0.0
0.0
0.0
0.0
0.0
0.0
0.0
0.0
0.0
0.0
0.0
0.0
0.0
0.0
0.0
0.0
0.0
0.0
0.0
0.0
0.0
0.0
0.0
0.0
0.0
0.0
0.0
0.0
0.0
0.0
0.0
0.0
0.0
0.0
0.0
0.0
0.0
0.0
0.0
0.0
0.0
0.0
0.0
0.0
0.0
0.0
0.0
0.0
0.0
0.0
0.0
0.0
0.0
0.0
0.0
0.0
0.0
0.0
0.0
0.0
0.0
0.0
0.0
0.0
0.0
0.0
0.0
0.0
0.0
0.0
0.0
0.0
0.0
0.0
0.0
0.0
0.0
0.0
0.0
0.0
0.0
0.0
0.0
0.0
0.0
0.0
0.0
0.0
0.0
0.0
0.0
0.0
0.0
0.0
0.0
0.0
0.0
0.0
0.0
0.0
0.0
0.0
0.0
0.0
0.0
0.0
0.0
0.0
0.0
0.0
0.0
0.0
0.0
0.0
0.0
0.0
0.0
0.0
0.0
0.0
0.0
0.0
0.0
0.0
0.0
0.0
0.0
0.0
0.0
0.0
0.0
0.0
0.0
0.0
0.0
0.0
0.0
0.0
0.0
0.0
0.0
0.0
0.0
0.0
0.0
0.0
0.0
0.0
0.0
0.0
0.0
0.0
0.0
0.0
0.0
0.0
0.0
0.0
0.0
0.0
0.0
0.0
0.0
0.0
0.0
0.0
0.0
0.0
0.0
0.0
0.0
0.0
0.0
0.0
0.0
0.0
0.0
0.0
0.0
0.0
0.0
0.0
0.0
0.0
0.0
0.0
0.0
0.0
0.0
0.0
0.0
0.0
0.0
0.0
0.0
0.0
0.0
0.0
0.0
0.0
0.0
0.0
0.0
0.0
0.0
0.0
0.0
0.0
0.0
0.0
0.0
0.0
0.0
0.0
0.0
0.0
0.0
0.0
0.0
0.0
0.0
0.0
0.0
0.0
0.0
0.0
0.0
0.0
0.0
0.0
0.0
0.0
0.0
0.0
0.0
0.0
0.0
0.0
0.0
0.0
0.0
0.0
0.0
0.0
0.0
0.0
0.0
0.0
0.0
0.0
0.0
0.0
0.0
0.0
0.0
0.0
0.0
0.0
0.0
0.0
0.0
0.0
0.0
0.0
0.0
0.0
0.0
0.0
0.0
0.0
0.0
0.0
0.0
0.0
0.0
0.0
0.0
0.0
0.0
0.0
0.0
0.0
0.0
0.0
0.0
0.0
0.0
0.0
0.0
0.0
0.0
0.0
0.0
2.042264303390083e-35
1.8975500755051877e-34
1.1750493129443577e-33
4.8495393589804424e-33
1.3339097044648717e-32
2.445310000903463e-32
2.9876035316578956e-32
2.4327279925078726e-32
1.3202181192661517e-32
4.775065943716773e-33
1.1510511058570137e-33
3.5585435768435052e-34
4.3620445986523904e-35
3.5636042069353064e-36
1.9403066516613956e-37
7.040975453110085e-39
1.7028517349784783e-40
2.744747450067793e-42
2.9485567612459785e-44
2.1110481695522946e-46
1.0073220526053993e-48
3.2034657762731245e-51
6.789743745377157e-54
9.591095756103811e-57
9.029519045814741e-60
5.665556279386955e-63
2.369201755850483e-66
6.603027132530209e-70
0.0
0.0
0.0
0.0
0.0
0.0
0.0
0.0
0.0
0.0
0.0
0.0
0.0
0.0
0.0
0.0
0.0
0.0
0.0
0.0
0.0
0.0
0.0
0.0
0.0
0.0
0.0
0.0
0.0
0.0
0.0
0.0
0.0
0.0
0.0
0.0
0.0
0.0
0.0
0.0
0.0
0.0
0.0
0.0
0.0
0.0
0.0
0.0
0.0
0.0
0.0
0.0
0.0
0.0
0.0
0.0
0.0
0.0
0.0
0.0
0.0
0.0
0.0
0.0
0.0
0.0
0.0
0.0
0.0
0.0
0.0
0.0
0.0
0.0
0.0
0.0
0.0
0.0
0.0
0.0
0.0
0.0
0.0
0.0
0.0
0.0
0.0
0.0
0.0
0.0
0.0
0.0
0.0
0.0
0.0
0.0
0.0
0.0
0.0
0.0
0.0
0.0
0.0
0.0
0.0
0.0
0.0
0.0
0.0
0.0
0.0
0.0
0.0
0.0
0.0
0.0
0.0
0.0
0.0
0.0
0.0
0.0
0.0
0.0
0.0
0.0
0.0
0.0
0.0
0.0
0.0
0.0
0.0
0.0
0.0
0.0
0.0
0.0
0.0
0.0
0.0
0.0
0.0
0.0
0.0
0.0
0.0
0.0
0.0
0.0
0.0
0.0
0.0
0.0
0.0
0.0
0.0
0.0
0.0
0.0
0.0
0.0
0.0
0.0
0.0
0.0
0.0
0.0
0.0
0.0
0.0
0.0
0.0
0.0
0.0
0.0
0.0
0.0
0.0
0.0
0.0
0.0
0.0
0.0
0.0
0.0
0.0
0.0
0.0
0.0
0.0
0.0
0.0
0.0
0.0
0.0
0.0
0.0
0.0
0.0
0.0
0.0
0.0
0.0
0.0
0.0
0.0
0.0
0.0
0.0
0.0
0.0
0.0
0.0
0.0
0.0
0.0
0.0
0.0
0.0
0.0
0.0
0.0
0.0
0.0
0.0
0.0
0.0
0.0
0.0
0.0
0.0
0.0
0.0
0.0
0.0
0.0
0.0
0.0
0.0
0.0
0.0
0.0
0.0
0.0
0.0
0.0
0.0
0.0
0.0
0.0
0.0
0.0
0.0
0.0
0.0
0.0
0.0
0.0
0.0
0.0
0.0
0.0
0.0
0.0
0.0
0.0
0.0
0.0
0.0
0.0
0.0
0.0
0.0
0.0
0.0
0.0
0.0
0.0
0.0
0.0
0.0
0.0
0.0
0.0
0.0
0.0
0.0
0.0
0.0
0.0
0.0
0.0
0.0
0.0
0.0
0.0
0.0
0.0
0.0
0.0
0.0
0.0
0.0
0.0
0.0
0.0
0.0
0.0
0.0
0.0
0.0
0.0
0.0
0.0
0.0
0.0
0.0
0.0
0.0
0.0
0.0
0.0
0.0
0.0
0.0
0.0
0.0
0.0
0.0
0.0
0.0
0.0
0.0
0.0
0.0
0.0
0.0
0.0
0.0
0.0
0.0
0.0
0.0
0.0
0.0
0.0
0.0
0.0
0.0
0.0
0.0
0.0
0.0
0.0
0.0
0.0
0.0
0.0
0.0
0.0
0.0
0.0
0.0
0.0
0.0
0.0004192535152305476
0.0027594167043587564
0.012104292603157069
0.025889382383415385
0.057749256192751106
0.08585244104362467
0.08506295179545714
0.05617069515916778
0.024720696133315824
0.007250920476962699
0.0014174480020911165
0.00018467269128283394
1.6035398926072953e-05
9.279795533331854e-07
3.579139239017244e-08
9.200264836196916e-10
1.576172014363646e-11
1.7996516274383176e-13
1.3694772529266316e-15
6.945487766668407e-18
2.3476439246614518e-20
5.288630809481514e-23
7.940280103358e-26
7.945293476655841e-29
5.298654621287548e-32
2.355064624510873e-35
6.976242907419545e-39
1.3772789415284326e-42
0.0
0.0
0.0
0.0
0.0
0.0
0.0
0.0
0.0
0.0
0.0
0.0
0.0
0.0
0.0
0.0
0.0
0.0
0.0
0.0
0.0
0.0
0.0
0.0
0.0
0.0
0.0
0.0
0.0
0.0
0.0
0.0
0.0
0.0
0.0
0.0
0.0
0.0
0.0
0.0
0.0
0.0
0.0
0.0
0.0
0.0
0.0
0.0
0.0
0.0
0.0
0.0
0.0
0.0
0.0
0.0
0.0
0.0
0.0
0.0
0.0
0.0
0.0
0.0
0.0
0.0
0.0
0.0
0.0
0.0
0.0
0.0
0.0
0.0
0.0
0.0
0.0
0.0
0.0
0.0
0.0
0.0
0.0
0.0
0.0
0.0
0.0
0.0
0.0
0.0
0.0
0.0
0.0
0.0
0.0
0.0
0.0
0.0
0.0
0.0
0.0
0.0
0.0
0.0
0.0
0.0
0.0
0.0
0.0
0.0
0.0
0.0
0.0
0.0
0.0
0.0
0.0
0.0
0.0026681506963514502
0.01965192904597364
0.09646762096043614
0.3156018187787143
0.6881434406748942
1.0
0.9685065754707392
0.6251535409498864
0.2689381204834297
0.07710802572733964
0.014734260707241782
0.0039016507143546657
0.00037912265262097437
2.4552325282070798e-05
1.059710096859365e-06
3.048337604087668e-08
5.84413988977322e-10
7.467232790183161e-12
6.358875564461202e-14
3.6089636720527153e-16
1.3651055824501747e-18
3.441371225131499e-21
5.782003518723128e-24
6.474507352610765e-27
4.831885711317487e-30
2.4033007750116737e-33
7.966749244392657e-37
1.7600934119477077e-40
0.0
0.0
0.0
0.0
0.0
0.0
0.0
0.0
0.0
0.0
0.0
0.0
0.0
0.0
0.0
0.0
0.0
0.0
0.0
0.0
0.0
0.0
0.0
0.0
0.0
0.0
0.0
0.0
0.0
0.0
0.0
0.0
0.0
0.0
0.0
0.0
0.0
0.0
0.0
0.0
0.0
0.0
0.0
0.0
0.0
0.0
0.0
0.0
0.0
0.0
0.0
0.0
0.0
0.0
0.0
0.0
0.0
0.0
0.0
0.0
0.0
0.0
0.0
0.0
0.0
0.0
0.0
0.0
0.0
0.0
0.0
0.0
0.0
0.0
0.0
0.0
0.0
0.0
0.0
0.0
0.0
0.0
0.0
0.0
0.0
0.0
0.0
0.0
0.0
0.0
0.0
0.0
0.0
0.0
0.0
0.0
0.0
0.0
0.0
0.0
0.0
0.0
2.311513815208488e-35
1.7466376144863978e-34
8.796110408895994e-34
2.952297260667082e-33
6.604060501861155e-33
9.845630914955569e-33
9.782674589162043e-33
6.47818299455469e-33
2.8591067064890802e-33
8.409865786719248e-34
2.968901065031945e-34
4.4407569741353364e-35
4.4269012639290163e-36
2.941197669153836e-37
1.3023572700703965e-38
3.843417935696985e-40
7.559387957303477e-42
9.909168299011792e-44
8.65703798193819e-46
5.040608755726138e-48
1.9560421283898073e-50
5.0588868648401e-53
8.719935613886354e-56
1.0017356677020867e-58
7.6696323284714385e-62
3.913609599704429e-65
1.3309508088182591e-68
3.0166717516179813e-72
0.0
0.0
0.0
0.0
0.0
0.0
0.0
0.0
0.0
0.0
0.0
0.0
0.0
0.0
0.0
0.0
0.0
0.0
0.0
0.0
0.0
0.0
0.0
0.0
0.0
0.0
0.0
0.0
0.0
0.0
0.0
0.0
0.0
0.0
0.0
0.0
0.0
0.0
0.0
0.0
0.0
0.0
0.0
0.0
0.0
0.0
0.0
0.0
0.0
0.0
0.0
0.0
0.0
0.0
0.0
0.0
0.0
0.0
0.0
0.0
0.0
0.0
0.0
0.0
0.0
0.0
0.0
0.0
0.0
0.0
0.0
0.0
0.0
0.0
0.0
0.0
0.0
0.0
0.0
0.0
0.0
0.0
0.0
0.0
0.0
0.0
0.0
0.0
0.0
0.0
0.0
2.1773061362554922e-36
1.60757461626206e-35
7.910507228186151e-35
2.594293285225336e-34
5.670421723103998e-34
8.260250080920973e-34
8.019597657563976e-34
5.189117597652861e-34
2.2377728156616e-34
6.431614753441116e-35
1.2319855101536678e-35
1.5727971927986176e-36
1.3382011504671715e-37
7.588424554880721e-39
2.867895949730369e-40
7.223650222320617e-42
1.212639121486661e-43
1.3567130099542872e-45
1.011639905440306e-47
3.08190173665637e-49
1.168582371640108e-51
2.953122222981568e-54
4.973762701273895e-57
5.583033693075208e-60
4.176735605602872e-63
2.0825012393155144e-66
6.920143505805474e-70
1.5325917416487346e-73
0.0
0.0
0.0
0.0
0.0
0.0
0.0
0.0
0.0
0.0
0.0
0.0
0.0
0.0
0.0
0.0
0.0
0.0
0.0
0.0
0.0
0.0
0.0
0.0
0.0
0.0
0.0
0.0
0.0
0.0
0.0
0.0
0.0
0.0
0.0
0.0
0.0
0.0
0.0
0.0
0.0
0.0
0.0
0.0
0.0
0.0
0.0
0.0
0.0
0.0
0.0
0.0
0.0
0.0
0.0
0.0
0.0
0.0
0.0
0.0
0.0
0.0
0.0
0.0
0.0
0.0
0.0
0.0
0.0
0.0
0.0
0.0
0.0
0.0
0.0
0.0
0.0
0.0
0.0
0.0
0.0
0.0
0.0
0.0
0.0
0.0
0.0
0.0
0.0
0.0
0.0
0.0
0.0
0.0
0.0
0.0
0.0
0.0
0.0
0.0
0.0
0.0
0.0
0.0
0.0
0.0
0.0
0.0
0.0
0.0
0.0
0.0
0.0
0.0
0.0
0.0
0.0
0.0
0.0
0.0
0.0
0.0
0.0
0.0
0.0
0.0
0.0
0.0
0.0
0.0
0.0
0.0
0.0
0.0
0.0
0.0
0.0
0.0
0.0
0.0
0.0
0.0
0.0
0.0
0.0
0.0
0.0
0.0
0.0
0.0
0.0
0.0
0.0
0.0
0.0
0.0
0.0
0.0
0.0
0.0
0.0
0.0
0.0
0.0
0.0
0.0
0.0
0.0
0.0
0.0
0.0
0.0
0.0
0.0
0.0
0.0
0.0
0.0
0.0
0.0
0.0
0.0
0.0
0.0
0.0
0.0
0.0008903887608107346
0.007061003118307797
0.037319402803314576
0.13145724178108312
0.308614192344498
0.4828684398128809
0.5035276175760875
0.3499446181955164
0.16209024927027765
0.05003754683227404
0.010294770685750706
0.0028637250322197
0.00029960879900559295
2.089100629118897e-05
9.70835624364494e-07
3.006862693092627e-08
6.206732628798424e-10
8.538744651716136e-12
7.829004873495167e-14
4.784104403465925e-16
1.9483917507563868e-18
5.288511630761684e-21
9.566921130413601e-24
1.153433263385488e-26
9.268176546225917e-30
4.9633816681155524e-33
1.7715058667409066e-36
4.213946967644882e-40
0.0
0.0
0.0
0.0
0.0
0.0
0.0
0.0
0.0
0.0
0.0
0.0
0.0
0.0
0.0
0.0
0.0
0.0
0.0
0.0
0.0
0.0
0.0
0.0
0.0
0.0
0.0
0.0
0.0
0.0
0.0
0.0
0.0
0.0
0.0
0.0
0.0
0.0
0.0
0.0
0.0
0.0
0.0
0.0
0.0
0.0
0.0
0.0
0.0
0.0
0.0
0.0
0.0
0.0
0.0
0.0
0.0
0.0
0.0
0.0
0.0
0.0
0.0
0.0
0.0
0.0
0.0
0.0
0.0
0.0
0.0
3.305552937523383e-35
2.308694351245234e-34
1.074658089554038e-33
3.333924282745884e-33
6.893228906265063e-33
9.498854097726622e-33
8.723711237117614e-33
5.339651270243653e-33
2.1782416375809403e-33
5.922168563594497e-34
1.0730921601890748e-34
1.2959099595160762e-35
1.0430237110352585e-36
5.594935488094296e-38
2.0002189315408273e-39
1.7326068495664166e-40
3.1498150767130505e-42
3.816380218359046e-44
3.0817667342717857e-46
1.6585533198025374e-48
5.948954690133514e-51
1.422110793273314e-53
2.265727897894752e-56
2.4058227089257183e-59
1.702554551057441e-62
8.030082368482908e-66
2.524181110596342e-69
5.288135478588203e-73
0.0
0.0
0.0
0.0
0.0
0.0
0.0
0.0
0.0
0.0
0.0
0.0
0.0
0.0
0.0
0.0
0.0
0.0
0.0
0.0
0.0
0.0
0.0
0.0
0.0
0.0
0.0
0.0
0.0
0.0
0.0
0.0
0.0
0.0
0.0
0.0
0.0
0.0
0.0
0.0
0.0
0.0
0.0
0.0
0.0
0.0
0.0
0.0
0.0
0.0
0.0
0.0
0.0
0.0
0.0
0.0
0.0
0.0
0.0
0.0
0.0
0.0
0.0
0.0
0.0
0.0
4.0265012369218056e-69
3.3705751294307287e-68
1.8804497613906277e-67
6.99199335102669e-67
1.7326938195299632e-66
2.8617005970437577e-66
3.1499822758903466e-66
2.310859676246492e-66
1.1298494713670262e-66
3.681706356579015e-67
7.99575090906526e-68
1.1573132172967606e-68
1.116411029054149e-69
7.17759371457832e-71
3.075496046821742e-72
8.78280059954284e-74
1.6716002243770657e-75
2.120378377497271e-77
1.7925689155223665e-79
1.009996581037685e-81
3.7926738242245475e-84
9.491888613713833e-87
1.5832201923919517e-89
1.7773295915003996e-91
1.507506658544172e-94
8.52181407274656e-98
3.210601604227008e-101
8.061620135516307e-105
0.0
0.0
0.0
0.0
0.0
0.0
0.0
0.0
0.0
0.0
0.0
0.0
0.0
0.0
0.0
0.0
0.0
0.0
0.0
0.0
0.0
0.0
0.0
0.0
0.0
0.0
0.0
0.0
0.0
0.0
0.0
0.0
0.0
0.0
0.0
0.0
0.0
0.0
0.0
0.0
0.0
0.0
0.0
0.0
0.0
0.0
0.0
0.0
0.0
0.0
0.0
0.0
0.0
0.0
0.0
0.0
0.0
0.0
0.0
0.0
0.0
0.0
0.0
4.240375855722668e-05
0.0002992802827569838
0.0014077755111227136
0.004413369151491198
0.009221225702422202
0.01284069697796201
0.011917086476095497
0.0073711140760320615
0.0030386293072667933
0.0008348411742309632
0.0002816148026092906
3.93445151107214e-05
3.6634853895933885e-06
2.273454561390687e-07
9.40285288858248e-09
2.5918779829304196e-10
4.7615791932965416e-12
5.83000623537241e-14
4.757388023231918e-16
2.5873172184757814e-18
9.378045397551174e-21
2.2654606911095676e-23
3.647390640797799e-26
3.913718417003135e-29
2.798842247088554e-32
1.3339784498914696e-35
4.2374126120667213e-39
8.970863410906099e-43
0.0
0.0
0.0
0.0
0.0
0.0
0.0
0.0
0.0
0.0
0.0
0.0
0.0
0.0
0.0
0.0
0.0
0.0
0.0
0.0
0.0
0.0
0.0
0.0
0.0
0.0
0.0
0.0
0.0
0.0
0.0
0.0
0.0
0.0
0.0
0.0
0.0
0.0
0.0
0.0
0.0
0.0
0.0
0.0
0.0
0.0
0.0
0.0
0.0
0.0
0.0
0.0
0.0
0.0
0.0
0.0
0.0
0.0
0.0
0.0
0.0004894003434947155
0.003359160903796201
0.015366639130683549
0.046849884660043736
0.09519622083631679
0.1289176670646474
0.11635544620007542
0.06999105539401723
0.028059499280897557
0.007497195563943743
0.0013350554698473077
0.00015844601814775199
1.2532707298925424e-05
6.60678253913913e-07
2.321221989037469e-08
5.435317120938992e-10
8.482319911909198e-12
8.822383986707382e-14
6.115596347067455e-16
2.825356258234866e-18
8.699397391085609e-21
1.785199148393491e-23
2.4415505489167803e-26
2.2254934353041096e-29
1.6699401605987162e-31
7.740412167105707e-35
2.3911609674557886e-38
4.9230595248628596e-42
0.0
0.0
0.0
0.0
0.0
0.0
0.0
0.0
0.0
0.0
0.0
0.0
0.0
0.0
0.0
0.0
0.0
0.0
0.0
0.0
0.0
0.0
0.0
0.0
0.0
0.0
0.0
0.0
0.0
0.0
0.0
0.0
0.0
0.0
0.0
0.0
0.0
0.0
0.0
0.0
0.0
0.0
0.0
0.0
0.0
0.0
0.0
0.0
0.0
0.0
0.0
0.0
0.0
0.0
0.0
0.0
0.0
3.556792390667773e-35
2.4997996223821243e-34
1.1709367273266492e-33
3.6554698518913314e-33
7.605618423335296e-33
1.054647694360116e-32
9.746794967294178e-33
6.003407195229771e-33
2.4644233817848947e-33
6.742398045101892e-34
1.2294050807577143e-34
1.4940226010118954e-35
1.2100432108916686e-36
6.531698647189841e-38
2.3498110829752948e-39
5.634057881161881e-41
9.003082070087287e-43
4.559025335535348e-44
3.7046270264393444e-46
2.006312245848453e-48
7.241592881509484e-51
1.7420123714778644e-53
2.7928648022395873e-56
2.9842152044239857e-59
2.1251613698792816e-62
1.008637789342334e-65
3.1905099681751064e-69
6.726149632639686e-73
0.0
0.0
0.0
0.0
0.0
0.0
0.0
0.0
0.0
0.0
0.0
0.0
0.0
0.0
0.0
0.0
0.0
0.0
0.0
0.0
0.0
0.0
0.0
0.0
0.0
0.0
0.0
0.0
0.0
0.0
0.0
0.0
0.0
0.0
0.0
0.0
0.0
0.0
0.0
0.0
0.0
0.0
0.0
0.0
0.0
0.0
0.0
0.0
0.0
0.0
0.0
0.0
0.0
0.0
0.0
9.996840320127066e-37
6.692518821687045e-36
2.986056325693465e-35
8.879488272545444e-35
1.7597842588065758e-34
2.324408567227297e-34
2.0461951667965156e-34
1.2005028342892102e-34
4.694192261233258e-35
1.2233200807953637e-35
2.1247159813871116e-36
5.279290956189172e-37
4.662715935336406e-38
2.7446303801708514e-39
1.0767387000167405e-40
2.815258817446843e-42
4.905777875005915e-44
5.6974297800701665e-46
4.4099293365413293e-48
2.27491842386992e-50
7.821347350015482e-53
1.7921686141893976e-55
2.7368923102046074e-58
2.7855958036977773e-61
1.8895571767391816e-64
8.542471223172392e-68
2.5738815643766826e-71
5.168626407773334e-75
0.0
0.0
0.0
0.0
0.0
0.0
0.0
0.0
0.0
0.0
0.0
0.0
0.0
0.0
0.0
0.0
0.0
0.0
0.0
0.0
0.0
0.0
0.0
0.0
0.0
0.0
0.0
0.0
0.0
0.0
0.0
0.0
0.0
0.0
0.0
0.0
0.0
0.0
0.0
0.0
0.0
0.0
0.0
0.0
0.0
0.0
0.0
0.0
0.0
0.0
0.0
0.0
0.0
0.0
0.0
0.0
0.0
0.0
0.0
0.0
0.0
0.0
0.0
0.0
0.0
0.0
0.0
0.0
0.0
0.0
0.0
0.0
0.0
0.0
0.0
0.0
0.0
0.0
0.0
0.0
0.0
0.0
0.0
0.0
0.0
0.0
0.0
0.0
0.0
0.0
0.0
0.0
0.0
0.0
0.0
0.0
0.0
0.0
0.0
0.0
0.0
0.0
0.0
0.0
0.0
0.0
0.0
0.0
0.0
0.0
0.0
0.0
0.0
0.0
0.0
0.0
0.0
0.0
0.0
0.0
0.0
0.0
0.0
0.0
0.0
0.0
0.0
0.0
0.0
0.0
0.0
0.0
8.47520125650767e-05
0.0006632250430510786
0.0034590222962216587
0.01202340162638474
0.027853700121988522
0.038924297493225256
0.04585417716969871
0.036001332412771384
0.018838216867167294
0.006569654920611386
0.0015269572296310431
0.00023653354187416054
2.441968995624555e-05
1.680231430811408e-06
7.705123630755765e-08
2.3548956458035676e-09
4.7967299629293065e-11
6.511790527843332e-13
5.8916524723120114e-15
3.552674096127155e-17
1.4277598517653316e-19
3.824164009525014e-22
6.826520557674742e-25
8.121642021585416e-28
6.439762222317807e-31
3.403120828936155e-34
1.198578420883478e-37
2.81343630850676e-41
0.0
0.0
0.0
0.0
0.0
0.0
0.0
0.0
0.0
0.0
0.0
0.0
0.0
0.0
0.0
0.0
0.0
0.0
0.0
0.0
0.0
0.0
0.0
0.0
0.0
0.0
0.0
0.0
0.0
0.0
0.0
0.0
0.0
0.0
0.0
0.0
0.0
0.0
0.0
0.0
0.0
0.0
0.0
0.0
0.0
0.0
0.0
0.0
0.0
0.0
1.1321501954189214e-35
8.786010964171633e-35
4.544237111312922e-34
1.5664328257866206e-33
2.853074835406627e-33
5.0011114734417903e-33
5.842536777733606e-33
4.549020803945441e-33
2.360564867972186e-33
8.163859159027138e-34
1.8817269999892952e-34
2.8906750720341345e-35
2.9595350406458244e-36
2.019432045396346e-37
9.183675906939051e-39
2.783462679174378e-40
5.622582084408835e-42
7.569509780101998e-44
6.791743137822579e-46
4.061404998709492e-48
1.6186497837385404e-50
4.299431522870502e-53
7.611157819735678e-56
8.979909635478442e-59
7.06113888559669e-62
3.700488758514321e-65
1.2924833969848036e-68
3.0086550998753647e-72
0.0
0.0
0.0
0.0
0.0
0.0
0.0
0.0
0.0
0.0
0.0
0.0
0.0
0.0
0.0
0.0
0.0
0.0
0.0
0.0
0.0
0.0
0.0
0.0
0.0
0.0
0.0
0.0
0.0
0.0
0.0
0.0
0.0
0.0
0.0
0.0
0.0
0.0
0.0
0.0
0.0
0.0
0.0
0.0
0.0
0.0
0.0
0.0
0.0
9.529187720632771e-37
6.733743612941812e-36
3.171310890841469e-35
9.954113984868833e-35
1.7032536568623184e-34
2.7186024310123093e-34
2.8919689113404533e-34
2.0503267943624896e-34
9.68799938768106e-35
3.0508908212640804e-35
6.40325471768994e-36
8.95687344933203e-37
8.350137872650976e-38
5.188148552381949e-39
2.148387947629772e-40
5.929178977515116e-42
1.0905810850952013e-43
1.3369122731145364e-45
1.0922684958864213e-47
5.947541116497267e-50
2.158375719541563e-52
5.220332778729929e-55
8.414937191844886e-58
9.040347344558568e-61
6.472929896998972e-64
3.088860096054855e-67
9.823745912300999e-71
2.0822724451427075e-74
0.0
0.0
0.0
0.0
0.0
0.0
0.0
0.0
0.0
0.0
0.0
0.0
0.0
0.0
0.0
0.0
0.0
0.0
0.0
0.0
0.0
0.0
0.0
0.0
0.0
0.0
0.0
0.0
0.0
0.0
0.0
0.0
0.0
0.0
0.0
0.0
0.0
0.0
0.0
0.0
0.0
0.0
0.0
0.0
0.0
0.0
0.0
0.0
2.5830008647340854e-05
0.00016347706086037176
0.0006895577415071937
0.0019385008882274526
0.0036319755672645352
0.0044058366138435305
0.004197666022658241
0.002665440083691021
0.0011280062738345993
0.0003181527298712051
5.98055296645134e-05
7.4925314792176945e-06
6.256008925903265e-07
3.481350029794026e-08
1.2911585370136261e-09
3.191486407290241e-11
5.257605248084092e-13
5.77250741728715e-15
4.223986992874942e-17
2.059976153355973e-19
6.695505357169321e-22
1.4503942821571222e-24
2.093969464727831e-27
2.014819557370598e-30
1.2920624925933537e-33
5.522203785887637e-37
1.5729788652936095e-40
2.986172513860071e-44
0.0
0.0
0.0
0.0
0.0
0.0
0.0
0.0
0.0
0.0
0.0
0.0
0.0
0.0
0.0
0.0
0.0
0.0
0.0
0.0
0.0
0.0
0.0
0.0
0.0
0.0
0.0
0.0
0.0
0.0
0.0
0.0
0.0
0.0
0.0
0.0
0.0
0.0
0.0
0.0
0.0
0.0
0.0
0.0
0.0
0.0
9.01044474382041e-05
0.0008017165248082903
0.004754195000676892
0.018789477136426626
0.049491879524632056
0.0868829878058676
0.1016522734089754
0.07926491396665575
0.05359913535143447
0.021253196658447254
0.005616584356485381
0.0009892404342029067
0.00011612159191903573
9.084596671936035e-06
4.7367435093829046e-07
1.6460219974537743e-08
3.812176055179428e-10
5.884259425614614e-12
6.053300340382465e-14
4.150249264605012e-16
1.8964338055077283e-18
5.7754089780964076e-21
1.1722205944389527e-23
1.585687120713871e-26
1.4295758356783523e-29
8.589708910819094e-33
3.439784560868024e-36
9.180484195447687e-40
0.0
0.0
0.0
0.0
0.0
0.0
0.0
0.0
0.0
0.0
0.0
0.0
0.0
0.0
0.0
0.0
0.0
0.0
0.0
0.0
0.0
0.0
0.0
0.0
0.0
0.0
0.0
0.0
0.0
0.0
0.0
0.0
0.0
0.0
0.0
0.0
0.0
0.0
0.0
0.0
0.0
0.0
0.0
0.0
0.0
0.0
4.826835896409714e-37
4.451880598519025e-36
2.7365666501584275e-35
1.1211148376807023e-34
3.0610873240129223e-34
5.5703551532721235e-34
6.755719366597042e-34
5.460618847729604e-34
2.9416681278812166e-34
1.056153480497682e-34
2.5272135548347866e-35
7.774743575717799e-36
9.460270667640388e-37
7.671894082434307e-38
4.146514445997348e-39
1.4936378667625146e-40
3.5858242184597435e-42
5.737388057037151e-44
6.118162421319391e-46
4.3481981559957415e-48
2.0595825380227175e-50
6.5017553358061425e-53
1.3679291133752865e-55
1.9181303219371824e-58
1.7925619641845838e-61
1.1164821690410507e-64
4.634586093409309e-68
1.282187873023754e-71
0.0
0.0
0.0
0.0
0.0
0.0
0.0
0.0
0.0
0.0
0.0
0.0
0.0
0.0
0.0
0.0
0.0
0.0
0.0
0.0
0.0
0.0
0.0
0.0
0.0
0.0
0.0
0.0
0.0
0.0
0.0
0.0
0.0
0.0
0.0
0.0
0.0
0.0
0.0
0.0
0.0
0.0
0.0
0.0
0.0
0.0
1.3775657288512762e-37
1.0222881720910878e-36
5.056102741875714e-36
1.666633062033947e-35
3.661387071454366e-35
5.360839965285169e-35
5.231203196723632e-35
3.4021376808262504e-35
1.474632253161799e-35
4.259877596560425e-36
8.201476788941681e-37
1.0523702158593788e-37
8.999669988487933e-39
5.129395292702658e-40
1.9484411880888798e-41
1.75739309931737e-42
3.394631443854124e-44
4.370165566820552e-46
3.7495979249168737e-48
2.144139599163867e-50
8.17152217143216e-53
2.075555817643603e-55
3.5135603651169336e-58
3.9640759761918354e-61
2.9806986310858734e-64
1.493742421074599e-67
4.989016147991142e-71
1.1105436997696065e-74
0.0
0.0
0.0
0.0
0.0
0.0
0.0
0.0
0.0
0.0
0.0
0.0
0.0
0.0
0.0
0.0
0.0
0.0
0.0
0.0
0.0
0.0
0.0
0.0
0.0
0.0
0.0
0.0
0.0
0.0
0.0
0.0
0.0
0.0
0.0
0.0
0.0
0.0
0.0
0.0
0.0
0.0
0.0
0.0
0.0
0.0
0.0
0.0
0.0
0.0
0.0
0.0
0.0
0.0
0.0
0.0
0.0
0.0
0.0
0.0
0.0
0.0
0.0
0.0
0.0
0.0
0.0
0.0
0.0
0.0
0.0
0.0
0.0
0.0
0.0
0.0
0.0
0.0
0.0
0.0
0.0
0.0
0.0
0.0
0.0
0.0
0.0
0.0
0.0
0.0
0.0
0.0
0.0
0.0
0.0
0.0
0.0
0.0
0.0
0.0
0.0
0.0
0.0
0.0
0.0
0.0
0.0
0.0
0.0
0.0
0.0
0.0
0.0
0.0
0.0
0.0
0.0
0.0
0.0
0.0
0.0
0.0
0.0
0.0
0.0
0.0
0.0
0.0
0.0
0.0
0.0
0.0
0.0
0.0
0.0
0.0
0.0
0.0
0.0
0.0
0.0
0.0
0.0
0.0
0.0
0.0
0.0
0.0
0.0
0.0
0.0
0.0
0.0
0.0
0.0
0.0
0.0
0.0
0.0
0.0
0.0
0.0
0.0
0.0
0.0
0.0
0.0
0.0
0.0
0.0
0.0
0.0
0.0
0.0
0.0
0.0
0.0
0.0
0.0
0.0
0.0
0.0
0.0
0.0
0.0
0.0
0.0
0.0
0.0
0.0
0.0
0.0
0.0
0.0
0.0
0.0
0.0
0.0
0.0
0.0
0.0
0.0
0.0
0.0
0.0
0.0
0.0
0.0
0.0
0.0
0.0
0.0
0.0
0.0
0.0
0.0
0.0
0.0
0.0
0.0
0.0
0.0
0.0
0.0
0.0
0.0
0.0
0.0
0.0
0.0
0.0
0.0
0.0
0.0
0.0
0.0
0.0
0.0
0.0
0.0
0.0
0.0
0.0
0.0
0.0
0.0
0.0
0.0
0.0
0.0
0.0
0.0
0.0
0.0
0.0
0.0
0.0
0.0
0.0
0.0
0.0
0.0
0.0
0.0
0.0
0.0
0.0
0.0
0.0
0.0
0.0
0.0
0.0
0.0
0.0
0.0
0.0
0.0
0.0
0.0
0.0
0.0
0.0
0.0
0.0
0.0
0.0
0.0
0.0
0.0
0.0
0.0
0.0
0.0
0.0
0.0
0.0
0.0
0.0
0.0
0.0
0.0
0.0
0.0
0.0
0.0
0.0
0.0
0.0
0.0
0.0
0.0
0.0
0.0
0.0
0.0
0.0
0.0
0.0
0.0
0.0
0.0
0.0
0.0
0.0
0.0
0.0
0.0
0.0
0.0
0.0
0.0
0.0
