a = 5.423999646917008 b = 5.423999646917008 c = 5.423999646917008 ,Gaussian ,LMH = 0.08 ,DW = [0.2 0.2]
0.0
0.0
0.0
0.0
0.0
0.0
0.0
0.0
0.0
0.0
0.0
0.0
0.0
0.0
0.0
0.0
0.0
0.0
0.0
0.0
0.0
0.0
0.0
0.0
0.0
0.0
0.0
0.0
0.0
0.0
0.0
0.0
0.0
0.0
0.0
0.0
0.0
0.0
0.0
0.0
0.0
0.0
0.0
0.0
0.0
0.0
0.0
0.0
0.0
0.0
0.0
0.0
0.0
0.0
0.0
0.0
0.0
0.0
0.0
0.0
0.0
0.0
0.0
0.0
0.0
0.0
0.0
0.0
0.0
0.0
0.0
0.0
0.0
0.0
0.0
0.0
0.0
0.0
0.0
0.0
0.0
0.0
0.0
0.0
0.0
0.0
0.0
0.0
0.0
0.0
0.0
0.0
0.0
0.0
0.0
0.0
0.0
0.0
0.0
0.0
0.0
0.0
0.0
0.0
0.0
0.0
0.0
0.0
0.0
0.0
0.0
0.0
0.0
0.0
0.0
0.0
0.0
0.0
0.0
0.0
0.0
0.0
0.0
0.0
0.0
0.0
0.0
0.0
0.0
0.0
0.0
0.0
0.0
0.0
0.0
0.0
0.0
0.0
0.0
0.0
0.0
0.0
0.0
0.0
0.0
0.0
0.0
0.0
0.0
0.0
0.0
0.0
0.0
0.0
0.0
0.0
0.0
0.0
0.0
0.0
0.0
0.0
0.0
0.0
0.0
0.0
0.0
0.0
0.0
0.0
0.0
0.0
0.0
0.0
0.0
0.0
0.0
0.0
0.0
0.0
0.0
0.0
0.0
0.0
0.0
0.0
0.0
0.0
0.0
0.0
0.0
0.0
0.0
0.0
0.0
0.0
0.0
0.0
0.0
0.0
0.0
0.0
0.0
0.0
0.0
0.0
0.0
0.0
0.0
0.0
0.0
0.0
0.0
0.0
0.0
0.0
0.0
0.0
0.0
0.0
0.0
0.0
0.0
0.0
0.0
0.0
0.0
0.0
0.0
0.0
0.0
0.0
0.0
0.0
0.0
0.0
0.0
0.0
0.0
0.0
0.0
0.0
0.0
0.0
0.0
0.0
0.0
0.0
0.0
0.0
0.0
0.0
0.0
0.0
0.0
0.0
0.0
0.0
0.0
0.0
0.0
0.0
0.0
0.0
0.0
0.0
0.0
0.0
0.0
0.0
0.0
0.0
0.0
0.0
0.0
0.0
0.0
0.0
0.0
0.0
0.0
0.0
0.0
0.0
0.0
0.0
0.0
0.0
0.0
0.0
0.0
0.0
0.0
0.0
0.0
0.0
0.0
0.0
0.0
0.0
0.0
0.0
0.0
0.0
0.0
0.0
0.0
0.0
0.0
0.0
0.0
0.0
0.0
0.0
0.0
0.0
0.0
0.0
0.0
0.0
0.0
0.0
0.0
0.0
0.0
0.0
0.0
0.0
0.0
0.0
0.0
0.0
0.0
0.0
0.0
0.0
0.0
0.0
0.0
0.0
0.0
0.0
0.0
0.0
0.0
0.0
0.0
0.0
0.0
0.0
0.0
0.0
0.0
0.0
0.0
0.0
0.0
0.0
0.0
0.0
0.0
0.0
0.0
0.0
0.0
0.0
0.0
0.0
0.0
0.0
0.0
0.0
0.0
0.0
0.0
0.0
0.0
0.0
0.0
0.0
0.0
0.0
0.0
0.0
0.0
0.0
0.0
0.0
0.0
0.0
0.0
0.0
0.0
0.0
0.0
0.0
0.0
0.0
0.0
0.0
0.0
0.0
0.0
0.0
0.0
0.0
0.0
0.0
0.0
0.0
0.0
3.7603535673893574e-35
3.141938222201108e-34
1.7496377881281687e-33
6.493520357612713e-33
1.606178510730935e-32
2.647823083753679e-32
2.909146988638392e-32
2.1302173345124386e-32
1.0395938744887028e-32
3.381310534406914e-33
7.329729565396284e-34
1.0589425356876178e-34
1.0196200892774947e-35
6.543135620532263e-37
8.371150330435494e-38
2.731714197764625e-39
5.941100880213521e-41
8.611526490630048e-43
8.319072424194217e-45
5.356131323883924e-47
2.2983124855518305e-49
6.572770739945827e-52
1.2527645061972545e-54
1.5913728504950527e-57
1.3472742116467864e-60
7.601890289954359e-64
2.858701084423865e-67
7.164690647054236e-71
0.0
0.0
0.0
0.0
0.0
0.0
0.0
0.0
0.0
0.0
0.0
0.0
0.0
0.0
0.0
0.0
0.0
0.0
0.0
0.0
0.0
0.0
0.0
0.0
0.0
0.0
0.0
0.0
0.0
0.0
0.0
0.0
0.0
0.0
0.0
0.0
0.0
0.0
0.0
0.0
0.0
0.0
0.0
0.0
0.0
0.0
0.0
0.0
0.0
0.0
0.0
0.0
0.0
0.0
0.0
0.0
0.0
0.0
0.0
0.0
0.0
0.0
0.0
0.0
0.0
0.0
0.0
0.0
0.0
0.0
0.0
0.0
0.0
0.0
0.0
0.0
0.0
0.0
0.0
0.0
0.0
0.0
0.0
0.0
0.0
0.0
0.0
0.0
0.0
0.0
0.0
0.0
0.0
0.0
0.0
0.0
0.0
0.0
0.0
0.0
0.0
0.0
0.0
0.0
0.0
0.0
0.0
0.0
0.0
0.0
0.0
0.0
0.0
0.0
0.0
0.0
0.0
0.0
0.0
0.0
0.0
0.0
0.0
0.0
0.0
0.0
0.0
0.0
0.0
0.0
0.0
0.0
0.0
0.0
0.0
0.0
0.0
0.0
0.0
0.0
0.0
0.0
0.0
0.0
0.0
0.0
0.0
0.0
0.0
0.0
0.0
0.0
0.0
0.0
0.0
0.0
0.0
0.0
0.0
0.0
0.0
0.0
0.0
0.0
0.0
0.0
0.0
0.0
0.0
0.0
0.0
0.0
0.0
0.0
0.0
0.0
0.0
0.0
0.0
0.0
0.0
0.0
0.0
0.0
0.0
0.0
0.0
0.0
0.0
0.0
0.0
0.0
0.0
0.0
0.0
0.0
0.0
0.0
0.0
0.0
0.0
0.0
0.0
0.0
0.0
0.0
0.0
0.0
0.0
0.0
0.0
0.0
0.0
0.0
0.0
0.0
0.0
0.0
0.0
0.0
0.0
0.0
0.0
0.0
0.0
0.0
0.0
0.0
0.0
0.0
0.0
0.0
0.0
0.0
0.0
0.0
0.0
0.0
0.0
0.0
0.0
0.0
0.0
0.0
0.0
0.0
0.0
0.0
0.0
0.0
0.0
0.0
0.0
0.0
0.0
0.0
0.0
0.0
0.0
0.0
0.0
0.0
0.0
0.0
0.0
0.0
0.0
0.0
0.0
0.0
0.0
0.0
0.0
0.0
0.0
0.0
0.0
0.0
0.0
0.0
0.0
0.0
0.0
0.0
0.0
0.0
0.0
0.0
0.0
0.0
0.0
0.0
0.0
0.0
0.0
0.0
0.0
0.0
0.0
0.0
0.0
0.0
0.0
0.0
0.0
0.0
0.0
0.0
0.0
0.0
0.0
0.0
0.0
0.0
0.0
0.0
0.0
0.0
0.0
0.0
0.0
0.0
0.0
0.0
0.0
0.0
0.0
0.0
0.0
0.0
0.0
0.0
0.0
0.0
0.0
0.0
0.0
0.0
0.0
0.0
0.0
0.0
0.0
0.0
0.0
0.0
0.0
0.0
0.0
0.0
0.0
0.0
0.0
0.0
0.0
0.0
0.0
0.0
0.0
0.0
0.0
0.0
0.0
0.0
0.0
0.0
0.0
0.0
0.0
0.0
0.0
0.0
0.0
0.0
0.0
0.0
0.0
0.0
0.0
0.0
0.0
0.0
0.0
0.00022685812035034506
0.0016619295112242504
0.008114325372937773
0.026404246898316885
0.05726334322614211
0.08276775263777883
0.0797309932646616
0.05118877469119821
0.02190301202712551
0.0062461800303941955
0.0011871530198395886
0.00015037666669094241
1.2695089129317767e-05
7.142867646283875e-07
8.371398747840389e-08
2.3951761457844064e-09
4.567288389956839e-11
5.804448472902064e-13
4.916375364123618e-15
2.7753045997889485e-17
1.0441378167092657e-19
2.6181018855696556e-22
4.375188912078847e-25
4.872912624919287e-28
3.617112253532007e-31
1.789438997374554e-34
5.900018273767846e-38
1.2964965456474438e-41
0.0
0.0
0.0
0.0
0.0
0.0
0.0
0.0
0.0
0.0
0.0
0.0
0.0
0.0
0.0
0.0
0.0
0.0
0.0
0.0
0.0
0.0
0.0
0.0
0.0
0.0
0.0
0.0
0.0
0.0
0.0
0.0
0.0
0.0
0.0
0.0
0.0
0.0
0.0
0.0
0.0
0.0
0.0
0.0
0.0
0.0
0.0
0.0
0.0
0.0
0.0
0.0
0.0
0.0
0.0
0.0
0.0
0.0
0.0
0.0
0.0
0.0
0.0
0.0
0.0
0.0
0.0
0.0
0.0
0.0
0.0
0.0
0.0
0.0
0.0
0.0
0.0
0.0
0.0
0.0
0.0
0.0
0.0
0.0
0.0
0.0
0.0
0.0
0.0
0.0
0.0
0.0
0.0
0.0
0.0
0.0
0.0
0.0
0.0
0.0
0.0
0.0
0.0
0.0
0.0
0.0
0.0
0.0
0.0
0.0
0.0
0.0
0.0
0.0
0.0
0.0
0.0
0.0
0.0
0.0
0.0
0.0
0.0
0.0
0.0
0.0034897286888792086
0.024359604600163252
0.11332620710873095
0.3513759404069941
0.7260979930789809
1.0
0.9178808556329371
0.561505703296639
0.2289304595159976
0.062206323761850854
0.011265411002156105
0.0013596937263457274
0.00010937465462686542
5.863728368008674e-06
2.0951375527694337e-07
1.814147241539005e-08
3.296201938203803e-10
3.991504619648154e-12
3.22137296997142e-14
1.7327141916992766e-16
6.211470155237014e-19
1.4840325323068975e-21
2.363055861336934e-24
2.5077607640148566e-27
1.7736983677188862e-30
8.360937513664406e-34
2.626707639776537e-37
5.49983986913318e-41
0.0
0.0
0.0
0.0
0.0
0.0
0.0
0.0
0.0
0.0
0.0
0.0
0.0
0.0
0.0
0.0
0.0
0.0
0.0
0.0
0.0
0.0
0.0
0.0
0.0
0.0
0.0
0.0
0.0
0.0
0.0
0.0
0.0
0.0
0.0
0.0
0.0
0.0
0.0
0.0
0.0
0.0
0.0
0.0
0.0
0.0
0.0
0.0
0.0
0.0
0.0
0.0
0.0
0.0
0.0
0.0
0.0
0.0
0.0
0.0
0.0
0.0
0.0
0.0
0.0
0.0
0.0
0.0
0.0
0.0
0.0
0.0
0.0
0.0
0.0
0.0
0.0
0.0
0.0
0.0
0.0
0.0
0.0
0.0
0.0
0.0
0.0
0.0
0.0
0.0
0.0
0.0
0.0
0.0
0.0
0.0
0.0
0.0
0.0
0.0
0.0
0.0
0.0
0.0
0.0
0.0
0.0
0.0
2.9989344045282016e-35
2.1518234925731422e-34
1.0290296081828565e-33
3.279673761042654e-33
6.966505236728709e-33
9.862359714538393e-33
9.305254544258905e-33
5.851365474979946e-33
3.428025652181909e-33
1.0961641909810655e-33
2.3360853522863605e-34
3.318053239633334e-35
3.140939290649612e-36
1.9816058811824023e-37
8.332140238547373e-39
2.3349490454904696e-40
4.36093679628694e-42
5.428298551379331e-44
4.503282651950933e-46
2.4898674977080644e-48
9.174973395597217e-51
2.2532788453012314e-53
3.6881333339636194e-56
4.023276082896023e-59
2.9250588341528363e-62
1.417329819265512e-65
4.5770830333197935e-69
9.851178898652865e-73
0.0
0.0
0.0
0.0
0.0
0.0
0.0
0.0
0.0
0.0
0.0
0.0
0.0
0.0
0.0
0.0
0.0
0.0
0.0
0.0
0.0
0.0
0.0
0.0
0.0
0.0
0.0
0.0
0.0
0.0
0.0
0.0
0.0
0.0
0.0
0.0
0.0
0.0
0.0
0.0
0.0
0.0
0.0
0.0
0.0
0.0
0.0
0.0
0.0
0.0
0.0
0.0
0.0
0.0
0.0
0.0
0.0
0.0
0.0
0.0
0.0
0.0
0.0
0.0
0.0
0.0
0.0
0.0
0.0
0.0
0.0
0.0
0.0
0.0
0.0
0.0
0.0
0.0
0.0
0.0
0.0
0.0
0.0
0.0
0.0
0.0
0.0
0.0
0.0
0.0
0.0
0.0
0.0
0.0
0.0
0.0
6.857021544205153e-37
6.149528620943295e-36
3.6756122347657373e-35
1.464195601852269e-34
3.887317878115517e-34
6.878322929491098e-34
8.1114148906291e-34
6.3751765739016055e-34
3.3394071172464058e-34
1.165810780719634e-34
2.7124910503876163e-35
4.20620183953568e-36
4.3470381559221355e-37
7.641228868842981e-38
4.015772777281822e-39
1.4065546248844214e-40
3.283413828862565e-42
5.10829760671877e-44
5.2967357564510625e-46
3.6603445855035315e-48
1.6858432234796767e-50
5.174804479552797e-53
1.0586496407551305e-55
1.4434179830484352e-58
1.3116365710184793e-61
7.943583604831574e-65
3.206276504845504e-68
8.625157268064141e-72
0.0
0.0
0.0
0.0
0.0
0.0
0.0
0.0
0.0
0.0
0.0
0.0
0.0
0.0
0.0
0.0
0.0
0.0
0.0
0.0
0.0
0.0
0.0
0.0
0.0
0.0
0.0
0.0
0.0
0.0
0.0
0.0
0.0
0.0
0.0
0.0
0.0
0.0
0.0
0.0
0.0
0.0
0.0
0.0
0.0
0.0
0.0
0.0
0.0
0.0
0.0
0.0
0.0
0.0
0.0
0.0
0.0
0.0
0.0
0.0
0.0
0.0
0.0
0.0
0.0
0.0
0.0
0.0
0.0
0.0
0.0
0.0
0.0
0.0
0.0
0.0
0.0
0.0
0.0
0.0
0.0
0.0
0.0
0.0
0.0
0.0
0.0
0.0
0.0
0.0
0.0
0.0
0.0
0.0
0.0
0.0
0.0
0.0
0.0
0.0
0.0
0.0
0.0
0.0
0.0
0.0
0.0
0.0
0.0
0.0
0.0
0.0
0.0
0.0
0.0
0.0
0.0
0.0
0.0
0.0
0.0
0.0
0.0
0.0
0.0
0.0
0.0
0.0
0.0
0.0
0.0
0.0
0.0
0.0
0.0
0.0
0.0
0.0
0.0
0.0
0.0
0.0
0.0
0.0
0.0
0.0
0.0
0.0
0.0
0.0
0.0
0.0
0.0
0.0
0.0
0.0
0.0
0.0
0.0
0.0
0.0
0.0
0.0
0.0
0.0
0.0
0.0
0.0
0.0
0.0
0.0
0.0
0.0
0.0
0.0
0.0
0.0
0.0
0.0
0.0
0.0
0.0
0.0
0.0
0.0
0.0
0.0
0.0
0.0
0.0
0.0
0.0
0.0
0.0
0.0
0.0
0.0
0.0004646592903975386
0.004113127104052629
0.024265608360793424
0.09540953643900811
0.250019530781023
0.43665419213461565
0.5082564285306754
0.3942844731509245
0.20385342743703327
0.07024378560780689
0.01613167069268739
0.0024690639311277783
0.0002518644490873523
1.7123122136929634e-05
7.758550412210611e-07
2.3429324445912195e-08
4.715421233095753e-10
6.325032643163555e-12
5.654400886172309e-14
1.944031685291713e-15
8.837506456410785e-18
2.6775506643400594e-20
5.406636831496049e-23
7.276093113379489e-26
6.526056747745925e-29
3.901081215245528e-32
1.554177745517843e-35
4.126652777500555e-39
0.0
0.0
0.0
0.0
0.0
0.0
0.0
0.0
0.0
0.0
0.0
0.0
0.0
0.0
0.0
0.0
0.0
0.0
0.0
0.0
0.0
0.0
0.0
0.0
0.0
0.0
0.0
0.0
0.0
0.0
0.0
0.0
0.0
0.0
0.0
0.0
0.0
0.0
0.0
0.0
0.0
0.0
0.0
0.0
0.0
0.0
0.0
0.0
0.0
0.0
0.0
0.0
0.0
0.0
0.0
0.0
0.0
0.0
0.0
0.0
0.0
0.0
0.0
0.0
0.0
0.0
0.0
0.0
0.0
0.0
0.0
0.0
0.0
0.0
0.0
0.0
1.8431385658642086e-35
1.4292419887733302e-34
7.386438648370025e-34
2.54416908746939e-33
5.840343571530722e-33
8.935366470925823e-33
9.111038677489301e-33
6.191629483100267e-33
2.8042942215067234e-33
8.464937244269111e-34
1.7029639584387367e-34
2.2833301889692357e-35
2.040391609525686e-36
1.2151779694901095e-37
4.823339082303673e-39
1.2759605550929715e-40
2.2496152731341155e-42
2.6433873240170947e-44
1.090510949707278e-45
6.516061313009868e-48
2.5949072645028176e-50
6.887158371078824e-53
1.2182596097945673e-55
1.4362206611907078e-58
1.1284544735877015e-61
5.9091969258956125e-65
2.0623123003371777e-68
4.796914184159233e-72
0.0
0.0
0.0
0.0
0.0
0.0
0.0
0.0
0.0
0.0
0.0
0.0
0.0
0.0
0.0
0.0
0.0
0.0
0.0
0.0
0.0
0.0
0.0
0.0
0.0
0.0
0.0
0.0
0.0
0.0
0.0
0.0
0.0
0.0
0.0
0.0
0.0
0.0
0.0
0.0
0.0
0.0
0.0
0.0
0.0
0.0
0.0
0.0
0.0
0.0
0.0
0.0
0.0
0.0
0.0
0.0
0.0
0.0
0.0
0.0
0.0
0.0
0.0
0.0
0.0
0.0
0.0
0.0
0.0
0.0
0.0
1.7555184296172408e-68
1.557760952396859e-67
9.212505961339892e-67
3.63108402309023e-66
9.538418284361627e-66
1.669928883794638e-65
1.9485032646244364e-65
1.5152554237466348e-65
7.853298495587623e-66
2.7126884024860714e-66
6.244954301076152e-67
9.581647000202466e-68
9.79789130605241e-69
6.677388053960595e-70
3.0329284334750807e-71
9.181195973603834e-73
1.8523280387096686e-74
2.490680909669077e-76
2.232028992849395e-78
1.333101199717604e-80
5.306497392531168e-83
1.4077785356857514e-85
2.1533739522847944e-87
2.90501527171879e-90
2.6119143559336345e-93
1.5651320802905056e-96
6.250641660285073e-100
1.6637181685982094e-103
0.0
0.0
0.0
0.0
0.0
0.0
0.0
0.0
0.0
0.0
0.0
0.0
0.0
0.0
0.0
0.0
0.0
0.0
0.0
0.0
0.0
0.0
0.0
0.0
0.0
0.0
0.0
0.0
0.0
0.0
0.0
0.0
0.0
0.0
0.0
0.0
0.0
0.0
0.0
0.0
0.0
0.0
0.0
0.0
0.0
0.0
0.0
0.0
0.0
0.0
0.0
0.0
0.0
0.0
0.0
0.0
0.0
0.0
0.0
0.0
0.0
0.0
0.0
0.0
0.0
0.0
0.0
0.0
4.650239524717128e-05
0.0003231413722764519
0.0014965504262625451
0.00331887891805947
0.007816148081678048
0.012268054518302561
0.01283335369944311
0.008947180088696877
0.004157322751156216
0.0012874277124604516
0.0002657134343818966
3.654986022101323e-05
3.3507303257851455e-06
2.047268386961897e-07
8.336651223839642e-09
2.2625075282124457e-10
4.0923237259301034e-12
4.933231300290232e-14
3.9634603993480863e-16
2.1222625795064188e-18
7.573650463928276e-21
1.8013286123370833e-23
2.8553686381964956e-26
3.01656696771425e-29
2.1239549708969446e-32
9.966879037838069e-36
3.11712786897607e-39
6.497280203916926e-43
0.0
0.0
0.0
0.0
0.0
0.0
0.0
0.0
0.0
0.0
0.0
0.0
0.0
0.0
0.0
0.0
0.0
0.0
0.0
0.0
0.0
0.0
0.0
0.0
0.0
0.0
0.0
0.0
0.0
0.0
0.0
0.0
0.0
0.0
0.0
0.0
0.0
0.0
0.0
0.0
0.0
0.0
0.0
0.0
0.0
0.0
0.0
0.0
0.0
0.0
0.0
0.0
0.0
0.0
0.0
0.0
0.0
0.0
0.0
0.0
0.0
0.0
0.0
0.0
8.986051692717012e-05
0.0008323452008199726
0.0051383016355443225
0.02114059755629615
0.05796908836822616
0.10593933211214038
0.12903262686847736
0.10474261087463052
0.05666681451020089
0.020432229237832715
0.0049100312184412135
0.0007863833371188453
8.39394075985587e-05
5.971439620732078e-06
8.183178083727601e-07
2.9603136540414363e-08
7.137317265628074e-10
1.14686902806698e-11
1.2282144282590875e-13
8.766295649656798e-16
4.170033848831191e-18
1.3220399990890276e-20
2.7933873257822386e-23
3.9336821915492994e-26
3.69189150001249e-29
2.309298837267115e-32
9.627042582383425e-36
2.674774639731888e-39
0.0
0.0
0.0
0.0
0.0
0.0
0.0
0.0
0.0
0.0
0.0
0.0
0.0
0.0
0.0
0.0
0.0
0.0
0.0
0.0
0.0
0.0
0.0
0.0
0.0
0.0
0.0
0.0
0.0
0.0
0.0
0.0
0.0
0.0
0.0
0.0
0.0
0.0
0.0
0.0
0.0
0.0
0.0
0.0
0.0
0.0
0.0
0.0
0.0
0.0
0.0
0.0
0.0
0.0
0.0
0.0
0.0
0.0
0.0
0.0
0.0
0.0
1.1488393838097474e-35
5.044985165009773e-35
3.3106407080195456e-34
1.4479239654716095e-33
4.220471872024665e-33
8.198941961194273e-33
1.0615395080965612e-32
9.160012378903981e-33
5.2678998166223974e-33
2.01911242717621e-33
5.157806494349513e-34
8.781144740580253e-35
9.963657149430465e-36
7.534734650641625e-37
3.7975080057075936e-38
1.2755896357771034e-39
2.855648924683355e-41
4.260692524005462e-43
4.236791796789888e-45
2.8078609638415895e-47
1.2402111283035654e-49
3.650876960464174e-52
7.162758653847629e-55
9.365802326579738e-58
8.161898786694856e-61
4.7404434555156716e-64
2.633934724707254e-66
7.779207465170788e-70
0.0
0.0
0.0
0.0
0.0
0.0
0.0
0.0
0.0
0.0
0.0
0.0
0.0
0.0
0.0
0.0
0.0
0.0
0.0
0.0
0.0
0.0
0.0
0.0
0.0
0.0
0.0
0.0
0.0
0.0
0.0
0.0
0.0
0.0
0.0
0.0
0.0
0.0
0.0
0.0
0.0
0.0
0.0
0.0
0.0
0.0
0.0
0.0
0.0
0.0
0.0
0.0
0.0
0.0
0.0
0.0
0.0
0.0
0.0
0.0
2.830914818443118e-37
2.409546102130976e-36
1.366863752416547e-35
5.167693667220588e-35
1.3021165066736805e-34
2.1866761872632365e-34
2.447375763431508e-34
1.8255695464762856e-34
9.075648307364147e-35
3.007034992648574e-35
6.640195317355853e-36
9.772479641006794e-37
9.585400045121276e-38
6.266099105375795e-39
2.7300199724705026e-40
2.6980234971091956e-41
5.977462672883096e-43
8.82611468160207e-45
8.685679654551811e-47
5.696650786971143e-49
2.4901008428902176e-51
7.254305171955655e-54
1.408498068257089e-56
1.8226288408742649e-59
1.5718886165305347e-62
9.034972763717351e-66
3.4610946397269094e-69
8.836527838412789e-73
0.0
0.0
0.0
0.0
0.0
0.0
0.0
0.0
0.0
0.0
0.0
0.0
0.0
0.0
0.0
0.0
0.0
0.0
0.0
0.0
0.0
0.0
0.0
0.0
0.0
0.0
0.0
0.0
0.0
0.0
0.0
0.0
0.0
0.0
0.0
0.0
0.0
0.0
0.0
0.0
0.0
0.0
0.0
0.0
0.0
0.0
0.0
0.0
0.0
0.0
0.0
0.0
0.0
0.0
0.0
0.0
0.0
0.0
0.0
0.0
0.0
0.0
0.0
0.0
0.0
0.0
0.0
0.0
0.0
0.0
0.0
0.0
0.0
0.0
0.0
0.0
0.0
0.0
0.0
0.0
0.0
0.0
0.0
0.0
0.0
0.0
0.0
0.0
0.0
0.0
0.0
0.0
0.0
0.0
0.0
0.0
0.0
0.0
0.0
0.0
0.0
0.0
0.0
0.0
0.0
0.0
0.0
0.0
0.0
0.0
0.0
0.0
0.0
0.0
0.0
0.0
0.0
0.0
0.0
0.0
0.0
0.0
0.0
0.0
0.0
0.0
0.0
0.0
0.0
0.0
0.0
0.0
0.0
0.0
0.0
0.0
0.0
0.0
0.0
0.0
0.0
0.0
0.0
0.00023863015684567602
0.0015392847894483423
0.0066175034633108795
0.01896054972969519
0.03620672309529189
0.046079638627211816
0.03908503063313953
0.022094969021939456
0.008324494783894115
0.0020902773865741804
0.0003498094254109784
3.9015811126725e-05
2.9002225265471845e-06
1.436823924904926e-07
4.744138164387235e-09
1.0439811433854803e-10
1.5311210541908434e-12
1.4966076150103896e-14
9.749625209337912e-17
4.23301141543337e-19
1.2248770751650533e-21
2.362202481627008e-24
3.0361504240591857e-27
2.6008241906341933e-30
1.8724216912696553e-32
8.15631434709025e-36
2.367913290629284e-39
4.581621237108028e-43
0.0
0.0
0.0
0.0
0.0
0.0
0.0
0.0
0.0
0.0
0.0
0.0
0.0
0.0
0.0
0.0
0.0
0.0
0.0
0.0
0.0
0.0
0.0
0.0
0.0
0.0
0.0
0.0
0.0
0.0
0.0
0.0
0.0
0.0
0.0
0.0
0.0
0.0
0.0
0.0
0.0
0.0
0.0
0.0
0.0
0.0
0.0
0.0
0.0
0.0
0.0
0.0
0.0
0.0
4.5598154026936403e-36
4.152963983649934e-35
2.520870966386114e-34
1.0198225629706178e-33
2.7496673973230052e-33
4.9410273804607026e-33
5.917467821123932e-33
4.723197408776609e-33
2.5125680811962326e-33
8.908018849386517e-34
2.104873325772286e-34
3.3147619875440923e-35
3.479046900363183e-36
2.433603185425686e-37
1.1345425676443391e-38
3.525115679048771e-40
7.299741810534385e-42
1.0074492410689702e-43
9.266599572478159e-46
5.680664853205747e-48
1.5187485453146957e-49
4.734424837124758e-52
9.83626284703144e-55
1.3619920516554698e-57
1.2568995446019217e-60
7.730509404331987e-64
3.1688173332756525e-67
8.657008527240736e-71
0.0
0.0
0.0
0.0
0.0
0.0
0.0
0.0
0.0
0.0
0.0
0.0
0.0
0.0
0.0
0.0
0.0
0.0
0.0
0.0
0.0
0.0
0.0
0.0
0.0
0.0
0.0
0.0
0.0
0.0
0.0
0.0
0.0
0.0
0.0
0.0
0.0
0.0
0.0
0.0
0.0
0.0
0.0
0.0
0.0
0.0
0.0
0.0
0.0
0.0
0.0
0.0
0.0
0.0
5.045543447504714e-37
4.0827685113384196e-36
2.2018265848547652e-35
7.913944746498691e-35
1.8957648415523839e-34
3.026616976618677e-34
3.2204162619980073e-34
2.2837476131941017e-34
1.0793585848657817e-34
3.3998905936562043e-35
7.137492780421508e-36
9.986377296856968e-37
9.312189530655537e-38
5.787315929819654e-39
2.3970888066247884e-40
2.2904611996293492e-41
4.824279401497431e-43
6.772102356627559e-45
6.335722147894679e-47
3.9504837594894614e-49
1.6416704712433584e-51
4.546772667750785e-54
8.392706637725079e-57
1.03248177237447e-59
8.465337781569438e-63
4.6258094466362037e-66
1.684661820943731e-69
4.089020396273874e-73
0.0
0.0
0.0
0.0
0.0
0.0
0.0
0.0
0.0
0.0
0.0
0.0
0.0
0.0
0.0
0.0
0.0
0.0
0.0
0.0
0.0
0.0
0.0
0.0
0.0
0.0
0.0
0.0
0.0
0.0
0.0
0.0
0.0
0.0
0.0
0.0
0.0
0.0
0.0
0.0
0.0
0.0
0.0
0.0
0.0
0.0
0.0
0.0
0.0
0.0
0.0
0.0
0.0
1.3642833251728506e-05
9.983278703725128e-05
0.00048688160667545807
0.0015825414321492346
0.0034282174250686976
0.004949521045845085
0.004762549917571981
0.0030541998695386412
0.0013053798844582273
0.00037184155798217525
7.05928123635377e-05
1.8612143105288196e-05
1.7968073753397524e-06
1.1560808523951816e-07
4.957428316435344e-09
1.4167924248466423e-10
2.6985940432749086e-12
3.425708748886588e-14
2.8983101946229913e-16
1.6342588302996913e-18
6.141555265343207e-21
1.538216396687576e-23
2.5676632000597577e-26
2.856539444332556e-29
2.1179901796822563e-32
1.0466204279699892e-35
3.4469582260438646e-39
7.565965933568855e-43
0.0
0.0
0.0
0.0
0.0
0.0
0.0
0.0
0.0
0.0
0.0
0.0
0.0
0.0
0.0
0.0
0.0
0.0
0.0
0.0
0.0
0.0
0.0
0.0
0.0
0.0
0.0
0.0
0.0
0.0
0.0
0.0
0.0
0.0
0.0
0.0
0.0
0.0
0.0
0.0
0.0
0.0
0.0
0.0
0.0
0.0
0.0
0.0
0.0
0.0
0.0
0.0
0.0003041970028520705
0.002193429786654842
0.010540812572156943
0.033760276400658616
0.07206417916816862
0.10252137992421095
0.09720553393636061
0.06142555446038371
0.03610400180842149
0.011601550045998919
0.0024846100726370686
0.00035463534151097353
3.373551415643302e-05
2.138819829196673e-06
9.037381552657284e-08
2.545028106910886e-09
4.776657429590036e-11
5.97498964399288e-13
4.981174614338137e-15
2.767629324618639e-17
1.024862563014105e-19
2.529326434685845e-22
4.160309925841319e-25
4.56066355601786e-28
3.3320532516624936e-31
1.6224726330045549e-34
5.265315202042249e-38
1.1388143153965632e-41
0.0
0.0
0.0
0.0
0.0
0.0
0.0
0.0
0.0
0.0
0.0
0.0
0.0
0.0
0.0
0.0
0.0
0.0
0.0
0.0
0.0
0.0
0.0
0.0
0.0
0.0
0.0
0.0
0.0
0.0
0.0
0.0
0.0
0.0
0.0
0.0
0.0
0.0
0.0
0.0
0.0
0.0
0.0
0.0
0.0
0.0
0.0
0.0
0.0
0.0
0.0
0.0
0.0
0.0
0.0
0.0
0.0
0.0
0.0
0.0
0.0
0.0
0.0
0.0
0.0
0.0
0.0
0.0
0.0
0.0
0.0
0.0
0.0
0.0
0.0
0.0
0.0
0.0
0.0
0.0
0.0
0.0
0.0
0.0
0.0
0.0
0.0
0.0
0.0
0.0
0.0
0.0
0.0
0.0
0.0
0.0
0.0
0.0
0.0
0.0
0.0
0.0
0.0
0.0
0.0
0.0
0.0
0.0
0.0
0.0
0.0
0.0
0.0
0.0
0.0
0.0
0.0
0.0
0.0
0.0
0.0
0.0
0.0
0.0
0.0
0.0
0.0
0.0
0.0
0.0
0.0
0.0
0.0
0.0
0.0
0.0
0.0
0.0
0.0
0.0
0.0
0.0
0.0
0.0
0.0
0.0
0.0
0.0
0.0
0.0
0.0
0.0
0.0
0.0
0.0
0.0
0.0
0.0
0.0
0.0
0.0
0.0
0.0
0.0
0.0
0.0
0.0
0.0
0.0
0.0
0.0
0.0
0.0
0.0
0.0
0.0
0.0
0.0
0.0
0.0
0.0
0.0
0.0
0.0
0.0
0.0
0.0
0.0
0.0
0.0
0.0
0.0
0.0
0.0
0.0
0.0
0.0
0.0
0.0
0.0
0.0
0.0
0.0
0.0
0.0
0.0
0.0
0.0
0.0
0.0
0.0
0.0
0.0
0.0
0.0
0.0
0.0
0.0
0.0
0.0
0.0
0.0
0.0
0.0
0.0
0.0
0.0
0.0
0.0
0.0
0.0
0.0
0.0
0.0
0.0
0.0
0.0
0.0
0.0
0.0
0.0
0.0
0.0
0.0
0.0
0.0
0.0
0.0
0.0
0.0
0.0
0.0
0.0
0.0
0.0
0.0
0.0
0.0
0.0
0.0
0.0
0.0
0.0
0.0
0.0
0.0
0.0
0.0
0.0
0.0
0.0
0.0
0.0
0.0
0.0
0.0
0.0
0.0
0.0
0.0
0.0
0.0
0.0
0.0
0.0
0.0
0.0
0.0
0.0
0.0
0.0
0.0
0.0
0.0
0.0
0.0
0.0
0.0
0.0
0.0
0.0
0.0
0.0
0.0
0.0
0.0
0.0
0.0
0.0
0.0
0.0
0.0
0.0
0.0
0.0
0.0
0.0
0.0
0.0
0.0
0.0
0.0
0.0
0.0
0.0
0.0
0.0
0.0
0.0
0.0
0.0
0.0
0.0
0.0
0.0
0.0
0.0
0.0
0.0
0.0
0.0
0.0
0.0
0.0
0.0
0.0
0.0
0.0
0.0
0.0
0.0
0.0
