a = 5.60591358349583 b = 5.60591358349583 c = 5.60591358349583 ,Gaussian ,LMH = 0.08 ,DW = [0.3 0.3]
0.0
0.0
0.0
0.0
0.0
0.0
0.0
0.0
0.0
0.0
0.0
0.0
0.0
0.0
0.0
0.0
0.0
0.0
0.0
0.0
0.0
0.0
0.0
0.0
0.0
0.0
0.0
0.0
0.0
0.0
0.0
0.0
0.0
0.0
0.0
0.0
0.0
0.0
0.0
0.0
0.0
0.0
0.0
0.0
0.0
0.0
0.0
0.0
0.0
0.0
0.0
0.0
0.0
0.0
0.0
0.0
0.0
0.0
0.0
0.0
0.0
0.0
0.0
0.0
0.0
0.0
0.0
0.0
0.0
0.0
0.0
0.0
0.0
0.0
0.0
0.0
0.0
0.0
0.0
0.0
0.0
0.0
0.0
0.0
0.0
0.0
0.0
0.0
0.0
0.0
0.0
0.0
0.0
0.0
0.0
0.0
0.0
0.0
0.0
0.0
0.0
0.0
0.0
0.0
0.0
0.0
0.0
0.0
0.0
0.0
0.0
0.0
0.0
0.0
0.0
0.0
0.0
0.0
0.0
0.0
0.0
0.0
0.0
0.0
0.0
0.0
0.0
0.0
0.0
0.0
0.0
0.0
0.0
0.0
0.0
0.0
0.0
0.0
0.0
0.0
0.0
0.0
0.0
0.0
0.0
0.0
0.0
0.0
0.0
0.0
0.0
0.0
0.0
0.0
0.0
0.0
0.0
0.0
0.0
0.0
0.0
0.0
0.0
0.0
0.0
0.0
0.0
0.0
0.0
0.0
0.0
0.0
0.0
0.0
0.0
0.0
0.0
0.0
0.0
0.0
0.0
0.0
0.0
0.0
0.0
0.0
0.0
0.0
0.0
0.0
0.0
0.0
0.0
0.0
0.0
0.0
0.0
0.0
0.0
0.0
0.0
0.0
0.0
0.0
0.0
0.0
0.0
0.0
0.0
0.0
0.0
0.0
0.0
0.0
0.0
0.0
0.0
0.0
0.0
0.0
0.0
0.0
0.0
0.0
0.0
0.0
0.0
0.0
0.0
0.0
0.0
0.0
0.0
0.0
0.0
0.0
0.0
0.0
0.0
0.0
0.0
0.0
0.0
0.0
0.0
0.0
0.0
0.0
0.0
0.0
0.0
0.0
0.0
0.0
0.0
0.0
0.0
0.0
0.0
0.0
0.0
0.0
0.0
0.0
0.0
0.0
0.0
0.0
0.0
0.0
0.0
0.0
0.0
0.0
0.0
0.0
0.0
0.0
0.0
0.0
0.0
0.0
0.0
0.0
0.0
0.0
0.0
0.0
0.0
0.0
0.0
0.0
0.0
0.0
0.0
0.0
0.0
0.0
0.0
0.0
0.0
0.0
0.0
0.0
0.0
0.0
0.0
0.0
0.0
0.0
0.0
0.0
0.0
0.0
0.0
0.0
0.0
0.0
0.0
0.0
0.0
0.0
0.0
0.0
0.0
0.0
0.0
0.0
0.0
0.0
0.0
0.0
0.0
0.0
0.0
0.0
0.0
0.0
0.0
0.0
0.0
0.0
0.0
0.0
0.0
0.0
0.0
0.0
0.0
0.0
0.0
0.0
0.0
0.0
0.0
0.0
0.0
0.0
0.0
0.0
0.0
0.0
0.0
0.0
0.0
0.0
0.0
0.0
0.0
0.0
0.0
0.0
0.0
0.0
0.0
0.0
0.0
0.0
0.0
0.0
0.0
0.0
0.0
0.0
0.0
0.0
0.0
0.0
0.0
0.0
0.0
0.0
0.0
4.919546946673209e-35
3.907183370853879e-34
2.0681594875112346e-33
7.296016501084113e-33
1.715414736637801e-32
2.688029396942034e-32
2.894530469731382e-32
2.3064581730528532e-32
1.2248829488141894e-32
4.335359767586309e-33
1.022674071610927e-33
1.6077958212260272e-34
1.6846360658381176e-35
1.1764211963640412e-36
5.475214472447899e-38
1.6983256894820064e-39
3.510931613315658e-41
4.837325478306038e-43
4.441910436217414e-45
2.718415472096048e-47
1.1087749802585295e-49
3.0140645545305237e-52
5.460636028199853e-55
6.593491623564933e-58
5.3060243126476264e-61
2.8458012162499973e-64
1.0172353263425355e-67
2.4233707142314164e-71
0.0
0.0
0.0
0.0
0.0
0.0
0.0
0.0
0.0
0.0
0.0
0.0
0.0
0.0
0.0
0.0
0.0
0.0
0.0
0.0
0.0
0.0
0.0
0.0
0.0
0.0
0.0
0.0
0.0
0.0
0.0
0.0
0.0
0.0
0.0
0.0
0.0
0.0
0.0
0.0
0.0
0.0
0.0
0.0
0.0
0.0
0.0
0.0
0.0
0.0
0.0
0.0
0.0
0.0
0.0
0.0
0.0
0.0
0.0
0.0
0.0
0.0
0.0
0.0
0.0
0.0
0.0
0.0
0.0
0.0
0.0
0.0
0.0
0.0
0.0
0.0
0.0
0.0
0.0
0.0
0.0
0.0
0.0
0.0
0.0
0.0
0.0
0.0
0.0
0.0
0.0
0.0
0.0
0.0
0.0
0.0
0.0
0.0
0.0
0.0
0.0
0.0
0.0
0.0
0.0
0.0
0.0
0.0
0.0
0.0
0.0
0.0
0.0
0.0
0.0
0.0
0.0
0.0
0.0
0.0
0.0
0.0
0.0
0.0
0.0
0.0
0.0
0.0
0.0
0.0
0.0
0.0
0.0
0.0
0.0
0.0
0.0
0.0
0.0
0.0
0.0
0.0
0.0
0.0
0.0
0.0
0.0
0.0
0.0
0.0
0.0
0.0
0.0
0.0
0.0
0.0
0.0
0.0
0.0
0.0
0.0
0.0
0.0
0.0
0.0
0.0
0.0
0.0
0.0
0.0
0.0
0.0
0.0
0.0
0.0
0.0
0.0
0.0
0.0
0.0
0.0
0.0
0.0
0.0
0.0
0.0
0.0
0.0
0.0
0.0
0.0
0.0
0.0
0.0
0.0
0.0
0.0
0.0
0.0
0.0
0.0
0.0
0.0
0.0
0.0
0.0
0.0
0.0
0.0
0.0
0.0
0.0
0.0
0.0
0.0
0.0
0.0
0.0
0.0
0.0
0.0
0.0
0.0
0.0
0.0
0.0
0.0
0.0
0.0
0.0
0.0
0.0
0.0
0.0
0.0
0.0
0.0
0.0
0.0
0.0
0.0
0.0
0.0
0.0
0.0
0.0
0.0
0.0
0.0
0.0
0.0
0.0
0.0
0.0
0.0
0.0
0.0
0.0
0.0
0.0
0.0
0.0
0.0
0.0
0.0
0.0
0.0
0.0
0.0
0.0
0.0
0.0
0.0
0.0
0.0
0.0
0.0
0.0
0.0
0.0
0.0
0.0
0.0
0.0
0.0
0.0
0.0
0.0
0.0
0.0
0.0
0.0
0.0
0.0
0.0
0.0
0.0
0.0
0.0
0.0
0.0
0.0
0.0
0.0
0.0
0.0
0.0
0.0
0.0
0.0
0.0
0.0
0.0
0.0
0.0
0.0
0.0
0.0
0.0
0.0
0.0
0.0
0.0
0.0
0.0
0.0
0.0
0.0
0.0
0.0
0.0
0.0
0.0
0.0
0.0
0.0
0.0
0.0
0.0
0.0
0.0
0.0
0.0
0.0
0.0
0.0
0.0
0.0
0.0
0.0
0.0
0.0
0.0
0.0
0.0
0.0
0.0
0.0
0.0
0.0
0.0
0.0
0.0
0.0
0.0
0.0
0.0
0.0
0.0
0.00014209825648428664
0.0011368109395773422
0.006061348954837128
0.02153931455145701
0.05101243073001571
0.08051961797680351
0.08470497947995395
0.05938786677876163
0.027750323984760007
0.00864211295359176
0.0017937146983352038
0.0002481237542872836
2.287519836126025e-05
1.4055391335584131e-06
5.755758496708083e-08
1.5708826130669234e-09
2.857369802004641e-11
3.463942836900659e-13
2.7987011784764044e-15
1.507036923544462e-17
5.4084498057045387e-20
1.0119046787005187e-21
1.8466776573699955e-24
2.246074378525264e-27
1.8207013783262617e-30
9.836369995423981e-34
3.5417062671540194e-37
8.499077153564156e-41
0.0
0.0
0.0
0.0
0.0
0.0
0.0
0.0
0.0
0.0
0.0
0.0
0.0
0.0
0.0
0.0
0.0
0.0
0.0
0.0
0.0
0.0
0.0
0.0
0.0
0.0
0.0
0.0
0.0
0.0
0.0
0.0
0.0
0.0
0.0
0.0
0.0
0.0
0.0
0.0
0.0
0.0
0.0
0.0
0.0
0.0
0.0
0.0
0.0
0.0
0.0
0.0
0.0
0.0
0.0
0.0
0.0
0.0
0.0
0.0
0.0
0.0
0.0
0.0
0.0
0.0
0.0
0.0
0.0
0.0
0.0
0.0
0.0
0.0
0.0
0.0
0.0
0.0
0.0
0.0
0.0
0.0
0.0
0.0
0.0
0.0
0.0
0.0
0.0
0.0
0.0
0.0
0.0
0.0
0.0
0.0
0.0
0.0
0.0
0.0
0.0
0.0
0.0
0.0
0.0
0.0
0.0
0.0
0.0
0.0
0.0
0.0
0.0
0.0
0.0
0.0
0.0
0.0
0.0
0.000819705934735443
0.0074042835384373965
0.02563306521778977
0.11774109882884981
0.360443480676521
0.7354070913350661
1.0
0.9062619262356475
0.5473801167645396
0.22034634402656014
0.05911588948078995
0.010570223156421229
0.0012596376468486106
0.00010004344906794658
5.295576278715896e-06
1.868182710374869e-07
4.39245192636965e-09
6.882975659653018e-11
7.188313321049336e-13
5.003331885006203e-15
2.3209894859735902e-17
7.17577119787425e-20
1.4785824270543122e-22
2.030504920186713e-25
1.8584209826131873e-28
1.133615309676324e-31
4.608598275105299e-35
1.2486868885962403e-38
0.0
0.0
0.0
0.0
0.0
0.0
0.0
0.0
0.0
0.0
0.0
0.0
0.0
0.0
0.0
0.0
0.0
0.0
0.0
0.0
0.0
0.0
0.0
0.0
0.0
0.0
0.0
0.0
0.0
0.0
0.0
0.0
0.0
0.0
0.0
0.0
0.0
0.0
0.0
0.0
0.0
0.0
0.0
0.0
0.0
0.0
0.0
0.0
0.0
0.0
0.0
0.0
0.0
0.0
0.0
0.0
0.0
0.0
0.0
0.0
0.0
0.0
0.0
0.0
0.0
0.0
0.0
0.0
0.0
0.0
0.0
0.0
0.0
0.0
0.0
0.0
0.0
0.0
0.0
0.0
0.0
0.0
0.0
0.0
0.0
0.0
0.0
0.0
0.0
0.0
0.0
0.0
0.0
0.0
0.0
0.0
0.0
0.0
0.0
0.0
0.0
0.0
0.0
0.0
1.949892172054902e-35
1.5141677124713188e-34
7.836441842156598e-34
2.702995960423136e-33
6.213744999589186e-33
9.520132762266139e-33
9.721071360785108e-33
6.61556294234964e-33
3.0005511087375866e-33
9.070198664247338e-34
1.827317942680759e-34
2.453539114712332e-35
2.1956009068134877e-36
1.3094694331758617e-37
5.204977746748165e-39
1.378871950638634e-40
2.4345042970085442e-42
2.8646970569874955e-44
2.2466137187833443e-46
1.1742475409622081e-48
4.0904629225550023e-51
9.496570783273145e-54
1.4694090389269908e-56
1.5153053362541078e-59
1.2345423039978719e-61
6.473900233339363e-65
2.2625989251757185e-68
5.270243712069417e-72
0.0
0.0
0.0
0.0
0.0
0.0
0.0
0.0
0.0
0.0
0.0
0.0
0.0
0.0
0.0
0.0
0.0
0.0
0.0
0.0
0.0
0.0
0.0
0.0
0.0
0.0
0.0
0.0
0.0
0.0
0.0
0.0
0.0
0.0
0.0
0.0
0.0
0.0
0.0
0.0
0.0
0.0
0.0
0.0
0.0
0.0
0.0
0.0
0.0
0.0
0.0
0.0
0.0
0.0
0.0
0.0
0.0
0.0
0.0
0.0
0.0
0.0
0.0
0.0
0.0
0.0
0.0
0.0
0.0
0.0
0.0
0.0
0.0
0.0
0.0
0.0
0.0
0.0
0.0
0.0
0.0
0.0
0.0
0.0
0.0
0.0
0.0
0.0
0.0
0.0
0.0
0.0
2.7471146282302253e-36
1.9334502054449258e-35
9.069236974433235e-35
2.8352414955776926e-34
5.907325629325576e-34
8.203011379032605e-34
7.591669011406734e-34
5.754586102505684e-34
2.708199315112615e-34
8.494321675949745e-35
1.7756539477684603e-35
2.4738280366230228e-36
2.2970065380158333e-37
1.421466089648006e-38
5.862627815204971e-40
1.611497710691087e-41
2.9522192639092074e-43
3.604533572347944e-45
2.933128488863804e-47
1.5907233263077462e-49
5.749628164614788e-52
1.3850530790815767e-54
2.223691946104831e-57
2.379383125932933e-60
1.6968196299440065e-63
8.064705825388195e-67
2.5546001252383102e-70
5.393105004030719e-74
0.0
0.0
0.0
0.0
0.0
0.0
0.0
0.0
0.0
0.0
0.0
0.0
0.0
0.0
0.0
0.0
0.0
0.0
0.0
0.0
0.0
0.0
0.0
0.0
0.0
0.0
0.0
0.0
0.0
0.0
0.0
0.0
0.0
0.0
0.0
0.0
0.0
0.0
0.0
0.0
0.0
0.0
0.0
0.0
0.0
0.0
0.0
0.0
0.0
0.0
0.0
0.0
0.0
0.0
0.0
0.0
0.0
0.0
0.0
0.0
0.0
0.0
0.0
0.0
0.0
0.0
0.0
0.0
0.0
0.0
0.0
0.0
0.0
0.0
0.0
0.0
0.0
0.0
0.0
0.0
0.0
0.0
0.0
0.0
0.0
0.0
0.0
0.0
0.0
0.0
0.0
0.0
0.0
0.0
0.0
0.0
0.0
0.0
0.0
0.0
0.0
0.0
0.0
0.0
0.0
0.0
0.0
0.0
0.0
0.0
0.0
0.0
0.0
0.0
0.0
0.0
0.0
0.0
0.0
0.0
0.0
0.0
0.0
0.0
0.0
0.0
0.0
0.0
0.0
0.0
0.0
0.0
0.0
0.0
0.0
0.0
0.0
0.0
0.0
0.0
0.0
0.0
0.0
0.0
0.0
0.0
0.0
0.0
0.0
0.0
0.0
0.0
0.0
0.0
0.0
0.0
0.0
0.0
0.0
0.0
0.0
0.0
0.0
0.0
0.0
0.0
0.0
0.0
0.0
0.0
0.0
0.0
0.0
0.0
0.0
0.0
0.0
0.0
0.0
0.0
0.0
0.0
0.0
0.0
0.0
0.0
0.0
0.0
0.0003848822144356345
0.0035219522601972805
0.021479325294191047
0.08730504767389699
0.23650461549068535
0.4269936687483013
0.513788996154924
0.412030827107582
0.22021970148415587
0.07844480311411996
0.01862317538285935
0.0029466247837425332
0.0003107259250581733
2.1837941089976948e-05
1.0228864809699206e-06
3.19318981687069e-08
6.643601594781927e-10
9.21221306305984e-12
8.513456382753559e-14
5.243598190856961e-16
2.1524567944051173e-18
5.888721681401528e-21
9.194178819535658e-23
1.279092971372429e-25
1.1859676067990052e-28
7.328668704475986e-32
3.0182756534462714e-35
8.284651793665753e-39
0.0
0.0
0.0
0.0
0.0
0.0
0.0
0.0
0.0
0.0
0.0
0.0
0.0
0.0
0.0
0.0
0.0
0.0
0.0
0.0
0.0
0.0
0.0
0.0
0.0
0.0
0.0
0.0
0.0
0.0
0.0
0.0
0.0
0.0
0.0
0.0
0.0
0.0
0.0
0.0
0.0
0.0
0.0
0.0
0.0
0.0
0.0
0.0
0.0
0.0
0.0
0.0
0.0
0.0
0.0
0.0
0.0
0.0
0.0
0.0
0.0
0.0
0.0
0.0
0.0
0.0
0.0
0.0
0.0
0.0
0.0
0.0
1.4406875869803713e-35
1.1691881756694985e-34
6.323835482390307e-34
2.279597960140275e-33
5.4766817464064264e-33
8.76916612559274e-33
9.357948241065536e-33
6.655558854011885e-33
3.154786442343246e-33
9.966368745145172e-34
2.0983865096459414e-34
2.944527181388825e-35
2.7537670434067724e-36
1.7164073935288249e-37
7.130091503091408e-39
1.974019226444705e-40
3.6424131178970826e-42
4.479283729768378e-44
3.671212236015596e-46
2.0053582076600334e-48
7.30055665717471e-51
1.7713384089298699e-53
2.8643669366790406e-56
3.0870048547292555e-59
2.2173156438682053e-62
1.4194557343325354e-64
5.184592682502415e-68
1.2620860884746372e-71
0.0
0.0
0.0
0.0
0.0
0.0
0.0
0.0
0.0
0.0
0.0
0.0
0.0
0.0
0.0
0.0
0.0
0.0
0.0
0.0
0.0
0.0
0.0
0.0
0.0
0.0
0.0
0.0
0.0
0.0
0.0
0.0
0.0
0.0
0.0
0.0
0.0
0.0
0.0
0.0
0.0
0.0
0.0
0.0
0.0
0.0
0.0
0.0
0.0
0.0
0.0
0.0
0.0
0.0
0.0
0.0
0.0
0.0
0.0
0.0
0.0
0.0
0.0
0.0
0.0
0.0
0.0
1.788279200650397e-69
1.5163980622016319e-68
8.569839027907557e-68
3.2278523160305904e-67
8.102820090460476e-67
1.3556272320626865e-66
1.5115618448006075e-66
1.2973302315281702e-66
7.355949773693847e-67
2.779767801502025e-67
7.0009960592544495e-68
1.1751483481889572e-68
1.3146407921382008e-69
9.801737366141097e-71
4.870578725115181e-72
1.6130195140371023e-73
3.5602477747038183e-75
5.237238768449834e-77
5.1345935706171157e-79
3.354990690719431e-81
1.4610265713517624e-83
4.240396404397683e-86
8.202313207813495e-89
1.0574206527708259e-91
9.085331458215854e-95
5.202538612014901e-98
1.9855068797949246e-101
5.050205244166556e-105
0.0
0.0
0.0
0.0
0.0
0.0
0.0
0.0
0.0
0.0
0.0
0.0
0.0
0.0
0.0
0.0
0.0
0.0
0.0
0.0
0.0
0.0
0.0
0.0
0.0
0.0
0.0
0.0
0.0
0.0
0.0
0.0
0.0
0.0
0.0
0.0
0.0
0.0
0.0
0.0
0.0
0.0
0.0
0.0
0.0
0.0
0.0
0.0
0.0
0.0
0.0
0.0
0.0
0.0
0.0
0.0
0.0
0.0
0.0
0.0
0.0
0.0
0.0
0.0
1.9681184988542913e-05
0.0001597795955934887
0.0008645158101569518
0.0031174974763761173
0.007492397829194375
0.01200099062052355
0.012811350454215836
0.009114949666945546
0.004322103736435553
0.0013658960404087578
0.00028768793834253145
4.038380257195835e-05
3.7781075298110527e-06
2.3557161906327112e-07
9.789334476241388e-09
2.711220978930491e-10
5.004471419901695e-12
6.1564883020671e-14
2.6186883463886297e-15
1.6381785726883416e-17
6.829992311761383e-20
1.8978449856505355e-22
3.514655857291967e-25
4.33796881044905e-28
3.5683840677583315e-31
1.9563128443238106e-34
7.148033335373425e-38
1.7406697428147756e-41
0.0
0.0
0.0
0.0
0.0
0.0
0.0
0.0
0.0
0.0
0.0
0.0
0.0
0.0
0.0
0.0
0.0
0.0
0.0
0.0
0.0
0.0
0.0
0.0
0.0
0.0
0.0
0.0
0.0
0.0
0.0
0.0
0.0
0.0
0.0
0.0
0.0
0.0
0.0
0.0
0.0
0.0
0.0
0.0
0.0
0.0
0.0
0.0
0.0
0.0
0.0
0.0
0.0
0.0
0.0
0.0
0.0
0.0
0.0
0.0
0.0
0.0005084690001054728
0.00346424791166483
0.015730227202397234
0.04760390450509019
0.09601336777940746
0.12906318535664404
0.12547302173750122
0.08576767032493667
0.0390731494403609
0.011863552904052195
0.0024006711444938197
0.0003237666574586794
2.9101348856718146e-05
1.7433141884611515e-06
6.960168580171643e-08
1.85201884165821e-09
3.284373889967968e-11
3.881873058223684e-13
3.0578178812303363e-15
1.6053267804391826e-17
5.616901832982069e-20
1.309820444606657e-22
2.0356740679767414e-25
2.1085614967281027e-28
1.4556127385582428e-31
6.697102894831229e-35
2.0535706261350417e-38
4.196757391110569e-42
0.0
0.0
0.0
0.0
0.0
0.0
0.0
0.0
0.0
0.0
0.0
0.0
0.0
0.0
0.0
0.0
0.0
0.0
0.0
0.0
0.0
0.0
0.0
0.0
0.0
0.0
0.0
0.0
0.0
0.0
0.0
0.0
0.0
0.0
0.0
0.0
0.0
0.0
0.0
0.0
0.0
0.0
0.0
0.0
0.0
0.0
0.0
0.0
0.0
0.0
0.0
0.0
0.0
0.0
0.0
0.0
0.0
0.0
1.9193000044696943e-35
1.5111313303117746e-34
7.929450706957791e-34
2.7731000946333357e-33
6.463526531098561e-33
1.0040493842920303e-32
1.0394944159673874e-32
7.17250393901179e-33
3.29838220188209e-33
1.010910504658181e-33
2.0649331135688493e-34
2.811129264106674e-35
2.550569675336671e-36
1.542322221100244e-37
6.215765015951683e-39
1.6695353077143816e-40
2.988671460884781e-42
3.565679409075163e-44
2.8352277955961586e-46
1.5025023879213062e-48
5.306692612685338e-51
1.249148990869544e-53
1.9596842356272663e-56
2.1118749435224294e-58
1.6847778159898977e-61
8.957743478283193e-65
3.1742136559378987e-68
7.496442914069149e-72
0.0
0.0
0.0
0.0
0.0
0.0
0.0
0.0
0.0
0.0
0.0
0.0
0.0
0.0
0.0
0.0
0.0
0.0
0.0
0.0
0.0
0.0
0.0
0.0
0.0
0.0
0.0
0.0
0.0
0.0
0.0
0.0
0.0
0.0
0.0
0.0
0.0
0.0
0.0
0.0
0.0
0.0
0.0
0.0
0.0
0.0
0.0
0.0
0.0
0.0
0.0
0.0
0.0
0.0
0.0
0.0
6.012740329848378e-37
4.44307740715945e-36
2.1881488350265072e-35
7.182098983003462e-35
1.5711131436013983e-34
2.2905780024436143e-34
2.225687863594382e-34
1.4413351496235537e-34
6.22081442847844e-35
1.789414955578921e-35
3.430492131475107e-36
4.383119794476049e-37
3.732431118201163e-38
2.1182724160626008e-39
8.012229275158393e-41
2.0197911926484202e-42
1.386040981398754e-43
1.7767722282082263e-45
1.5179902830568472e-47
8.643462934374879e-50
3.2801077063631832e-52
8.296023685417038e-55
1.3984064237071785e-57
1.571007959567257e-60
1.1762642797108075e-63
5.869660470406889e-67
1.9521024206700904e-70
4.326869210925006e-74
0.0
0.0
0.0
0.0
0.0
0.0
0.0
0.0
0.0
0.0
0.0
0.0
0.0
0.0
0.0
0.0
0.0
0.0
0.0
0.0
0.0
0.0
0.0
0.0
0.0
0.0
0.0
0.0
0.0
0.0
0.0
0.0
0.0
0.0
0.0
0.0
0.0
0.0
0.0
0.0
0.0
0.0
0.0
0.0
0.0
0.0
0.0
0.0
0.0
0.0
0.0
0.0
0.0
0.0
0.0
0.0
0.0
0.0
0.0
0.0
0.0
0.0
0.0
0.0
0.0
0.0
0.0
0.0
0.0
0.0
0.0
0.0
0.0
0.0
0.0
0.0
0.0
0.0
0.0
0.0
0.0
0.0
0.0
0.0
0.0
0.0
0.0
0.0
0.0
0.0
0.0
0.0
0.0
0.0
0.0
0.0
0.0
0.0
0.0
0.0
0.0
0.0
0.0
0.0
0.0
0.0
0.0
0.0
0.0
0.0
0.0
0.0
0.0
0.0
0.0
0.0
0.0
0.0
0.0
0.0
0.0
0.0
0.0
0.0
0.0
0.0
0.0
0.0
0.0
0.0
0.0
0.0
0.0
0.0
5.6488552760528815e-05
0.0004756594551263952
0.0026693982292745576
0.00998417420987925
0.02488814226521874
0.041347985869550734
0.04578231887764857
0.03378490957585609
0.01661610714668763
0.008263572205374258
0.0020666975739894733
0.00034448283079044015
3.8268353859722415e-05
2.833306312178768e-06
1.3980697061370285e-07
4.597753352847431e-09
1.0077297092692223e-10
1.4720548860993045e-12
1.4331296859253158e-14
9.298834735776372e-17
4.021176303209145e-19
1.1589354518086742e-21
2.2261115853424597e-24
2.8498116646364524e-27
2.431458927769142e-30
1.3826086325588563e-33
5.239781034745357e-37
1.3234531174872044e-40
0.0
0.0
0.0
0.0
0.0
0.0
0.0
0.0
0.0
0.0
0.0
0.0
0.0
0.0
0.0
0.0
0.0
0.0
0.0
0.0
0.0
0.0
0.0
0.0
0.0
0.0
0.0
0.0
0.0
0.0
0.0
0.0
0.0
0.0
0.0
0.0
0.0
0.0
0.0
0.0
0.0
0.0
0.0
0.0
0.0
0.0
0.0
0.0
0.0
0.0
0.0
7.93504357531599e-36
6.572878996706689e-35
3.6286368494859055e-34
1.335097320125289e-33
3.273888541623387e-33
5.350525077126509e-33
5.827878191603718e-33
4.924408068375717e-33
2.727537163295792e-33
1.0068594888472135e-33
2.477128899933012e-34
4.061719174273947e-35
4.4386686759454767e-36
3.2327871544383882e-37
1.5692171407897962e-38
5.076571684945435e-40
1.094559944573208e-41
1.5728602150446276e-43
1.5063373740130838e-45
9.614704124168435e-48
4.0900738046462954e-50
1.159599217861744e-52
2.1911203423231044e-55
2.7593455881957527e-58
2.3159410978278593e-61
1.2954792801745728e-64
4.829642461921722e-68
1.1999994284632208e-71
0.0
0.0
0.0
0.0
0.0
0.0
0.0
0.0
0.0
0.0
0.0
0.0
0.0
0.0
0.0
0.0
0.0
0.0
0.0
0.0
0.0
0.0
0.0
0.0
0.0
0.0
0.0
0.0
0.0
0.0
0.0
0.0
0.0
0.0
0.0
0.0
0.0
0.0
0.0
0.0
0.0
0.0
0.0
0.0
0.0
0.0
0.0
0.0
0.0
0.0
7.049886800625685e-37
5.299743241668245e-36
2.655272294413402e-35
8.866349496426356e-35
1.973159428746097e-34
2.9265844179664582e-34
3.038047095380752e-34
2.291373895656946e-34
1.1518050238254764e-34
3.858722291976737e-35
8.615681339476466e-36
1.2820863595542779e-36
1.2715296150911048e-37
8.404603466858678e-39
3.702452747273749e-40
1.0870346035612648e-41
2.1270552072187195e-43
2.7739313134547338e-45
2.410983245394251e-47
1.396607049279107e-49
5.391825339466827e-52
1.3873273535018642e-54
2.3790503374262692e-57
2.719004093307112e-60
2.0710836480538803e-63
1.0513975637012759e-66
3.557278283574523e-70
8.021401668979511e-74
0.0
0.0
0.0
0.0
0.0
0.0
0.0
0.0
0.0
0.0
0.0
0.0
0.0
0.0
0.0
0.0
0.0
0.0
0.0
0.0
0.0
0.0
0.0
0.0
0.0
0.0
0.0
0.0
0.0
0.0
0.0
0.0
0.0
0.0
0.0
0.0
0.0
0.0
0.0
0.0
0.0
0.0
0.0
0.0
0.0
0.0
0.0
0.0
0.0
1.924657107063163e-05
0.00012992477750740794
0.0005845371853301347
0.0017527252953391823
0.003502652985478151
0.004665110336345851
0.004507537182099228
0.003052858709175584
0.0013780203791732024
0.0004145587859382097
8.31185877245277e-05
1.1106871192874399e-05
9.891607232193802e-07
5.871154914378168e-08
2.322532308480781e-09
6.123243593217073e-11
1.075927127527672e-12
1.2599860203330722e-14
9.833998638092596e-17
5.115358893390867e-19
1.773387417668795e-21
4.097440771441566e-24
6.309621308802825e-27
6.475531982182342e-30
4.429239445986439e-33
2.0191306137131113e-36
6.1345288925499025e-40
1.2421657980622345e-43
0.0
0.0
0.0
0.0
0.0
0.0
0.0
0.0
0.0
0.0
0.0
0.0
0.0
0.0
0.0
0.0
0.0
0.0
0.0
0.0
0.0
0.0
0.0
0.0
0.0
0.0
0.0
0.0
0.0
0.0
0.0
0.0
0.0
0.0
0.0
0.0
0.0
0.0
0.0
0.0
0.0
0.0
0.0
0.0
0.0
0.0
0.0
0.0
0.0005649868429432102
0.0036086194984825066
0.015361208950118225
0.04358040381603777
0.08240217057987555
0.10384069867410267
0.0872123721933788
0.0619658804759066
0.026464622490907915
0.007532867523787893
0.0014290140688682708
0.00018067340415864872
1.522416557033554e-05
8.549767754578939e-07
3.200049418434535e-08
7.982530761892624e-10
1.327107381190555e-11
1.4704595311425016e-13
1.0858795065311217e-15
5.344311274649584e-18
1.7530059973196557e-20
3.8322744761088244e-23
5.583562214937192e-26
5.421852028691515e-29
3.5088557137981676e-32
1.5134389529881755e-35
4.350566920800176e-39
8.33505264680237e-43
0.0
0.0
0.0
0.0
0.0
0.0
0.0
0.0
0.0
0.0
0.0
0.0
0.0
0.0
0.0
0.0
0.0
0.0
0.0
0.0
0.0
0.0
0.0
0.0
0.0
0.0
0.0
0.0
0.0
0.0
0.0
0.0
0.0
0.0
0.0
0.0
0.0
0.0
0.0
0.0
0.0
0.0
0.0
0.0
0.0
0.0
0.0
2.8437537338397107e-36
1.9172776145414994e-35
8.6150850095698e-35
2.5799760891038727e-34
5.149361041634401e-34
6.8497158073419945e-34
6.072580930758977e-34
3.5880263021825923e-34
1.4129261816596208e-34
6.058934198474523e-35
1.2132845603377772e-35
1.6192378770225198e-36
1.4402576333548791e-37
8.53790396011254e-39
3.373213991725145e-40
8.882149301998948e-42
1.558740405279892e-43
1.82310241175239e-45
1.4211171683538997e-47
7.382955570004637e-50
2.5563020706628065e-52
5.898962521579512e-55
9.072367836415445e-58
9.299234761943275e-61
6.352655747775874e-64
2.8923109335549675e-67
8.776395485792412e-71
1.7748797710865754e-74
0.0
0.0
0.0
0.0
0.0
0.0
0.0
0.0
0.0
0.0
0.0
0.0
0.0
0.0
0.0
0.0
0.0
0.0
0.0
0.0
0.0
0.0
0.0
0.0
0.0
0.0
0.0
0.0
0.0
0.0
0.0
0.0
0.0
0.0
0.0
0.0
0.0
0.0
0.0
0.0
0.0
0.0
0.0
0.0
0.0
0.0
0.0
0.0
0.0
0.0
0.0
0.0
0.0
0.0
0.0
0.0
0.0
0.0
0.0
0.0
0.0
0.0
0.0
0.0
0.0
0.0
0.0
0.0
0.0
0.0
0.0
0.0
0.0
0.0
0.0
0.0
0.0
0.0
0.0
0.0
0.0
0.0
0.0
0.0
0.0
0.0
0.0
0.0
0.0
0.0
0.0
0.0
0.0
0.0
0.0
0.0
0.0
0.0
0.0
0.0
0.0
0.0
0.0
0.0
0.0
0.0
0.0
0.0
0.0
0.0
0.0
0.0
0.0
0.0
0.0
0.0
0.0
0.0
0.0
0.0
0.0
0.0
0.0
0.0
0.0
0.0
0.0
0.0
0.0
0.0
0.0
0.0
0.0
0.0
0.0
0.0
0.0
0.0
0.0
0.0
0.0
0.0
0.0
0.0
0.0
0.0
0.0
0.0
0.0
0.0
0.0
0.0
0.0
0.0
0.0
0.0
0.0
0.0
0.0
0.0
0.0
0.0
0.0
0.0
0.0
0.0
0.0
0.0
0.0
0.0
0.0
0.0
0.0
0.0
0.0
0.0
0.0
0.0
0.0
0.0
0.0
0.0
0.0
0.0
0.0
0.0
0.0
0.0
0.0
0.0
0.0
0.0
0.0
0.0
0.0
0.0
0.0
0.0
0.0
0.0
0.0
0.0
0.0
0.0
0.0
0.0
0.0
0.0
0.0
0.0
0.0
0.0
0.0
0.0
0.0
0.0
0.0
0.0
0.0
0.0
0.0
0.0
0.0
0.0
0.0
0.0
0.0
0.0
0.0
0.0
0.0
0.0
0.0
0.0
0.0
0.0
0.0
0.0
0.0
0.0
0.0
0.0
0.0
0.0
0.0
0.0
0.0
0.0
0.0
0.0
0.0
0.0
0.0
0.0
0.0
0.0
0.0
0.0
0.0
0.0
0.0
0.0
0.0
0.0
0.0
0.0
0.0
0.0
0.0
0.0
0.0
0.0
0.0
0.0
0.0
0.0
0.0
0.0
0.0
0.0
0.0
0.0
0.0
0.0
0.0
0.0
0.0
0.0
0.0
0.0
0.0
0.0
0.0
0.0
0.0
0.0
0.0
0.0
0.0
0.0
0.0
0.0
0.0
0.0
0.0
0.0
0.0
0.0
0.0
0.0
0.0
0.0
0.0
0.0
0.0
0.0
0.0
0.0
0.0
0.0
0.0
0.0
0.0
0.0
0.0
0.0
0.0
0.0
0.0
0.0
0.0
0.0
0.0
0.0
0.0
0.0
0.0
0.0
0.0
0.0
0.0
0.0
0.0
0.0
0.0
0.0
0.0
0.0
0.0
0.0
0.0
0.0
0.0
0.0
0.0
0.0
0.0
0.0
0.0
0.0
0.0
0.0
0.0
0.0
0.0
0.0
0.0
0.0
0.0
0.0
0.0
0.0
0.0
0.0
0.0
0.0
0.0
0.0
0.0
