a = 5.763944637887216 b = 5.763944637887216 c = 5.763944637887216 ,Gaussian ,LMH = 0.08 ,DW = [1.4 1.4]
0.0
0.0
0.0
0.0
0.0
0.0
0.0
0.0
0.0
0.0
0.0
0.0
0.0
0.0
0.0
0.0
0.0
0.0
0.0
0.0
0.0
0.0
0.0
0.0
0.0
0.0
0.0
0.0
0.0
0.0
0.0
0.0
0.0
0.0
0.0
0.0
0.0
0.0
0.0
0.0
0.0
0.0
0.0
0.0
0.0
0.0
0.0
0.0
0.0
0.0
0.0
0.0
0.0
0.0
0.0
0.0
0.0
0.0
0.0
0.0
0.0
0.0
0.0
0.0
0.0
0.0
0.0
0.0
0.0
0.0
0.0
0.0
0.0
0.0
0.0
0.0
0.0
0.0
0.0
0.0
0.0
0.0
0.0
0.0
0.0
0.0
0.0
0.0
0.0
0.0
0.0
0.0
0.0
0.0
0.0
0.0
0.0
0.0
0.0
0.0
0.0
0.0
0.0
0.0
0.0
0.0
0.0
0.0
0.0
0.0
0.0
0.0
0.0
0.0
0.0
0.0
0.0
0.0
0.0
0.0
0.0
0.0
0.0
0.0
0.0
0.0
0.0
0.0
0.0
0.0
0.0
0.0
0.0
0.0
0.0
0.0
0.0
0.0
0.0
0.0
0.0
0.0
0.0
0.0
0.0
0.0
0.0
0.0
0.0
0.0
0.0
0.0
0.0
0.0
0.0
0.0
0.0
0.0
0.0
0.0
0.0
0.0
0.0
0.0
0.0
0.0
0.0
0.0
0.0
0.0
0.0
0.0
0.0
0.0
0.0
0.0
0.0
0.0
0.0
0.0
0.0
0.0
0.0
0.0
0.0
0.0
0.0
0.0
0.0
0.0
0.0
0.0
0.0
0.0
0.0
0.0
0.0
0.0
0.0
0.0
0.0
0.0
0.0
0.0
0.0
0.0
0.0
0.0
0.0
0.0
0.0
0.0
0.0
0.0
0.0
0.0
0.0
0.0
0.0
0.0
0.0
0.0
0.0
0.0
0.0
0.0
0.0
0.0
0.0
0.0
0.0
0.0
0.0
0.0
0.0
0.0
0.0
0.0
0.0
0.0
0.0
0.0
0.0
0.0
0.0
0.0
0.0
0.0
0.0
0.0
0.0
0.0
0.0
0.0
0.0
0.0
0.0
0.0
0.0
0.0
0.0
0.0
0.0
0.0
0.0
0.0
0.0
0.0
0.0
0.0
0.0
0.0
0.0
0.0
0.0
0.0
0.0
0.0
0.0
0.0
0.0
0.0
0.0
0.0
0.0
0.0
0.0
0.0
0.0
0.0
0.0
0.0
0.0
0.0
0.0
0.0
0.0
0.0
0.0
0.0
0.0
0.0
0.0
0.0
0.0
0.0
0.0
0.0
0.0
0.0
0.0
0.0
0.0
0.0
0.0
0.0
0.0
0.0
0.0
0.0
0.0
0.0
0.0
0.0
0.0
0.0
0.0
0.0
0.0
0.0
0.0
0.0
0.0
0.0
0.0
0.0
0.0
0.0
0.0
0.0
0.0
0.0
0.0
0.0
0.0
0.0
0.0
0.0
0.0
0.0
0.0
0.0
0.0
0.0
0.0
0.0
0.0
0.0
0.0
0.0
0.0
0.0
0.0
0.0
0.0
0.0
0.0
0.0
0.0
0.0
0.0
0.0
0.0
0.0
0.0
0.0
0.0
0.0
0.0
1.8057911288801365e-34
1.1539732781888695e-33
4.9147964683668374e-33
1.3950727990820556e-32
2.6391845043495563e-32
3.327546878056185e-32
2.7961480362512706e-32
1.565949262915962e-32
5.84489563782323e-33
1.4539764881259164e-33
2.4105689294048714e-34
2.6635648403443973e-35
1.961501030533944e-36
9.627097184359243e-38
3.1490801872702237e-39
6.865206914976902e-41
9.97482054617832e-43
9.659131959591798e-45
6.233796999402493e-47
2.681320694335768e-49
5.660398707977182e-51
1.2380714474576372e-53
1.8047869455312986e-56
1.7534271308863117e-59
1.1353533650864856e-62
4.899547010974046e-66
1.4091666448012813e-69
2.7011601174391658e-73
0.0
0.0
0.0
0.0
0.0
0.0
0.0
0.0
0.0
0.0
0.0
0.0
0.0
0.0
0.0
0.0
0.0
0.0
0.0
0.0
0.0
0.0
0.0
0.0
0.0
0.0
0.0
0.0
0.0
0.0
0.0
0.0
0.0
0.0
0.0
0.0
0.0
0.0
0.0
0.0
0.0
0.0
0.0
0.0
0.0
0.0
0.0
0.0
0.0
0.0
0.0
0.0
0.0
0.0
0.0
0.0
0.0
0.0
0.0
0.0
0.0
0.0
0.0
0.0
0.0
0.0
0.0
0.0
0.0
0.0
0.0
0.0
0.0
0.0
0.0
0.0
0.0
0.0
0.0
0.0
0.0
0.0
0.0
0.0
0.0
0.0
0.0
0.0
0.0
0.0
0.0
0.0
0.0
0.0
0.0
0.0
0.0
0.0
0.0
0.0
0.0
0.0
0.0
0.0
0.0
0.0
0.0
0.0
0.0
0.0
0.0
0.0
0.0
0.0
0.0
0.0
0.0
0.0
0.0
0.0
0.0
0.0
0.0
0.0
0.0
0.0
0.0
0.0
0.0
0.0
0.0
0.0
0.0
0.0
0.0
0.0
0.0
0.0
0.0
0.0
0.0
0.0
0.0
0.0
0.0
0.0
0.0
0.0
0.0
0.0
0.0
0.0
0.0
0.0
0.0
0.0
0.0
0.0
0.0
0.0
0.0
0.0
0.0
0.0
0.0
0.0
0.0
0.0
0.0
0.0
0.0
0.0
0.0
0.0
0.0
0.0
0.0
0.0
0.0
0.0
0.0
0.0
0.0
0.0
0.0
0.0
0.0
0.0
0.0
0.0
0.0
0.0
0.0
0.0
0.0
0.0
0.0
0.0
0.0
0.0
0.0
0.0
0.0
0.0
0.0
0.0
0.0
0.0
0.0
0.0
0.0
0.0
0.0
0.0
0.0
0.0
0.0
0.0
0.0
0.0
0.0
0.0
0.0
0.0
0.0
0.0
0.0
0.0
0.0
0.0
0.0
0.0
0.0
0.0
0.0
0.0
0.0
0.0
0.0
0.0
0.0
0.0
0.0
0.0
0.0
0.0
0.0
0.0
0.0
0.0
0.0
0.0
0.0
0.0
0.0
0.0
0.0
0.0
0.0
0.0
0.0
0.0
0.0
0.0
0.0
0.0
0.0
0.0
0.0
0.0
0.0
0.0
0.0
0.0
0.0
0.0
0.0
0.0
0.0
0.0
0.0
0.0
0.0
0.0
0.0
0.0
0.0
0.0
0.0
0.0
0.0
0.0
0.0
0.0
0.0
0.0
0.0
0.0
0.0
0.0
0.0
0.0
0.0
0.0
0.0
0.0
0.0
0.0
0.0
0.0
0.0
0.0
0.0
0.0
0.0
0.0
0.0
0.0
0.0
0.0
0.0
0.0
0.0
0.0
0.0
0.0
0.0
0.0
0.0
0.0
0.0
0.0
0.0
0.0
0.0
0.0
0.0
0.0
0.0
0.0
0.0
0.0
0.0
0.0
0.0
0.0
0.0
0.0
0.0
0.0
0.0
0.0
0.0
0.0
0.0
0.0
0.0
0.0001488059802129598
0.001192622637414015
0.006370408178066033
0.022678431805701185
0.053807191983735764
0.08508425187505222
0.08966843480340465
0.06298128854886813
0.029482549921646457
0.009198141613547239
0.0019125671357295146
0.0002650420819295374
2.447904822625167e-05
1.5068005489041924e-06
6.181566700430298e-08
1.6901408473849733e-09
3.0798444615907905e-11
3.7403842436536763e-13
3.027507318280102e-15
1.6331863164770958e-17
5.871753450912977e-20
1.099908921195064e-21
2.010904213054489e-24
2.450234167597206e-27
1.989781311133825e-30
1.0769229978608295e-33
3.884592825191677e-37
9.338731822666921e-41
0.0
0.0
0.0
0.0
0.0
0.0
0.0
0.0
0.0
0.0
0.0
0.0
0.0
0.0
0.0
0.0
0.0
0.0
0.0
0.0
0.0
0.0
0.0
0.0
0.0
0.0
0.0
0.0
0.0
0.0
0.0
0.0
0.0
0.0
0.0
0.0
0.0
0.0
0.0
0.0
0.0
0.0
0.0
0.0
0.0
0.0
0.0
0.0
0.0
0.0
0.0
0.0
0.0
0.0
0.0
0.0
0.0
0.0
0.0
0.0
0.0
0.0
0.0
0.0
0.0
0.0
0.0
0.0
0.0
0.0
0.0
0.0
0.0
0.0
0.0
0.0
0.0
0.0
0.0
0.0
0.0
0.0
0.0
0.0
0.0
0.0
0.0
0.0
0.0
0.0
0.0
0.0
0.0
0.0
0.0
0.0
0.0
0.0
0.0
0.0
0.0
0.0
0.0
0.0
0.0
0.0
0.0
0.0
0.0
0.0
0.0
0.0
0.0
0.0
0.0
0.0014845179446400759
0.012075185699889145
0.06546116546754194
0.23651309770773746
0.5695189870655335
0.9139927839123811
1.0
0.8160882778130559
0.4438700352498433
0.16090000730624043
0.038872086112394594
0.006258945654366576
0.0006716547049614232
4.80366253842875e-05
2.2897099284947997e-06
7.273944658973851e-08
1.5400721453303095e-09
2.1731699328184956e-11
2.0437504117282328e-13
1.2809836172915412e-15
5.351072581249296e-18
1.4897714806486978e-20
2.7642671882129814e-23
3.4183925199308805e-26
2.817379747979708e-29
1.5475703327699852e-32
5.665483133506705e-36
1.3823087416919259e-39
0.0
0.0
0.0
0.0
0.0
0.0
0.0
0.0
0.0
0.0
0.0
0.0
0.0
0.0
0.0
0.0
0.0
0.0
0.0
0.0
0.0
0.0
0.0
0.0
0.0
0.0
0.0
0.0
0.0
0.0
0.0
0.0
0.0
0.0
0.0
0.0
0.0
0.0
0.0
0.0
0.0
0.0
0.0
0.0
0.0
0.0
0.0
0.0
0.0
0.0
0.0
0.0
0.0
0.0
0.0
0.0
0.0
0.0
0.0
0.0
0.0
0.0
0.0
0.0
0.0
0.0
0.0
0.0
0.0
0.0
0.0
0.0
0.0
0.0
0.0
0.0
0.0
0.0
0.0
0.0
0.0
0.0
0.0
0.0
0.0
0.0
0.0
0.0
0.0
0.0
0.0
0.0
0.0
0.0
0.0
0.0
0.0
0.0
0.0
0.0
4.957183421663517e-35
3.192682857308289e-34
1.3704339859118558e-33
3.9205049674622256e-33
7.474935418007452e-33
9.49848692652781e-33
8.044201893991807e-33
5.74737468300206e-33
2.475144872205685e-33
7.104169009307494e-34
1.3589625672919754e-34
1.7325399267949724e-35
1.472110999060877e-36
8.336416635491794e-38
3.14629770666359e-39
7.914104200413072e-41
1.3267382882893863e-42
1.4823484695921769e-44
1.1038165573793505e-46
5.478038085929182e-49
1.8119021429788092e-51
3.994164782966257e-54
5.868117019813702e-57
5.745834354621532e-60
3.7496349254582153e-63
1.630821460907645e-66
4.7272154716774414e-70
9.13242106213792e-74
0.0
0.0
0.0
0.0
0.0
0.0
0.0
0.0
0.0
0.0
0.0
0.0
0.0
0.0
0.0
0.0
0.0
0.0
0.0
0.0
0.0
0.0
0.0
0.0
0.0
0.0
0.0
0.0
0.0
0.0
0.0
0.0
0.0
0.0
0.0
0.0
0.0
0.0
0.0
0.0
0.0
0.0
0.0
0.0
0.0
0.0
0.0
0.0
0.0
0.0
0.0
0.0
0.0
0.0
0.0
0.0
0.0
0.0
0.0
0.0
0.0
0.0
0.0
0.0
0.0
0.0
0.0
0.0
0.0
0.0
0.0
0.0
0.0
0.0
0.0
0.0
0.0
0.0
0.0
0.0
0.0
0.0
0.0
0.0
0.0
0.0
0.0
0.0
1.4033792203758265e-36
1.1002670264110942e-35
5.749137588219311e-35
2.0021142414652972e-34
4.646827551199418e-34
7.187962531300169e-34
7.410313843864431e-34
5.091537503639442e-34
2.331539838779854e-34
7.115710690840037e-35
1.4473556880243333e-35
1.9620668954882523e-36
1.7726944972870166e-37
1.0674204798575994e-38
4.283696699624002e-40
1.1457330593907449e-41
2.042347902121008e-43
2.426372922919387e-45
1.921174998475242e-47
6.091730801861148e-49
2.4527464681556763e-51
6.581822454104486e-54
1.1771212911163881e-56
1.4030650782812457e-59
1.1145921084604877e-62
5.901136500460725e-66
2.08226934432683e-69
4.896882670565728e-73
0.0
0.0
0.0
0.0
0.0
0.0
0.0
0.0
0.0
0.0
0.0
0.0
0.0
0.0
0.0
0.0
0.0
0.0
0.0
0.0
0.0
0.0
0.0
0.0
0.0
0.0
0.0
0.0
0.0
0.0
0.0
0.0
0.0
0.0
0.0
0.0
0.0
0.0
0.0
0.0
0.0
0.0
0.0
0.0
0.0
0.0
0.0
0.0
0.0
0.0
0.0
0.0
0.0
0.0
0.0
0.0
0.0
0.0
0.0
0.0
0.0
0.0
0.0
0.0
0.0
0.0
0.0
0.0
0.0
0.0
0.0
0.0
0.0
0.0
0.0
0.0
0.0
0.0
0.0
0.0
0.0
0.0
0.0
0.0
0.0
0.0
0.0
0.0
0.0
0.0
0.0
0.0
0.0
0.0
0.0
0.0
0.0
0.0
0.0
0.0
0.0
0.0
0.0
0.0
0.0
0.0
0.0
0.0
0.0
0.0
0.0
0.0
0.0
0.0
0.0
0.0
0.0
0.0
0.0
0.0
0.0
0.0
0.0
0.0
0.0
0.0
0.0
0.0
0.0
0.0
0.0
0.0
0.0
0.0
0.0
0.0
0.0
0.0
0.0
0.0
0.0
0.0
0.0
0.0
0.0
0.0
0.0
0.0
0.0
0.0
0.0
0.0
0.0
0.0
0.0
0.0
0.0
0.0
0.0
0.0
0.0
0.0
0.0
0.0
0.0
0.0
0.0
0.0
0.0
0.0
0.0
0.0
0.0
0.0
0.0
0.0
0.0
0.0
0.0
0.0
0.0
0.0
0.001823433570395474
0.012183069207187
0.054250659816162526
0.161003340218974
0.3184536975501384
0.41979692563246745
0.36881940238929406
0.21595825722673953
0.08427667958988924
0.02191929427125024
0.00379950714931065
0.0004389444003484163
3.379662308371878e-05
1.7342777474639057e-06
5.931240624612281e-08
4.988052292693998e-09
8.674819952806984e-11
1.0054754931060774e-12
7.767192310055391e-15
3.998878183678755e-17
1.372125511960377e-19
3.137841858226123e-22
4.782443116883583e-25
4.857917358105036e-28
3.288758471786025e-31
1.483868396988045e-34
4.4621106877557645e-38
8.942662513377648e-42
0.0
0.0
0.0
0.0
0.0
0.0
0.0
0.0
0.0
0.0
0.0
0.0
0.0
0.0
0.0
0.0
0.0
0.0
0.0
0.0
0.0
0.0
0.0
0.0
0.0
0.0
0.0
0.0
0.0
0.0
0.0
0.0
0.0
0.0
0.0
0.0
0.0
0.0
0.0
0.0
0.0
0.0
0.0
0.0
0.0
0.0
0.0
0.0
0.0
0.0
0.0
0.0
0.0
0.0
0.0
0.0
0.0
0.0
0.0
0.0
0.0
0.0
0.0
0.0
0.0
0.0
0.0
0.0
1.0459271780717167e-35
8.614168987433019e-35
4.728320149758505e-34
1.7297443072469207e-33
4.217338820939211e-33
6.852935203777298e-33
7.421578842610732e-33
5.3567025800558255e-33
2.5767976167768635e-33
8.261228502348282e-34
1.7651861349880843e-34
2.513725949939738e-35
2.3857607955532953e-36
1.5090979009806063e-37
6.361938706014716e-39
1.7874878329201384e-40
3.3471737447170887e-42
4.177293270599435e-44
3.474507269554174e-46
1.926074276776455e-48
7.115974544582835e-51
1.7521742301389204e-53
2.5501951614045627e-55
3.1931469145173306e-58
2.664685335985471e-61
1.4820215254010704e-64
5.493443210701587e-68
1.3571139516580825e-71
0.0
0.0
0.0
0.0
0.0
0.0
0.0
0.0
0.0
0.0
0.0
0.0
0.0
0.0
0.0
0.0
0.0
0.0
0.0
0.0
0.0
0.0
0.0
0.0
0.0
0.0
0.0
0.0
0.0
0.0
0.0
0.0
0.0
0.0
0.0
0.0
0.0
0.0
0.0
0.0
0.0
0.0
0.0
0.0
0.0
0.0
0.0
0.0
0.0
0.0
0.0
0.0
0.0
0.0
0.0
0.0
0.0
0.0
0.0
0.0
0.0
0.0
0.0
0.0
5.873911311800688e-68
4.819804224289527e-67
2.6358030681628055e-66
9.6067849398128e-66
2.333590919319972e-65
3.7779215198337626e-65
4.076267589822081e-65
3.4227095657941468e-65
1.8779428989190303e-65
6.867145754558752e-66
1.6736001110523763e-66
2.718370664601509e-67
2.942708216508707e-68
2.1230844873372058e-69
1.0208663776215881e-70
3.271538775593998e-72
6.987419087143087e-74
9.946334481363674e-76
9.43606396096287e-78
5.966233418553808e-80
2.5141498135097124e-82
7.060957762982497e-85
1.3216535370581827e-87
1.648743816196254e-90
1.3707879717941064e-93
7.595719850523275e-97
2.8051051153079653e-100
6.904160678306608e-104
0.0
0.0
0.0
0.0
0.0
0.0
0.0
0.0
0.0
0.0
0.0
0.0
0.0
0.0
0.0
0.0
0.0
0.0
0.0
0.0
0.0
0.0
0.0
0.0
0.0
0.0
0.0
0.0
0.0
0.0
0.0
0.0
0.0
0.0
0.0
0.0
0.0
0.0
0.0
0.0
0.0
0.0
0.0
0.0
0.0
0.0
0.0
0.0
0.0
0.0
0.0
0.0
0.0
0.0
0.0
0.0
0.0
0.0
0.0
0.0
0.0
1.9893076677815455e-05
0.0001520849481656446
0.0007749114173953102
0.0026314761220863647
0.005955638868929996
0.008983360452526432
0.009030896069009718
0.0060506831446655255
0.00270183936963568
0.0008040743135925652
0.0001594830012303473
2.1082114086427882e-05
1.8573573414954304e-06
1.090581992688994e-07
4.267786903992495e-09
1.1130858927527656e-10
1.9348004460876866e-12
2.241430242442347e-14
1.7305965118702724e-16
8.905287992849148e-19
3.0540888113845095e-21
5.543767193716053e-23
9.66810275390453e-26
1.1237225060933505e-28
8.704793015562667e-32
4.494065178201589e-35
1.5463287584224987e-38
3.546058102180401e-42
0.0
0.0
0.0
0.0
0.0
0.0
0.0
0.0
0.0
0.0
0.0
0.0
0.0
0.0
0.0
0.0
0.0
0.0
0.0
0.0
0.0
0.0
0.0
0.0
0.0
0.0
0.0
0.0
0.0
0.0
0.0
0.0
0.0
0.0
0.0
0.0
0.0
0.0
0.0
0.0
0.0
0.0
0.0
0.0
0.0
0.0
0.0
0.0
0.0
0.0
0.0
0.0
0.0
0.0
0.0
0.0
0.0
0.0
0.0005235822665738472
0.003313607555417793
0.013976510752030389
0.03928963572838393
0.07361033425786409
0.09191388550296027
0.07649006138681032
0.042423885460251776
0.01568185456520134
0.0038633668620215032
0.0006343311328436094
6.941409276748766e-05
1.2675631211396182e-05
7.053485865277147e-07
2.6158904583454812e-08
6.465719432347527e-10
1.0651130481599608e-11
1.169381187917215e-13
8.556537323763091e-16
4.1727420981819145e-18
1.35620888697212e-20
2.937738782213748e-23
4.241127370258711e-26
4.080665558721874e-29
2.616750029783707e-32
1.1183429935540733e-35
3.1854394396777823e-39
6.047073296046046e-43
0.0
0.0
0.0
0.0
0.0
0.0
0.0
0.0
0.0
0.0
0.0
0.0
0.0
0.0
0.0
0.0
0.0
0.0
0.0
0.0
0.0
0.0
0.0
0.0
0.0
0.0
0.0
0.0
0.0
0.0
0.0
0.0
0.0
0.0
0.0
0.0
0.0
0.0
0.0
0.0
0.0
0.0
0.0
0.0
0.0
0.0
0.0
0.0
0.0
0.0
0.0
0.0
0.0
0.0
0.0
4.106012284519069e-35
2.6074905238560845e-34
1.1035875220496183e-33
3.112951627482006e-33
5.852204734691043e-33
7.332434604313136e-33
6.80197215721464e-33
4.3337725792166034e-33
1.8402589265627836e-33
5.2080278373763e-34
9.823114560419647e-35
1.2348285702489313e-35
1.0345361660364038e-36
5.776519373814036e-38
2.1496528906977853e-39
5.331531654638578e-41
8.812866538728292e-43
9.708763960166928e-45
7.128402932657899e-47
3.4882056881930355e-49
1.137610206655984e-51
2.4726714934211666e-54
3.5819614896732473e-57
3.458254501119082e-60
2.2252281104214689e-63
9.542752770593568e-67
2.727434662315376e-70
5.195371250797795e-74
0.0
0.0
0.0
0.0
0.0
0.0
0.0
0.0
0.0
0.0
0.0
0.0
0.0
0.0
0.0
0.0
0.0
0.0
0.0
0.0
0.0
0.0
0.0
0.0
0.0
0.0
0.0
0.0
0.0
0.0
0.0
0.0
0.0
0.0
0.0
0.0
0.0
0.0
0.0
0.0
0.0
0.0
0.0
0.0
0.0
0.0
0.0
0.0
0.0
0.0
0.0
0.0
1.3263519737298504e-37
1.1822782395742809e-36
7.023638531496934e-36
1.83889945363853e-35
5.55524248482882e-35
1.11848356119401e-34
1.5008515518688154e-34
1.3422314788547433e-34
8.000159570233982e-35
3.1779819570111647e-35
8.413675403221159e-36
1.4845732372348494e-36
1.7458183317224962e-37
1.3682895807048259e-38
7.14724284469471e-40
2.488173185005963e-41
5.7730353978725746e-43
8.927079114526246e-45
9.200175142988848e-47
6.3192327944994476e-49
2.89277171552087e-51
8.825625976431534e-54
1.7945618152749395e-56
2.4319401062585476e-59
2.196488205066878e-62
1.322167337410208e-65
5.304268761081511e-69
1.4182283621005039e-72
0.0
0.0
0.0
0.0
0.0
0.0
0.0
0.0
0.0
0.0
0.0
0.0
0.0
0.0
0.0
0.0
0.0
0.0
0.0
0.0
0.0
0.0
0.0
0.0
0.0
0.0
0.0
0.0
0.0
0.0
0.0
0.0
0.0
0.0
0.0
0.0
0.0
0.0
0.0
0.0
0.0
0.0
0.0
0.0
0.0
0.0
0.0
0.0
0.0
0.0
0.0
0.0
0.0
0.0
0.0
0.0
0.0
0.0
0.0
0.0
0.0
0.0
0.0
0.0
0.0
0.0
0.0
0.0
0.0
0.0
0.0
0.0
0.0
0.0
0.0
0.0
0.0
0.0
0.0
0.0
0.0
0.0
0.0
0.0
0.0
0.0
0.0
0.0
0.0
0.0
0.0
0.0
0.0
0.0
0.0
0.0
0.0
0.0
0.0
0.0
0.0
0.0
0.0
0.0
0.0
0.0
0.0
0.0
0.0
0.0
0.0
0.0
0.0
0.0
0.0
0.0
0.0
0.0
0.0
0.0
0.0
0.0
0.0
0.0
0.0
0.0
0.0
0.0
0.0
6.130899437263118e-05
0.00046767095500759996
0.002377596500210956
0.00805596285695753
0.018191910291551223
0.02737919686536016
0.027462789712185305
0.018359047546092806
0.00817969650023259
0.002428878448565848
0.0004806798545660142
6.339975928866915e-05
5.573151449073517e-06
3.2650935525002313e-07
1.2748877900636927e-08
3.317644460202699e-10
5.7539922322595e-12
6.651050545030165e-14
5.123807127730075e-16
2.6307334498980534e-18
9.002071716542397e-21
2.0530032566091163e-23
3.1204581056548234e-26
3.161030035247446e-29
2.1341278669258142e-32
9.602709686916999e-36
4.5006672071521764e-38
1.0297998967354041e-41
0.0
0.0
0.0
0.0
0.0
0.0
0.0
0.0
0.0
0.0
0.0
0.0
0.0
0.0
0.0
0.0
0.0
0.0
0.0
0.0
0.0
0.0
0.0
0.0
0.0
0.0
0.0
0.0
0.0
0.0
0.0
0.0
0.0
0.0
0.0
0.0
0.0
0.0
0.0
0.0
0.0
0.0
0.0
0.0
0.0
0.0
0.0
0.0
1.898316444239168e-35
1.218973092974857e-34
3.361336455944552e-34
1.0975898330494195e-33
2.3886345703703484e-33
3.464502664344865e-33
3.3489883286740225e-33
2.1575850119718123e-33
9.264110941911832e-34
2.6510695789476737e-34
5.056151207381973e-35
6.426884995883745e-36
5.444557040565933e-37
3.074016001039837e-38
1.1567279875296972e-39
2.9009344245076955e-41
4.848709085530525e-43
5.401270061486365e-45
4.010026152574277e-47
1.9841754224645405e-49
6.543264478574253e-52
1.4381044561985487e-54
2.106531401370175e-57
2.056491841729445e-60
1.3380353665522684e-63
5.802160560648388e-67
1.676847009985427e-70
5.850550957461557e-73
0.0
0.0
0.0
0.0
0.0
0.0
0.0
0.0
0.0
0.0
0.0
0.0
0.0
0.0
0.0
0.0
0.0
0.0
0.0
0.0
0.0
0.0
0.0
0.0
0.0
0.0
0.0
0.0
0.0
0.0
0.0
0.0
0.0
0.0
0.0
0.0
0.0
0.0
0.0
0.0
0.0
0.0
0.0
0.0
0.0
0.0
2.03526568796191e-37
1.720284592557453e-36
9.690831371079878e-36
3.6383403391600047e-35
9.103893211718168e-35
1.339298051793648e-34
1.7041336440727127e-34
1.4451456247913776e-34
8.167725287888033e-35
3.076608109520738e-35
7.723689150953792e-36
1.2922868981810087e-36
1.4410353810041667e-37
1.0709566572633088e-38
5.304576218233918e-40
1.7511003755204235e-41
3.852591273766885e-43
5.649062507099555e-45
5.520537598716491e-47
3.595571356939947e-49
1.5607595475402782e-51
4.515289875772108e-54
8.70596308381241e-57
1.1187409987114887e-59
9.581286684326296e-63
5.468895994009106e-66
2.0804488443433595e-69
5.274678174334464e-73
0.0
0.0
0.0
0.0
0.0
0.0
0.0
0.0
0.0
0.0
0.0
0.0
0.0
0.0
0.0
0.0
0.0
0.0
0.0
0.0
0.0
0.0
0.0
0.0
0.0
0.0
0.0
0.0
0.0
0.0
0.0
0.0
0.0
0.0
0.0
0.0
0.0
0.0
0.0
0.0
0.0
0.0
0.0
0.0
0.0
0.0
7.350670836653738e-06
5.302239843263858e-05
0.00025490203957568484
0.0008167117432668127
0.0017439974203220985
0.002482015128805325
0.0023542065229956687
0.0014882169315893882
0.0008749466171808004
0.00028125860553373063
6.025757226360187e-05
8.603972021861454e-06
8.187812652753648e-07
5.1930003578150544e-08
2.1950800178289056e-09
6.1839206511366e-11
1.1610716165869315e-12
1.4528997761220898e-14
1.2116964999257302e-16
6.734937938938913e-19
2.494910042124423e-21
6.1596740625261154e-24
1.0135428668780655e-26
1.11149639641407e-29
8.123731195709217e-33
3.9571688211521045e-36
1.2846805845244068e-39
2.7796319240518156e-43
0.0
0.0
0.0
0.0
0.0
0.0
0.0
0.0
0.0
0.0
0.0
0.0
0.0
0.0
0.0
0.0
0.0
0.0
0.0
0.0
0.0
0.0
0.0
0.0
0.0
0.0
0.0
0.0
0.0
0.0
0.0
0.0
0.0
0.0
0.0
0.0
0.0
0.0
0.0
0.0
0.0
0.0
0.0
0.0
0.0
0.0003267478926498139
0.00207606964645592
0.00879128967759733
0.024811030946065946
0.046667934377110594
0.05850242853829258
0.04887769975121015
0.027216305543717616
0.0101001804448723
0.0024981047305161082
0.00041178801175611725
4.52395529254026e-05
8.282896503420258e-06
4.627318791319416e-07
1.7228923967498e-08
4.2753181305334126e-10
7.070665089118903e-12
7.793519839755125e-14
5.725172439937042e-16
2.803012579733151e-18
9.146250039145753e-21
1.989035988794981e-23
2.8828613824536386e-26
2.784751382264174e-29
1.7927950482531737e-32
7.692303446690678e-36
2.1997013440974703e-39
4.192302195660412e-43
0.0
0.0
0.0
0.0
0.0
0.0
0.0
0.0
0.0
0.0
0.0
0.0
0.0
0.0
0.0
0.0
0.0
0.0
0.0
0.0
0.0
0.0
0.0
0.0
0.0
0.0
0.0
0.0
0.0
0.0
0.0
0.0
0.0
0.0
0.0
0.0
0.0
0.0
0.0
0.0
0.0
0.0
0.0
2.8659890801821408e-37
2.6205265123793195e-36
1.5969235762070298e-35
6.48576569963317e-35
1.7555771788716593e-34
3.167088111503858e-34
3.807868249188915e-34
3.0513022497631165e-34
1.6295590147337044e-34
5.800113674012605e-35
1.3758923800848598e-35
2.1752740248152323e-36
2.292054978046962e-37
1.6095987844203785e-38
7.533413195162008e-40
2.349889764664008e-41
4.8852268909113446e-43
6.768673048644883e-45
3.1166181471588237e-46
2.1958616451706642e-48
1.0311168860078549e-50
3.226951018778867e-53
6.730671517770783e-56
9.356339381084963e-59
8.668322993869555e-62
5.352365373368232e-65
2.2026118309789294e-68
6.041040273868757e-72
0.0
0.0
0.0
0.0
0.0
0.0
0.0
0.0
0.0
0.0
0.0
0.0
0.0
0.0
0.0
0.0
0.0
0.0
0.0
0.0
0.0
0.0
0.0
0.0
0.0
0.0
0.0
0.0
0.0
0.0
0.0
0.0
0.0
0.0
0.0
0.0
0.0
0.0
0.0
0.0
0.0
0.0
0.0
0.0
1.272552016805936e-37
8.503931898324076e-37
3.787438170683656e-36
1.12422406669319e-35
2.2240356924124356e-35
2.932325489245468e-35
2.5767017145824327e-35
1.50902927661928e-35
5.889965255439824e-36
1.5321784454673465e-36
2.6563635489149414e-37
3.0693557239133764e-38
2.3636789313099582e-39
1.2131410328555756e-40
4.149689948773726e-42
9.460226913087189e-44
1.4373714234952756e-45
1.4555194303385227e-47
9.8230998052352e-50
4.418355477976542e-52
1.3245071273098353e-54
2.6462416059028083e-57
3.523597031122801e-60
3.4040159796363785e-62
2.3048937615326185e-65
1.0401399636903406e-68
3.12834182855861e-72
6.270730964193767e-76
0.0
0.0
0.0
0.0
0.0
0.0
0.0
0.0
0.0
0.0
0.0
0.0
0.0
0.0
0.0
0.0
0.0
0.0
0.0
0.0
0.0
0.0
0.0
0.0
0.0
0.0
0.0
0.0
0.0
0.0
0.0
0.0
0.0
0.0
0.0
0.0
0.0
0.0
0.0
0.0
0.0
0.0
0.0
0.0
0.0
0.0
0.0
0.0
0.0
0.0
0.0
0.0
0.0
0.0
0.0
0.0
0.0
0.0
0.0
0.0
0.0
0.0
0.0
0.0
0.0
0.0
0.0
0.0
0.0
0.0
0.0
0.0
0.0
0.0
0.0
0.0
0.0
0.0
0.0
0.0
0.0
0.0
0.0
0.0
0.0
0.0
0.0
0.0
0.0
0.0
0.0
0.0
0.0
0.0
0.0
0.0
0.0
0.0
0.0
0.0
0.0
0.0
0.0
0.0
0.0
0.0
0.0
0.0
0.0
0.0
0.0
0.0
0.0
0.0
0.0
0.0
0.0
0.0
0.0
0.0
0.0
0.0
0.0
0.0
0.0
0.0
0.0
0.0
0.0
0.0
0.0
0.0
0.0
0.0
0.0
0.0
0.0
0.0
0.0
0.0
0.0
0.0
0.0
0.0
0.0
0.0
0.0
0.0
0.0
0.0
0.0
0.0
0.0
0.0
0.0
0.0
0.0
0.0
0.0
0.0
0.0
0.0
0.0
0.0
0.0
0.0
0.0
0.0
0.0
0.0
0.0
0.0
0.0
0.0
0.0
0.0
0.0
0.0
0.0
0.0
0.0
0.0
0.0
0.0
0.0
0.0
0.0
0.0
0.0
0.0
0.0
0.0
0.0
0.0
0.0
0.0
0.0
0.0
0.0
0.0
0.0
0.0
0.0
0.0
0.0
0.0
0.0
0.0
0.0
0.0
0.0
0.0
0.0
0.0
0.0
0.0
0.0
0.0
0.0
0.0
0.0
0.0
0.0
0.0
0.0
0.0
0.0
0.0
0.0
0.0
0.0
0.0
0.0
0.0
0.0
0.0
0.0
0.0
0.0
0.0
0.0
0.0
0.0
0.0
0.0
0.0
0.0
0.0
0.0
0.0
0.0
0.0
0.0
0.0
0.0
0.0
0.0
0.0
0.0
0.0
0.0
0.0
0.0
0.0
0.0
0.0
0.0
0.0
0.0
0.0
0.0
0.0
0.0
0.0
0.0
0.0
0.0
0.0
0.0
0.0
0.0
0.0
0.0
0.0
0.0
0.0
0.0
0.0
0.0
0.0
0.0
0.0
0.0
0.0
0.0
0.0
0.0
0.0
0.0
0.0
0.0
0.0
0.0
0.0
0.0
0.0
0.0
0.0
0.0
0.0
0.0
0.0
0.0
0.0
0.0
0.0
0.0
0.0
0.0
0.0
0.0
0.0
0.0
0.0
0.0
0.0
0.0
0.0
0.0
0.0
0.0
0.0
0.0
0.0
0.0
0.0
0.0
0.0
0.0
0.0
0.0
0.0
0.0
0.0
0.0
0.0
0.0
0.0
0.0
0.0
0.0
0.0
0.0
0.0
0.0
0.0
0.0
0.0
0.0
0.0
0.0
0.0
0.0
0.0
0.0
0.0
0.0
0.0
0.0
0.0
0.0
0.0
0.0
0.0
0.0
0.0
0.0
0.0
0.0
0.0
0.0
0.0
0.0
0.0
0.0
0.0
0.0
0.0
0.0
0.0
0.0
0.0
0.0
