a = 5.4616107797008855 b = 5.4616107797008855 c = 5.4616107797008855 ,Gaussian ,LMH = 0.08 ,DW = [1.5 1.5]
0.0
0.0
0.0
0.0
0.0
0.0
0.0
0.0
0.0
0.0
0.0
0.0
0.0
0.0
0.0
0.0
0.0
0.0
0.0
0.0
0.0
0.0
0.0
0.0
0.0
0.0
0.0
0.0
0.0
0.0
0.0
0.0
0.0
0.0
0.0
0.0
0.0
0.0
0.0
0.0
0.0
0.0
0.0
0.0
0.0
0.0
0.0
0.0
0.0
0.0
0.0
0.0
0.0
0.0
0.0
0.0
0.0
0.0
0.0
0.0
0.0
0.0
0.0
0.0
0.0
0.0
0.0
0.0
0.0
0.0
0.0
0.0
0.0
0.0
0.0
0.0
0.0
0.0
0.0
0.0
0.0
0.0
0.0
0.0
0.0
0.0
0.0
0.0
0.0
0.0
0.0
0.0
0.0
0.0
0.0
0.0
0.0
0.0
0.0
0.0
0.0
0.0
0.0
0.0
0.0
0.0
0.0
0.0
0.0
0.0
0.0
0.0
0.0
0.0
0.0
0.0
0.0
0.0
0.0
0.0
0.0
0.0
0.0
0.0
0.0
0.0
0.0
0.0
0.0
0.0
0.0
0.0
0.0
0.0
0.0
0.0
0.0
0.0
0.0
0.0
0.0
0.0
0.0
0.0
0.0
0.0
0.0
0.0
0.0
0.0
0.0
0.0
0.0
0.0
0.0
0.0
0.0
0.0
0.0
0.0
0.0
0.0
0.0
0.0
0.0
0.0
0.0
0.0
0.0
0.0
0.0
0.0
0.0
0.0
0.0
0.0
0.0
0.0
0.0
0.0
0.0
0.0
0.0
0.0
0.0
0.0
0.0
0.0
0.0
0.0
0.0
0.0
0.0
0.0
0.0
0.0
0.0
0.0
0.0
0.0
0.0
0.0
0.0
0.0
0.0
0.0
0.0
0.0
0.0
0.0
0.0
0.0
0.0
0.0
0.0
0.0
0.0
0.0
0.0
0.0
0.0
0.0
0.0
0.0
0.0
0.0
0.0
0.0
0.0
0.0
0.0
0.0
0.0
0.0
0.0
0.0
0.0
0.0
0.0
0.0
0.0
0.0
0.0
0.0
0.0
0.0
0.0
0.0
0.0
0.0
0.0
0.0
0.0
0.0
0.0
0.0
0.0
0.0
0.0
0.0
0.0
0.0
0.0
0.0
0.0
0.0
0.0
0.0
0.0
0.0
0.0
0.0
0.0
0.0
0.0
0.0
0.0
0.0
0.0
0.0
0.0
0.0
0.0
0.0
0.0
0.0
0.0
0.0
0.0
0.0
0.0
0.0
0.0
0.0
0.0
0.0
0.0
0.0
0.0
0.0
0.0
0.0
0.0
0.0
0.0
0.0
0.0
0.0
0.0
0.0
0.0
0.0
0.0
0.0
0.0
0.0
0.0
0.0
0.0
0.0
0.0
0.0
0.0
0.0
0.0
0.0
0.0
0.0
0.0
0.0
0.0
0.0
0.0
0.0
0.0
0.0
0.0
0.0
0.0
0.0
0.0
0.0
0.0
0.0
0.0
0.0
0.0
0.0
0.0
0.0
0.0
0.0
0.0
0.0
0.0
0.0
0.0
0.0
0.0
0.0
0.0
0.0
0.0
0.0
0.0
0.0
0.0
0.0
0.0
0.0
0.0
0.0
0.0
0.0
0.0
0.0
0.0
0.0
0.0
0.0
0.0
0.0
0.0
0.0
0.0
0.0
0.0
0.0
0.0
0.0
0.0
0.0
0.0
0.0
0.0
0.0
0.0
0.0
0.0
0.0
0.0
0.0
0.0
0.0
0.0
0.0
0.0
2.872784095436918e-35
2.6280368260852275e-34
1.6022912227062413e-33
6.510779822279648e-33
1.7632184123595435e-32
3.1824439531237966e-32
3.828220668844614e-32
3.06912595315546e-32
1.6398873202851386e-32
5.839758026473473e-33
1.3859808982423854e-33
2.192306066173164e-34
2.311142236838909e-35
1.6238043916107516e-36
7.60365313558742e-38
2.3729709983496065e-39
4.935647238329004e-41
6.841909762832501e-43
3.1513769590030835e-44
2.221448071213546e-46
1.0436467474835183e-48
3.267777141836993e-51
6.819191478363882e-54
9.484073003010883e-57
8.791003225798906e-60
5.430796616429559e-63
2.235991695655611e-66
6.135618976560132e-70
0.0
0.0
0.0
0.0
0.0
0.0
0.0
0.0
0.0
0.0
0.0
0.0
0.0
0.0
0.0
0.0
0.0
0.0
0.0
0.0
0.0
0.0
0.0
0.0
0.0
0.0
0.0
0.0
0.0
0.0
0.0
0.0
0.0
0.0
0.0
0.0
0.0
0.0
0.0
0.0
0.0
0.0
0.0
0.0
0.0
0.0
0.0
0.0
0.0
0.0
0.0
0.0
0.0
0.0
0.0
0.0
0.0
0.0
0.0
0.0
0.0
0.0
0.0
0.0
0.0
0.0
0.0
0.0
0.0
0.0
0.0
0.0
0.0
0.0
0.0
0.0
0.0
0.0
0.0
0.0
0.0
0.0
0.0
0.0
0.0
0.0
0.0
0.0
0.0
0.0
0.0
0.0
0.0
0.0
0.0
0.0
0.0
0.0
0.0
0.0
0.0
0.0
0.0
0.0
0.0
0.0
0.0
0.0
0.0
0.0
0.0
0.0
0.0
0.0
0.0
0.0
0.0
0.0
0.0
0.0
0.0
0.0
0.0
0.0
0.0
0.0
0.0
0.0
0.0
0.0
0.0
0.0
0.0
0.0
0.0
0.0
0.0
0.0
0.0
0.0
0.0
0.0
0.0
0.0
0.0
0.0
0.0
0.0
0.0
0.0
0.0
0.0
0.0
0.0
0.0
0.0
0.0
0.0
0.0
0.0
0.0
0.0
0.0
0.0
0.0
0.0
0.0
0.0
0.0
0.0
0.0
0.0
0.0
0.0
0.0
0.0
0.0
0.0
0.0
0.0
0.0
0.0
0.0
0.0
0.0
0.0
0.0
0.0
0.0
0.0
0.0
0.0
0.0
0.0
0.0
0.0
0.0
0.0
0.0
0.0
0.0
0.0
0.0
0.0
0.0
0.0
0.0
0.0
0.0
0.0
0.0
0.0
0.0
0.0
0.0
0.0
0.0
0.0
0.0
0.0
0.0
0.0
0.0
0.0
0.0
0.0
0.0
0.0
0.0
0.0
0.0
0.0
0.0
0.0
0.0
0.0
0.0
0.0
0.0
0.0
0.0
0.0
0.0
0.0
0.0
0.0
0.0
0.0
0.0
0.0
0.0
0.0
0.0
0.0
0.0
0.0
0.0
0.0
0.0
0.0
0.0
0.0
0.0
0.0
0.0
0.0
0.0
0.0
0.0
0.0
0.0
0.0
0.0
0.0
0.0
0.0
0.0
0.0
0.0
0.0
0.0
0.0
0.0
0.0
0.0
0.0
0.0
0.0
0.0
0.0
0.0
0.0
0.0
0.0
0.0
0.0
0.0
0.0
0.0
0.0
0.0
0.0
0.0
0.0
0.0
0.0
0.0
0.0
0.0
0.0
0.0
0.0
0.0
0.0
0.0
0.0
0.0
0.0
0.0
0.0
0.0
0.0
0.0
0.0
0.0
0.0
0.0
0.0
0.0
0.0
0.0
0.0
0.0
0.0
0.0
0.0
0.0
0.0
0.0
0.0
0.0
0.0
0.0
0.0
0.0
0.0
0.0
0.0
0.0
0.0
0.0
0.0
0.0
0.0
0.0
0.0
0.0
0.0
0.0
0.0
0.0
0.0
0.0
0.0
0.0
0.0
0.0
0.0
0.0
0.0
0.0
0.0
0.0
0.0
0.0
0.0
0.0
0.0
0.0
0.0
0.0001228477355209536
0.0010249467413148197
0.005699240588676167
0.02112098804162708
0.052166658453853924
0.0858723513935468
0.09420961729974535
0.06888404983866384
0.03356785984061073
0.010902100525474993
0.002359816641615091
0.0003404300471340951
3.273098375510546e-05
2.0973542015312686e-06
8.957071693952118e-08
2.5494228183429312e-09
4.836144124124762e-11
6.11417900696342e-13
5.151795463445185e-15
2.893081200995733e-17
1.0827898658879964e-19
2.083374841143948e-21
3.965094613835869e-24
5.029458655865695e-27
4.25177699982946e-30
2.3955280598303133e-33
8.995257385250899e-37
2.251165761867542e-40
0.0
0.0
0.0
0.0
0.0
0.0
0.0
0.0
0.0
0.0
0.0
0.0
0.0
0.0
0.0
0.0
0.0
0.0
0.0
0.0
0.0
0.0
0.0
0.0
0.0
0.0
0.0
0.0
0.0
0.0
0.0
0.0
0.0
0.0
0.0
0.0
0.0
0.0
0.0
0.0
0.0
0.0
0.0
0.0
0.0
0.0
0.0
0.0
0.0
0.0
0.0
0.0
0.0
0.0
0.0
0.0
0.0
0.0
0.0
0.0
0.0
0.0
0.0
0.0
0.0
0.0
0.0
0.0
0.0
0.0
0.0
0.0
0.0
0.0
0.0
0.0
0.0
0.0
0.0
0.0
0.0
0.0
0.0
0.0
0.0
0.0
0.0
0.0
0.0
0.0
0.0
0.0
0.0
0.0
0.0
0.0
0.0
0.0
0.0
0.0
0.0
0.0
0.0
0.0
0.0
0.0
0.0
0.0
0.0
0.0
0.0
0.0
0.0
0.0
0.0
0.0
0.0
0.0
0.0
0.0
0.0
0.0
0.0
0.0
0.0023093386148954577
0.01750761540037606
0.0884602018382182
0.2978862123976884
0.6685508220181832
1.0
0.996889728066958
0.6623320795939114
0.2932824041714727
0.08655213264713633
0.01702358749500203
0.002231546542557275
0.00019495858288487973
1.1351684646420276e-05
4.4051411060188493e-07
1.1393072974264236e-08
1.9638281546894198e-10
2.256044351618476e-12
1.7273221117179575e-14
8.814152901170633e-17
2.997570290675826e-19
6.79422178711213e-22
1.0263408426241398e-24
1.0785171777090726e-26
8.284790656656165e-30
4.241481328849479e-33
1.447221908348722e-36
3.2910482180751073e-40
0.0
0.0
0.0
0.0
0.0
0.0
0.0
0.0
0.0
0.0
0.0
0.0
0.0
0.0
0.0
0.0
0.0
0.0
0.0
0.0
0.0
0.0
0.0
0.0
0.0
0.0
0.0
0.0
0.0
0.0
0.0
0.0
0.0
0.0
0.0
0.0
0.0
0.0
0.0
0.0
0.0
0.0
0.0
0.0
0.0
0.0
0.0
0.0
0.0
0.0
0.0
0.0
0.0
0.0
0.0
0.0
0.0
0.0
0.0
0.0
0.0
0.0
0.0
0.0
0.0
0.0
0.0
0.0
0.0
0.0
0.0
0.0
0.0
0.0
0.0
0.0
0.0
0.0
0.0
0.0
0.0
0.0
0.0
0.0
0.0
0.0
0.0
0.0
0.0
0.0
0.0
0.0
0.0
0.0
0.0
0.0
0.0
0.0
0.0
0.0
0.0
0.0
0.0
0.0
0.0
0.0
0.0
1.9119804391078017e-35
1.4798097096276085e-34
7.6332563647989285e-34
2.6241905827787343e-33
6.012601833600789e-33
9.181445601941284e-33
9.344180825161096e-33
6.338010451883538e-33
2.865142429498464e-33
8.632190765203098e-34
1.73331458267533e-34
2.3196117524929749e-35
2.0688774133836558e-36
1.2298036121707887e-37
4.8721238381136184e-39
1.2864189261847985e-40
2.2637479576890395e-42
1.222435720990982e-43
1.093891538322244e-45
6.523851127496014e-48
2.5930767383761774e-50
6.869232954631082e-53
1.212781792882567e-55
1.4270481939455549e-58
1.1191187196251008e-61
5.8491832616192595e-65
2.0374916844164695e-68
4.730183725541136e-72
0.0
0.0
0.0
0.0
0.0
0.0
0.0
0.0
0.0
0.0
0.0
0.0
0.0
0.0
0.0
0.0
0.0
0.0
0.0
0.0
0.0
0.0
0.0
0.0
0.0
0.0
0.0
0.0
0.0
0.0
0.0
0.0
0.0
0.0
0.0
0.0
0.0
0.0
0.0
0.0
0.0
0.0
0.0
0.0
0.0
0.0
0.0
0.0
0.0
0.0
0.0
0.0
0.0
0.0
0.0
0.0
0.0
0.0
0.0
0.0
0.0
0.0
0.0
0.0
0.0
0.0
0.0
0.0
0.0
0.0
0.0
0.0
0.0
0.0
0.0
0.0
0.0
0.0
0.0
0.0
0.0
0.0
0.0
0.0
0.0
0.0
0.0
0.0
0.0
0.0
0.0
0.0
0.0
0.0
0.0
0.0
3.444125793068217e-36
2.26538730527795e-35
9.930873913769557e-35
2.9014428564196853e-34
5.649657540652379e-34
7.331819649013727e-34
6.341368218339651e-34
3.6554068227220964e-34
1.4043327134243045e-34
3.595719915326137e-35
6.135970266570926e-36
6.978501651702868e-37
5.289598064481625e-38
2.6721738430160465e-39
8.996804683626406e-41
2.0188005955305525e-42
3.019118117147749e-44
3.0091811494535758e-46
1.9989324078314697e-48
8.849718036923187e-51
2.6112130444556606e-53
5.134956012720686e-56
6.433300954486749e-58
6.433256535304798e-61
4.287552189121361e-64
1.904449746192905e-67
5.637819444064906e-71
1.1123318101735706e-74
0.0
0.0
0.0
0.0
0.0
0.0
0.0
0.0
0.0
0.0
0.0
0.0
0.0
0.0
0.0
0.0
0.0
0.0
0.0
0.0
0.0
0.0
0.0
0.0
0.0
0.0
0.0
0.0
0.0
0.0
0.0
0.0
0.0
0.0
0.0
0.0
0.0
0.0
0.0
0.0
0.0
0.0
0.0
0.0
0.0
0.0
0.0
0.0
0.0
0.0
0.0
0.0
0.0
0.0
0.0
0.0
0.0
0.0
0.0
0.0
0.0
0.0
0.0
0.0
0.0
0.0
0.0
0.0
0.0
0.0
0.0
0.0
0.0
0.0
0.0
0.0
0.0
0.0
0.0
0.0
0.0
0.0
0.0
0.0
0.0
0.0
0.0
0.0
0.0
0.0
0.0
0.0
0.0
0.0
0.0
0.0
0.0
0.0
0.0
0.0
0.0
0.0
0.0
0.0
0.0
0.0
0.0
0.0
0.0
0.0
0.0
0.0
0.0
0.0
0.0
0.0
0.0
0.0
0.0
0.0
0.0
0.0
0.0
0.0
0.0
0.0
0.0
0.0
0.0
0.0
0.0
0.0
0.0
0.0
0.0
0.0
0.0
0.0
0.0
0.0
0.0
0.0
0.0
0.0
0.0
0.0
0.0
0.0
0.0
0.0
0.0
0.0
0.0
0.0
0.0
0.0
0.0
0.0
0.0
0.0
0.0
0.0
0.0
0.0
0.0
0.0
0.0
0.0
0.0
0.0
0.0
0.0
0.0
0.0
0.0
0.0
0.0
0.0
0.0
0.0
0.0
0.0
0.0
0.0
0.0
0.0
0.0
0.0
0.0
0.0
0.0
0.0
0.0
0.0
0.0002737451868964342
0.002550081976738282
0.01583227554819304
0.06551097845998292
0.18066181974578327
0.2835755415422715
0.39767074677045267
0.37167219092260706
0.23151441593195204
0.09611198749785971
0.02659246679216721
0.004903670059383073
0.0006026503388511703
4.9361814669978386e-05
2.694625264438077e-06
9.803636177036527e-08
2.3771552298116015e-09
3.841576156311241e-11
4.137546619091233e-13
2.9700099298079754e-15
1.4208703466261502e-17
4.5303582696584896e-20
9.627027091623835e-23
1.3634317022264332e-25
1.2869335709195362e-28
8.095812109112206e-32
3.394269008666818e-35
9.484482630349259e-39
0.0
0.0
0.0
0.0
0.0
0.0
0.0
0.0
0.0
0.0
0.0
0.0
0.0
0.0
0.0
0.0
0.0
0.0
0.0
0.0
0.0
0.0
0.0
0.0
0.0
0.0
0.0
0.0
0.0
0.0
0.0
0.0
0.0
0.0
0.0
0.0
0.0
0.0
0.0
0.0
0.0
0.0
0.0
0.0
0.0
0.0
0.0
0.0
0.0
0.0
0.0
0.0
0.0
0.0
0.0
0.0
0.0
0.0
0.0
0.0
0.0
0.0
0.0
0.0
0.0
0.0
0.0
0.0
0.0
0.0
0.0
0.0
0.0
0.0
0.0
7.333062530964563e-36
6.362261087944328e-35
3.678909753401583e-34
1.4177783155039114e-33
3.641489593164125e-33
5.4512206605316044e-33
7.119788390621535e-33
6.197577382123775e-33
3.595492425616631e-33
1.3901969986351504e-33
3.582414739552367e-34
6.152575161291721e-35
7.04238138328363e-36
5.3723426198033096e-37
2.731425824780485e-38
9.255431452856585e-40
2.0901885983351255e-41
3.145979065021361e-43
3.155787345472144e-45
2.1097994782763977e-47
9.400613104379558e-50
2.791597017609729e-52
5.5249814026131314e-55
7.287699614413221e-58
6.406659675779064e-61
3.753655347225593e-64
1.4657458785369034e-67
3.814560589043278e-71
0.0
0.0
0.0
0.0
0.0
0.0
0.0
0.0
0.0
0.0
0.0
0.0
0.0
0.0
0.0
0.0
0.0
0.0
0.0
0.0
0.0
0.0
0.0
0.0
0.0
0.0
0.0
0.0
0.0
0.0
0.0
0.0
0.0
0.0
0.0
0.0
0.0
0.0
0.0
0.0
0.0
0.0
0.0
0.0
0.0
0.0
0.0
0.0
0.0
0.0
0.0
0.0
0.0
0.0
0.0
0.0
0.0
0.0
0.0
0.0
0.0
0.0
0.0
0.0
0.0
0.0
0.0
0.0
0.0
0.0
0.0
2.49403702616139e-68
1.765938299081491e-67
8.333543419139793e-67
2.6209903847057706e-66
5.493924680204325e-66
7.675055465367228e-66
7.145981580807802e-66
4.4342871216190227e-66
1.8338646395475425e-66
8.125132415621631e-67
1.7087419983824586e-67
2.394992118350214e-68
2.2372433784591492e-69
1.3928486333764284e-70
5.779312277513745e-72
1.5981956675826276e-73
2.9455424407649814e-75
3.618113349168019e-77
2.961969624198808e-79
1.616071534129022e-81
5.8765455789119715e-84
1.4241809931659526e-86
2.3003282353171968e-89
2.4762585217432642e-92
1.7765756455864566e-95
8.494796384468312e-99
2.707096834482481e-102
5.749580470667445e-106
0.0
0.0
0.0
0.0
0.0
0.0
0.0
0.0
0.0
0.0
0.0
0.0
0.0
0.0
0.0
0.0
0.0
0.0
0.0
0.0
0.0
0.0
0.0
0.0
0.0
0.0
0.0
0.0
0.0
0.0
0.0
0.0
0.0
0.0
0.0
0.0
0.0
0.0
0.0
0.0
0.0
0.0
0.0
0.0
0.0
0.0
0.0
0.0
0.0
0.0
0.0
0.0
0.0
0.0
0.0
0.0
0.0
0.0
0.0
0.0
0.0
0.0
0.0
0.0
0.0
0.0
0.0
3.468484421572593e-05
0.00023659529654436928
0.0010756079744322269
0.003258993304500613
0.006581039102643166
0.008857007705080454
0.007944400350683759
0.004749159652584936
0.001892143043134053
0.0005024266984255448
8.891458411280495e-05
1.0487086298302837e-05
8.243625052228061e-07
4.318800740112704e-08
1.5079594111941298e-09
3.5091156796799393e-11
5.442360006006145e-13
2.7015593576211145e-14
2.1306233181580837e-16
1.1199029420652961e-18
3.923156594905423e-21
9.15951440010721e-24
1.4252491942331496e-26
1.4780553804888595e-29
1.0215794720247296e-32
4.705818323242661e-36
1.4447067554922175e-39
2.956009319195626e-43
0.0
0.0
0.0
0.0
0.0
0.0
0.0
0.0
0.0
0.0
0.0
0.0
0.0
0.0
0.0
0.0
0.0
0.0
0.0
0.0
0.0
0.0
0.0
0.0
0.0
0.0
0.0
0.0
0.0
0.0
0.0
0.0
0.0
0.0
0.0
0.0
0.0
0.0
0.0
0.0
0.0
0.0
0.0
0.0
0.0
0.0
0.0
0.0
0.0
0.0
0.0
0.0
0.0
0.0
0.0
0.0
0.0
0.0
0.0
0.0
0.0
0.0
0.0
9.31796973648718e-05
0.0007970677045784305
0.004544129277506272
0.011575022627405784
0.03355675015637091
0.06483648889520396
0.08349118604025939
0.07165447540785662
0.0409852472454555
0.01562404013992183
0.003969544555019514
0.0006721552018307027
7.585426337809269e-05
5.705214466034599e-06
2.8598648000801724e-07
9.55433749675875e-09
2.1273414503981304e-10
3.1568603791393767e-12
3.1221595646864e-14
2.0579573188557716e-16
9.040640089979777e-19
2.6469366370669615e-21
5.1649896829136404e-24
6.717024304084594e-27
5.821915922197963e-30
3.363074491501179e-33
1.294757969540614e-36
3.322173020513426e-40
0.0
0.0
0.0
0.0
0.0
0.0
0.0
0.0
0.0
0.0
0.0
0.0
0.0
0.0
0.0
0.0
0.0
0.0
0.0
0.0
0.0
0.0
0.0
0.0
0.0
0.0
0.0
0.0
0.0
0.0
0.0
0.0
0.0
0.0
0.0
0.0
0.0
0.0
0.0
0.0
0.0
0.0
0.0
0.0
0.0
0.0
0.0
0.0
0.0
0.0
0.0
0.0
0.0
0.0
0.0
0.0
0.0
0.0
0.0
0.0
0.0
0.0
3.212144968217605e-35
2.098046600909877e-34
9.13306758657643e-34
2.6497186401928446e-33
5.123472370282358e-33
6.602533056900274e-33
5.670721492803397e-33
3.245993160233915e-33
1.2383358064146124e-33
3.1485515572762027e-34
5.335372376740066e-35
6.025598786195587e-36
4.5354171081970394e-37
2.275180229626941e-38
7.606693628179669e-40
1.6949527360604285e-41
1.0712715323116999e-42
1.2138466168290045e-44
9.16662802545139e-47
4.6135682827306386e-49
1.5475541181182226e-51
3.4596828283172637e-54
5.154757924298651e-57
5.118725165492708e-60
3.3876372319062683e-63
1.494216510336788e-66
4.392499416884748e-70
8.605803835953388e-74
0.0
0.0
0.0
0.0
0.0
0.0
0.0
0.0
0.0
0.0
0.0
0.0
0.0
0.0
0.0
0.0
0.0
0.0
0.0
0.0
0.0
0.0
0.0
0.0
0.0
0.0
0.0
0.0
0.0
0.0
0.0
0.0
0.0
0.0
0.0
0.0
0.0
0.0
0.0
0.0
0.0
0.0
0.0
0.0
0.0
0.0
0.0
0.0
0.0
0.0
0.0
0.0
0.0
0.0
0.0
0.0
0.0
0.0
1.1130398031751063e-37
1.0155391706557597e-36
6.175387460419161e-36
2.5027259229365833e-35
6.759956800852503e-35
1.2169033800943067e-34
1.4599898024662552e-34
1.3157695527511761e-34
8.027422802903595e-35
3.2640288691843026e-35
8.845316819015286e-36
1.5975495706018925e-36
1.9229891811733923e-37
1.5426978957080527e-38
8.248338615883196e-40
2.9392303551063557e-41
6.980432228931545e-43
1.1048734916264662e-44
1.1655323743996793e-46
8.194409752532544e-49
3.839658149066959e-51
1.1990822989850565e-53
2.4956689276453066e-56
3.4618360806128146e-59
3.2004244259535e-62
1.971924127495403e-65
8.097563708423323e-69
2.2161548079158785e-72
0.0
0.0
0.0
0.0
0.0
0.0
0.0
0.0
0.0
0.0
0.0
0.0
0.0
0.0
0.0
0.0
0.0
0.0
0.0
0.0
0.0
0.0
0.0
0.0
0.0
0.0
0.0
0.0
0.0
0.0
0.0
0.0
0.0
0.0
0.0
0.0
0.0
0.0
0.0
0.0
0.0
0.0
0.0
0.0
0.0
0.0
0.0
0.0
0.0
0.0
0.0
0.0
0.0
0.0
0.0
0.0
0.0
0.0
0.0
0.0
0.0
0.0
0.0
0.0
0.0
0.0
0.0
0.0
0.0
0.0
0.0
0.0
0.0
0.0
0.0
0.0
0.0
0.0
0.0
0.0
0.0
0.0
0.0
0.0
0.0
0.0
0.0
0.0
0.0
0.0
0.0
0.0
0.0
0.0
0.0
0.0
0.0
0.0
0.0
0.0
0.0
0.0
0.0
0.0
0.0
0.0
0.0
0.0
0.0
0.0
0.0
0.0
0.0
0.0
0.0
0.0
0.0
0.0
0.0
0.0
0.0
0.0
0.0
0.0
0.0
0.0
0.0
0.0
0.0
0.0
0.0
0.0
0.0
0.0
0.0
0.0
0.0
0.0
0.0
0.0
0.0
4.303846142684301e-05
0.00034266584323119594
0.001818303787654199
0.006430483358637799
0.015156619295292028
0.02380907997180842
0.024926679724135144
0.01739273186140479
0.008088215572323202
0.002506797092046532
0.0005178061387528515
7.128477047820015e-05
6.54045353352683e-06
3.999452302291214e-07
1.629951669371229e-08
4.427213647967167e-10
8.014340357386442e-12
9.669112922722138e-14
4.059757183805951e-15
2.4907003925601763e-17
1.0184142503283925e-19
2.7752939838491845e-22
5.0405168284485505e-25
6.101304387539428e-28
4.922116211336972e-31
2.646443232284964e-34
9.483198694721496e-38
2.264793791703989e-41
0.0
0.0
0.0
0.0
0.0
0.0
0.0
0.0
0.0
0.0
0.0
0.0
0.0
0.0
0.0
0.0
0.0
0.0
0.0
0.0
0.0
0.0
0.0
0.0
0.0
0.0
0.0
0.0
0.0
0.0
0.0
0.0
0.0
0.0
0.0
0.0
0.0
0.0
0.0
0.0
0.0
0.0
0.0
0.0
0.0
0.0
0.0
0.0
0.0
0.0
0.0
0.0
0.0
0.0
5.249583963621126e-36
4.194983831103602e-35
2.2341752906169e-34
7.930229310976662e-34
1.876012790492809e-33
2.957790383945469e-33
3.1079966248614526e-33
2.176582998456808e-33
1.015901203303294e-33
3.160161407824499e-34
6.551618547466018e-35
9.052519947947479e-36
8.336272938557422e-37
1.3568788577313968e-37
6.353983618527664e-39
1.9830453872033043e-40
4.1247797725500785e-42
5.718082615407885e-44
5.283012446131329e-46
3.253077351683586e-48
1.3350228358868331e-50
3.651443180791187e-53
6.656132335123719e-56
8.086505697178831e-59
6.547588753032819e-62
3.533323805072914e-65
1.2707702322542954e-68
3.0460159609336725e-72
0.0
0.0
0.0
0.0
0.0
0.0
0.0
0.0
0.0
0.0
0.0
0.0
0.0
0.0
0.0
0.0
0.0
0.0
0.0
0.0
0.0
0.0
0.0
0.0
0.0
0.0
0.0
0.0
0.0
0.0
0.0
0.0
0.0
0.0
0.0
0.0
0.0
0.0
0.0
0.0
0.0
0.0
0.0
0.0
0.0
0.0
0.0
0.0
0.0
0.0
0.0
0.0
0.0
3.898725263611781e-37
2.935810658423607e-36
1.4733807845299026e-35
4.928145351889824e-35
1.0985847438913037e-34
1.6321691577820756e-34
1.616137540751955e-34
1.0665298578378179e-34
4.6908253776725077e-35
2.1653808486135248e-35
4.8429849518343645e-36
7.218941060307156e-37
7.171589464889737e-38
4.7483081260914286e-39
2.095288909688462e-40
6.162124710621996e-42
1.2078099437027968e-43
1.577786610785104e-45
1.3736607208718644e-47
7.970622519859311e-50
3.0823826536462926e-52
7.944423918199369e-55
1.3646454035425292e-57
1.562279634301964e-60
1.1920082857558839e-63
6.061516968690042e-67
2.0543050061834536e-70
4.640129185770451e-74
0.0
0.0
0.0
0.0
0.0
0.0
0.0
0.0
0.0
0.0
0.0
0.0
0.0
0.0
0.0
0.0
0.0
0.0
0.0
0.0
0.0
0.0
0.0
0.0
0.0
0.0
0.0
0.0
0.0
0.0
0.0
0.0
0.0
0.0
0.0
0.0
0.0
0.0
0.0
0.0
0.0
0.0
0.0
0.0
0.0
0.0
0.0
0.0
0.0
0.0
0.0
0.0
7.6709047610748e-06
5.502988085568852e-05
0.0002631068181235252
0.0008383921062959594
0.0017805074984047525
0.002520124413324794
0.0025357608436154208
0.001825110006375982
0.0008754903212385703
0.00027989503871655384
5.9637660705211474e-05
8.468910582432208e-06
8.015230999396097e-07
5.055755782416873e-08
2.1253853338580203e-09
5.954849911014112e-11
1.1119506379358386e-12
1.3838268252603612e-14
1.1477823180238963e-16
6.344813532142536e-19
2.337543730963018e-21
5.739607229333398e-24
9.392607008747567e-27
1.0244049716017358e-29
7.446269519659494e-33
3.607342461408473e-36
1.164709302729379e-39
2.5062781211693553e-43
0.0
0.0
0.0
0.0
0.0
0.0
0.0
0.0
0.0
0.0
0.0
0.0
0.0
0.0
0.0
0.0
0.0
0.0
0.0
0.0
0.0
0.0
0.0
0.0
0.0
0.0
0.0
0.0
0.0
0.0
0.0
0.0
0.0
0.0
0.0
0.0
0.0
0.0
0.0
0.0
0.0
0.0
0.0
0.0
0.0
0.0
0.0
0.0
0.0
0.0
0.0
0.00013427407980255907
0.0009919803458897259
0.004884223158902355
0.0160276362575056
0.028250078387863514
0.04714072057556287
0.05242691758897345
0.038859211161726685
0.019196196383349375
0.006320012488896087
0.0013867629716067585
0.0002028000629714263
1.9765849411253636e-05
1.2839391076872512e-06
5.558465577113431e-08
1.6037880081298118e-09
3.084043899857043e-11
3.9525346796763263e-13
3.376077247315582e-15
1.9218992141134513e-17
7.29172684999199e-20
1.8437911326957702e-22
3.1072385811182064e-25
3.4899485747466237e-28
2.6124320468596537e-31
1.3033243999355053e-34
4.333527903682621e-38
9.603116929993038e-42
0.0
0.0
0.0
0.0
0.0
0.0
0.0
0.0
0.0
0.0
0.0
0.0
0.0
0.0
0.0
0.0
0.0
0.0
0.0
0.0
0.0
0.0
0.0
0.0
0.0
0.0
0.0
0.0
0.0
0.0
0.0
0.0
0.0
0.0
0.0
0.0
0.0
0.0
0.0
0.0
0.0
0.0
0.0
0.0
0.0
0.0
0.0
0.0
0.0
0.0
0.0
0.0
0.0
0.0
0.0
0.0
0.0
0.0
0.0
0.0
0.0
0.0
0.0
0.0
0.0
0.0
0.0
0.0
0.0
0.0
0.0
0.0
0.0
0.0
0.0
0.0
0.0
0.0
0.0
0.0
0.0
0.0
0.0
0.0
0.0
0.0
0.0
0.0
0.0
0.0
0.0
0.0
0.0
0.0
0.0
0.0
0.0
0.0
0.0
0.0
0.0
0.0
0.0
0.0
0.0
0.0
0.0
0.0
0.0
0.0
0.0
0.0
0.0
0.0
0.0
0.0
0.0
0.0
0.0
0.0
0.0
0.0
0.0
0.0
0.0
0.0
0.0
0.0
0.0
0.0
0.0
0.0
0.0
0.0
0.0
0.0
0.0
0.0
0.0
0.0
0.0
0.0
0.0
0.0
0.0
0.0
0.0
0.0
0.0
0.0
0.0
0.0
0.0
0.0
0.0
0.0
0.0
0.0
0.0
0.0
0.0
0.0
0.0
0.0
0.0
0.0
0.0
0.0
0.0
0.0
0.0
0.0
0.0
0.0
0.0
0.0
0.0
0.0
0.0
0.0
0.0
0.0
0.0
0.0
0.0
0.0
0.0
0.0
0.0
0.0
0.0
0.0
0.0
0.0
0.0
0.0
0.0
0.0
0.0
0.0
0.0
0.0
0.0
0.0
0.0
0.0
0.0
0.0
0.0
0.0
0.0
0.0
0.0
0.0
0.0
0.0
0.0
0.0
0.0
0.0
0.0
0.0
0.0
0.0
0.0
0.0
0.0
0.0
0.0
0.0
0.0
0.0
0.0
0.0
0.0
0.0
0.0
0.0
0.0
0.0
0.0
0.0
0.0
0.0
0.0
0.0
0.0
0.0
0.0
0.0
0.0
0.0
0.0
0.0
0.0
0.0
0.0
0.0
0.0
0.0
0.0
0.0
0.0
0.0
0.0
0.0
0.0
0.0
0.0
0.0
0.0
0.0
0.0
0.0
0.0
0.0
0.0
0.0
0.0
0.0
0.0
0.0
0.0
0.0
0.0
0.0
0.0
0.0
0.0
0.0
0.0
0.0
0.0
0.0
0.0
0.0
0.0
0.0
0.0
0.0
0.0
0.0
0.0
0.0
0.0
0.0
0.0
0.0
0.0
0.0
0.0
0.0
0.0
0.0
0.0
0.0
0.0
0.0
0.0
0.0
0.0
0.0
0.0
0.0
0.0
0.0
0.0
0.0
0.0
0.0
0.0
0.0
0.0
0.0
0.0
0.0
0.0
0.0
0.0
0.0
0.0
0.0
0.0
0.0
0.0
0.0
0.0
0.0
0.0
0.0
0.0
0.0
0.0
0.0
0.0
0.0
0.0
0.0
0.0
0.0
0.0
0.0
0.0
0.0
0.0
0.0
0.0
0.0
0.0
0.0
0.0
0.0
0.0
0.0
