a = 5.721360049575313 b = 5.721360049575313 c = 5.721360049575313 ,Gaussian ,LMH = 0.08 ,DW = [0.5 0.5]
0.0
0.0
0.0
0.0
0.0
0.0
0.0
0.0
0.0
0.0
0.0
0.0
0.0
0.0
0.0
0.0
0.0
0.0
0.0
0.0
0.0
0.0
0.0
0.0
0.0
0.0
0.0
0.0
0.0
0.0
0.0
0.0
0.0
0.0
0.0
0.0
0.0
0.0
0.0
0.0
0.0
0.0
0.0
0.0
0.0
0.0
0.0
0.0
0.0
0.0
0.0
0.0
0.0
0.0
0.0
0.0
0.0
0.0
0.0
0.0
0.0
0.0
0.0
0.0
0.0
0.0
0.0
0.0
0.0
0.0
0.0
0.0
0.0
0.0
0.0
0.0
0.0
0.0
0.0
0.0
0.0
0.0
0.0
0.0
0.0
0.0
0.0
0.0
0.0
0.0
0.0
0.0
0.0
0.0
0.0
0.0
0.0
0.0
0.0
0.0
0.0
0.0
0.0
0.0
0.0
0.0
0.0
0.0
0.0
0.0
0.0
0.0
0.0
0.0
0.0
0.0
0.0
0.0
0.0
0.0
0.0
0.0
0.0
0.0
0.0
0.0
0.0
0.0
0.0
0.0
0.0
0.0
0.0
0.0
0.0
0.0
0.0
0.0
0.0
0.0
0.0
0.0
0.0
0.0
0.0
0.0
0.0
0.0
0.0
0.0
0.0
0.0
0.0
0.0
0.0
0.0
0.0
0.0
0.0
0.0
0.0
0.0
0.0
0.0
0.0
0.0
0.0
0.0
0.0
0.0
0.0
0.0
0.0
0.0
0.0
0.0
0.0
0.0
0.0
0.0
0.0
0.0
0.0
0.0
0.0
0.0
0.0
0.0
0.0
0.0
0.0
0.0
0.0
0.0
0.0
0.0
0.0
0.0
0.0
0.0
0.0
0.0
0.0
0.0
0.0
0.0
0.0
0.0
0.0
0.0
0.0
0.0
0.0
0.0
0.0
0.0
0.0
0.0
0.0
0.0
0.0
0.0
0.0
0.0
0.0
0.0
0.0
0.0
0.0
0.0
0.0
0.0
0.0
0.0
0.0
0.0
0.0
0.0
0.0
0.0
0.0
0.0
0.0
0.0
0.0
0.0
0.0
0.0
0.0
0.0
0.0
0.0
0.0
0.0
0.0
0.0
0.0
0.0
0.0
0.0
0.0
0.0
0.0
0.0
0.0
0.0
0.0
0.0
0.0
0.0
0.0
0.0
0.0
0.0
0.0
0.0
0.0
0.0
0.0
0.0
0.0
0.0
0.0
0.0
0.0
0.0
0.0
0.0
0.0
0.0
0.0
0.0
0.0
0.0
0.0
0.0
0.0
0.0
0.0
0.0
0.0
0.0
0.0
0.0
0.0
0.0
0.0
0.0
0.0
0.0
0.0
0.0
0.0
0.0
0.0
0.0
0.0
0.0
0.0
0.0
0.0
0.0
0.0
0.0
0.0
0.0
0.0
0.0
0.0
0.0
0.0
0.0
0.0
0.0
0.0
0.0
0.0
0.0
0.0
0.0
0.0
0.0
0.0
0.0
0.0
0.0
0.0
0.0
0.0
0.0
0.0
0.0
0.0
0.0
0.0
0.0
0.0
0.0
0.0
0.0
0.0
0.0
0.0
0.0
0.0
0.0
0.0
0.0
0.0
0.0
0.0
0.0
0.0
0.0
0.0
0.0
0.0
0.0
0.0
0.0
0.0
0.0
2.4377902713993376e-35
2.1880159369487934e-34
1.3088388288017446e-33
5.217991993076299e-33
1.3864435584488073e-32
2.4551754255593697e-32
2.897639884460223e-32
2.279228366705205e-32
1.1948484378646065e-32
4.17464304697706e-33
9.720921188724593e-34
1.5086102198481387e-34
1.560372245759857e-35
1.0756251212295983e-36
4.941686660861431e-38
1.5131118084168345e-39
3.0877944679078096e-41
1.840492933770334e-42
1.9099152611313742e-44
1.3209171891430392e-46
6.088616673467067e-49
1.8704375895525443e-51
3.829564239903056e-54
5.225610607097073e-57
4.752326586257672e-60
2.8804282403231697e-63
1.1635616270246483e-66
3.1325879176097145e-70
0.0
0.0
0.0
0.0
0.0
0.0
0.0
0.0
0.0
0.0
0.0
0.0
0.0
0.0
0.0
0.0
0.0
0.0
0.0
0.0
0.0
0.0
0.0
0.0
0.0
0.0
0.0
0.0
0.0
0.0
0.0
0.0
0.0
0.0
0.0
0.0
0.0
0.0
0.0
0.0
0.0
0.0
0.0
0.0
0.0
0.0
0.0
0.0
0.0
0.0
0.0
0.0
0.0
0.0
0.0
0.0
0.0
0.0
0.0
0.0
0.0
0.0
0.0
0.0
0.0
0.0
0.0
0.0
0.0
0.0
0.0
0.0
0.0
0.0
0.0
0.0
0.0
0.0
0.0
0.0
0.0
0.0
0.0
0.0
0.0
0.0
0.0
0.0
0.0
0.0
0.0
0.0
0.0
0.0
0.0
0.0
0.0
0.0
0.0
0.0
0.0
0.0
0.0
0.0
0.0
0.0
0.0
0.0
0.0
0.0
0.0
0.0
0.0
0.0
0.0
0.0
0.0
0.0
0.0
0.0
0.0
0.0
0.0
0.0
0.0
0.0
0.0
0.0
0.0
0.0
0.0
0.0
0.0
0.0
0.0
0.0
0.0
0.0
0.0
0.0
0.0
0.0
0.0
0.0
0.0
0.0
0.0
0.0
0.0
0.0
0.0
0.0
0.0
0.0
0.0
0.0
0.0
0.0
0.0
0.0
0.0
0.0
0.0
0.0
0.0
0.0
0.0
0.0
0.0
0.0
0.0
0.0
0.0
0.0
0.0
0.0
0.0
0.0
0.0
0.0
0.0
0.0
0.0
0.0
0.0
0.0
0.0
0.0
0.0
0.0
0.0
0.0
0.0
0.0
0.0
0.0
0.0
0.0
0.0
0.0
0.0
0.0
0.0
0.0
0.0
0.0
0.0
0.0
0.0
0.0
0.0
0.0
0.0
0.0
0.0
0.0
0.0
0.0
0.0
0.0
0.0
0.0
0.0
0.0
0.0
0.0
0.0
0.0
0.0
0.0
0.0
0.0
0.0
0.0
0.0
0.0
0.0
0.0
0.0
0.0
0.0
0.0
0.0
0.0
0.0
0.0
0.0
0.0
0.0
0.0
0.0
0.0
0.0
0.0
0.0
0.0
0.0
0.0
0.0
0.0
0.0
0.0
0.0
0.0
0.0
0.0
0.0
0.0
0.0
0.0
0.0
0.0
0.0
0.0
0.0
0.0
0.0
0.0
0.0
0.0
0.0
0.0
0.0
0.0
0.0
0.0
0.0
0.0
0.0
0.0
0.0
0.0
0.0
0.0
0.0
0.0
0.0
0.0
0.0
0.0
0.0
0.0
0.0
0.0
0.0
0.0
0.0
0.0
0.0
0.0
0.0
0.0
0.0
0.0
0.0
0.0
0.0
0.0
0.0
0.0
0.0
0.0
0.0
0.0
0.0
0.0
0.0
0.0
0.0
0.0
0.0
0.0
0.0
0.0
0.0
0.0
0.0
0.0
0.0
0.0
0.0
0.0
0.0
0.0
0.0
0.0
0.0
0.0
0.0
0.0
0.0
0.0
0.0
0.0
0.0
0.0
0.0
0.0
0.0
0.0
0.0
0.0002365528820123684
0.0017280882240259122
0.008413663256044292
0.02730146107827643
0.059042970800602584
0.08510049009150282
0.08174806268264424
0.05233646983462889
0.02233124467613049
0.0063504277985775865
0.0012035789499079356
0.00015202945286623535
1.2798598929314267e-05
7.180896632103665e-07
8.400214299017462e-08
2.396675251371843e-09
4.557320428236121e-11
5.775525255450918e-13
4.878147833586582e-15
2.745996479226918e-17
1.030211854039336e-19
2.575933562090757e-22
4.29263854235642e-25
4.767553023920802e-28
3.5289726401689533e-31
1.7409351701803639e-34
5.723984574963038e-38
1.2542839319085766e-41
0.0
0.0
0.0
0.0
0.0
0.0
0.0
0.0
0.0
0.0
0.0
0.0
0.0
0.0
0.0
0.0
0.0
0.0
0.0
0.0
0.0
0.0
0.0
0.0
0.0
0.0
0.0
0.0
0.0
0.0
0.0
0.0
0.0
0.0
0.0
0.0
0.0
0.0
0.0
0.0
0.0
0.0
0.0
0.0
0.0
0.0
0.0
0.0
0.0
0.0
0.0
0.0
0.0
0.0
0.0
0.0
0.0
0.0
0.0
0.0
0.0
0.0
0.0
0.0
0.0
0.0
0.0
0.0
0.0
0.0
0.0
0.0
0.0
0.0
0.0
0.0
0.0
0.0
0.0
0.0
0.0
0.0
0.0
0.0
0.0
0.0
0.0
0.0
0.0
0.0
0.0
0.0
0.0
0.0
0.0
0.0
0.0
0.0
0.0
0.0
0.0
0.0
0.0
0.0
0.0
0.0
0.0
0.0
0.0
0.0
0.0
0.0
0.0
0.0
0.0
0.0
0.0008714958224331305
0.0077761964008278865
0.04624349824612407
0.1832802581841521
0.4841302769735114
0.8522957990125098
1.0
0.7819719960286532
0.4075340955189786
0.1415527287316475
0.03276831355628411
0.0050555857825381745
0.0005198408752006282
3.562467530252629e-05
1.6270951570022014e-06
4.952865544209478e-08
1.004804733757412e-09
1.3585898156929496e-11
1.224268245652936e-13
7.352691827587851e-16
2.9430503402283374e-18
7.85110102465381e-21
1.3958700496042953e-23
1.654020775905735e-26
1.4783336690578521e-28
8.907811531621456e-32
3.5772650520040565e-35
9.574426462301607e-39
0.0
0.0
0.0
0.0
0.0
0.0
0.0
0.0
0.0
0.0
0.0
0.0
0.0
0.0
0.0
0.0
0.0
0.0
0.0
0.0
0.0
0.0
0.0
0.0
0.0
0.0
0.0
0.0
0.0
0.0
0.0
0.0
0.0
0.0
0.0
0.0
0.0
0.0
0.0
0.0
0.0
0.0
0.0
0.0
0.0
0.0
0.0
0.0
0.0
0.0
0.0
0.0
0.0
0.0
0.0
0.0
0.0
0.0
0.0
0.0
0.0
0.0
0.0
0.0
0.0
0.0
0.0
0.0
0.0
0.0
0.0
0.0
0.0
0.0
0.0
0.0
0.0
0.0
0.0
0.0
0.0
0.0
0.0
0.0
0.0
0.0
0.0
0.0
0.0
0.0
0.0
0.0
0.0
0.0
0.0
0.0
0.0
0.0
0.0
0.0
0.0
3.0795864279039685e-35
2.192426424112231e-34
1.0402535503596511e-33
3.289538198588464e-33
6.932856470613354e-33
9.738028308687282e-33
9.116148779331057e-33
5.687656036126149e-33
2.365030753530498e-33
6.55423198015654e-34
1.210565724185603e-34
1.4901722985475047e-35
1.2225486395363142e-36
6.684629723720689e-38
2.4359597775545057e-39
5.916221404916066e-41
9.576355767349587e-43
1.0330888488378107e-44
7.427738810589302e-47
3.559238757855954e-49
1.1366824856966338e-51
2.4193726280213062e-54
3.432004950450121e-57
3.2447003568457773e-60
2.4947474302423064e-62
1.1993773836317167e-65
3.8429671724317077e-69
8.20652018912387e-73
0.0
0.0
0.0
0.0
0.0
0.0
0.0
0.0
0.0
0.0
0.0
0.0
0.0
0.0
0.0
0.0
0.0
0.0
0.0
0.0
0.0
0.0
0.0
0.0
0.0
0.0
0.0
0.0
0.0
0.0
0.0
0.0
0.0
0.0
0.0
0.0
0.0
0.0
0.0
0.0
0.0
0.0
0.0
0.0
0.0
0.0
0.0
0.0
0.0
0.0
0.0
0.0
0.0
0.0
0.0
0.0
0.0
0.0
0.0
0.0
0.0
0.0
0.0
0.0
0.0
0.0
0.0
0.0
0.0
0.0
0.0
0.0
0.0
0.0
0.0
0.0
0.0
0.0
0.0
0.0
0.0
0.0
0.0
0.0
0.0
0.0
0.0
0.0
0.0
2.068397218508898e-36
1.53365336827264e-35
7.578827610818138e-35
2.4960793806278106e-34
5.478936978321712e-34
8.01522587165818e-34
7.814780318403633e-34
5.078077572851319e-34
2.199193462898316e-34
1.0047862870530956e-34
2.2127909403629212e-35
3.247795069679077e-36
3.1770086692055104e-37
2.0712366861284096e-38
8.999587584266839e-40
2.6061357523885913e-41
5.029826545939606e-43
6.469795168631425e-45
5.546379757062595e-47
3.168912306919471e-49
1.2066807606310138e-51
3.062359015158191e-54
5.179661364348508e-57
5.838861573064736e-60
4.386685904442102e-63
2.1964759244286433e-66
7.329897535392419e-70
1.630237610099996e-73
0.0
0.0
0.0
0.0
0.0
0.0
0.0
0.0
0.0
0.0
0.0
0.0
0.0
0.0
0.0
0.0
0.0
0.0
0.0
0.0
0.0
0.0
0.0
0.0
0.0
0.0
0.0
0.0
0.0
0.0
0.0
0.0
0.0
0.0
0.0
0.0
0.0
0.0
0.0
0.0
0.0
0.0
0.0
0.0
0.0
0.0
0.0
0.0
0.0
0.0
0.0
0.0
0.0
0.0
0.0
0.0
0.0
0.0
0.0
0.0
0.0
0.0
0.0
0.0
0.0
0.0
0.0
0.0
0.0
0.0
0.0
0.0
0.0
0.0
0.0
0.0
0.0
0.0
0.0
0.0
0.0
0.0
0.0
0.0
0.0
0.0
0.0
0.0
0.0
0.0
0.0
0.0
0.0
0.0
0.0
0.0
0.0
0.0
0.0
0.0
0.0
0.0
0.0
0.0
0.0
0.0
0.0
0.0
0.0
0.0
0.0
0.0
0.0
0.0
0.0
0.0
0.0
0.0
0.0
0.0
0.0
0.0
0.0
0.0
0.0
0.0
0.0
0.0
0.0
0.0
0.0
0.0
0.0
0.0
0.0
0.0
0.0
0.0
0.0
0.0
0.0
0.0
0.0
0.0
0.0
0.0
0.0
0.0
0.0
0.0
0.0
0.0
0.0
0.0
0.0
0.0
0.0
0.0
0.0
0.0
0.0
0.0
0.0
0.0
0.0
0.0
0.0
0.0
0.0
0.0
0.0
0.0
0.0
0.0
0.0
0.0
0.0
0.0
0.0
0.0
0.0
0.0
0.0
0.000533403273195382
0.0045936593984809045
0.026365951781987394
0.10085784032553839
0.196904057276924
0.38302176761677903
0.4965623589565927
0.4290478036152457
0.24706949002053322
0.09482308981400482
0.024254405540593126
0.004134744851708203
0.0004697733151323331
3.557210128987293e-05
1.795197542848314e-06
6.03804740260084e-08
1.35351271349179e-09
2.0221329636783957e-11
2.013439695025071e-13
1.3361311599259422e-15
5.909368955464461e-18
1.7418657046703407e-20
3.421919423031214e-23
4.480293213801298e-26
3.9095308472913216e-29
2.273654124562791e-32
8.812633362316296e-36
2.2765047121147647e-39
0.0
0.0
0.0
0.0
0.0
0.0
0.0
0.0
0.0
0.0
0.0
0.0
0.0
0.0
0.0
0.0
0.0
0.0
0.0
0.0
0.0
0.0
0.0
0.0
0.0
0.0
0.0
0.0
0.0
0.0
0.0
0.0
0.0
0.0
0.0
0.0
0.0
0.0
0.0
0.0
0.0
0.0
0.0
0.0
0.0
0.0
0.0
0.0
0.0
0.0
0.0
0.0
0.0
0.0
0.0
0.0
0.0
0.0
0.0
0.0
0.0
0.0
0.0
0.0
0.0
0.0
0.0
0.0
0.0
0.0
4.177813988681308e-35
2.766793392274241e-34
1.2211975043455779e-33
3.5923333865419984e-33
7.042857628851782e-33
9.202434439027526e-33
8.013792684630589e-33
4.651092988267448e-33
1.7990924862527544e-33
7.6234811037437546e-34
1.499527296783751e-34
1.9657893225545152e-35
1.7175172828351838e-36
1.0001077857263903e-37
3.8812717274135845e-39
1.0038823933358988e-40
1.7305062583900658e-42
1.9881312847672938e-44
1.5222938490031078e-46
7.768433886351574e-49
2.6421045783691205e-51
5.988914065180695e-54
9.047481577072175e-57
9.109381310729712e-60
6.112679198313162e-63
2.7337316104396243e-66
8.148200244124302e-70
1.618635496934984e-73
0.0
0.0
0.0
0.0
0.0
0.0
0.0
0.0
0.0
0.0
0.0
0.0
0.0
0.0
0.0
0.0
0.0
0.0
0.0
0.0
0.0
0.0
0.0
0.0
0.0
0.0
0.0
0.0
0.0
0.0
0.0
0.0
0.0
0.0
0.0
0.0
0.0
0.0
0.0
0.0
0.0
0.0
0.0
0.0
0.0
0.0
0.0
0.0
0.0
0.0
0.0
0.0
0.0
0.0
0.0
0.0
0.0
0.0
0.0
0.0
0.0
0.0
0.0
0.0
0.0
1.05357236874824e-68
7.391034340094978e-68
3.455633027760358e-67
1.0767913557629746e-66
2.2362330046339388e-66
3.0951670515307715e-66
2.855174672595895e-66
1.755346345807156e-66
7.192411135344901e-67
1.9641187346686053e-67
3.5747240302738236e-68
4.3360956083297324e-69
3.505393100774069e-70
1.888670312160117e-71
6.781989734918095e-73
1.6230789698652124e-74
2.588831125030218e-76
2.7520057713287817e-78
1.949739128560606e-80
5.740664227534093e-82
2.0681969488430953e-84
4.965959675893767e-87
7.946868607986521e-90
8.475599458271089e-93
6.024574298764897e-96
2.8540649564621157e-99
9.011205413542861e-103
1.8961970843597073e-106
0.0
0.0
0.0
0.0
0.0
0.0
0.0
0.0
0.0
0.0
0.0
0.0
0.0
0.0
0.0
0.0
0.0
0.0
0.0
0.0
0.0
0.0
0.0
0.0
0.0
0.0
0.0
0.0
0.0
0.0
0.0
0.0
0.0
0.0
0.0
0.0
0.0
0.0
0.0
0.0
0.0
0.0
0.0
0.0
0.0
0.0
0.0
0.0
0.0
0.0
0.0
0.0
0.0
0.0
0.0
0.0
0.0
0.0
0.0
0.0
0.0
2.1585902629489267e-05
0.00017076965087773949
0.0009003942555878812
0.003163998644863437
0.007410054637614665
0.011566130279732967
0.012031957733619451
0.009859827182644264
0.005215790044451986
0.001838876011411783
0.000432082166479
6.766464139790603e-05
7.06217988268529e-06
4.912440627409364e-07
2.277389959996651e-08
7.036537996393136e-10
1.4489794319519617e-11
1.9885977906985435e-13
1.8189184684011196e-15
1.108820025510129e-17
4.5049547925127375e-20
1.21983576282009e-22
2.201374008603753e-25
2.647694391278747e-28
2.1223813689339597e-31
1.133862890888188e-34
4.0371901728095436e-38
9.580306887923037e-42
0.0
0.0
0.0
0.0
0.0
0.0
0.0
0.0
0.0
0.0
0.0
0.0
0.0
0.0
0.0
0.0
0.0
0.0
0.0
0.0
0.0
0.0
0.0
0.0
0.0
0.0
0.0
0.0
0.0
0.0
0.0
0.0
0.0
0.0
0.0
0.0
0.0
0.0
0.0
0.0
0.0
0.0
0.0
0.0
0.0
0.0
0.0
0.0
0.0
0.0
0.0
0.0
0.0
0.0
0.0
0.0
0.0
0.0
0.0
0.0004536682860230443
0.003129150336972291
0.0143845402339058
0.04407040989825962
0.08998699361674922
0.1224599121780926
0.11106818955789022
0.06713778209148116
0.02704741942495176
0.007262166962177238
0.0012995355703671278
0.00015498571152180868
1.2319035301304138e-05
6.525943150831865e-07
2.304047461154623e-08
5.421520493433481e-10
8.50221992950802e-12
8.886384775982944e-14
6.190125320125952e-16
2.8737919048853618e-18
8.89186255257408e-21
1.8336300298323154e-23
2.5200678456715877e-26
2.48645215393011e-28
1.7377336345586262e-31
8.094086770908731e-35
2.5126618896331027e-38
5.198544881451286e-42
0.0
0.0
0.0
0.0
0.0
0.0
0.0
0.0
0.0
0.0
0.0
0.0
0.0
0.0
0.0
0.0
0.0
0.0
0.0
0.0
0.0
0.0
0.0
0.0
0.0
0.0
0.0
0.0
0.0
0.0
0.0
0.0
0.0
0.0
0.0
0.0
0.0
0.0
0.0
0.0
0.0
0.0
0.0
0.0
0.0
0.0
0.0
0.0
0.0
0.0
0.0
0.0
0.0
0.0
0.0
0.0
5.700679654464569e-35
3.62134240397213e-34
1.5331833399035118e-33
4.3261357293812796e-33
8.135565365043555e-33
1.0196635262772739e-32
8.517410502221152e-33
4.741762756074848e-33
1.7593555352704313e-33
4.350597945564656e-34
7.170110311993451e-35
7.875611281622322e-36
5.765331127156488e-37
2.8128449084319435e-38
9.146372123397433e-40
1.9821362068569947e-41
1.2297706013631065e-42
1.3552247200900843e-44
9.953597414675528e-47
4.872259103573701e-49
1.5895062080972366e-51
3.456015084560992e-54
5.008072167077372e-57
4.836676891155919e-60
3.113186376514868e-63
1.3355025295880754e-66
3.818263156107192e-70
7.275595520293226e-74
0.0
0.0
0.0
0.0
0.0
0.0
0.0
0.0
0.0
0.0
0.0
0.0
0.0
0.0
0.0
0.0
0.0
0.0
0.0
0.0
0.0
0.0
0.0
0.0
0.0
0.0
0.0
0.0
0.0
0.0
0.0
0.0
0.0
0.0
0.0
0.0
0.0
0.0
0.0
0.0
0.0
0.0
0.0
0.0
0.0
0.0
0.0
0.0
0.0
0.0
0.0
0.0
0.0
3.1512992609649263e-37
2.5764181665721237e-36
1.403862605911218e-35
5.098171109765457e-35
1.2339164591400595e-34
1.990392172967245e-34
2.1397995964349297e-34
1.533165703172423e-34
7.321273617400339e-35
2.3300526187947416e-35
4.942268861422079e-36
6.986643033391214e-37
1.5133203516672703e-37
1.087866592188598e-38
5.211970579438974e-40
1.6642164836091092e-41
3.541597734633353e-43
5.023081113583514e-45
4.748131076787214e-47
2.991277856575195e-49
1.2559500302413936e-51
3.5145482792143583e-54
6.554630501778468e-57
8.147201617611405e-60
6.74916835085869e-63
3.726263881349876e-66
1.3711295817112478e-69
3.3625205151969066e-73
0.0
0.0
0.0
0.0
0.0
0.0
0.0
0.0
0.0
0.0
0.0
0.0
0.0
0.0
0.0
0.0
0.0
0.0
0.0
0.0
0.0
0.0
0.0
0.0
0.0
0.0
0.0
0.0
0.0
0.0
0.0
0.0
0.0
0.0
0.0
0.0
0.0
0.0
0.0
0.0
0.0
0.0
0.0
0.0
0.0
0.0
0.0
0.0
0.0
0.0
0.0
0.0
0.0
0.0
0.0
0.0
0.0
0.0
0.0
0.0
0.0
0.0
0.0
0.0
0.0
0.0
0.0
0.0
0.0
0.0
0.0
0.0
0.0
0.0
0.0
0.0
0.0
0.0
0.0
0.0
0.0
0.0
0.0
0.0
0.0
0.0
0.0
0.0
0.0
0.0
0.0
0.0
0.0
0.0
0.0
0.0
0.0
0.0
0.0
0.0
0.0
0.0
0.0
0.0
0.0
0.0
0.0
0.0
0.0
0.0
0.0
0.0
0.0
0.0
0.0
0.0
0.0
0.0
0.0
0.0
0.0
0.0
0.0
0.0
0.0
0.0
0.0
0.0
0.0
0.0
8.611190241557695e-05
0.0006648170623454614
0.003420760574783445
0.011730722129796393
0.026810713093579155
0.040838852531297876
0.041459135784966565
0.02805101026833497
0.017255791134199477
0.005936981803909211
0.0013613760579473445
0.00020805207300856823
2.1190808873768464e-05
1.4384824566358867e-06
6.507934198464642e-08
1.962290425248436e-09
3.943346723198631e-11
5.281389437985419e-13
4.714253897298321e-15
2.8045248541809697e-17
1.111954881454936e-19
2.9383030537677755e-22
5.174728340626655e-25
6.0737942007316945e-28
4.751318434262133e-31
2.4771354323740153e-34
8.607299463383056e-38
1.9932676712481517e-41
0.0
0.0
0.0
0.0
0.0
0.0
0.0
0.0
0.0
0.0
0.0
0.0
0.0
0.0
0.0
0.0
0.0
0.0
0.0
0.0
0.0
0.0
0.0
0.0
0.0
0.0
0.0
0.0
0.0
0.0
0.0
0.0
0.0
0.0
0.0
0.0
0.0
0.0
0.0
0.0
0.0
0.0
0.0
0.0
0.0
0.0
0.0
0.0
0.0
2.0945329164270953e-35
1.4338656845578622e-34
6.542011464947019e-34
1.989278911631786e-33
4.031453034038235e-33
5.4451403570980155e-33
4.901602639949788e-33
2.9406861206375918e-33
1.6696415566673917e-33
5.093735578117168e-34
1.0356931301259895e-34
1.4034836019468522e-35
1.2675501127193446e-36
7.629647647942879e-38
3.0607324902102057e-39
8.183287581866916e-41
1.458182231436763e-42
1.7317186662858032e-44
1.37064322215304e-46
7.230245695794374e-49
2.5419279504171116e-51
5.956003793514157e-54
9.300969988235716e-57
9.680171877457695e-60
6.714589117539276e-63
3.10411186728058e-66
9.563939809843768e-70
1.963893137290522e-73
0.0
0.0
0.0
0.0
0.0
0.0
0.0
0.0
0.0
0.0
0.0
0.0
0.0
0.0
0.0
0.0
0.0
0.0
0.0
0.0
0.0
0.0
0.0
0.0
0.0
0.0
0.0
0.0
0.0
0.0
0.0
0.0
0.0
0.0
0.0
0.0
0.0
0.0
0.0
0.0
0.0
0.0
0.0
0.0
0.0
0.0
0.0
3.550345573340337e-37
2.9527251494501794e-36
1.63665434272513e-35
6.046060093884495e-35
1.4885708149600144e-34
2.4425760170731185e-34
2.671211190346749e-34
1.9469280870389573e-34
9.457430177501553e-35
3.061807799832391e-35
1.1522551010824443e-35
1.8969505123570478e-36
2.0813490114153926e-37
1.52200251183663e-38
7.417667729930359e-40
2.4093557504030164e-41
5.2157411834095745e-43
7.52510706744198e-45
7.235872112783744e-47
4.637144504339947e-49
1.9805778837753793e-51
5.637866251510124e-54
1.069594498838053e-56
1.3523998084409772e-59
1.1396528706061689e-62
6.40061382340559e-66
2.395809097395569e-69
5.976739709094307e-73
0.0
0.0
0.0
0.0
0.0
0.0
0.0
0.0
0.0
0.0
0.0
0.0
0.0
0.0
0.0
0.0
0.0
0.0
0.0
0.0
0.0
0.0
0.0
0.0
0.0
0.0
0.0
0.0
0.0
0.0
0.0
0.0
0.0
0.0
0.0
0.0
0.0
0.0
0.0
0.0
0.0
0.0
0.0
0.0
0.0
0.0
0.0
1.9371468319224056e-05
0.00012740458952082554
0.0005584562470843948
0.001631453808843487
0.0031764495282184143
0.004121835773193693
0.0035646833482425376
0.0020546259968293704
0.0007892710047169773
0.00020206963935243846
3.447922792806414e-05
3.920988301776796e-06
2.9717694170337826e-07
4.248109252535238e-08
1.6372606348915602e-09
4.2055375110688334e-11
7.199573174081867e-13
8.214356315302072e-15
6.246286106060188e-17
3.1655687975892713e-19
1.0692104344002392e-21
2.4068895891831085e-24
3.611026675313759e-27
3.6106614825860674e-30
2.4061594175877203e-33
1.0686698832632766e-36
3.1633284806086856e-40
6.240603073566605e-44
0.0
0.0
0.0
0.0
0.0
0.0
0.0
0.0
0.0
0.0
0.0
0.0
0.0
0.0
0.0
0.0
0.0
0.0
0.0
0.0
0.0
0.0
0.0
0.0
0.0
0.0
0.0
0.0
0.0
0.0
0.0
0.0
0.0
0.0
0.0
0.0
0.0
0.0
0.0
0.0
0.0
0.0
0.0
0.0
0.0
0.00014508764367310656
0.001174404258796545
0.006335579656688742
0.022779104239596372
0.05458439191561154
0.08717297331277586
0.09278479021530958
0.0658193015264294
0.031117972778260193
0.009805073917437571
0.0020590741939853735
0.0002881871867889891
2.6881833547272864e-05
1.6711854884643963e-06
6.924237764623579e-08
1.9120570091499704e-09
3.518935039336091e-11
1.9578784144868422e-12
1.832308985942516e-14
1.1428605790829012e-16
4.750828381277459e-19
1.316215436744671e-21
2.4303351370392964e-24
2.9907967490271394e-27
2.452952746985655e-30
1.3408278209771779e-33
4.884705568678245e-37
1.186001717806228e-40
0.0
0.0
0.0
0.0
0.0
0.0
0.0
0.0
0.0
0.0
0.0
0.0
0.0
0.0
0.0
0.0
0.0
0.0
0.0
0.0
0.0
0.0
0.0
0.0
0.0
0.0
0.0
0.0
0.0
0.0
0.0
0.0
0.0
0.0
0.0
0.0
0.0
0.0
0.0
0.0
0.0
0.0
0.0
0.0
0.0
1.7327784039839922e-36
1.2600160699682404e-35
6.106476494008203e-35
1.972362984567251e-34
4.24584900715781e-34
6.091493648678323e-34
5.824579724890338e-34
3.7118202837805488e-34
1.5764886031692217e-34
4.462479956162476e-35
8.418665802426927e-36
1.0585023070495658e-36
8.869964801788603e-38
4.953743690216827e-39
1.843854790900536e-40
4.57405569257431e-42
7.562366629044932e-44
8.332888235779352e-46
6.119485831362608e-48
2.99513125018075e-50
9.770084760878429e-53
1.715223981940095e-54
2.8451547544217863e-57
3.1453754676219765e-60
2.317504813826991e-63
1.1380211746066477e-66
3.724445202848879e-70
8.123709470270134e-74
0.0
0.0
0.0
0.0
0.0
0.0
0.0
0.0
0.0
0.0
0.0
0.0
0.0
0.0
0.0
0.0
0.0
0.0
0.0
0.0
0.0
0.0
0.0
0.0
0.0
0.0
0.0
0.0
0.0
0.0
0.0
0.0
0.0
0.0
0.0
0.0
0.0
0.0
0.0
0.0
0.0
0.0
0.0
0.0
1.1545682743630994e-37
8.681981657275328e-37
4.351105929168309e-36
1.4533224997452964e-35
3.2352354005446767e-35
4.7998904251839674e-35
4.746115560719527e-35
3.127712615967572e-35
1.3737158953808227e-35
4.0211340706398475e-36
7.844797389855776e-37
1.0199912768677964e-37
8.838788297929145e-39
5.1047038866266415e-40
1.9648523716683717e-41
5.0404677965009465e-43
8.617738499941113e-45
9.819679807997417e-47
7.457321906086322e-49
3.7744180652034895e-51
1.2732059575640232e-53
2.86239042330383e-56
4.2888477207008245e-59
4.282860520439648e-62
2.8504195214492054e-65
1.2643438037968644e-68
5.8695343048288306e-71
1.3239226931530467e-74
0.0
0.0
0.0
0.0
0.0
0.0
0.0
0.0
0.0
0.0
0.0
0.0
0.0
0.0
0.0
0.0
0.0
0.0
0.0
0.0
0.0
0.0
0.0
0.0
0.0
0.0
0.0
0.0
0.0
0.0
0.0
0.0
0.0
0.0
0.0
0.0
0.0
0.0
0.0
0.0
0.0
0.0
0.0
0.0
0.0
0.0
0.0
0.0
0.0
0.0
0.0
0.0
0.0
0.0
0.0
0.0
0.0
0.0
0.0
0.0
0.0
0.0
0.0
0.0
0.0
0.0
0.0
0.0
0.0
0.0
0.0
0.0
0.0
0.0
0.0
0.0
0.0
0.0
0.0
0.0
0.0
0.0
0.0
0.0
0.0
0.0
0.0
0.0
0.0
0.0
0.0
0.0
0.0
0.0
0.0
0.0
0.0
0.0
0.0
0.0
0.0
0.0
0.0
0.0
0.0
0.0
0.0
0.0
0.0
0.0
0.0
0.0
0.0
0.0
0.0
0.0
0.0
0.0
0.0
0.0
0.0
0.0
0.0
0.0
0.0
0.0
0.0
0.0
0.0
0.0
0.0
0.0
0.0
0.0
0.0
0.0
0.0
0.0
0.0
0.0
0.0
0.0
0.0
0.0
0.0
0.0
0.0
0.0
0.0
0.0
0.0
0.0
0.0
0.0
0.0
0.0
0.0
0.0
0.0
0.0
0.0
0.0
0.0
0.0
0.0
0.0
0.0
0.0
0.0
0.0
0.0
0.0
0.0
0.0
0.0
0.0
0.0
0.0
0.0
0.0
0.0
0.0
0.0
0.0
0.0
0.0
0.0
0.0
0.0
0.0
0.0
0.0
0.0
0.0
0.0
0.0
0.0
0.0
0.0
0.0
0.0
0.0
0.0
0.0
0.0
0.0
0.0
0.0
0.0
0.0
0.0
0.0
0.0
0.0
0.0
0.0
0.0
0.0
0.0
0.0
0.0
0.0
0.0
0.0
0.0
0.0
0.0
0.0
0.0
0.0
0.0
0.0
0.0
0.0
0.0
0.0
0.0
0.0
0.0
0.0
0.0
0.0
0.0
0.0
0.0
0.0
0.0
0.0
0.0
0.0
0.0
0.0
0.0
0.0
0.0
0.0
0.0
0.0
0.0
0.0
0.0
0.0
0.0
0.0
0.0
0.0
0.0
0.0
0.0
0.0
0.0
0.0
0.0
0.0
0.0
0.0
0.0
0.0
0.0
0.0
0.0
0.0
0.0
0.0
0.0
0.0
0.0
0.0
0.0
0.0
0.0
0.0
0.0
0.0
0.0
0.0
0.0
0.0
0.0
0.0
0.0
0.0
0.0
0.0
0.0
0.0
0.0
0.0
0.0
0.0
0.0
0.0
0.0
0.0
0.0
0.0
0.0
0.0
0.0
0.0
0.0
0.0
0.0
0.0
0.0
0.0
0.0
0.0
0.0
0.0
0.0
0.0
0.0
0.0
0.0
0.0
0.0
0.0
0.0
0.0
0.0
0.0
0.0
0.0
0.0
0.0
0.0
0.0
0.0
0.0
0.0
0.0
0.0
0.0
0.0
0.0
0.0
0.0
0.0
0.0
0.0
0.0
0.0
0.0
0.0
0.0
0.0
0.0
0.0
0.0
