a = 5.721360049575313 b = 5.721360049575313 c = 5.721360049575313 ,Gaussian ,LMH = 0.08 ,DW = [1.4 1.4]
0.0
0.0
0.0
0.0
0.0
0.0
0.0
0.0
0.0
0.0
0.0
0.0
0.0
0.0
0.0
0.0
0.0
0.0
0.0
0.0
0.0
0.0
0.0
0.0
0.0
0.0
0.0
0.0
0.0
0.0
0.0
0.0
0.0
0.0
0.0
0.0
0.0
0.0
0.0
0.0
0.0
0.0
0.0
0.0
0.0
0.0
0.0
0.0
0.0
0.0
0.0
0.0
0.0
0.0
0.0
0.0
0.0
0.0
0.0
0.0
0.0
0.0
0.0
0.0
0.0
0.0
0.0
0.0
0.0
0.0
0.0
0.0
0.0
0.0
0.0
0.0
0.0
0.0
0.0
0.0
0.0
0.0
0.0
0.0
0.0
0.0
0.0
0.0
0.0
0.0
0.0
0.0
0.0
0.0
0.0
0.0
0.0
0.0
0.0
0.0
0.0
0.0
0.0
0.0
0.0
0.0
0.0
0.0
0.0
0.0
0.0
0.0
0.0
0.0
0.0
0.0
0.0
0.0
0.0
0.0
0.0
0.0
0.0
0.0
0.0
0.0
0.0
0.0
0.0
0.0
0.0
0.0
0.0
0.0
0.0
0.0
0.0
0.0
0.0
0.0
0.0
0.0
0.0
0.0
0.0
0.0
0.0
0.0
0.0
0.0
0.0
0.0
0.0
0.0
0.0
0.0
0.0
0.0
0.0
0.0
0.0
0.0
0.0
0.0
0.0
0.0
0.0
0.0
0.0
0.0
0.0
0.0
0.0
0.0
0.0
0.0
0.0
0.0
0.0
0.0
0.0
0.0
0.0
0.0
0.0
0.0
0.0
0.0
0.0
0.0
0.0
0.0
0.0
0.0
0.0
0.0
0.0
0.0
0.0
0.0
0.0
0.0
0.0
0.0
0.0
0.0
0.0
0.0
0.0
0.0
0.0
0.0
0.0
0.0
0.0
0.0
0.0
0.0
0.0
0.0
0.0
0.0
0.0
0.0
0.0
0.0
0.0
0.0
0.0
0.0
0.0
0.0
0.0
0.0
0.0
0.0
0.0
0.0
0.0
0.0
0.0
0.0
0.0
0.0
0.0
0.0
0.0
0.0
0.0
0.0
0.0
0.0
0.0
0.0
0.0
0.0
0.0
0.0
0.0
0.0
0.0
0.0
0.0
0.0
0.0
0.0
0.0
0.0
0.0
0.0
0.0
0.0
0.0
0.0
0.0
0.0
0.0
0.0
0.0
0.0
0.0
0.0
0.0
0.0
0.0
0.0
0.0
0.0
0.0
0.0
0.0
0.0
0.0
0.0
0.0
0.0
0.0
0.0
0.0
0.0
0.0
0.0
0.0
0.0
0.0
0.0
0.0
0.0
0.0
0.0
0.0
0.0
0.0
0.0
0.0
0.0
0.0
0.0
0.0
0.0
0.0
0.0
0.0
0.0
0.0
0.0
0.0
0.0
0.0
0.0
0.0
0.0
0.0
0.0
0.0
0.0
0.0
0.0
0.0
0.0
0.0
0.0
0.0
0.0
0.0
0.0
0.0
0.0
0.0
0.0
0.0
0.0
0.0
0.0
0.0
0.0
0.0
0.0
0.0
0.0
0.0
0.0
0.0
0.0
0.0
0.0
0.0
0.0
0.0
0.0
0.0
0.0
0.0
0.0
0.0
0.0
0.0
0.0
0.0
0.0
0.0
0.0
2.8322839379166106e-35
2.542090050498228e-34
1.5206407358451228e-33
6.062389814068852e-33
1.6108037953439073e-32
2.852482432210133e-32
3.3665483856050896e-32
2.648062866440734e-32
1.388203931450638e-32
4.850201671246034e-33
1.129400230511782e-33
1.7527399893182997e-34
1.8128783680393e-35
1.2496873869011972e-36
5.741371569154915e-38
1.757970044236399e-39
3.587474598470265e-41
2.1383293859707187e-42
2.2189859317877623e-44
1.5346736682070117e-46
7.073902710462972e-49
2.173119814250553e-51
4.449280733108847e-54
6.07124130485269e-57
5.521368435958778e-60
3.346551479469875e-63
1.3518541548311003e-66
3.639516716122067e-70
0.0
0.0
0.0
0.0
0.0
0.0
0.0
0.0
0.0
0.0
0.0
0.0
0.0
0.0
0.0
0.0
0.0
0.0
0.0
0.0
0.0
0.0
0.0
0.0
0.0
0.0
0.0
0.0
0.0
0.0
0.0
0.0
0.0
0.0
0.0
0.0
0.0
0.0
0.0
0.0
0.0
0.0
0.0
0.0
0.0
0.0
0.0
0.0
0.0
0.0
0.0
0.0
0.0
0.0
0.0
0.0
0.0
0.0
0.0
0.0
0.0
0.0
0.0
0.0
0.0
0.0
0.0
0.0
0.0
0.0
0.0
0.0
0.0
0.0
0.0
0.0
0.0
0.0
0.0
0.0
0.0
0.0
0.0
0.0
0.0
0.0
0.0
0.0
0.0
0.0
0.0
0.0
0.0
0.0
0.0
0.0
0.0
0.0
0.0
0.0
0.0
0.0
0.0
0.0
0.0
0.0
0.0
0.0
0.0
0.0
0.0
0.0
0.0
0.0
0.0
0.0
0.0
0.0
0.0
0.0
0.0
0.0
0.0
0.0
0.0
0.0
0.0
0.0
0.0
0.0
0.0
0.0
0.0
0.0
0.0
0.0
0.0
0.0
0.0
0.0
0.0
0.0
0.0
0.0
0.0
0.0
0.0
0.0
0.0
0.0
0.0
0.0
0.0
0.0
0.0
0.0
0.0
0.0
0.0
0.0
0.0
0.0
0.0
0.0
0.0
0.0
0.0
0.0
0.0
0.0
0.0
0.0
0.0
0.0
0.0
0.0
0.0
0.0
0.0
0.0
0.0
0.0
0.0
0.0
0.0
0.0
0.0
0.0
0.0
0.0
0.0
0.0
0.0
0.0
0.0
0.0
0.0
0.0
0.0
0.0
0.0
0.0
0.0
0.0
0.0
0.0
0.0
0.0
0.0
0.0
0.0
0.0
0.0
0.0
0.0
0.0
0.0
0.0
0.0
0.0
0.0
0.0
0.0
0.0
0.0
0.0
0.0
0.0
0.0
0.0
0.0
0.0
0.0
0.0
0.0
0.0
0.0
0.0
0.0
0.0
0.0
0.0
0.0
0.0
0.0
0.0
0.0
0.0
0.0
0.0
0.0
0.0
0.0
0.0
0.0
0.0
0.0
0.0
0.0
0.0
0.0
0.0
0.0
0.0
0.0
0.0
0.0
0.0
0.0
0.0
0.0
0.0
0.0
0.0
0.0
0.0
0.0
0.0
0.0
0.0
0.0
0.0
0.0
0.0
0.0
0.0
0.0
0.0
0.0
0.0
0.0
0.0
0.0
0.0
0.0
0.0
0.0
0.0
0.0
0.0
0.0
0.0
0.0
0.0
0.0
0.0
0.0
0.0
0.0
0.0
0.0
0.0
0.0
0.0
0.0
0.0
0.0
0.0
0.0
0.0
0.0
0.0
0.0
0.0
0.0
0.0
0.0
0.0
0.0
0.0
0.0
0.0
0.0
0.0
0.0
0.0
0.0
0.0
0.0
0.0
0.0
0.0
0.0
0.0
0.0
0.0
0.0
0.0
0.0
0.0
0.0
0.0
0.0
0.0
0.0
0.0
0.0
0.0
0.0
0.0
0.0
0.0002481844651164102
0.0018130603521094013
0.008827372962472579
0.028643905992463237
0.061946183036845036
0.08928498116289992
0.08576771096001287
0.054909915539770766
0.023429298210957104
0.006662685793732812
0.0012627603408046973
0.0001595049196634785
1.3427921074093024e-05
7.533989755414167e-07
8.813262704429294e-08
2.514522589026661e-09
4.781409227500906e-11
6.0595146171817e-13
5.118012093271219e-15
2.8810203520278596e-17
1.080868581165582e-19
2.7025952414711105e-22
4.503712622351865e-25
5.001979206890584e-28
3.702496370621195e-31
1.8265389976984889e-34
6.00543962088573e-38
1.3159585463370584e-41
0.0
0.0
0.0
0.0
0.0
0.0
0.0
0.0
0.0
0.0
0.0
0.0
0.0
0.0
0.0
0.0
0.0
0.0
0.0
0.0
0.0
0.0
0.0
0.0
0.0
0.0
0.0
0.0
0.0
0.0
0.0
0.0
0.0
0.0
0.0
0.0
0.0
0.0
0.0
0.0
0.0
0.0
0.0
0.0
0.0
0.0
0.0
0.0
0.0
0.0
0.0
0.0
0.0
0.0
0.0
0.0
0.0
0.0
0.0
0.0
0.0
0.0
0.0
0.0
0.0
0.0
0.0
0.0
0.0
0.0
0.0
0.0
0.0
0.0
0.0
0.0
0.0
0.0
0.0
0.0
0.0
0.0
0.0
0.0
0.0
0.0
0.0
0.0
0.0
0.0
0.0
0.0
0.0
0.0
0.0
0.0
0.0
0.0
0.0
0.0
0.0
0.0
0.0
0.0
0.0
0.0
0.0
0.0
0.0
0.0
0.0
0.0
0.0
0.0
0.0
0.0
0.0008714958224331303
0.0077761964008278865
0.04624349824612407
0.18328025818415206
0.48413027697351135
0.8522957990125097
1.0
0.7819719960286531
0.4075340955189785
0.1415527287316475
0.0327683135562841
0.0050555857825381745
0.0005198408752006282
3.562467530252629e-05
1.6270951570022012e-06
4.952865544209477e-08
1.0048047337574117e-09
1.3585898156929495e-11
1.224268245652936e-13
7.352691827587851e-16
2.9430503402283374e-18
7.851101024653809e-21
1.395870049604295e-23
1.6540207759057347e-26
1.4783336690578521e-28
8.907811531621454e-32
3.5772650520040565e-35
9.574426462301606e-39
0.0
0.0
0.0
0.0
0.0
0.0
0.0
0.0
0.0
0.0
0.0
0.0
0.0
0.0
0.0
0.0
0.0
0.0
0.0
0.0
0.0
0.0
0.0
0.0
0.0
0.0
0.0
0.0
0.0
0.0
0.0
0.0
0.0
0.0
0.0
0.0
0.0
0.0
0.0
0.0
0.0
0.0
0.0
0.0
0.0
0.0
0.0
0.0
0.0
0.0
0.0
0.0
0.0
0.0
0.0
0.0
0.0
0.0
0.0
0.0
0.0
0.0
0.0
0.0
0.0
0.0
0.0
0.0
0.0
0.0
0.0
0.0
0.0
0.0
0.0
0.0
0.0
0.0
0.0
0.0
0.0
0.0
0.0
0.0
0.0
0.0
0.0
0.0
0.0
0.0
0.0
0.0
0.0
0.0
0.0
0.0
0.0
0.0
0.0
0.0
0.0
2.941122949589466e-35
2.0938511784621763e-34
9.934819697322345e-34
3.1416349292085575e-33
6.621143374050029e-33
9.300189883589513e-33
8.706271122584204e-33
5.4319292829872484e-33
2.2586949217163906e-33
6.259542488921736e-34
1.1561366166339313e-34
1.423171600702099e-35
1.167580759594696e-36
6.384077326683126e-38
2.3264348553837103e-39
5.650217961472867e-41
9.145786416507608e-43
9.866394054573991e-45
7.093774956739672e-47
3.399209289580906e-49
1.0855752950418633e-51
2.310593492492145e-54
3.277696131991224e-57
3.098813073596851e-60
2.3825793145571667e-62
1.1454513230267455e-65
3.6701807888699674e-69
7.83754099115485e-73
0.0
0.0
0.0
0.0
0.0
0.0
0.0
0.0
0.0
0.0
0.0
0.0
0.0
0.0
0.0
0.0
0.0
0.0
0.0
0.0
0.0
0.0
0.0
0.0
0.0
0.0
0.0
0.0
0.0
0.0
0.0
0.0
0.0
0.0
0.0
0.0
0.0
0.0
0.0
0.0
0.0
0.0
0.0
0.0
0.0
0.0
0.0
0.0
0.0
0.0
0.0
0.0
0.0
0.0
0.0
0.0
0.0
0.0
0.0
0.0
0.0
0.0
0.0
0.0
0.0
0.0
0.0
0.0
0.0
0.0
0.0
0.0
0.0
0.0
0.0
0.0
0.0
0.0
0.0
0.0
0.0
0.0
0.0
0.0
0.0
0.0
0.0
0.0
0.0
1.890351839366925e-36
1.4016381571792337e-35
6.926450386876341e-35
2.281219586911438e-34
5.007316052287252e-34
7.325283960859871e-34
7.142092542452913e-34
4.640962187721161e-34
2.009889285536024e-34
9.182953781337775e-35
2.0223163069543258e-35
2.9682284084101623e-36
2.9035352241707076e-37
1.8929468887072232e-38
8.22491288966572e-40
2.381802426092599e-41
4.5968645566386484e-43
5.912882249071272e-45
5.068953430110045e-47
2.8961357879296224e-49
1.1028109953812064e-51
2.7987544874380554e-54
4.733801757117319e-57
5.33625873003672e-60
4.00908476088797e-63
2.0074056698171826e-66
6.698947941144961e-70
1.48990853269435e-73
0.0
0.0
0.0
0.0
0.0
0.0
0.0
0.0
0.0
0.0
0.0
0.0
0.0
0.0
0.0
0.0
0.0
0.0
0.0
0.0
0.0
0.0
0.0
0.0
0.0
0.0
0.0
0.0
0.0
0.0
0.0
0.0
0.0
0.0
0.0
0.0
0.0
0.0
0.0
0.0
0.0
0.0
0.0
0.0
0.0
0.0
0.0
0.0
0.0
0.0
0.0
0.0
0.0
0.0
0.0
0.0
0.0
0.0
0.0
0.0
0.0
0.0
0.0
0.0
0.0
0.0
0.0
0.0
0.0
0.0
0.0
0.0
0.0
0.0
0.0
0.0
0.0
0.0
0.0
0.0
0.0
0.0
0.0
0.0
0.0
0.0
0.0
0.0
0.0
0.0
0.0
0.0
0.0
0.0
0.0
0.0
0.0
0.0
0.0
0.0
0.0
0.0
0.0
0.0
0.0
0.0
0.0
0.0
0.0
0.0
0.0
0.0
0.0
0.0
0.0
0.0
0.0
0.0
0.0
0.0
0.0
0.0
0.0
0.0
0.0
0.0
0.0
0.0
0.0
0.0
0.0
0.0
0.0
0.0
0.0
0.0
0.0
0.0
0.0
0.0
0.0
0.0
0.0
0.0
0.0
0.0
0.0
0.0
0.0
0.0
0.0
0.0
0.0
0.0
0.0
0.0
0.0
0.0
0.0
0.0
0.0
0.0
0.0
0.0
0.0
0.0
0.0
0.0
0.0
0.0
0.0
0.0
0.0
0.0
0.0
0.0
0.0
0.0
0.0
0.0
0.0
0.0
0.0
0.0004490985028106699
0.0038676282316780462
0.022198794168500742
0.08491718623242421
0.16578322962038125
0.3224849021831631
0.41808032152411423
0.3612364901391111
0.20801997969325145
0.07983623237301113
0.020420979326936563
0.003481245458585903
0.00039552530531446005
2.994990513539605e-05
1.5114652820048562e-06
5.083729674479561e-08
1.1395890571179809e-09
1.70253339660221e-11
1.6952141053024938e-13
1.1249546705755375e-15
4.9753889483217326e-18
1.4665625791504334e-20
2.881082600817033e-23
3.7721796538994076e-26
3.2916266893014315e-29
1.9143014573823846e-32
7.419790330731465e-36
1.9167015075246588e-39
0.0
0.0
0.0
0.0
0.0
0.0
0.0
0.0
0.0
0.0
0.0
0.0
0.0
0.0
0.0
0.0
0.0
0.0
0.0
0.0
0.0
0.0
0.0
0.0
0.0
0.0
0.0
0.0
0.0
0.0
0.0
0.0
0.0
0.0
0.0
0.0
0.0
0.0
0.0
0.0
0.0
0.0
0.0
0.0
0.0
0.0
0.0
0.0
0.0
0.0
0.0
0.0
0.0
0.0
0.0
0.0
0.0
0.0
0.0
0.0
0.0
0.0
0.0
0.0
0.0
0.0
0.0
0.0
0.0
0.0
3.3862915441420046e-35
2.242600818042532e-34
9.898312356405395e-34
2.9117352288884134e-33
5.7085282637738006e-33
7.458954853142267e-33
6.495511403330142e-33
3.769903806119327e-33
1.4582390910252295e-33
6.179147675907474e-34
1.2154290782370883e-34
1.5933537918551847e-35
1.3921190047090419e-36
8.10628847337655e-38
3.145931740059727e-39
8.136883233854549e-41
1.4026471082119096e-42
1.6114628790298753e-44
1.2338823132251804e-46
6.296637919220017e-49
2.1415353619643215e-51
4.8542632851674157e-54
7.333359130689905e-57
7.383531432577218e-60
4.95458005966277e-63
2.2158028723790473e-66
6.604454305866113e-70
1.3119712153697669e-73
0.0
0.0
0.0
0.0
0.0
0.0
0.0
0.0
0.0
0.0
0.0
0.0
0.0
0.0
0.0
0.0
0.0
0.0
0.0
0.0
0.0
0.0
0.0
0.0
0.0
0.0
0.0
0.0
0.0
0.0
0.0
0.0
0.0
0.0
0.0
0.0
0.0
0.0
0.0
0.0
0.0
0.0
0.0
0.0
0.0
0.0
0.0
0.0
0.0
0.0
0.0
0.0
0.0
0.0
0.0
0.0
0.0
0.0
0.0
0.0
0.0
0.0
0.0
0.0
0.0
3.875911270506818e-68
2.7190342257658888e-67
1.2712678688551025e-66
3.961329924345551e-66
8.226716040814435e-66
1.1386586450993153e-65
1.0503695826731055e-65
6.45761685401858e-66
2.6459641699528585e-66
7.22565451233352e-67
1.3150793973793658e-67
1.595174886589716e-68
1.2895737426171702e-69
6.94809276164899e-71
2.4949772060994455e-72
5.971027960516339e-74
9.523863791971934e-76
1.0124155209448066e-77
7.172754418298535e-80
2.1118914883968066e-81
7.6085403351768145e-84
1.826891027860509e-86
2.923516078874314e-89
3.1180270514919254e-92
2.216337113351956e-95
1.0499613372219567e-98
3.3150672568130755e-102
6.975782460111365e-106
0.0
0.0
0.0
0.0
0.0
0.0
0.0
0.0
0.0
0.0
0.0
0.0
0.0
0.0
0.0
0.0
0.0
0.0
0.0
0.0
0.0
0.0
0.0
0.0
0.0
0.0
0.0
0.0
0.0
0.0
0.0
0.0
0.0
0.0
0.0
0.0
0.0
0.0
0.0
0.0
0.0
0.0
0.0
0.0
0.0
0.0
0.0
0.0
0.0
0.0
0.0
0.0
0.0
0.0
0.0
0.0
0.0
0.0
0.0
0.0
0.0
1.6312686529357278e-05
0.00012905236493055826
0.0006804371119590575
0.0023910660100197835
0.005599853781591814
0.008740642485491256
0.009092673038137116
0.007451171851594577
0.003941625673871615
0.0013896573358732403
0.0003265288951627342
5.113485885632982e-05
5.336961285223032e-06
3.712381428957839e-07
1.7210467942989078e-08
5.317583450518364e-10
1.0950085185980373e-11
1.502803609811581e-13
1.3745752172971862e-15
8.379465896835022e-18
3.4044402321537196e-20
9.218423133716486e-23
1.6636007653981215e-25
2.0008896255958671e-28
1.6039052228406639e-31
8.568717381807014e-35
3.0509457435647684e-38
7.239935517184742e-42
0.0
0.0
0.0
0.0
0.0
0.0
0.0
0.0
0.0
0.0
0.0
0.0
0.0
0.0
0.0
0.0
0.0
0.0
0.0
0.0
0.0
0.0
0.0
0.0
0.0
0.0
0.0
0.0
0.0
0.0
0.0
0.0
0.0
0.0
0.0
0.0
0.0
0.0
0.0
0.0
0.0
0.0
0.0
0.0
0.0
0.0
0.0
0.0
0.0
0.0
0.0
0.0
0.0
0.0
0.0
0.0
0.0
0.0
0.0
0.00033203541847583753
0.002290194782444252
0.010527905483577986
0.03225470557187469
0.06586060785699739
0.08962722200180837
0.08128973070278592
0.049137491552918904
0.019795743948033375
0.005315109564889087
0.0009511174799403273
0.00011343253907835472
9.016182456446522e-06
4.776274497895843e-07
1.6863099901891895e-08
3.967958266584842e-10
6.222692304580453e-12
6.503858829755033e-14
4.530492684651746e-16
2.103300422685081e-18
6.507867961313906e-21
1.3420160347164085e-23
1.8444132144660534e-26
1.8198102157142972e-28
1.271830393101146e-31
5.923983604227311e-35
1.838992867070804e-38
3.804764578783942e-42
0.0
0.0
0.0
0.0
0.0
0.0
0.0
0.0
0.0
0.0
0.0
0.0
0.0
0.0
0.0
0.0
0.0
0.0
0.0
0.0
0.0
0.0
0.0
0.0
0.0
0.0
0.0
0.0
0.0
0.0
0.0
0.0
0.0
0.0
0.0
0.0
0.0
0.0
0.0
0.0
0.0
0.0
0.0
0.0
0.0
0.0
0.0
0.0
0.0
0.0
0.0
0.0
0.0
0.0
0.0
0.0
4.048838714577927e-35
2.572014603988864e-34
1.0889249071004452e-33
3.0725855314321998e-33
5.778186814824886e-33
7.242036759250658e-33
6.049387701050299e-33
3.367779595737132e-33
1.2495609709153091e-33
3.0899595243472482e-34
5.092484050784675e-35
5.593557573968627e-36
4.094756640414107e-37
1.997789045108576e-38
6.496100078548627e-40
1.4077882460215205e-41
8.734296825378073e-43
9.625319516693905e-45
7.06942206975253e-47
3.4604630468148604e-49
1.1289275424143289e-51
2.45459287675938e-54
3.556922631073107e-57
3.435191211188275e-60
2.2111029370082832e-63
9.485245046137964e-67
2.7118751843538433e-70
5.167403643020482e-74
0.0
0.0
0.0
0.0
0.0
0.0
0.0
0.0
0.0
0.0
0.0
0.0
0.0
0.0
0.0
0.0
0.0
0.0
0.0
0.0
0.0
0.0
0.0
0.0
0.0
0.0
0.0
0.0
0.0
0.0
0.0
0.0
0.0
0.0
0.0
0.0
0.0
0.0
0.0
0.0
0.0
0.0
0.0
0.0
0.0
0.0
0.0
0.0
0.0
0.0
0.0
0.0
0.0
2.1762985318615353e-37
1.7792835935408505e-36
9.695125328225363e-36
3.5208151884515503e-35
8.521471165020474e-35
1.3745719479942206e-34
1.4777532485992205e-34
1.0588097138996977e-34
5.056097725236729e-35
1.6091426657747564e-35
3.413148538575932e-36
4.825000648003881e-37
1.0451044432261294e-37
7.512845564265207e-39
3.5994055089091706e-40
1.1493138512237864e-41
2.4458400526412236e-43
3.468957768728673e-45
3.2790762906897256e-47
2.065787178099101e-49
8.673635794490851e-52
2.427159602058442e-54
4.5266512497284794e-57
5.626486553916964e-60
4.660999783550416e-63
2.573371153530905e-66
9.469069893274477e-70
2.3221686849050946e-73
0.0
0.0
0.0
0.0
0.0
0.0
0.0
0.0
0.0
0.0
0.0
0.0
0.0
0.0
0.0
0.0
0.0
0.0
0.0
0.0
0.0
0.0
0.0
0.0
0.0
0.0
0.0
0.0
0.0
0.0
0.0
0.0
0.0
0.0
0.0
0.0
0.0
0.0
0.0
0.0
0.0
0.0
0.0
0.0
0.0
0.0
0.0
0.0
0.0
0.0
0.0
0.0
0.0
0.0
0.0
0.0
0.0
0.0
0.0
0.0
0.0
0.0
0.0
0.0
0.0
0.0
0.0
0.0
0.0
0.0
0.0
0.0
0.0
0.0
0.0
0.0
0.0
0.0
0.0
0.0
0.0
0.0
0.0
0.0
0.0
0.0
0.0
0.0
0.0
0.0
0.0
0.0
0.0
0.0
0.0
0.0
0.0
0.0
0.0
0.0
0.0
0.0
0.0
0.0
0.0
0.0
0.0
0.0
0.0
0.0
0.0
0.0
0.0
0.0
0.0
0.0
0.0
0.0
0.0
0.0
0.0
0.0
0.0
0.0
0.0
0.0
0.0
0.0
0.0
0.0
5.6564423792842855e-05
0.00043669914383890176
0.002246998909768577
0.007705572857322614
0.01761118376289877
0.026825863753950477
0.02723330992396765
0.018425899186132327
0.01133483125114511
0.0038998320253806145
0.0008942486476670119
0.00013666340306641903
1.3919630852704854e-05
9.448976159305402e-07
4.2748741775712946e-08
1.2889719551511394e-09
2.5902706705592075e-11
3.4691923184269587e-13
3.09665734740064e-15
1.84221144742422e-17
7.304110742972014e-20
1.930086486337572e-22
3.399129721457559e-25
3.9897001409012127e-28
3.121003972172541e-31
1.6271587836122951e-34
5.653886639376321e-38
1.3093200141477564e-41
0.0
0.0
0.0
0.0
0.0
0.0
0.0
0.0
0.0
0.0
0.0
0.0
0.0
0.0
0.0
0.0
0.0
0.0
0.0
0.0
0.0
0.0
0.0
0.0
0.0
0.0
0.0
0.0
0.0
0.0
0.0
0.0
0.0
0.0
0.0
0.0
0.0
0.0
0.0
0.0
0.0
0.0
0.0
0.0
0.0
0.0
0.0
0.0
0.0
1.3458409984400222e-35
9.213296240892038e-35
4.203565946726352e-34
1.278210094293064e-33
2.590407977807938e-33
3.4987720065739674e-33
3.14952213888298e-33
1.88953628451385e-33
1.072827283848709e-33
3.2729770549210124e-34
6.654840634846383e-35
9.018076332552571e-36
8.144636428941715e-37
4.902425990883406e-38
1.9666720146891035e-39
5.258167032527966e-41
9.369542082021806e-43
1.112714897232044e-44
8.80706064889243e-47
4.645790481437523e-49
1.6333144367994184e-51
3.8270270327616794e-54
5.97633326134626e-57
6.219989231227799e-60
4.314455624540247e-63
1.99454541008443e-66
6.14530437872373e-70
1.2618984786494675e-73
0.0
0.0
0.0
0.0
0.0
0.0
0.0
0.0
0.0
0.0
0.0
0.0
0.0
0.0
0.0
0.0
0.0
0.0
0.0
0.0
0.0
0.0
0.0
0.0
0.0
0.0
0.0
0.0
0.0
0.0
0.0
0.0
0.0
0.0
0.0
0.0
0.0
0.0
0.0
0.0
0.0
0.0
0.0
0.0
0.0
0.0
0.0
2.2359943681491818e-37
1.859615259551005e-36
1.030758785967195e-35
3.8077860422747396e-35
9.37496333831604e-35
1.538325243312365e-34
1.682318820624802e-34
1.226168030092562e-34
5.956254166594181e-35
1.9283151049263186e-35
7.256859546400368e-36
1.1946923404127639e-36
1.310825825695352e-37
9.585514915309294e-39
4.6716194033251326e-40
1.5174032435666117e-41
3.2848542968325855e-43
4.739284296398524e-45
4.557125203338964e-47
2.9204562715968917e-49
1.2473605462681675e-51
3.5507070864919827e-54
6.736266163958492e-57
8.517363430385655e-60
7.177491170029732e-63
4.031082655530775e-66
1.508871612150399e-69
3.764128323107148e-73
0.0
0.0
0.0
0.0
0.0
0.0
0.0
0.0
0.0
0.0
0.0
0.0
0.0
0.0
0.0
0.0
0.0
0.0
0.0
0.0
0.0
0.0
0.0
0.0
0.0
0.0
0.0
0.0
0.0
0.0
0.0
0.0
0.0
0.0
0.0
0.0
0.0
0.0
0.0
0.0
0.0
0.0
0.0
0.0
0.0
0.0
0.0
1.1981833098968434e-05
7.880355286058466e-05
0.00034542190789952064
0.001009103023276762
0.001964729129832662
0.002549478825348154
0.002204863370471903
0.0012708476904861317
0.00048818774563356147
0.00012498612150566412
2.1326434713540795e-05
2.425248651299918e-06
1.8381283533464121e-07
2.627582752699647e-08
1.0126947190324062e-09
2.6012508560887598e-11
4.453151549180796e-13
5.080825302629881e-15
3.863514958076057e-17
1.957999072190937e-19
6.613386637266721e-22
1.4887332684336174e-24
2.233528105693199e-27
2.2333022230579724e-30
1.4882816354419733e-33
6.6100431666542656e-37
1.9566133690677757e-40
3.85999983234e-44
0.0
0.0
0.0
0.0
0.0
0.0
0.0
0.0
0.0
0.0
0.0
0.0
0.0
0.0
0.0
0.0
0.0
0.0
0.0
0.0
0.0
0.0
0.0
0.0
0.0
0.0
0.0
0.0
0.0
0.0
0.0
0.0
0.0
0.0
0.0
0.0
0.0
0.0
0.0
0.0
0.0
0.0
0.0
0.0
0.0
8.83118398651964e-05
0.0007148355174443398
0.0038563359492921603
0.013865168355840719
0.033224387383748825
0.05306038105571547
0.056476177626000684
0.04006284387344101
0.01894086470323344
0.005968145155173298
0.0012533157606411701
0.00017541356415059153
1.636241460271001e-05
1.0172159496561195e-06
4.214639931955343e-08
1.163829449085456e-09
2.1419027825005647e-11
1.19171998826621e-12
1.1152884811796678e-14
6.956355337578813e-17
2.891730712642166e-19
8.011530405703369e-22
1.479294597440332e-24
1.8204359577616634e-27
1.4930614675689595e-30
8.161340884391617e-34
2.973218980257698e-37
7.218946502345441e-41
0.0
0.0
0.0
0.0
0.0
0.0
0.0
0.0
0.0
0.0
0.0
0.0
0.0
0.0
0.0
0.0
0.0
0.0
0.0
0.0
0.0
0.0
0.0
0.0
0.0
0.0
0.0
0.0
0.0
0.0
0.0
0.0
0.0
0.0
0.0
0.0
0.0
0.0
0.0
0.0
0.0
0.0
0.0
0.0
0.0
1.0399834910205683e-36
7.562397523969216e-36
3.665001091583526e-35
1.183777993500978e-34
2.5482848024062666e-34
3.6560086481436938e-34
3.4958115487195535e-34
2.227770041392271e-34
9.461810681091643e-35
2.6783029340328957e-35
5.0527369401727105e-36
6.352946931977706e-37
5.323598758262741e-38
2.9731508914976084e-39
1.1066496084939979e-40
2.745268752397194e-42
4.538801054519752e-44
5.0012547350573375e-46
3.6728090698262087e-48
1.7976257359083243e-50
5.863835118110735e-53
1.0294476319181661e-54
1.7076124489976458e-57
1.887799704721029e-60
1.390926122578241e-63
6.83020535864021e-67
2.2353472984589254e-70
4.875709274482875e-74
0.0
0.0
0.0
0.0
0.0
0.0
0.0
0.0
0.0
0.0
0.0
0.0
0.0
0.0
0.0
0.0
0.0
0.0
0.0
0.0
0.0
0.0
0.0
0.0
0.0
0.0
0.0
0.0
0.0
0.0
0.0
0.0
0.0
0.0
0.0
0.0
0.0
0.0
0.0
0.0
0.0
0.0
0.0
0.0
6.846444386338613e-38
5.1483057260114885e-37
2.580150990165742e-36
8.618019298520572e-36
1.9184538271469224e-35
2.846274541422782e-35
2.8143867243820976e-35
1.854694170726647e-35
8.145962165418345e-36
2.3844818358475938e-36
4.651866004318337e-37
6.048419748479683e-38
5.2412900880871884e-39
3.0270250832758257e-40
1.1651326984031128e-41
2.9889338912340206e-43
5.1102103432040814e-45
5.822946393897141e-47
4.422097924803021e-49
2.2381823533530295e-51
7.549950898854946e-54
1.6973614536523118e-56
2.5432326570250847e-59
2.5396823227115395e-62
1.6902628596911e-65
7.497399443685695e-69
3.4805598840731155e-71
7.850694750368131e-75
0.0
0.0
0.0
0.0
0.0
0.0
0.0
0.0
0.0
0.0
0.0
0.0
0.0
0.0
0.0
0.0
0.0
0.0
0.0
0.0
0.0
0.0
0.0
0.0
0.0
0.0
0.0
0.0
0.0
0.0
0.0
0.0
0.0
0.0
0.0
0.0
0.0
0.0
0.0
0.0
0.0
0.0
0.0
0.0
0.0
0.0
0.0
0.0
0.0
0.0
0.0
0.0
0.0
0.0
0.0
0.0
0.0
0.0
0.0
0.0
0.0
0.0
0.0
0.0
0.0
0.0
0.0
0.0
0.0
0.0
0.0
0.0
0.0
0.0
0.0
0.0
0.0
0.0
0.0
0.0
0.0
0.0
0.0
0.0
0.0
0.0
0.0
0.0
0.0
0.0
0.0
0.0
0.0
0.0
0.0
0.0
0.0
0.0
0.0
0.0
0.0
0.0
0.0
0.0
0.0
0.0
0.0
0.0
0.0
0.0
0.0
0.0
0.0
0.0
0.0
0.0
0.0
0.0
0.0
0.0
0.0
0.0
0.0
0.0
0.0
0.0
0.0
0.0
0.0
0.0
0.0
0.0
0.0
0.0
0.0
0.0
0.0
0.0
0.0
0.0
0.0
0.0
0.0
0.0
0.0
0.0
0.0
0.0
0.0
0.0
0.0
0.0
0.0
0.0
0.0
0.0
0.0
0.0
0.0
0.0
0.0
0.0
0.0
0.0
0.0
0.0
0.0
0.0
0.0
0.0
0.0
0.0
0.0
0.0
0.0
0.0
0.0
0.0
0.0
0.0
0.0
0.0
0.0
0.0
0.0
0.0
0.0
0.0
0.0
0.0
0.0
0.0
0.0
0.0
0.0
0.0
0.0
0.0
0.0
0.0
0.0
0.0
0.0
0.0
0.0
0.0
0.0
0.0
0.0
0.0
0.0
0.0
0.0
0.0
0.0
0.0
0.0
0.0
0.0
0.0
0.0
0.0
0.0
0.0
0.0
0.0
0.0
0.0
0.0
0.0
0.0
0.0
0.0
0.0
0.0
0.0
0.0
0.0
0.0
0.0
0.0
0.0
0.0
0.0
0.0
0.0
0.0
0.0
0.0
0.0
0.0
0.0
0.0
0.0
0.0
0.0
0.0
0.0
0.0
0.0
0.0
0.0
0.0
0.0
0.0
0.0
0.0
0.0
0.0
0.0
0.0
0.0
0.0
0.0
0.0
0.0
0.0
0.0
0.0
0.0
0.0
0.0
0.0
0.0
0.0
0.0
0.0
0.0
0.0
0.0
0.0
0.0
0.0
0.0
0.0
0.0
0.0
0.0
0.0
0.0
0.0
0.0
0.0
0.0
0.0
0.0
0.0
0.0
0.0
0.0
0.0
0.0
0.0
0.0
0.0
0.0
0.0
0.0
0.0
0.0
0.0
0.0
0.0
0.0
0.0
0.0
0.0
0.0
0.0
0.0
0.0
0.0
0.0
0.0
0.0
0.0
0.0
0.0
0.0
0.0
0.0
0.0
0.0
0.0
0.0
0.0
0.0
0.0
0.0
0.0
0.0
0.0
0.0
0.0
0.0
0.0
0.0
0.0
0.0
0.0
0.0
0.0
0.0
0.0
0.0
0.0
0.0
0.0
0.0
0.0
