a = 5.849717105947892 b = 5.849717105947892 c = 5.849717105947892 ,Gaussian ,LMH = 0.08 ,DW = [1.3 1.3]
0.0
0.0
0.0
0.0
0.0
0.0
0.0
0.0
0.0
0.0
0.0
0.0
0.0
0.0
0.0
0.0
0.0
0.0
0.0
0.0
0.0
0.0
0.0
0.0
0.0
0.0
0.0
0.0
0.0
0.0
0.0
0.0
0.0
0.0
0.0
0.0
0.0
0.0
0.0
0.0
0.0
0.0
0.0
0.0
0.0
0.0
0.0
0.0
0.0
0.0
0.0
0.0
0.0
0.0
0.0
0.0
0.0
0.0
0.0
0.0
0.0
0.0
0.0
0.0
0.0
0.0
0.0
0.0
0.0
0.0
0.0
0.0
0.0
0.0
0.0
0.0
0.0
0.0
0.0
0.0
0.0
0.0
0.0
0.0
0.0
0.0
0.0
0.0
0.0
0.0
0.0
0.0
0.0
0.0
0.0
0.0
0.0
0.0
0.0
0.0
0.0
0.0
0.0
0.0
0.0
0.0
0.0
0.0
0.0
0.0
0.0
0.0
0.0
0.0
0.0
0.0
0.0
0.0
0.0
0.0
0.0
0.0
0.0
0.0
0.0
0.0
0.0
0.0
0.0
0.0
0.0
0.0
0.0
0.0
0.0
0.0
0.0
0.0
0.0
0.0
0.0
0.0
0.0
0.0
0.0
0.0
0.0
0.0
0.0
0.0
0.0
0.0
0.0
0.0
0.0
0.0
0.0
0.0
0.0
0.0
0.0
0.0
0.0
0.0
0.0
0.0
0.0
0.0
0.0
0.0
0.0
0.0
0.0
0.0
0.0
0.0
0.0
0.0
0.0
0.0
0.0
0.0
0.0
0.0
0.0
0.0
0.0
0.0
0.0
0.0
0.0
0.0
0.0
0.0
0.0
0.0
0.0
0.0
0.0
0.0
0.0
0.0
0.0
0.0
0.0
0.0
0.0
0.0
0.0
0.0
0.0
0.0
0.0
0.0
0.0
0.0
0.0
0.0
0.0
0.0
0.0
0.0
0.0
0.0
0.0
0.0
0.0
0.0
0.0
0.0
0.0
0.0
0.0
0.0
0.0
0.0
0.0
0.0
0.0
0.0
0.0
0.0
0.0
0.0
0.0
0.0
0.0
0.0
0.0
0.0
0.0
0.0
0.0
0.0
0.0
0.0
0.0
0.0
0.0
0.0
0.0
0.0
0.0
0.0
0.0
0.0
0.0
0.0
0.0
0.0
0.0
0.0
0.0
0.0
0.0
0.0
0.0
0.0
0.0
0.0
0.0
0.0
0.0
0.0
0.0
0.0
0.0
0.0
0.0
0.0
0.0
0.0
0.0
0.0
0.0
0.0
0.0
0.0
0.0
0.0
0.0
0.0
0.0
0.0
0.0
0.0
0.0
0.0
0.0
0.0
0.0
0.0
0.0
0.0
0.0
0.0
0.0
0.0
0.0
0.0
0.0
0.0
0.0
0.0
0.0
0.0
0.0
0.0
0.0
0.0
0.0
0.0
0.0
0.0
0.0
0.0
0.0
0.0
0.0
0.0
0.0
0.0
0.0
0.0
0.0
0.0
0.0
0.0
0.0
0.0
0.0
0.0
0.0
0.0
0.0
0.0
0.0
0.0
0.0
0.0
0.0
0.0
0.0
0.0
0.0
0.0
0.0
0.0
0.0
0.0
0.0
1.3948940513341796e-34
9.31724399280027e-34
4.147775702732348e-33
8.959174311587804e-33
2.0281420119030864e-32
3.0599214951917905e-32
3.076831801862391e-32
2.0619530638910873e-32
9.209484958889053e-33
2.7414066301995764e-33
5.43867519402794e-34
7.191083557546783e-35
6.336903528106364e-36
3.721700357591606e-37
1.4567574943115065e-38
3.8002718614355336e-40
6.607293809547964e-42
7.656214998263454e-44
5.912704437667876e-46
3.0432649764614374e-48
1.0439384986001235e-50
2.3866657898400034e-53
3.6365524046575276e-56
3.692917800123365e-59
2.4993724569899373e-62
1.1273891906248681e-65
3.389208614416524e-69
6.790539579068155e-73
0.0
0.0
0.0
0.0
0.0
0.0
0.0
0.0
0.0
0.0
0.0
0.0
0.0
0.0
0.0
0.0
0.0
0.0
0.0
0.0
0.0
0.0
0.0
0.0
0.0
0.0
0.0
0.0
0.0
0.0
0.0
0.0
0.0
0.0
0.0
0.0
0.0
0.0
0.0
0.0
0.0
0.0
0.0
0.0
0.0
0.0
0.0
0.0
0.0
0.0
0.0
0.0
0.0
0.0
0.0
0.0
0.0
0.0
0.0
0.0
0.0
0.0
0.0
0.0
0.0
0.0
0.0
0.0
0.0
0.0
0.0
0.0
0.0
0.0
0.0
0.0
0.0
0.0
0.0
0.0
0.0
0.0
0.0
0.0
0.0
0.0
0.0
0.0
0.0
0.0
0.0
0.0
0.0
0.0
0.0
0.0
0.0
0.0
0.0
0.0
0.0
0.0
0.0
0.0
0.0
0.0
0.0
0.0
0.0
0.0
0.0
0.0
0.0
0.0
0.0
0.0
0.0
0.0
0.0
0.0
0.0
0.0
0.0
0.0
0.0
0.0
0.0
0.0
0.0
0.0
0.0
0.0
0.0
0.0
0.0
0.0
0.0
0.0
0.0
0.0
0.0
0.0
0.0
0.0
0.0
0.0
0.0
0.0
0.0
0.0
0.0
0.0
0.0
0.0
0.0
0.0
0.0
0.0
0.0
0.0
0.0
0.0
0.0
0.0
0.0
0.0
0.0
0.0
0.0
0.0
0.0
0.0
0.0
0.0
0.0
0.0
0.0
0.0
0.0
0.0
0.0
0.0
0.0
0.0
0.0
0.0
0.0
0.0
0.0
0.0
0.0
0.0
0.0
0.0
0.0
0.0
0.0
0.0
0.0
0.0
0.0
0.0
0.0
0.0
0.0
0.0
0.0
0.0
0.0
0.0
0.0
0.0
0.0
0.0
0.0
0.0
0.0
0.0
0.0
0.0
0.0
0.0
0.0
0.0
0.0
0.0
0.0
0.0
0.0
0.0
0.0
0.0
0.0
0.0
0.0
0.0
0.0
0.0
0.0
0.0
0.0
0.0
0.0
0.0
0.0
0.0
0.0
0.0
0.0
0.0
0.0
0.0
0.0
0.0
0.0
0.0
0.0
0.0
0.0
0.0
0.0
0.0
0.0
0.0
0.0
0.0
0.0
0.0
0.0
0.0
0.0
0.0
0.0
0.0
0.0
0.0
0.0
0.0
0.0
0.0
0.0
0.0
0.0
0.0
0.0
0.0
0.0
0.0
0.0
0.0
0.0
0.0
0.0
0.0
0.0
0.0
0.0
0.0
0.0
0.0
0.0
0.0
0.0
0.0
0.0
0.0
0.0
0.0
0.0
0.0
0.0
0.0
0.0
0.0
0.0
0.0
0.0
0.0
0.0
0.0
0.0
0.0
0.0
0.0
0.0
0.0
0.0
0.0
0.0
0.0
0.0
0.0
0.0
0.0
0.0
0.0
0.0
0.0
0.0
0.0
0.0
0.0
0.0
0.0
0.0
0.0
0.0
0.0
0.0
0.0
0.0
6.785474675494636e-05
0.000623039040425083
0.0038126929918204312
0.01554998446539244
0.042267798760104607
0.07657215165130436
0.09245142695382605
0.07439400418957512
0.03989732689938193
0.02102076750323191
0.005732670937220029
0.0010419503052662806
0.0001262172016486856
1.018994022551766e-05
5.48284885378537e-07
1.9661763113465478e-08
4.699159575103461e-10
7.485132199556228e-12
7.946214884461316e-14
5.622153302048328e-16
2.6511030543894932e-18
8.331670473038151e-21
1.7450951345427916e-23
2.4360583061262738e-26
2.2664064528807505e-29
1.4053013565678496e-32
5.807412581811613e-36
1.599474957986371e-39
0.0
0.0
0.0
0.0
0.0
0.0
0.0
0.0
0.0
0.0
0.0
0.0
0.0
0.0
0.0
0.0
0.0
0.0
0.0
0.0
0.0
0.0
0.0
0.0
0.0
0.0
0.0
0.0
0.0
0.0
0.0
0.0
0.0
0.0
0.0
0.0
0.0
0.0
0.0
0.0
0.0
0.0
0.0
0.0
0.0
0.0
0.0
0.0
0.0
0.0
0.0
0.0
0.0
0.0
0.0
0.0
0.0
0.0
0.0
0.0
0.0
0.0
0.0
0.0
0.0
0.0
0.0
0.0
0.0
0.0
0.0
0.0
0.0
0.0
0.0
0.0
0.0
0.0
0.0
0.0
0.0
0.0
0.0
0.0
0.0
0.0
0.0
0.0
0.0
0.0
0.0
0.0
0.0
0.0
0.0
0.0
0.0
0.0
0.0
0.0
0.0
0.0
0.0
0.0
0.0
0.0
0.0
0.0
0.0
0.0
0.0
0.0
0.0
0.0
0.004850207160676467
0.03169896879917109
0.1380738798162705
0.4008293097320224
0.7755127839009753
1.0
0.8593945335216876
0.49222846171513995
0.18789810718095287
0.047803493547979165
0.008105473985727104
0.0009159647151904987
6.898594536092815e-05
3.462773173269751e-06
1.1584279213490433e-07
2.5828283056584015e-09
3.837987942690864e-11
3.800959332487145e-13
2.508790451859751e-15
1.103613746763915e-17
3.235574194335795e-20
5.290236213932119e-22
7.887001182820992e-25
7.83664720705966e-28
5.1895563759439995e-31
2.290402033583605e-34
6.737127325685968e-38
1.320746103194328e-41
0.0
0.0
0.0
0.0
0.0
0.0
0.0
0.0
0.0
0.0
0.0
0.0
0.0
0.0
0.0
0.0
0.0
0.0
0.0
0.0
0.0
0.0
0.0
0.0
0.0
0.0
0.0
0.0
0.0
0.0
0.0
0.0
0.0
0.0
0.0
0.0
0.0
0.0
0.0
0.0
0.0
0.0
0.0
0.0
0.0
0.0
0.0
0.0
0.0
0.0
0.0
0.0
0.0
0.0
0.0
0.0
0.0
0.0
0.0
0.0
0.0
0.0
0.0
0.0
0.0
0.0
0.0
0.0
0.0
0.0
0.0
0.0
0.0
0.0
0.0
0.0
0.0
0.0
0.0
0.0
0.0
0.0
0.0
0.0
0.0
0.0
0.0
0.0
0.0
0.0
0.0
0.0
0.0
0.0
0.0
0.0
0.0
1.8629554930867941e-35
1.4457517298458352e-34
7.477673696288957e-34
2.5776316006562603e-33
5.921840870843577e-33
9.067220284920977e-33
9.252799445479681e-33
6.292941277661775e-33
2.8524350058377574e-33
8.617065303179163e-34
1.7349403953207542e-34
2.3280445240930708e-35
2.081994381401884e-36
1.2409359678408333e-37
4.92947581348714e-39
1.3050695471186105e-40
2.3027570456256628e-42
2.707971765490305e-44
2.1223729028431625e-46
1.1086151282305208e-48
3.8594147952125794e-51
8.95454786566819e-54
1.3846736104121117e-56
1.4270287295642358e-59
9.801658474928185e-63
6.0903884399588e-65
2.1272298680876313e-68
4.95182627795293e-72
0.0
0.0
0.0
0.0
0.0
0.0
0.0
0.0
0.0
0.0
0.0
0.0
0.0
0.0
0.0
0.0
0.0
0.0
0.0
0.0
0.0
0.0
0.0
0.0
0.0
0.0
0.0
0.0
0.0
0.0
0.0
0.0
0.0
0.0
0.0
0.0
0.0
0.0
0.0
0.0
0.0
0.0
0.0
0.0
0.0
0.0
0.0
0.0
0.0
0.0
0.0
0.0
0.0
0.0
0.0
0.0
0.0
0.0
0.0
0.0
0.0
0.0
0.0
0.0
0.0
0.0
0.0
0.0
0.0
0.0
0.0
0.0
0.0
0.0
0.0
0.0
0.0
0.0
0.0
0.0
0.0
0.0
0.0
0.0
0.0
0.0
7.896650082052894e-37
6.889817401188511e-36
4.006397889868136e-35
1.5526801219370118e-34
4.01043475956114e-34
6.903708835955707e-34
7.920544272735848e-34
6.056324449822892e-34
3.0863472572272514e-34
1.0482430517549892e-34
2.372797872390151e-35
3.579653945944272e-36
3.599174412165415e-37
2.4118277572812896e-38
3.1759677233812236e-39
1.0822362006155457e-40
2.4578172155608345e-42
3.720134612335877e-44
3.752746912886533e-46
2.5230243728319163e-48
1.1305119662062017e-50
3.376062123219391e-53
6.719349694324986e-56
8.913034876267396e-59
7.879624400239719e-62
4.642661018522774e-65
1.8230978625605814e-68
4.771275971203461e-72
0.0
0.0
0.0
0.0
0.0
0.0
0.0
0.0
0.0
0.0
0.0
0.0
0.0
0.0
0.0
0.0
0.0
0.0
0.0
0.0
0.0
0.0
0.0
0.0
0.0
0.0
0.0
0.0
0.0
0.0
0.0
0.0
0.0
0.0
0.0
0.0
0.0
0.0
0.0
0.0
0.0
0.0
0.0
0.0
0.0
0.0
0.0
0.0
0.0
0.0
0.0
0.0
0.0
0.0
0.0
0.0
0.0
0.0
0.0
0.0
0.0
0.0
0.0
0.0
0.0
0.0
0.0
0.0
0.0
0.0
0.0
0.0
0.0
0.0
0.0
0.0
0.0
0.0
0.0
0.0
0.0
0.0
0.0
0.0
0.0
0.0
0.0
0.0
0.0
0.0
0.0
0.0
0.0
0.0
0.0
0.0
0.0
0.0
0.0
0.0
0.0
0.0
0.0
0.0
0.0
0.0
0.0
0.0
0.0
0.0
0.0
0.0
0.0
0.0
0.0
0.0
0.0
0.0
0.0
0.0
0.0
0.0
0.0
0.0
0.0
0.0
0.0
0.0
0.0
0.0
0.0
0.0
0.0
0.0
0.0
0.0
0.0
0.0
0.0
0.0
0.0
0.0
0.0
0.0
0.0
0.0
0.0
0.0
0.0
0.0
0.0
0.0
0.0
0.0
0.0
0.0
0.0
0.0
0.0
0.0
0.0
0.0
0.0
0.0
0.0
0.0
0.0
0.0
0.0
0.0
0.0
0.0
0.0
0.0
0.0
0.0
0.0
0.0
0.00030498851376604166
0.002826905094228274
0.0174630670504273
0.07189709825463778
0.1972803147593525
0.3607760420667343
0.43971691827204157
0.3571825303524839
0.19336986398848396
0.06977003199345738
0.01677762954001568
0.0026888949000926543
0.000287209368695149
5.1607875252838734e-05
2.8031306130071493e-06
1.014734059755545e-07
2.4481763004400255e-09
3.9365401858020513e-11
4.218598921267558e-13
3.0130291508695812e-15
1.4342338816638548e-17
4.55007096778874e-20
9.620505920580391e-23
1.3556862777807222e-25
1.2732158525743294e-28
7.969414628137335e-32
3.324546074464502e-35
9.243146529753847e-39
0.0
0.0
0.0
0.0
0.0
0.0
0.0
0.0
0.0
0.0
0.0
0.0
0.0
0.0
0.0
0.0
0.0
0.0
0.0
0.0
0.0
0.0
0.0
0.0
0.0
0.0
0.0
0.0
0.0
0.0
0.0
0.0
0.0
0.0
0.0
0.0
0.0
0.0
0.0
0.0
0.0
0.0
0.0
0.0
0.0
0.0
0.0
0.0
0.0
0.0
0.0
0.0
0.0
0.0
0.0
0.0
0.0
0.0
0.0
0.0
0.0
0.0
0.0
0.0
0.0
0.0
0.0
7.406637055042928e-36
6.528691262977353e-35
3.8354184039732263e-34
1.5016921560114805e-33
3.918597209422779e-33
6.814937631809225e-33
7.89904694036005e-33
6.101955720530251e-33
3.141557095994161e-33
1.0779594167023643e-33
2.465138999517718e-34
3.75717965857776e-35
3.8164894001055975e-36
2.5837334442347256e-37
1.1657700707322896e-38
3.5055780749333553e-40
7.025673041589832e-42
9.384211211663848e-44
8.353897863623964e-46
4.956351477906618e-48
1.9598217821770567e-50
3.911593923446981e-52
7.865219128042319e-55
1.0540214251071423e-57
9.413900401837377e-61
5.603653948017656e-64
2.2230773017119495e-67
5.877861780586948e-71
0.0
0.0
0.0
0.0
0.0
0.0
0.0
0.0
0.0
0.0
0.0
0.0
0.0
0.0
0.0
0.0
0.0
0.0
0.0
0.0
0.0
0.0
0.0
0.0
0.0
0.0
0.0
0.0
0.0
0.0
0.0
0.0
0.0
0.0
0.0
0.0
0.0
0.0
0.0
0.0
0.0
0.0
0.0
0.0
0.0
0.0
0.0
0.0
0.0
0.0
0.0
0.0
0.0
0.0
0.0
0.0
0.0
0.0
0.0
0.0
0.0
0.0
0.0
8.962832423449912e-68
6.170143668651091e-67
2.8309149672576366e-66
8.656451913294632e-66
1.7641461666198197e-65
2.3961321040982326e-65
2.1690446837194505e-65
1.6200976281164477e-65
7.457641586237505e-66
2.28793339155902e-66
4.6780708424395243e-67
6.374876270593758e-68
5.789729503403052e-69
3.504502192671657e-70
1.4137608349683504e-71
3.8010808288462793e-73
6.811140069301517e-75
8.134185390170269e-77
6.474256022626924e-79
3.4343710982715483e-81
1.2141885138281167e-83
2.8609256256970037e-86
4.492711834950121e-89
4.7021026692196435e-92
3.2798742996024125e-95
1.5247682501351875e-98
4.72424083005851e-102
9.755325515983579e-106
0.0
0.0
0.0
0.0
0.0
0.0
0.0
0.0
0.0
0.0
0.0
0.0
0.0
0.0
0.0
0.0
0.0
0.0
0.0
0.0
0.0
0.0
0.0
0.0
0.0
0.0
0.0
0.0
0.0
0.0
0.0
0.0
0.0
0.0
0.0
0.0
0.0
0.0
0.0
0.0
0.0
0.0
0.0
0.0
0.0
0.0
0.0
0.0
0.0
0.0
0.0
0.0
0.0
0.0
0.0
0.0
0.0
0.0
0.0
2.1253013929813904e-05
0.0001622009325868232
0.0008250261518098407
0.002796814300089822
0.006318894378253283
0.009514809748789632
0.009548621307809615
0.006386497977820082
0.0028468621367709578
0.0008457687643389117
0.00016746281820552986
2.209869854076956e-05
1.943553713527745e-06
1.1392209053559834e-07
4.450418911329977e-09
1.1587116862081866e-10
2.0106266281797424e-12
2.3252466158722932e-14
1.7922069627058816e-16
9.206378959189233e-19
3.1518902244663346e-21
7.191754720377607e-24
1.0936546380148147e-26
1.1543688893073025e-28
8.926732609397361e-32
4.6006795726421225e-35
1.5802761852468126e-38
3.617641709504387e-42
0.0
0.0
0.0
0.0
0.0
0.0
0.0
0.0
0.0
0.0
0.0
0.0
0.0
0.0
0.0
0.0
0.0
0.0
0.0
0.0
0.0
0.0
0.0
0.0
0.0
0.0
0.0
0.0
0.0
0.0
0.0
0.0
0.0
0.0
0.0
0.0
0.0
0.0
0.0
0.0
0.0
0.0
0.0
0.0
0.0
0.0
0.0
0.0
0.0
0.0
0.0
0.0
0.0
0.0
0.0
0.0
0.00021660778184127795
0.001641493392851182
0.008290596355846717
0.027907051352171256
0.06260711335257789
0.09360842903107161
0.093279837695407
0.06195012041558188
0.027420670883539947
0.00808901322908118
0.0015903567751121108
0.0002083891624868602
1.8198569153519284e-05
1.0592071544461141e-06
4.1087159311814166e-08
1.0622160875405677e-09
7.412844793339704e-11
9.745278303391694e-13
8.538569805166272e-15
4.9860607838155094e-17
1.940490639279028e-19
5.0332335613522965e-22
8.700899727107033e-25
1.0024501652528062e-27
7.697380725736405e-31
3.939169716560043e-34
1.3435318463058073e-37
3.0540263935155626e-41
0.0
0.0
0.0
0.0
0.0
0.0
0.0
0.0
0.0
0.0
0.0
0.0
0.0
0.0
0.0
0.0
0.0
0.0
0.0
0.0
0.0
0.0
0.0
0.0
0.0
0.0
0.0
0.0
0.0
0.0
0.0
0.0
0.0
0.0
0.0
0.0
0.0
0.0
0.0
0.0
0.0
0.0
0.0
0.0
0.0
0.0
0.0
0.0
0.0
0.0
0.0
0.0
0.0
5.834806113667719e-36
5.34940925999919e-35
3.268637576985118e-34
1.3310956413081676e-33
3.6127116678630714e-33
6.534899158645467e-33
7.878182317022129e-33
6.32986885177675e-33
3.3895726373368924e-33
1.20969734213424e-33
2.8773325317074083e-34
4.5612611043901674e-35
1.0663891366142976e-35
8.596331805477829e-37
4.61840672057985e-38
1.653684785917107e-39
3.946343034441541e-41
6.276513744936059e-43
6.65309436236203e-45
4.700136062437947e-47
2.212986301780733e-49
6.944301514749377e-52
1.452312117457502e-54
2.0242907977535487e-57
1.880474241766602e-60
1.1642424365511121e-63
4.803977998343032e-67
1.3211135361895043e-70
0.0
0.0
0.0
0.0
0.0
0.0
0.0
0.0
0.0
0.0
0.0
0.0
0.0
0.0
0.0
0.0
0.0
0.0
0.0
0.0
0.0
0.0
0.0
0.0
0.0
0.0
0.0
0.0
0.0
0.0
0.0
0.0
0.0
0.0
0.0
0.0
0.0
0.0
0.0
0.0
0.0
0.0
0.0
0.0
0.0
0.0
0.0
0.0
0.0
0.0
0.0
0.0
5.827573721122429e-37
4.026726454101729e-36
1.8543769813720703e-35
5.691483428963213e-35
1.1642184350529162e-34
1.5871757387626913e-34
1.4421057514352427e-34
8.732744415610286e-35
3.5244060546697554e-35
9.479876418153657e-36
3.152932651211999e-36
4.312548690642842e-37
3.931288148753093e-38
2.3884562521909658e-39
9.671219785048945e-41
2.609917402915711e-42
4.69411604426708e-44
5.626812301956045e-46
4.4952368896014475e-48
2.393449596138731e-50
8.493320979408608e-53
2.0086873132819987e-55
3.1661295721503853e-58
3.3260331994423955e-61
2.328659681380403e-64
1.0865932828096783e-67
3.379166229060975e-71
7.003798530033546e-75
0.0
0.0
0.0
0.0
0.0
0.0
0.0
0.0
0.0
0.0
0.0
0.0
0.0
0.0
0.0
0.0
0.0
0.0
0.0
0.0
0.0
0.0
0.0
0.0
0.0
0.0
0.0
0.0
0.0
0.0
0.0
0.0
0.0
0.0
0.0
0.0
0.0
0.0
0.0
0.0
0.0
0.0
0.0
0.0
0.0
0.0
0.0
0.0
0.0
0.0
0.0
0.0
0.0
0.0
0.0
0.0
0.0
0.0
0.0
0.0
0.0
0.0
0.0
0.0
0.0
0.0
0.0
0.0
0.0
0.0
0.0
0.0
0.0
0.0
0.0
0.0
0.0
0.0
0.0
0.0
0.0
0.0
0.0
0.0
0.0
0.0
0.0
0.0
0.0
0.0
0.0
0.0
0.0
0.0
0.0
0.0
0.0
0.0
0.0
0.0
0.0
0.0
0.0
0.0
0.0
0.0
0.0
0.0
0.0
0.0
0.0
0.0
0.0
0.0
0.0
0.0
0.0
0.0
0.0
0.0
0.0
0.0
0.0
0.0
0.0
7.09099364064971e-05
0.0005347576145090131
0.0026877471304881917
0.009003293015294945
0.020099993204883586
0.029906940366617646
0.02965716320212914
0.019600573450536
0.008633551746029294
0.002534496893469384
0.0004958788419928437
0.00013339277739758478
1.3271460248826496e-05
8.800080687463019e-07
3.888983906856251e-08
1.1454263930601647e-09
2.2484320855526673e-11
2.94153425671008e-13
2.564776909079313e-15
1.4904136787092444e-17
5.772256330346628e-20
1.4899302503558055e-22
2.563113364508022e-25
2.9386728500691684e-28
2.245516312288012e-31
1.143569953790383e-34
3.88142149146642e-38
8.780119452523888e-42
0.0
0.0
0.0
0.0
0.0
0.0
0.0
0.0
0.0
0.0
0.0
0.0
0.0
0.0
0.0
0.0
0.0
0.0
0.0
0.0
0.0
0.0
0.0
0.0
0.0
0.0
0.0
0.0
0.0
0.0
0.0
0.0
0.0
0.0
0.0
0.0
0.0
0.0
0.0
0.0
0.0
0.0
0.0
0.0
0.0
0.0
3.825644362063676e-36
3.345243755045441e-35
1.9495415273759045e-34
7.572142192445345e-34
1.960137688021601e-33
3.381706759193348e-33
3.888363522292279e-33
2.9797465330645543e-33
1.5218552058070053e-33
5.180228220791513e-34
1.1751843545053477e-34
1.7768250019869748e-35
1.790460978743111e-36
1.2024488531583145e-37
1.5857521440546945e-38
5.415513460276117e-40
1.2326095270521204e-41
1.8697904998815752e-43
1.8903487122414535e-45
1.2737155500178622e-47
5.719848477059536e-50
1.711899029199685e-52
3.4147059815779105e-55
4.5395210383744774e-58
4.022057723831397e-61
2.375024606241778e-64
9.346940452190853e-68
2.4516156582806058e-71
0.0
0.0
0.0
0.0
0.0
0.0
0.0
0.0
0.0
0.0
0.0
0.0
0.0
0.0
0.0
0.0
0.0
0.0
0.0
0.0
0.0
0.0
0.0
0.0
0.0
0.0
0.0
0.0
0.0
0.0
0.0
0.0
0.0
0.0
0.0
0.0
0.0
0.0
0.0
0.0
0.0
0.0
0.0
0.0
0.0
1.3287842347118586e-37
1.2200004981756777e-36
7.465297120248031e-36
3.0444982937139586e-35
8.274960335888278e-35
1.498986269265806e-34
1.809718128494577e-34
1.456148835413683e-34
7.808761269839811e-35
2.790872989058585e-35
6.647824525186746e-36
1.0553598562231411e-36
1.116614187834962e-37
7.873852251287747e-39
3.700436268494084e-40
1.1590445915017553e-41
2.4195182863087755e-43
3.366194615861101e-45
1.554224041675913e-46
1.0995791978719124e-48
5.184668051353255e-51
1.6292845708626262e-53
3.412357167107391e-56
4.763142419289496e-59
4.431127033187896e-62
2.7473651337693432e-65
1.1352724851629024e-68
3.126550086383449e-72
0.0
0.0
0.0
0.0
0.0
0.0
0.0
0.0
0.0
0.0
0.0
0.0
0.0
0.0
0.0
0.0
0.0
0.0
0.0
0.0
0.0
0.0
0.0
0.0
0.0
0.0
0.0
0.0
0.0
0.0
0.0
0.0
0.0
0.0
0.0
0.0
0.0
0.0
0.0
0.0
0.0
0.0
0.0
0.0
1.8224106700053199e-06
1.6971954065347613e-05
0.00010534137772581087
0.00043576032746024034
0.0012013731773688348
0.0022074441394119328
0.0027032303917755855
0.002206266388682367
0.001200091567876617
0.0004350632181700729
0.0001051167439475581
1.6926726616816022e-05
1.8165845167308895e-06
1.2993309537883342e-07
6.19391882488482e-09
1.9678535845002226e-10
4.166789904185247e-12
5.880198303470072e-14
5.530493546054961e-16
3.466708740543528e-18
1.4482794527379325e-20
4.032449443893915e-23
7.482850031982738e-26
9.01917142620893e-28
8.510740174029915e-31
5.352412431593572e-34
2.2434343105590475e-37
6.266985539885675e-41
0.0
0.0
0.0
0.0
0.0
0.0
0.0
0.0
0.0
0.0
0.0
0.0
0.0
0.0
0.0
0.0
0.0
0.0
0.0
0.0
0.0
0.0
0.0
0.0
0.0
0.0
0.0
0.0
0.0
0.0
0.0
0.0
0.0
0.0
0.0
0.0
0.0
0.0
0.0
0.0
0.0
0.0
0.0
7.670246136808157e-05
0.0006476281019780523
0.003644379697105728
0.013667941136103689
0.02633441128597569
0.05022334975643475
0.06383653198809904
0.05407723069961737
0.030531008444658926
0.011488131646796561
0.00288097311943809
0.0004815158162292385
5.3636873610648855e-05
3.981969257819597e-06
1.9702162560027697e-07
6.496978678245732e-09
1.427876128814208e-10
2.0914677534794958e-12
2.0417067330110127e-14
1.3283639997107685e-16
5.7599986490678e-19
1.6645974083919682e-21
3.2061039185708637e-24
4.115546603220092e-27
3.5209430536698815e-30
2.0075761441514733e-33
7.628982169935676e-37
1.93215837432434e-40
0.0
0.0
0.0
0.0
0.0
0.0
0.0
0.0
0.0
0.0
0.0
0.0
0.0
0.0
0.0
0.0
0.0
0.0
0.0
0.0
0.0
0.0
0.0
0.0
0.0
0.0
0.0
0.0
0.0
0.0
0.0
0.0
0.0
0.0
0.0
0.0
0.0
0.0
0.0
0.0
0.0
0.0
2.5773260036533594e-37
2.4340893020829894e-36
1.5320932806687791e-35
6.42710590682497e-35
1.7969138371347145e-34
3.3482709726397777e-34
4.158105372907644e-34
3.4415329508520663e-34
1.898409600288704e-34
6.979261310340779e-35
1.710056835346446e-35
5.344562114114307e-36
6.659103957610153e-37
5.529692854034601e-38
3.0603265611497155e-39
1.1287976127801091e-40
2.7748910817066917e-42
4.546292229820556e-44
4.964211809645561e-46
3.6126410031733603e-48
1.7521886323198937e-50
5.6639375762027035e-53
1.2202185030243631e-55
1.7520169456819212e-58
1.6765655836126863e-61
1.069262508169851e-64
4.544955967621494e-68
1.2875276635821787e-71
0.0
0.0
0.0
0.0
0.0
0.0
0.0
0.0
0.0
0.0
0.0
0.0
0.0
0.0
0.0
0.0
0.0
0.0
0.0
0.0
0.0
0.0
0.0
0.0
0.0
0.0
0.0
0.0
0.0
0.0
0.0
0.0
0.0
0.0
0.0
0.0
0.0
0.0
0.0
0.0
0.0
0.0
5.236011270036581e-38
4.164304510929408e-37
2.207323232254409e-36
7.797779267324415e-36
1.8359357924175787e-35
2.880882783351255e-35
3.0128342227270467e-35
2.099937802652345e-35
9.754818107184338e-36
3.020045374160208e-36
6.231452779927311e-37
8.569326634748233e-38
7.853904820117594e-39
4.797402077143329e-40
1.9530265714381698e-41
5.298973326311215e-43
9.582015365644282e-45
1.1547913994063449e-46
4.845093762742712e-48
2.9692819895932554e-50
1.2127806253066141e-52
3.301373073151616e-55
5.989471564153927e-58
7.24209067636941e-61
5.836076247025581e-64
3.134436705348378e-67
1.1219657507813713e-70
2.6765862548990944e-74
0.0
0.0
0.0
0.0
0.0
0.0
0.0
0.0
0.0
0.0
0.0
0.0
0.0
0.0
0.0
0.0
0.0
0.0
0.0
0.0
0.0
0.0
0.0
0.0
0.0
0.0
0.0
0.0
0.0
0.0
0.0
0.0
0.0
0.0
0.0
0.0
0.0
0.0
0.0
0.0
0.0
0.0
0.0
0.0
0.0
0.0
0.0
0.0
0.0
0.0
0.0
0.0
0.0
0.0
0.0
0.0
0.0
0.0
0.0
0.0
0.0
0.0
0.0
0.0
0.0
0.0
0.0
0.0
0.0
0.0
0.0
0.0
0.0
0.0
0.0
0.0
0.0
0.0
0.0
0.0
0.0
0.0
0.0
0.0
0.0
0.0
0.0
0.0
0.0
0.0
0.0
0.0
0.0
0.0
0.0
0.0
0.0
0.0
0.0
0.0
0.0
0.0
0.0
0.0
0.0
0.0
0.0
0.0
0.0
0.0
0.0
0.0
0.0
0.0
0.0
0.0
0.0
0.0
0.0
0.0
0.0
0.0
0.0
0.0
0.0
0.0
0.0
0.0
0.0
0.0
0.0
0.0
0.0
0.0
0.0
0.0
0.0
0.0
0.0
0.0
0.0
0.0
0.0
0.0
0.0
0.0
0.0
0.0
0.0
0.0
0.0
0.0
0.0
0.0
0.0
0.0
0.0
0.0
0.0
0.0
0.0
0.0
0.0
0.0
0.0
0.0
0.0
0.0
0.0
0.0
0.0
0.0
0.0
0.0
0.0
0.0
0.0
0.0
0.0
0.0
0.0
0.0
0.0
0.0
0.0
0.0
0.0
0.0
0.0
0.0
0.0
0.0
0.0
0.0
0.0
0.0
0.0
0.0
0.0
0.0
0.0
0.0
0.0
0.0
0.0
0.0
0.0
0.0
0.0
0.0
0.0
0.0
0.0
0.0
0.0
0.0
0.0
0.0
0.0
0.0
0.0
0.0
0.0
0.0
0.0
0.0
0.0
0.0
0.0
0.0
0.0
0.0
0.0
0.0
0.0
0.0
0.0
0.0
0.0
0.0
0.0
0.0
0.0
0.0
0.0
0.0
0.0
0.0
0.0
0.0
0.0
0.0
0.0
0.0
0.0
0.0
0.0
0.0
0.0
0.0
0.0
0.0
0.0
0.0
0.0
0.0
0.0
0.0
0.0
0.0
0.0
0.0
0.0
0.0
0.0
0.0
0.0
0.0
0.0
0.0
0.0
0.0
0.0
0.0
0.0
0.0
0.0
0.0
0.0
0.0
0.0
0.0
0.0
0.0
0.0
0.0
0.0
0.0
0.0
0.0
0.0
0.0
0.0
0.0
0.0
0.0
0.0
0.0
0.0
0.0
0.0
0.0
0.0
0.0
0.0
0.0
0.0
0.0
0.0
0.0
0.0
0.0
0.0
0.0
0.0
0.0
0.0
0.0
0.0
0.0
0.0
0.0
0.0
0.0
0.0
0.0
0.0
0.0
0.0
0.0
0.0
0.0
0.0
0.0
0.0
0.0
0.0
0.0
0.0
0.0
0.0
0.0
0.0
0.0
0.0
0.0
0.0
0.0
0.0
0.0
0.0
0.0
0.0
0.0
0.0
0.0
0.0
0.0
0.0
0.0
0.0
0.0
0.0
0.0
0.0
0.0
0.0
0.0
0.0
0.0
0.0
0.0
0.0
0.0
0.0
0.0
0.0
0.0
0.0
0.0
0.0
0.0
0.0
0.0
0.0
0.0
0.0
0.0
0.0
0.0
0.0
0.0
0.0
0.0
0.0
0.0
0.0
0.0
0.0
0.0
0.0
0.0
0.0
0.0
0.0
0.0
0.0
0.0
0.0
0.0
0.0
0.0
0.0
0.0
0.0
0.0
0.0
0.0
0.0
0.0
0.0
0.0
0.0
0.0
0.0
0.0
0.0
0.0
0.0
