a = 5.499737340082164 b = 5.499737340082164 c = 5.499737340082164 ,Gaussian ,LMH = 0.08 ,DW = [1.3 1.3]
0.0
0.0
0.0
0.0
0.0
0.0
0.0
0.0
0.0
0.0
0.0
0.0
0.0
0.0
0.0
0.0
0.0
0.0
0.0
0.0
0.0
0.0
0.0
0.0
0.0
0.0
0.0
0.0
0.0
0.0
0.0
0.0
0.0
0.0
0.0
0.0
0.0
0.0
0.0
0.0
0.0
0.0
0.0
0.0
0.0
0.0
0.0
0.0
0.0
0.0
0.0
0.0
0.0
0.0
0.0
0.0
0.0
0.0
0.0
0.0
0.0
0.0
0.0
0.0
0.0
0.0
0.0
0.0
0.0
0.0
0.0
0.0
0.0
0.0
0.0
0.0
0.0
0.0
0.0
0.0
0.0
0.0
0.0
0.0
0.0
0.0
0.0
0.0
0.0
0.0
0.0
0.0
0.0
0.0
0.0
0.0
0.0
0.0
0.0
0.0
0.0
0.0
0.0
0.0
0.0
0.0
0.0
0.0
0.0
0.0
0.0
0.0
0.0
0.0
0.0
0.0
0.0
0.0
0.0
0.0
0.0
0.0
0.0
0.0
0.0
0.0
0.0
0.0
0.0
0.0
0.0
0.0
0.0
0.0
0.0
0.0
0.0
0.0
0.0
0.0
0.0
0.0
0.0
0.0
0.0
0.0
0.0
0.0
0.0
0.0
0.0
0.0
0.0
0.0
0.0
0.0
0.0
0.0
0.0
0.0
0.0
0.0
0.0
0.0
0.0
0.0
0.0
0.0
0.0
0.0
0.0
0.0
0.0
0.0
0.0
0.0
0.0
0.0
0.0
0.0
0.0
0.0
0.0
0.0
0.0
0.0
0.0
0.0
0.0
0.0
0.0
0.0
0.0
0.0
0.0
0.0
0.0
0.0
0.0
0.0
0.0
0.0
0.0
0.0
0.0
0.0
0.0
0.0
0.0
0.0
0.0
0.0
0.0
0.0
0.0
0.0
0.0
0.0
0.0
0.0
0.0
0.0
0.0
0.0
0.0
0.0
0.0
0.0
0.0
0.0
0.0
0.0
0.0
0.0
0.0
0.0
0.0
0.0
0.0
0.0
0.0
0.0
0.0
0.0
0.0
0.0
0.0
0.0
0.0
0.0
0.0
0.0
0.0
0.0
0.0
0.0
0.0
0.0
0.0
0.0
0.0
0.0
0.0
0.0
0.0
0.0
0.0
0.0
0.0
0.0
0.0
0.0
0.0
0.0
0.0
0.0
0.0
0.0
0.0
0.0
0.0
0.0
0.0
0.0
0.0
0.0
0.0
0.0
0.0
0.0
0.0
0.0
0.0
0.0
0.0
0.0
0.0
0.0
0.0
0.0
0.0
0.0
0.0
0.0
0.0
0.0
0.0
0.0
0.0
0.0
0.0
0.0
0.0
0.0
0.0
0.0
0.0
0.0
0.0
0.0
0.0
0.0
0.0
0.0
0.0
0.0
0.0
0.0
0.0
0.0
0.0
0.0
0.0
0.0
0.0
0.0
0.0
0.0
0.0
0.0
0.0
0.0
0.0
0.0
0.0
0.0
0.0
0.0
0.0
0.0
0.0
0.0
0.0
0.0
0.0
0.0
0.0
0.0
0.0
0.0
0.0
0.0
0.0
0.0
0.0
0.0
0.0
0.0
0.0
0.0
0.0
0.0
0.0
0.0
0.0
0.0
0.0
0.0
0.0
0.0
0.0
0.0
0.0
0.0
0.0
0.0
0.0
0.0
0.0
0.0
0.0
0.0
0.0
0.0
0.0
0.0
0.0
0.0
0.0
0.0
0.0
0.0
0.0
0.0
1.5328930025901354e-34
1.0238711767991739e-33
4.5578532810335436e-33
1.352249759490175e-32
2.6738376420815097e-32
3.523665718448122e-32
3.094823726388315e-32
1.8115848594829993e-32
7.067454077045362e-33
1.8375910046678434e-33
3.18431678051569e-34
3.6776061997563254e-35
2.8307122770685535e-36
1.4521376387242525e-37
4.964795724688959e-39
1.1312967368371851e-40
1.7180398488097595e-42
1.7388874750750589e-44
1.172981801150638e-46
5.273423096775425e-49
1.580067019174437e-51
2.621188751904978e-53
3.9937765907699496e-56
4.0555595866132814e-59
2.7447282639229864e-62
1.2380251591234579e-65
3.72169804812842e-69
7.456488408540472e-73
0.0
0.0
0.0
0.0
0.0
0.0
0.0
0.0
0.0
0.0
0.0
0.0
0.0
0.0
0.0
0.0
0.0
0.0
0.0
0.0
0.0
0.0
0.0
0.0
0.0
0.0
0.0
0.0
0.0
0.0
0.0
0.0
0.0
0.0
0.0
0.0
0.0
0.0
0.0
0.0
0.0
0.0
0.0
0.0
0.0
0.0
0.0
0.0
0.0
0.0
0.0
0.0
0.0
0.0
0.0
0.0
0.0
0.0
0.0
0.0
0.0
0.0
0.0
0.0
0.0
0.0
0.0
0.0
0.0
0.0
0.0
0.0
0.0
0.0
0.0
0.0
0.0
0.0
0.0
0.0
0.0
0.0
0.0
0.0
0.0
0.0
0.0
0.0
0.0
0.0
0.0
0.0
0.0
0.0
0.0
0.0
0.0
0.0
0.0
0.0
0.0
0.0
0.0
0.0
0.0
0.0
0.0
0.0
0.0
0.0
0.0
0.0
0.0
0.0
0.0
0.0
0.0
0.0
0.0
0.0
0.0
0.0
0.0
0.0
0.0
0.0
0.0
0.0
0.0
0.0
0.0
0.0
0.0
0.0
0.0
0.0
0.0
0.0
0.0
0.0
0.0
0.0
0.0
0.0
0.0
0.0
0.0
0.0
0.0
0.0
0.0
0.0
0.0
0.0
0.0
0.0
0.0
0.0
0.0
0.0
0.0
0.0
0.0
0.0
0.0
0.0
0.0
0.0
0.0
0.0
0.0
0.0
0.0
0.0
0.0
0.0
0.0
0.0
0.0
0.0
0.0
0.0
0.0
0.0
0.0
0.0
0.0
0.0
0.0
0.0
0.0
0.0
0.0
0.0
0.0
0.0
0.0
0.0
0.0
0.0
0.0
0.0
0.0
0.0
0.0
0.0
0.0
0.0
0.0
0.0
0.0
0.0
0.0
0.0
0.0
0.0
0.0
0.0
0.0
0.0
0.0
0.0
0.0
0.0
0.0
0.0
0.0
0.0
0.0
0.0
0.0
0.0
0.0
0.0
0.0
0.0
0.0
0.0
0.0
0.0
0.0
0.0
0.0
0.0
0.0
0.0
0.0
0.0
0.0
0.0
0.0
0.0
0.0
0.0
0.0
0.0
0.0
0.0
0.0
0.0
0.0
0.0
0.0
0.0
0.0
0.0
0.0
0.0
0.0
0.0
0.0
0.0
0.0
0.0
0.0
0.0
0.0
0.0
0.0
0.0
0.0
0.0
0.0
0.0
0.0
0.0
0.0
0.0
0.0
0.0
0.0
0.0
0.0
0.0
0.0
0.0
0.0
0.0
0.0
0.0
0.0
0.0
0.0
0.0
0.0
0.0
0.0
0.0
0.0
0.0
0.0
0.0
0.0
0.0
0.0
0.0
0.0
0.0
0.0
0.0
0.0
0.0
0.0
0.0
0.0
0.0
0.0
0.0
0.0
0.0
0.0
0.0
0.0
0.0
0.0
0.0
0.0
0.0
0.0
0.0
0.0
0.0
0.0
0.0
0.0
0.0
0.0
0.0
0.0
0.0
0.0
0.0
0.0
0.0
0.0
0.0
0.0
0.0
0.0
0.0
0.0
0.0
0.0
0.0
0.0
0.0
0.0
0.0
0.0
0.0
0.0
0.0
0.0
0.0
0.0
0.0
0.00012029068500360291
0.0010002811528117747
0.005543623435727653
0.013857205991858187
0.039052594266910795
0.0733509349802099
0.09182120055798959
0.07660583096673851
0.04259535450498901
0.015784985760518264
0.003898591216893278
0.0006417306078533591
7.04010855445104e-05
5.1473951133517774e-06
2.5082868669593945e-07
8.146075872412421e-09
1.7631986534273335e-10
2.543522527226873e-12
2.445408849438705e-14
1.5669275583492433e-16
6.691568163559538e-19
1.9045327359932248e-21
3.612688576021252e-24
4.5672434097722845e-27
3.848215088047651e-30
2.1609567081053034e-33
8.087500919743905e-37
2.017270640720376e-40
0.0
0.0
0.0
0.0
0.0
0.0
0.0
0.0
0.0
0.0
0.0
0.0
0.0
0.0
0.0
0.0
0.0
0.0
0.0
0.0
0.0
0.0
0.0
0.0
0.0
0.0
0.0
0.0
0.0
0.0
0.0
0.0
0.0
0.0
0.0
0.0
0.0
0.0
0.0
0.0
0.0
0.0
0.0
0.0
0.0
0.0
0.0
0.0
0.0
0.0
0.0
0.0
0.0
0.0
0.0
0.0
0.0
0.0
0.0
0.0
0.0
0.0
0.0
0.0
0.0
0.0
0.0
0.0
0.0
0.0
0.0
0.0
0.0
0.0
0.0
0.0
0.0
0.0
0.0
0.0
0.0
0.0
0.0
0.0
0.0
0.0
0.0
0.0
0.0
0.0
0.0
0.0
0.0
0.0
0.0
0.0
0.0
0.0
0.0
0.0
0.0
0.0
0.0
0.0
0.0
0.0
0.0
0.0
0.0
0.0
0.0
0.0
0.0
0.0
0.0
0.0
0.0
0.0
0.0
0.0
0.0
0.0
0.0
0.002936249175628731
0.021175290180450675
0.1017764694227582
0.3260220248146689
0.6960301422608978
0.9903545540026591
1.0
0.723544481873045
0.3489088775105435
0.11213478422834079
0.024018740608485214
0.0034287961059012895
0.00032622304498098833
2.0685649514488677e-05
8.74188793875697e-07
2.4621973312534083e-08
4.6219157599209827e-10
5.7823282673155154e-12
4.821309472406687e-14
2.679222754914205e-16
9.922798794822804e-19
2.4492949981171906e-21
4.02929953912394e-24
4.41773398217609e-27
3.228130742928689e-30
1.5721146651358962e-33
5.102686304754243e-37
1.103811894777797e-40
0.0
0.0
0.0
0.0
0.0
0.0
0.0
0.0
0.0
0.0
0.0
0.0
0.0
0.0
0.0
0.0
0.0
0.0
0.0
0.0
0.0
0.0
0.0
0.0
0.0
0.0
0.0
0.0
0.0
0.0
0.0
0.0
0.0
0.0
0.0
0.0
0.0
0.0
0.0
0.0
0.0
0.0
0.0
0.0
0.0
0.0
0.0
0.0
0.0
0.0
0.0
0.0
0.0
0.0
0.0
0.0
0.0
0.0
0.0
0.0
0.0
0.0
0.0
0.0
0.0
0.0
0.0
0.0
0.0
0.0
0.0
0.0
0.0
0.0
0.0
0.0
0.0
0.0
0.0
0.0
0.0
0.0
0.0
0.0
0.0
0.0
0.0
0.0
0.0
0.0
0.0
0.0
0.0
0.0
0.0
0.0
0.0
0.0
0.0
0.0
0.0
0.0
0.0
0.0
0.0
0.0
1.2011326041194477e-35
1.0064307602989635e-34
5.620285743664738e-34
2.091772450336669e-33
5.18862196165654e-33
8.577706230758363e-33
9.4508714405521e-33
6.939914034170875e-33
3.396392508539042e-33
1.107804706572296e-33
2.4081863243561246e-34
3.488980272259474e-35
3.368902871411011e-36
2.1680036771046046e-37
9.298504103584716e-39
2.6579555136836408e-40
5.063652300141283e-42
6.429268956114102e-44
5.4405256149761346e-46
3.0683272206689737e-48
1.153304627711852e-50
2.88913572572585e-53
4.823623504444057e-56
5.367356091194772e-59
3.980420584657627e-62
1.9673383876721183e-65
9.816273754856997e-68
2.4671715276539692e-71
0.0
0.0
0.0
0.0
0.0
0.0
0.0
0.0
0.0
0.0
0.0
0.0
0.0
0.0
0.0
0.0
0.0
0.0
0.0
0.0
0.0
0.0
0.0
0.0
0.0
0.0
0.0
0.0
0.0
0.0
0.0
0.0
0.0
0.0
0.0
0.0
0.0
0.0
0.0
0.0
0.0
0.0
0.0
0.0
0.0
0.0
0.0
0.0
0.0
0.0
0.0
0.0
0.0
0.0
0.0
0.0
0.0
0.0
0.0
0.0
0.0
0.0
0.0
0.0
0.0
0.0
0.0
0.0
0.0
0.0
0.0
0.0
0.0
0.0
0.0
0.0
0.0
0.0
0.0
0.0
0.0
0.0
0.0
0.0
0.0
0.0
0.0
0.0
0.0
0.0
0.0
0.0
0.0
0.0
0.0
4.1180151337612526e-36
2.61604987008007e-35
1.107606886644519e-34
3.1254087533001644e-34
5.8777288729904805e-34
7.367053475589916e-34
6.835718940870583e-34
4.356834382964189e-34
1.8507146083702676e-34
5.239494669921999e-35
9.886006711164603e-36
1.2431798068159176e-36
1.0419060063096324e-37
5.819754760730423e-39
2.1665183664099193e-40
5.375286465266875e-42
8.888375656675363e-44
9.795457770116577e-46
7.194632583283876e-48
3.521875926486561e-50
1.1490026542321878e-52
2.498328602360433e-55
3.620425677221033e-58
3.496642733496492e-61
2.2507353583006275e-64
9.65559751987857e-68
2.760675897482048e-71
5.260575292499219e-75
0.0
0.0
0.0
0.0
0.0
0.0
0.0
0.0
0.0
0.0
0.0
0.0
0.0
0.0
0.0
0.0
0.0
0.0
0.0
0.0
0.0
0.0
0.0
0.0
0.0
0.0
0.0
0.0
0.0
0.0
0.0
0.0
0.0
0.0
0.0
0.0
0.0
0.0
0.0
0.0
0.0
0.0
0.0
0.0
0.0
0.0
0.0
0.0
0.0
0.0
0.0
0.0
0.0
0.0
0.0
0.0
0.0
0.0
0.0
0.0
0.0
0.0
0.0
0.0
0.0
0.0
0.0
0.0
0.0
0.0
0.0
0.0
0.0
0.0
0.0
0.0
0.0
0.0
0.0
0.0
0.0
0.0
0.0
0.0
0.0
0.0
0.0
0.0
0.0
0.0
0.0
0.0
0.0
0.0
0.0
0.0
0.0
0.0
0.0
0.0
0.0
0.0
0.0
0.0
0.0
0.0
0.0
0.0
0.0
0.0
0.0
0.0
0.0
0.0
0.0
0.0
0.0
0.0
0.0
0.0
0.0
0.0
0.0
0.0
0.0
0.0
0.0
0.0
0.0
0.0
0.0
0.0
0.0
0.0
0.0
0.0
0.0
0.0
0.0
0.0
0.0
0.0
0.0
0.0
0.0
0.0
0.0
0.0
0.0
0.0
0.0
0.0
0.0
0.0
0.0
0.0
0.0
0.0
0.0
0.0
0.0
0.0
0.0
0.0
0.0
0.0
0.0
0.0
0.0
0.0
0.0
0.0
0.0
0.0
0.0
0.0
0.0
0.0
0.0
0.0
0.0
0.0
0.0
0.0
0.0
0.0
0.0
0.0
0.0
0.0
0.0
0.0
0.0
0.0009416341044873988
0.007095323202391108
0.035632290025844705
0.1192605572859658
0.2660305316650511
0.39550108437296005
0.39187307332579746
0.25877642899651454
0.11388999037257296
0.033406266790617214
0.006530581929877304
0.0008508585506090533
7.388297951248987e-05
4.275756679118072e-06
1.6491612156805667e-07
4.239306243762607e-09
2.9472485966002213e-10
3.852574342286682e-12
3.3563468453765425e-14
1.948786171793527e-16
7.541245727027987e-19
1.944928065992793e-21
3.343070557396367e-24
3.82973823109401e-27
2.9239785741820173e-30
1.4878557573466423e-33
5.045788259779571e-37
1.140456598251946e-40
0.0
0.0
0.0
0.0
0.0
0.0
0.0
0.0
0.0
0.0
0.0
0.0
0.0
0.0
0.0
0.0
0.0
0.0
0.0
0.0
0.0
0.0
0.0
0.0
0.0
0.0
0.0
0.0
0.0
0.0
0.0
0.0
0.0
0.0
0.0
0.0
0.0
0.0
0.0
0.0
0.0
0.0
0.0
0.0
0.0
0.0
0.0
0.0
0.0
0.0
0.0
0.0
0.0
0.0
0.0
0.0
0.0
0.0
0.0
0.0
0.0
0.0
0.0
0.0
0.0
0.0
0.0
0.0
0.0
0.0
0.0
0.0
0.0
0.0
1.75176682313428e-35
1.309073754851263e-34
6.519788132758896e-34
2.164135247467374e-33
4.7875890173258375e-33
7.058799947514299e-33
6.936277085857011e-33
4.542590013952426e-33
1.9827237014355225e-33
5.767696542793133e-34
1.1182120175678691e-34
1.4448656164026227e-35
1.244263339200297e-36
7.141323428323069e-38
2.7316600298683202e-39
6.963957975508675e-41
1.1832245813590993e-42
6.241784036564934e-44
5.3928999133231386e-46
3.1053998710693366e-48
1.1917749402352938e-50
3.048263570278514e-53
5.196277438479194e-56
5.903556090183951e-59
4.470093478082147e-62
2.255802453162853e-65
7.586947385000352e-69
1.7006487653372463e-72
0.0
0.0
0.0
0.0
0.0
0.0
0.0
0.0
0.0
0.0
0.0
0.0
0.0
0.0
0.0
0.0
0.0
0.0
0.0
0.0
0.0
0.0
0.0
0.0
0.0
0.0
0.0
0.0
0.0
0.0
0.0
0.0
0.0
0.0
0.0
0.0
0.0
0.0
0.0
0.0
0.0
0.0
0.0
0.0
0.0
0.0
0.0
0.0
0.0
0.0
0.0
0.0
0.0
0.0
0.0
0.0
0.0
0.0
0.0
0.0
0.0
0.0
0.0
0.0
0.0
0.0
0.0
0.0
0.0
0.0
1.1065134786920878e-67
7.233640989708169e-67
3.151655508934133e-66
9.151706411634766e-66
1.7711158355693309e-65
2.2844065722904537e-65
1.963728232542498e-65
1.125047645922914e-65
4.295779633873591e-66
1.0931874123864745e-66
1.8540814043323097e-67
2.095774356629035e-68
1.5788533550637874e-69
7.927214589692231e-71
2.6526563025334154e-72
5.915928276085831e-74
8.793188130012937e-76
8.710666331991086e-78
5.750928119837394e-80
2.5304982945640828e-82
7.420885088677727e-85
1.4503970659678143e-87
1.8097082931109276e-89
1.7986321945654248e-92
1.1914002782334311e-95
5.259622563091279e-99
1.5475083838352774e-102
3.034540859191505e-106
0.0
0.0
0.0
0.0
0.0
0.0
0.0
0.0
0.0
0.0
0.0
0.0
0.0
0.0
0.0
0.0
0.0
0.0
0.0
0.0
0.0
0.0
0.0
0.0
0.0
0.0
0.0
0.0
0.0
0.0
0.0
0.0
0.0
0.0
0.0
0.0
0.0
0.0
0.0
0.0
0.0
0.0
0.0
0.0
0.0
0.0
0.0
0.0
0.0
0.0
0.0
0.0
0.0
0.0
0.0
0.0
0.0
0.0
0.0
0.0
0.0
0.0
0.0
0.0
0.0
8.322863311128471e-06
7.396234714120106e-05
0.00043805652682954937
0.0017291440494197603
0.004548977006252674
0.007975866147313248
0.00925667026683233
0.008253183278418345
0.004904217621042054
0.0019422249350563472
0.0005126380825902599
9.017865510624761e-05
1.0572512096079027e-05
8.261029546858527e-07
4.302012901363627e-08
1.4931065121453986e-09
3.453754143788924e-11
5.324435820681321e-13
5.470629742075797e-15
3.746127859051628e-17
1.7096586908676582e-19
5.200172958932872e-22
1.0541628500594849e-24
1.4242268657588057e-27
1.2824256288118667e-30
7.696029995526459e-34
3.078100978509697e-37
8.205036595385623e-41
0.0
0.0
0.0
0.0
0.0
0.0
0.0
0.0
0.0
0.0
0.0
0.0
0.0
0.0
0.0
0.0
0.0
0.0
0.0
0.0
0.0
0.0
0.0
0.0
0.0
0.0
0.0
0.0
0.0
0.0
0.0
0.0
0.0
0.0
0.0
0.0
0.0
0.0
0.0
0.0
0.0
0.0
0.0
0.0
0.0
0.0
0.0
0.0
0.0
0.0
0.0
0.0
0.0
0.0
0.0
0.0
0.0
0.0
0.0
0.0
0.0
0.0
0.0
6.514612825198325e-05
0.0005978730992645382
0.003656882150298941
0.014907144603429014
0.040500418610172124
0.07333412392071936
0.08849816225903825
0.07117769907479105
0.038153570392244436
0.013630380325330661
0.0032453557549264093
0.000514989288592454
5.446476441561986e-05
3.838969051372133e-06
1.8034127703873247e-07
5.646212492621298e-09
1.178150697450222e-10
1.6384229360415676e-12
7.562702129211448e-14
5.348164412948239e-16
2.520658740248228e-18
7.917806857433005e-21
1.6575907050791047e-23
2.3127636354504386e-26
2.150635179838031e-29
1.332857712658863e-32
5.5053176377131176e-36
1.5155229640402445e-39
0.0
0.0
0.0
0.0
0.0
0.0
0.0
0.0
0.0
0.0
0.0
0.0
0.0
0.0
0.0
0.0
0.0
0.0
0.0
0.0
0.0
0.0
0.0
0.0
0.0
0.0
0.0
0.0
0.0
0.0
0.0
0.0
0.0
0.0
0.0
0.0
0.0
0.0
0.0
0.0
0.0
0.0
0.0
0.0
0.0
0.0
0.0
0.0
0.0
0.0
0.0
0.0
0.0
0.0
0.0
0.0
0.0
0.0
0.0
0.0
0.0
3.2100189247821127e-35
2.122694760712346e-34
9.355113293623402e-34
2.7478441863124412e-33
5.379187748111453e-33
7.01815330126899e-33
6.688485797684408e-33
4.437481315879193e-33
1.9621256442674517e-33
5.782273615301272e-34
1.1356696279840894e-34
1.4865753675086065e-35
1.2968907762228835e-36
7.54052212958368e-38
2.9220051994743957e-39
7.546439560693585e-41
1.2989270471561583e-42
1.4900778885039196e-44
1.1392386972824169e-46
5.804997472983045e-49
1.9713824669380634e-51
4.4619149992564035e-54
6.730591669811203e-57
6.766541393814805e-60
4.5337940729065695e-63
2.0245960537916436e-66
6.025547714433076e-70
1.1951879939396168e-73
0.0
0.0
0.0
0.0
0.0
0.0
0.0
0.0
0.0
0.0
0.0
0.0
0.0
0.0
0.0
0.0
0.0
0.0
0.0
0.0
0.0
0.0
0.0
0.0
0.0
0.0
0.0
0.0
0.0
0.0
0.0
0.0
0.0
0.0
0.0
0.0
0.0
0.0
0.0
0.0
0.0
0.0
0.0
0.0
0.0
0.0
0.0
0.0
0.0
0.0
0.0
0.0
0.0
0.0
0.0
0.0
0.0
0.0
3.334725677758386e-37
2.5378824337025395e-36
1.2872545452464535e-35
4.351499284265209e-35
9.803811379784636e-35
1.4720837745327734e-34
1.4731658843983644e-34
9.825447243521987e-35
4.3675164710418243e-35
1.2938928800879747e-35
2.5547219700447118e-36
3.3617894566724922e-37
2.9483492492246353e-38
1.723331757678515e-39
6.713367222433225e-41
1.7429842572084407e-42
3.0159773346504976e-44
3.478117347932882e-46
2.6732645287853316e-48
1.3693711986096703e-50
4.6750040448399975e-53
1.0637126910968272e-55
1.6130515204213207e-58
1.699410762406e-60
1.3104632390487354e-63
6.734926635042804e-67
2.306866402485177e-70
5.266154141895752e-74
0.0
0.0
0.0
0.0
0.0
0.0
0.0
0.0
0.0
0.0
0.0
0.0
0.0
0.0
0.0
0.0
0.0
0.0
0.0
0.0
0.0
0.0
0.0
0.0
0.0
0.0
0.0
0.0
0.0
0.0
0.0
0.0
0.0
0.0
0.0
0.0
0.0
0.0
0.0
0.0
0.0
0.0
0.0
0.0
0.0
0.0
0.0
0.0
0.0
0.0
0.0
0.0
0.0
0.0
0.0
0.0
0.0
0.0
0.0
0.0
0.0
0.0
0.0
0.0
0.0
0.0
0.0
0.0
0.0
0.0
0.0
0.0
0.0
0.0
0.0
0.0
0.0
0.0
0.0
0.0
0.0
0.0
0.0
0.0
0.0
0.0
0.0
0.0
0.0
0.0
0.0
0.0
0.0
0.0
0.0
0.0
0.0
0.0
0.0
0.0
0.0
0.0
0.0
0.0
0.0
0.0
0.0
0.0
0.0
0.0
0.0
0.0
0.0
0.0
0.0
0.0
0.0
0.0
0.0
0.0
0.0
0.0
0.0
0.0
0.0
0.0
0.0
0.0
0.0
0.0
0.0
0.0
0.0
0.0
0.0
0.0
0.0
0.0
0.0
0.00011652878345395524
0.0007831106873750816
0.00350747543139085
0.01047002388646797
0.0208296635711314
0.027618391828515484
0.02440596961108594
0.01437392232949623
0.005642038814740426
0.0014759729339617837
0.0004818821096647916
6.410408525240776e-05
5.683451519915969e-06
3.358305188849291e-07
1.3225427202686946e-08
3.4712093458056263e-10
6.072023611221081e-12
7.07893044441268e-14
5.500262120437295e-16
2.8482668581627187e-18
9.830135732950274e-21
2.2611006807119632e-23
3.4662655838736635e-26
3.541484274366031e-29
2.4115171145346134e-32
1.0944021243991168e-35
3.310130032212458e-39
6.672594449629792e-43
0.0
0.0
0.0
0.0
0.0
0.0
0.0
0.0
0.0
0.0
0.0
0.0
0.0
0.0
0.0
0.0
0.0
0.0
0.0
0.0
0.0
0.0
0.0
0.0
0.0
0.0
0.0
0.0
0.0
0.0
0.0
0.0
0.0
0.0
0.0
0.0
0.0
0.0
0.0
0.0
0.0
0.0
0.0
0.0
0.0
0.0
0.0
0.0
0.0
0.0
0.0
0.0
0.0
9.975786555163331e-36
7.20213353305883e-35
3.465426869656558e-34
1.1113065032332982e-33
2.3751580893272785e-33
3.3832394411153076e-33
3.418695374306565e-33
2.4762996621610525e-33
1.1954393316819657e-33
3.8462138825737193e-34
8.247472378031193e-35
1.1786635588803731e-35
1.1226396880354183e-36
7.126437402350168e-38
3.0149915971400493e-39
8.501220594752807e-41
1.5975630728908766e-42
2.0008580982113347e-44
1.6701524443638144e-46
9.291321456135274e-49
3.444930037637482e-51
8.512651909598207e-54
1.4019447284178154e-56
1.5387868171001982e-59
1.1256608720649059e-62
5.488052177364885e-66
1.7832426448148784e-69
3.8617503914264035e-73
0.0
0.0
0.0
0.0
0.0
0.0
0.0
0.0
0.0
0.0
0.0
0.0
0.0
0.0
0.0
0.0
0.0
0.0
0.0
0.0
0.0
0.0
0.0
0.0
0.0
0.0
0.0
0.0
0.0
0.0
0.0
0.0
0.0
0.0
0.0
0.0
0.0
0.0
0.0
0.0
0.0
0.0
0.0
0.0
0.0
0.0
0.0
0.0
0.0
0.0
0.0
0.0
5.167578788707752e-37
3.74344993374314e-36
1.807334335945908e-35
4.120820269865894e-35
1.0117022685025314e-34
1.6554014171764677e-34
1.8052421688960252e-34
1.3120463123494136e-34
6.355422225070155e-35
2.0517346833242746e-35
4.414479860102286e-36
6.330229096586489e-37
6.049797860552244e-38
3.853397829001668e-39
1.6357931338389264e-40
4.628011843529809e-42
8.726540138965701e-44
1.0966581430657727e-45
9.185059904123165e-48
5.127129260221741e-50
1.907427713375876e-52
4.729371807853136e-55
7.815205032573089e-58
8.607139513579706e-61
6.317697929552578e-64
3.0905830585540576e-67
1.0076356641295265e-70
2.189516334342685e-74
0.0
0.0
0.0
0.0
0.0
0.0
0.0
0.0
0.0
0.0
0.0
0.0
0.0
0.0
0.0
0.0
0.0
0.0
0.0
0.0
0.0
0.0
0.0
0.0
0.0
0.0
0.0
0.0
0.0
0.0
0.0
0.0
0.0
0.0
0.0
0.0
0.0
0.0
0.0
0.0
0.0
0.0
0.0
0.0
0.0
0.0
0.0
0.0
0.0
0.0
0.0
7.502389335414631e-06
2.954012585688711e-05
0.00016458215567464814
0.0006111315424055469
0.0015124053362278054
0.0024944985201452623
0.00274207827810762
0.00200889849972735
0.0009808840861643777
0.0003191970955740772
6.922798988358074e-05
1.0006588951381291e-05
9.639887092188735e-07
6.189269339302602e-08
2.648429188830482e-09
7.552989782287434e-11
1.4355918260132074e-12
1.8185473139230394e-14
1.5353230880017802e-16
8.638861375437708e-19
3.2396252672019966e-21
8.096822117725215e-24
1.3487018928662225e-26
1.497265728781952e-29
1.107805072141816e-32
5.462725307957104e-36
1.7952995591483308e-39
6.824269332495579e-42
0.0
0.0
0.0
0.0
0.0
0.0
0.0
0.0
0.0
0.0
0.0
0.0
0.0
0.0
0.0
0.0
0.0
0.0
0.0
0.0
0.0
0.0
0.0
0.0
0.0
0.0
0.0
0.0
0.0
0.0
0.0
0.0
0.0
0.0
0.0
0.0
0.0
0.0
0.0
0.0
0.0
0.0
0.0
0.0
0.0
0.0
0.0
0.0
0.0
0.0
4.672607740343998e-05
0.00042244304632129944
0.0025454147453697947
0.010221873302118255
0.02735797698808349
0.04879990924683186
0.05801437220837236
0.045965684072990835
0.024272438355282026
0.008542296350870417
0.0020036294633204526
0.00031321440896713845
3.2632293969009246e-05
2.265870183705827e-06
1.0485858497028185e-07
3.2341079286815645e-09
6.647932078002694e-11
9.107521104978246e-13
8.315633634989436e-15
5.060250964066187e-17
2.0522502325958098e-19
5.547152672882722e-22
9.992898418532796e-25
1.1997599890778145e-27
9.6001678101766e-31
5.119703648210922e-34
2.6873424660091204e-36
7.287718576926667e-40
0.0
0.0
0.0
0.0
0.0
0.0
0.0
0.0
0.0
0.0
0.0
0.0
0.0
0.0
0.0
0.0
0.0
0.0
0.0
0.0
0.0
0.0
0.0
0.0
0.0
0.0
0.0
0.0
0.0
0.0
0.0
0.0
0.0
0.0
0.0
0.0
0.0
0.0
0.0
0.0
0.0
0.0
0.0
0.0
0.0
0.0
0.0
0.0
0.0
0.0
9.414259974557648e-37
6.990154848595758e-36
3.459146489018573e-35
1.1408608045793784e-34
2.50771347540488e-34
3.673708691743542e-34
3.5868487690073415e-34
2.3340113548763156e-34
1.0122188279287162e-34
2.925683928756041e-35
5.6358827464399505e-36
7.2356581499207876e-37
6.191212062063179e-38
3.530651626878832e-39
1.3418859422101913e-40
3.399052614695125e-42
5.738279781769949e-44
6.45635050822031e-46
4.841434139350628e-48
2.4195940342199404e-50
8.059211068492222e-53
1.7890566932367064e-55
2.646898113498082e-58
2.609948236060058e-61
1.7151737114706665e-64
1.0348080142272261e-66
3.45810823049614e-70
7.701918660043903e-74
0.0
0.0
0.0
0.0
0.0
0.0
0.0
0.0
0.0
0.0
0.0
0.0
0.0
0.0
0.0
0.0
0.0
0.0
0.0
0.0
0.0
0.0
0.0
0.0
0.0
0.0
0.0
0.0
0.0
0.0
0.0
0.0
0.0
0.0
0.0
0.0
0.0
0.0
0.0
0.0
0.0
0.0
0.0
0.0
0.0
0.0
0.0
0.0
0.0
0.0
0.0
0.0
0.0
0.0
0.0
0.0
0.0
0.0
0.0
0.0
0.0
0.0
0.0
0.0
0.0
0.0
0.0
0.0
0.0
0.0
0.0
0.0
0.0
0.0
0.0
0.0
0.0
0.0
0.0
0.0
0.0
0.0
0.0
0.0
0.0
0.0
0.0
0.0
0.0
0.0
0.0
0.0
0.0
0.0
0.0
0.0
0.0
0.0
0.0
0.0
0.0
0.0
0.0
0.0
0.0
0.0
0.0
0.0
0.0
0.0
0.0
0.0
0.0
0.0
0.0
0.0
0.0
0.0
0.0
0.0
0.0
0.0
0.0
0.0
0.0
0.0
0.0
0.0
0.0
0.0
0.0
0.0
0.0
0.0
0.0
0.0
0.0
0.0
0.0
0.0
0.0
0.0
0.0
0.0
0.0
0.0
0.0
0.0
0.0
0.0
0.0
0.0
0.0
0.0
0.0
0.0
0.0
0.0
0.0
0.0
0.0
0.0
0.0
0.0
0.0
0.0
0.0
0.0
0.0
0.0
0.0
0.0
0.0
0.0
0.0
0.0
0.0
0.0
0.0
0.0
0.0
0.0
0.0
0.0
0.0
0.0
0.0
0.0
0.0
0.0
0.0
0.0
0.0
0.0
0.0
0.0
0.0
0.0
0.0
0.0
0.0
0.0
0.0
0.0
0.0
0.0
0.0
0.0
0.0
0.0
0.0
0.0
0.0
0.0
0.0
0.0
0.0
0.0
0.0
0.0
0.0
0.0
0.0
0.0
0.0
0.0
0.0
0.0
0.0
0.0
0.0
0.0
0.0
0.0
0.0
0.0
0.0
0.0
0.0
0.0
0.0
0.0
0.0
0.0
0.0
0.0
0.0
0.0
0.0
0.0
0.0
0.0
0.0
0.0
0.0
0.0
0.0
0.0
0.0
0.0
0.0
0.0
0.0
0.0
0.0
0.0
0.0
0.0
0.0
0.0
0.0
0.0
0.0
0.0
0.0
0.0
0.0
0.0
0.0
0.0
0.0
0.0
0.0
0.0
0.0
0.0
0.0
0.0
0.0
0.0
0.0
0.0
0.0
0.0
0.0
0.0
0.0
0.0
0.0
0.0
0.0
0.0
0.0
0.0
0.0
0.0
0.0
0.0
0.0
0.0
0.0
0.0
0.0
0.0
0.0
0.0
0.0
0.0
