a = 5.8484762670000725 b = 5.8484762670000725 c = 5.8484762670000725 ,Gaussian ,LMH = 0.08 ,DW = [0.9 0.9]
0.0
0.0
0.0
0.0
0.0
0.0
0.0
0.0
0.0
0.0
0.0
0.0
0.0
0.0
0.0
0.0
0.0
0.0
0.0
0.0
0.0
0.0
0.0
0.0
0.0
0.0
0.0
0.0
0.0
0.0
0.0
0.0
0.0
0.0
0.0
0.0
0.0
0.0
0.0
0.0
0.0
0.0
0.0
0.0
0.0
0.0
0.0
0.0
0.0
0.0
0.0
0.0
0.0
0.0
0.0
0.0
0.0
0.0
0.0
0.0
0.0
0.0
0.0
0.0
0.0
0.0
0.0
0.0
0.0
0.0
0.0
0.0
0.0
0.0
0.0
0.0
0.0
0.0
0.0
0.0
0.0
0.0
0.0
0.0
0.0
0.0
0.0
0.0
0.0
0.0
0.0
0.0
0.0
0.0
0.0
0.0
0.0
0.0
0.0
0.0
0.0
0.0
0.0
0.0
0.0
0.0
0.0
0.0
0.0
0.0
0.0
0.0
0.0
0.0
0.0
0.0
0.0
0.0
0.0
0.0
0.0
0.0
0.0
0.0
0.0
0.0
0.0
0.0
0.0
0.0
0.0
0.0
0.0
0.0
0.0
0.0
0.0
0.0
0.0
0.0
0.0
0.0
0.0
0.0
0.0
0.0
0.0
0.0
0.0
0.0
0.0
0.0
0.0
0.0
0.0
0.0
0.0
0.0
0.0
0.0
0.0
0.0
0.0
0.0
0.0
0.0
0.0
0.0
0.0
0.0
0.0
0.0
0.0
0.0
0.0
0.0
0.0
0.0
0.0
0.0
0.0
0.0
0.0
0.0
0.0
0.0
0.0
0.0
0.0
0.0
0.0
0.0
0.0
0.0
0.0
0.0
0.0
0.0
0.0
0.0
0.0
0.0
0.0
0.0
0.0
0.0
0.0
0.0
0.0
0.0
0.0
0.0
0.0
0.0
0.0
0.0
0.0
0.0
0.0
0.0
0.0
0.0
0.0
0.0
0.0
0.0
0.0
0.0
0.0
0.0
0.0
0.0
0.0
0.0
0.0
0.0
0.0
0.0
0.0
0.0
0.0
0.0
0.0
0.0
0.0
0.0
0.0
0.0
0.0
0.0
0.0
0.0
0.0
0.0
0.0
0.0
0.0
0.0
0.0
0.0
0.0
0.0
0.0
0.0
0.0
0.0
0.0
0.0
0.0
0.0
0.0
0.0
0.0
0.0
0.0
0.0
0.0
0.0
0.0
0.0
0.0
0.0
0.0
0.0
0.0
0.0
0.0
0.0
0.0
0.0
0.0
0.0
0.0
0.0
0.0
0.0
0.0
0.0
0.0
0.0
0.0
0.0
0.0
0.0
0.0
0.0
0.0
0.0
0.0
0.0
0.0
0.0
0.0
0.0
0.0
0.0
0.0
0.0
0.0
0.0
0.0
0.0
0.0
0.0
0.0
0.0
0.0
0.0
0.0
0.0
0.0
0.0
0.0
0.0
0.0
0.0
0.0
0.0
0.0
0.0
0.0
0.0
0.0
0.0
0.0
0.0
0.0
0.0
0.0
0.0
0.0
0.0
0.0
0.0
0.0
0.0
0.0
0.0
0.0
0.0
0.0
0.0
0.0
0.0
0.0
0.0
0.0
0.0
0.0
0.0
0.0
1.0628667392984339e-34
7.416698747015679e-34
3.449244732107581e-33
7.67067855124792e-33
1.814052010028141e-32
2.859217764603325e-32
3.0034906254392993e-32
2.102746293970036e-32
9.811355677301489e-33
3.051073793901895e-33
6.323506244077472e-34
8.734634565685655e-35
8.041055809144921e-36
4.933588930065165e-37
2.0174110429005635e-38
5.498033411426381e-40
9.986237806421242e-42
1.2088654940670816e-43
9.752941219936967e-46
5.2441460762110467e-48
1.8792973545978966e-50
4.488464271653014e-53
7.144660401629846e-56
7.5796116969048e-59
5.359124815455713e-62
2.5253544038374606e-65
7.931080280033415e-69
1.6600604587526794e-72
0.0
0.0
0.0
0.0
0.0
0.0
0.0
0.0
0.0
0.0
0.0
0.0
0.0
0.0
0.0
0.0
0.0
0.0
0.0
0.0
0.0
0.0
0.0
0.0
0.0
0.0
0.0
0.0
0.0
0.0
0.0
0.0
0.0
0.0
0.0
0.0
0.0
0.0
0.0
0.0
0.0
0.0
0.0
0.0
0.0
0.0
0.0
0.0
0.0
0.0
0.0
0.0
0.0
0.0
0.0
0.0
0.0
0.0
0.0
0.0
0.0
0.0
0.0
0.0
0.0
0.0
0.0
0.0
0.0
0.0
0.0
0.0
0.0
0.0
0.0
0.0
0.0
0.0
0.0
0.0
0.0
0.0
0.0
0.0
0.0
0.0
0.0
0.0
0.0
0.0
0.0
0.0
0.0
0.0
0.0
0.0
0.0
0.0
0.0
0.0
0.0
0.0
0.0
0.0
0.0
0.0
0.0
0.0
0.0
0.0
0.0
0.0
0.0
0.0
0.0
0.0
0.0
0.0
0.0
0.0
0.0
0.0
0.0
0.0
0.0
0.0
0.0
0.0
0.0
0.0
0.0
0.0
0.0
0.0
0.0
0.0
0.0
0.0
0.0
0.0
0.0
0.0
0.0
0.0
0.0
0.0
0.0
0.0
0.0
0.0
0.0
0.0
0.0
0.0
0.0
0.0
0.0
0.0
0.0
0.0
0.0
0.0
0.0
0.0
0.0
0.0
0.0
0.0
0.0
0.0
0.0
0.0
0.0
0.0
0.0
0.0
0.0
0.0
0.0
0.0
0.0
0.0
0.0
0.0
0.0
0.0
0.0
0.0
0.0
0.0
0.0
0.0
0.0
0.0
0.0
0.0
0.0
0.0
0.0
0.0
0.0
0.0
0.0
0.0
0.0
0.0
0.0
0.0
0.0
0.0
0.0
0.0
0.0
0.0
0.0
0.0
0.0
0.0
0.0
0.0
0.0
0.0
0.0
0.0
0.0
0.0
0.0
0.0
0.0
0.0
0.0
0.0
0.0
0.0
0.0
0.0
0.0
0.0
0.0
0.0
0.0
0.0
0.0
0.0
0.0
0.0
0.0
0.0
0.0
0.0
0.0
0.0
0.0
0.0
0.0
0.0
0.0
0.0
0.0
0.0
0.0
0.0
0.0
0.0
0.0
0.0
0.0
0.0
0.0
0.0
0.0
0.0
0.0
0.0
0.0
0.0
0.0
0.0
0.0
0.0
0.0
0.0
0.0
0.0
0.0
0.0
0.0
0.0
0.0
0.0
0.0
0.0
0.0
0.0
0.0
0.0
0.0
0.0
0.0
0.0
0.0
0.0
0.0
0.0
0.0
0.0
0.0
0.0
0.0
0.0
0.0
0.0
0.0
0.0
0.0
0.0
0.0
0.0
0.0
0.0
0.0
0.0
0.0
0.0
0.0
0.0
0.0
0.0
0.0
0.0
0.0
0.0
0.0
0.0
0.0
0.0
0.0
0.0
0.0
0.0
0.0
0.0
0.0
0.0
0.0
0.0
0.0
0.0
0.0
0.0
0.0
0.0
0.00042161768668916695
0.002786869156009578
0.012277102595548654
0.036045971867341174
0.07053410206283099
0.09198628775334058
0.07995186365337222
0.04631435695549473
0.025688644974013086
0.007567123536404995
0.001485600372509836
0.00019438140790074913
1.695075299169188e-05
9.851555661769777e-07
3.8159456791426966e-08
9.85101772068365e-10
1.6948901861197264e-11
1.9434956723321269e-13
1.4852759161287392e-15
7.565057760056909e-18
2.5680229800759094e-20
5.80987931784854e-23
8.760257361833604e-26
8.803354024347316e-29
5.896048094701019e-32
2.6318153515244844e-35
7.829451937389862e-39
1.5523471806351058e-42
0.0
0.0
0.0
0.0
0.0
0.0
0.0
0.0
0.0
0.0
0.0
0.0
0.0
0.0
0.0
0.0
0.0
0.0
0.0
0.0
0.0
0.0
0.0
0.0
0.0
0.0
0.0
0.0
0.0
0.0
0.0
0.0
0.0
0.0
0.0
0.0
0.0
0.0
0.0
0.0
0.0
0.0
0.0
0.0
0.0
0.0
0.0
0.0
0.0
0.0
0.0
0.0
0.0
0.0
0.0
0.0
0.0
0.0
0.0
0.0
0.0
0.0
0.0
0.0
0.0
0.0
0.0
0.0
0.0
0.0
0.0
0.0
0.0
0.0
0.0
0.0
0.0
0.0
0.0
0.0
0.0
0.0
0.0
0.0
0.0
0.0
0.0
0.0
0.0
0.0
0.0
0.0
0.0
0.0
0.0
0.0
0.0
0.0
0.0
0.0
0.0
0.0
0.0
0.0
0.0
0.0
0.0
0.0
0.0
0.0
0.0
0.0
0.0
0.003094999981650165
0.02212918524150497
0.10545125333792563
0.33490344561034113
0.708873977372787
1.0
0.9401832602612283
0.5891238120293758
0.2460266696448727
0.06847615192025615
0.01270217389316111
0.0015703566909765823
0.00012938982123746352
7.1053170993408036e-06
2.6004491419213225e-07
6.343001478503194e-09
1.03115228603571e-10
1.117203669333192e-12
8.067211555953476e-15
3.88236253154811e-17
1.2452320096738757e-19
2.161659382133452e-21
3.525689250814365e-24
3.832501637827289e-27
2.7765290062082997e-30
1.3406136246733501e-33
4.3140640724472274e-37
9.252329724156115e-41
0.0
0.0
0.0
0.0
0.0
0.0
0.0
0.0
0.0
0.0
0.0
0.0
0.0
0.0
0.0
0.0
0.0
0.0
0.0
0.0
0.0
0.0
0.0
0.0
0.0
0.0
0.0
0.0
0.0
0.0
0.0
0.0
0.0
0.0
0.0
0.0
0.0
0.0
0.0
0.0
0.0
0.0
0.0
0.0
0.0
0.0
0.0
0.0
0.0
0.0
0.0
0.0
0.0
0.0
0.0
0.0
0.0
0.0
0.0
0.0
0.0
0.0
0.0
0.0
0.0
0.0
0.0
0.0
0.0
0.0
0.0
0.0
0.0
0.0
0.0
0.0
0.0
0.0
0.0
0.0
0.0
0.0
0.0
0.0
0.0
0.0
0.0
0.0
0.0
0.0
0.0
0.0
0.0
0.0
0.0
0.0
0.0
1.0916758280035582e-35
9.376128049344437e-35
5.367041008736793e-34
2.0475185530228258e-33
5.20597796887881e-33
8.82182329219214e-33
9.963133069163495e-33
7.499202062692366e-33
3.7619734706399874e-33
1.2577604946691506e-33
2.8026038809877913e-34
4.1620475406734616e-35
4.1193994086588686e-36
2.71732957883011e-37
1.194626868558879e-38
3.500288076438471e-40
6.835288457829048e-42
8.895931983634763e-44
7.71627342810749e-46
4.460723576898566e-48
1.7186386046911484e-50
4.413116194246188e-53
7.552447410740904e-56
8.614133650516127e-59
6.548126332876465e-62
4.353329492821032e-64
1.6827886083119767e-67
4.33529980157573e-71
0.0
0.0
0.0
0.0
0.0
0.0
0.0
0.0
0.0
0.0
0.0
0.0
0.0
0.0
0.0
0.0
0.0
0.0
0.0
0.0
0.0
0.0
0.0
0.0
0.0
0.0
0.0
0.0
0.0
0.0
0.0
0.0
0.0
0.0
0.0
0.0
0.0
0.0
0.0
0.0
0.0
0.0
0.0
0.0
0.0
0.0
0.0
0.0
0.0
0.0
0.0
0.0
0.0
0.0
0.0
0.0
0.0
0.0
0.0
0.0
0.0
0.0
0.0
0.0
0.0
0.0
0.0
0.0
0.0
0.0
0.0
0.0
0.0
0.0
0.0
0.0
0.0
0.0
0.0
0.0
0.0
0.0
0.0
0.0
0.0
0.0
0.0
4.1859387625814485e-36
2.722993495368995e-35
1.1805432038106715e-34
3.4111334884218345e-34
6.568967193134396e-34
8.430959808308707e-34
7.211713965490691e-34
4.111322221786392e-34
1.5620901224417392e-34
3.9555985136953237e-35
6.675747042506397e-36
7.5087749359245604e-37
5.628852268541409e-38
7.98769032957088e-39
3.0449107207128076e-40
7.735875206044652e-42
1.3098630619087337e-43
1.4781682968691115e-45
1.1117404818235215e-47
5.572685123291868e-50
1.861689020124404e-52
4.1450647436706626e-55
6.1508770725785204e-58
6.083091162940173e-61
4.0095270757709346e-64
1.7613413233116293e-67
5.156742507823377e-71
1.006210665567005e-74
0.0
0.0
0.0
0.0
0.0
0.0
0.0
0.0
0.0
0.0
0.0
0.0
0.0
0.0
0.0
0.0
0.0
0.0
0.0
0.0
0.0
0.0
0.0
0.0
0.0
0.0
0.0
0.0
0.0
0.0
0.0
0.0
0.0
0.0
0.0
0.0
0.0
0.0
0.0
0.0
0.0
0.0
0.0
0.0
0.0
0.0
0.0
0.0
0.0
0.0
0.0
0.0
0.0
0.0
0.0
0.0
0.0
0.0
0.0
0.0
0.0
0.0
0.0
0.0
0.0
0.0
0.0
0.0
0.0
0.0
0.0
0.0
0.0
0.0
0.0
0.0
0.0
0.0
0.0
0.0
0.0
0.0
0.0
0.0
0.0
0.0
0.0
0.0
0.0
0.0
0.0
0.0
0.0
0.0
0.0
0.0
0.0
0.0
0.0
0.0
0.0
0.0
0.0
0.0
0.0
0.0
0.0
0.0
0.0
0.0
0.0
0.0
0.0
0.0
0.0
0.0
0.0
0.0
0.0
0.0
0.0
0.0
0.0
0.0
0.0
0.0
0.0
0.0
0.0
0.0
0.0
0.0
0.0
0.0
0.0
0.0
0.0
0.0
0.0
0.0
0.0
0.0
0.0
0.0
0.0
0.0
0.0
0.0
0.0
0.0
0.0
0.0
0.0
0.0
0.0
0.0
0.0
0.0
0.0
0.0
0.0
0.0
0.0
0.0
0.0
0.0
0.0
0.0
0.0
0.0
0.0
0.0
0.0
0.0
0.0
0.0
0.0
0.0
0.0015737339110192638
0.011094467176652235
0.052127049576413134
0.16323052863783183
0.3406600283075904
0.4738299599442305
0.43924356206244825
0.2713750024730566
0.11174184149499732
0.030665027338020467
0.005608573767631951
0.0006836645558029612
0.00013415422161047722
8.315675859478694e-06
3.435360432722084e-07
9.458638214247977e-09
1.7356672447213825e-10
2.122686554589304e-12
1.730162196768283e-14
9.398733090142852e-17
3.4027760112310173e-19
8.210676790440152e-22
1.3204017736823357e-24
1.4151901254787695e-27
1.010892625524526e-30
4.81256729436416e-34
1.5269687546163458e-37
3.228977611418106e-41
0.0
0.0
0.0
0.0
0.0
0.0
0.0
0.0
0.0
0.0
0.0
0.0
0.0
0.0
0.0
0.0
0.0
0.0
0.0
0.0
0.0
0.0
0.0
0.0
0.0
0.0
0.0
0.0
0.0
0.0
0.0
0.0
0.0
0.0
0.0
0.0
0.0
0.0
0.0
0.0
0.0
0.0
0.0
0.0
0.0
0.0
0.0
0.0
0.0
0.0
0.0
0.0
0.0
0.0
0.0
0.0
0.0
0.0
0.0
0.0
0.0
0.0
0.0
0.0
0.0
0.0
0.0
3.5756645090664926e-35
2.4199826962213625e-34
1.0915642550576176e-33
3.281465924116463e-33
6.574580390998566e-33
8.779094616216842e-33
7.812912623518347e-33
4.63401839353215e-33
1.831825445347068e-33
4.8260516957110525e-34
8.473862255253671e-35
9.916362145754581e-36
7.734013141622288e-37
4.0201196652331963e-38
1.3926904706302169e-39
3.2155241480385214e-41
4.948009160929822e-43
5.0744708589078954e-45
3.4684271636936504e-47
1.5799958382603329e-49
3.465551676820017e-51
8.027832894668747e-54
1.2393838035768098e-56
1.2752486055528888e-59
8.745113418743336e-63
3.9968475515534855e-66
1.2174503786392038e-69
2.471533507478611e-73
0.0
0.0
0.0
0.0
0.0
0.0
0.0
0.0
0.0
0.0
0.0
0.0
0.0
0.0
0.0
0.0
0.0
0.0
0.0
0.0
0.0
0.0
0.0
0.0
0.0
0.0
0.0
0.0
0.0
0.0
0.0
0.0
0.0
0.0
0.0
0.0
0.0
0.0
0.0
0.0
0.0
0.0
0.0
0.0
0.0
0.0
0.0
0.0
0.0
0.0
0.0
0.0
0.0
0.0
0.0
0.0
0.0
0.0
0.0
0.0
0.0
0.0
6.633327736500993e-68
5.309490736232519e-67
2.8324081002497367e-66
1.0070251946468164e-65
2.3861975362656925e-65
3.7683739926895124e-65
3.966277999308855e-65
3.2756949143419876e-65
1.7532150087136223e-65
6.25386441539895e-66
1.4867682947951298e-66
2.35569830365711e-67
2.4875830868072652e-68
1.7507215182097126e-69
8.21179487116679e-71
2.5670874467518995e-72
5.3484111053912645e-74
7.426607109597052e-76
6.872862640815946e-78
4.239029391599637e-80
1.742515859285485e-82
4.7738481366870764e-85
8.7164974487667e-88
1.0607107336328965e-90
8.602674049829408e-94
4.649984665271529e-97
1.67514004778845e-100
4.02190928237021e-104
0.0
0.0
0.0
0.0
0.0
0.0
0.0
0.0
0.0
0.0
0.0
0.0
0.0
0.0
0.0
0.0
0.0
0.0
0.0
0.0
0.0
0.0
0.0
0.0
0.0
0.0
0.0
0.0
0.0
0.0
0.0
0.0
0.0
0.0
0.0
0.0
0.0
0.0
0.0
0.0
0.0
0.0
0.0
0.0
0.0
0.0
0.0
0.0
0.0
0.0
0.0
0.0
0.0
0.0
0.0
0.0
0.0
0.0
0.0
9.843365056719429e-06
8.814075537678614e-05
0.0005260069623080001
0.0020921256554649495
0.005545817655324483
0.009797718443833243
0.011536282226879815
0.009052912809072186
0.0047346987430900035
0.0016503570506699288
0.0003833937447366521
5.9359971123494085e-05
6.125250963979196e-06
4.2124585630002277e-07
1.9307628972361044e-08
5.897986789131218e-10
1.2007710107145395e-11
1.6292890614390764e-13
1.4733897262771156e-15
8.880116857819879e-18
3.566984915546432e-20
9.54916533424448e-23
1.703770526024529e-25
2.00051779982956e-27
1.8150587565329833e-30
1.0975403741405768e-33
4.4231520620037515e-37
1.1880228209989617e-40
0.0
0.0
0.0
0.0
0.0
0.0
0.0
0.0
0.0
0.0
0.0
0.0
0.0
0.0
0.0
0.0
0.0
0.0
0.0
0.0
0.0
0.0
0.0
0.0
0.0
0.0
0.0
0.0
0.0
0.0
0.0
0.0
0.0
0.0
0.0
0.0
0.0
0.0
0.0
0.0
0.0
0.0
0.0
0.0
0.0
0.0
0.0
0.0
0.0
0.0
0.0
0.0
0.0
0.0
0.0
0.0
9.674058771205781e-05
0.0008678629742777819
0.005188898165635331
0.020676674115345486
0.05491206380023474
0.09719331570587016
0.11465330494912802
0.09014015616427182
0.047231483044437604
0.016494015824258416
0.003838864468233658
0.0005954711160164963
6.156022088155256e-05
4.241516752617329e-06
1.9477075694686153e-07
5.960845503459181e-09
4.6551262968972947e-10
7.24466256492196e-12
7.514263222906647e-14
5.19440962423964e-16
2.3931368436243605e-18
7.348190718970861e-21
1.5037472792188658e-23
2.0509299992610994e-26
1.8642681024120096e-29
1.1293991285671006e-32
4.560033948711225e-36
1.2270725805988617e-39
0.0
0.0
0.0
0.0
0.0
0.0
0.0
0.0
0.0
0.0
0.0
0.0
0.0
0.0
0.0
0.0
0.0
0.0
0.0
0.0
0.0
0.0
0.0
0.0
0.0
0.0
0.0
0.0
0.0
0.0
0.0
0.0
0.0
0.0
0.0
0.0
0.0
0.0
0.0
0.0
0.0
0.0
0.0
0.0
0.0
0.0
0.0
0.0
0.0
0.0
0.0
0.0
0.0
0.0
2.525738714203482e-35
1.8431885328103287e-34
8.964635723321216e-34
2.9058760254494365e-33
6.27773624550326e-33
9.038796248256999e-33
8.673605720331324e-33
5.547155038523576e-33
2.3644083275896385e-33
6.716703920289124e-34
1.2716613650498915e-34
3.346692820543238e-35
3.222060603702897e-36
2.0674409100560667e-37
8.841257813030853e-39
2.5198608097510613e-40
4.7865279332060744e-42
6.059631177405247e-44
5.112735589393492e-46
2.8750276340841545e-48
1.0774875522628062e-50
2.691312001727726e-53
4.480199804428392e-56
4.970639487384929e-59
3.675434576443766e-62
1.8112845214942443e-65
5.949030605813399e-69
1.302228748675212e-72
0.0
0.0
0.0
0.0
0.0
0.0
0.0
0.0
0.0
0.0
0.0
0.0
0.0
0.0
0.0
0.0
0.0
0.0
0.0
0.0
0.0
0.0
0.0
0.0
0.0
0.0
0.0
0.0
0.0
0.0
0.0
0.0
0.0
0.0
0.0
0.0
0.0
0.0
0.0
0.0
0.0
0.0
0.0
0.0
0.0
0.0
0.0
0.0
0.0
0.0
0.0
2.510336151934475e-37
2.089975062767351e-36
1.1596632009254131e-35
4.2884879705227193e-35
1.0569588134407726e-34
1.736174930474221e-34
1.900686305312425e-34
1.3867844345099735e-34
6.743556793728255e-35
2.1854990833420274e-35
8.230493853495494e-36
1.3564071939057537e-36
1.4898269365087196e-37
1.090594010161719e-38
5.320738832677754e-40
1.7300646185423707e-41
3.749162418060387e-43
5.4148662480553067e-45
5.212220265851816e-47
3.3437926248220847e-49
1.4296754471410763e-51
4.073963467351448e-54
7.737102490423424e-57
9.793120935053077e-60
8.261243698867568e-63
4.644631869663954e-66
1.7403584658531736e-69
4.346179617598826e-73
0.0
0.0
0.0
0.0
0.0
0.0
0.0
0.0
0.0
0.0
0.0
0.0
0.0
0.0
0.0
0.0
0.0
0.0
0.0
0.0
0.0
0.0
0.0
0.0
0.0
0.0
0.0
0.0
0.0
0.0
0.0
0.0
0.0
0.0
0.0
0.0
0.0
0.0
0.0
0.0
0.0
0.0
0.0
0.0
0.0
0.0
0.0
0.0
0.0
0.0
0.0
0.0
0.0
0.0
0.0
0.0
0.0
0.0
0.0
0.0
0.0
0.0
0.0
0.0
0.0
0.0
0.0
0.0
0.0
0.0
0.0
0.0
0.0
0.0
0.0
0.0
0.0
0.0
0.0
0.0
0.0
0.0
0.0
0.0
0.0
0.0
0.0
0.0
0.0
0.0
0.0
0.0
0.0
0.0
0.0
0.0
0.0
0.0
0.0
0.0
0.0
0.0
0.0
0.0
0.0
0.0
0.0
0.0
0.0
0.0
0.0
0.0
0.0
0.0
0.0
0.0
0.0
0.0
0.0
0.0
0.0
0.0
0.0
0.0
0.0
2.7005357776235626e-05
0.00024974155174649235
0.0015392643977725014
0.006322912784852318
0.01731022474352078
0.03158419190316745
0.03840770711536625
0.031127808128908627
0.016813582091563056
0.006052760707516767
0.0014522062745059672
0.0004475542701385324
5.4603827956548826e-05
4.439990310450668e-06
2.4061489216357995e-07
8.690495365953868e-09
2.0919346313653417e-10
3.3560871895541367e-12
3.5883922391118974e-14
2.5571024631721117e-16
1.2144451381968042e-18
3.8440516894620165e-21
8.109276061823591e-24
1.1401355826389519e-26
1.0683473144087098e-29
6.671906839990912e-33
2.7769562188797236e-36
7.703172798797988e-40
0.0
0.0
0.0
0.0
0.0
0.0
0.0
0.0
0.0
0.0
0.0
0.0
0.0
0.0
0.0
0.0
0.0
0.0
0.0
0.0
0.0
0.0
0.0
0.0
0.0
0.0
0.0
0.0
0.0
0.0
0.0
0.0
0.0
0.0
0.0
0.0
0.0
0.0
0.0
0.0
0.0
0.0
0.0
0.0
0.0
0.0
0.0
1.3976217899639296e-35
1.0076982870013579e-34
4.842313753910062e-34
1.550803881974496e-33
3.310109657366726e-33
4.708791181093258e-33
4.464347884122321e-33
2.820903151762865e-33
1.1879546742124979e-33
3.334211257410656e-34
6.236887415407438e-35
7.775426916858111e-36
6.460440500534471e-37
9.818720918840385e-38
4.1485409733123586e-39
1.168200531961332e-40
2.1924059081055204e-42
2.7422438805235037e-44
2.2859816318102188e-46
1.2700503692584307e-48
4.7027371122544405e-51
1.1605450590749545e-53
1.9087755358516073e-56
2.092325565256406e-59
1.5285695753463923e-62
7.442566244925502e-66
2.4151369082020233e-69
5.2232684746040444e-73
0.0
0.0
0.0
0.0
0.0
0.0
0.0
0.0
0.0
0.0
0.0
0.0
0.0
0.0
0.0
0.0
0.0
0.0
0.0
0.0
0.0
0.0
0.0
0.0
0.0
0.0
0.0
0.0
0.0
0.0
0.0
0.0
0.0
0.0
0.0
0.0
0.0
0.0
0.0
0.0
0.0
0.0
0.0
0.0
0.0
4.7751384047851706e-37
3.647400738332989e-36
1.856788970305543e-35
6.299747775186319e-35
1.4245094157266637e-34
2.146787385599191e-34
2.1562260742983073e-34
1.4433813863455313e-34
6.439460084105668e-35
1.9146939226494294e-35
3.7942925255972235e-36
5.011223930714412e-37
4.4110132045402014e-38
2.5877031466021827e-39
1.0117474026968174e-40
2.6363999249581703e-42
4.578592907958174e-44
2.4508311134614777e-45
2.1643959172175214e-47
1.273918296521622e-49
4.9972145118292344e-52
1.3064595203868923e-54
2.2763837236450687e-57
2.64348307151605e-60
2.0459223358407695e-63
1.0553178935763403e-66
3.6279309149579435e-70
8.312205336063158e-74
0.0
0.0
0.0
0.0
0.0
0.0
0.0
0.0
0.0
0.0
0.0
0.0
0.0
0.0
0.0
0.0
0.0
0.0
0.0
0.0
0.0
0.0
0.0
0.0
0.0
0.0
0.0
0.0
0.0
0.0
0.0
0.0
0.0
0.0
0.0
0.0
0.0
0.0
0.0
0.0
0.0
0.0
0.0
0.0
6.32069840105187e-06
4.941472197164525e-05
0.00025747151742235263
0.0008940948166132439
0.002069281189529168
0.0031918097044294344
0.0032812250614890843
0.002248105029814998
0.0010265467273729767
0.0003124081797979398
6.33647343388729e-05
8.565532918572361e-06
7.71689705571339e-07
4.633536337286165e-08
1.8542316416956818e-09
4.945349056147277e-11
8.790457159443024e-13
1.0413758955105025e-14
8.222144941708244e-17
4.32657547269758e-19
1.5173472703297755e-21
3.546559413216437e-24
4.9856631712315336e-26
5.925810603282552e-29
4.694119562853202e-32
2.4782326585828044e-35
8.71990096941457e-39
2.0448552826695765e-42
0.0
0.0
0.0
0.0
0.0
0.0
0.0
0.0
0.0
0.0
0.0
0.0
0.0
0.0
0.0
0.0
0.0
0.0
0.0
0.0
0.0
0.0
0.0
0.0
0.0
0.0
0.0
0.0
0.0
0.0
0.0
0.0
0.0
0.0
0.0
0.0
0.0
0.0
0.0
0.0
0.0
0.0
0.0
0.0002446360202442227
0.0017498696628814815
0.008342045400043848
0.018860417721412788
0.045721527871380806
0.07387061426609322
0.07954341533066563
0.05708451377426271
0.02730322364345243
0.008703443109033766
0.0018490549235158622
0.0002618123182529398
2.4706537714258316e-05
1.5538720335004164e-06
6.513286166883899e-08
1.8195609896643685e-09
3.387775500262117e-11
4.2038206275234416e-13
3.47660442804275e-15
1.9162312980445226e-17
7.039180923829333e-20
1.7233674041761977e-22
2.811999047814594e-25
3.0579755756618697e-28
2.216329890381989e-31
1.0705731399938503e-34
3.446512283118323e-38
7.394773333558696e-42
0.0
0.0
0.0
0.0
0.0
0.0
0.0
0.0
0.0
0.0
0.0
0.0
0.0
0.0
0.0
0.0
0.0
0.0
0.0
0.0
0.0
0.0
0.0
0.0
0.0
0.0
0.0
0.0
0.0
0.0
0.0
0.0
0.0
0.0
0.0
0.0
0.0
0.0
0.0
0.0
0.0
0.0
8.22304845763588e-37
6.640361659876743e-36
3.5738158072546335e-35
1.2818999944300361e-34
3.064486228888328e-34
4.882505606811508e-34
5.1845298046775025e-34
3.669083103309902e-34
1.7305624243039776e-34
5.439995482046107e-35
2.0074292382283627e-35
3.208884570821247e-36
3.418609482369171e-37
2.42731667271805e-38
1.1486426375421503e-39
3.6226383110304956e-41
7.61459073897192e-43
1.0667182004111945e-44
9.959427904192669e-47
6.19727299092628e-49
2.570090466803738e-51
7.103587629680599e-54
1.3085448785927493e-56
1.6065011841013308e-59
1.3144831583490907e-62
7.168207202772503e-66
2.605239312644687e-69
6.310535928454374e-73
0.0
0.0
0.0
0.0
0.0
0.0
0.0
0.0
0.0
0.0
0.0
0.0
0.0
0.0
0.0
0.0
0.0
0.0
0.0
0.0
0.0
0.0
0.0
0.0
0.0
0.0
0.0
0.0
0.0
0.0
0.0
0.0
0.0
0.0
0.0
0.0
0.0
0.0
0.0
0.0
0.0
0.0
1.4980734382072042e-37
1.0283936555877787e-36
4.705082272398901e-36
1.4346851502799879e-35
2.9155972549810767e-35
3.94893522840615e-35
3.5646265399786666e-35
2.144517577784949e-35
8.598579928068783e-36
2.2977639056563728e-36
4.09228264364498e-37
4.857439370481229e-38
3.8426488862665246e-39
2.025981926540578e-40
7.119048934443271e-42
1.6672085842837198e-43
2.6021926481464412e-45
1.2971991163714994e-46
1.0295767631215547e-48
5.446184734893394e-51
1.9200279597781225e-53
4.511326770949682e-56
7.064518496312112e-59
7.372968790871599e-62
5.128422215439388e-65
2.3774243046435603e-68
7.345327631123133e-72
1.512506304709244e-75
0.0
0.0
0.0
0.0
0.0
0.0
0.0
0.0
0.0
0.0
0.0
0.0
0.0
0.0
0.0
0.0
0.0
0.0
0.0
0.0
0.0
0.0
0.0
0.0
0.0
0.0
0.0
0.0
0.0
0.0
0.0
0.0
0.0
0.0
0.0
0.0
0.0
0.0
0.0
0.0
0.0
0.0
0.0
0.0
0.0
0.0
0.0
0.0
0.0
0.0
0.0
0.0
0.0
0.0
0.0
0.0
0.0
0.0
0.0
0.0
0.0
0.0
0.0
0.0
0.0
0.0
0.0
0.0
0.0
0.0
0.0
0.0
0.0
0.0
0.0
0.0
0.0
0.0
0.0
0.0
0.0
0.0
0.0
0.0
0.0
0.0
0.0
0.0
0.0
0.0
0.0
0.0
0.0
0.0
0.0
0.0
0.0
0.0
0.0
0.0
0.0
0.0
0.0
0.0
0.0
0.0
0.0
0.0
0.0
0.0
0.0
0.0
0.0
0.0
0.0
0.0
0.0
0.0
0.0
0.0
0.0
0.0
0.0
0.0
0.0
0.0
0.0
0.0
0.0
0.0
0.0
0.0
0.0
0.0
0.0
0.0
0.0
0.0
0.0
0.0
0.0
0.0
0.0
0.0
0.0
0.0
0.0
0.0
0.0
0.0
0.0
0.0
0.0
0.0
0.0
0.0
0.0
0.0
0.0
0.0
0.0
0.0
0.0
0.0
0.0
0.0
0.0
0.0
0.0
0.0
0.0
0.0
0.0
0.0
0.0
0.0
0.0
0.0
0.0
0.0
0.0
0.0
0.0
0.0
0.0
0.0
0.0
0.0
0.0
0.0
0.0
0.0
0.0
0.0
0.0
0.0
0.0
0.0
0.0
0.0
0.0
0.0
0.0
0.0
0.0
0.0
0.0
0.0
0.0
0.0
0.0
0.0
0.0
0.0
0.0
0.0
0.0
0.0
0.0
0.0
0.0
0.0
0.0
0.0
0.0
0.0
0.0
0.0
0.0
0.0
0.0
0.0
0.0
0.0
0.0
0.0
0.0
0.0
0.0
0.0
0.0
0.0
0.0
0.0
0.0
0.0
0.0
0.0
0.0
0.0
0.0
0.0
0.0
0.0
0.0
0.0
0.0
0.0
0.0
0.0
0.0
0.0
0.0
0.0
0.0
0.0
0.0
0.0
0.0
0.0
0.0
0.0
0.0
0.0
0.0
0.0
0.0
0.0
0.0
0.0
0.0
0.0
0.0
0.0
0.0
0.0
0.0
0.0
0.0
0.0
0.0
0.0
0.0
0.0
0.0
0.0
0.0
0.0
0.0
0.0
0.0
0.0
0.0
0.0
0.0
0.0
0.0
0.0
0.0
0.0
0.0
0.0
0.0
0.0
0.0
0.0
0.0
0.0
0.0
0.0
0.0
0.0
0.0
0.0
0.0
0.0
0.0
0.0
0.0
0.0
0.0
0.0
0.0
0.0
0.0
0.0
0.0
0.0
0.0
0.0
0.0
0.0
0.0
0.0
0.0
0.0
0.0
0.0
0.0
0.0
0.0
0.0
0.0
0.0
0.0
0.0
0.0
0.0
0.0
0.0
0.0
0.0
0.0
0.0
0.0
0.0
0.0
0.0
0.0
0.0
0.0
0.0
0.0
0.0
0.0
0.0
0.0
0.0
0.0
0.0
0.0
0.0
0.0
0.0
0.0
0.0
0.0
0.0
0.0
0.0
0.0
0.0
0.0
0.0
0.0
0.0
0.0
0.0
0.0
0.0
0.0
0.0
0.0
0.0
0.0
0.0
0.0
0.0
0.0
0.0
0.0
0.0
0.0
0.0
0.0
0.0
0.0
0.0
0.0
0.0
0.0
0.0
0.0
0.0
0.0
0.0
0.0
0.0
0.0
0.0
0.0
0.0
0.0
0.0
0.0
0.0
0.0
0.0
