a = 5.569996259469378 b = 5.569996259469378 c = 5.569996259469378 ,Gaussian ,LMH = 0.08 ,DW = [1.4 1.4]
0.0
0.0
0.0
0.0
0.0
0.0
0.0
0.0
0.0
0.0
0.0
0.0
0.0
0.0
0.0
0.0
0.0
0.0
0.0
0.0
0.0
0.0
0.0
0.0
0.0
0.0
0.0
0.0
0.0
0.0
0.0
0.0
0.0
0.0
0.0
0.0
0.0
0.0
0.0
0.0
0.0
0.0
0.0
0.0
0.0
0.0
0.0
0.0
0.0
0.0
0.0
0.0
0.0
0.0
0.0
0.0
0.0
0.0
0.0
0.0
0.0
0.0
0.0
0.0
0.0
0.0
0.0
0.0
0.0
0.0
0.0
0.0
0.0
0.0
0.0
0.0
0.0
0.0
0.0
0.0
0.0
0.0
0.0
0.0
0.0
0.0
0.0
0.0
0.0
0.0
0.0
0.0
0.0
0.0
0.0
0.0
0.0
0.0
0.0
0.0
0.0
0.0
0.0
0.0
0.0
0.0
0.0
0.0
0.0
0.0
0.0
0.0
0.0
0.0
0.0
0.0
0.0
0.0
0.0
0.0
0.0
0.0
0.0
0.0
0.0
0.0
0.0
0.0
0.0
0.0
0.0
0.0
0.0
0.0
0.0
0.0
0.0
0.0
0.0
0.0
0.0
0.0
0.0
0.0
0.0
0.0
0.0
0.0
0.0
0.0
0.0
0.0
0.0
0.0
0.0
0.0
0.0
0.0
0.0
0.0
0.0
0.0
0.0
0.0
0.0
0.0
0.0
0.0
0.0
0.0
0.0
0.0
0.0
0.0
0.0
0.0
0.0
0.0
0.0
0.0
0.0
0.0
0.0
0.0
0.0
0.0
0.0
0.0
0.0
0.0
0.0
0.0
0.0
0.0
0.0
0.0
0.0
0.0
0.0
0.0
0.0
0.0
0.0
0.0
0.0
0.0
0.0
0.0
0.0
0.0
0.0
0.0
0.0
0.0
0.0
0.0
0.0
0.0
0.0
0.0
0.0
0.0
0.0
0.0
0.0
0.0
0.0
0.0
0.0
0.0
0.0
0.0
0.0
0.0
0.0
0.0
0.0
0.0
0.0
0.0
0.0
0.0
0.0
0.0
0.0
0.0
0.0
0.0
0.0
0.0
0.0
0.0
0.0
0.0
0.0
0.0
0.0
0.0
0.0
0.0
0.0
0.0
0.0
0.0
0.0
0.0
0.0
0.0
0.0
0.0
0.0
0.0
0.0
0.0
0.0
0.0
0.0
0.0
0.0
0.0
0.0
0.0
0.0
0.0
0.0
0.0
0.0
0.0
0.0
0.0
0.0
0.0
0.0
0.0
0.0
0.0
0.0
0.0
0.0
0.0
0.0
0.0
0.0
0.0
0.0
0.0
0.0
0.0
0.0
0.0
0.0
0.0
0.0
0.0
0.0
0.0
0.0
0.0
0.0
0.0
0.0
0.0
0.0
0.0
0.0
0.0
0.0
0.0
0.0
0.0
0.0
0.0
0.0
0.0
0.0
0.0
0.0
0.0
0.0
0.0
0.0
0.0
0.0
0.0
0.0
0.0
0.0
0.0
0.0
0.0
0.0
0.0
0.0
0.0
0.0
0.0
0.0
0.0
0.0
0.0
0.0
0.0
0.0
0.0
0.0
0.0
0.0
0.0
0.0
0.0
0.0
0.0
0.0
0.0
0.0
0.0
0.0
0.0
0.0
0.0
0.0
0.0
0.0
0.0
0.0
0.0
0.0
0.0
0.0
0.0
0.0
0.0
0.0
0.0
0.0
0.0
2.2392711721522946e-35
2.1087621481272865e-34
1.3235186152618634e-33
3.5944508691534833e-33
1.1471959065815036e-32
2.440192981813442e-32
3.4593324995209184e-32
3.268451074464298e-32
2.0581319660776597e-32
8.637458938500053e-33
2.4159076098335757e-33
4.503562518203879e-34
5.595174276739067e-35
4.632896402208013e-36
2.556660770444845e-37
9.403189200575287e-39
2.304935568306799e-40
3.765511281018442e-42
4.099875459802479e-44
2.9750818894644334e-46
1.4388275076692333e-48
4.63767262299578e-51
9.962606853906824e-54
1.4263543958699588e-56
1.3610166730872295e-59
8.655277457501921e-63
3.668428775169172e-66
1.0362409164393288e-69
0.0
0.0
0.0
0.0
0.0
0.0
0.0
0.0
0.0
0.0
0.0
0.0
0.0
0.0
0.0
0.0
0.0
0.0
0.0
0.0
0.0
0.0
0.0
0.0
0.0
0.0
0.0
0.0
0.0
0.0
0.0
0.0
0.0
0.0
0.0
0.0
0.0
0.0
0.0
0.0
0.0
0.0
0.0
0.0
0.0
0.0
0.0
0.0
0.0
0.0
0.0
0.0
0.0
0.0
0.0
0.0
0.0
0.0
0.0
0.0
0.0
0.0
0.0
0.0
0.0
0.0
0.0
0.0
0.0
0.0
0.0
0.0
0.0
0.0
0.0
0.0
0.0
0.0
0.0
0.0
0.0
0.0
0.0
0.0
0.0
0.0
0.0
0.0
0.0
0.0
0.0
0.0
0.0
0.0
0.0
0.0
0.0
0.0
0.0
0.0
0.0
0.0
0.0
0.0
0.0
0.0
0.0
0.0
0.0
0.0
0.0
0.0
0.0
0.0
0.0
0.0
0.0
0.0
0.0
0.0
0.0
0.0
0.0
0.0
0.0
0.0
0.0
0.0
0.0
0.0
0.0
0.0
0.0
0.0
0.0
0.0
0.0
0.0
0.0
0.0
0.0
0.0
0.0
0.0
0.0
0.0
0.0
0.0
0.0
0.0
0.0
0.0
0.0
0.0
0.0
0.0
0.0
0.0
0.0
0.0
0.0
0.0
0.0
0.0
0.0
0.0
0.0
0.0
0.0
0.0
0.0
0.0
0.0
0.0
0.0
0.0
0.0
0.0
0.0
0.0
0.0
0.0
0.0
0.0
0.0
0.0
0.0
0.0
0.0
0.0
0.0
0.0
0.0
0.0
0.0
0.0
0.0
0.0
0.0
0.0
0.0
0.0
0.0
0.0
0.0
0.0
0.0
0.0
0.0
0.0
0.0
0.0
0.0
0.0
0.0
0.0
0.0
0.0
0.0
0.0
0.0
0.0
0.0
0.0
0.0
0.0
0.0
0.0
0.0
0.0
0.0
0.0
0.0
0.0
0.0
0.0
0.0
0.0
0.0
0.0
0.0
0.0
0.0
0.0
0.0
0.0
0.0
0.0
0.0
0.0
0.0
0.0
0.0
0.0
0.0
0.0
0.0
0.0
0.0
0.0
0.0
0.0
0.0
0.0
0.0
0.0
0.0
0.0
0.0
0.0
0.0
0.0
0.0
0.0
0.0
0.0
0.0
0.0
0.0
0.0
0.0
0.0
0.0
0.0
0.0
0.0
0.0
0.0
0.0
0.0
0.0
0.0
0.0
0.0
0.0
0.0
0.0
0.0
0.0
0.0
0.0
0.0
0.0
0.0
0.0
0.0
0.0
0.0
0.0
0.0
0.0
0.0
0.0
0.0
0.0
0.0
0.0
0.0
0.0
0.0
0.0
0.0
0.0
0.0
0.0
0.0
0.0
0.0
0.0
0.0
0.0
0.0
0.0
0.0
0.0
0.0
0.0
0.0
0.0
0.0
0.0
0.0
0.0
0.0
0.0
0.0
0.0
0.0
0.0
0.0
0.0
0.0
0.0
0.0
0.0
0.0
0.0
0.0
0.0
0.0
0.0
0.0
0.0
0.0
0.0
0.0
0.0
0.0
0.0
0.0
0.0
0.0
0.00013771128198774852
0.001120516149304406
0.006076426753479684
0.02196139698042799
0.05289969960697903
0.08492352206256905
0.0908624279169259
0.06479212522639158
0.03079226683408241
0.009753099299196984
0.0020588522365181344
0.000289660488829645
2.7160320360284085e-05
1.6973134994145705e-06
7.06920849521783e-08
6.779705060080868e-09
1.4358930936992347e-10
2.026818970371169e-12
1.9067307148443863e-14
1.1954882521372136e-16
4.995544260104045e-19
1.3912393657558688e-21
2.5822747730048568e-24
3.1943654173873827e-27
2.6335907408316976e-30
1.4470832813363403e-33
5.299322053720816e-37
1.2933874698832726e-40
0.0
0.0
0.0
0.0
0.0
0.0
0.0
0.0
0.0
0.0
0.0
0.0
0.0
0.0
0.0
0.0
0.0
0.0
0.0
0.0
0.0
0.0
0.0
0.0
0.0
0.0
0.0
0.0
0.0
0.0
0.0
0.0
0.0
0.0
0.0
0.0
0.0
0.0
0.0
0.0
0.0
0.0
0.0
0.0
0.0
0.0
0.0
0.0
0.0
0.0
0.0
0.0
0.0
0.0
0.0
0.0
0.0
0.0
0.0
0.0
0.0
0.0
0.0
0.0
0.0
0.0
0.0
0.0
0.0
0.0
0.0
0.0
0.0
0.0
0.0
0.0
0.0
0.0
0.0
0.0
0.0
0.0
0.0
0.0
0.0
0.0
0.0
0.0
0.0
0.0
0.0
0.0
0.0
0.0
0.0
0.0
0.0
0.0
0.0
0.0
0.0
0.0
0.0
0.0
0.0
0.0
0.0
0.0
0.0
0.0
0.0
0.0
0.0
0.0
0.0
0.0
0.0
0.0
0.0
0.0
0.0
0.0033751350645357457
0.023717550236749152
0.11107851103717856
0.34671435107902854
0.7212654597213063
1.0
0.9240307270754574
0.5690551715719875
0.23356291353170297
0.06389030213249043
0.011647897703215969
0.0014152778246555732
0.00011460865194514899
6.18549777186836e-06
2.224915151231787e-07
5.333764056306999e-09
8.521885514478699e-11
9.074425484267892e-13
6.4399742401600595e-15
3.046005406399878e-17
6.850609666683635e-19
1.6477007637192222e-21
2.641246965790257e-24
2.821767502381042e-27
2.0091621685099005e-30
9.534332748402879e-34
3.0154155191908124e-37
6.356024678140616e-41
0.0
0.0
0.0
0.0
0.0
0.0
0.0
0.0
0.0
0.0
0.0
0.0
0.0
0.0
0.0
0.0
0.0
0.0
0.0
0.0
0.0
0.0
0.0
0.0
0.0
0.0
0.0
0.0
0.0
0.0
0.0
0.0
0.0
0.0
0.0
0.0
0.0
0.0
0.0
0.0
0.0
0.0
0.0
0.0
0.0
0.0
0.0
0.0
0.0
0.0
0.0
0.0
0.0
0.0
0.0
0.0
0.0
0.0
0.0
0.0
0.0
0.0
0.0
0.0
0.0
0.0
0.0
0.0
0.0
0.0
0.0
0.0
0.0
0.0
0.0
0.0
0.0
0.0
0.0
0.0
0.0
0.0
0.0
0.0
0.0
0.0
0.0
0.0
0.0
0.0
0.0
0.0
0.0
0.0
0.0
0.0
0.0
0.0
0.0
0.0
0.0
0.0
0.0
0.0
2.0078936347595817e-35
1.5354645471348207e-34
7.825650208424571e-34
2.6581691818895917e-33
6.017642087130239e-33
9.079284744188532e-33
9.12974122400336e-33
6.1185265293071066e-33
2.7328561681362314e-33
8.135200312045106e-34
1.613991618330678e-34
2.1341053143749318e-35
1.8806672756523547e-36
1.104560825351751e-37
4.3236333011615623e-39
1.1279494016045064e-40
7.919254893296942e-42
1.0505764636080038e-43
9.288649179813411e-46
5.47342286555946e-48
2.149547230658119e-50
5.626217666817436e-53
9.814487277588703e-56
1.1410383753587201e-58
8.841265520618802e-62
4.565729358052052e-65
1.5714025130214803e-68
3.60451029737806e-72
0.0
0.0
0.0
0.0
0.0
0.0
0.0
0.0
0.0
0.0
0.0
0.0
0.0
0.0
0.0
0.0
0.0
0.0
0.0
0.0
0.0
0.0
0.0
0.0
0.0
0.0
0.0
0.0
0.0
0.0
0.0
0.0
0.0
0.0
0.0
0.0
0.0
0.0
0.0
0.0
0.0
0.0
0.0
0.0
0.0
0.0
0.0
0.0
0.0
0.0
0.0
0.0
0.0
0.0
0.0
0.0
0.0
0.0
0.0
0.0
0.0
0.0
0.0
0.0
0.0
0.0
0.0
0.0
0.0
0.0
0.0
0.0
0.0
0.0
0.0
0.0
0.0
0.0
0.0
0.0
0.0
0.0
0.0
0.0
0.0
0.0
0.0
0.0
0.0
0.0
0.0
0.0
0.0
1.764965297392164e-36
1.3194445588301875e-35
6.57396928238523e-35
2.182959822671719e-34
4.831092611396787e-34
7.125683548855852e-34
7.0046952947913e-34
4.589163313015179e-34
2.0038228569363863e-34
5.83131748875053e-35
1.1309817496626204e-35
1.4619282370387608e-36
1.2594416760419268e-37
7.231220663946483e-39
2.7671118655949065e-40
7.057052804526072e-42
1.1995036274420226e-43
1.358818066342827e-45
1.0258942778147184e-47
5.162088555756763e-50
1.731130635060013e-52
3.8691519122833116e-55
5.763459812400252e-58
5.721795148776325e-61
4.5449857150017765e-63
2.2944792725799639e-66
7.72000005151779e-70
1.7311393003751658e-73
0.0
0.0
0.0
0.0
0.0
0.0
0.0
0.0
0.0
0.0
0.0
0.0
0.0
0.0
0.0
0.0
0.0
0.0
0.0
0.0
0.0
0.0
0.0
0.0
0.0
0.0
0.0
0.0
0.0
0.0
0.0
0.0
0.0
0.0
0.0
0.0
0.0
0.0
0.0
0.0
0.0
0.0
0.0
0.0
0.0
0.0
0.0
0.0
0.0
0.0
0.0
0.0
0.0
0.0
0.0
0.0
0.0
0.0
0.0
0.0
0.0
0.0
0.0
0.0
0.0
0.0
0.0
0.0
0.0
0.0
0.0
0.0
0.0
0.0
0.0
0.0
0.0
0.0
0.0
0.0
0.0
0.0
0.0
0.0
0.0
0.0
0.0
0.0
0.0
0.0
0.0
0.0
0.0
0.0
0.0
0.0
0.0
0.0
0.0
0.0
0.0
0.0
0.0
0.0
0.0
0.0
0.0
0.0
0.0
0.0
0.0
0.0
0.0
0.0
0.0
0.0
0.0
0.0
0.0
0.0
0.0
0.0
0.0
0.0
0.0
0.0
0.0
0.0
0.0
0.0
0.0
0.0
0.0
0.0
0.0
0.0
0.0
0.0
0.0
0.0
0.0
0.0
0.0
0.0
0.0
0.0
0.0
0.0
0.0
0.0
0.0
0.0
0.0
0.0
0.0
0.0
0.0
0.0
0.0
0.0
0.0
0.0
0.0
0.0
0.0
0.0
0.0
0.0
0.0
0.0
0.0
0.0
0.0
0.0
0.0
0.0
0.0
0.0
0.0
0.0
0.0
0.0
0.0
0.0
0.0
0.0
0.0
0.0
0.0
0.0
0.0012114359521335813
0.008708106498415675
0.04171848737795214
0.13320328132968856
0.28345416415068336
0.40200578962648176
0.37998226070549845
0.23937339805937502
0.10050091037721419
0.02812196444607121
0.005244485174761283
0.0013663916320255513
0.0001295791065722206
8.189856965968862e-06
3.4498419659477826e-07
9.685089380284808e-09
1.8121310978900074e-10
2.2597330726440958e-12
1.8780459699643727e-14
1.0402478896276015e-16
3.840157319701886e-19
9.448062069403711e-22
1.5492375229656999e-24
1.693069650776593e-27
1.233142286347713e-30
5.985950272145693e-34
1.936576095941267e-37
4.175587388751146e-41
0.0
0.0
0.0
0.0
0.0
0.0
0.0
0.0
0.0
0.0
0.0
0.0
0.0
0.0
0.0
0.0
0.0
0.0
0.0
0.0
0.0
0.0
0.0
0.0
0.0
0.0
0.0
0.0
0.0
0.0
0.0
0.0
0.0
0.0
0.0
0.0
0.0
0.0
0.0
0.0
0.0
0.0
0.0
0.0
0.0
0.0
0.0
0.0
0.0
0.0
0.0
0.0
0.0
0.0
0.0
0.0
0.0
0.0
0.0
0.0
0.0
0.0
0.0
0.0
0.0
0.0
0.0
0.0
0.0
0.0
0.0
0.0
7.552298112725263e-36
6.546245355048587e-35
3.7816991950174422e-34
1.4560062246445625e-33
3.736121837155208e-33
6.389404412109402e-33
7.282513064897009e-33
5.532019671105492e-33
2.80070719583456e-33
9.450031298734055e-34
2.1251047145446666e-34
3.1849965836895964e-35
3.181406434292553e-36
2.1179265153085244e-37
2.776767830269763e-38
9.400130481575267e-40
2.120848971623727e-41
3.18909276357988e-43
3.1959951339092476e-45
2.13464969135369e-47
9.502298491851412e-50
2.819111612343445e-52
5.5741342029019805e-55
7.34554661031431e-58
6.451376164305624e-61
3.776262361622564e-64
1.4731721593890809e-67
3.8302435843843655e-71
0.0
0.0
0.0
0.0
0.0
0.0
0.0
0.0
0.0
0.0
0.0
0.0
0.0
0.0
0.0
0.0
0.0
0.0
0.0
0.0
0.0
0.0
0.0
0.0
0.0
0.0
0.0
0.0
0.0
0.0
0.0
0.0
0.0
0.0
0.0
0.0
0.0
0.0
0.0
0.0
0.0
0.0
0.0
0.0
0.0
0.0
0.0
0.0
0.0
0.0
0.0
0.0
0.0
0.0
0.0
0.0
0.0
0.0
0.0
0.0
0.0
0.0
0.0
0.0
0.0
0.0
0.0
0.0
1.3278081192961107e-69
1.239541037157585e-68
7.712018222371932e-68
3.197840017326366e-67
8.837449944311435e-67
1.6277164372895074e-66
1.9980763510363984e-66
1.634658203038733e-66
8.912989296377609e-67
3.238928492402654e-67
7.844420809986426e-68
1.266198965865638e-68
1.3621488686866487e-69
9.766270339055574e-71
4.66674915701551e-72
1.4862152792319204e-73
3.1545000172632806e-75
4.4623218865310386e-77
4.207002821609929e-79
2.6434205395285217e-81
1.1069837998131348e-83
2.295578395044954e-85
4.8884335277710224e-88
6.93791296926012e-91
6.562503218489523e-94
4.137059426683819e-97
1.7381831577719968e-100
4.867218732054067e-104
0.0
0.0
0.0
0.0
0.0
0.0
0.0
0.0
0.0
0.0
0.0
0.0
0.0
0.0
0.0
0.0
0.0
0.0
0.0
0.0
0.0
0.0
0.0
0.0
0.0
0.0
0.0
0.0
0.0
0.0
0.0
0.0
0.0
0.0
0.0
0.0
0.0
0.0
0.0
0.0
0.0
0.0
0.0
0.0
0.0
0.0
0.0
0.0
0.0
0.0
0.0
0.0
0.0
0.0
0.0
0.0
0.0
0.0
0.0
0.0
0.0
0.0
0.0
0.0
0.0
3.114988228111815e-05
0.00021798257273073187
0.001016643495745395
0.003160073231905178
0.00654646960735872
0.008491440196298999
0.008945280109015035
0.006280411234311999
0.0029387576138125127
0.0009164757986251843
0.0001904845616976723
2.6386398255070416e-05
2.4360264042366052e-06
1.4988750062789815e-07
6.146535474410807e-09
1.6798748003373827e-10
3.059884166652933e-12
3.7146218210175874e-14
3.005424158163248e-16
1.620609903872463e-18
5.824152692994354e-21
1.394981873628801e-23
2.2268241602973903e-26
2.3691078566339714e-29
1.679829831743221e-32
7.938296102590651e-36
2.5001775272573277e-39
5.248025641975581e-43
0.0
0.0
0.0
0.0
0.0
0.0
0.0
0.0
0.0
0.0
0.0
0.0
0.0
0.0
0.0
0.0
0.0
0.0
0.0
0.0
0.0
0.0
0.0
0.0
0.0
0.0
0.0
0.0
0.0
0.0
0.0
0.0
0.0
0.0
0.0
0.0
0.0
0.0
0.0
0.0
0.0
0.0
0.0
0.0
0.0
0.0
0.0
0.0
0.0
0.0
0.0
0.0
0.0
0.0
0.0
0.0
0.0
0.0
0.0
0.0
0.0
7.155193444957053e-05
0.0006452097304283332
0.003877590880059632
0.015531185626542512
0.041459950919174884
0.07376230934182029
0.08746247741082552
0.06911790923667047
0.03640331709241296
0.012778293905683762
0.002989415866692812
0.0004661024071969044
4.8434843928858536e-05
3.354408976873734e-06
1.5483019715287054e-07
4.762959296940168e-09
9.765165805650775e-11
1.3343320615115525e-12
1.2151496590212588e-14
4.2296834059268683e-16
1.958737733136186e-18
6.045417043796262e-21
1.2435343627927458e-23
1.70478989909208e-26
1.5576342371555613e-29
9.485094315934048e-33
3.849456098769619e-36
1.0412107339175892e-39
0.0
0.0
0.0
0.0
0.0
0.0
0.0
0.0
0.0
0.0
0.0
0.0
0.0
0.0
0.0
0.0
0.0
0.0
0.0
0.0
0.0
0.0
0.0
0.0
0.0
0.0
0.0
0.0
0.0
0.0
0.0
0.0
0.0
0.0
0.0
0.0
0.0
0.0
0.0
0.0
0.0
0.0
0.0
0.0
0.0
0.0
0.0
0.0
0.0
0.0
0.0
0.0
0.0
0.0
0.0
0.0
0.0
0.0
0.0
1.040062879972365e-35
8.450780516211174e-35
4.576311689355696e-34
1.651642001077736e-33
3.972809939052526e-33
6.368852738978893e-33
6.804655983878092e-33
4.8454340713507074e-33
2.299538853233084e-33
1.1167269248869815e-33
2.694992933215739e-34
4.334607941114701e-35
4.6464745426440776e-36
3.3195472139988554e-37
1.580577102628434e-38
5.015729080449975e-40
1.0608012015938309e-41
1.4952557587423228e-43
1.404683602061418e-45
8.794741717399273e-48
3.669857618065813e-50
1.0206031124451857e-52
1.8916731956333377e-55
2.3367749044253448e-58
1.923841097369657e-61
1.0556089510767728e-64
3.860277083068979e-68
9.408392806594718e-72
0.0
0.0
0.0
0.0
0.0
0.0
0.0
0.0
0.0
0.0
0.0
0.0
0.0
0.0
0.0
0.0
0.0
0.0
0.0
0.0
0.0
0.0
0.0
0.0
0.0
0.0
0.0
0.0
0.0
0.0
0.0
0.0
0.0
0.0
0.0
0.0
0.0
0.0
0.0
0.0
0.0
0.0
0.0
0.0
0.0
0.0
0.0
0.0
0.0
0.0
0.0
0.0
0.0
0.0
0.0
0.0
0.0
5.8734228510790795e-37
2.2066739044227597e-36
1.1459344751898507e-35
3.966093601846303e-35
9.148453438111323e-35
1.4064164994270322e-34
1.440992669639219e-34
9.839910280695014e-35
4.4781852362324786e-35
1.3582962986638845e-35
2.7457976491364466e-36
3.6993386392040086e-37
3.321706043476571e-38
1.9878328021640955e-39
7.928299672747695e-41
2.1074719828817758e-42
3.733576982754848e-44
4.408287995432097e-46
3.468936552180442e-48
1.8192999260391495e-50
6.359072777376777e-53
1.4813744062181602e-55
2.2999448747139754e-58
2.3798608517383826e-61
1.641221702827309e-64
7.543353941418391e-68
2.3106984251128484e-71
8.381015622752851e-74
0.0
0.0
0.0
0.0
0.0
0.0
0.0
0.0
0.0
0.0
0.0
0.0
0.0
0.0
0.0
0.0
0.0
0.0
0.0
0.0
0.0
0.0
0.0
0.0
0.0
0.0
0.0
0.0
0.0
0.0
0.0
0.0
0.0
0.0
0.0
0.0
0.0
0.0
0.0
0.0
0.0
0.0
0.0
0.0
0.0
0.0
0.0
0.0
0.0
0.0
0.0
0.0
0.0
0.0
0.0
0.0
0.0
0.0
0.0
0.0
0.0
0.0
0.0
0.0
0.0
0.0
0.0
0.0
0.0
0.0
0.0
0.0
0.0
0.0
0.0
0.0
0.0
0.0
0.0
0.0
0.0
0.0
0.0
0.0
0.0
0.0
0.0
0.0
0.0
0.0
0.0
0.0
0.0
0.0
0.0
0.0
0.0
0.0
0.0
0.0
0.0
0.0
0.0
0.0
0.0
0.0
0.0
0.0
0.0
0.0
0.0
0.0
0.0
0.0
0.0
0.0
0.0
0.0
0.0
0.0
0.0
0.0
0.0
0.0
0.0
0.0
0.0
0.0
0.0
0.0
0.0
0.0
0.0
0.0
0.0
0.0
8.552158917016453e-05
0.0006071751445893606
0.0028729876269735118
0.009060143462299058
0.01904223592796886
0.026673644391260996
0.02490166122203104
0.015493724597672546
0.0064248780966589675
0.0017756423718798878
0.0003270601685423937
4.0149612736100476e-05
3.2848580977068685e-06
1.7911560076667168e-07
6.509262159683975e-09
1.5765641988326698e-10
2.5449139692030756e-12
1.2974230100258163e-13
1.0649902250272728e-15
5.826277898430009e-18
2.1243120742640017e-20
5.16210682748062e-23
8.360210378444325e-26
9.023789853921657e-29
6.49145854091136e-32
3.112269170583216e-35
9.944742947662609e-39
2.1178320741493028e-42
0.0
0.0
0.0
0.0
0.0
0.0
0.0
0.0
0.0
0.0
0.0
0.0
0.0
0.0
0.0
0.0
0.0
0.0
0.0
0.0
0.0
0.0
0.0
0.0
0.0
0.0
0.0
0.0
0.0
0.0
0.0
0.0
0.0
0.0
0.0
0.0
0.0
0.0
0.0
0.0
0.0
0.0
0.0
0.0
0.0
0.0
0.0
0.0
0.0
0.0
0.0
2.1561931174374176e-36
2.0283050222161846e-35
1.271629003323308e-34
5.313358650588577e-34
1.4796513230804527e-33
2.7461938493850226e-33
3.396913919435191e-33
2.8003959528048704e-33
1.538635998769925e-33
5.634221094429358e-34
1.3750339765573677e-34
2.236528939053145e-35
2.424471942975647e-36
1.7516258730158433e-37
8.434262015045592e-39
8.910151872654741e-40
2.1816919236983807e-41
3.560272907570524e-43
3.8721725613710425e-45
2.806775423150473e-47
1.3559453159190393e-49
4.365743674701525e-52
9.368193228466718e-55
1.339784640236754e-57
1.277014114483281e-60
8.112186908788522e-64
3.434485978561569e-67
9.690966562824436e-71
0.0
0.0
0.0
0.0
0.0
0.0
0.0
0.0
0.0
0.0
0.0
0.0
0.0
0.0
0.0
0.0
0.0
0.0
0.0
0.0
0.0
0.0
0.0
0.0
0.0
0.0
0.0
0.0
0.0
0.0
0.0
0.0
0.0
0.0
0.0
0.0
0.0
0.0
0.0
0.0
0.0
0.0
0.0
0.0
0.0
0.0
0.0
0.0
0.0
0.0
0.0
3.524225684077712e-37
2.711179386009384e-36
1.3900625522194025e-35
4.7499821977030587e-35
1.0817606220597743e-34
1.6419196594550728e-34
1.66094092334074e-34
1.119793691740651e-34
5.031568571509901e-35
1.5067816516063486e-35
3.0073141558957017e-36
4.0002655517792425e-37
3.54634019265634e-38
2.0953352260758622e-39
2.537093393506749e-40
7.622758393163074e-42
1.5264036765279385e-43
2.0370805407484898e-45
1.8118763035638446e-47
1.0740646874582025e-49
4.243399097257825e-52
1.11732333552005e-54
1.9607643716698387e-57
2.293261039460375e-60
1.7875702858497505e-63
9.286548029367794e-67
3.215341009579699e-70
7.419614108474868e-74
0.0
0.0
0.0
0.0
0.0
0.0
0.0
0.0
0.0
0.0
0.0
0.0
0.0
0.0
0.0
0.0
0.0
0.0
0.0
0.0
0.0
0.0
0.0
0.0
0.0
0.0
0.0
0.0
0.0
0.0
0.0
0.0
0.0
0.0
0.0
0.0
0.0
0.0
0.0
0.0
0.0
0.0
0.0
0.0
0.0
0.0
0.0
0.0
0.0
1.6861908915248283e-06
1.582464219909734e-05
9.89788965134248e-05
0.000412603458819857
0.0011463168311592225
0.002122550452565875
0.002619346322007998
0.002154315830139121
0.0011808843588073054
0.000431406730162478
0.0001050383787771972
1.704475064464214e-05
1.8433798777852628e-06
1.3286805603151745e-07
1.8367861672709922e-08
6.732353612163679e-10
1.6445867462023545e-11
2.6774921187400476e-13
2.905234310903163e-15
2.1009498030128872e-17
1.012585574199959e-19
3.252590160624649e-22
6.963194078847334e-25
9.935030492758205e-28
9.447381581105417e-31
5.9873584289250385e-34
2.5289521172608518e-37
7.11913951017065e-41
0.0
0.0
0.0
0.0
0.0
0.0
0.0
0.0
0.0
0.0
0.0
0.0
0.0
0.0
0.0
0.0
0.0
0.0
0.0
0.0
0.0
0.0
0.0
0.0
0.0
0.0
0.0
0.0
0.0
0.0
0.0
0.0
0.0
0.0
0.0
0.0
0.0
0.0
0.0
0.0
0.0
0.0
0.0
0.0
0.0
0.0
0.0
0.0
0.0
8.610729263324535e-05
0.0006962277148026189
0.0037518393005265423
0.013474687362416244
0.03225334150121839
0.051453187059846896
0.054705550708431916
0.03876430985064057
0.01830687712059566
0.005762063298073607
0.0012087133849125705
0.00016898578990016667
1.574557732459456e-05
9.777966390456555e-07
1.2238908867608322e-07
3.864873043364221e-09
8.134096342993212e-11
1.1409456051888288e-12
1.0666013175676908e-14
6.645395606730312e-17
2.759440997436348e-19
7.636650814236468e-22
1.4085306497130168e-24
1.7314550390367206e-27
1.418527252389856e-30
7.745432920693351e-34
2.8186117535513746e-37
6.836067908563297e-41
0.0
0.0
0.0
0.0
0.0
0.0
0.0
0.0
0.0
0.0
0.0
0.0
0.0
0.0
0.0
0.0
0.0
0.0
0.0
0.0
0.0
0.0
0.0
0.0
0.0
0.0
0.0
0.0
0.0
0.0
0.0
0.0
0.0
0.0
0.0
0.0
0.0
0.0
0.0
0.0
0.0
0.0
0.0
0.0
0.0
0.0
0.0
0.0
6.785364563611466e-37
5.308660455690378e-36
2.768077587369122e-35
9.619513700436272e-35
2.227970952034961e-34
3.439121183456036e-34
3.5380745724939403e-34
2.4258728484390647e-34
1.1085381228928288e-34
3.3760959496286115e-35
6.8526803910491e-36
9.270170478208637e-37
8.357887347194318e-38
5.02211731670097e-39
2.0112161247285133e-40
1.8790609248652155e-41
3.826619941904058e-43
5.1936340758717455e-45
4.697955653703683e-47
2.832226790148514e-49
1.1379644324080936e-51
3.047269733385907e-54
5.438443940930027e-57
6.468743973118578e-60
5.12798583647369e-63
2.709288288443971e-66
9.539929614961905e-70
2.238807069255459e-73
0.0
0.0
0.0
0.0
0.0
0.0
0.0
0.0
0.0
0.0
0.0
0.0
0.0
0.0
0.0
0.0
0.0
0.0
0.0
0.0
0.0
0.0
0.0
0.0
0.0
0.0
0.0
0.0
0.0
0.0
0.0
0.0
0.0
0.0
0.0
0.0
0.0
0.0
0.0
0.0
0.0
0.0
0.0
0.0
0.0
0.0
0.0
0.0
0.0
0.0
0.0
0.0
0.0
0.0
0.0
0.0
0.0
0.0
0.0
0.0
0.0
0.0
0.0
0.0
0.0
0.0
0.0
0.0
0.0
0.0
0.0
0.0
0.0
0.0
0.0
0.0
0.0
0.0
0.0
0.0
0.0
0.0
0.0
0.0
0.0
0.0
0.0
0.0
0.0
0.0
0.0
0.0
0.0
0.0
0.0
0.0
0.0
0.0
0.0
0.0
0.0
0.0
0.0
0.0
0.0
0.0
0.0
0.0
0.0
0.0
0.0
0.0
0.0
0.0
0.0
0.0
0.0
0.0
0.0
0.0
0.0
0.0
0.0
0.0
0.0
0.0
0.0
0.0
0.0
0.0
0.0
0.0
0.0
0.0
0.0
0.0
0.0
0.0
0.0
0.0
0.0
0.0
0.0
0.0
0.0
0.0
0.0
0.0
0.0
0.0
0.0
0.0
0.0
0.0
0.0
0.0
0.0
0.0
0.0
0.0
0.0
0.0
0.0
0.0
0.0
0.0
0.0
0.0
0.0
0.0
0.0
0.0
0.0
0.0
0.0
0.0
0.0
0.0
0.0
0.0
0.0
0.0
0.0
0.0
0.0
0.0
0.0
0.0
0.0
0.0
0.0
0.0
0.0
0.0
0.0
0.0
0.0
0.0
0.0
0.0
0.0
0.0
0.0
0.0
0.0
0.0
0.0
0.0
0.0
0.0
0.0
0.0
0.0
0.0
0.0
0.0
0.0
0.0
0.0
0.0
0.0
0.0
0.0
0.0
0.0
0.0
0.0
0.0
0.0
0.0
0.0
0.0
0.0
0.0
0.0
0.0
0.0
0.0
0.0
0.0
0.0
0.0
0.0
0.0
0.0
0.0
0.0
0.0
0.0
0.0
0.0
0.0
0.0
0.0
0.0
0.0
0.0
0.0
0.0
0.0
0.0
0.0
0.0
0.0
0.0
0.0
0.0
0.0
0.0
0.0
0.0
0.0
0.0
0.0
0.0
0.0
0.0
0.0
0.0
0.0
0.0
0.0
0.0
0.0
0.0
0.0
0.0
0.0
0.0
0.0
0.0
0.0
0.0
0.0
0.0
0.0
0.0
0.0
0.0
0.0
0.0
0.0
0.0
0.0
0.0
0.0
0.0
0.0
0.0
0.0
0.0
0.0
0.0
0.0
0.0
0.0
0.0
0.0
0.0
0.0
0.0
0.0
0.0
0.0
0.0
0.0
0.0
0.0
0.0
0.0
0.0
0.0
0.0
0.0
0.0
0.0
0.0
0.0
0.0
0.0
0.0
0.0
0.0
0.0
0.0
0.0
0.0
0.0
0.0
0.0
0.0
0.0
0.0
0.0
0.0
0.0
0.0
0.0
0.0
