a = 5.912691574801989 b = 5.912691574801989 c = 5.912691574801989 ,Gaussian ,LMH = 0.08 ,DW = [0.9 0.9]
0.0
0.0
0.0
0.0
0.0
0.0
0.0
0.0
0.0
0.0
0.0
0.0
0.0
0.0
0.0
0.0
0.0
0.0
0.0
0.0
0.0
0.0
0.0
0.0
0.0
0.0
0.0
0.0
0.0
0.0
0.0
0.0
0.0
0.0
0.0
0.0
0.0
0.0
0.0
0.0
0.0
0.0
0.0
0.0
0.0
0.0
0.0
0.0
0.0
0.0
0.0
0.0
0.0
0.0
0.0
0.0
0.0
0.0
0.0
0.0
0.0
0.0
0.0
0.0
0.0
0.0
0.0
0.0
0.0
0.0
0.0
0.0
0.0
0.0
0.0
0.0
0.0
0.0
0.0
0.0
0.0
0.0
0.0
0.0
0.0
0.0
0.0
0.0
0.0
0.0
0.0
0.0
0.0
0.0
0.0
0.0
0.0
0.0
0.0
0.0
0.0
0.0
0.0
0.0
0.0
0.0
0.0
0.0
0.0
0.0
0.0
0.0
0.0
0.0
0.0
0.0
0.0
0.0
0.0
0.0
0.0
0.0
0.0
0.0
0.0
0.0
0.0
0.0
0.0
0.0
0.0
0.0
0.0
0.0
0.0
0.0
0.0
0.0
0.0
0.0
0.0
0.0
0.0
0.0
0.0
0.0
0.0
0.0
0.0
0.0
0.0
0.0
0.0
0.0
0.0
0.0
0.0
0.0
0.0
0.0
0.0
0.0
0.0
0.0
0.0
0.0
0.0
0.0
0.0
0.0
0.0
0.0
0.0
0.0
0.0
0.0
0.0
0.0
0.0
0.0
0.0
0.0
0.0
0.0
0.0
0.0
0.0
0.0
0.0
0.0
0.0
0.0
0.0
0.0
0.0
0.0
0.0
0.0
0.0
0.0
0.0
0.0
0.0
0.0
0.0
0.0
0.0
0.0
0.0
0.0
0.0
0.0
0.0
0.0
0.0
0.0
0.0
0.0
0.0
0.0
0.0
0.0
0.0
0.0
0.0
0.0
0.0
0.0
0.0
0.0
0.0
0.0
0.0
0.0
0.0
0.0
0.0
0.0
0.0
0.0
0.0
0.0
0.0
0.0
0.0
0.0
0.0
0.0
0.0
0.0
0.0
0.0
0.0
0.0
0.0
0.0
0.0
0.0
0.0
0.0
0.0
0.0
0.0
0.0
0.0
0.0
0.0
0.0
0.0
0.0
0.0
0.0
0.0
0.0
0.0
0.0
0.0
0.0
0.0
0.0
0.0
0.0
0.0
0.0
0.0
0.0
0.0
0.0
0.0
0.0
0.0
0.0
0.0
0.0
0.0
0.0
0.0
0.0
0.0
0.0
0.0
0.0
0.0
0.0
0.0
0.0
0.0
0.0
0.0
0.0
0.0
0.0
0.0
0.0
0.0
0.0
0.0
0.0
0.0
0.0
0.0
0.0
0.0
0.0
0.0
0.0
0.0
0.0
0.0
0.0
0.0
0.0
0.0
0.0
0.0
0.0
0.0
0.0
0.0
0.0
0.0
0.0
0.0
0.0
0.0
0.0
0.0
0.0
0.0
0.0
0.0
0.0
0.0
0.0
0.0
0.0
0.0
0.0
0.0
0.0
0.0
0.0
0.0
0.0
0.0
3.5305682988307967e-35
2.998544403454898e-34
1.6972972190650252e-33
6.403049556915135e-33
1.6098943445046104e-32
2.697673803016705e-32
3.0127496353195436e-32
2.242426405357635e-32
1.1123844343733781e-32
5.56391174831953e-33
1.4035229469415554e-33
2.359610664999825e-34
2.643886038698298e-35
1.9743614412605672e-36
9.82634794655521e-38
3.259411277704818e-39
7.205559981304832e-41
1.061641433559278e-42
1.0424843163986319e-44
6.822487495935727e-47
2.9757573500938894e-49
8.650352988533905e-52
1.6759138603457414e-54
2.1639693433787188e-57
1.8622246165661084e-60
1.0680573444867055e-63
4.0826168766747904e-67
1.0400739772852707e-70
0.0
0.0
0.0
0.0
0.0
0.0
0.0
0.0
0.0
0.0
0.0
0.0
0.0
0.0
0.0
0.0
0.0
0.0
0.0
0.0
0.0
0.0
0.0
0.0
0.0
0.0
0.0
0.0
0.0
0.0
0.0
0.0
0.0
0.0
0.0
0.0
0.0
0.0
0.0
0.0
0.0
0.0
0.0
0.0
0.0
0.0
0.0
0.0
0.0
0.0
0.0
0.0
0.0
0.0
0.0
0.0
0.0
0.0
0.0
0.0
0.0
0.0
0.0
0.0
0.0
0.0
0.0
0.0
0.0
0.0
0.0
0.0
0.0
0.0
0.0
0.0
0.0
0.0
0.0
0.0
0.0
0.0
0.0
0.0
0.0
0.0
0.0
0.0
0.0
0.0
0.0
0.0
0.0
0.0
0.0
0.0
0.0
0.0
0.0
0.0
0.0
0.0
0.0
0.0
0.0
0.0
0.0
0.0
0.0
0.0
0.0
0.0
0.0
0.0
0.0
0.0
0.0
0.0
0.0
0.0
0.0
0.0
0.0
0.0
0.0
0.0
0.0
0.0
0.0
0.0
0.0
0.0
0.0
0.0
0.0
0.0
0.0
0.0
0.0
0.0
0.0
0.0
0.0
0.0
0.0
0.0
0.0
0.0
0.0
0.0
0.0
0.0
0.0
0.0
0.0
0.0
0.0
0.0
0.0
0.0
0.0
0.0
0.0
0.0
0.0
0.0
0.0
0.0
0.0
0.0
0.0
0.0
0.0
0.0
0.0
0.0
0.0
0.0
0.0
0.0
0.0
0.0
0.0
0.0
0.0
0.0
0.0
0.0
0.0
0.0
0.0
0.0
0.0
0.0
0.0
0.0
0.0
0.0
0.0
0.0
0.0
0.0
0.0
0.0
0.0
0.0
0.0
0.0
0.0
0.0
0.0
0.0
0.0
0.0
0.0
0.0
0.0
0.0
0.0
0.0
0.0
0.0
0.0
0.0
0.0
0.0
0.0
0.0
0.0
0.0
0.0
0.0
0.0
0.0
0.0
0.0
0.0
0.0
0.0
0.0
0.0
0.0
0.0
0.0
0.0
0.0
0.0
0.0
0.0
0.0
0.0
0.0
0.0
0.0
0.0
0.0
0.0
0.0
0.0
0.0
0.0
0.0
0.0
0.0
0.0
0.0
0.0
0.0
0.0
0.0
0.0
0.0
0.0
0.0
0.0
0.0
0.0
0.0
0.0
0.0
0.0
0.0
0.0
0.0
0.0
0.0
0.0
0.0
0.0
0.0
0.0
0.0
0.0
0.0
0.0
0.0
0.0
0.0
0.0
0.0
0.0
0.0
0.0
0.0
0.0
0.0
0.0
0.0
0.0
0.0
0.0
0.0
0.0
0.0
0.0
0.0
0.0
0.0
0.0
0.0
0.0
0.0
0.0
0.0
0.0
0.0
0.0
0.0
0.0
0.0
0.0
0.0
0.0
0.0
0.0
0.0
0.0
0.0
0.0
0.0
0.0
0.0
0.0
0.0
0.0
0.0
0.0
0.0
0.00023367296074675752
0.0017268028318000207
0.008504692022105678
0.027916179265523096
0.06107098349102923
0.08904210073669312
0.0865241675068771
0.05603521071965041
0.024186116342774327
0.006957493576202727
0.0013338931386377595
0.00017043971972970052
1.4514501758683553e-05
8.237871276874405e-07
3.11608588292813e-08
7.855708943884721e-10
1.3199056808641752e-11
1.4780256125671717e-13
5.904849885441972e-15
3.362408722165213e-17
1.276067635627519e-19
3.2275905302629557e-22
5.440824523786087e-25
6.112692574036853e-28
4.577010803304289e-31
2.2840881931676408e-34
7.596706512640917e-38
1.6839119391269614e-41
0.0
0.0
0.0
0.0
0.0
0.0
0.0
0.0
0.0
0.0
0.0
0.0
0.0
0.0
0.0
0.0
0.0
0.0
0.0
0.0
0.0
0.0
0.0
0.0
0.0
0.0
0.0
0.0
0.0
0.0
0.0
0.0
0.0
0.0
0.0
0.0
0.0
0.0
0.0
0.0
0.0
0.0
0.0
0.0
0.0
0.0
0.0
0.0
0.0
0.0
0.0
0.0
0.0
0.0
0.0
0.0
0.0
0.0
0.0
0.0
0.0
0.0
0.0
0.0
0.0
0.0
0.0
0.0
0.0
0.0
0.0
0.0
0.0
0.0
0.0
0.0
0.0
0.0
0.0
0.0
0.0
0.0
0.0
0.0
0.0
0.0
0.0
0.0
0.0
0.0
0.0
0.0
0.0
0.0
0.0
0.0
0.0
0.0
0.0
0.0
0.0
0.0
0.0
0.0
0.0
0.0
0.0
0.0
0.0
0.0
0.0
0.0014601957253927312
0.011955159009308165
0.06523507846201654
0.23724035734475613
0.5750127812029342
0.9288551106798972
1.0
0.7175192766855001
0.45901141089789677
0.167478721006888
0.04072652330747357
0.006600496228546915
0.0007129472289028054
5.132390962969799e-05
2.462428483319226e-06
7.873885021828643e-08
1.6780158533009981e-09
2.3833322990181404e-11
2.2560809884604248e-13
1.423332353200212e-15
5.9846603100844444e-18
1.677081764132063e-20
3.132207438543671e-23
3.898776545848084e-26
3.234355261922114e-29
1.788251696339714e-32
6.589479609274908e-36
1.6182854870627794e-39
0.0
0.0
0.0
0.0
0.0
0.0
0.0
0.0
0.0
0.0
0.0
0.0
0.0
0.0
0.0
0.0
0.0
0.0
0.0
0.0
0.0
0.0
0.0
0.0
0.0
0.0
0.0
0.0
0.0
0.0
0.0
0.0
0.0
0.0
0.0
0.0
0.0
0.0
0.0
0.0
0.0
0.0
0.0
0.0
0.0
0.0
0.0
0.0
0.0
0.0
0.0
0.0
0.0
0.0
0.0
0.0
0.0
0.0
0.0
0.0
0.0
0.0
0.0
0.0
0.0
0.0
0.0
0.0
0.0
0.0
0.0
0.0
0.0
0.0
0.0
0.0
0.0
0.0
0.0
0.0
0.0
0.0
0.0
0.0
0.0
0.0
0.0
0.0
0.0
0.0
0.0
0.0
0.0
0.0
0.0
0.0
1.451589572147757e-35
1.1863697396132286e-34
6.46216183392121e-34
2.3459413345871077e-33
5.675942837961288e-33
9.152514527046431e-33
9.836132919149443e-33
7.045144401195452e-33
3.363078134916817e-33
1.069955126774214e-33
2.268692936051365e-34
3.206028817851832e-35
6.942716269692628e-36
4.989117134548751e-37
2.3894587188141365e-38
7.627055585899159e-40
1.6225415961531408e-41
2.300468629715779e-43
2.1737937692934212e-45
1.3689951577876247e-47
5.746018667816047e-50
1.6073620167507853e-52
2.996690688320954e-55
3.7235027893605666e-58
3.08349321314366e-61
1.701828758742992e-64
6.259941405540021e-68
1.5346389832499661e-71
0.0
0.0
0.0
0.0
0.0
0.0
0.0
0.0
0.0
0.0
0.0
0.0
0.0
0.0
0.0
0.0
0.0
0.0
0.0
0.0
0.0
0.0
0.0
0.0
0.0
0.0
0.0
0.0
0.0
0.0
0.0
0.0
0.0
0.0
0.0
0.0
0.0
0.0
0.0
0.0
0.0
0.0
0.0
0.0
0.0
0.0
0.0
0.0
0.0
0.0
0.0
0.0
0.0
0.0
0.0
0.0
0.0
0.0
0.0
0.0
0.0
0.0
0.0
0.0
0.0
0.0
0.0
0.0
0.0
0.0
0.0
0.0
0.0
0.0
0.0
0.0
0.0
0.0
0.0
0.0
0.0
0.0
0.0
0.0
0.0
1.3530260737048074e-36
1.0884321214566905e-35
3.487913181921941e-35
1.4268010848226366e-34
3.88993857552941e-34
7.0681149603875385e-34
8.55945304130201e-34
6.908280625002738e-34
3.715998041783087e-34
1.3321788369289832e-34
3.18295964169742e-35
5.0685213720187256e-36
5.379141644394692e-37
3.8047508855050234e-38
1.7935811105494725e-39
5.635044684452303e-41
1.179927315554139e-42
1.6466249606366682e-44
1.5314953476035927e-46
9.49332212333318e-49
3.9219522444185707e-51
1.0798611903650038e-53
1.9815959834163534e-56
2.423504562271744e-59
1.975395764029924e-62
1.073114202831873e-65
3.8852531011565256e-69
9.375063906795338e-73
0.0
0.0
0.0
0.0
0.0
0.0
0.0
0.0
0.0
0.0
0.0
0.0
0.0
0.0
0.0
0.0
0.0
0.0
0.0
0.0
0.0
0.0
0.0
0.0
0.0
0.0
0.0
0.0
0.0
0.0
0.0
0.0
0.0
0.0
0.0
0.0
0.0
0.0
0.0
0.0
0.0
0.0
0.0
0.0
0.0
0.0
0.0
0.0
0.0
0.0
0.0
0.0
0.0
0.0
0.0
0.0
0.0
0.0
0.0
0.0
0.0
0.0
0.0
0.0
0.0
0.0
0.0
0.0
0.0
0.0
0.0
0.0
0.0
0.0
0.0
0.0
0.0
0.0
0.0
0.0
0.0
0.0
0.0
0.0
0.0
0.0
0.0
0.0
0.0
0.0
0.0
0.0
0.0
0.0
0.0
0.0
0.0
0.0
0.0
0.0
0.0
0.0
0.0
0.0
0.0
0.0
0.0
0.0
0.0
0.0
0.0
0.0
0.0
0.0
0.0
0.0
0.0
0.0
0.0
0.0
0.0
0.0
0.0
0.0
0.0
0.0
0.0
0.0
0.0
0.0
0.0
0.0
0.0
0.0
0.0
0.0
0.0
0.0
0.0
0.0
0.0
0.0
0.0
0.0
0.0
0.0
0.0
0.0
0.0
0.0
0.0
0.0
0.0
0.0
0.0
0.0
0.0
0.0
0.0
0.0
0.0
0.0
0.0
0.0
0.0
0.0
0.0
0.0
0.0
0.0
0.0
0.0
0.0
0.0
0.0
0.0
0.0015421937014195603
0.010930706047673601
0.05163439035049973
0.16255915767009452
0.27871513841287066
0.4462061224058339
0.476093267433355
0.33855567913827156
0.16045369208168134
0.050681665057215074
0.010669242401737078
0.001496917405844708
0.00013997279750385002
8.723102887430056e-06
3.6230964503505224e-07
1.0029293580971588e-08
1.8503008200081331e-10
2.275075881665767e-12
1.8643651655054324e-14
1.0182340628973863e-16
3.7063447314162785e-19
8.99136336495201e-22
1.4537403173676968e-24
1.5664973676627017e-27
1.1250039619699198e-30
5.384681033944821e-34
1.7177005767306953e-37
3.651879918064553e-41
0.0
0.0
0.0
0.0
0.0
0.0
0.0
0.0
0.0
0.0
0.0
0.0
0.0
0.0
0.0
0.0
0.0
0.0
0.0
0.0
0.0
0.0
0.0
0.0
0.0
0.0
0.0
0.0
0.0
0.0
0.0
0.0
0.0
0.0
0.0
0.0
0.0
0.0
0.0
0.0
0.0
0.0
0.0
0.0
0.0
0.0
0.0
0.0
0.0
0.0
0.0
0.0
0.0
0.0
0.0
0.0
0.0
0.0
0.0
0.0
0.0
0.0
0.0
0.0
0.0
5.505010454557219e-36
5.205779141686801e-35
3.280914236558315e-34
1.3781153347722484e-33
3.857960712901852e-33
7.197995724987902e-33
8.950492154274144e-33
7.417606597552869e-33
4.0969647227004375e-33
1.5081418823472746e-33
3.7000170506757794e-34
6.04988052560258e-35
6.592823044382344e-36
1.2005733346882186e-36
6.65297504631716e-38
2.4571102520896195e-39
6.048043994586764e-41
9.921715906156194e-43
1.0847762832352658e-44
7.904513103821359e-47
3.838765775211856e-49
1.242480704002831e-51
2.680212569338391e-54
3.8532782806688115e-57
3.69209661984827e-60
2.357747478545367e-63
1.0034669393927068e-66
2.8463637275068726e-70
0.0
0.0
0.0
0.0
0.0
0.0
0.0
0.0
0.0
0.0
0.0
0.0
0.0
0.0
0.0
0.0
0.0
0.0
0.0
0.0
0.0
0.0
0.0
0.0
0.0
0.0
0.0
0.0
0.0
0.0
0.0
0.0
0.0
0.0
0.0
0.0
0.0
0.0
0.0
0.0
0.0
0.0
0.0
0.0
0.0
0.0
0.0
0.0
0.0
0.0
0.0
0.0
0.0
0.0
0.0
0.0
0.0
0.0
0.0
0.0
0.0
0.0
1.382029874904251e-67
5.2840537322155957e-67
2.817041250080494e-66
1.0009231542399974e-65
2.3702263039368004e-65
3.7407651135456574e-65
3.934708950756787e-65
2.758330714698723e-65
1.2887290128485652e-65
4.012900803367906e-66
8.327924727087703e-67
1.1518520671249166e-67
1.0617888713182803e-68
6.523207305305326e-70
2.67094988831775e-71
7.288729746989729e-73
1.3256213911584796e-74
1.6068254716523428e-76
1.2980740258558736e-78
6.988947213570518e-81
2.5078733993116032e-83
5.997648445005076e-86
9.559561044295772e-89
1.0154918541243126e-91
7.189463536677924e-95
3.3923298589151445e-98
1.641093510635332e-100
3.9376535090348316e-104
0.0
0.0
0.0
0.0
0.0
0.0
0.0
0.0
0.0
0.0
0.0
0.0
0.0
0.0
0.0
0.0
0.0
0.0
0.0
0.0
0.0
0.0
0.0
0.0
0.0
0.0
0.0
0.0
0.0
0.0
0.0
0.0
0.0
0.0
0.0
0.0
0.0
0.0
0.0
0.0
0.0
0.0
0.0
0.0
0.0
0.0
0.0
0.0
0.0
0.0
0.0
0.0
0.0
0.0
0.0
0.0
0.0
0.0
2.9517248594291188e-05
0.0002182022833413323
0.001075039092197208
0.0035299680236623014
0.00772500615000031
0.01126700389744054
0.010952155553025674
0.007095325285772036
0.0030635612369443437
0.0008815812996774671
0.00016907512644469968
2.161118697270113e-05
1.8410223834160736e-06
1.0452521390091074e-07
3.955165031268653e-09
9.97446709495303e-11
1.6764721482047247e-12
8.780143825429631e-14
7.50431146641323e-16
4.274660424336917e-18
1.622833401623611e-20
4.106083753055015e-23
6.924098181725878e-26
7.781802054340648e-29
5.828793769785856e-32
2.9097705773227587e-35
9.681003000497782e-39
2.1466612141179607e-42
0.0
0.0
0.0
0.0
0.0
0.0
0.0
0.0
0.0
0.0
0.0
0.0
0.0
0.0
0.0
0.0
0.0
0.0
0.0
0.0
0.0
0.0
0.0
0.0
0.0
0.0
0.0
0.0
0.0
0.0
0.0
0.0
0.0
0.0
0.0
0.0
0.0
0.0
0.0
0.0
0.0
0.0
0.0
0.0
0.0
0.0
0.0
0.0
0.0
0.0
0.0
0.0
0.0
0.0
0.0
0.00038032526110093096
0.002680698589336582
0.012592801211926208
0.03942559513587657
0.08226511631208488
0.1144022912367868
0.10603159079923978
0.06549639251051445
0.026963795897799826
0.007398202770484637
0.0013528603786201485
0.00016487745430043734
3.2349506802753e-05
2.004834557877019e-06
8.280774608152798e-08
2.279528026550728e-09
4.1821581966926126e-11
5.11372683696359e-13
4.1673132051665385e-15
2.263373919431287e-17
8.192906913540868e-20
1.9765203126676497e-22
3.1779429135331235e-25
3.4054338560667285e-28
2.4320939946588694e-31
1.157630097454718e-34
3.672322486454744e-38
7.764140083954005e-42
0.0
0.0
0.0
0.0
0.0
0.0
0.0
0.0
0.0
0.0
0.0
0.0
0.0
0.0
0.0
0.0
0.0
0.0
0.0
0.0
0.0
0.0
0.0
0.0
0.0
0.0
0.0
0.0
0.0
0.0
0.0
0.0
0.0
0.0
0.0
0.0
0.0
0.0
0.0
0.0
0.0
0.0
0.0
0.0
0.0
0.0
0.0
0.0
0.0
0.0
0.0
0.0
1.3262333005041667e-35
1.0904057361948034e-34
5.974999519691838e-34
2.182072470196955e-33
5.3110698564119484e-33
8.615419036822743e-33
9.314345546701229e-33
6.711349159376565e-33
3.222915135728603e-33
1.5775231978705272e-33
3.852275787426842e-34
6.269610136450201e-35
6.800568961600828e-36
4.916222274787966e-37
2.3686414210816304e-38
7.605866131459053e-40
1.627719562690917e-41
2.3216248146429424e-43
2.2069171990925892e-45
1.398175183994491e-47
5.9036239807741e-50
1.661335460326028e-52
3.1158570866173692e-55
3.894747193446157e-58
3.244610463185021e-61
1.8014715334779638e-64
6.666130195578348e-68
1.6439996754360548e-71
0.0
0.0
0.0
0.0
0.0
0.0
0.0
0.0
0.0
0.0
0.0
0.0
0.0
0.0
0.0
0.0
0.0
0.0
0.0
0.0
0.0
0.0
0.0
0.0
0.0
0.0
0.0
0.0
0.0
0.0
0.0
0.0
0.0
0.0
0.0
0.0
0.0
0.0
0.0
0.0
0.0
0.0
0.0
0.0
0.0
0.0
0.0
0.0
0.0
0.0
1.6219720902520358e-37
1.4574483373181785e-36
8.72819638836392e-36
3.4836731245652396e-35
9.266843632909678e-35
1.6428874794473034e-34
1.941177965681108e-34
1.5286372360000428e-34
1.040474278874592e-34
4.166515581830823e-35
1.1119780644510266e-35
1.9778847329615053e-36
2.3447000054193178e-37
1.8524868715832475e-38
9.754489407493294e-40
3.4232253711668113e-41
8.006597400738982e-43
1.248078892329568e-44
1.2966346819005825e-46
8.977900281134943e-49
4.1429860317526604e-51
1.27418858181231e-53
2.611773416121499e-56
3.5679506056291497e-59
3.2485063340935268e-62
1.9711975495267793e-65
7.971831885383383e-69
2.1486598098472877e-72
0.0
0.0
0.0
0.0
0.0
0.0
0.0
0.0
0.0
0.0
0.0
0.0
0.0
0.0
0.0
0.0
0.0
0.0
0.0
0.0
0.0
0.0
0.0
0.0
0.0
0.0
0.0
0.0
0.0
0.0
0.0
0.0
0.0
0.0
0.0
0.0
0.0
0.0
0.0
0.0
0.0
0.0
0.0
0.0
0.0
0.0
0.0
0.0
0.0
0.0
0.0
0.0
0.0
0.0
0.0
0.0
0.0
0.0
0.0
0.0
0.0
0.0
0.0
0.0
0.0
0.0
0.0
0.0
0.0
0.0
0.0
0.0
0.0
0.0
0.0
0.0
0.0
0.0
0.0
0.0
0.0
0.0
0.0
0.0
0.0
0.0
0.0
0.0
0.0
0.0
0.0
0.0
0.0
0.0
0.0
0.0
0.0
0.0
0.0
0.0
0.0
0.0
0.0
0.0
0.0
0.0
0.0
0.0
0.0
0.0
0.0
0.0
0.0
0.0
0.0
0.0
0.0
0.0
0.0
0.0
0.0
0.0
0.0
2.8980085901269842e-05
0.0002657161391363455
0.0016237447008417957
0.006613008914995623
0.017949899353474574
0.03247180838848141
0.03915006447368547
0.03145864668186349
0.016847254564673838
0.006013118862821505
0.0014303818392443924
0.0004383163256123533
5.302032992356768e-05
4.274435352488573e-06
2.2966595875980665e-07
8.224245240988571e-09
1.962804405211571e-10
3.122047771293232e-12
3.309661760896017e-14
2.338348452199707e-16
1.101073709937878e-18
3.4554539212639645e-21
7.227288094950465e-24
1.0074585248646915e-26
9.359669927759141e-30
5.7952935464319664e-33
2.3915083012311086e-36
6.577333977609695e-40
0.0
0.0
0.0
0.0
0.0
0.0
0.0
0.0
0.0
0.0
0.0
0.0
0.0
0.0
0.0
0.0
0.0
0.0
0.0
0.0
0.0
0.0
0.0
0.0
0.0
0.0
0.0
0.0
0.0
0.0
0.0
0.0
0.0
0.0
0.0
0.0
0.0
0.0
0.0
0.0
0.0
0.0
0.0
0.0
0.0
0.0
1.890021482571414e-35
1.292054968717762e-34
5.8867662145416755e-34
1.7875332754656343e-33
3.617537398754679e-33
4.87925451173642e-33
4.386069037985147e-33
2.6277194910394842e-33
1.0492140310923773e-33
2.792098435366469e-34
4.951980307469091e-35
5.8534058981276487e-36
4.6112633007138345e-37
2.4211001196618663e-38
2.7096227383506998e-39
7.234428632642635e-41
1.2873042215472519e-42
1.5266507605954515e-44
1.2066456499511558e-46
6.356255600177599e-49
2.2315391086034603e-51
5.22142687451343e-54
8.142456480456778e-57
8.462588824475835e-60
5.861821404605143e-63
2.706097704487699e-66
8.325990509969322e-70
1.7073002282395787e-73
0.0
0.0
0.0
0.0
0.0
0.0
0.0
0.0
0.0
0.0
0.0
0.0
0.0
0.0
0.0
0.0
0.0
0.0
0.0
0.0
0.0
0.0
0.0
0.0
0.0
0.0
0.0
0.0
0.0
0.0
0.0
0.0
0.0
0.0
0.0
0.0
0.0
0.0
0.0
0.0
0.0
0.0
0.0
0.0
8.22348245414174e-37
5.67738963676588e-36
2.6123007759893015e-35
8.010861188060993e-35
1.6372567194241745e-34
2.230159397744271e-34
2.0245876172226026e-34
1.2249512239632117e-34
4.939495155834121e-35
1.3274796737350193e-35
2.377687333370148e-36
2.8383317585553296e-37
2.2581517171023545e-38
1.197359670336488e-39
4.231337657598121e-41
9.965802778158745e-43
1.5643302434994133e-44
1.6365381857541216e-46
1.1410518857197837e-48
3.323985237441796e-50
1.1785307442070917e-52
2.784865946810494e-55
4.38580401845742e-58
4.6033680145268554e-61
3.220206472829369e-64
1.5013200674905467e-67
4.664922240350854e-71
9.660443754723018e-75
0.0
0.0
0.0
0.0
0.0
0.0
0.0
0.0
0.0
0.0
0.0
0.0
0.0
0.0
0.0
0.0
0.0
0.0
0.0
0.0
0.0
0.0
0.0
0.0
0.0
0.0
0.0
0.0
0.0
0.0
0.0
0.0
0.0
0.0
0.0
0.0
0.0
0.0
0.0
0.0
0.0
0.0
3.225903750072414e-06
1.437353952268139e-05
9.64014354615744e-05
0.000430908263190036
0.0012837122690432083
0.002548778587080883
0.0033727028213274713
0.002974442584487272
0.0017482947468000476
0.000684865459024196
0.00017880407903488946
3.11122291673495e-05
3.6079987988776067e-06
2.7885805101131935e-07
1.4364203170660075e-08
4.93130017037904e-10
1.128295580396062e-11
1.7205443949369924e-13
1.7485998124456028e-15
1.1843948763950912e-17
5.346679611633954e-20
1.60861957635367e-22
3.2255522899704215e-25
4.310586574845233e-28
3.839283703583828e-31
2.2790066221649865e-34
1.2848231949466036e-36
3.8782993756019985e-40
0.0
0.0
0.0
0.0
0.0
0.0
0.0
0.0
0.0
0.0
0.0
0.0
0.0
0.0
0.0
0.0
0.0
0.0
0.0
0.0
0.0
0.0
0.0
0.0
0.0
0.0
0.0
0.0
0.0
0.0
0.0
0.0
0.0
0.0
0.0
0.0
0.0
0.0
0.0
0.0
0.0
0.0
8.387048551054467e-05
0.0007289225004247014
0.004222164050552063
0.016299354265176758
0.04193602311361179
0.07190939500434186
0.08217989367885688
0.06259318681082524
0.04166796100297037
0.016138617096319943
0.004165929676434132
0.000716702797289246
8.217653265100771e-05
6.2796881061522805e-06
3.1982314064998817e-07
1.0855835192935894e-08
2.455829135548874e-10
3.702666540936291e-12
3.720596763597127e-14
2.491679358759065e-16
1.1121241027938217e-18
3.3082315576397833e-21
6.5587351699900194e-24
8.666142749783972e-27
7.631556607776391e-30
4.479009356339139e-33
1.7519929632084788e-36
4.567350003321081e-40
0.0
0.0
0.0
0.0
0.0
0.0
0.0
0.0
0.0
0.0
0.0
0.0
0.0
0.0
0.0
0.0
0.0
0.0
0.0
0.0
0.0
0.0
0.0
0.0
0.0
0.0
0.0
0.0
0.0
0.0
0.0
0.0
0.0
0.0
0.0
0.0
0.0
0.0
0.0
0.0
0.0
3.920804302262436e-37
3.60716210219592e-36
2.2117584805118496e-35
9.038394455738923e-35
2.461650705568597e-34
4.468308142815521e-34
5.405568182391188e-34
4.358340251815092e-34
2.341976122902399e-34
8.387361117981272e-35
2.001934062827614e-35
3.18460626015635e-36
3.3763174085839806e-37
2.3856808240975255e-38
1.1234738278616943e-39
3.526104084486958e-41
2.800383004657252e-42
4.4694304315797884e-44
4.754101813538279e-46
3.370282637956209e-48
1.5923763400695286e-50
5.014257783067102e-53
1.0523232036099136e-55
1.4718826438236146e-58
1.3720779022857036e-61
8.524440894923361e-65
3.5296739197282204e-68
9.740579971653047e-72
0.0
0.0
0.0
0.0
0.0
0.0
0.0
0.0
0.0
0.0
0.0
0.0
0.0
0.0
0.0
0.0
0.0
0.0
0.0
0.0
0.0
0.0
0.0
0.0
0.0
0.0
0.0
0.0
0.0
0.0
0.0
0.0
0.0
0.0
0.0
0.0
0.0
0.0
0.0
0.0
0.0
1.0883569653389776e-37
7.919005808577973e-37
3.840179369992858e-36
1.2411203799705619e-35
2.6733625019992916e-35
3.8378088973006505e-35
3.671896124398703e-35
2.3414181276419098e-35
9.950596463578388e-36
2.8183881243536314e-36
5.320274427439438e-37
6.693431400949896e-38
5.612355175354035e-39
3.1363391994997874e-40
1.1681065335173392e-41
2.8995021037752156e-43
4.796737489333844e-45
5.28871328030867e-47
3.886293916252867e-49
1.903280555002769e-51
6.212287219088144e-54
1.3513933919410117e-56
1.9592669085538553e-59
1.8931584493010759e-62
1.476896511338549e-64
7.256814230579759e-68
2.3764216196171288e-71
5.186597329331222e-75
0.0
0.0
0.0
0.0
0.0
0.0
0.0
0.0
0.0
0.0
0.0
0.0
0.0
0.0
0.0
0.0
0.0
0.0
0.0
0.0
0.0
0.0
0.0
0.0
0.0
0.0
0.0
0.0
0.0
0.0
0.0
0.0
0.0
0.0
0.0
0.0
0.0
0.0
0.0
0.0
0.0
0.0
0.0
0.0
0.0
0.0
0.0
0.0
0.0
0.0
0.0
0.0
0.0
0.0
0.0
0.0
0.0
0.0
0.0
0.0
0.0
0.0
0.0
0.0
0.0
0.0
0.0
0.0
0.0
0.0
0.0
0.0
0.0
0.0
0.0
0.0
0.0
0.0
0.0
0.0
0.0
0.0
0.0
0.0
0.0
0.0
0.0
0.0
0.0
0.0
0.0
0.0
0.0
0.0
0.0
0.0
0.0
0.0
0.0
0.0
0.0
0.0
0.0
0.0
0.0
0.0
0.0
0.00023046913297515372
0.0015230033482367474
0.0067076515912305994
0.019688910412731526
0.03851717418257981
0.050219074000683324
0.043637969203137186
0.025272133711386223
0.009754406228903235
0.0025092348676036018
0.0004301929981897002
4.9154910483156524e-05
3.743277550903867e-06
1.8998473092104538e-07
6.4263875806160615e-09
1.4487607763522063e-10
2.1767471892645297e-12
2.179720724727702e-14
8.082833281035482e-16
4.115845486088213e-18
1.3968058719821887e-20
3.159327079044516e-23
4.762496570170752e-26
4.784717598349316e-29
3.2037564423770583e-32
1.4296977150601272e-35
4.2521688519588686e-39
8.428655991131243e-43
0.0
0.0
0.0
0.0
0.0
0.0
0.0
0.0
0.0
0.0
0.0
0.0
0.0
0.0
0.0
0.0
0.0
0.0
0.0
0.0
0.0
0.0
0.0
0.0
0.0
0.0
0.0
0.0
0.0
0.0
0.0
0.0
0.0
0.0
0.0
0.0
0.0
0.0
0.0
0.0
0.0
0.0
0.0
0.0
0.0
0.0
0.0
0.0
0.0
0.0
0.0
0.0
0.0
0.0
0.0
0.0
0.0
0.0
0.0
0.0
0.0
0.0
0.0
0.0
0.0
0.0
0.0
0.0
0.0
0.0
0.0
0.0
0.0
0.0
0.0
0.0
0.0
0.0
0.0
0.0
0.0
0.0
0.0
0.0
0.0
0.0
0.0
0.0
0.0
0.0
0.0
0.0
0.0
0.0
0.0
0.0
0.0
0.0
0.0
0.0
0.0
0.0
0.0
0.0
0.0
0.0
0.0
0.0
0.0
0.0
0.0
0.0
0.0
0.0
0.0
0.0
0.0
0.0
0.0
0.0
0.0
0.0
0.0
0.0
0.0
0.0
0.0
0.0
0.0
0.0
0.0
0.0
0.0
0.0
0.0
0.0
0.0
0.0
0.0
0.0
0.0
0.0
0.0
0.0
0.0
0.0
0.0
0.0
0.0
0.0
0.0
0.0
0.0
0.0
0.0
0.0
0.0
0.0
0.0
0.0
0.0
0.0
0.0
0.0
0.0
0.0
0.0
0.0
0.0
0.0
0.0
0.0
0.0
0.0
0.0
0.0
0.0
0.0
0.0
0.0
0.0
0.0
0.0
0.0
0.0
0.0
0.0
0.0
0.0
0.0
0.0
0.0
0.0
0.0
0.0
0.0
0.0
0.0
0.0
0.0
0.0
0.0
0.0
0.0
0.0
0.0
0.0
0.0
0.0
0.0
0.0
0.0
0.0
0.0
0.0
0.0
0.0
0.0
0.0
0.0
0.0
0.0
0.0
0.0
0.0
0.0
0.0
0.0
0.0
0.0
0.0
0.0
0.0
0.0
0.0
0.0
0.0
0.0
0.0
0.0
0.0
0.0
0.0
0.0
0.0
0.0
0.0
0.0
0.0
0.0
0.0
0.0
0.0
0.0
0.0
0.0
0.0
0.0
0.0
0.0
0.0
0.0
0.0
0.0
0.0
0.0
0.0
0.0
0.0
0.0
0.0
0.0
0.0
0.0
0.0
0.0
0.0
0.0
0.0
0.0
0.0
0.0
0.0
0.0
0.0
0.0
0.0
0.0
0.0
0.0
0.0
0.0
0.0
0.0
0.0
0.0
0.0
0.0
0.0
0.0
0.0
0.0
0.0
0.0
0.0
0.0
0.0
0.0
0.0
0.0
0.0
0.0
0.0
0.0
0.0
0.0
0.0
0.0
0.0
0.0
0.0
0.0
0.0
0.0
0.0
0.0
0.0
0.0
0.0
0.0
0.0
0.0
0.0
0.0
0.0
0.0
