a = 5.607685660411009 b = 5.607685660411009 c = 5.607685660411009 ,Gaussian ,LMH = 0.08 ,DW = [1.6 1.6]
0.0
0.0
0.0
0.0
0.0
0.0
0.0
0.0
0.0
0.0
0.0
0.0
0.0
0.0
0.0
0.0
0.0
0.0
0.0
0.0
0.0
0.0
0.0
0.0
0.0
0.0
0.0
0.0
0.0
0.0
0.0
0.0
0.0
0.0
0.0
0.0
0.0
0.0
0.0
0.0
0.0
0.0
0.0
0.0
0.0
0.0
0.0
0.0
0.0
0.0
0.0
0.0
0.0
0.0
0.0
0.0
0.0
0.0
0.0
0.0
0.0
0.0
0.0
0.0
0.0
0.0
0.0
0.0
0.0
0.0
0.0
0.0
0.0
0.0
0.0
0.0
0.0
0.0
0.0
0.0
0.0
0.0
0.0
0.0
0.0
0.0
0.0
0.0
0.0
0.0
0.0
0.0
0.0
0.0
0.0
0.0
0.0
0.0
0.0
0.0
0.0
0.0
0.0
0.0
0.0
0.0
0.0
0.0
0.0
0.0
0.0
0.0
0.0
0.0
0.0
0.0
0.0
0.0
0.0
0.0
0.0
0.0
0.0
0.0
0.0
0.0
0.0
0.0
0.0
0.0
0.0
0.0
0.0
0.0
0.0
0.0
0.0
0.0
0.0
0.0
0.0
0.0
0.0
0.0
0.0
0.0
0.0
0.0
0.0
0.0
0.0
0.0
0.0
0.0
0.0
0.0
0.0
0.0
0.0
0.0
0.0
0.0
0.0
0.0
0.0
0.0
0.0
0.0
0.0
0.0
0.0
0.0
0.0
0.0
0.0
0.0
0.0
0.0
0.0
0.0
0.0
0.0
0.0
0.0
0.0
0.0
0.0
0.0
0.0
0.0
0.0
0.0
0.0
0.0
0.0
0.0
0.0
0.0
0.0
0.0
0.0
0.0
0.0
0.0
0.0
0.0
0.0
0.0
0.0
0.0
0.0
0.0
0.0
0.0
0.0
0.0
0.0
0.0
0.0
0.0
0.0
0.0
0.0
0.0
0.0
0.0
0.0
0.0
0.0
0.0
0.0
0.0
0.0
0.0
0.0
0.0
0.0
0.0
0.0
0.0
0.0
0.0
0.0
0.0
0.0
0.0
0.0
0.0
0.0
0.0
0.0
0.0
0.0
0.0
0.0
0.0
0.0
0.0
0.0
0.0
0.0
0.0
0.0
0.0
0.0
0.0
0.0
0.0
0.0
0.0
0.0
0.0
0.0
0.0
0.0
0.0
0.0
0.0
0.0
0.0
0.0
0.0
0.0
0.0
0.0
0.0
0.0
0.0
0.0
0.0
0.0
0.0
0.0
0.0
0.0
0.0
0.0
0.0
0.0
0.0
0.0
0.0
0.0
0.0
0.0
0.0
0.0
0.0
0.0
0.0
0.0
0.0
0.0
0.0
0.0
0.0
0.0
0.0
0.0
0.0
0.0
0.0
0.0
0.0
0.0
0.0
0.0
0.0
0.0
0.0
0.0
0.0
0.0
0.0
0.0
0.0
0.0
0.0
0.0
0.0
0.0
0.0
0.0
0.0
0.0
0.0
0.0
0.0
0.0
0.0
0.0
0.0
0.0
0.0
0.0
0.0
0.0
0.0
0.0
0.0
0.0
0.0
0.0
0.0
0.0
0.0
0.0
0.0
0.0
0.0
0.0
0.0
0.0
0.0
0.0
0.0
0.0
0.0
0.0
0.0
0.0
0.0
0.0
0.0
0.0
0.0
0.0
0.0
0.0
0.0
0.0
0.0
0.0
8.852675143790672e-35
6.568742610515929e-34
3.248415021416668e-33
1.0706371862327726e-32
2.3517691291621402e-32
3.4429331882186454e-32
3.543116195233498e-32
2.637678657268973e-32
1.3086994612454677e-32
4.3275242497760005e-33
9.537194615358988e-34
1.4008232066087487e-34
1.37128447429981e-35
8.946503542901897e-37
3.89009910589522e-38
1.1273260467048555e-39
2.17730848636621e-41
2.8026698227570632e-43
2.4043930148909818e-45
1.374739863210336e-47
5.238622967605911e-50
1.3304400426395125e-52
2.2519306943941e-55
2.5403659423539513e-58
1.909937215350254e-61
9.570253654123807e-65
3.1960190142447546e-68
7.113393084452414e-72
0.0
0.0
0.0
0.0
0.0
0.0
0.0
0.0
0.0
0.0
0.0
0.0
0.0
0.0
0.0
0.0
0.0
0.0
0.0
0.0
0.0
0.0
0.0
0.0
0.0
0.0
0.0
0.0
0.0
0.0
0.0
0.0
0.0
0.0
0.0
0.0
0.0
0.0
0.0
0.0
0.0
0.0
0.0
0.0
0.0
0.0
0.0
0.0
0.0
0.0
0.0
0.0
0.0
0.0
0.0
0.0
0.0
0.0
0.0
0.0
0.0
0.0
0.0
0.0
0.0
0.0
0.0
0.0
0.0
0.0
0.0
0.0
0.0
0.0
0.0
0.0
0.0
0.0
0.0
0.0
0.0
0.0
0.0
0.0
0.0
0.0
0.0
0.0
0.0
0.0
0.0
0.0
0.0
0.0
0.0
0.0
0.0
0.0
0.0
0.0
0.0
0.0
0.0
0.0
0.0
0.0
0.0
0.0
0.0
0.0
0.0
0.0
0.0
0.0
0.0
0.0
0.0
0.0
0.0
0.0
0.0
0.0
0.0
0.0
0.0
0.0
0.0
0.0
0.0
0.0
0.0
0.0
0.0
0.0
0.0
0.0
0.0
0.0
0.0
0.0
0.0
0.0
0.0
0.0
0.0
0.0
0.0
0.0
0.0
0.0
0.0
0.0
0.0
0.0
0.0
0.0
0.0
0.0
0.0
0.0
0.0
0.0
0.0
0.0
0.0
0.0
0.0
0.0
0.0
0.0
0.0
0.0
0.0
0.0
0.0
0.0
0.0
0.0
0.0
0.0
0.0
0.0
0.0
0.0
0.0
0.0
0.0
0.0
0.0
0.0
0.0
0.0
0.0
0.0
0.0
0.0
0.0
0.0
0.0
0.0
0.0
0.0
0.0
0.0
0.0
0.0
0.0
0.0
0.0
0.0
0.0
0.0
0.0
0.0
0.0
0.0
0.0
0.0
0.0
0.0
0.0
0.0
0.0
0.0
0.0
0.0
0.0
0.0
0.0
0.0
0.0
0.0
0.0
0.0
0.0
0.0
0.0
0.0
0.0
0.0
0.0
0.0
0.0
0.0
0.0
0.0
0.0
0.0
0.0
0.0
0.0
0.0
0.0
0.0
0.0
0.0
0.0
0.0
0.0
0.0
0.0
0.0
0.0
0.0
0.0
0.0
0.0
0.0
0.0
0.0
0.0
0.0
0.0
0.0
0.0
0.0
0.0
0.0
0.0
0.0
0.0
0.0
0.0
0.0
0.0
0.0
0.0
0.0
0.0
0.0
0.0
0.0
0.0
0.0
0.0
0.0
0.0
0.0
0.0
0.0
0.0
0.0
0.0
0.0
0.0
0.0
0.0
0.0
0.0
0.0
0.0
0.0
0.0
0.0
0.0
0.0
0.0
0.0
0.0
0.0
0.0
0.0
0.0
0.0
0.0
0.0
0.0
0.0
0.0
0.0
0.0
0.0
0.0
0.0
0.0
0.0
0.0
0.0
0.0
0.0
0.0
0.0
0.0
0.0
0.0
0.0
0.0
0.0
0.0
0.0
0.0
0.0
0.0
0.0
0.0
0.0
0.0
0.0
0.0
0.0
0.0
0.0
0.0
0.0
0.0
0.0
0.0
0.0
0.0
0.0002910721506713119
0.002065075801592603
0.00976456473069876
0.030771688540719065
0.0646295772971868
0.09046755458277184
0.08439873454112336
0.052475981098451877
0.021745367272861478
0.0060055733486791335
0.001105410924145613
0.00013560464837919915
1.1086818807577666e-05
6.041167412539653e-07
2.193897536026314e-08
5.309985778340443e-10
8.565484304974772e-12
9.208566687198892e-14
6.598021093839385e-16
3.1507715108177103e-18
1.002770775301612e-20
1.7317785953940621e-22
2.802719959160438e-25
3.0230727132175697e-28
2.173196657798412e-31
1.04119245375126e-34
3.324639369413391e-38
7.075214698037514e-42
0.0
0.0
0.0
0.0
0.0
0.0
0.0
0.0
0.0
0.0
0.0
0.0
0.0
0.0
0.0
0.0
0.0
0.0
0.0
0.0
0.0
0.0
0.0
0.0
0.0
0.0
0.0
0.0
0.0
0.0
0.0
0.0
0.0
0.0
0.0
0.0
0.0
0.0
0.0
0.0
0.0
0.0
0.0
0.0
0.0
0.0
0.0
0.0
0.0
0.0
0.0
0.0
0.0
0.0
0.0
0.0
0.0
0.0
0.0
0.0
0.0
0.0
0.0
0.0
0.0
0.0
0.0
0.0
0.0
0.0
0.0
0.0
0.0
0.0
0.0
0.0
0.0
0.0
0.0
0.0
0.0
0.0
0.0
0.0
0.0
0.0
0.0
0.0
0.0
0.0
0.0
0.0
0.0
0.0
0.0
0.0
0.0
0.0
0.0
0.0
0.0
0.0
0.0
0.0
0.0
0.0
0.0
0.0
0.0
0.0
0.0
0.0
0.0
0.0
0.0
0.0
0.0
0.0
0.0
0.001813245040609741
0.014237530920664428
0.04489393378712739
0.1792538218539153
0.47701357057172594
0.8460082402236535
1.0
0.7877836355169451
0.41361421710342633
0.14473231532966147
0.033753367607613376
0.005246265400901046
0.0005434567072698604
3.751985897269056e-05
1.7263903099034299e-06
5.2941754553491826e-08
1.0820297931004118e-09
1.4738784058157607e-11
1.338029353620232e-13
8.095639754545816e-16
3.2645118987430735e-18
8.773378894933902e-21
1.5714373218238165e-23
1.8758961391006464e-26
1.4924578128477284e-29
7.913650867781308e-33
2.796618697518359e-36
6.5867499337775335e-40
0.0
0.0
0.0
0.0
0.0
0.0
0.0
0.0
0.0
0.0
0.0
0.0
0.0
0.0
0.0
0.0
0.0
0.0
0.0
0.0
0.0
0.0
0.0
0.0
0.0
0.0
0.0
0.0
0.0
0.0
0.0
0.0
0.0
0.0
0.0
0.0
0.0
0.0
0.0
0.0
0.0
0.0
0.0
0.0
0.0
0.0
0.0
0.0
0.0
0.0
0.0
0.0
0.0
0.0
0.0
0.0
0.0
0.0
0.0
0.0
0.0
0.0
0.0
0.0
0.0
0.0
0.0
0.0
0.0
0.0
0.0
0.0
0.0
0.0
0.0
0.0
0.0
0.0
0.0
0.0
0.0
0.0
0.0
0.0
0.0
0.0
0.0
0.0
0.0
0.0
0.0
0.0
0.0
0.0
0.0
0.0
0.0
0.0
0.0
0.0
0.0
0.0
0.0
0.0
4.197481055619555e-35
2.782382794122479e-34
1.2292113496433134e-33
3.619243409705766e-33
7.102161948322238e-33
9.288485302552633e-33
8.096191527605858e-33
4.703251438172022e-33
1.8209464259784993e-33
4.6986996877466645e-34
8.080528316175439e-35
9.261543538737278e-36
7.0747082853024395e-37
3.6017639730691585e-38
1.2220909006641092e-39
2.763588135045149e-41
4.1650927472772255e-43
4.18367155178542e-45
2.8007351084949596e-47
1.2495914276695615e-49
3.715742305675892e-52
7.363845791968959e-55
9.726247832965443e-58
8.561848248161194e-61
6.276967053639112e-63
2.80979492625958e-66
8.382642539041471e-70
1.6667436841662505e-73
0.0
0.0
0.0
0.0
0.0
0.0
0.0
0.0
0.0
0.0
0.0
0.0
0.0
0.0
0.0
0.0
0.0
0.0
0.0
0.0
0.0
0.0
0.0
0.0
0.0
0.0
0.0
0.0
0.0
0.0
0.0
0.0
0.0
0.0
0.0
0.0
0.0
0.0
0.0
0.0
0.0
0.0
0.0
0.0
0.0
0.0
0.0
0.0
0.0
0.0
0.0
0.0
0.0
0.0
0.0
0.0
0.0
0.0
0.0
0.0
0.0
0.0
0.0
0.0
0.0
0.0
0.0
0.0
0.0
0.0
0.0
0.0
0.0
0.0
0.0
0.0
0.0
0.0
0.0
0.0
0.0
0.0
0.0
0.0
0.0
0.0
0.0
0.0
0.0
0.0
0.0
6.54241639791487e-37
5.798539390346932e-36
3.425157841950325e-35
1.348416680581353e-34
3.537929633456148e-34
6.186653795989561e-34
7.210144766003335e-34
5.600331098063161e-34
3.7771222665335816e-34
1.4918781136413915e-34
3.927237720111894e-35
6.890053374645016e-36
8.056372349988516e-37
6.278241574317172e-38
3.260754204056642e-39
1.1287029275206585e-40
2.6038909264810295e-42
4.00357043278238e-44
4.102548334160221e-46
2.801828107487765e-48
1.2752954707657694e-50
3.8686700829141847e-53
7.821573322998137e-56
1.0539210894695708e-58
9.464629488826508e-62
5.664749213925002e-65
2.2596402732297752e-68
6.007302109959902e-72
0.0
0.0
0.0
0.0
0.0
0.0
0.0
0.0
0.0
0.0
0.0
0.0
0.0
0.0
0.0
0.0
0.0
0.0
0.0
0.0
0.0
0.0
0.0
0.0
0.0
0.0
0.0
0.0
0.0
0.0
0.0
0.0
0.0
0.0
0.0
0.0
0.0
0.0
0.0
0.0
0.0
0.0
0.0
0.0
0.0
0.0
0.0
0.0
0.0
0.0
0.0
0.0
0.0
0.0
0.0
0.0
0.0
0.0
0.0
0.0
0.0
0.0
0.0
0.0
0.0
0.0
0.0
0.0
0.0
0.0
0.0
0.0
0.0
0.0
0.0
0.0
0.0
0.0
0.0
0.0
0.0
0.0
0.0
0.0
0.0
0.0
0.0
0.0
0.0
0.0
0.0
0.0
0.0
0.0
0.0
0.0
0.0
0.0
0.0
0.0
0.0
0.0
0.0
0.0
0.0
0.0
0.0
0.0
0.0
0.0
0.0
0.0
0.0
0.0
0.0
0.0
0.0
0.0
0.0
0.0
0.0
0.0
0.0
0.0
0.0
0.0
0.0
0.0
0.0
0.0
0.0
0.0
0.0
0.0
0.0
0.0
0.0
0.0
0.0
0.0
0.0
0.0
0.0
0.0
0.0
0.0
0.0
0.0
0.0
0.0
0.0
0.0
0.0
0.0
0.0
0.0
0.0
0.0
0.0
0.0
0.0
0.0
0.0
0.0
0.0
0.0
0.0
0.0
0.0
0.0
0.0
0.0
0.0
0.0
0.0
0.0
0.0
0.0
0.0
0.0
0.0
0.0
0.0
0.0
0.0
0.0
0.0
0.0
0.0
0.0009570102022417202
0.0071214826181597805
0.0353187901065127
0.1167408269013905
0.2571705660397253
0.3775733250669008
0.369456146775727
0.24093840810665917
0.10472026316419329
0.03033450841929243
0.005856319282842633
0.0007535187770785003
6.46167275962994e-05
3.692983688379301e-06
1.4066672193353877e-07
3.570975680568444e-09
6.041766911232872e-11
6.81275213329883e-13
5.119915090385744e-15
2.5643923758750928e-17
8.560275531239561e-20
1.9044630825532665e-22
2.590577733555948e-24
2.9307854275622752e-27
2.2097999874234982e-30
1.1104613778018478e-33
3.719079807169931e-37
8.301356898190972e-41
0.0
0.0
0.0
0.0
0.0
0.0
0.0
0.0
0.0
0.0
0.0
0.0
0.0
0.0
0.0
0.0
0.0
0.0
0.0
0.0
0.0
0.0
0.0
0.0
0.0
0.0
0.0
0.0
0.0
0.0
0.0
0.0
0.0
0.0
0.0
0.0
0.0
0.0
0.0
0.0
0.0
0.0
0.0
0.0
0.0
0.0
0.0
0.0
0.0
0.0
0.0
0.0
0.0
0.0
0.0
0.0
0.0
0.0
0.0
0.0
0.0
0.0
0.0
0.0
0.0
0.0
0.0
0.0
0.0
0.0
0.0
7.890122384821413e-36
3.443292944576205e-35
2.2385181106882856e-34
9.699041113322078e-34
2.8007770322397006e-33
5.3902613237170974e-33
6.91389298368536e-33
5.910402176593218e-33
3.3673864695104307e-33
1.2786463391127784e-33
3.2358580719160256e-34
5.45770475717409e-35
6.134965993333396e-36
4.596167309898966e-37
2.2948856350618164e-38
7.636736636867999e-40
1.6936985977843508e-41
2.503490746649125e-43
2.4662517204865425e-45
1.6192367804765423e-47
7.085408063618993e-50
2.0663359068804644e-52
4.016229538921216e-55
5.2025669496952466e-58
4.4915721211135845e-61
2.5844053153308738e-64
1.4270405623320024e-66
4.175429411898555e-70
0.0
0.0
0.0
0.0
0.0
0.0
0.0
0.0
0.0
0.0
0.0
0.0
0.0
0.0
0.0
0.0
0.0
0.0
0.0
0.0
0.0
0.0
0.0
0.0
0.0
0.0
0.0
0.0
0.0
0.0
0.0
0.0
0.0
0.0
0.0
0.0
0.0
0.0
0.0
0.0
0.0
0.0
0.0
0.0
0.0
0.0
0.0
0.0
0.0
0.0
0.0
0.0
0.0
0.0
0.0
0.0
0.0
0.0
0.0
0.0
0.0
0.0
0.0
0.0
0.0
0.0
0.0
0.0
4.379167116681092e-68
2.9312586398304313e-67
1.3076704488234704e-66
3.8879800435162155e-66
7.704266423516628e-66
1.0174664713389366e-65
8.955513005603e-66
6.565053009083912e-66
2.9384017877990253e-66
8.765277504715886e-67
1.7426160473890828e-67
2.308975347514697e-68
2.0390056597668058e-69
1.2000493738431422e-70
4.707185857747294e-72
1.2305666077292852e-73
2.144028006209939e-75
2.489644455155699e-77
1.9267517162117093e-79
9.937925278290472e-82
3.416231145154218e-84
7.826729360463264e-87
1.1950743735847522e-89
1.2161610749405751e-92
8.248382886864006e-96
3.728447860572576e-99
1.1232304905785975e-102
2.25523208772671e-106
0.0
0.0
0.0
0.0
0.0
0.0
0.0
0.0
0.0
0.0
0.0
0.0
0.0
0.0
0.0
0.0
0.0
0.0
0.0
0.0
0.0
0.0
0.0
0.0
0.0
0.0
0.0
0.0
0.0
0.0
0.0
0.0
0.0
0.0
0.0
0.0
0.0
0.0
0.0
0.0
0.0
0.0
0.0
0.0
0.0
0.0
0.0
0.0
0.0
0.0
0.0
0.0
0.0
0.0
0.0
0.0
0.0
0.0
0.0
0.0
0.0
0.0
0.0
5.192421571274402e-06
4.9209815606276665e-05
0.00031082438148192663
0.0013084585418984662
0.003671017066178267
0.00686427048541492
0.008554289062578786
0.007104851466088512
0.0039328522633829835
0.0014509144644348903
0.00035674470534137215
5.8459461472725596e-05
6.384599104076011e-06
4.647228245934403e-07
2.2544256747955995e-08
7.288856308290075e-10
1.570595698699586e-11
2.255542252252379e-13
2.1588331508386588e-15
7.767811525173611e-17
3.7806752241546284e-19
1.2263702629489232e-21
2.651278801050504e-24
3.820064850212967e-27
3.668323433780427e-30
2.347718665700702e-33
1.0013964183611752e-36
2.8467384208633775e-40
0.0
0.0
0.0
0.0
0.0
0.0
0.0
0.0
0.0
0.0
0.0
0.0
0.0
0.0
0.0
0.0
0.0
0.0
0.0
0.0
0.0
0.0
0.0
0.0
0.0
0.0
0.0
0.0
0.0
0.0
0.0
0.0
0.0
0.0
0.0
0.0
0.0
0.0
0.0
0.0
0.0
0.0
0.0
0.0
0.0
0.0
0.0
0.0
0.0
0.0
0.0
0.0
0.0
0.0
0.0
0.0
0.0
0.0
0.0
0.0
0.0
0.00014830805261889827
0.0011627606009704697
0.006075715523945027
0.021158559784005448
0.04910846085586341
0.07596404648891415
0.07831436072378195
0.06379174438724045
0.03344262620656673
0.011684706805253619
0.0027209265127287044
0.0004222769281168045
4.3677668008893795e-05
3.010946788711338e-06
1.3833378697401943e-07
4.235795650788962e-09
8.644169659171261e-11
1.1756907802611382e-12
1.0657233737731989e-14
6.438392037899198e-17
2.5923395904235754e-19
6.956453965675881e-22
1.244129210232896e-24
1.4829435048636832e-27
1.1780542049993024e-30
6.237168682832632e-34
2.2008541027123207e-37
5.175789030098586e-41
0.0
0.0
0.0
0.0
0.0
0.0
0.0
0.0
0.0
0.0
0.0
0.0
0.0
0.0
0.0
0.0
0.0
0.0
0.0
0.0
0.0
0.0
0.0
0.0
0.0
0.0
0.0
0.0
0.0
0.0
0.0
0.0
0.0
0.0
0.0
0.0
0.0
0.0
0.0
0.0
0.0
0.0
0.0
0.0
0.0
0.0
0.0
0.0
0.0
0.0
0.0
0.0
0.0
0.0
0.0
0.0
0.0
0.0
5.5494947999105415e-36
4.956721964350706e-35
2.950646736718241e-34
1.1706347815341166e-33
3.095331577385917e-33
5.454745354234823e-33
6.406536902819857e-33
5.0148013178605695e-33
2.6161682981781103e-33
9.096182691582761e-34
2.107823383416508e-34
3.2552984399970875e-35
3.350649114952023e-36
2.298521860773132e-37
1.0508721319177696e-38
3.2020835525986908e-40
6.502749027097552e-42
8.801219937296593e-44
7.939082284165378e-46
4.772866429899239e-48
1.9123606833159543e-50
5.106718047473769e-53
9.08856886527243e-56
1.0780295673783595e-58
9.641730306323436e-61
5.815575924920618e-64
2.3378251626626987e-67
6.263439339386102e-71
0.0
0.0
0.0
0.0
0.0
0.0
0.0
0.0
0.0
0.0
0.0
0.0
0.0
0.0
0.0
0.0
0.0
0.0
0.0
0.0
0.0
0.0
0.0
0.0
0.0
0.0
0.0
0.0
0.0
0.0
0.0
0.0
0.0
0.0
0.0
0.0
0.0
0.0
0.0
0.0
0.0
0.0
0.0
0.0
0.0
0.0
0.0
0.0
0.0
0.0
0.0
0.0
0.0
0.0
0.0
0.0
1.8465749318071735e-37
1.526041615585287e-36
8.405186744153431e-36
3.085388844186949e-35
7.548384098994826e-35
1.2307777188330496e-34
1.3374784956309822e-34
9.68669306495555e-35
4.6756911646041094e-35
1.5041725014723355e-35
3.225009662579815e-36
4.608355175572489e-37
4.38876589506453e-38
2.785610785307985e-39
1.1783654580434309e-40
3.322164396601115e-42
6.24228774511923e-44
3.5214896839281605e-45
3.364741194474215e-47
2.142685635929146e-49
9.09382933231321e-52
2.57227080580197e-54
4.849178000667789e-57
6.092578196545705e-60
5.101708564155769e-63
2.847159045110438e-66
1.0589839018470372e-69
2.6251162278891576e-73
0.0
0.0
0.0
0.0
0.0
0.0
0.0
0.0
0.0
0.0
0.0
0.0
0.0
0.0
0.0
0.0
0.0
0.0
0.0
0.0
0.0
0.0
0.0
0.0
0.0
0.0
0.0
0.0
0.0
0.0
0.0
0.0
0.0
0.0
0.0
0.0
0.0
0.0
0.0
0.0
0.0
0.0
0.0
0.0
0.0
0.0
0.0
0.0
0.0
0.0
0.0
0.0
0.0
0.0
0.0
0.0
0.0
0.0
0.0
0.0
0.0
0.0
0.0
0.0
0.0
0.0
0.0
0.0
0.0
0.0
0.0
0.0
0.0
0.0
0.0
0.0
0.0
0.0
0.0
0.0
0.0
0.0
0.0
0.0
0.0
0.0
0.0
0.0
0.0
0.0
0.0
0.0
0.0
0.0
0.0
0.0
0.0
0.0
0.0
0.0
0.0
0.0
0.0
0.0
0.0
0.0
0.0
0.0
0.0
0.0
0.0
0.0
0.0
0.0
0.0
0.0
0.0
0.0
0.0
0.0
0.0
0.0
0.0
0.0
0.0
0.0
0.0
0.0
0.0
0.0
0.0
0.0
0.0
0.0
1.850980722385044e-05
0.0001693808275519067
0.0010330186285754726
0.004198881365939418
0.011374717086900138
0.02053662869673082
0.024711507890885515
0.019817592346648014
0.010592149031042221
0.0037731044067300344
0.0015133620638834223
0.00027413227082408577
3.30947444853384e-05
2.6628055244168764e-06
1.4279119047445643e-07
5.103227479324257e-09
1.2155420553663187e-10
1.9296413582406304e-12
2.0415722629769503e-14
1.4395755528126803e-16
6.765279084096625e-19
2.118939317154641e-21
4.423162246303198e-24
6.153593004603549e-27
5.7056643005775734e-30
3.525861194226509e-33
1.4521308582217507e-36
3.985913282632653e-40
0.0
0.0
0.0
0.0
0.0
0.0
0.0
0.0
0.0
0.0
0.0
0.0
0.0
0.0
0.0
0.0
0.0
0.0
0.0
0.0
0.0
0.0
0.0
0.0
0.0
0.0
0.0
0.0
0.0
0.0
0.0
0.0
0.0
0.0
0.0
0.0
0.0
0.0
0.0
0.0
0.0
0.0
0.0
0.0
0.0
0.0
0.0
0.0
0.0
0.0
0.0
2.7550942516704018e-36
2.444333210781569e-35
1.4453262970938996e-34
5.695776622918162e-34
1.495965373551378e-33
2.618615184255538e-33
3.054944823180798e-33
2.3752898210476932e-33
1.603096351673445e-33
6.338338704624816e-34
1.670216649280488e-34
2.933267850423593e-35
3.433303404256764e-36
2.6782689979316756e-37
1.3924440458837121e-38
4.824839366131866e-40
1.1142163154768994e-41
1.7148957197135682e-43
1.759087600646948e-45
1.2025932630561894e-47
5.4793824449834425e-50
1.663895355841773e-52
3.367456182266234e-55
4.5421288006804225e-58
4.083179623728517e-61
2.4463527151304253e-64
9.768349962515335e-68
2.5995902236753077e-71
0.0
0.0
0.0
0.0
0.0
0.0
0.0
0.0
0.0
0.0
0.0
0.0
0.0
0.0
0.0
0.0
0.0
0.0
0.0
0.0
0.0
0.0
0.0
0.0
0.0
0.0
0.0
0.0
0.0
0.0
0.0
0.0
0.0
0.0
0.0
0.0
0.0
0.0
0.0
0.0
0.0
0.0
0.0
0.0
0.0
0.0
0.0
0.0
0.0
0.0
2.6262580775024795e-37
2.0837239008220065e-36
1.1018551185379506e-35
3.883205390905265e-35
9.120901770562189e-35
1.4277979147214103e-34
1.489626042691554e-34
1.223071346297243e-34
6.488807421392032e-35
2.29434924431047e-35
5.406742871361958e-36
8.491676760568297e-37
8.888587259863836e-38
6.200883535484123e-39
2.883075111311967e-40
8.933875328529276e-42
1.845038217713303e-43
2.5395244208228394e-45
2.329597913728141e-47
1.4242659512753726e-49
5.8034034515861e-52
1.575999166501891e-54
2.852402125767161e-57
3.440702060918145e-60
2.766081244579428e-63
1.482055080497117e-66
5.2923103643506156e-70
1.259527963943587e-73
0.0
0.0
0.0
0.0
0.0
0.0
0.0
0.0
0.0
0.0
0.0
0.0
0.0
0.0
0.0
0.0
0.0
0.0
0.0
0.0
0.0
0.0
0.0
0.0
0.0
0.0
0.0
0.0
0.0
0.0
0.0
0.0
0.0
0.0
0.0
0.0
0.0
0.0
0.0
0.0
0.0
0.0
0.0
0.0
0.0
0.0
0.0
0.0
0.0
7.680836538521167e-06
5.391279485515823e-05
0.00025220675726198596
0.0007863269096349168
0.001633921195622238
0.0022627710985302775
0.0020884865738089713
0.0015802528813589135
0.0007416862637579339
0.00023200397666061788
4.836733628343623e-05
6.72032783885203e-06
6.22315040685469e-07
3.8407114791598774e-08
1.5797727473179414e-09
4.330709970474823e-11
7.912343448615096e-13
9.634578263518425e-15
7.818831172985785e-17
4.2289496146565443e-19
1.5244203372544992e-21
3.662338693834513e-24
5.863998156076744e-27
6.2576417024695914e-30
4.450503109891841e-33
2.109546355218248e-36
6.664239331044062e-40
1.4031162227023356e-43
0.0
0.0
0.0
0.0
0.0
0.0
0.0
0.0
0.0
0.0
0.0
0.0
0.0
0.0
0.0
0.0
0.0
0.0
0.0
0.0
0.0
0.0
0.0
0.0
0.0
0.0
0.0
0.0
0.0
0.0
0.0
0.0
0.0
0.0
0.0
0.0
0.0
0.0
0.0
0.0
0.0
0.0
0.0
0.0
0.0
0.0
0.0
0.0
0.00024001267878889874
0.0015699250468618618
0.006843924355088864
0.0198844247390863
0.03850369513490004
0.049690496590444395
0.04273914325579629
0.024499647478570502
0.013494290163040771
0.00393356787116956
0.0007641960698886508
9.894742573762799e-05
8.538581893370738e-06
4.910758131879394e-07
1.882317539655924e-08
4.8086014365031e-10
8.187027002734201e-12
9.289989260728932e-14
7.02563768495535e-16
3.541097093132452e-18
1.189519233327613e-20
2.6630949462540384e-23
3.9735929873409057e-26
3.9514970206306716e-29
2.6189154956195567e-32
1.156812199529137e-35
3.405538409218431e-39
6.681750485151376e-43
0.0
0.0
0.0
0.0
0.0
0.0
0.0
0.0
0.0
0.0
0.0
0.0
0.0
0.0
0.0
0.0
0.0
0.0
0.0
0.0
0.0
0.0
0.0
0.0
0.0
0.0
0.0
0.0
0.0
0.0
0.0
0.0
0.0
0.0
0.0
0.0
0.0
0.0
0.0
0.0
0.0
0.0
0.0
0.0
0.0
0.0
0.0
1.2821364613386467e-36
8.716238450595301e-36
3.949167032547155e-35
1.1925139036034115e-34
2.3999541661695724e-34
3.2190223528105984e-34
2.8775745599413236e-34
1.7143943485504539e-34
6.807323905624663e-35
1.8014559752974334e-35
5.926832743617351e-36
7.975767570773693e-37
7.153257440621931e-38
4.275793959696593e-39
1.7033787764273423e-40
4.522590251771211e-42
8.002852288121612e-44
9.43808551330708e-46
7.418302913708668e-48
3.886035523563593e-50
1.3567209078852125e-52
3.156863599369361e-55
4.895563242652094e-58
5.059773327678796e-61
3.485306735563206e-64
1.6000461089449354e-67
4.895595632055705e-71
9.982978307816655e-75
0.0
0.0
0.0
0.0
0.0
0.0
0.0
0.0
0.0
0.0
0.0
0.0
0.0
0.0
0.0
0.0
0.0
0.0
0.0
0.0
0.0
0.0
0.0
0.0
0.0
0.0
0.0
0.0
0.0
0.0
0.0
0.0
0.0
0.0
0.0
0.0
0.0
0.0
0.0
0.0
0.0
0.0
0.0
0.0
0.0
0.0
0.0
0.0
0.0
0.0
0.0
0.0
0.0
0.0
0.0
0.0
0.0
0.0
0.0
0.0
0.0
0.0
0.0
0.0
0.0
0.0
0.0
0.0
0.0
0.0
0.0
0.0
0.0
0.0
0.0
0.0
0.0
0.0
0.0
0.0
0.0
0.0
0.0
0.0
0.0
0.0
0.0
0.0
0.0
0.0
0.0
0.0
0.0
0.0
0.0
0.0
0.0
0.0
0.0
0.0
0.0
0.0
0.0
0.0
0.0
0.0
0.0
0.0
0.0
0.0
0.0
0.0
0.0
0.0
0.0
0.0
0.0
0.0
0.0
0.0
0.0
0.0
0.0
0.0
0.0
0.0
0.0
0.0
0.0
0.0
0.0
0.0
0.0
0.0
0.0
0.0
0.0
0.0
0.0
0.0
0.0
0.0
0.0
0.0
0.0
0.0
0.0
0.0
0.0
0.0
0.0
0.0
0.0
0.0
0.0
0.0
0.0
0.0
0.0
0.0
0.0
0.0
0.0
0.0
0.0
0.0
0.0
0.0
0.0
0.0
0.0
0.0
0.0
0.0
0.0
0.0
0.0
0.0
0.0
0.0
0.0
0.0
0.0
0.0
0.0
0.0
0.0
0.0
0.0
0.0
0.0
0.0
0.0
0.0
0.0
0.0
0.0
0.0
0.0
0.0
0.0
0.0
0.0
0.0
0.0
0.0
0.0
0.0
0.0
0.0
0.0
0.0
0.0
0.0
0.0
0.0
0.0
0.0
0.0
0.0
0.0
0.0
0.0
0.0
0.0
0.0
0.0
0.0
0.0
0.0
0.0
0.0
0.0
0.0
0.0
0.0
0.0
0.0
0.0
0.0
0.0
0.0
0.0
0.0
0.0
0.0
0.0
0.0
0.0
0.0
0.0
0.0
0.0
0.0
0.0
0.0
0.0
0.0
0.0
0.0
0.0
0.0
0.0
0.0
0.0
0.0
0.0
0.0
0.0
0.0
0.0
0.0
0.0
0.0
0.0
0.0
0.0
0.0
0.0
0.0
0.0
0.0
0.0
0.0
0.0
0.0
0.0
0.0
0.0
0.0
0.0
0.0
0.0
0.0
0.0
0.0
0.0
0.0
0.0
0.0
0.0
0.0
0.0
0.0
0.0
0.0
0.0
0.0
0.0
0.0
0.0
0.0
0.0
0.0
0.0
0.0
0.0
0.0
0.0
0.0
0.0
0.0
0.0
0.0
0.0
0.0
0.0
0.0
0.0
0.0
0.0
0.0
0.0
0.0
0.0
0.0
0.0
0.0
0.0
0.0
0.0
0.0
0.0
0.0
0.0
0.0
0.0
0.0
0.0
0.0
0.0
0.0
0.0
0.0
0.0
0.0
0.0
0.0
0.0
0.0
0.0
0.0
0.0
0.0
0.0
0.0
0.0
0.0
0.0
0.0
0.0
0.0
0.0
0.0
0.0
0.0
0.0
0.0
0.0
0.0
