a = 5.499737340082164 b = 5.499737340082164 c = 5.499737340082164 ,Gaussian ,LMH = 0.08 ,DW = [0.8 0.8]
0.0
0.0
0.0
0.0
0.0
0.0
0.0
0.0
0.0
0.0
0.0
0.0
0.0
0.0
0.0
0.0
0.0
0.0
0.0
0.0
0.0
0.0
0.0
0.0
0.0
0.0
0.0
0.0
0.0
0.0
0.0
0.0
0.0
0.0
0.0
0.0
0.0
0.0
0.0
0.0
0.0
0.0
0.0
0.0
0.0
0.0
0.0
0.0
0.0
0.0
0.0
0.0
0.0
0.0
0.0
0.0
0.0
0.0
0.0
0.0
0.0
0.0
0.0
0.0
0.0
0.0
0.0
0.0
0.0
0.0
0.0
0.0
0.0
0.0
0.0
0.0
0.0
0.0
0.0
0.0
0.0
0.0
0.0
0.0
0.0
0.0
0.0
0.0
0.0
0.0
0.0
0.0
0.0
0.0
0.0
0.0
0.0
0.0
0.0
0.0
0.0
0.0
0.0
0.0
0.0
0.0
0.0
0.0
0.0
0.0
0.0
0.0
0.0
0.0
0.0
0.0
0.0
0.0
0.0
0.0
0.0
0.0
0.0
0.0
0.0
0.0
0.0
0.0
0.0
0.0
0.0
0.0
0.0
0.0
0.0
0.0
0.0
0.0
0.0
0.0
0.0
0.0
0.0
0.0
0.0
0.0
0.0
0.0
0.0
0.0
0.0
0.0
0.0
0.0
0.0
0.0
0.0
0.0
0.0
0.0
0.0
0.0
0.0
0.0
0.0
0.0
0.0
0.0
0.0
0.0
0.0
0.0
0.0
0.0
0.0
0.0
0.0
0.0
0.0
0.0
0.0
0.0
0.0
0.0
0.0
0.0
0.0
0.0
0.0
0.0
0.0
0.0
0.0
0.0
0.0
0.0
0.0
0.0
0.0
0.0
0.0
0.0
0.0
0.0
0.0
0.0
0.0
0.0
0.0
0.0
0.0
0.0
0.0
0.0
0.0
0.0
0.0
0.0
0.0
0.0
0.0
0.0
0.0
0.0
0.0
0.0
0.0
0.0
0.0
0.0
0.0
0.0
0.0
0.0
0.0
0.0
0.0
0.0
0.0
0.0
0.0
0.0
0.0
0.0
0.0
0.0
0.0
0.0
0.0
0.0
0.0
0.0
0.0
0.0
0.0
0.0
0.0
0.0
0.0
0.0
0.0
0.0
0.0
0.0
0.0
0.0
0.0
0.0
0.0
0.0
0.0
0.0
0.0
0.0
0.0
0.0
0.0
0.0
0.0
0.0
0.0
0.0
0.0
0.0
0.0
0.0
0.0
0.0
0.0
0.0
0.0
0.0
0.0
0.0
0.0
0.0
0.0
0.0
0.0
0.0
0.0
0.0
0.0
0.0
0.0
0.0
0.0
0.0
0.0
0.0
0.0
0.0
0.0
0.0
0.0
0.0
0.0
0.0
0.0
0.0
0.0
0.0
0.0
0.0
0.0
0.0
0.0
0.0
0.0
0.0
0.0
0.0
0.0
0.0
0.0
0.0
0.0
0.0
0.0
0.0
0.0
0.0
0.0
0.0
0.0
0.0
0.0
0.0
0.0
0.0
0.0
0.0
0.0
0.0
0.0
0.0
0.0
0.0
0.0
0.0
0.0
0.0
0.0
0.0
0.0
0.0
0.0
0.0
0.0
0.0
0.0
0.0
0.0
0.0
0.0
0.0
0.0
0.0
0.0
0.0
0.0
0.0
0.0
0.0
0.0
0.0
0.0
0.0
0.0
0.0
0.0
0.0
0.0
0.0
0.0
0.0
0.0
0.0
0.0
0.0
0.0
0.0
0.0
0.0
1.4017442823468725e-34
9.36272502720629e-34
4.167900020203156e-33
1.2365562146003915e-32
2.445073870373553e-32
3.22219376394205e-32
2.830041924652321e-32
1.6565922830071364e-32
6.462788548520954e-33
1.68037343750203e-33
2.9118782803019585e-34
3.362963660556417e-35
2.5885268852067983e-36
1.3278980521295182e-37
4.540025956373774e-39
1.034507124645807e-40
1.5710506413976263e-42
1.590114620989489e-44
1.0726257672789925e-46
4.822248299007571e-49
1.4448822625650928e-51
2.3969294267286533e-53
3.6520836689991867e-56
3.708580737629101e-59
2.509899349823454e-62
1.1321042533761853e-65
3.403283171604648e-69
6.81853852512628e-73
0.0
0.0
0.0
0.0
0.0
0.0
0.0
0.0
0.0
0.0
0.0
0.0
0.0
0.0
0.0
0.0
0.0
0.0
0.0
0.0
0.0
0.0
0.0
0.0
0.0
0.0
0.0
0.0
0.0
0.0
0.0
0.0
0.0
0.0
0.0
0.0
0.0
0.0
0.0
0.0
0.0
0.0
0.0
0.0
0.0
0.0
0.0
0.0
0.0
0.0
0.0
0.0
0.0
0.0
0.0
0.0
0.0
0.0
0.0
0.0
0.0
0.0
0.0
0.0
0.0
0.0
0.0
0.0
0.0
0.0
0.0
0.0
0.0
0.0
0.0
0.0
0.0
0.0
0.0
0.0
0.0
0.0
0.0
0.0
0.0
0.0
0.0
0.0
0.0
0.0
0.0
0.0
0.0
0.0
0.0
0.0
0.0
0.0
0.0
0.0
0.0
0.0
0.0
0.0
0.0
0.0
0.0
0.0
0.0
0.0
0.0
0.0
0.0
0.0
0.0
0.0
0.0
0.0
0.0
0.0
0.0
0.0
0.0
0.0
0.0
0.0
0.0
0.0
0.0
0.0
0.0
0.0
0.0
0.0
0.0
0.0
0.0
0.0
0.0
0.0
0.0
0.0
0.0
0.0
0.0
0.0
0.0
0.0
0.0
0.0
0.0
0.0
0.0
0.0
0.0
0.0
0.0
0.0
0.0
0.0
0.0
0.0
0.0
0.0
0.0
0.0
0.0
0.0
0.0
0.0
0.0
0.0
0.0
0.0
0.0
0.0
0.0
0.0
0.0
0.0
0.0
0.0
0.0
0.0
0.0
0.0
0.0
0.0
0.0
0.0
0.0
0.0
0.0
0.0
0.0
0.0
0.0
0.0
0.0
0.0
0.0
0.0
0.0
0.0
0.0
0.0
0.0
0.0
0.0
0.0
0.0
0.0
0.0
0.0
0.0
0.0
0.0
0.0
0.0
0.0
0.0
0.0
0.0
0.0
0.0
0.0
0.0
0.0
0.0
0.0
0.0
0.0
0.0
0.0
0.0
0.0
0.0
0.0
0.0
0.0
0.0
0.0
0.0
0.0
0.0
0.0
0.0
0.0
0.0
0.0
0.0
0.0
0.0
0.0
0.0
0.0
0.0
0.0
0.0
0.0
0.0
0.0
0.0
0.0
0.0
0.0
0.0
0.0
0.0
0.0
0.0
0.0
0.0
0.0
0.0
0.0
0.0
0.0
0.0
0.0
0.0
0.0
0.0
0.0
0.0
0.0
0.0
0.0
0.0
0.0
0.0
0.0
0.0
0.0
0.0
0.0
0.0
0.0
0.0
0.0
0.0
0.0
0.0
0.0
0.0
0.0
0.0
0.0
0.0
0.0
0.0
0.0
0.0
0.0
0.0
0.0
0.0
0.0
0.0
0.0
0.0
0.0
0.0
0.0
0.0
0.0
0.0
0.0
0.0
0.0
0.0
0.0
0.0
0.0
0.0
0.0
0.0
0.0
0.0
0.0
0.0
0.0
0.0
0.0
0.0
0.0
0.0
0.0
0.0
0.0
0.0
0.0
0.0
0.0
0.0
0.0
0.0
0.0
0.0
0.0
0.0
0.0
0.0
0.0
0.0
0.0
0.0
0.0
0.0
0.0
0.0
0.0
0.0
0.0
0.0
0.0
0.00011690915663019033
0.0009721619422551006
0.0053877849355240285
0.013467661820285068
0.03795477480096483
0.07128894432944179
0.08923998660149454
0.07445234093569317
0.04139794341842089
0.015341249180071426
0.0037889967223913397
0.0006236907217351741
6.842201901678485e-05
5.002695109154087e-06
2.437775644839183e-07
7.917079032850743e-09
1.713632834807639e-10
2.4720207846441103e-12
2.3766652105715432e-14
1.5228791767353102e-16
6.503459436711543e-19
1.8509938315912644e-21
3.51113117842431e-24
4.438852228211018e-27
3.740036732368341e-30
2.1002093907053277e-33
7.860150698658246e-37
1.9605625264699348e-40
0.0
0.0
0.0
0.0
0.0
0.0
0.0
0.0
0.0
0.0
0.0
0.0
0.0
0.0
0.0
0.0
0.0
0.0
0.0
0.0
0.0
0.0
0.0
0.0
0.0
0.0
0.0
0.0
0.0
0.0
0.0
0.0
0.0
0.0
0.0
0.0
0.0
0.0
0.0
0.0
0.0
0.0
0.0
0.0
0.0
0.0
0.0
0.0
0.0
0.0
0.0
0.0
0.0
0.0
0.0
0.0
0.0
0.0
0.0
0.0
0.0
0.0
0.0
0.0
0.0
0.0
0.0
0.0
0.0
0.0
0.0
0.0
0.0
0.0
0.0
0.0
0.0
0.0
0.0
0.0
0.0
0.0
0.0
0.0
0.0
0.0
0.0
0.0
0.0
0.0
0.0
0.0
0.0
0.0
0.0
0.0
0.0
0.0
0.0
0.0
0.0
0.0
0.0
0.0
0.0
0.0
0.0
0.0
0.0
0.0
0.0
0.0
0.0
0.0
0.0
0.0
0.0
0.0
0.0
0.0
0.0
0.0
0.0
0.002936249175628731
0.021175290180450675
0.10177646942275818
0.3260220248146689
0.6960301422608977
0.990354554002659
1.0
0.723544481873045
0.3489088775105435
0.11213478422834078
0.024018740608485214
0.00342879610590129
0.00032622304498098833
2.0685649514488677e-05
8.741887938756969e-07
2.462197331253408e-08
4.6219157599209827e-10
5.782328267315516e-12
4.821309472406687e-14
2.679222754914205e-16
9.922798794822804e-19
2.4492949981171906e-21
4.0292995391239406e-24
4.41773398217609e-27
3.228130742928689e-30
1.5721146651358962e-33
5.102686304754243e-37
1.103811894777797e-40
0.0
0.0
0.0
0.0
0.0
0.0
0.0
0.0
0.0
0.0
0.0
0.0
0.0
0.0
0.0
0.0
0.0
0.0
0.0
0.0
0.0
0.0
0.0
0.0
0.0
0.0
0.0
0.0
0.0
0.0
0.0
0.0
0.0
0.0
0.0
0.0
0.0
0.0
0.0
0.0
0.0
0.0
0.0
0.0
0.0
0.0
0.0
0.0
0.0
0.0
0.0
0.0
0.0
0.0
0.0
0.0
0.0
0.0
0.0
0.0
0.0
0.0
0.0
0.0
0.0
0.0
0.0
0.0
0.0
0.0
0.0
0.0
0.0
0.0
0.0
0.0
0.0
0.0
0.0
0.0
0.0
0.0
0.0
0.0
0.0
0.0
0.0
0.0
0.0
0.0
0.0
0.0
0.0
0.0
0.0
0.0
0.0
0.0
0.0
0.0
0.0
0.0
0.0
0.0
0.0
0.0
1.2342701156167804e-35
1.0341967294986136e-34
5.775341299404581e-34
2.1494814271682912e-33
5.3317685379130015e-33
8.814352740783688e-33
9.711607315964208e-33
7.131376226029725e-33
3.490094066064971e-33
1.1383674363449599e-33
2.474624702381483e-34
3.585236192288158e-35
3.461846029603458e-36
2.227815763238909e-37
9.55503638452003e-39
2.731284662432093e-40
5.203351144164786e-42
6.606643188752524e-44
5.59062184873042e-46
3.152977931343035e-48
1.185122634507818e-50
2.9688428021970454e-53
4.956700301118393e-56
5.51543368360401e-59
4.090234632195707e-62
2.0216144086685025e-65
1.0087090551684361e-67
2.535237222135272e-71
0.0
0.0
0.0
0.0
0.0
0.0
0.0
0.0
0.0
0.0
0.0
0.0
0.0
0.0
0.0
0.0
0.0
0.0
0.0
0.0
0.0
0.0
0.0
0.0
0.0
0.0
0.0
0.0
0.0
0.0
0.0
0.0
0.0
0.0
0.0
0.0
0.0
0.0
0.0
0.0
0.0
0.0
0.0
0.0
0.0
0.0
0.0
0.0
0.0
0.0
0.0
0.0
0.0
0.0
0.0
0.0
0.0
0.0
0.0
0.0
0.0
0.0
0.0
0.0
0.0
0.0
0.0
0.0
0.0
0.0
0.0
0.0
0.0
0.0
0.0
0.0
0.0
0.0
0.0
0.0
0.0
0.0
0.0
0.0
0.0
0.0
0.0
0.0
0.0
0.0
0.0
0.0
0.0
0.0
0.0
4.3427241325798e-36
2.7588006682365987e-35
1.1680460124121536e-34
3.295953894354889e-34
6.198460712839308e-34
7.769053749258284e-34
7.208725719504016e-34
4.594575105232955e-34
1.9517031218257537e-34
5.525399787642614e-35
1.0425459481060135e-35
1.3110167818310843e-36
1.098760011925446e-37
6.137323109358309e-39
2.2847394406956053e-40
5.6686013756639566e-42
9.373390385873408e-44
1.0329969528086204e-45
7.587224313072004e-48
3.714055213763999e-50
1.2117006355862644e-52
2.6346556678812906e-55
3.817982559068195e-58
3.687445113368391e-61
2.3735519270943643e-64
1.0182477480541811e-67
2.9113185485737842e-71
5.547630723038009e-75
0.0
0.0
0.0
0.0
0.0
0.0
0.0
0.0
0.0
0.0
0.0
0.0
0.0
0.0
0.0
0.0
0.0
0.0
0.0
0.0
0.0
0.0
0.0
0.0
0.0
0.0
0.0
0.0
0.0
0.0
0.0
0.0
0.0
0.0
0.0
0.0
0.0
0.0
0.0
0.0
0.0
0.0
0.0
0.0
0.0
0.0
0.0
0.0
0.0
0.0
0.0
0.0
0.0
0.0
0.0
0.0
0.0
0.0
0.0
0.0
0.0
0.0
0.0
0.0
0.0
0.0
0.0
0.0
0.0
0.0
0.0
0.0
0.0
0.0
0.0
0.0
0.0
0.0
0.0
0.0
0.0
0.0
0.0
0.0
0.0
0.0
0.0
0.0
0.0
0.0
0.0
0.0
0.0
0.0
0.0
0.0
0.0
0.0
0.0
0.0
0.0
0.0
0.0
0.0
0.0
0.0
0.0
0.0
0.0
0.0
0.0
0.0
0.0
0.0
0.0
0.0
0.0
0.0
0.0
0.0
0.0
0.0
0.0
0.0
0.0
0.0
0.0
0.0
0.0
0.0
0.0
0.0
0.0
0.0
0.0
0.0
0.0
0.0
0.0
0.0
0.0
0.0
0.0
0.0
0.0
0.0
0.0
0.0
0.0
0.0
0.0
0.0
0.0
0.0
0.0
0.0
0.0
0.0
0.0
0.0
0.0
0.0
0.0
0.0
0.0
0.0
0.0
0.0
0.0
0.0
0.0
0.0
0.0
0.0
0.0
0.0
0.0
0.0
0.0
0.0
0.0
0.0
0.0
0.0
0.0
0.0
0.0
0.0
0.0
0.0
0.0
0.0
0.0
0.0010417750153507645
0.007849896687964058
0.03942171307491552
0.13194367993389772
0.29432234865792234
0.43756183668408993
0.4335479938906537
0.2862967866239467
0.12600196392979454
0.03695895670383794
0.00722509630633116
0.0009413456621822449
8.174028717628544e-05
4.730474882756303e-06
1.8245462251144488e-07
4.690148016226067e-09
3.2606826126344957e-10
4.2622879475680454e-12
3.713287645064719e-14
2.1560356983254614e-16
8.34324218462247e-19
2.151767290659861e-21
3.69859945031005e-24
4.237023261449601e-27
3.234937869696224e-30
1.6460862526780586e-33
5.5823977877799085e-37
1.2617418851854056e-40
0.0
0.0
0.0
0.0
0.0
0.0
0.0
0.0
0.0
0.0
0.0
0.0
0.0
0.0
0.0
0.0
0.0
0.0
0.0
0.0
0.0
0.0
0.0
0.0
0.0
0.0
0.0
0.0
0.0
0.0
0.0
0.0
0.0
0.0
0.0
0.0
0.0
0.0
0.0
0.0
0.0
0.0
0.0
0.0
0.0
0.0
0.0
0.0
0.0
0.0
0.0
0.0
0.0
0.0
0.0
0.0
0.0
0.0
0.0
0.0
0.0
0.0
0.0
0.0
0.0
0.0
0.0
0.0
0.0
0.0
0.0
0.0
0.0
0.0
1.9812097820032597e-35
1.480533649926451e-34
7.373737106231602e-34
2.4475894081547772e-33
5.4146579716393235e-33
7.983347623970511e-33
7.844776959868006e-33
5.137569482661105e-33
2.2424169360996376e-33
6.523138045143928e-34
1.2646732192331527e-34
1.6341112613237437e-35
1.4072344940298626e-36
8.076679867317125e-38
3.089447465730193e-39
7.876083437778296e-41
1.338201000234188e-42
7.059320582558101e-44
6.099251293344837e-46
3.512139013219924e-48
1.3478712682295859e-50
3.4475191125919844e-53
5.876875595062387e-56
6.676792207738256e-59
5.055577493698463e-62
2.551263003415501e-65
8.580670769761767e-69
1.9233963819507985e-72
0.0
0.0
0.0
0.0
0.0
0.0
0.0
0.0
0.0
0.0
0.0
0.0
0.0
0.0
0.0
0.0
0.0
0.0
0.0
0.0
0.0
0.0
0.0
0.0
0.0
0.0
0.0
0.0
0.0
0.0
0.0
0.0
0.0
0.0
0.0
0.0
0.0
0.0
0.0
0.0
0.0
0.0
0.0
0.0
0.0
0.0
0.0
0.0
0.0
0.0
0.0
0.0
0.0
0.0
0.0
0.0
0.0
0.0
0.0
0.0
0.0
0.0
0.0
0.0
0.0
0.0
0.0
0.0
0.0
0.0
2.6588455696563267e-67
1.738174425195775e-66
7.573125360314145e-66
2.1990671163023124e-65
4.2558211747388014e-65
5.489209495403231e-65
4.718650257452128e-65
2.703381392651633e-65
1.0322345699073993e-65
2.62682431276255e-66
4.455179464707584e-67
5.035944405945259e-68
3.7938329076753573e-69
1.904833497051634e-70
6.374078213804171e-72
1.4215407213898474e-73
2.1129186180609942e-75
2.0930894229092264e-77
1.381892769251721e-79
6.080544258238426e-82
1.783167383038274e-84
3.4851647877343056e-87
4.348555142044751e-89
4.3219403414897697e-92
2.862820392583551e-95
1.2638367646880883e-98
3.718513953603114e-102
7.291710109974758e-106
0.0
0.0
0.0
0.0
0.0
0.0
0.0
0.0
0.0
0.0
0.0
0.0
0.0
0.0
0.0
0.0
0.0
0.0
0.0
0.0
0.0
0.0
0.0
0.0
0.0
0.0
0.0
0.0
0.0
0.0
0.0
0.0
0.0
0.0
0.0
0.0
0.0
0.0
0.0
0.0
0.0
0.0
0.0
0.0
0.0
0.0
0.0
0.0
0.0
0.0
0.0
0.0
0.0
0.0
0.0
0.0
0.0
0.0
0.0
0.0
0.0
0.0
0.0
0.0
0.0
9.798488987744839e-06
8.707571143236246e-05
0.0005157230022521075
0.002035717552132523
0.0053555007976248716
0.009389969976760245
0.01089785789843084
0.00971645483583669
0.00577372480562453
0.0022865772182545574
0.0006035277066539047
0.00010616713575083339
1.2446995640035734e-05
9.725692230712948e-07
5.064750490709706e-08
1.7578310696542163e-09
4.066097288783348e-11
6.268446783830012e-13
6.440560571514552e-15
4.410308231846309e-17
2.012777481623406e-19
6.122152385266504e-22
1.2410636449821824e-24
1.6767392108348653e-27
1.5097969210563743e-30
9.06051948007968e-34
3.6238416292102336e-37
9.659771849963093e-41
0.0
0.0
0.0
0.0
0.0
0.0
0.0
0.0
0.0
0.0
0.0
0.0
0.0
0.0
0.0
0.0
0.0
0.0
0.0
0.0
0.0
0.0
0.0
0.0
0.0
0.0
0.0
0.0
0.0
0.0
0.0
0.0
0.0
0.0
0.0
0.0
0.0
0.0
0.0
0.0
0.0
0.0
0.0
0.0
0.0
0.0
0.0
0.0
0.0
0.0
0.0
0.0
0.0
0.0
0.0
0.0
0.0
0.0
0.0
0.0
0.0
0.0
0.0
7.809886603593376e-05
0.0007167457581721781
0.004383965046406266
0.017871071092026906
0.0485529509167535
0.08791484733818343
0.1060938892939435
0.08532966937477027
0.045739488482429556
0.016340453003274514
0.003890616543819367
0.000617382498989853
6.529377038833758e-05
4.602255540030201e-06
2.1619779431432914e-07
6.7688257906289635e-09
1.4123975738727904e-10
1.9641838559794407e-12
9.066363210018929e-14
6.411518032344111e-16
3.0218309907152287e-18
9.49207195652848e-21
1.9871626740065086e-23
2.772600953953455e-26
2.5782371617337574e-29
1.597864351098051e-32
6.59991738894983e-36
1.8168481860525153e-39
0.0
0.0
0.0
0.0
0.0
0.0
0.0
0.0
0.0
0.0
0.0
0.0
0.0
0.0
0.0
0.0
0.0
0.0
0.0
0.0
0.0
0.0
0.0
0.0
0.0
0.0
0.0
0.0
0.0
0.0
0.0
0.0
0.0
0.0
0.0
0.0
0.0
0.0
0.0
0.0
0.0
0.0
0.0
0.0
0.0
0.0
0.0
0.0
0.0
0.0
0.0
0.0
0.0
0.0
0.0
0.0
0.0
0.0
0.0
0.0
0.0
3.9135354318052206e-35
2.5879103368585102e-34
1.1405405451194439e-33
3.3500692164746856e-33
6.558105213661828e-33
8.556270929842343e-33
8.154352596578747e-33
5.410011830022356e-33
2.3921504546941376e-33
7.049532479441692e-34
1.384566082657119e-34
1.8123772816039372e-35
1.5811208976826008e-36
9.193123536005369e-38
3.562399832530062e-39
9.200337847464748e-41
1.583603443310168e-42
1.816647424658228e-44
1.388917358922109e-46
7.077236559781638e-49
2.4034360278811673e-51
5.439800466122911e-54
8.205686506538937e-57
8.249515070154418e-60
5.527432753697151e-63
2.468312049638286e-66
7.346123193983174e-70
1.457128656108588e-73
0.0
0.0
0.0
0.0
0.0
0.0
0.0
0.0
0.0
0.0
0.0
0.0
0.0
0.0
0.0
0.0
0.0
0.0
0.0
0.0
0.0
0.0
0.0
0.0
0.0
0.0
0.0
0.0
0.0
0.0
0.0
0.0
0.0
0.0
0.0
0.0
0.0
0.0
0.0
0.0
0.0
0.0
0.0
0.0
0.0
0.0
0.0
0.0
0.0
0.0
0.0
0.0
0.0
0.0
0.0
0.0
0.0
0.0
4.129173559192161e-37
3.1424944820729715e-36
1.5939234425287259e-35
5.388178076317729e-35
1.2139420942092553e-34
1.8227854360729616e-34
1.8241253422232457e-34
1.2166211222645587e-34
5.408011115230573e-35
1.6021432600949787e-35
3.1633457828791874e-36
4.162684873495851e-37
3.6507487990274486e-38
2.1338894455347325e-39
8.312725275397317e-41
2.1582238554000598e-42
3.7344882514393093e-44
4.3067261228234026e-46
3.310129310668431e-48
1.6956031447297985e-50
5.788752945953224e-53
1.317126127629978e-55
1.9973366121724558e-58
2.104269635471307e-60
1.6226612560859081e-63
8.339420891499401e-67
2.8564423806319135e-70
6.520735599446127e-74
0.0
0.0
0.0
0.0
0.0
0.0
0.0
0.0
0.0
0.0
0.0
0.0
0.0
0.0
0.0
0.0
0.0
0.0
0.0
0.0
0.0
0.0
0.0
0.0
0.0
0.0
0.0
0.0
0.0
0.0
0.0
0.0
0.0
0.0
0.0
0.0
0.0
0.0
0.0
0.0
0.0
0.0
0.0
0.0
0.0
0.0
0.0
0.0
0.0
0.0
0.0
0.0
0.0
0.0
0.0
0.0
0.0
0.0
0.0
0.0
0.0
0.0
0.0
0.0
0.0
0.0
0.0
0.0
0.0
0.0
0.0
0.0
0.0
0.0
0.0
0.0
0.0
0.0
0.0
0.0
0.0
0.0
0.0
0.0
0.0
0.0
0.0
0.0
0.0
0.0
0.0
0.0
0.0
0.0
0.0
0.0
0.0
0.0
0.0
0.0
0.0
0.0
0.0
0.0
0.0
0.0
0.0
0.0
0.0
0.0
0.0
0.0
0.0
0.0
0.0
0.0
0.0
0.0
0.0
0.0
0.0
0.0
0.0
0.0
0.0
0.0
0.0
0.0
0.0
0.0
0.0
0.0
0.0
0.0
0.0
0.0
0.0
0.0
0.0
0.0001482607842019993
0.0009963598793861388
0.004462597502639616
0.01332112037911023
0.02650179778921341
0.035139167418767145
0.03105196919162505
0.018288091006045816
0.00717842471514399
0.001877895728110532
0.0006131036243079466
8.156029496205302e-05
7.231114531026932e-06
4.2728066502571833e-07
1.682684870087577e-08
4.4164557844354897e-10
7.725498847659489e-12
9.006596892987715e-14
6.998040751148905e-16
3.623879572849313e-18
1.2506984020434609e-20
2.8768219331363114e-23
4.41016578466706e-26
4.50586730757408e-29
3.0681983276579806e-32
1.3924192151191612e-35
4.211512896985888e-39
8.489611377045939e-43
0.0
0.0
0.0
0.0
0.0
0.0
0.0
0.0
0.0
0.0
0.0
0.0
0.0
0.0
0.0
0.0
0.0
0.0
0.0
0.0
0.0
0.0
0.0
0.0
0.0
0.0
0.0
0.0
0.0
0.0
0.0
0.0
0.0
0.0
0.0
0.0
0.0
0.0
0.0
0.0
0.0
0.0
0.0
0.0
0.0
0.0
0.0
0.0
0.0
0.0
0.0
0.0
0.0
1.284070705930402e-35
9.270495753754082e-35
4.460653906600373e-34
1.4304597619655705e-33
3.0572736371150724e-33
4.354863281668704e-33
4.400501713195444e-33
3.18746179832864e-33
1.5387544812046123e-33
4.950798163177907e-34
1.061604277521214e-34
1.5171609173239582e-35
1.4450476949860158e-36
9.173060645797643e-38
3.8808592857372604e-39
1.0942664290189978e-40
2.0563631062390382e-42
2.57547939345894e-44
2.1497992327588618e-46
1.1959672187483537e-48
4.434270642068266e-51
1.0957378534968652e-53
1.8045656321336518e-56
1.9807070485961264e-59
1.4489365250928327e-62
7.064151778512494e-66
2.295367517248516e-69
4.970796562080933e-73
0.0
0.0
0.0
0.0
0.0
0.0
0.0
0.0
0.0
0.0
0.0
0.0
0.0
0.0
0.0
0.0
0.0
0.0
0.0
0.0
0.0
0.0
0.0
0.0
0.0
0.0
0.0
0.0
0.0
0.0
0.0
0.0
0.0
0.0
0.0
0.0
0.0
0.0
0.0
0.0
0.0
0.0
0.0
0.0
0.0
0.0
0.0
0.0
0.0
0.0
0.0
0.0
6.720682738203254e-37
4.868535223113065e-36
2.3505245242310403e-35
5.359323347995119e-35
1.3157670642553151e-34
2.152928515289693e-34
2.347803561174161e-34
1.7063788214315747e-34
8.265529794215953e-35
2.6683788353111067e-35
5.741241654363716e-36
8.232764928764555e-37
7.868050728105089e-38
5.0115277060492665e-39
2.1274270073803443e-40
6.018950185525664e-42
1.1349281757318051e-43
1.4262562320129136e-45
1.1945608585958315e-47
6.668076196730014e-50
2.480700736613526e-52
6.150773654586506e-55
1.016404697548262e-57
1.1193995547901011e-60
8.216467548227583e-64
4.0194507063919965e-67
1.3104782512676006e-70
2.847570445444668e-74
0.0
0.0
0.0
0.0
0.0
0.0
0.0
0.0
0.0
0.0
0.0
0.0
0.0
0.0
0.0
0.0
0.0
0.0
0.0
0.0
0.0
0.0
0.0
0.0
0.0
0.0
0.0
0.0
0.0
0.0
0.0
0.0
0.0
0.0
0.0
0.0
0.0
0.0
0.0
0.0
0.0
0.0
0.0
0.0
0.0
0.0
0.0
0.0
0.0
0.0
0.0
9.845690288804207e-06
3.8766707148387896e-05
0.00021598784858941077
0.0008020127486374567
0.0019847909600403065
0.0032736317401306026
0.0035985407137515725
0.002636359107170462
0.0012872540319926581
0.0004188953150262646
9.08507033209757e-05
1.3132053171061577e-05
1.2650815424988371e-06
8.122429576016858e-08
3.4756412096564136e-09
9.912095310739418e-11
1.8839854702480297e-12
2.386553513545896e-14
2.0148668566639494e-16
1.1337128712978485e-18
4.251491839018593e-21
1.0625788576227826e-23
1.769956281314604e-26
1.9649226381841858e-29
1.4538175977069477e-32
7.168956329828458e-36
2.3560445405789258e-39
8.955765862212848e-42
0.0
0.0
0.0
0.0
0.0
0.0
0.0
0.0
0.0
0.0
0.0
0.0
0.0
0.0
0.0
0.0
0.0
0.0
0.0
0.0
0.0
0.0
0.0
0.0
0.0
0.0
0.0
0.0
0.0
0.0
0.0
0.0
0.0
0.0
0.0
0.0
0.0
0.0
0.0
0.0
0.0
0.0
0.0
0.0
0.0
0.0
0.0
0.0
0.0
0.0
6.179622827606243e-05
0.0005586898874200032
0.003366364980822185
0.01351864421515049
0.03618150474155587
0.06453891486826024
0.07672523754405923
0.060790591971043355
0.032100814465312585
0.011297368078693047
0.0026498424557863647
0.0004142326981305798
4.315690080015173e-05
2.9966613697793592e-06
1.3867770233696908e-07
4.27717632072227e-09
8.792031154444138e-11
1.204488980260213e-12
1.099760183015231e-14
6.692289211646465e-17
2.714144454243366e-19
7.336227047177602e-22
1.3215820075786927e-24
1.586708028611033e-27
1.2696425517681144e-30
6.770916647228341e-34
3.554067401198762e-36
9.638162367087677e-40
0.0
0.0
0.0
0.0
0.0
0.0
0.0
0.0
0.0
0.0
0.0
0.0
0.0
0.0
0.0
0.0
0.0
0.0
0.0
0.0
0.0
0.0
0.0
0.0
0.0
0.0
0.0
0.0
0.0
0.0
0.0
0.0
0.0
0.0
0.0
0.0
0.0
0.0
0.0
0.0
0.0
0.0
0.0
0.0
0.0
0.0
0.0
0.0
0.0
0.0
1.2530854637685715e-36
9.304248505924989e-36
4.60429836667957e-35
1.5185432463786497e-34
3.3378930599099713e-34
4.889891475469258e-34
4.774276539341569e-34
3.106686780448427e-34
1.3473142900856994e-34
3.894232804929291e-35
7.501644063531218e-36
9.631025776819342e-37
8.240815379059621e-38
4.699475310039548e-39
1.7861178390689098e-40
4.5243103903757966e-42
7.637939679810974e-44
8.593728017613877e-46
6.444192916074889e-48
3.2206016412295074e-50
1.072721623012636e-52
2.3813246524011813e-55
3.523154830081849e-58
3.473972680416608e-61
2.2829826789257215e-64
1.3773816358627665e-66
4.602916392243332e-70
1.0251642021902427e-73
0.0
0.0
0.0
0.0
0.0
0.0
0.0
0.0
0.0
0.0
0.0
0.0
0.0
0.0
0.0
0.0
0.0
0.0
0.0
0.0
0.0
0.0
0.0
0.0
0.0
0.0
0.0
0.0
0.0
0.0
0.0
0.0
0.0
0.0
0.0
0.0
0.0
0.0
0.0
0.0
0.0
0.0
0.0
0.0
0.0
0.0
0.0
0.0
0.0
0.0
0.0
0.0
0.0
0.0
0.0
0.0
0.0
0.0
0.0
0.0
0.0
0.0
0.0
0.0
0.0
0.0
0.0
0.0
0.0
0.0
0.0
0.0
0.0
0.0
0.0
0.0
0.0
0.0
0.0
0.0
0.0
0.0
0.0
0.0
0.0
0.0
0.0
0.0
0.0
0.0
0.0
0.0
0.0
0.0
0.0
0.0
0.0
0.0
0.0
0.0
0.0
0.0
0.0
0.0
0.0
0.0
0.0
0.0
0.0
0.0
0.0
0.0
0.0
0.0
0.0
0.0
0.0
0.0
0.0
0.0
0.0
0.0
0.0
0.0
0.0
0.0
0.0
0.0
0.0
0.0
0.0
0.0
0.0
0.0
0.0
0.0
0.0
0.0
0.0
0.0
0.0
0.0
0.0
0.0
0.0
0.0
0.0
0.0
0.0
0.0
0.0
0.0
0.0
0.0
0.0
0.0
0.0
0.0
0.0
0.0
0.0
0.0
0.0
0.0
0.0
0.0
0.0
0.0
0.0
0.0
0.0
0.0
0.0
0.0
0.0
0.0
0.0
0.0
0.0
0.0
0.0
0.0
0.0
0.0
0.0
0.0
0.0
0.0
0.0
0.0
0.0
0.0
0.0
0.0
0.0
0.0
0.0
0.0
0.0
0.0
0.0
0.0
0.0
0.0
0.0
0.0
0.0
0.0
0.0
0.0
0.0
0.0
0.0
0.0
0.0
0.0
0.0
0.0
0.0
0.0
0.0
0.0
0.0
0.0
0.0
0.0
0.0
0.0
0.0
0.0
0.0
0.0
0.0
0.0
0.0
0.0
0.0
0.0
0.0
0.0
0.0
0.0
0.0
0.0
0.0
0.0
0.0
0.0
0.0
0.0
0.0
0.0
0.0
0.0
0.0
0.0
0.0
0.0
0.0
0.0
0.0
0.0
0.0
0.0
0.0
0.0
0.0
0.0
0.0
0.0
0.0
0.0
0.0
0.0
0.0
0.0
0.0
0.0
0.0
0.0
0.0
0.0
0.0
0.0
0.0
0.0
0.0
0.0
0.0
0.0
0.0
0.0
0.0
0.0
0.0
0.0
0.0
0.0
0.0
0.0
0.0
0.0
0.0
0.0
0.0
0.0
0.0
0.0
0.0
0.0
0.0
0.0
0.0
0.0
0.0
0.0
0.0
0.0
