a = 5.721360049575313 b = 5.721360049575313 c = 5.721360049575313 ,Gaussian ,LMH = 0.08 ,DW = [0.7 0.7]
0.0
0.0
0.0
0.0
0.0
0.0
0.0
0.0
0.0
0.0
0.0
0.0
0.0
0.0
0.0
0.0
0.0
0.0
0.0
0.0
0.0
0.0
0.0
0.0
0.0
0.0
0.0
0.0
0.0
0.0
0.0
0.0
0.0
0.0
0.0
0.0
0.0
0.0
0.0
0.0
0.0
0.0
0.0
0.0
0.0
0.0
0.0
0.0
0.0
0.0
0.0
0.0
0.0
0.0
0.0
0.0
0.0
0.0
0.0
0.0
0.0
0.0
0.0
0.0
0.0
0.0
0.0
0.0
0.0
0.0
0.0
0.0
0.0
0.0
0.0
0.0
0.0
0.0
0.0
0.0
0.0
0.0
0.0
0.0
0.0
0.0
0.0
0.0
0.0
0.0
0.0
0.0
0.0
0.0
0.0
0.0
0.0
0.0
0.0
0.0
0.0
0.0
0.0
0.0
0.0
0.0
0.0
0.0
0.0
0.0
0.0
0.0
0.0
0.0
0.0
0.0
0.0
0.0
0.0
0.0
0.0
0.0
0.0
0.0
0.0
0.0
0.0
0.0
0.0
0.0
0.0
0.0
0.0
0.0
0.0
0.0
0.0
0.0
0.0
0.0
0.0
0.0
0.0
0.0
0.0
0.0
0.0
0.0
0.0
0.0
0.0
0.0
0.0
0.0
0.0
0.0
0.0
0.0
0.0
0.0
0.0
0.0
0.0
0.0
0.0
0.0
0.0
0.0
0.0
0.0
0.0
0.0
0.0
0.0
0.0
0.0
0.0
0.0
0.0
0.0
0.0
0.0
0.0
0.0
0.0
0.0
0.0
0.0
0.0
0.0
0.0
0.0
0.0
0.0
0.0
0.0
0.0
0.0
0.0
0.0
0.0
0.0
0.0
0.0
0.0
0.0
0.0
0.0
0.0
0.0
0.0
0.0
0.0
0.0
0.0
0.0
0.0
0.0
0.0
0.0
0.0
0.0
0.0
0.0
0.0
0.0
0.0
0.0
0.0
0.0
0.0
0.0
0.0
0.0
0.0
0.0
0.0
0.0
0.0
0.0
0.0
0.0
0.0
0.0
0.0
0.0
0.0
0.0
0.0
0.0
0.0
0.0
0.0
0.0
0.0
0.0
0.0
0.0
0.0
0.0
0.0
0.0
0.0
0.0
0.0
0.0
0.0
0.0
0.0
0.0
0.0
0.0
0.0
0.0
0.0
0.0
0.0
0.0
0.0
0.0
0.0
0.0
0.0
0.0
0.0
0.0
0.0
0.0
0.0
0.0
0.0
0.0
0.0
0.0
0.0
0.0
0.0
0.0
0.0
0.0
0.0
0.0
0.0
0.0
0.0
0.0
0.0
0.0
0.0
0.0
0.0
0.0
0.0
0.0
0.0
0.0
0.0
0.0
0.0
0.0
0.0
0.0
0.0
0.0
0.0
0.0
0.0
0.0
0.0
0.0
0.0
0.0
0.0
0.0
0.0
0.0
0.0
0.0
0.0
0.0
0.0
0.0
0.0
0.0
0.0
0.0
0.0
0.0
0.0
0.0
0.0
0.0
0.0
0.0
0.0
0.0
0.0
0.0
0.0
0.0
0.0
0.0
0.0
0.0
0.0
0.0
0.0
0.0
0.0
0.0
0.0
0.0
0.0
0.0
0.0
0.0
0.0
0.0
0.0
0.0
0.0
0.0
2.520414648742139e-35
2.262174676741757e-34
1.353199492038681e-33
5.394846148442247e-33
1.4334344899828868e-32
2.5383890404400895e-32
2.995850011076145e-32
2.356478582538157e-32
1.2353456083373203e-32
4.31613482599993e-33
1.0050393772908701e-33
1.55974176366072e-34
1.6132581673838248e-35
1.1120814386325127e-36
5.109175959742967e-38
1.5643959252201713e-39
3.192449531252115e-41
1.902873026283095e-42
1.9746482946002095e-44
1.3656872259894407e-46
6.294979036721329e-49
1.9338326006035312e-51
3.9593602131368896e-54
5.402722981247084e-57
4.913397876813685e-60
2.978055010201413e-63
1.2029983891041455e-66
3.2387611718066454e-70
0.0
0.0
0.0
0.0
0.0
0.0
0.0
0.0
0.0
0.0
0.0
0.0
0.0
0.0
0.0
0.0
0.0
0.0
0.0
0.0
0.0
0.0
0.0
0.0
0.0
0.0
0.0
0.0
0.0
0.0
0.0
0.0
0.0
0.0
0.0
0.0
0.0
0.0
0.0
0.0
0.0
0.0
0.0
0.0
0.0
0.0
0.0
0.0
0.0
0.0
0.0
0.0
0.0
0.0
0.0
0.0
0.0
0.0
0.0
0.0
0.0
0.0
0.0
0.0
0.0
0.0
0.0
0.0
0.0
0.0
0.0
0.0
0.0
0.0
0.0
0.0
0.0
0.0
0.0
0.0
0.0
0.0
0.0
0.0
0.0
0.0
0.0
0.0
0.0
0.0
0.0
0.0
0.0
0.0
0.0
0.0
0.0
0.0
0.0
0.0
0.0
0.0
0.0
0.0
0.0
0.0
0.0
0.0
0.0
0.0
0.0
0.0
0.0
0.0
0.0
0.0
0.0
0.0
0.0
0.0
0.0
0.0
0.0
0.0
0.0
0.0
0.0
0.0
0.0
0.0
0.0
0.0
0.0
0.0
0.0
0.0
0.0
0.0
0.0
0.0
0.0
0.0
0.0
0.0
0.0
0.0
0.0
0.0
0.0
0.0
0.0
0.0
0.0
0.0
0.0
0.0
0.0
0.0
0.0
0.0
0.0
0.0
0.0
0.0
0.0
0.0
0.0
0.0
0.0
0.0
0.0
0.0
0.0
0.0
0.0
0.0
0.0
0.0
0.0
0.0
0.0
0.0
0.0
0.0
0.0
0.0
0.0
0.0
0.0
0.0
0.0
0.0
0.0
0.0
0.0
0.0
0.0
0.0
0.0
0.0
0.0
0.0
0.0
0.0
0.0
0.0
0.0
0.0
0.0
0.0
0.0
0.0
0.0
0.0
0.0
0.0
0.0
0.0
0.0
0.0
0.0
0.0
0.0
0.0
0.0
0.0
0.0
0.0
0.0
0.0
0.0
0.0
0.0
0.0
0.0
0.0
0.0
0.0
0.0
0.0
0.0
0.0
0.0
0.0
0.0
0.0
0.0
0.0
0.0
0.0
0.0
0.0
0.0
0.0
0.0
0.0
0.0
0.0
0.0
0.0
0.0
0.0
0.0
0.0
0.0
0.0
0.0
0.0
0.0
0.0
0.0
0.0
0.0
0.0
0.0
0.0
0.0
0.0
0.0
0.0
0.0
0.0
0.0
0.0
0.0
0.0
0.0
0.0
0.0
0.0
0.0
0.0
0.0
0.0
0.0
0.0
0.0
0.0
0.0
0.0
0.0
0.0
0.0
0.0
0.0
0.0
0.0
0.0
0.0
0.0
0.0
0.0
0.0
0.0
0.0
0.0
0.0
0.0
0.0
0.0
0.0
0.0
0.0
0.0
0.0
0.0
0.0
0.0
0.0
0.0
0.0
0.0
0.0
0.0
0.0
0.0
0.0
0.0
0.0
0.0
0.0
0.0
0.0
0.0
0.0
0.0
0.0
0.0
0.0
0.0
0.0
0.0
0.0
0.0
0.0
0.0
0.0
0.0
0.0
0.0
0.0
0.00023908964426553358
0.0017466200167462348
0.008503890283410037
0.02759423838595687
0.05967613991850777
0.08601309664760765
0.08262471824447279
0.05289771931090228
0.022570722031378443
0.006418528958004763
0.0012164859735842354
0.0001536597968896079
1.2935849434914056e-05
7.257903630983726e-07
8.490297101522194e-08
2.422376884169778e-09
4.606192538098318e-11
5.837461234990004e-13
4.930460454698317e-15
2.7754441873104875e-17
1.0412597115917697e-19
2.6035575376322236e-22
4.338672238196838e-25
4.818679640718535e-28
3.566816882479073e-31
1.7596047318756228e-34
5.78536783896701e-38
1.2677347091984126e-41
0.0
0.0
0.0
0.0
0.0
0.0
0.0
0.0
0.0
0.0
0.0
0.0
0.0
0.0
0.0
0.0
0.0
0.0
0.0
0.0
0.0
0.0
0.0
0.0
0.0
0.0
0.0
0.0
0.0
0.0
0.0
0.0
0.0
0.0
0.0
0.0
0.0
0.0
0.0
0.0
0.0
0.0
0.0
0.0
0.0
0.0
0.0
0.0
0.0
0.0
0.0
0.0
0.0
0.0
0.0
0.0
0.0
0.0
0.0
0.0
0.0
0.0
0.0
0.0
0.0
0.0
0.0
0.0
0.0
0.0
0.0
0.0
0.0
0.0
0.0
0.0
0.0
0.0
0.0
0.0
0.0
0.0
0.0
0.0
0.0
0.0
0.0
0.0
0.0
0.0
0.0
0.0
0.0
0.0
0.0
0.0
0.0
0.0
0.0
0.0
0.0
0.0
0.0
0.0
0.0
0.0
0.0
0.0
0.0
0.0
0.0
0.0
0.0
0.0
0.0
0.0
0.0008714958224331305
0.007776196400827886
0.04624349824612407
0.18328025818415208
0.48413027697351135
0.8522957990125097
1.0
0.7819719960286532
0.40753409551897857
0.1415527287316475
0.0327683135562841
0.005055585782538174
0.0005198408752006282
3.562467530252629e-05
1.6270951570022012e-06
4.952865544209477e-08
1.0048047337574117e-09
1.3585898156929495e-11
1.224268245652936e-13
7.352691827587851e-16
2.9430503402283374e-18
7.85110102465381e-21
1.3958700496042953e-23
1.6540207759057347e-26
1.4783336690578521e-28
8.907811531621454e-32
3.577265052004057e-35
9.574426462301606e-39
0.0
0.0
0.0
0.0
0.0
0.0
0.0
0.0
0.0
0.0
0.0
0.0
0.0
0.0
0.0
0.0
0.0
0.0
0.0
0.0
0.0
0.0
0.0
0.0
0.0
0.0
0.0
0.0
0.0
0.0
0.0
0.0
0.0
0.0
0.0
0.0
0.0
0.0
0.0
0.0
0.0
0.0
0.0
0.0
0.0
0.0
0.0
0.0
0.0
0.0
0.0
0.0
0.0
0.0
0.0
0.0
0.0
0.0
0.0
0.0
0.0
0.0
0.0
0.0
0.0
0.0
0.0
0.0
0.0
0.0
0.0
0.0
0.0
0.0
0.0
0.0
0.0
0.0
0.0
0.0
0.0
0.0
0.0
0.0
0.0
0.0
0.0
0.0
0.0
0.0
0.0
0.0
0.0
0.0
0.0
0.0
0.0
0.0
0.0
0.0
0.0
3.048263957025267e-35
2.1701272568601884e-34
1.0296731324040547e-33
3.256080308432807e-33
6.862342393482937e-33
9.638982831232561e-33
9.023428438028329e-33
5.629806891531469e-33
2.340976027794123e-33
6.4875688923891235e-34
1.1982530612582094e-34
1.4750157573955585e-35
1.2101140983873145e-36
6.616640360616938e-38
2.4111836327764973e-39
5.856047522154295e-41
9.47895466117214e-43
1.022581303055159e-44
7.35219128560958e-47
3.52303774354665e-49
1.1251212891236266e-51
2.3947651911267675e-54
3.397098031085238e-57
3.2116985123394725e-60
2.4693733562999607e-62
1.187178517306362e-65
3.8038803566646233e-69
8.123051679420681e-73
0.0
0.0
0.0
0.0
0.0
0.0
0.0
0.0
0.0
0.0
0.0
0.0
0.0
0.0
0.0
0.0
0.0
0.0
0.0
0.0
0.0
0.0
0.0
0.0
0.0
0.0
0.0
0.0
0.0
0.0
0.0
0.0
0.0
0.0
0.0
0.0
0.0
0.0
0.0
0.0
0.0
0.0
0.0
0.0
0.0
0.0
0.0
0.0
0.0
0.0
0.0
0.0
0.0
0.0
0.0
0.0
0.0
0.0
0.0
0.0
0.0
0.0
0.0
0.0
0.0
0.0
0.0
0.0
0.0
0.0
0.0
0.0
0.0
0.0
0.0
0.0
0.0
0.0
0.0
0.0
0.0
0.0
0.0
0.0
0.0
0.0
0.0
0.0
0.0
2.0274352324804608e-36
1.5032813066195416e-35
7.428738533184363e-35
2.446647691298401e-34
5.370433573874817e-34
7.856494479432504e-34
7.660018496373858e-34
4.977512680997322e-34
2.1556412229828066e-34
9.84887767811465e-35
2.1689694196357073e-35
3.183476603633504e-36
3.1140920381272517e-37
2.030218468041682e-38
8.82136215561625e-40
2.5545245360698463e-41
4.930217204534299e-43
6.34166907325049e-45
5.43654073384007e-47
3.1061560140373164e-49
1.1827839771624187e-51
3.0017128752047647e-54
5.0770847342216156e-57
5.723230318082545e-60
4.299813148512544e-63
2.1529775019191094e-66
7.184738202480982e-70
1.5979528199202413e-73
0.0
0.0
0.0
0.0
0.0
0.0
0.0
0.0
0.0
0.0
0.0
0.0
0.0
0.0
0.0
0.0
0.0
0.0
0.0
0.0
0.0
0.0
0.0
0.0
0.0
0.0
0.0
0.0
0.0
0.0
0.0
0.0
0.0
0.0
0.0
0.0
0.0
0.0
0.0
0.0
0.0
0.0
0.0
0.0
0.0
0.0
0.0
0.0
0.0
0.0
0.0
0.0
0.0
0.0
0.0
0.0
0.0
0.0
0.0
0.0
0.0
0.0
0.0
0.0
0.0
0.0
0.0
0.0
0.0
0.0
0.0
0.0
0.0
0.0
0.0
0.0
0.0
0.0
0.0
0.0
0.0
0.0
0.0
0.0
0.0
0.0
0.0
0.0
0.0
0.0
0.0
0.0
0.0
0.0
0.0
0.0
0.0
0.0
0.0
0.0
0.0
0.0
0.0
0.0
0.0
0.0
0.0
0.0
0.0
0.0
0.0
0.0
0.0
0.0
0.0
0.0
0.0
0.0
0.0
0.0
0.0
0.0
0.0
0.0
0.0
0.0
0.0
0.0
0.0
0.0
0.0
0.0
0.0
0.0
0.0
0.0
0.0
0.0
0.0
0.0
0.0
0.0
0.0
0.0
0.0
0.0
0.0
0.0
0.0
0.0
0.0
0.0
0.0
0.0
0.0
0.0
0.0
0.0
0.0
0.0
0.0
0.0
0.0
0.0
0.0
0.0
0.0
0.0
0.0
0.0
0.0
0.0
0.0
0.0
0.0
0.0
0.0
0.0
0.0
0.0
0.0
0.0
0.0
0.000513396081869177
0.004421357826497182
0.02537700276665862
0.09707480746926692
0.18951846865230668
0.36865517076238896
0.47793701745555317
0.41295483619943835
0.23780226800275966
0.09126641178935421
0.023344657594640304
0.003979656505816359
0.00045215279222197687
3.423784281763265e-05
1.7278622591839726e-06
5.811568909327177e-08
1.3027443939442607e-09
1.9462856580385584e-11
1.937918461417292e-13
1.2860147975095634e-15
5.6877170060850515e-18
1.6765308217231016e-20
3.293568136040958e-23
4.3122438447206793e-26
3.762889955515603e-29
2.188372621119372e-32
8.482084131316403e-36
2.1911162872229585e-39
0.0
0.0
0.0
0.0
0.0
0.0
0.0
0.0
0.0
0.0
0.0
0.0
0.0
0.0
0.0
0.0
0.0
0.0
0.0
0.0
0.0
0.0
0.0
0.0
0.0
0.0
0.0
0.0
0.0
0.0
0.0
0.0
0.0
0.0
0.0
0.0
0.0
0.0
0.0
0.0
0.0
0.0
0.0
0.0
0.0
0.0
0.0
0.0
0.0
0.0
0.0
0.0
0.0
0.0
0.0
0.0
0.0
0.0
0.0
0.0
0.0
0.0
0.0
0.0
0.0
0.0
0.0
0.0
0.0
0.0
3.987281817202262e-35
2.6406118163371364e-34
1.1655039256132233e-33
3.428502473373324e-33
6.721663109163161e-33
8.782750886501795e-33
7.648317982759645e-33
4.4389765921793406e-33
1.7170435968033776e-33
7.275806838479435e-34
1.4311402903678688e-34
1.8761381055995793e-35
1.6391886884224223e-36
9.54497160494199e-38
3.704263576182381e-39
9.58099624445261e-41
1.6515852925303075e-42
1.8974611467720634e-44
1.4528685578183972e-46
7.41414894657972e-49
2.5216095242678023e-51
5.715785389578636e-54
8.634864759768554e-57
8.693941512149353e-60
5.833906125992386e-63
2.60905784052332e-66
7.776595790128703e-70
1.5448164765334962e-73
0.0
0.0
0.0
0.0
0.0
0.0
0.0
0.0
0.0
0.0
0.0
0.0
0.0
0.0
0.0
0.0
0.0
0.0
0.0
0.0
0.0
0.0
0.0
0.0
0.0
0.0
0.0
0.0
0.0
0.0
0.0
0.0
0.0
0.0
0.0
0.0
0.0
0.0
0.0
0.0
0.0
0.0
0.0
0.0
0.0
0.0
0.0
0.0
0.0
0.0
0.0
0.0
0.0
0.0
0.0
0.0
0.0
0.0
0.0
0.0
0.0
0.0
0.0
0.0
0.0
2.2048580490910636e-67
1.5467548351926244e-66
7.231757895297477e-66
2.2534494623909427e-65
4.6798648922126745e-65
6.477394614056953e-65
5.9751518217144e-65
3.6734918590298863e-65
1.5051880681892542e-65
4.110399180883856e-66
7.480984966218203e-67
9.074341343075578e-68
7.335893027123295e-69
3.952504890378962e-70
1.4192973448661462e-71
3.3966900017220326e-73
5.417762759422106e-75
5.759245644671299e-77
4.0803063356171844e-79
1.2013744954460035e-80
4.3282083177448504e-83
1.039248606706051e-85
1.663076760090615e-88
1.77372663148367e-91
1.2607896267022447e-94
5.972829469095495e-98
1.885815286867178e-101
3.9682565034244515e-105
0.0
0.0
0.0
0.0
0.0
0.0
0.0
0.0
0.0
0.0
0.0
0.0
0.0
0.0
0.0
0.0
0.0
0.0
0.0
0.0
0.0
0.0
0.0
0.0
0.0
0.0
0.0
0.0
0.0
0.0
0.0
0.0
0.0
0.0
0.0
0.0
0.0
0.0
0.0
0.0
0.0
0.0
0.0
0.0
0.0
0.0
0.0
0.0
0.0
0.0
0.0
0.0
0.0
0.0
0.0
0.0
0.0
0.0
0.0
0.0
0.0
2.0283273794339294e-05
0.00016046433841431987
0.0008460588154414099
0.0029730631097635973
0.006962885436183775
0.010868157391033901
0.01130587389287671
0.009264823331373217
0.004901036539508928
0.0017279066923221028
0.000406007616858791
6.35813322809372e-05
6.636003627186282e-06
4.615993130074523e-07
2.139957957189415e-08
6.611909133238342e-10
1.361538919410165e-11
1.868593319811113e-13
1.7091535127078033e-15
1.041906866351892e-17
4.233097547786853e-20
1.1462232173513713e-22
2.0685292853703847e-25
2.487915895102599e-28
1.994303557326419e-31
1.0654384880670766e-34
3.793560780870132e-38
9.002171045470674e-42
0.0
0.0
0.0
0.0
0.0
0.0
0.0
0.0
0.0
0.0
0.0
0.0
0.0
0.0
0.0
0.0
0.0
0.0
0.0
0.0
0.0
0.0
0.0
0.0
0.0
0.0
0.0
0.0
0.0
0.0
0.0
0.0
0.0
0.0
0.0
0.0
0.0
0.0
0.0
0.0
0.0
0.0
0.0
0.0
0.0
0.0
0.0
0.0
0.0
0.0
0.0
0.0
0.0
0.0
0.0
0.0
0.0
0.0
0.0
0.00042326787497174036
0.002919465288631813
0.013420629047324545
0.041117242093978726
0.0839569454967859
0.11425384668439066
0.10362548588802756
0.06263886463232637
0.025234965934751673
0.006775527566003591
0.0012124534076237863
0.00014460008510157774
1.14935340519262e-05
6.088638273248569e-07
2.1496527369502164e-08
5.058223219629611e-10
7.932484312827724e-12
8.29090618893397e-14
5.775323668812476e-16
2.6812184809189637e-18
8.296016898517895e-21
1.710758080568298e-23
2.3511975482629237e-26
2.3198344513758787e-28
1.621287723711829e-31
7.551700246433779e-35
2.3442878669580583e-38
4.8501892521650375e-42
0.0
0.0
0.0
0.0
0.0
0.0
0.0
0.0
0.0
0.0
0.0
0.0
0.0
0.0
0.0
0.0
0.0
0.0
0.0
0.0
0.0
0.0
0.0
0.0
0.0
0.0
0.0
0.0
0.0
0.0
0.0
0.0
0.0
0.0
0.0
0.0
0.0
0.0
0.0
0.0
0.0
0.0
0.0
0.0
0.0
0.0
0.0
0.0
0.0
0.0
0.0
0.0
0.0
0.0
0.0
0.0
5.283299953530889e-35
3.356202999346121e-34
1.4209301275371116e-33
4.0093943325000235e-33
7.539913610374451e-33
9.450080670256238e-33
7.89380165842964e-33
4.3945909027189054e-33
1.630542949463738e-33
4.032065528472889e-34
6.645145100987851e-35
7.298992267638773e-36
5.3432179182952155e-37
2.606900277648367e-38
8.476713364638372e-40
1.8370125606651098e-41
1.139731988965025e-42
1.2560008866781968e-44
9.224837027499954e-47
4.515532858497228e-49
1.4731292730683965e-51
3.2029802483925253e-54
4.6414022627770986e-57
4.4825558254751805e-60
2.885252011221608e-63
1.23772267171462e-66
3.538706045239893e-70
6.742907127603736e-74
0.0
0.0
0.0
0.0
0.0
0.0
0.0
0.0
0.0
0.0
0.0
0.0
0.0
0.0
0.0
0.0
0.0
0.0
0.0
0.0
0.0
0.0
0.0
0.0
0.0
0.0
0.0
0.0
0.0
0.0
0.0
0.0
0.0
0.0
0.0
0.0
0.0
0.0
0.0
0.0
0.0
0.0
0.0
0.0
0.0
0.0
0.0
0.0
0.0
0.0
0.0
0.0
0.0
2.902436447211681e-37
2.3729545722761668e-36
1.2929974771823606e-35
4.6955609155869297e-35
1.1364722316870277e-34
1.8332079274807044e-34
1.9708164233567246e-34
1.4120893155478999e-34
6.743101694710343e-35
2.1460448801171957e-35
4.5519705008652534e-36
6.434897388184907e-37
1.3938111811194213e-37
1.0019561410696802e-38
4.800373471012923e-40
1.5327908199358093e-41
3.2619124669278984e-43
4.626400888661171e-45
4.373164067314214e-47
2.7550521723546684e-49
1.156765778738843e-51
3.2369991474416115e-54
6.037001532041724e-57
7.503804926002707e-60
6.216176436350784e-63
3.4319952519668725e-66
1.2628494288385278e-69
3.096977243226384e-73
0.0
0.0
0.0
0.0
0.0
0.0
0.0
0.0
0.0
0.0
0.0
0.0
0.0
0.0
0.0
0.0
0.0
0.0
0.0
0.0
0.0
0.0
0.0
0.0
0.0
0.0
0.0
0.0
0.0
0.0
0.0
0.0
0.0
0.0
0.0
0.0
0.0
0.0
0.0
0.0
0.0
0.0
0.0
0.0
0.0
0.0
0.0
0.0
0.0
0.0
0.0
0.0
0.0
0.0
0.0
0.0
0.0
0.0
0.0
0.0
0.0
0.0
0.0
0.0
0.0
0.0
0.0
0.0
0.0
0.0
0.0
0.0
0.0
0.0
0.0
0.0
0.0
0.0
0.0
0.0
0.0
0.0
0.0
0.0
0.0
0.0
0.0
0.0
0.0
0.0
0.0
0.0
0.0
0.0
0.0
0.0
0.0
0.0
0.0
0.0
0.0
0.0
0.0
0.0
0.0
0.0
0.0
0.0
0.0
0.0
0.0
0.0
0.0
0.0
0.0
0.0
0.0
0.0
0.0
0.0
0.0
0.0
0.0
0.0
0.0
0.0
0.0
0.0
0.0
0.0
7.843379427005054e-05
0.0006055391093739307
0.003115750827043983
0.010684760414736158
0.024420154427278646
0.03719748452666083
0.037762460653568544
0.025549861363365622
0.015717190467527495
0.0054076149327832584
0.001239989904507082
0.00018950125399691238
1.9301345075387177e-05
1.3102211645535168e-06
5.92765875246843e-08
1.7873241583870147e-09
3.5917409434318923e-11
4.810478006162755e-13
4.2939107132139545e-15
2.5544613377195928e-17
1.0128081944899459e-19
2.6763112967829896e-22
4.713327271686102e-25
5.532228546987027e-28
4.327670416406954e-31
2.256263366987588e-34
7.839835567371956e-38
1.8155393396992206e-41
0.0
0.0
0.0
0.0
0.0
0.0
0.0
0.0
0.0
0.0
0.0
0.0
0.0
0.0
0.0
0.0
0.0
0.0
0.0
0.0
0.0
0.0
0.0
0.0
0.0
0.0
0.0
0.0
0.0
0.0
0.0
0.0
0.0
0.0
0.0
0.0
0.0
0.0
0.0
0.0
0.0
0.0
0.0
0.0
0.0
0.0
0.0
0.0
0.0
1.8984526062068322e-35
1.2996339300519972e-34
5.9295791524964265e-34
1.803051985786782e-33
3.654047381755112e-33
4.935391953509335e-33
4.4427376783729146e-33
2.665392931271708e-33
1.5133375750873626e-33
4.616884035463472e-34
9.387364155022269e-35
1.2720960749710402e-35
1.1488880390071269e-36
6.915395956815535e-38
2.7742011249235692e-39
7.417206726756162e-41
1.3216740762985155e-42
1.569603317972842e-44
1.2423300569154557e-46
6.553384134975151e-49
2.3039646235262812e-51
5.398430760239763e-54
8.430256968478742e-57
8.773959762178464e-60
6.086000897777808e-63
2.813519528950068e-66
8.668608793494297e-70
1.780042708118823e-73
0.0
0.0
0.0
0.0
0.0
0.0
0.0
0.0
0.0
0.0
0.0
0.0
0.0
0.0
0.0
0.0
0.0
0.0
0.0
0.0
0.0
0.0
0.0
0.0
0.0
0.0
0.0
0.0
0.0
0.0
0.0
0.0
0.0
0.0
0.0
0.0
0.0
0.0
0.0
0.0
0.0
0.0
0.0
0.0
0.0
0.0
0.0
3.2036747798048243e-37
2.664408547725946e-36
1.4768444740756267e-35
5.455697153935997e-35
1.3432204497643034e-34
2.2040725394206968e-34
2.410382805072919e-34
1.7568217745834757e-34
8.533966600023236e-35
2.7628399056669606e-35
1.0397440280063187e-35
1.7117242221743437e-36
1.878117270023845e-37
1.3733877340236e-38
6.6933752054428506e-40
2.1740960404261878e-41
4.706454102031954e-43
6.790323710548813e-45
6.529330883080253e-47
4.184354055677818e-49
1.787185862507629e-51
5.0873610888762704e-54
9.651547574061946e-57
1.2203457576212415e-59
1.0283723327411317e-62
5.775630754169673e-66
2.1618721400496694e-69
5.393145505401754e-73
0.0
0.0
0.0
0.0
0.0
0.0
0.0
0.0
0.0
0.0
0.0
0.0
0.0
0.0
0.0
0.0
0.0
0.0
0.0
0.0
0.0
0.0
0.0
0.0
0.0
0.0
0.0
0.0
0.0
0.0
0.0
0.0
0.0
0.0
0.0
0.0
0.0
0.0
0.0
0.0
0.0
0.0
0.0
0.0
0.0
0.0
0.0
1.740997940352875e-05
0.00011450403464105896
0.0005019088692343756
0.0014662583518042463
0.0028548130658608943
0.003704472719025393
0.0032037356513349934
0.0018465815650770922
0.0007093521105103011
0.0001816087557861156
3.0987978721337055e-05
3.523962378611555e-06
2.670858165730786e-07
3.817960175852118e-08
1.4714771984208708e-09
3.779699103955626e-11
6.470568911421796e-13
7.382598567437032e-15
5.613808445647638e-17
2.8450340809627414e-19
9.609458268309438e-22
2.1631761456440903e-24
3.245386410921466e-27
3.245058196365777e-30
2.162519908737973e-33
9.60460010061353e-37
2.8430206108505837e-40
5.608700857671735e-44
0.0
0.0
0.0
0.0
0.0
0.0
0.0
0.0
0.0
0.0
0.0
0.0
0.0
0.0
0.0
0.0
0.0
0.0
0.0
0.0
0.0
0.0
0.0
0.0
0.0
0.0
0.0
0.0
0.0
0.0
0.0
0.0
0.0
0.0
0.0
0.0
0.0
0.0
0.0
0.0
0.0
0.0
0.0
0.0
0.0
0.0001299321910486702
0.001051729249019496
0.00567378258765903
0.020399662225167325
0.04888265781360505
0.07806712643480414
0.08309274851708849
0.05894399994454704
0.02786747569753022
0.008780863106145953
0.0018439890178317464
0.00025808395300713327
2.4073831814874513e-05
1.4966180900570402e-06
6.20095110322791e-08
1.7123288401359112e-09
3.151356850546382e-11
1.753363868630571e-12
1.640911074123453e-14
1.0234805345516704e-16
4.2545700326237185e-19
1.1787272248602764e-21
2.1764690730628958e-24
2.678386420403125e-27
2.1967241102405327e-30
1.2007686677378415e-33
4.3744627805520645e-37
1.062115269645211e-40
0.0
0.0
0.0
0.0
0.0
0.0
0.0
0.0
0.0
0.0
0.0
0.0
0.0
0.0
0.0
0.0
0.0
0.0
0.0
0.0
0.0
0.0
0.0
0.0
0.0
0.0
0.0
0.0
0.0
0.0
0.0
0.0
0.0
0.0
0.0
0.0
0.0
0.0
0.0
0.0
0.0
0.0
0.0
0.0
0.0
1.5469371711572496e-36
1.1248788018178416e-35
5.451554250480235e-35
1.7608262019116904e-34
3.790479865857214e-34
5.438178321788372e-34
5.199891031701115e-34
3.3137259538979276e-34
1.4074095190366705e-34
3.983877051941652e-35
7.515760256119225e-36
9.44977477077216e-37
7.918657242723807e-38
4.4224525381682263e-39
1.6461005675638417e-40
4.0834862423943196e-42
6.751299539220726e-44
7.439182370572251e-46
5.463168330780048e-48
2.6739021289430207e-50
8.722238947121282e-53
1.5312654684655203e-54
2.5400106771820648e-57
2.8080325891200933e-60
2.0689514207945737e-63
1.0159679117164953e-66
3.324996844939014e-70
7.25243811808214e-74
0.0
0.0
0.0
0.0
0.0
0.0
0.0
0.0
0.0
0.0
0.0
0.0
0.0
0.0
0.0
0.0
0.0
0.0
0.0
0.0
0.0
0.0
0.0
0.0
0.0
0.0
0.0
0.0
0.0
0.0
0.0
0.0
0.0
0.0
0.0
0.0
0.0
0.0
0.0
0.0
0.0
0.0
0.0
0.0
1.0279814516245439e-37
7.730089510684722e-37
3.874050836626343e-36
1.293980274826898e-35
2.8805243113350204e-35
4.273630617159684e-35
4.2257516268387673e-35
2.784790320867234e-35
1.2231017356096003e-35
3.5802570804169454e-36
6.984694095265117e-37
9.081594711385403e-38
7.8697038770786e-39
4.54502434200579e-40
1.7494260305825494e-41
4.487831094416753e-43
7.672889970735645e-45
8.743050478397963e-47
6.639701409151363e-49
3.3605910086574556e-51
1.1336117036436672e-53
2.548558043557227e-56
3.8186186158239372e-59
3.813287851977125e-62
2.5378996309375304e-65
1.125721196086538e-68
5.225998781550135e-71
1.1787678582255369e-74
0.0
0.0
0.0
0.0
0.0
0.0
0.0
0.0
0.0
0.0
0.0
0.0
0.0
0.0
0.0
0.0
0.0
0.0
0.0
0.0
0.0
0.0
0.0
0.0
0.0
0.0
0.0
0.0
0.0
0.0
0.0
0.0
0.0
0.0
0.0
0.0
0.0
0.0
0.0
0.0
0.0
0.0
0.0
0.0
0.0
0.0
0.0
0.0
0.0
0.0
0.0
0.0
0.0
0.0
0.0
0.0
0.0
0.0
0.0
0.0
0.0
0.0
0.0
0.0
0.0
0.0
0.0
0.0
0.0
0.0
0.0
0.0
0.0
0.0
0.0
0.0
0.0
0.0
0.0
0.0
0.0
0.0
0.0
0.0
0.0
0.0
0.0
0.0
0.0
0.0
0.0
0.0
0.0
0.0
0.0
0.0
0.0
0.0
0.0
0.0
0.0
0.0
0.0
0.0
0.0
0.0
0.0
0.0
0.0
0.0
0.0
0.0
0.0
0.0
0.0
0.0
0.0
0.0
0.0
0.0
0.0
0.0
0.0
0.0
0.0
0.0
0.0
0.0
0.0
0.0
0.0
0.0
0.0
0.0
0.0
0.0
0.0
0.0
0.0
0.0
0.0
0.0
0.0
0.0
0.0
0.0
0.0
0.0
0.0
0.0
0.0
0.0
0.0
0.0
0.0
0.0
0.0
0.0
0.0
0.0
0.0
0.0
0.0
0.0
0.0
0.0
0.0
0.0
0.0
0.0
0.0
0.0
0.0
0.0
0.0
0.0
0.0
0.0
0.0
0.0
0.0
0.0
0.0
0.0
0.0
0.0
0.0
0.0
0.0
0.0
0.0
0.0
0.0
0.0
0.0
0.0
0.0
0.0
0.0
0.0
0.0
0.0
0.0
0.0
0.0
0.0
0.0
0.0
0.0
0.0
0.0
0.0
0.0
0.0
0.0
0.0
0.0
0.0
0.0
0.0
0.0
0.0
0.0
0.0
0.0
0.0
0.0
0.0
0.0
0.0
0.0
0.0
0.0
0.0
0.0
0.0
0.0
0.0
0.0
0.0
0.0
0.0
0.0
0.0
0.0
0.0
0.0
0.0
0.0
0.0
0.0
0.0
0.0
0.0
0.0
0.0
0.0
0.0
0.0
0.0
0.0
0.0
0.0
0.0
0.0
0.0
0.0
0.0
0.0
0.0
0.0
0.0
0.0
0.0
0.0
0.0
0.0
0.0
0.0
0.0
0.0
0.0
0.0
0.0
0.0
0.0
0.0
0.0
0.0
0.0
0.0
0.0
0.0
0.0
0.0
0.0
0.0
0.0
0.0
0.0
0.0
0.0
0.0
0.0
0.0
0.0
0.0
0.0
0.0
0.0
0.0
0.0
0.0
0.0
0.0
0.0
0.0
0.0
0.0
0.0
0.0
0.0
0.0
0.0
0.0
0.0
0.0
0.0
0.0
0.0
0.0
0.0
0.0
0.0
0.0
0.0
0.0
0.0
0.0
0.0
0.0
0.0
0.0
0.0
0.0
0.0
0.0
0.0
0.0
0.0
0.0
0.0
0.0
0.0
0.0
0.0
0.0
0.0
0.0
0.0
0.0
0.0
0.0
0.0
0.0
0.0
0.0
0.0
0.0
0.0
