a = 5.792710724829007 b = 5.792710724829007 c = 5.792710724829007 ,Gaussian ,LMH = 0.08 ,DW = [0.9 0.9]
0.0
0.0
0.0
0.0
0.0
0.0
0.0
0.0
0.0
0.0
0.0
0.0
0.0
0.0
0.0
0.0
0.0
0.0
0.0
0.0
0.0
0.0
0.0
0.0
0.0
0.0
0.0
0.0
0.0
0.0
0.0
0.0
0.0
0.0
0.0
0.0
0.0
0.0
0.0
0.0
0.0
0.0
0.0
0.0
0.0
0.0
0.0
0.0
0.0
0.0
0.0
0.0
0.0
0.0
0.0
0.0
0.0
0.0
0.0
0.0
0.0
0.0
0.0
0.0
0.0
0.0
0.0
0.0
0.0
0.0
0.0
0.0
0.0
0.0
0.0
0.0
0.0
0.0
0.0
0.0
0.0
0.0
0.0
0.0
0.0
0.0
0.0
0.0
0.0
0.0
0.0
0.0
0.0
0.0
0.0
0.0
0.0
0.0
0.0
0.0
0.0
0.0
0.0
0.0
0.0
0.0
0.0
0.0
0.0
0.0
0.0
0.0
0.0
0.0
0.0
0.0
0.0
0.0
0.0
0.0
0.0
0.0
0.0
0.0
0.0
0.0
0.0
0.0
0.0
0.0
0.0
0.0
0.0
0.0
0.0
0.0
0.0
0.0
0.0
0.0
0.0
0.0
0.0
0.0
0.0
0.0
0.0
0.0
0.0
0.0
0.0
0.0
0.0
0.0
0.0
0.0
0.0
0.0
0.0
0.0
0.0
0.0
0.0
0.0
0.0
0.0
0.0
0.0
0.0
0.0
0.0
0.0
0.0
0.0
0.0
0.0
0.0
0.0
0.0
0.0
0.0
0.0
0.0
0.0
0.0
0.0
0.0
0.0
0.0
0.0
0.0
0.0
0.0
0.0
0.0
0.0
0.0
0.0
0.0
0.0
0.0
0.0
0.0
0.0
0.0
0.0
0.0
0.0
0.0
0.0
0.0
0.0
0.0
0.0
0.0
0.0
0.0
0.0
0.0
0.0
0.0
0.0
0.0
0.0
0.0
0.0
0.0
0.0
0.0
0.0
0.0
0.0
0.0
0.0
0.0
0.0
0.0
0.0
0.0
0.0
0.0
0.0
0.0
0.0
0.0
0.0
0.0
0.0
0.0
0.0
0.0
0.0
0.0
0.0
0.0
0.0
0.0
0.0
0.0
0.0
0.0
0.0
0.0
0.0
0.0
0.0
0.0
0.0
0.0
0.0
0.0
0.0
0.0
0.0
0.0
0.0
0.0
0.0
0.0
0.0
0.0
0.0
0.0
0.0
0.0
0.0
0.0
0.0
0.0
0.0
0.0
0.0
0.0
0.0
0.0
0.0
0.0
0.0
0.0
0.0
0.0
0.0
0.0
0.0
0.0
0.0
0.0
0.0
0.0
0.0
0.0
0.0
0.0
0.0
0.0
0.0
0.0
0.0
0.0
0.0
0.0
0.0
0.0
0.0
0.0
0.0
0.0
0.0
0.0
0.0
0.0
0.0
0.0
0.0
0.0
0.0
0.0
0.0
0.0
0.0
0.0
0.0
0.0
0.0
0.0
0.0
0.0
0.0
0.0
0.0
0.0
0.0
0.0
0.0
0.0
0.0
0.0
0.0
0.0
0.0
0.0
0.0
0.0
0.0
0.0
0.0
0.0
0.0
0.0
0.0
0.0
0.0
0.0
0.0
0.0
0.0
6.641080687993334e-35
5.073829831163205e-34
2.5835364093821335e-33
8.767480798255535e-33
1.9829721219467872e-32
2.9890965413178413e-32
3.002927337682554e-32
2.0106258109963174e-32
8.97220589797644e-33
2.6683866399546486e-33
5.289076296872281e-34
6.98702753032507e-35
6.151579276388839e-36
3.6096271464880453e-37
1.411625877897334e-38
3.679242612539789e-40
6.39114675497475e-42
7.399130748431714e-44
5.709054140827193e-46
2.935818275514307e-48
1.0061801050792739e-50
2.2982847233757595e-53
3.49875460394331e-56
3.695621157687557e-58
2.8608802378463578e-61
1.476024135114945e-64
5.0753826205166154e-68
1.163123058950571e-71
0.0
0.0
0.0
0.0
0.0
0.0
0.0
0.0
0.0
0.0
0.0
0.0
0.0
0.0
0.0
0.0
0.0
0.0
0.0
0.0
0.0
0.0
0.0
0.0
0.0
0.0
0.0
0.0
0.0
0.0
0.0
0.0
0.0
0.0
0.0
0.0
0.0
0.0
0.0
0.0
0.0
0.0
0.0
0.0
0.0
0.0
0.0
0.0
0.0
0.0
0.0
0.0
0.0
0.0
0.0
0.0
0.0
0.0
0.0
0.0
0.0
0.0
0.0
0.0
0.0
0.0
0.0
0.0
0.0
0.0
0.0
0.0
0.0
0.0
0.0
0.0
0.0
0.0
0.0
0.0
0.0
0.0
0.0
0.0
0.0
0.0
0.0
0.0
0.0
0.0
0.0
0.0
0.0
0.0
0.0
0.0
0.0
0.0
0.0
0.0
0.0
0.0
0.0
0.0
0.0
0.0
0.0
0.0
0.0
0.0
0.0
0.0
0.0
0.0
0.0
0.0
0.0
0.0
0.0
0.0
0.0
0.0
0.0
0.0
0.0
0.0
0.0
0.0
0.0
0.0
0.0
0.0
0.0
0.0
0.0
0.0
0.0
0.0
0.0
0.0
0.0
0.0
0.0
0.0
0.0
0.0
0.0
0.0
0.0
0.0
0.0
0.0
0.0
0.0
0.0
0.0
0.0
0.0
0.0
0.0
0.0
0.0
0.0
0.0
0.0
0.0
0.0
0.0
0.0
0.0
0.0
0.0
0.0
0.0
0.0
0.0
0.0
0.0
0.0
0.0
0.0
0.0
0.0
0.0
0.0
0.0
0.0
0.0
0.0
0.0
0.0
0.0
0.0
0.0
0.0
0.0
0.0
0.0
0.0
0.0
0.0
0.0
0.0
0.0
0.0
0.0
0.0
0.0
0.0
0.0
0.0
0.0
0.0
0.0
0.0
0.0
0.0
0.0
0.0
0.0
0.0
0.0
0.0
0.0
0.0
0.0
0.0
0.0
0.0
0.0
0.0
0.0
0.0
0.0
0.0
0.0
0.0
0.0
0.0
0.0
0.0
0.0
0.0
0.0
0.0
0.0
0.0
0.0
0.0
0.0
0.0
0.0
0.0
0.0
0.0
0.0
0.0
0.0
0.0
0.0
0.0
0.0
0.0
0.0
0.0
0.0
0.0
0.0
0.0
0.0
0.0
0.0
0.0
0.0
0.0
0.0
0.0
0.0
0.0
0.0
0.0
0.0
0.0
0.0
0.0
0.0
0.0
0.0
0.0
0.0
0.0
0.0
0.0
0.0
0.0
0.0
0.0
0.0
0.0
0.0
0.0
0.0
0.0
0.0
0.0
0.0
0.0
0.0
0.0
0.0
0.0
0.0
0.0
0.0
0.0
0.0
0.0
0.0
0.0
0.0
0.0
0.0
0.0
0.0
0.0
0.0
0.0
0.0
0.0
0.0
0.0
0.0
0.0
0.0
0.0
0.0
0.0
0.0
0.0
0.0
0.0
0.0
0.0
0.0
0.0
0.0
0.0
0.0
0.0
0.0
0.0
0.0
0.0
0.0
0.0
0.0
0.0004619208133262519
0.003002368150555705
0.013005944779181593
0.03754926282703274
0.07225076886039898
0.0926541932463571
0.07918979761753646
0.04510814163018952
0.017124669000475674
0.004332823363955585
0.0007306364447731969
8.211324713274528e-05
6.150446848204858e-06
3.070305998843438e-07
1.0214995996696334e-08
2.2650421521083394e-10
3.3473099200317826e-12
3.296834215544888e-14
2.1641125379773513e-16
9.467692012650142e-19
2.760513977633353e-21
5.36435273664906e-24
6.947463160707967e-27
5.9967607994067e-30
3.449758929240092e-33
1.904602230276123e-35
5.5715866663617065e-39
1.0862631336648102e-42
0.0
0.0
0.0
0.0
0.0
0.0
0.0
0.0
0.0
0.0
0.0
0.0
0.0
0.0
0.0
0.0
0.0
0.0
0.0
0.0
0.0
0.0
0.0
0.0
0.0
0.0
0.0
0.0
0.0
0.0
0.0
0.0
0.0
0.0
0.0
0.0
0.0
0.0
0.0
0.0
0.0
0.0
0.0
0.0
0.0
0.0
0.0
0.0
0.0
0.0
0.0
0.0
0.0
0.0
0.0
0.0
0.0
0.0
0.0
0.0
0.0
0.0
0.0
0.0
0.0
0.0
0.0
0.0
0.0
0.0
0.0
0.0
0.0
0.0
0.0
0.0
0.0
0.0
0.0
0.0
0.0
0.0
0.0
0.0
0.0
0.0
0.0
0.0
0.0
0.0
0.0
0.0
0.0
0.0
0.0
0.0
0.0
0.0
0.0
0.0
0.0
0.0
0.0
0.0
0.0
0.0
0.0
0.0
0.0
0.0
0.0
0.0
0.0
0.0
0.002779071994351983
0.020302837647919146
0.09885422463499405
0.32078590273580093
0.693772151807517
1.0
0.9606488894433981
0.6150507015959277
0.26244523958790494
0.07463594383929747
0.01414617111256879
0.0037256354070090304
0.0003590821446735748
2.3065815651221247e-05
9.874733215463892e-07
2.817497074901859e-08
5.357758385572792e-10
6.790227478039674e-12
5.735444359668703e-14
3.2287273041957067e-16
1.211371104544429e-18
3.0290371638022483e-21
5.047932532791246e-24
5.606657542380138e-27
4.150267278757215e-30
2.0475270638434217e-33
6.7323205116206136e-37
1.4753038120029322e-40
0.0
0.0
0.0
0.0
0.0
0.0
0.0
0.0
0.0
0.0
0.0
0.0
0.0
0.0
0.0
0.0
0.0
0.0
0.0
0.0
0.0
0.0
0.0
0.0
0.0
0.0
0.0
0.0
0.0
0.0
0.0
0.0
0.0
0.0
0.0
0.0
0.0
0.0
0.0
0.0
0.0
0.0
0.0
0.0
0.0
0.0
0.0
0.0
0.0
0.0
0.0
0.0
0.0
0.0
0.0
0.0
0.0
0.0
0.0
0.0
0.0
0.0
0.0
0.0
0.0
0.0
0.0
0.0
0.0
0.0
0.0
0.0
0.0
0.0
0.0
0.0
0.0
0.0
0.0
0.0
0.0
0.0
0.0
0.0
0.0
0.0
0.0
0.0
0.0
0.0
0.0
0.0
0.0
0.0
0.0
0.0
0.0
0.0
0.0
4.6777788470956824e-35
3.0827506539684862e-34
1.35399998527593e-33
3.9635146601162346e-33
7.73256939713741e-33
1.0054228057008674e-32
8.712748656913227e-33
5.032029608287018e-33
1.9369247028329363e-33
4.9689409582469205e-34
8.495647471976802e-35
9.680787290792493e-36
7.352015614327587e-37
1.0523764223123145e-37
4.064147232035001e-39
1.0460424379837924e-40
1.7943647288238787e-42
2.051415779250871e-44
1.563069208263082e-46
7.937509754219478e-49
2.686407457534271e-51
6.059559371038411e-54
9.109441554853498e-57
9.126915102322681e-60
6.0944962752211e-63
2.712271554988378e-66
8.04470403213269e-70
1.5902614111397733e-73
0.0
0.0
0.0
0.0
0.0
0.0
0.0
0.0
0.0
0.0
0.0
0.0
0.0
0.0
0.0
0.0
0.0
0.0
0.0
0.0
0.0
0.0
0.0
0.0
0.0
0.0
0.0
0.0
0.0
0.0
0.0
0.0
0.0
0.0
0.0
0.0
0.0
0.0
0.0
0.0
0.0
0.0
0.0
0.0
0.0
0.0
0.0
0.0
0.0
0.0
0.0
0.0
0.0
0.0
0.0
0.0
0.0
0.0
0.0
0.0
0.0
0.0
0.0
0.0
0.0
0.0
0.0
0.0
0.0
0.0
0.0
0.0
0.0
0.0
0.0
0.0
0.0
0.0
0.0
0.0
0.0
0.0
0.0
0.0
0.0
0.0
0.0
1.246042698544156e-36
5.2732006132468715e-36
3.273690649222009e-35
1.3545109806672775e-34
3.735157939339873e-34
6.864627235138626e-34
8.408267034120684e-34
6.8640048346043305e-34
3.734480653064338e-34
1.3541425825470947e-34
3.2725035375864426e-35
5.2708104996474075e-36
5.657912519626051e-37
4.0477772237896264e-38
1.930005402226256e-39
6.133127526425449e-41
1.2989337876216e-42
1.8334690388050593e-44
1.7248117242499042e-46
1.0814124341321363e-48
4.518794278611122e-51
1.2584481591261938e-53
2.335767641108351e-56
2.8893855302431638e-59
2.3821159537016584e-62
1.3088860831685333e-65
7.008558107495595e-68
1.9582593600997124e-71
0.0
0.0
0.0
0.0
0.0
0.0
0.0
0.0
0.0
0.0
0.0
0.0
0.0
0.0
0.0
0.0
0.0
0.0
0.0
0.0
0.0
0.0
0.0
0.0
0.0
0.0
0.0
0.0
0.0
0.0
0.0
0.0
0.0
0.0
0.0
0.0
0.0
0.0
0.0
0.0
0.0
0.0
0.0
0.0
0.0
0.0
0.0
0.0
0.0
0.0
0.0
0.0
0.0
0.0
0.0
0.0
0.0
0.0
0.0
0.0
0.0
0.0
0.0
0.0
0.0
0.0
0.0
0.0
0.0
0.0
0.0
0.0
0.0
0.0
0.0
0.0
0.0
0.0
0.0
0.0
0.0
0.0
0.0
0.0
0.0
0.0
0.0
0.0
0.0
0.0
0.0
0.0
0.0
0.0
0.0
0.0
0.0
0.0
0.0
0.0
0.0
0.0
0.0
0.0
0.0
0.0
0.0
0.0
0.0
0.0
0.0
0.0
0.0
0.0
0.0
0.0
0.0
0.0
0.0
0.0
0.0
0.0
0.0
0.0
0.0
0.0
0.0
0.0
0.0
0.0
0.0
0.0
0.0
0.0
0.0
0.0
0.0
0.0
0.0
0.0
0.0
0.0
0.0
0.0
0.0
0.0
0.0
0.0
0.0
0.0
0.0
0.0
0.0
0.0
0.0
0.0
0.0
0.0
0.0
0.0
0.0
0.0
0.0
0.0
0.0
0.0
0.0
0.0
0.0
0.0
0.0
0.0
0.0
0.0
0.0
0.0
0.0
0.0
0.0
0.0
0.0
0.0012112186792912459
0.00896260396397265
0.04420052228953062
0.14527876660588138
0.31824268888939333
0.4646182605370038
0.4520803828213005
0.2931680226058053
0.1267065545626259
0.03649749970274586
0.00700662208998963
0.0008964701274906034
7.644419278274071e-05
4.3444492054174584e-06
1.64553262384082e-07
4.153936163313843e-09
6.98867247225812e-11
7.836300923912423e-13
5.856107910644377e-15
2.916678664880938e-17
9.681655986327235e-20
2.1418658049314495e-22
3.1580311966512837e-25
3.2653773927896504e-27
2.4482745637786005e-30
1.2233998067429605e-33
4.074349148159478e-37
9.043355971311515e-41
0.0
0.0
0.0
0.0
0.0
0.0
0.0
0.0
0.0
0.0
0.0
0.0
0.0
0.0
0.0
0.0
0.0
0.0
0.0
0.0
0.0
0.0
0.0
0.0
0.0
0.0
0.0
0.0
0.0
0.0
0.0
0.0
0.0
0.0
0.0
0.0
0.0
0.0
0.0
0.0
0.0
0.0
0.0
0.0
0.0
0.0
0.0
0.0
0.0
0.0
0.0
0.0
0.0
0.0
0.0
0.0
0.0
0.0
0.0
0.0
0.0
0.0
0.0
0.0
0.0
0.0
0.0
0.0
4.916800973849122e-35
3.125415591955162e-34
1.3240807390798334e-33
3.7385458387090936e-33
5.9611364734924916e-33
8.558938126023158e-33
8.190157569210155e-33
5.2233144984923913e-33
2.2201465482440017e-33
6.289247088656173e-34
1.1874004810106486e-34
1.4940919706664697e-35
1.2529651489822295e-36
7.00296892194754e-38
2.6085967862656466e-39
6.476095716234425e-41
1.0715220469338678e-42
1.1816000799107664e-44
8.684032903470792e-47
4.253573651811739e-49
1.388570716334158e-51
3.021089527015239e-54
4.3806719986978893e-57
4.233498656925541e-60
2.7267144778955786e-63
1.1704731348696013e-66
3.3486116528747934e-70
6.384834824349392e-74
0.0
0.0
0.0
0.0
0.0
0.0
0.0
0.0
0.0
0.0
0.0
0.0
0.0
0.0
0.0
0.0
0.0
0.0
0.0
0.0
0.0
0.0
0.0
0.0
0.0
0.0
0.0
0.0
0.0
0.0
0.0
0.0
0.0
0.0
0.0
0.0
0.0
0.0
0.0
0.0
0.0
0.0
0.0
0.0
0.0
0.0
0.0
0.0
0.0
0.0
0.0
0.0
0.0
0.0
0.0
0.0
0.0
0.0
0.0
0.0
0.0
0.0
0.0
5.5564189473997225e-68
4.8483239151430574e-67
2.8194851986929885e-66
1.0927720011414372e-65
2.822739803193121e-65
4.85952346611593e-65
5.57568292039084e-65
4.263674096051045e-65
2.1729587493983106e-65
7.380750269642309e-66
1.6708254753278344e-66
2.520827998934384e-67
2.534760248304889e-68
1.698682096603694e-69
7.586978958698066e-71
2.2584329315806825e-72
1.7314113900494875e-73
2.620843984867586e-75
2.6440131791032873e-77
1.7777374055029907e-79
7.966235733012461e-82
2.379141349214366e-84
4.73553318762278e-87
6.2820164935958466e-90
5.554063083998293e-93
3.27268414398654e-96
1.2852242893031255e-99
3.3638398031665453e-103
0.0
0.0
0.0
0.0
0.0
0.0
0.0
0.0
0.0
0.0
0.0
0.0
0.0
0.0
0.0
0.0
0.0
0.0
0.0
0.0
0.0
0.0
0.0
0.0
0.0
0.0
0.0
0.0
0.0
0.0
0.0
0.0
0.0
0.0
0.0
0.0
0.0
0.0
0.0
0.0
0.0
0.0
0.0
0.0
0.0
0.0
0.0
0.0
0.0
0.0
0.0
0.0
0.0
0.0
0.0
0.0
0.0
0.0
0.0
0.0
1.2581109977980572e-05
0.00010793744890685663
0.0006171729570076966
0.0023519234107853837
0.005973391920434403
0.008875382804947221
0.011462715385357425
0.009866644322505246
0.005660215739488145
0.002164103586081475
0.0005514481104052745
9.36510841427501e-05
1.0599918202237011e-05
7.996018066034221e-07
4.0200047630626916e-08
1.3469792849761328e-09
3.007992950853237e-11
4.476867693420388e-13
4.440718598063684e-15
2.935714347562372e-17
1.293468585479394e-19
3.798214817916998e-22
7.433352193444668e-25
9.695527553468236e-28
8.428294995409593e-31
4.88303187030886e-34
1.885475693368258e-37
4.852146058990269e-41
0.0
0.0
0.0
0.0
0.0
0.0
0.0
0.0
0.0
0.0
0.0
0.0
0.0
0.0
0.0
0.0
0.0
0.0
0.0
0.0
0.0
0.0
0.0
0.0
0.0
0.0
0.0
0.0
0.0
0.0
0.0
0.0
0.0
0.0
0.0
0.0
0.0
0.0
0.0
0.0
0.0
0.0
0.0
0.0
0.0
0.0
0.0
0.0
0.0
0.0
0.0
0.0
0.0
0.0
0.0
0.0
0.0
0.0
0.0005384184911339388
0.003534208437900048
0.01546129620537121
0.04507971789119071
0.08759877378616827
0.11344788727105204
0.09792111414105598
0.05632975056535263
0.021596374914603436
0.005518301645905105
0.0009397483309302246
0.00010665942491415328
8.06804776331474e-06
4.067421984380856e-07
1.366631890796379e-08
3.060309978430491e-10
4.567313619978063e-12
4.5429483349253373e-14
3.011593213445239e-16
1.3305658415531242e-18
3.917941781972628e-21
7.688845512255276e-24
9.619756950487599e-26
9.59996912601306e-29
6.384944423833579e-32
2.8302575309825153e-35
8.361348711388174e-39
1.6462972994443663e-42
0.0
0.0
0.0
0.0
0.0
0.0
0.0
0.0
0.0
0.0
0.0
0.0
0.0
0.0
0.0
0.0
0.0
0.0
0.0
0.0
0.0
0.0
0.0
0.0
0.0
0.0
0.0
0.0
0.0
0.0
0.0
0.0
0.0
0.0
0.0
0.0
0.0
0.0
0.0
0.0
0.0
0.0
0.0
0.0
0.0
0.0
0.0
0.0
0.0
0.0
0.0
0.0
0.0
0.0
1.5163554481098754e-35
1.211838126922565e-34
6.454606285542031e-34
2.2912709511477682e-33
5.420816296099826e-33
8.547408863646786e-33
8.982264012749925e-33
6.290985748190239e-33
2.9365211614138733e-33
9.135432573900245e-34
1.894116321775507e-34
2.6173736417400276e-35
2.410495642921851e-36
1.4795461808612773e-37
6.052464459793709e-39
1.650127563613585e-40
2.99836388229525e-42
1.6541050108437378e-43
1.5283839789759934e-45
9.412032630543857e-48
3.8629218302464614e-50
1.0566470960208703e-52
1.9263072354834092e-55
2.3404679384783453e-58
1.895227653870422e-61
1.0228256754698908e-64
3.6789459404762383e-68
8.819150201855482e-72
0.0
0.0
0.0
0.0
0.0
0.0
0.0
0.0
0.0
0.0
0.0
0.0
0.0
0.0
0.0
0.0
0.0
0.0
0.0
0.0
0.0
0.0
0.0
0.0
0.0
0.0
0.0
0.0
0.0
0.0
0.0
0.0
0.0
0.0
0.0
0.0
0.0
0.0
0.0
0.0
0.0
0.0
0.0
0.0
0.0
0.0
0.0
0.0
0.0
0.0
0.0
0.0
1.5148859210242937e-37
1.375291608331588e-36
8.32130048665986e-36
3.3555921129005255e-35
9.018382955252255e-35
1.6153615065599957e-34
1.9283787372674694e-34
1.5342512543143462e-34
8.135461384266047e-35
2.875076713803432e-35
6.771708182994567e-36
1.0629885342479842e-36
1.1120913783941083e-37
7.754144961977316e-39
1.0484886587770605e-39
3.71757517546683e-41
8.784910268885322e-43
1.383555064718434e-44
1.4522357220561764e-46
1.0159195792607281e-48
4.736560550264692e-51
1.471798665829209e-53
3.0480021182157677e-56
4.206914370230828e-59
3.8698455146141066e-62
2.372494052255841e-65
9.693892173010386e-69
2.6398107020079243e-72
0.0
0.0
0.0
0.0
0.0
0.0
0.0
0.0
0.0
0.0
0.0
0.0
0.0
0.0
0.0
0.0
0.0
0.0
0.0
0.0
0.0
0.0
0.0
0.0
0.0
0.0
0.0
0.0
0.0
0.0
0.0
0.0
0.0
0.0
0.0
0.0
0.0
0.0
0.0
0.0
0.0
0.0
0.0
0.0
0.0
0.0
0.0
0.0
0.0
0.0
0.0
0.0
0.0
0.0
0.0
0.0
0.0
0.0
0.0
0.0
0.0
0.0
0.0
0.0
0.0
0.0
0.0
0.0
0.0
0.0
0.0
0.0
0.0
0.0
0.0
0.0
0.0
0.0
0.0
0.0
0.0
0.0
0.0
0.0
0.0
0.0
0.0
0.0
0.0
0.0
0.0
0.0
0.0
0.0
0.0
0.0
0.0
0.0
0.0
0.0
0.0
0.0
0.0
0.0
0.0
0.0
0.0
0.0
0.0
0.0
0.0
0.0
0.0
0.0
0.0
0.0
0.0
0.0
0.0
0.0
0.0
0.0
0.0
0.0
0.0
0.0
0.0
0.0
0.00016594707343973083
0.0011061023588836243
0.004913631546810785
0.014547601784002552
0.028705278828016715
0.03774971552267934
0.033086219364560895
0.019326898001901998
0.007524171963057879
0.0019522562366469877
0.0003375953633867793
3.890788968733164e-05
7.3547176449648e-06
4.310322716624545e-07
1.6835852739081677e-08
4.3827025618491687e-10
7.603795445703372e-12
8.792257539519213e-14
6.775664984744105e-16
3.480046096959458e-18
1.191240957240748e-20
2.717664149368248e-23
4.1321254866236075e-26
4.1872873657199913e-29
2.827962066900647e-32
1.272904849013683e-35
3.818562033844317e-39
7.634582769412612e-43
0.0
0.0
0.0
0.0
0.0
0.0
0.0
0.0
0.0
0.0
0.0
0.0
0.0
0.0
0.0
0.0
0.0
0.0
0.0
0.0
0.0
0.0
0.0
0.0
0.0
0.0
0.0
0.0
0.0
0.0
0.0
0.0
0.0
0.0
0.0
0.0
0.0
0.0
0.0
0.0
0.0
0.0
0.0
0.0
0.0
0.0
0.0
9.082812015212753e-36
7.071307974317019e-35
3.66910995745789e-34
1.2688294493358788e-33
2.9243363396746634e-33
4.4919295925035104e-33
4.598541476012272e-33
3.137536765706862e-33
1.426721110909815e-33
4.3238527898696775e-34
8.733418258458693e-35
1.1756530319209907e-35
1.0547647924858443e-36
6.306866375792104e-38
2.5133512244481114e-39
2.340527481320317e-40
4.743030070796346e-42
6.405891220982857e-44
5.766134776652704e-46
3.4591673027052125e-48
1.383056408247727e-50
3.6854435842739816e-53
6.545173901376392e-56
7.74701078612047e-59
6.11123071052203e-62
3.2129557659885345e-65
1.1258028965339388e-68
2.629066220033599e-72
0.0
0.0
0.0
0.0
0.0
0.0
0.0
0.0
0.0
0.0
0.0
0.0
0.0
0.0
0.0
0.0
0.0
0.0
0.0
0.0
0.0
0.0
0.0
0.0
0.0
0.0
0.0
0.0
0.0
0.0
0.0
0.0
0.0
0.0
0.0
0.0
0.0
0.0
0.0
0.0
0.0
0.0
0.0
0.0
0.0
0.0
3.095834977535021e-37
2.5578334740613573e-36
1.4084721977594353e-35
5.168991750416013e-35
1.264284890011235e-34
2.0609412140853356e-34
2.2390707112650235e-34
1.62125587233597e-34
7.823784207336659e-35
2.5163075045648124e-35
5.3937661132308e-36
7.705521850017264e-37
7.336578187749182e-38
4.65550280316959e-39
1.968888774436166e-40
5.5495442856753135e-42
1.0424974664683587e-43
1.3051915190890669e-45
5.617045302573046e-47
3.576100717809487e-49
1.5173756318887207e-51
4.290995083489923e-54
8.087317189984718e-57
1.0158567830161088e-59
8.504367928341657e-63
4.744966443181517e-66
1.7644355443116763e-69
4.372803870723079e-73
0.0
0.0
0.0
0.0
0.0
0.0
0.0
0.0
0.0
0.0
0.0
0.0
0.0
0.0
0.0
0.0
0.0
0.0
0.0
0.0
0.0
0.0
0.0
0.0
0.0
0.0
0.0
0.0
0.0
0.0
0.0
0.0
0.0
0.0
0.0
0.0
0.0
0.0
0.0
0.0
0.0
0.0
0.0
0.0
0.0
3.945332701079673e-06
3.356828674281764e-05
0.00019035148472733318
0.0007193908490969467
0.0018119870847419233
0.003041773239036887
0.0034031423831990585
0.0025375520141512156
0.001261047177819625
0.0004176661357152413
9.219529154834174e-05
1.3563437423053051e-05
1.3298796555902532e-06
8.690333928706502e-08
3.784793030052514e-09
1.0985740953681655e-10
2.1251917485537316e-12
2.739986582843041e-14
2.3544002734037117e-16
1.348322280302368e-18
5.1462238215881905e-21
1.3090769583284973e-23
1.9470796186632335e-25
2.5186208773509875e-28
2.171318013894709e-31
1.247572002758958e-34
4.777375222910835e-38
1.2192552486424612e-41
0.0
0.0
0.0
0.0
0.0
0.0
0.0
0.0
0.0
0.0
0.0
0.0
0.0
0.0
0.0
0.0
0.0
0.0
0.0
0.0
0.0
0.0
0.0
0.0
0.0
0.0
0.0
0.0
0.0
0.0
0.0
0.0
0.0
0.0
0.0
0.0
0.0
0.0
0.0
0.0
0.0
0.0
0.0
0.0
0.00014316692895068793
0.0005928328290584019
0.0035621962325482347
0.014265433801959458
0.03807445309223038
0.06772732346654567
0.08029263310056206
0.06344085623901982
0.033407495579431894
0.011724662536504655
0.002742447558413598
0.0004275214013157897
4.441799352718417e-05
3.075682921818158e-06
1.4194030498178276e-07
4.365675536036747e-09
8.949086880588345e-11
1.2226088687492079e-12
1.1132120723793992e-14
6.755380583818309e-17
2.732142098951996e-19
7.364415671188773e-22
1.3229847919402106e-24
1.58399190745484e-27
1.2639579132787296e-30
6.7219273787220095e-34
2.382520067739631e-37
9.524289656812403e-40
0.0
0.0
0.0
0.0
0.0
0.0
0.0
0.0
0.0
0.0
0.0
0.0
0.0
0.0
0.0
0.0
0.0
0.0
0.0
0.0
0.0
0.0
0.0
0.0
0.0
0.0
0.0
0.0
0.0
0.0
0.0
0.0
0.0
0.0
0.0
0.0
0.0
0.0
0.0
0.0
0.0
0.0
0.0
4.205102697178728e-37
3.8069514550600427e-36
2.2969927229560194e-35
9.236840576145954e-35
2.4755335969411965e-34
4.421765937039564e-34
5.263858702178348e-34
4.719297965617308e-34
2.856856669559742e-34
1.1526064718067716e-34
3.099239965005055e-35
5.554064280157843e-36
6.6335827036508174e-37
5.280401460456624e-38
2.8013494342519367e-39
9.90487903460752e-41
2.334063219666674e-42
3.665705762561933e-44
3.836932310708798e-46
2.6766539130356468e-48
1.244462610916124e-50
3.856142132040287e-53
7.96353258033987e-56
1.0960744077868773e-58
1.0054393125454267e-61
6.146858768770126e-65
2.5045641262441723e-68
6.801310855784792e-72
0.0
0.0
0.0
0.0
0.0
0.0
0.0
0.0
0.0
0.0
0.0
0.0
0.0
0.0
0.0
0.0
0.0
0.0
0.0
0.0
0.0
0.0
0.0
0.0
0.0
0.0
0.0
0.0
0.0
0.0
0.0
0.0
0.0
0.0
0.0
0.0
0.0
0.0
0.0
0.0
0.0
0.0
0.0
7.120080710912404e-38
5.622528696751081e-37
2.9591023910798324e-36
1.0379342742978536e-35
2.426393656479303e-35
3.780369221839199e-35
3.9254434350265657e-35
2.7165942478953663e-35
1.2529749201184858e-35
3.851603100692432e-36
7.890821611853045e-37
1.0774186063951971e-37
9.80456354020811e-39
1.583282171952859e-39
7.326637356414884e-41
2.2596054761505216e-42
4.644533389566913e-44
6.362577837090106e-46
5.809057503128419e-48
3.534758853138245e-50
1.4334925969241388e-52
3.874473244415369e-55
6.97929292177754e-58
8.378991198326018e-61
6.70430232975992e-64
3.575172449967792e-67
1.2706383171516853e-70
3.009736316031187e-74
0.0
0.0
0.0
0.0
0.0
0.0
0.0
0.0
0.0
0.0
0.0
0.0
0.0
0.0
0.0
0.0
0.0
0.0
0.0
0.0
0.0
0.0
0.0
0.0
0.0
0.0
0.0
0.0
0.0
0.0
0.0
0.0
0.0
0.0
0.0
0.0
0.0
0.0
0.0
0.0
0.0
0.0
0.0
0.0
0.0
0.0
0.0
0.0
0.0
0.0
0.0
0.0
0.0
0.0
0.0
0.0
0.0
0.0
0.0
0.0
0.0
0.0
0.0
0.0
0.0
0.0
0.0
0.0
0.0
0.0
0.0
0.0
0.0
0.0
0.0
0.0
0.0
0.0
0.0
0.0
0.0
0.0
0.0
0.0
0.0
0.0
0.0
0.0
0.0
0.0
0.0
0.0
0.0
0.0
0.0
0.0
0.0
0.0
0.0
0.0
0.0
0.0
0.0
0.0
0.0
0.0
0.0
0.0
0.0
0.0
0.0
0.0
0.0
0.0
0.0
0.0
0.0
0.0
0.0
0.0
0.0
0.0
0.0
0.0
0.0
0.0
0.0
0.0
0.0
0.0
0.0
0.0
0.0
0.0
0.0
0.0
0.0
0.0
0.0
0.0
0.0
0.0
0.0
0.0
0.0
0.0
0.0
0.0
0.0
0.0
0.0
0.0
0.0
0.0
0.0
0.0
0.0
0.0
0.0
0.0
0.0
0.0
0.0
0.0
0.0
0.0
0.0
0.0
0.0
0.0
0.0
0.0
0.0
0.0
0.0
0.0
0.0
0.0
0.0
0.0
0.0
0.0
0.0
0.0
0.0
0.0
0.0
0.0
0.0
0.0
0.0
0.0
0.0
0.0
0.0
0.0
0.0
0.0
0.0
0.0
0.0
0.0
0.0
0.0
0.0
0.0
0.0
0.0
0.0
0.0
0.0
0.0
0.0
0.0
0.0
0.0
0.0
0.0
0.0
0.0
0.0
0.0
0.0
0.0
0.0
0.0
0.0
0.0
0.0
0.0
0.0
0.0
0.0
0.0
0.0
0.0
0.0
0.0
0.0
0.0
0.0
0.0
0.0
0.0
0.0
0.0
0.0
0.0
0.0
0.0
0.0
0.0
0.0
0.0
0.0
0.0
0.0
0.0
0.0
0.0
0.0
0.0
0.0
0.0
0.0
0.0
0.0
0.0
0.0
0.0
0.0
0.0
0.0
0.0
0.0
0.0
0.0
0.0
0.0
0.0
0.0
0.0
0.0
0.0
0.0
0.0
0.0
0.0
0.0
0.0
0.0
0.0
0.0
0.0
0.0
0.0
0.0
0.0
0.0
0.0
0.0
0.0
0.0
0.0
0.0
0.0
0.0
0.0
0.0
0.0
0.0
0.0
0.0
0.0
0.0
0.0
0.0
0.0
0.0
0.0
0.0
0.0
0.0
0.0
0.0
0.0
0.0
0.0
0.0
0.0
0.0
0.0
0.0
0.0
0.0
0.0
0.0
0.0
0.0
0.0
0.0
0.0
0.0
0.0
0.0
0.0
0.0
0.0
0.0
0.0
0.0
0.0
0.0
0.0
0.0
0.0
0.0
0.0
0.0
0.0
0.0
0.0
0.0
0.0
0.0
0.0
0.0
0.0
0.0
0.0
0.0
0.0
0.0
0.0
0.0
0.0
0.0
0.0
0.0
0.0
0.0
0.0
0.0
0.0
0.0
0.0
0.0
0.0
0.0
0.0
0.0
0.0
0.0
0.0
0.0
0.0
0.0
0.0
0.0
0.0
0.0
0.0
0.0
0.0
0.0
0.0
0.0
0.0
0.0
