a = 5.792710724829007 b = 5.792710724829007 c = 5.792710724829007 ,Gaussian ,LMH = 0.08 ,DW = [1.7 1.7]
0.0
0.0
0.0
0.0
0.0
0.0
0.0
0.0
0.0
0.0
0.0
0.0
0.0
0.0
0.0
0.0
0.0
0.0
0.0
0.0
0.0
0.0
0.0
0.0
0.0
0.0
0.0
0.0
0.0
0.0
0.0
0.0
0.0
0.0
0.0
0.0
0.0
0.0
0.0
0.0
0.0
0.0
0.0
0.0
0.0
0.0
0.0
0.0
0.0
0.0
0.0
0.0
0.0
0.0
0.0
0.0
0.0
0.0
0.0
0.0
0.0
0.0
0.0
0.0
0.0
0.0
0.0
0.0
0.0
0.0
0.0
0.0
0.0
0.0
0.0
0.0
0.0
0.0
0.0
0.0
0.0
0.0
0.0
0.0
0.0
0.0
0.0
0.0
0.0
0.0
0.0
0.0
0.0
0.0
0.0
0.0
0.0
0.0
0.0
0.0
0.0
0.0
0.0
0.0
0.0
0.0
0.0
0.0
0.0
0.0
0.0
0.0
0.0
0.0
0.0
0.0
0.0
0.0
0.0
0.0
0.0
0.0
0.0
0.0
0.0
0.0
0.0
0.0
0.0
0.0
0.0
0.0
0.0
0.0
0.0
0.0
0.0
0.0
0.0
0.0
0.0
0.0
0.0
0.0
0.0
0.0
0.0
0.0
0.0
0.0
0.0
0.0
0.0
0.0
0.0
0.0
0.0
0.0
0.0
0.0
0.0
0.0
0.0
0.0
0.0
0.0
0.0
0.0
0.0
0.0
0.0
0.0
0.0
0.0
0.0
0.0
0.0
0.0
0.0
0.0
0.0
0.0
0.0
0.0
0.0
0.0
0.0
0.0
0.0
0.0
0.0
0.0
0.0
0.0
0.0
0.0
0.0
0.0
0.0
0.0
0.0
0.0
0.0
0.0
0.0
0.0
0.0
0.0
0.0
0.0
0.0
0.0
0.0
0.0
0.0
0.0
0.0
0.0
0.0
0.0
0.0
0.0
0.0
0.0
0.0
0.0
0.0
0.0
0.0
0.0
0.0
0.0
0.0
0.0
0.0
0.0
0.0
0.0
0.0
0.0
0.0
0.0
0.0
0.0
0.0
0.0
0.0
0.0
0.0
0.0
0.0
0.0
0.0
0.0
0.0
0.0
0.0
0.0
0.0
0.0
0.0
0.0
0.0
0.0
0.0
0.0
0.0
0.0
0.0
0.0
0.0
0.0
0.0
0.0
0.0
0.0
0.0
0.0
0.0
0.0
0.0
0.0
0.0
0.0
0.0
0.0
0.0
0.0
0.0
0.0
0.0
0.0
0.0
0.0
0.0
0.0
0.0
0.0
0.0
0.0
0.0
0.0
0.0
0.0
0.0
0.0
0.0
0.0
0.0
0.0
0.0
0.0
0.0
0.0
0.0
0.0
0.0
0.0
0.0
0.0
0.0
0.0
0.0
0.0
0.0
0.0
0.0
0.0
0.0
0.0
0.0
0.0
0.0
0.0
0.0
0.0
0.0
0.0
0.0
0.0
0.0
0.0
0.0
0.0
0.0
0.0
0.0
0.0
0.0
0.0
0.0
0.0
0.0
0.0
0.0
0.0
0.0
0.0
0.0
0.0
0.0
0.0
0.0
0.0
0.0
0.0
0.0
0.0
0.0
0.0
0.0
0.0
0.0
0.0
0.0
0.0
7.565921332360486e-35
5.78041423676243e-34
2.943321147718288e-33
9.98844512196794e-33
2.2591219386986008e-32
3.4053598124968754e-32
3.421116693368463e-32
2.2906266960909588e-32
1.0221680354608372e-32
3.0399876692838126e-33
6.025636046756065e-34
7.960044927183319e-35
7.008251677935902e-36
4.1123058599267575e-37
1.608209694275327e-38
4.191616015066923e-40
7.281181458784664e-42
8.429537872005465e-44
6.504100242265989e-46
3.3446619853310484e-48
1.1463013143296467e-50
2.6183451509427484e-53
3.9859931445386056e-56
4.210275445654864e-58
3.2592880342477214e-61
1.6815760891348935e-64
5.7821832684374805e-68
1.3251002325245865e-71
0.0
0.0
0.0
0.0
0.0
0.0
0.0
0.0
0.0
0.0
0.0
0.0
0.0
0.0
0.0
0.0
0.0
0.0
0.0
0.0
0.0
0.0
0.0
0.0
0.0
0.0
0.0
0.0
0.0
0.0
0.0
0.0
0.0
0.0
0.0
0.0
0.0
0.0
0.0
0.0
0.0
0.0
0.0
0.0
0.0
0.0
0.0
0.0
0.0
0.0
0.0
0.0
0.0
0.0
0.0
0.0
0.0
0.0
0.0
0.0
0.0
0.0
0.0
0.0
0.0
0.0
0.0
0.0
0.0
0.0
0.0
0.0
0.0
0.0
0.0
0.0
0.0
0.0
0.0
0.0
0.0
0.0
0.0
0.0
0.0
0.0
0.0
0.0
0.0
0.0
0.0
0.0
0.0
0.0
0.0
0.0
0.0
0.0
0.0
0.0
0.0
0.0
0.0
0.0
0.0
0.0
0.0
0.0
0.0
0.0
0.0
0.0
0.0
0.0
0.0
0.0
0.0
0.0
0.0
0.0
0.0
0.0
0.0
0.0
0.0
0.0
0.0
0.0
0.0
0.0
0.0
0.0
0.0
0.0
0.0
0.0
0.0
0.0
0.0
0.0
0.0
0.0
0.0
0.0
0.0
0.0
0.0
0.0
0.0
0.0
0.0
0.0
0.0
0.0
0.0
0.0
0.0
0.0
0.0
0.0
0.0
0.0
0.0
0.0
0.0
0.0
0.0
0.0
0.0
0.0
0.0
0.0
0.0
0.0
0.0
0.0
0.0
0.0
0.0
0.0
0.0
0.0
0.0
0.0
0.0
0.0
0.0
0.0
0.0
0.0
0.0
0.0
0.0
0.0
0.0
0.0
0.0
0.0
0.0
0.0
0.0
0.0
0.0
0.0
0.0
0.0
0.0
0.0
0.0
0.0
0.0
0.0
0.0
0.0
0.0
0.0
0.0
0.0
0.0
0.0
0.0
0.0
0.0
0.0
0.0
0.0
0.0
0.0
0.0
0.0
0.0
0.0
0.0
0.0
0.0
0.0
0.0
0.0
0.0
0.0
0.0
0.0
0.0
0.0
0.0
0.0
0.0
0.0
0.0
0.0
0.0
0.0
0.0
0.0
0.0
0.0
0.0
0.0
0.0
0.0
0.0
0.0
0.0
0.0
0.0
0.0
0.0
0.0
0.0
0.0
0.0
0.0
0.0
0.0
0.0
0.0
0.0
0.0
0.0
0.0
0.0
0.0
0.0
0.0
0.0
0.0
0.0
0.0
0.0
0.0
0.0
0.0
0.0
0.0
0.0
0.0
0.0
0.0
0.0
0.0
0.0
0.0
0.0
0.0
0.0
0.0
0.0
0.0
0.0
0.0
0.0
0.0
0.0
0.0
0.0
0.0
0.0
0.0
0.0
0.0
0.0
0.0
0.0
0.0
0.0
0.0
0.0
0.0
0.0
0.0
0.0
0.0
0.0
0.0
0.0
0.0
0.0
0.0
0.0
0.0
0.0
0.0
0.0
0.0
0.0
0.0
0.0
0.0
0.0
0.0
0.0
0.0
0.0
0.0
0.0
0.0
0.00048162428928708625
0.0031304357478004886
0.013560720214519139
0.03915094644057657
0.07533266351922917
0.09660640673540524
0.08256768020841775
0.047032253206475236
0.017855130790145682
0.004517642230157968
0.0007618021277439063
8.561583100485016e-05
6.412797402944642e-06
3.201271520844911e-07
1.0650722039460227e-08
2.361658719941627e-10
3.490091190414216e-12
3.4374624181259325e-14
2.2564238998783795e-16
9.87154140976332e-19
2.8782651575513484e-21
5.593172032386981e-24
7.243810866692604e-27
6.252555794663886e-30
3.5969102161533056e-33
1.9858440431075616e-35
5.809245634689741e-39
1.1325982606472533e-42
0.0
0.0
0.0
0.0
0.0
0.0
0.0
0.0
0.0
0.0
0.0
0.0
0.0
0.0
0.0
0.0
0.0
0.0
0.0
0.0
0.0
0.0
0.0
0.0
0.0
0.0
0.0
0.0
0.0
0.0
0.0
0.0
0.0
0.0
0.0
0.0
0.0
0.0
0.0
0.0
0.0
0.0
0.0
0.0
0.0
0.0
0.0
0.0
0.0
0.0
0.0
0.0
0.0
0.0
0.0
0.0
0.0
0.0
0.0
0.0
0.0
0.0
0.0
0.0
0.0
0.0
0.0
0.0
0.0
0.0
0.0
0.0
0.0
0.0
0.0
0.0
0.0
0.0
0.0
0.0
0.0
0.0
0.0
0.0
0.0
0.0
0.0
0.0
0.0
0.0
0.0
0.0
0.0
0.0
0.0
0.0
0.0
0.0
0.0
0.0
0.0
0.0
0.0
0.0
0.0
0.0
0.0
0.0
0.0
0.0
0.0
0.0
0.0
0.0
0.0027790719943519824
0.020302837647919143
0.09885422463499405
0.3207859027358009
0.6937721518075168
1.0
0.9606488894433981
0.6150507015959277
0.26244523958790494
0.07463594383929747
0.014146171112568788
0.0037256354070090304
0.00035908214467357476
2.3065815651221247e-05
9.874733215463892e-07
2.8174970749018586e-08
5.357758385572792e-10
6.7902274780396735e-12
5.735444359668703e-14
3.228727304195706e-16
1.211371104544429e-18
3.0290371638022483e-21
5.047932532791246e-24
5.606657542380138e-27
4.150267278757214e-30
2.0475270638434214e-33
6.732320511620613e-37
1.475303812002932e-40
0.0
0.0
0.0
0.0
0.0
0.0
0.0
0.0
0.0
0.0
0.0
0.0
0.0
0.0
0.0
0.0
0.0
0.0
0.0
0.0
0.0
0.0
0.0
0.0
0.0
0.0
0.0
0.0
0.0
0.0
0.0
0.0
0.0
0.0
0.0
0.0
0.0
0.0
0.0
0.0
0.0
0.0
0.0
0.0
0.0
0.0
0.0
0.0
0.0
0.0
0.0
0.0
0.0
0.0
0.0
0.0
0.0
0.0
0.0
0.0
0.0
0.0
0.0
0.0
0.0
0.0
0.0
0.0
0.0
0.0
0.0
0.0
0.0
0.0
0.0
0.0
0.0
0.0
0.0
0.0
0.0
0.0
0.0
0.0
0.0
0.0
0.0
0.0
0.0
0.0
0.0
0.0
0.0
0.0
0.0
0.0
0.0
0.0
0.0
4.493992472526387e-35
2.9616317244693372e-34
1.3008023552478999e-33
3.807791182426116e-33
7.428762624295271e-33
9.65920508048686e-33
8.370431386146614e-33
4.834324990633573e-33
1.860824403827054e-33
4.773715045689708e-34
8.161859941712767e-35
9.30043651806284e-36
7.063160510291824e-37
1.0110293527604758e-37
3.90446997710122e-39
1.0049442258607397e-40
1.723865502814015e-42
1.9708172128956346e-44
1.5016574074110749e-46
7.625651030555756e-49
2.5808605508987242e-51
5.821483890197328e-54
8.751538521716976e-57
8.768325546790551e-60
5.855048149975847e-63
2.6057084676273255e-66
7.728633726785393e-70
1.527781249309914e-73
0.0
0.0
0.0
0.0
0.0
0.0
0.0
0.0
0.0
0.0
0.0
0.0
0.0
0.0
0.0
0.0
0.0
0.0
0.0
0.0
0.0
0.0
0.0
0.0
0.0
0.0
0.0
0.0
0.0
0.0
0.0
0.0
0.0
0.0
0.0
0.0
0.0
0.0
0.0
0.0
0.0
0.0
0.0
0.0
0.0
0.0
0.0
0.0
0.0
0.0
0.0
0.0
0.0
0.0
0.0
0.0
0.0
0.0
0.0
0.0
0.0
0.0
0.0
0.0
0.0
0.0
0.0
0.0
0.0
0.0
0.0
0.0
0.0
0.0
0.0
0.0
0.0
0.0
0.0
0.0
0.0
0.0
0.0
0.0
0.0
0.0
0.0
1.151998038204307e-36
4.875207541937115e-36
3.026609930781514e-35
1.2522797126278414e-34
3.453248129883644e-34
6.346521766166681e-34
7.773655862132339e-34
6.345946341106751e-34
3.452621961565631e-34
1.2519391192338716e-34
3.02551241600381e-35
4.8729978213706494e-36
5.23088344448882e-37
3.742272577289599e-38
1.7843388831587235e-39
5.670231755905254e-41
1.2008971898360241e-42
1.6950885698215233e-44
1.5946321301262095e-46
9.99793188520352e-49
4.177739775764504e-51
1.1634672007540543e-53
2.1594763513335327e-56
2.671310113485715e-59
2.2023265403711578e-62
1.210098339169905e-65
6.479589503561224e-68
1.8104603829113064e-71
0.0
0.0
0.0
0.0
0.0
0.0
0.0
0.0
0.0
0.0
0.0
0.0
0.0
0.0
0.0
0.0
0.0
0.0
0.0
0.0
0.0
0.0
0.0
0.0
0.0
0.0
0.0
0.0
0.0
0.0
0.0
0.0
0.0
0.0
0.0
0.0
0.0
0.0
0.0
0.0
0.0
0.0
0.0
0.0
0.0
0.0
0.0
0.0
0.0
0.0
0.0
0.0
0.0
0.0
0.0
0.0
0.0
0.0
0.0
0.0
0.0
0.0
0.0
0.0
0.0
0.0
0.0
0.0
0.0
0.0
0.0
0.0
0.0
0.0
0.0
0.0
0.0
0.0
0.0
0.0
0.0
0.0
0.0
0.0
0.0
0.0
0.0
0.0
0.0
0.0
0.0
0.0
0.0
0.0
0.0
0.0
0.0
0.0
0.0
0.0
0.0
0.0
0.0
0.0
0.0
0.0
0.0
0.0
0.0
0.0
0.0
0.0
0.0
0.0
0.0
0.0
0.0
0.0
0.0
0.0
0.0
0.0
0.0
0.0
0.0
0.0
0.0
0.0
0.0
0.0
0.0
0.0
0.0
0.0
0.0
0.0
0.0
0.0
0.0
0.0
0.0
0.0
0.0
0.0
0.0
0.0
0.0
0.0
0.0
0.0
0.0
0.0
0.0
0.0
0.0
0.0
0.0
0.0
0.0
0.0
0.0
0.0
0.0
0.0
0.0
0.0
0.0
0.0
0.0
0.0
0.0
0.0
0.0
0.0
0.0
0.0
0.0
0.0
0.0
0.0
0.0
0.0010423035311037418
0.007712689639990927
0.03803636886277699
0.1250183587957162
0.27386093366019115
0.3998231383422633
0.38903377846938597
0.25228315117096706
0.10903620584178386
0.03140760084619075
0.006029486723057387
0.0007714494462381024
6.578337457316134e-05
3.7385773724668724e-06
1.416048558117781e-07
3.5746330576201845e-09
6.014040338136652e-11
6.743459511840493e-13
5.039421912945481e-15
2.509922050805282e-17
8.331463503671786e-20
1.8431636910824046e-22
2.7176158392236227e-25
2.8099916597080353e-27
2.1068410408194335e-30
1.0527858926894928e-33
3.506145155027778e-37
7.782180066312841e-41
0.0
0.0
0.0
0.0
0.0
0.0
0.0
0.0
0.0
0.0
0.0
0.0
0.0
0.0
0.0
0.0
0.0
0.0
0.0
0.0
0.0
0.0
0.0
0.0
0.0
0.0
0.0
0.0
0.0
0.0
0.0
0.0
0.0
0.0
0.0
0.0
0.0
0.0
0.0
0.0
0.0
0.0
0.0
0.0
0.0
0.0
0.0
0.0
0.0
0.0
0.0
0.0
0.0
0.0
0.0
0.0
0.0
0.0
0.0
0.0
0.0
0.0
0.0
0.0
0.0
0.0
0.0
0.0
4.092427107411422e-35
2.60139378398116e-34
1.1020791644469643e-33
3.111723743549428e-33
4.961664428731503e-33
7.123906496091809e-33
6.816957413667118e-33
4.347549139747081e-33
1.8479063856324527e-33
5.234762482296626e-34
9.883153582352946e-35
1.2435855171364603e-35
1.0428871470716593e-36
5.828818372142086e-38
2.171227238442099e-39
5.390283194351244e-41
8.918656448337455e-43
9.83487479535044e-45
7.228027297593667e-47
3.540399582702232e-49
1.1557564502422714e-51
2.5145595154312442e-54
3.646188025811994e-57
3.5236904554281394e-60
2.2695407649936476e-63
9.742261301838432e-67
2.7871677485636408e-70
5.3143235307847774e-74
0.0
0.0
0.0
0.0
0.0
0.0
0.0
0.0
0.0
0.0
0.0
0.0
0.0
0.0
0.0
0.0
0.0
0.0
0.0
0.0
0.0
0.0
0.0
0.0
0.0
0.0
0.0
0.0
0.0
0.0
0.0
0.0
0.0
0.0
0.0
0.0
0.0
0.0
0.0
0.0
0.0
0.0
0.0
0.0
0.0
0.0
0.0
0.0
0.0
0.0
0.0
0.0
0.0
0.0
0.0
0.0
0.0
0.0
0.0
0.0
0.0
0.0
0.0
7.681189729382598e-69
6.70231964404786e-68
3.8976543985190007e-67
1.510647262415765e-66
3.9021535615404133e-66
6.717801895606083e-66
7.707820232389526e-66
5.894100136446376e-66
3.003896679904118e-66
1.020314409388539e-66
2.3097479873588274e-67
3.48479089108576e-68
3.504050823028438e-69
2.348256961441778e-70
1.048823449172525e-71
3.122056130536231e-73
2.3935019141794455e-74
3.623052921216463e-76
3.655081999384628e-78
2.4575429660643452e-80
1.1012518795561949e-82
3.288923364010729e-85
6.546397819937786e-88
8.684255277943356e-91
7.67793298543759e-94
4.524156308635936e-97
1.7766931731395295e-100
4.650169829160018e-104
0.0
0.0
0.0
0.0
0.0
0.0
0.0
0.0
0.0
0.0
0.0
0.0
0.0
0.0
0.0
0.0
0.0
0.0
0.0
0.0
0.0
0.0
0.0
0.0
0.0
0.0
0.0
0.0
0.0
0.0
0.0
0.0
0.0
0.0
0.0
0.0
0.0
0.0
0.0
0.0
0.0
0.0
0.0
0.0
0.0
0.0
0.0
0.0
0.0
0.0
0.0
0.0
0.0
0.0
0.0
0.0
0.0
0.0
0.0
0.0
9.846256524727602e-06
8.447424849013035e-05
0.0004830132846353094
0.0018406675777920731
0.004674909389892562
0.006946072008401109
0.008970976038815874
0.007721855321801071
0.004429810744349498
0.0016936756050884936
0.00043157555769162564
7.329342163785597e-05
8.295731771125308e-06
6.257861603016249e-07
3.1461451491178744e-08
1.0541759508168612e-09
2.3541221935512636e-11
3.503696240938367e-13
3.4754051548067057e-15
2.2975553508405298e-17
1.0122972870912722e-19
2.972567404520471e-22
5.817506775109746e-25
7.587935532007498e-28
6.596171143573549e-31
3.8215693605437206e-34
1.4756152184135355e-37
3.797397437577509e-41
0.0
0.0
0.0
0.0
0.0
0.0
0.0
0.0
0.0
0.0
0.0
0.0
0.0
0.0
0.0
0.0
0.0
0.0
0.0
0.0
0.0
0.0
0.0
0.0
0.0
0.0
0.0
0.0
0.0
0.0
0.0
0.0
0.0
0.0
0.0
0.0
0.0
0.0
0.0
0.0
0.0
0.0
0.0
0.0
0.0
0.0
0.0
0.0
0.0
0.0
0.0
0.0
0.0
0.0
0.0
0.0
0.0
0.0
0.0004096371570074809
0.0026888807138183523
0.011763194476995156
0.03429735007197754
0.06664650869537254
0.08631291602252622
0.07449990568353042
0.04285654979630229
0.016430857720087292
0.004198409666387071
0.0007149751372283751
8.114814834436608e-05
6.138296144704025e-06
3.0945578680302395e-07
1.039754784874807e-08
2.3283313997736336e-10
3.4748831944999784e-12
3.4563457069080224e-14
2.291266927739749e-16
1.0123151740148906e-18
2.9808310065800502e-21
5.84979317793613e-24
7.318860613426472e-26
7.30380572899254e-29
4.8577649625694443e-32
2.1533039219157853e-35
6.361444064946074e-39
1.2525285747768299e-42
0.0
0.0
0.0
0.0
0.0
0.0
0.0
0.0
0.0
0.0
0.0
0.0
0.0
0.0
0.0
0.0
0.0
0.0
0.0
0.0
0.0
0.0
0.0
0.0
0.0
0.0
0.0
0.0
0.0
0.0
0.0
0.0
0.0
0.0
0.0
0.0
0.0
0.0
0.0
0.0
0.0
0.0
0.0
0.0
0.0
0.0
0.0
0.0
0.0
0.0
0.0
0.0
0.0
0.0
1.1234172465367211e-35
8.978105057706219e-35
4.782002814591276e-34
1.697526332771472e-33
4.01610224366377e-33
6.332490540124238e-33
6.654660236455467e-33
4.660781808146032e-33
2.1755707223293105e-33
6.768137721855062e-34
1.4032876958246764e-34
1.939124954789828e-35
1.7858559359123347e-36
1.0961464864316283e-37
4.484069329957075e-39
1.2225245513905365e-40
2.2213879344463615e-42
1.2254713095672642e-43
1.1323287844233952e-45
6.973061491155853e-48
2.861910122413209e-50
7.828346398942565e-53
1.4271368716141066e-55
1.7339747420898224e-58
1.4041110447588682e-61
7.577774758917774e-65
2.7256085133330728e-68
6.533814646765029e-72
0.0
0.0
0.0
0.0
0.0
0.0
0.0
0.0
0.0
0.0
0.0
0.0
0.0
0.0
0.0
0.0
0.0
0.0
0.0
0.0
0.0
0.0
0.0
0.0
0.0
0.0
0.0
0.0
0.0
0.0
0.0
0.0
0.0
0.0
0.0
0.0
0.0
0.0
0.0
0.0
0.0
0.0
0.0
0.0
0.0
0.0
0.0
0.0
0.0
0.0
0.0
0.0
1.0947480977453985e-37
9.938688129388661e-37
6.013474514555643e-36
2.424953609657583e-35
6.517228424914252e-35
1.167357826708152e-34
1.3935629904916e-34
1.1087426576573132e-34
5.879175950545767e-35
2.0777041489567875e-35
4.893645487712845e-36
7.681797418820216e-37
8.036644239143895e-38
5.603613664207129e-39
7.577012557669707e-40
2.686544442116155e-41
6.348506955047472e-43
9.998404858118869e-45
1.0494732785713301e-46
7.341648710458588e-49
3.422924842256168e-51
1.0636106437581073e-53
2.20267049454422e-56
3.0401705107101086e-59
2.79658418953939e-62
1.7145075510789584e-65
7.00539220073849e-69
1.9076867137804604e-72
0.0
0.0
0.0
0.0
0.0
0.0
0.0
0.0
0.0
0.0
0.0
0.0
0.0
0.0
0.0
0.0
0.0
0.0
0.0
0.0
0.0
0.0
0.0
0.0
0.0
0.0
0.0
0.0
0.0
0.0
0.0
0.0
0.0
0.0
0.0
0.0
0.0
0.0
0.0
0.0
0.0
0.0
0.0
0.0
0.0
0.0
0.0
0.0
0.0
0.0
0.0
0.0
0.0
0.0
0.0
0.0
0.0
0.0
0.0
0.0
0.0
0.0
0.0
0.0
0.0
0.0
0.0
0.0
0.0
0.0
0.0
0.0
0.0
0.0
0.0
0.0
0.0
0.0
0.0
0.0
0.0
0.0
0.0
0.0
0.0
0.0
0.0
0.0
0.0
0.0
0.0
0.0
0.0
0.0
0.0
0.0
0.0
0.0
0.0
0.0
0.0
0.0
0.0
0.0
0.0
0.0
0.0
0.0
0.0
0.0
0.0
0.0
0.0
0.0
0.0
0.0
0.0
0.0
0.0
0.0
0.0
0.0
0.0
0.0
0.0
0.0
0.0
0.0
0.00011468134567901674
0.0007643961676828141
0.00339567228441533
0.010053437607610414
0.01983740921640254
0.026087764522784558
0.02286495375609644
0.013356274532097685
0.005199743194972286
0.001349149266017286
0.0002333026414126758
2.6888146047929285e-05
5.082638091355666e-06
2.9787425545221457e-07
1.1634783354422127e-08
3.0287622257242025e-10
5.2547687398533255e-12
6.076081399258568e-14
4.682471116930284e-16
2.4049617818012658e-18
8.232330536033502e-21
1.8781011035205908e-23
2.855595470881633e-26
2.8937162909348657e-29
1.954324885874925e-32
8.796686677288808e-36
2.6389006056145585e-39
5.276044991610266e-43
0.0
0.0
0.0
0.0
0.0
0.0
0.0
0.0
0.0
0.0
0.0
0.0
0.0
0.0
0.0
0.0
0.0
0.0
0.0
0.0
0.0
0.0
0.0
0.0
0.0
0.0
0.0
0.0
0.0
0.0
0.0
0.0
0.0
0.0
0.0
0.0
0.0
0.0
0.0
0.0
0.0
0.0
0.0
0.0
0.0
0.0
0.0
6.153726949539075e-36
4.790905985631139e-35
2.485871202466135e-34
8.596489681465821e-34
1.9812770882884893e-33
3.0433425400111013e-33
3.115573520856037e-33
2.1257232361477786e-33
9.666226863417478e-34
2.9294682521553313e-34
5.917007993632356e-35
7.965206957627494e-36
7.146172923180434e-37
4.2729865507344877e-38
1.702829161017387e-39
1.5857387573159272e-40
3.213466481553073e-42
4.3400772113695016e-44
3.90663364058747e-46
2.3436322383385628e-48
9.370392647025841e-51
2.4969374536836597e-53
4.434443095250636e-56
5.248703702451641e-59
4.14044076385185e-62
2.1768206202798397e-65
7.627465604998293e-69
1.7812276223757806e-72
0.0
0.0
0.0
0.0
0.0
0.0
0.0
0.0
0.0
0.0
0.0
0.0
0.0
0.0
0.0
0.0
0.0
0.0
0.0
0.0
0.0
0.0
0.0
0.0
0.0
0.0
0.0
0.0
0.0
0.0
0.0
0.0
0.0
0.0
0.0
0.0
0.0
0.0
0.0
0.0
0.0
0.0
0.0
0.0
0.0
0.0
2.059794610677953e-37
1.7018386455075995e-36
9.371182454126139e-36
3.439156617651227e-35
8.411841140448034e-35
1.3712344606549786e-34
1.489751817347433e-34
1.0786925442087257e-34
5.205506321338484e-35
1.6742095991298547e-35
3.5887088465342766e-36
5.126821195025156e-37
4.881346816481675e-38
3.097509929809024e-39
1.3099879405836508e-40
3.692354887873972e-42
6.936192266897581e-44
8.68401086114358e-46
3.737266271016214e-47
2.3793364437178612e-49
1.0095764701990111e-51
2.8549869781675576e-54
5.380846357656106e-57
6.758940131050811e-60
5.658328481051091e-63
3.1570340080901373e-66
1.1739562513618182e-69
2.909417947606092e-73
0.0
0.0
0.0
0.0
0.0
0.0
0.0
0.0
0.0
0.0
0.0
0.0
0.0
0.0
0.0
0.0
0.0
0.0
0.0
0.0
0.0
0.0
0.0
0.0
0.0
0.0
0.0
0.0
0.0
0.0
0.0
0.0
0.0
0.0
0.0
0.0
0.0
0.0
0.0
0.0
0.0
0.0
0.0
0.0
0.0
2.5822094755003358e-06
2.1970351975612913e-05
0.0001245845267761491
0.0004708393455938495
0.0011859405972085436
0.001990832275821745
0.0022273473935337817
0.0016608208615012591
0.000825351933115218
0.0002733613448985847
6.0341566471059564e-05
8.877232742521041e-06
8.704026017883168e-07
5.687799817193369e-08
2.4771366993548427e-09
7.190137444739672e-11
1.3909321941008474e-12
1.7933137337251418e-14
1.5409485474925664e-16
8.824732492831878e-19
3.3681894334320732e-21
8.56787293256651e-24
1.2743582916314998e-25
1.6484304841791729e-28
1.4211217087646732e-31
8.165324678477748e-35
3.1267790331712684e-38
7.979992296306223e-42
0.0
0.0
0.0
0.0
0.0
0.0
0.0
0.0
0.0
0.0
0.0
0.0
0.0
0.0
0.0
0.0
0.0
0.0
0.0
0.0
0.0
0.0
0.0
0.0
0.0
0.0
0.0
0.0
0.0
0.0
0.0
0.0
0.0
0.0
0.0
0.0
0.0
0.0
0.0
0.0
0.0
0.0
0.0
0.0
9.233062507484234e-05
0.00038232730193369415
0.002297316895745612
0.009200004704664533
0.02455481918313163
0.043678425989469076
0.051781993630898866
0.04091401523217326
0.021545024201059797
0.00756142098403138
0.0017686479633192277
0.00027571533807193346
2.8645869105342074e-05
1.983556738870199e-06
9.1539555806186e-08
2.815493452786559e-09
5.771408184765863e-11
7.8847986683113e-13
7.179281363159862e-15
4.3566521716564414e-17
1.7620018089262608e-19
4.749428567166013e-22
8.532138930382704e-25
1.0215415249926298e-27
8.151465220121824e-31
4.335077668662373e-34
1.5365250111883387e-37
6.1423655857718224e-40
0.0
0.0
0.0
0.0
0.0
0.0
0.0
0.0
0.0
0.0
0.0
0.0
0.0
0.0
0.0
0.0
0.0
0.0
0.0
0.0
0.0
0.0
0.0
0.0
0.0
0.0
0.0
0.0
0.0
0.0
0.0
0.0
0.0
0.0
0.0
0.0
0.0
0.0
0.0
0.0
0.0
0.0
0.0
2.676753668356287e-37
2.4233109168589607e-36
1.462148285102606e-35
5.879701086208694e-35
1.5757982893491129e-34
2.8146704242263756e-34
3.350703682033331e-34
3.0040641219078366e-34
1.8185290873734732e-34
7.336904289281479e-35
1.972817917386309e-35
3.535433735345761e-36
4.222600044525724e-37
3.361233957295292e-38
1.7831960155247955e-39
6.304940259437398e-41
1.485745470523216e-42
2.3334011208895303e-44
2.4423951987701032e-46
1.7038212135568816e-48
7.921613569953666e-51
2.454623190193959e-53
5.069178230011144e-56
6.97705003448164e-59
6.400113295618773e-62
3.912776439256156e-65
1.5942776420313203e-68
4.3293672221293676e-72
0.0
0.0
0.0
0.0
0.0
0.0
0.0
0.0
0.0
0.0
0.0
0.0
0.0
0.0
0.0
0.0
0.0
0.0
0.0
0.0
0.0
0.0
0.0
0.0
0.0
0.0
0.0
0.0
0.0
0.0
0.0
0.0
0.0
0.0
0.0
0.0
0.0
0.0
0.0
0.0
0.0
0.0
0.0
4.481041383509559e-38
3.5385531138007385e-37
1.8623188150309086e-36
6.532266452209411e-36
1.5270571821896585e-35
2.3791852390162726e-35
2.4704880738249205e-35
1.7096956820119007e-35
7.885630370657737e-36
2.424016466639862e-36
4.9661091816575764e-37
6.780762127064983e-38
6.170527660393827e-39
9.964427683270602e-40
4.611038347605339e-41
1.4220886054728147e-42
2.9230492140129486e-44
4.004304972288434e-46
3.6559455050572675e-48
2.224609712269613e-50
9.021723082333582e-53
2.4384098512980198e-55
4.3924362208687415e-58
5.2733399853482597e-61
4.219370173876018e-64
2.2500441149403747e-67
7.996795421017095e-71
1.8941854078869133e-74
0.0
0.0
0.0
0.0
0.0
0.0
0.0
0.0
0.0
0.0
0.0
0.0
0.0
0.0
0.0
0.0
0.0
0.0
0.0
0.0
0.0
0.0
0.0
0.0
0.0
0.0
0.0
0.0
0.0
0.0
0.0
0.0
0.0
0.0
0.0
0.0
0.0
0.0
0.0
0.0
0.0
0.0
0.0
0.0
0.0
0.0
0.0
0.0
0.0
0.0
0.0
0.0
0.0
0.0
0.0
0.0
0.0
0.0
0.0
0.0
0.0
0.0
0.0
0.0
0.0
0.0
0.0
0.0
0.0
0.0
0.0
0.0
0.0
0.0
0.0
0.0
0.0
0.0
0.0
0.0
0.0
0.0
0.0
0.0
0.0
0.0
0.0
0.0
0.0
0.0
0.0
0.0
0.0
0.0
0.0
0.0
0.0
0.0
0.0
0.0
0.0
0.0
0.0
0.0
0.0
0.0
0.0
0.0
0.0
0.0
0.0
0.0
0.0
0.0
0.0
0.0
0.0
0.0
0.0
0.0
0.0
0.0
0.0
0.0
0.0
0.0
0.0
0.0
0.0
0.0
0.0
0.0
0.0
0.0
0.0
0.0
0.0
0.0
0.0
0.0
0.0
0.0
0.0
0.0
0.0
0.0
0.0
0.0
0.0
0.0
0.0
0.0
0.0
0.0
0.0
0.0
0.0
0.0
0.0
0.0
0.0
0.0
0.0
0.0
0.0
0.0
0.0
0.0
0.0
0.0
0.0
0.0
0.0
0.0
0.0
0.0
0.0
0.0
0.0
0.0
0.0
0.0
0.0
0.0
0.0
0.0
0.0
0.0
0.0
0.0
0.0
0.0
0.0
0.0
0.0
0.0
0.0
0.0
0.0
0.0
0.0
0.0
0.0
0.0
0.0
0.0
0.0
0.0
0.0
0.0
0.0
0.0
0.0
0.0
0.0
0.0
0.0
0.0
0.0
0.0
0.0
0.0
0.0
0.0
0.0
0.0
0.0
0.0
0.0
0.0
0.0
0.0
0.0
0.0
0.0
0.0
0.0
0.0
0.0
0.0
0.0
0.0
0.0
0.0
0.0
0.0
0.0
0.0
0.0
0.0
0.0
0.0
0.0
0.0
0.0
0.0
0.0
0.0
0.0
0.0
0.0
0.0
0.0
0.0
0.0
0.0
0.0
0.0
0.0
0.0
0.0
0.0
0.0
0.0
0.0
0.0
0.0
0.0
0.0
0.0
0.0
0.0
0.0
0.0
0.0
0.0
0.0
0.0
0.0
0.0
0.0
0.0
0.0
0.0
0.0
0.0
0.0
0.0
0.0
0.0
0.0
0.0
0.0
0.0
0.0
0.0
0.0
0.0
0.0
0.0
0.0
0.0
0.0
0.0
0.0
0.0
0.0
0.0
0.0
0.0
0.0
0.0
0.0
0.0
0.0
0.0
0.0
0.0
0.0
0.0
0.0
0.0
0.0
0.0
0.0
0.0
0.0
0.0
0.0
0.0
0.0
0.0
0.0
0.0
0.0
0.0
0.0
0.0
0.0
0.0
0.0
0.0
0.0
0.0
0.0
0.0
0.0
0.0
0.0
0.0
0.0
0.0
0.0
0.0
0.0
0.0
0.0
0.0
0.0
0.0
0.0
0.0
0.0
0.0
0.0
0.0
0.0
0.0
0.0
0.0
0.0
0.0
0.0
0.0
0.0
0.0
0.0
0.0
0.0
0.0
0.0
0.0
0.0
0.0
0.0
0.0
0.0
0.0
0.0
0.0
0.0
0.0
0.0
0.0
0.0
0.0
0.0
0.0
0.0
