a = 5.423999646917008 b = 5.423999646917008 c = 5.423999646917008 ,Gaussian ,LMH = 0.08 ,DW = [1.2 1.2]
0.0
0.0
0.0
0.0
0.0
0.0
0.0
0.0
0.0
0.0
0.0
0.0
0.0
0.0
0.0
0.0
0.0
0.0
0.0
0.0
0.0
0.0
0.0
0.0
0.0
0.0
0.0
0.0
0.0
0.0
0.0
0.0
0.0
0.0
0.0
0.0
0.0
0.0
0.0
0.0
0.0
0.0
0.0
0.0
0.0
0.0
0.0
0.0
0.0
0.0
0.0
0.0
0.0
0.0
0.0
0.0
0.0
0.0
0.0
0.0
0.0
0.0
0.0
0.0
0.0
0.0
0.0
0.0
0.0
0.0
0.0
0.0
0.0
0.0
0.0
0.0
0.0
0.0
0.0
0.0
0.0
0.0
0.0
0.0
0.0
0.0
0.0
0.0
0.0
0.0
0.0
0.0
0.0
0.0
0.0
0.0
0.0
0.0
0.0
0.0
0.0
0.0
0.0
0.0
0.0
0.0
0.0
0.0
0.0
0.0
0.0
0.0
0.0
0.0
0.0
0.0
0.0
0.0
0.0
0.0
0.0
0.0
0.0
0.0
0.0
0.0
0.0
0.0
0.0
0.0
0.0
0.0
0.0
0.0
0.0
0.0
0.0
0.0
0.0
0.0
0.0
0.0
0.0
0.0
0.0
0.0
0.0
0.0
0.0
0.0
0.0
0.0
0.0
0.0
0.0
0.0
0.0
0.0
0.0
0.0
0.0
0.0
0.0
0.0
0.0
0.0
0.0
0.0
0.0
0.0
0.0
0.0
0.0
0.0
0.0
0.0
0.0
0.0
0.0
0.0
0.0
0.0
0.0
0.0
0.0
0.0
0.0
0.0
0.0
0.0
0.0
0.0
0.0
0.0
0.0
0.0
0.0
0.0
0.0
0.0
0.0
0.0
0.0
0.0
0.0
0.0
0.0
0.0
0.0
0.0
0.0
0.0
0.0
0.0
0.0
0.0
0.0
0.0
0.0
0.0
0.0
0.0
0.0
0.0
0.0
0.0
0.0
0.0
0.0
0.0
0.0
0.0
0.0
0.0
0.0
0.0
0.0
0.0
0.0
0.0
0.0
0.0
0.0
0.0
0.0
0.0
0.0
0.0
0.0
0.0
0.0
0.0
0.0
0.0
0.0
0.0
0.0
0.0
0.0
0.0
0.0
0.0
0.0
0.0
0.0
0.0
0.0
0.0
0.0
0.0
0.0
0.0
0.0
0.0
0.0
0.0
0.0
0.0
0.0
0.0
0.0
0.0
0.0
0.0
0.0
0.0
0.0
0.0
0.0
0.0
0.0
0.0
0.0
0.0
0.0
0.0
0.0
0.0
0.0
0.0
0.0
0.0
0.0
0.0
0.0
0.0
0.0
0.0
0.0
0.0
0.0
0.0
0.0
0.0
0.0
0.0
0.0
0.0
0.0
0.0
0.0
0.0
0.0
0.0
0.0
0.0
0.0
0.0
0.0
0.0
0.0
0.0
0.0
0.0
0.0
0.0
0.0
0.0
0.0
0.0
0.0
0.0
0.0
0.0
0.0
0.0
0.0
0.0
0.0
0.0
0.0
0.0
0.0
0.0
0.0
0.0
0.0
0.0
0.0
0.0
0.0
0.0
0.0
0.0
0.0
0.0
0.0
0.0
0.0
0.0
0.0
0.0
0.0
0.0
0.0
0.0
0.0
0.0
0.0
0.0
0.0
0.0
0.0
0.0
0.0
0.0
0.0
0.0
0.0
0.0
0.0
0.0
0.0
0.0
0.0
0.0
0.0
0.0
0.0
0.0
0.0
0.0
0.0
0.0
0.0
0.0
0.0
0.0
0.0
0.0
0.0
4.5170485878762974e-35
3.774189675371706e-34
2.1017169685046885e-33
7.800209856878976e-33
1.9293894161158284e-32
3.1806438695389326e-32
3.494553919321119e-32
2.55888044309869e-32
1.248791093329075e-32
4.061730818896831e-33
8.804689237207639e-34
1.2720332808467061e-34
1.2247979882484084e-35
7.859809186913108e-37
1.005567484582191e-37
3.2814163717219106e-39
7.136627144353952e-41
1.0344421841418855e-42
9.993117315358083e-45
6.433944308547191e-47
2.7608013399037427e-49
7.895407774093707e-52
1.504857998655829e-54
1.9116044165240213e-57
1.6183858688124092e-60
9.131616797212039e-64
3.4339567982491846e-67
8.606439578051482e-71
0.0
0.0
0.0
0.0
0.0
0.0
0.0
0.0
0.0
0.0
0.0
0.0
0.0
0.0
0.0
0.0
0.0
0.0
0.0
0.0
0.0
0.0
0.0
0.0
0.0
0.0
0.0
0.0
0.0
0.0
0.0
0.0
0.0
0.0
0.0
0.0
0.0
0.0
0.0
0.0
0.0
0.0
0.0
0.0
0.0
0.0
0.0
0.0
0.0
0.0
0.0
0.0
0.0
0.0
0.0
0.0
0.0
0.0
0.0
0.0
0.0
0.0
0.0
0.0
0.0
0.0
0.0
0.0
0.0
0.0
0.0
0.0
0.0
0.0
0.0
0.0
0.0
0.0
0.0
0.0
0.0
0.0
0.0
0.0
0.0
0.0
0.0
0.0
0.0
0.0
0.0
0.0
0.0
0.0
0.0
0.0
0.0
0.0
0.0
0.0
0.0
0.0
0.0
0.0
0.0
0.0
0.0
0.0
0.0
0.0
0.0
0.0
0.0
0.0
0.0
0.0
0.0
0.0
0.0
0.0
0.0
0.0
0.0
0.0
0.0
0.0
0.0
0.0
0.0
0.0
0.0
0.0
0.0
0.0
0.0
0.0
0.0
0.0
0.0
0.0
0.0
0.0
0.0
0.0
0.0
0.0
0.0
0.0
0.0
0.0
0.0
0.0
0.0
0.0
0.0
0.0
0.0
0.0
0.0
0.0
0.0
0.0
0.0
0.0
0.0
0.0
0.0
0.0
0.0
0.0
0.0
0.0
0.0
0.0
0.0
0.0
0.0
0.0
0.0
0.0
0.0
0.0
0.0
0.0
0.0
0.0
0.0
0.0
0.0
0.0
0.0
0.0
0.0
0.0
0.0
0.0
0.0
0.0
0.0
0.0
0.0
0.0
0.0
0.0
0.0
0.0
0.0
0.0
0.0
0.0
0.0
0.0
0.0
0.0
0.0
0.0
0.0
0.0
0.0
0.0
0.0
0.0
0.0
0.0
0.0
0.0
0.0
0.0
0.0
0.0
0.0
0.0
0.0
0.0
0.0
0.0
0.0
0.0
0.0
0.0
0.0
0.0
0.0
0.0
0.0
0.0
0.0
0.0
0.0
0.0
0.0
0.0
0.0
0.0
0.0
0.0
0.0
0.0
0.0
0.0
0.0
0.0
0.0
0.0
0.0
0.0
0.0
0.0
0.0
0.0
0.0
0.0
0.0
0.0
0.0
0.0
0.0
0.0
0.0
0.0
0.0
0.0
0.0
0.0
0.0
0.0
0.0
0.0
0.0
0.0
0.0
0.0
0.0
0.0
0.0
0.0
0.0
0.0
0.0
0.0
0.0
0.0
0.0
0.0
0.0
0.0
0.0
0.0
0.0
0.0
0.0
0.0
0.0
0.0
0.0
0.0
0.0
0.0
0.0
0.0
0.0
0.0
0.0
0.0
0.0
0.0
0.0
0.0
0.0
0.0
0.0
0.0
0.0
0.0
0.0
0.0
0.0
0.0
0.0
0.0
0.0
0.0
0.0
0.0
0.0
0.0
0.0
0.0
0.0
0.0
0.0
0.0
0.0
0.0
0.0
0.0
0.0
0.0
0.0
0.0
0.0
0.0
0.0
0.0
0.0
0.0
0.0
0.0
0.0
0.0
0.0
0.0
0.0
0.0
0.0
0.0
0.0
0.0
0.0
0.0
0.0
0.0
0.0
0.00024049362707420025
0.0017618212452731575
0.008602044031680833
0.027991297366531633
0.06070520680318599
0.08774258115997549
0.08452329469553385
0.05426552098712017
0.02321951181698237
0.006621612171290538
0.0012585078955622158
0.00015941518841812888
1.3458138619966031e-05
7.572195984489704e-07
8.874569027740299e-08
2.5391403133011954e-09
4.841809273118814e-11
6.153329950269056e-13
5.211878426702889e-15
2.9421167221530355e-17
1.1068966379424817e-19
2.7754652006200126e-22
4.638163487274376e-25
5.165803321356483e-28
3.8345219648432278e-31
1.8969948011648163e-34
6.254644058018323e-38
1.3744236100978121e-41
0.0
0.0
0.0
0.0
0.0
0.0
0.0
0.0
0.0
0.0
0.0
0.0
0.0
0.0
0.0
0.0
0.0
0.0
0.0
0.0
0.0
0.0
0.0
0.0
0.0
0.0
0.0
0.0
0.0
0.0
0.0
0.0
0.0
0.0
0.0
0.0
0.0
0.0
0.0
0.0
0.0
0.0
0.0
0.0
0.0
0.0
0.0
0.0
0.0
0.0
0.0
0.0
0.0
0.0
0.0
0.0
0.0
0.0
0.0
0.0
0.0
0.0
0.0
0.0
0.0
0.0
0.0
0.0
0.0
0.0
0.0
0.0
0.0
0.0
0.0
0.0
0.0
0.0
0.0
0.0
0.0
0.0
0.0
0.0
0.0
0.0
0.0
0.0
0.0
0.0
0.0
0.0
0.0
0.0
0.0
0.0
0.0
0.0
0.0
0.0
0.0
0.0
0.0
0.0
0.0
0.0
0.0
0.0
0.0
0.0
0.0
0.0
0.0
0.0
0.0
0.0
0.0
0.0
0.0
0.0
0.0
0.0
0.0
0.0
0.0
0.0034897286888792077
0.024359604600163245
0.11332620710873093
0.35137594040699405
0.7260979930789809
1.0
0.917880855632937
0.5615057032966388
0.22893045951599758
0.06220632376185084
0.011265411002156103
0.0013596937263457274
0.00010937465462686542
5.863728368008673e-06
2.0951375527694334e-07
1.8141472415390048e-08
3.2962019382038025e-10
3.991504619648154e-12
3.22137296997142e-14
1.7327141916992766e-16
6.211470155237012e-19
1.4840325323068971e-21
2.3630558613369337e-24
2.5077607640148562e-27
1.7736983677188862e-30
8.360937513664406e-34
2.6267076397765367e-37
5.499839869133179e-41
0.0
0.0
0.0
0.0
0.0
0.0
0.0
0.0
0.0
0.0
0.0
0.0
0.0
0.0
0.0
0.0
0.0
0.0
0.0
0.0
0.0
0.0
0.0
0.0
0.0
0.0
0.0
0.0
0.0
0.0
0.0
0.0
0.0
0.0
0.0
0.0
0.0
0.0
0.0
0.0
0.0
0.0
0.0
0.0
0.0
0.0
0.0
0.0
0.0
0.0
0.0
0.0
0.0
0.0
0.0
0.0
0.0
0.0
0.0
0.0
0.0
0.0
0.0
0.0
0.0
0.0
0.0
0.0
0.0
0.0
0.0
0.0
0.0
0.0
0.0
0.0
0.0
0.0
0.0
0.0
0.0
0.0
0.0
0.0
0.0
0.0
0.0
0.0
0.0
0.0
0.0
0.0
0.0
0.0
0.0
0.0
0.0
0.0
0.0
0.0
0.0
0.0
0.0
0.0
0.0
0.0
0.0
0.0
2.8366810506867004e-35
2.035401946967561e-34
9.73355331053697e-34
3.102231378030993e-33
6.589591744553997e-33
9.328769870739556e-33
8.801806134091894e-33
5.534785135165136e-33
3.2425568875829316e-33
1.0368576866176885e-33
2.20969456404633e-34
3.138534386022442e-35
2.971002951478292e-36
1.8743937328511788e-37
7.88134088250253e-39
2.208619735617004e-40
4.1249941161069495e-42
5.134607684288552e-44
4.259638538737914e-46
2.3551565312014013e-48
8.678573673551148e-51
2.131368192891431e-53
3.488591789491466e-56
3.8056020861275363e-59
2.766802419704961e-62
1.340647076112423e-65
4.329446048714255e-69
9.31819397801386e-73
0.0
0.0
0.0
0.0
0.0
0.0
0.0
0.0
0.0
0.0
0.0
0.0
0.0
0.0
0.0
0.0
0.0
0.0
0.0
0.0
0.0
0.0
0.0
0.0
0.0
0.0
0.0
0.0
0.0
0.0
0.0
0.0
0.0
0.0
0.0
0.0
0.0
0.0
0.0
0.0
0.0
0.0
0.0
0.0
0.0
0.0
0.0
0.0
0.0
0.0
0.0
0.0
0.0
0.0
0.0
0.0
0.0
0.0
0.0
0.0
0.0
0.0
0.0
0.0
0.0
0.0
0.0
0.0
0.0
0.0
0.0
0.0
0.0
0.0
0.0
0.0
0.0
0.0
0.0
0.0
0.0
0.0
0.0
0.0
0.0
0.0
0.0
0.0
0.0
0.0
0.0
0.0
0.0
0.0
0.0
0.0
6.151986586748076e-37
5.517237673379937e-36
3.297687927709011e-35
1.3136478637117704e-34
3.487626120236257e-34
6.1710977760178585e-34
7.277403940617669e-34
5.719684635370283e-34
2.9960512243617785e-34
1.0459427959263989e-34
2.4335943019985287e-35
3.773722618656015e-36
3.900078227100718e-37
6.855562171468037e-38
3.602873361560885e-39
1.2619334983904406e-40
2.9458151332448694e-42
4.5830654249889775e-44
4.752128474027285e-46
3.2839900892427395e-48
1.5125058061064206e-50
4.64273409993244e-53
9.497999018969362e-56
1.2950065875597692e-58
1.1767748634847378e-61
7.126828969778379e-65
2.876609023911344e-68
7.738323626322229e-72
0.0
0.0
0.0
0.0
0.0
0.0
0.0
0.0
0.0
0.0
0.0
0.0
0.0
0.0
0.0
0.0
0.0
0.0
0.0
0.0
0.0
0.0
0.0
0.0
0.0
0.0
0.0
0.0
0.0
0.0
0.0
0.0
0.0
0.0
0.0
0.0
0.0
0.0
0.0
0.0
0.0
0.0
0.0
0.0
0.0
0.0
0.0
0.0
0.0
0.0
0.0
0.0
0.0
0.0
0.0
0.0
0.0
0.0
0.0
0.0
0.0
0.0
0.0
0.0
0.0
0.0
0.0
0.0
0.0
0.0
0.0
0.0
0.0
0.0
0.0
0.0
0.0
0.0
0.0
0.0
0.0
0.0
0.0
0.0
0.0
0.0
0.0
0.0
0.0
0.0
0.0
0.0
0.0
0.0
0.0
0.0
0.0
0.0
0.0
0.0
0.0
0.0
0.0
0.0
0.0
0.0
0.0
0.0
0.0
0.0
0.0
0.0
0.0
0.0
0.0
0.0
0.0
0.0
0.0
0.0
0.0
0.0
0.0
0.0
0.0
0.0
0.0
0.0
0.0
0.0
0.0
0.0
0.0
0.0
0.0
0.0
0.0
0.0
0.0
0.0
0.0
0.0
0.0
0.0
0.0
0.0
0.0
0.0
0.0
0.0
0.0
0.0
0.0
0.0
0.0
0.0
0.0
0.0
0.0
0.0
0.0
0.0
0.0
0.0
0.0
0.0
0.0
0.0
0.0
0.0
0.0
0.0
0.0
0.0
0.0
0.0
0.0
0.0
0.0
0.0
0.0
0.0
0.0
0.0
0.0
0.0
0.0
0.0
0.0
0.0
0.0
0.0
0.0
0.0
0.0
0.0
0.0
0.00037815120831533776
0.0033473644377611843
0.019747951481375148
0.07764663751444555
0.2034720700115339
0.3553599675805325
0.41363163624357646
0.320878443675229
0.1659009547373628
0.05716612785576711
0.013128352086462817
0.0020093852167788985
0.0002049735101015074
1.3935219762142841e-05
6.314099973429578e-07
1.9067362973962632e-08
3.837526277555742e-10
5.147467802914122e-12
4.601691113452236e-14
1.5821010060240432e-15
7.192181054051815e-18
2.179056870205844e-20
4.4000546056084425e-23
5.921464306213165e-26
5.311066184823789e-29
3.1747962555946287e-32
1.2648282398519608e-35
3.358371964917773e-39
0.0
0.0
0.0
0.0
0.0
0.0
0.0
0.0
0.0
0.0
0.0
0.0
0.0
0.0
0.0
0.0
0.0
0.0
0.0
0.0
0.0
0.0
0.0
0.0
0.0
0.0
0.0
0.0
0.0
0.0
0.0
0.0
0.0
0.0
0.0
0.0
0.0
0.0
0.0
0.0
0.0
0.0
0.0
0.0
0.0
0.0
0.0
0.0
0.0
0.0
0.0
0.0
0.0
0.0
0.0
0.0
0.0
0.0
0.0
0.0
0.0
0.0
0.0
0.0
0.0
0.0
0.0
0.0
0.0
0.0
0.0
0.0
0.0
0.0
0.0
0.0
1.4345098370683386e-35
1.1123752334296874e-34
5.748845528073666e-34
1.980120025012217e-33
4.545523847411536e-33
6.954371927182628e-33
7.091097137691502e-33
4.8189287368229574e-33
2.1825747240545062e-33
6.588238112947621e-34
1.3254123134294967e-34
1.7771098049894498e-35
1.5880313556153644e-36
9.457697773281356e-38
3.7539919619860813e-39
9.930767018234577e-41
1.7508695757863167e-42
2.057341314274059e-44
8.487417678509358e-46
5.0714331659976497e-48
2.0196094130687465e-50
5.360257017967474e-53
9.481682097699083e-56
1.1178067155861643e-58
8.782731114338767e-62
4.599112229739846e-65
1.605092170893609e-68
3.7334255341364456e-72
0.0
0.0
0.0
0.0
0.0
0.0
0.0
0.0
0.0
0.0
0.0
0.0
0.0
0.0
0.0
0.0
0.0
0.0
0.0
0.0
0.0
0.0
0.0
0.0
0.0
0.0
0.0
0.0
0.0
0.0
0.0
0.0
0.0
0.0
0.0
0.0
0.0
0.0
0.0
0.0
0.0
0.0
0.0
0.0
0.0
0.0
0.0
0.0
0.0
0.0
0.0
0.0
0.0
0.0
0.0
0.0
0.0
0.0
0.0
0.0
0.0
0.0
0.0
0.0
0.0
0.0
0.0
0.0
0.0
0.0
0.0
1.733866741853657e-69
1.5385483066150921e-68
9.098883512705971e-68
3.5863000457847746e-67
9.420776195866728e-67
1.649332814753543e-66
1.9244713982650668e-66
1.4965670199318187e-66
7.75643983317087e-67
2.6792314582013397e-67
6.167932152892705e-68
9.463471750310903e-69
9.677049006865365e-70
6.595032483787423e-71
2.9955218085470727e-72
9.067959686725268e-74
1.829482349565512e-75
2.459962094950264e-77
2.204500261725234e-79
1.3166593951505977e-81
5.241049703277113e-84
1.3904156981440292e-86
2.1268153131577357e-88
2.8691862638596063e-91
2.5797003084216256e-94
1.5458285226977737e-97
6.173549367052897e-101
1.643198699417277e-104
0.0
0.0
0.0
0.0
0.0
0.0
0.0
0.0
0.0
0.0
0.0
0.0
0.0
0.0
0.0
0.0
0.0
0.0
0.0
0.0
0.0
0.0
0.0
0.0
0.0
0.0
0.0
0.0
0.0
0.0
0.0
0.0
0.0
0.0
0.0
0.0
0.0
0.0
0.0
0.0
0.0
0.0
0.0
0.0
0.0
0.0
0.0
0.0
0.0
0.0
0.0
0.0
0.0
0.0
0.0
0.0
0.0
0.0
0.0
0.0
0.0
0.0
0.0
0.0
0.0
0.0
0.0
0.0
3.337556087928939e-05
0.0002319240651090093
0.00107409972314685
0.0023820159110496996
0.005609782566145453
0.00880499161967265
0.009210716467497914
0.006421543496008051
0.0029837813265007978
0.0009240087906551831
0.00019070705623916244
2.6232457026181865e-05
2.404876208718001e-06
1.4693593807826013e-07
5.983356534039772e-09
1.6238401774002904e-10
2.9371304193378912e-12
3.540664103844589e-14
2.8446430156550133e-16
1.5231839897206775e-18
5.4357378968059216e-21
1.2928442168432019e-23
2.0493466908618606e-26
2.1650414767296232e-29
1.5243986478385193e-32
7.153398794530108e-36
2.2372157478462116e-39
4.663208633512744e-43
0.0
0.0
0.0
0.0
0.0
0.0
0.0
0.0
0.0
0.0
0.0
0.0
0.0
0.0
0.0
0.0
0.0
0.0
0.0
0.0
0.0
0.0
0.0
0.0
0.0
0.0
0.0
0.0
0.0
0.0
0.0
0.0
0.0
0.0
0.0
0.0
0.0
0.0
0.0
0.0
0.0
0.0
0.0
0.0
0.0
0.0
0.0
0.0
0.0
0.0
0.0
0.0
0.0
0.0
0.0
0.0
0.0
0.0
0.0
0.0
0.0
0.0
0.0
0.0
6.218923160505361e-05
0.0005760361751657936
0.0035560337442580837
0.01463064717025031
0.04011832099059978
0.07331680126151784
0.08929883992806124
0.07248859353746809
0.039217064094475104
0.014140410936084102
0.003398055999156606
0.0005442276224837975
5.80914448129489e-05
4.1326185769694475e-06
5.663283213992534e-07
2.0487266015172596e-08
4.93948055997312e-10
7.937068030103336e-12
8.500030286001863e-14
6.06683790742855e-16
2.8859304363456756e-18
9.149363313937657e-21
1.93320289384144e-23
2.722359955587651e-26
2.555025314856443e-29
1.5981826629428482e-32
6.662529899675377e-36
1.851115320162544e-39
0.0
0.0
0.0
0.0
0.0
0.0
0.0
0.0
0.0
0.0
0.0
0.0
0.0
0.0
0.0
0.0
0.0
0.0
0.0
0.0
0.0
0.0
0.0
0.0
0.0
0.0
0.0
0.0
0.0
0.0
0.0
0.0
0.0
0.0
0.0
0.0
0.0
0.0
0.0
0.0
0.0
0.0
0.0
0.0
0.0
0.0
0.0
0.0
0.0
0.0
0.0
0.0
0.0
0.0
0.0
0.0
0.0
0.0
0.0
0.0
0.0
0.0
7.687611116967022e-36
3.375918739036337e-35
2.215359141576001e-34
9.688975265254203e-34
2.8241847328239342e-33
5.4864307627777656e-33
7.103432419317439e-33
6.129543780271326e-33
3.525085034866933e-33
1.3511158618267424e-33
3.451414628007951e-34
5.876019474847717e-35
6.667313337883823e-36
5.041967630982754e-37
2.541152851553319e-38
8.535777239955704e-40
1.910895354818913e-41
2.851098915577129e-43
2.8351054269454344e-45
1.8789174069698358e-47
8.299037264648317e-50
2.443032742738135e-52
4.7930549588983894e-55
6.267250853323255e-58
5.461642831226785e-61
3.1721306147362125e-64
1.762532357123494e-66
5.2055598574729513e-70
0.0
0.0
0.0
0.0
0.0
0.0
0.0
0.0
0.0
0.0
0.0
0.0
0.0
0.0
0.0
0.0
0.0
0.0
0.0
0.0
0.0
0.0
0.0
0.0
0.0
0.0
0.0
0.0
0.0
0.0
0.0
0.0
0.0
0.0
0.0
0.0
0.0
0.0
0.0
0.0
0.0
0.0
0.0
0.0
0.0
0.0
0.0
0.0
0.0
0.0
0.0
0.0
0.0
0.0
0.0
0.0
0.0
0.0
0.0
0.0
1.836696883000319e-37
1.5633129567859712e-36
8.868208881432423e-36
3.35279846254945e-35
8.448128899993138e-35
1.4187150072873547e-34
1.5878568323356626e-34
1.1844291018114477e-34
5.888278534113649e-35
1.950963611511258e-35
4.3081571944323296e-36
6.340382543086366e-37
6.219005344310438e-38
4.065443658154372e-39
1.7712363301424926e-40
1.7504770242883417e-41
3.878176407149193e-43
5.726381175120336e-45
5.635266961874905e-47
3.695985720165691e-49
1.615576854060269e-51
4.7065915268307693e-54
9.138332226832937e-57
1.182521172693318e-59
1.0198409728177865e-62
5.86188825075235e-66
2.2455574060866994e-69
5.733137228863755e-73
0.0
0.0
0.0
0.0
0.0
0.0
0.0
0.0
0.0
0.0
0.0
0.0
0.0
0.0
0.0
0.0
0.0
0.0
0.0
0.0
0.0
0.0
0.0
0.0
0.0
0.0
0.0
0.0
0.0
0.0
0.0
0.0
0.0
0.0
0.0
0.0
0.0
0.0
0.0
0.0
0.0
0.0
0.0
0.0
0.0
0.0
0.0
0.0
0.0
0.0
0.0
0.0
0.0
0.0
0.0
0.0
0.0
0.0
0.0
0.0
0.0
0.0
0.0
0.0
0.0
0.0
0.0
0.0
0.0
0.0
0.0
0.0
0.0
0.0
0.0
0.0
0.0
0.0
0.0
0.0
0.0
0.0
0.0
0.0
0.0
0.0
0.0
0.0
0.0
0.0
0.0
0.0
0.0
0.0
0.0
0.0
0.0
0.0
0.0
0.0
0.0
0.0
0.0
0.0
0.0
0.0
0.0
0.0
0.0
0.0
0.0
0.0
0.0
0.0
0.0
0.0
0.0
0.0
0.0
0.0
0.0
0.0
0.0
0.0
0.0
0.0
0.0
0.0
0.0
0.0
0.0
0.0
0.0
0.0
0.0
0.0
0.0
0.0
0.0
0.0
0.0
0.0
0.0
0.00014674778631804176
0.000946597187675068
0.004069493969368117
0.011659962583879649
0.022265653823043522
0.02833709306595208
0.024035695234007493
0.013587502248645805
0.005119223814375506
0.001285435098920863
0.00021511848917505082
2.399312806868929e-05
1.7835182326756678e-06
8.835879467026332e-08
2.9174509324946616e-09
6.420057036155504e-11
9.415768243942472e-13
9.203524709223203e-15
5.995620737181936e-17
2.603128887333267e-19
7.532493028885433e-22
1.4526579104498015e-24
1.8671083300984832e-27
1.5994005016926942e-30
1.1514627567604713e-32
5.015799724439843e-36
1.4561698244100777e-39
2.8175096692751214e-43
0.0
0.0
0.0
0.0
0.0
0.0
0.0
0.0
0.0
0.0
0.0
0.0
0.0
0.0
0.0
0.0
0.0
0.0
0.0
0.0
0.0
0.0
0.0
0.0
0.0
0.0
0.0
0.0
0.0
0.0
0.0
0.0
0.0
0.0
0.0
0.0
0.0
0.0
0.0
0.0
0.0
0.0
0.0
0.0
0.0
0.0
0.0
0.0
0.0
0.0
0.0
0.0
0.0
0.0
2.7412613415097982e-36
2.4966711622441905e-35
1.5154925181853872e-34
6.130950313074821e-34
1.653039930923239e-33
2.970437649163837e-33
3.557452296883062e-33
2.8394830319995025e-33
1.5105010051121669e-33
5.35530620095686e-34
1.2654038304502816e-34
1.9927624454693972e-35
2.0915269437511138e-36
1.463029035965285e-37
6.820621903122354e-39
2.1192224864230323e-40
4.3884452024965214e-42
6.056564606638094e-44
5.570877093024349e-46
3.415091529136754e-48
9.130384252586234e-50
2.8462327164883028e-52
5.9133462007185554e-55
8.187998480028825e-58
7.556205301081153e-61
4.647413263211216e-64
1.9050237097061575e-67
5.204404282424878e-71
0.0
0.0
0.0
0.0
0.0
0.0
0.0
0.0
0.0
0.0
0.0
0.0
0.0
0.0
0.0
0.0
0.0
0.0
0.0
0.0
0.0
0.0
0.0
0.0
0.0
0.0
0.0
0.0
0.0
0.0
0.0
0.0
0.0
0.0
0.0
0.0
0.0
0.0
0.0
0.0
0.0
0.0
0.0
0.0
0.0
0.0
0.0
0.0
0.0
0.0
0.0
0.0
0.0
0.0
2.973451524864435e-37
2.4060667363218423e-36
1.2975856187426748e-35
4.663864521037292e-35
1.1172165927311743e-34
1.7836530312226557e-34
1.897863281639545e-34
1.3458635117324835e-34
6.360901384432443e-35
2.0036315166563324e-35
4.2062840232104455e-36
5.885195343208505e-37
5.487881424041284e-38
3.4105946278006774e-39
1.4126580102722e-40
1.3498199782718941e-41
2.843055677153837e-43
3.990951279749818e-45
3.7337826693557984e-47
2.328108375405116e-49
9.674731011299887e-52
2.679514756496976e-54
4.946009604183512e-57
6.084645851141954e-60
4.988812760605336e-63
2.7260928968186984e-66
9.928088643936611e-70
2.409751111848089e-73
0.0
0.0
0.0
0.0
0.0
0.0
0.0
0.0
0.0
0.0
0.0
0.0
0.0
0.0
0.0
0.0
0.0
0.0
0.0
0.0
0.0
0.0
0.0
0.0
0.0
0.0
0.0
0.0
0.0
0.0
0.0
0.0
0.0
0.0
0.0
0.0
0.0
0.0
0.0
0.0
0.0
0.0
0.0
0.0
0.0
0.0
0.0
0.0
0.0
0.0
0.0
0.0
0.0
7.903145902944522e-06
5.78320549181397e-05
0.0002820452543850212
0.0009167491535635072
0.001985929315225047
0.0028672040662852992
0.002758893711748548
0.0017692649862637458
0.0007561924634925189
0.00021540379709170815
4.089365350394057e-05
1.0781813411736825e-05
1.0408710994835118e-06
6.69705147273716e-08
2.8717846627065712e-09
8.207325444171162e-11
1.5632663731425778e-12
1.9844760662169688e-14
1.6789597818469957e-16
9.46708483547398e-19
3.557736610674689e-21
8.910721394167357e-24
1.4874195502699323e-26
1.654762437502928e-29
1.226928827918629e-32
6.062959060355792e-36
1.9967856587507606e-39
4.3828823211723035e-43
0.0
0.0
0.0
0.0
0.0
0.0
0.0
0.0
0.0
0.0
0.0
0.0
0.0
0.0
0.0
0.0
0.0
0.0
0.0
0.0
0.0
0.0
0.0
0.0
0.0
0.0
0.0
0.0
0.0
0.0
0.0
0.0
0.0
0.0
0.0
0.0
0.0
0.0
0.0
0.0
0.0
0.0
0.0
0.0
0.0
0.0
0.0
0.0
0.0
0.0
0.0
0.0
0.00017369433710998916
0.0012524328945331179
0.006018729425851009
0.019276879045761103
0.04114813661092368
0.05853898282553696
0.05550367236428473
0.03507355714743284
0.020615129676939015
0.0066244030210517585
0.0014186947783748037
0.00020249427174493905
1.9262739979446204e-05
1.2212509950687298e-06
5.1602809471538726e-08
1.453193048621676e-09
2.7274376080477506e-11
3.4116768269313984e-13
2.844215474033818e-15
1.5802967695233147e-17
5.851892748533955e-20
1.444227504835654e-22
2.3755075426976637e-25
2.604106633915233e-28
1.9025788398189715e-31
9.264203980532633e-35
3.0064577399489396e-38
6.502549195080796e-42
0.0
0.0
0.0
0.0
0.0
0.0
0.0
0.0
0.0
0.0
0.0
0.0
0.0
0.0
0.0
0.0
0.0
0.0
0.0
0.0
0.0
0.0
0.0
0.0
0.0
0.0
0.0
0.0
0.0
0.0
0.0
0.0
0.0
0.0
0.0
0.0
0.0
0.0
0.0
0.0
0.0
0.0
0.0
0.0
0.0
0.0
0.0
0.0
0.0
0.0
0.0
0.0
0.0
0.0
0.0
0.0
0.0
0.0
0.0
0.0
0.0
0.0
0.0
0.0
0.0
0.0
0.0
0.0
0.0
0.0
0.0
0.0
0.0
0.0
0.0
0.0
0.0
0.0
0.0
0.0
0.0
0.0
0.0
0.0
0.0
0.0
0.0
0.0
0.0
0.0
0.0
0.0
0.0
0.0
0.0
0.0
0.0
0.0
0.0
0.0
0.0
0.0
0.0
0.0
0.0
0.0
0.0
0.0
0.0
0.0
0.0
0.0
0.0
0.0
0.0
0.0
0.0
0.0
0.0
0.0
0.0
0.0
0.0
0.0
0.0
0.0
0.0
0.0
0.0
0.0
0.0
0.0
0.0
0.0
0.0
0.0
0.0
0.0
0.0
0.0
0.0
0.0
0.0
0.0
0.0
0.0
0.0
0.0
0.0
0.0
0.0
0.0
0.0
0.0
0.0
0.0
0.0
0.0
0.0
0.0
0.0
0.0
0.0
0.0
0.0
0.0
0.0
0.0
0.0
0.0
0.0
0.0
0.0
0.0
0.0
0.0
0.0
0.0
0.0
0.0
0.0
0.0
0.0
0.0
0.0
0.0
0.0
0.0
0.0
0.0
0.0
0.0
0.0
0.0
0.0
0.0
0.0
0.0
0.0
0.0
0.0
0.0
0.0
0.0
0.0
0.0
0.0
0.0
0.0
0.0
0.0
0.0
0.0
0.0
0.0
0.0
0.0
0.0
0.0
0.0
0.0
0.0
0.0
0.0
0.0
0.0
0.0
0.0
0.0
0.0
0.0
0.0
0.0
0.0
0.0
0.0
0.0
0.0
0.0
0.0
0.0
0.0
0.0
0.0
0.0
0.0
0.0
0.0
0.0
0.0
0.0
0.0
0.0
0.0
0.0
0.0
0.0
0.0
0.0
0.0
0.0
0.0
0.0
0.0
0.0
0.0
0.0
0.0
0.0
0.0
0.0
0.0
0.0
0.0
0.0
0.0
0.0
0.0
0.0
0.0
0.0
0.0
0.0
0.0
0.0
0.0
0.0
0.0
0.0
0.0
0.0
0.0
0.0
0.0
0.0
0.0
0.0
0.0
0.0
0.0
0.0
0.0
0.0
0.0
0.0
0.0
0.0
0.0
0.0
0.0
0.0
0.0
0.0
0.0
0.0
0.0
0.0
0.0
0.0
0.0
0.0
0.0
0.0
0.0
0.0
0.0
0.0
0.0
0.0
0.0
0.0
0.0
0.0
0.0
0.0
0.0
0.0
0.0
0.0
0.0
0.0
0.0
0.0
0.0
0.0
0.0
0.0
0.0
0.0
0.0
0.0
0.0
