a = 5.763944637887216 b = 5.763944637887216 c = 5.763944637887216 ,Gaussian ,LMH = 0.08 ,DW = [0.6 0.6]
0.0
0.0
0.0
0.0
0.0
0.0
0.0
0.0
0.0
0.0
0.0
0.0
0.0
0.0
0.0
0.0
0.0
0.0
0.0
0.0
0.0
0.0
0.0
0.0
0.0
0.0
0.0
0.0
0.0
0.0
0.0
0.0
0.0
0.0
0.0
0.0
0.0
0.0
0.0
0.0
0.0
0.0
0.0
0.0
0.0
0.0
0.0
0.0
0.0
0.0
0.0
0.0
0.0
0.0
0.0
0.0
0.0
0.0
0.0
0.0
0.0
0.0
0.0
0.0
0.0
0.0
0.0
0.0
0.0
0.0
0.0
0.0
0.0
0.0
0.0
0.0
0.0
0.0
0.0
0.0
0.0
0.0
0.0
0.0
0.0
0.0
0.0
0.0
0.0
0.0
0.0
0.0
0.0
0.0
0.0
0.0
0.0
0.0
0.0
0.0
0.0
0.0
0.0
0.0
0.0
0.0
0.0
0.0
0.0
0.0
0.0
0.0
0.0
0.0
0.0
0.0
0.0
0.0
0.0
0.0
0.0
0.0
0.0
0.0
0.0
0.0
0.0
0.0
0.0
0.0
0.0
0.0
0.0
0.0
0.0
0.0
0.0
0.0
0.0
0.0
0.0
0.0
0.0
0.0
0.0
0.0
0.0
0.0
0.0
0.0
0.0
0.0
0.0
0.0
0.0
0.0
0.0
0.0
0.0
0.0
0.0
0.0
0.0
0.0
0.0
0.0
0.0
0.0
0.0
0.0
0.0
0.0
0.0
0.0
0.0
0.0
0.0
0.0
0.0
0.0
0.0
0.0
0.0
0.0
0.0
0.0
0.0
0.0
0.0
0.0
0.0
0.0
0.0
0.0
0.0
0.0
0.0
0.0
0.0
0.0
0.0
0.0
0.0
0.0
0.0
0.0
0.0
0.0
0.0
0.0
0.0
0.0
0.0
0.0
0.0
0.0
0.0
0.0
0.0
0.0
0.0
0.0
0.0
0.0
0.0
0.0
0.0
0.0
0.0
0.0
0.0
0.0
0.0
0.0
0.0
0.0
0.0
0.0
0.0
0.0
0.0
0.0
0.0
0.0
0.0
0.0
0.0
0.0
0.0
0.0
0.0
0.0
0.0
0.0
0.0
0.0
0.0
0.0
0.0
0.0
0.0
0.0
0.0
0.0
0.0
0.0
0.0
0.0
0.0
0.0
0.0
0.0
0.0
0.0
0.0
0.0
0.0
0.0
0.0
0.0
0.0
0.0
0.0
0.0
0.0
0.0
0.0
0.0
0.0
0.0
0.0
0.0
0.0
0.0
0.0
0.0
0.0
0.0
0.0
0.0
0.0
0.0
0.0
0.0
0.0
0.0
0.0
0.0
0.0
0.0
0.0
0.0
0.0
0.0
0.0
0.0
0.0
0.0
0.0
0.0
0.0
0.0
0.0
0.0
0.0
0.0
0.0
0.0
0.0
0.0
0.0
0.0
0.0
0.0
0.0
0.0
0.0
0.0
0.0
0.0
0.0
0.0
0.0
0.0
0.0
0.0
0.0
0.0
0.0
0.0
0.0
0.0
0.0
0.0
0.0
0.0
0.0
0.0
0.0
0.0
0.0
0.0
0.0
0.0
0.0
0.0
0.0
0.0
0.0
0.0
0.0
0.0
0.0
0.0
0.0
0.0
0.0
0.0
0.0
1.5831915450711407e-34
1.0117231766442653e-33
4.308950293320643e-33
1.2231023981356849e-32
2.313852652360844e-32
2.9173607062924643e-32
2.4514673147749893e-32
1.3729149475866641e-32
5.1243962868305554e-33
1.2747450388466141e-33
2.1134184827963598e-34
2.3352276282346943e-35
1.7197071120376514e-36
8.440366453293963e-38
2.7608935759525444e-39
6.018933955941929e-41
8.745226011883707e-43
8.468452306904223e-45
5.465357839732179e-47
2.3507947209427467e-49
4.9626422640355784e-51
1.0854545780300078e-53
1.5823111472431997e-56
1.5372824487398514e-59
9.953985372536981e-63
4.2955806341030995e-66
1.235458897745943e-69
2.3681885415314365e-73
0.0
0.0
0.0
0.0
0.0
0.0
0.0
0.0
0.0
0.0
0.0
0.0
0.0
0.0
0.0
0.0
0.0
0.0
0.0
0.0
0.0
0.0
0.0
0.0
0.0
0.0
0.0
0.0
0.0
0.0
0.0
0.0
0.0
0.0
0.0
0.0
0.0
0.0
0.0
0.0
0.0
0.0
0.0
0.0
0.0
0.0
0.0
0.0
0.0
0.0
0.0
0.0
0.0
0.0
0.0
0.0
0.0
0.0
0.0
0.0
0.0
0.0
0.0
0.0
0.0
0.0
0.0
0.0
0.0
0.0
0.0
0.0
0.0
0.0
0.0
0.0
0.0
0.0
0.0
0.0
0.0
0.0
0.0
0.0
0.0
0.0
0.0
0.0
0.0
0.0
0.0
0.0
0.0
0.0
0.0
0.0
0.0
0.0
0.0
0.0
0.0
0.0
0.0
0.0
0.0
0.0
0.0
0.0
0.0
0.0
0.0
0.0
0.0
0.0
0.0
0.0
0.0
0.0
0.0
0.0
0.0
0.0
0.0
0.0
0.0
0.0
0.0
0.0
0.0
0.0
0.0
0.0
0.0
0.0
0.0
0.0
0.0
0.0
0.0
0.0
0.0
0.0
0.0
0.0
0.0
0.0
0.0
0.0
0.0
0.0
0.0
0.0
0.0
0.0
0.0
0.0
0.0
0.0
0.0
0.0
0.0
0.0
0.0
0.0
0.0
0.0
0.0
0.0
0.0
0.0
0.0
0.0
0.0
0.0
0.0
0.0
0.0
0.0
0.0
0.0
0.0
0.0
0.0
0.0
0.0
0.0
0.0
0.0
0.0
0.0
0.0
0.0
0.0
0.0
0.0
0.0
0.0
0.0
0.0
0.0
0.0
0.0
0.0
0.0
0.0
0.0
0.0
0.0
0.0
0.0
0.0
0.0
0.0
0.0
0.0
0.0
0.0
0.0
0.0
0.0
0.0
0.0
0.0
0.0
0.0
0.0
0.0
0.0
0.0
0.0
0.0
0.0
0.0
0.0
0.0
0.0
0.0
0.0
0.0
0.0
0.0
0.0
0.0
0.0
0.0
0.0
0.0
0.0
0.0
0.0
0.0
0.0
0.0
0.0
0.0
0.0
0.0
0.0
0.0
0.0
0.0
0.0
0.0
0.0
0.0
0.0
0.0
0.0
0.0
0.0
0.0
0.0
0.0
0.0
0.0
0.0
0.0
0.0
0.0
0.0
0.0
0.0
0.0
0.0
0.0
0.0
0.0
0.0
0.0
0.0
0.0
0.0
0.0
0.0
0.0
0.0
0.0
0.0
0.0
0.0
0.0
0.0
0.0
0.0
0.0
0.0
0.0
0.0
0.0
0.0
0.0
0.0
0.0
0.0
0.0
0.0
0.0
0.0
0.0
0.0
0.0
0.0
0.0
0.0
0.0
0.0
0.0
0.0
0.0
0.0
0.0
0.0
0.0
0.0
0.0
0.0
0.0
0.0
0.0
0.0
0.0
0.0
0.0
0.0
0.0
0.0
0.0
0.0
0.0
0.0
0.0
0.0
0.0
0.0
0.0
0.0
0.0
0.0001426671410006896
0.0011434222047330127
0.006107603474480118
0.021742856190780376
0.05158743106028909
0.08157418768939421
0.08596925481825717
0.06038305961190083
0.028266277341218574
0.008818681646034856
0.001833666125755904
0.0002541080406825239
2.3469190014133397e-05
1.4446390263535166e-06
5.9265524597421394e-08
1.6204158074817529e-09
2.9527886139598756e-11
3.5860784998183953e-13
2.9026105862113045e-15
1.5658108777602884e-17
5.629520240408523e-20
1.0545332984835651e-21
1.927946407074168e-24
2.3491522516300956e-27
1.9076949089667236e-30
1.0324956360141995e-33
3.7243379031457867e-37
8.95347194921413e-41
0.0
0.0
0.0
0.0
0.0
0.0
0.0
0.0
0.0
0.0
0.0
0.0
0.0
0.0
0.0
0.0
0.0
0.0
0.0
0.0
0.0
0.0
0.0
0.0
0.0
0.0
0.0
0.0
0.0
0.0
0.0
0.0
0.0
0.0
0.0
0.0
0.0
0.0
0.0
0.0
0.0
0.0
0.0
0.0
0.0
0.0
0.0
0.0
0.0
0.0
0.0
0.0
0.0
0.0
0.0
0.0
0.0
0.0
0.0
0.0
0.0
0.0
0.0
0.0
0.0
0.0
0.0
0.0
0.0
0.0
0.0
0.0
0.0
0.0
0.0
0.0
0.0
0.0
0.0
0.0
0.0
0.0
0.0
0.0
0.0
0.0
0.0
0.0
0.0
0.0
0.0
0.0
0.0
0.0
0.0
0.0
0.0
0.0
0.0
0.0
0.0
0.0
0.0
0.0
0.0
0.0
0.0
0.0
0.0
0.0
0.0
0.0
0.0
0.0
0.0
0.0014845179446400759
0.012075185699889147
0.06546116546754194
0.23651309770773749
0.5695189870655335
0.9139927839123811
1.0
0.8160882778130559
0.4438700352498433
0.16090000730624046
0.038872086112394594
0.006258945654366576
0.0006716547049614232
4.80366253842875e-05
2.2897099284947997e-06
7.273944658973851e-08
1.5400721453303097e-09
2.1731699328184956e-11
2.043750411728233e-13
1.2809836172915412e-15
5.351072581249296e-18
1.4897714806486978e-20
2.7642671882129814e-23
3.4183925199308805e-26
2.8173797479797084e-29
1.5475703327699852e-32
5.665483133506706e-36
1.382308741691926e-39
0.0
0.0
0.0
0.0
0.0
0.0
0.0
0.0
0.0
0.0
0.0
0.0
0.0
0.0
0.0
0.0
0.0
0.0
0.0
0.0
0.0
0.0
0.0
0.0
0.0
0.0
0.0
0.0
0.0
0.0
0.0
0.0
0.0
0.0
0.0
0.0
0.0
0.0
0.0
0.0
0.0
0.0
0.0
0.0
0.0
0.0
0.0
0.0
0.0
0.0
0.0
0.0
0.0
0.0
0.0
0.0
0.0
0.0
0.0
0.0
0.0
0.0
0.0
0.0
0.0
0.0
0.0
0.0
0.0
0.0
0.0
0.0
0.0
0.0
0.0
0.0
0.0
0.0
0.0
0.0
0.0
0.0
0.0
0.0
0.0
0.0
0.0
0.0
0.0
0.0
0.0
0.0
0.0
0.0
0.0
0.0
0.0
0.0
0.0
0.0
5.161585880547816e-35
3.3243286268837403e-34
1.4269418962778177e-33
4.082161454070193e-33
7.783153825412948e-33
9.890143623146698e-33
8.375893200734272e-33
5.984359562803172e-33
2.5772039761240002e-33
7.3970993873698e-34
1.4149974699087087e-34
1.803978764342217e-35
1.532811417496814e-36
8.680157004494861e-38
3.2760308500477126e-39
8.240431112457844e-41
1.3814444682619022e-42
1.543471015670236e-44
1.1493308745417012e-46
5.7039172514513666e-49
1.8866133694515054e-51
4.158858528059394e-54
6.110080539385914e-57
5.982755721156804e-60
3.90424582715144e-63
1.698066081139782e-66
4.922135526857187e-70
9.508983549721108e-74
0.0
0.0
0.0
0.0
0.0
0.0
0.0
0.0
0.0
0.0
0.0
0.0
0.0
0.0
0.0
0.0
0.0
0.0
0.0
0.0
0.0
0.0
0.0
0.0
0.0
0.0
0.0
0.0
0.0
0.0
0.0
0.0
0.0
0.0
0.0
0.0
0.0
0.0
0.0
0.0
0.0
0.0
0.0
0.0
0.0
0.0
0.0
0.0
0.0
0.0
0.0
0.0
0.0
0.0
0.0
0.0
0.0
0.0
0.0
0.0
0.0
0.0
0.0
0.0
0.0
0.0
0.0
0.0
0.0
0.0
0.0
0.0
0.0
0.0
0.0
0.0
0.0
0.0
0.0
0.0
0.0
0.0
0.0
0.0
0.0
0.0
0.0
0.0
1.5188788063131302e-36
1.1908201599660553e-35
6.222297658779636e-35
2.1668903493988985e-34
5.0292663462828e-34
7.779539408058891e-34
8.02019046752044e-34
5.510576395562839e-34
2.523428019868416e-34
7.701341165133061e-35
1.566474583504376e-35
2.1235470647253992e-36
1.9185891189667903e-37
1.1552703080825993e-38
4.636249443674942e-40
1.2400280952819507e-41
2.210435282645087e-43
2.626065966579834e-45
2.0792897215773598e-47
6.593086654250111e-49
2.6546100823292555e-51
7.123513364960592e-54
1.2739996114933404e-56
1.5185388099937448e-59
1.206324211335502e-62
6.386806241373802e-66
2.253642301534564e-69
5.299901264985584e-73
0.0
0.0
0.0
0.0
0.0
0.0
0.0
0.0
0.0
0.0
0.0
0.0
0.0
0.0
0.0
0.0
0.0
0.0
0.0
0.0
0.0
0.0
0.0
0.0
0.0
0.0
0.0
0.0
0.0
0.0
0.0
0.0
0.0
0.0
0.0
0.0
0.0
0.0
0.0
0.0
0.0
0.0
0.0
0.0
0.0
0.0
0.0
0.0
0.0
0.0
0.0
0.0
0.0
0.0
0.0
0.0
0.0
0.0
0.0
0.0
0.0
0.0
0.0
0.0
0.0
0.0
0.0
0.0
0.0
0.0
0.0
0.0
0.0
0.0
0.0
0.0
0.0
0.0
0.0
0.0
0.0
0.0
0.0
0.0
0.0
0.0
0.0
0.0
0.0
0.0
0.0
0.0
0.0
0.0
0.0
0.0
0.0
0.0
0.0
0.0
0.0
0.0
0.0
0.0
0.0
0.0
0.0
0.0
0.0
0.0
0.0
0.0
0.0
0.0
0.0
0.0
0.0
0.0
0.0
0.0
0.0
0.0
0.0
0.0
0.0
0.0
0.0
0.0
0.0
0.0
0.0
0.0
0.0
0.0
0.0
0.0
0.0
0.0
0.0
0.0
0.0
0.0
0.0
0.0
0.0
0.0
0.0
0.0
0.0
0.0
0.0
0.0
0.0
0.0
0.0
0.0
0.0
0.0
0.0
0.0
0.0
0.0
0.0
0.0
0.0
0.0
0.0
0.0
0.0
0.0
0.0
0.0
0.0
0.0
0.0
0.0
0.0
0.0
0.0
0.0
0.0
0.0
0.0021212559645114155
0.014172936509113275
0.06311144951047248
0.18730010310805398
0.3704669127060305
0.48836258520144066
0.4290588754358318
0.2512308365192358
0.09804163538049654
0.025499384493994005
0.004420082712928749
0.0005106374273486808
3.931664386388035e-05
2.017538272660708e-06
6.899993373042072e-08
5.802753579269218e-09
1.0091683001077717e-10
1.169700350783131e-12
9.035812043121904e-15
4.652017126482641e-17
1.5962355160944852e-19
3.650347270952201e-22
5.563562145247562e-25
5.651363635226304e-28
3.8259131768647344e-31
1.726229427145078e-34
5.190909646716211e-38
1.040327243234902e-41
0.0
0.0
0.0
0.0
0.0
0.0
0.0
0.0
0.0
0.0
0.0
0.0
0.0
0.0
0.0
0.0
0.0
0.0
0.0
0.0
0.0
0.0
0.0
0.0
0.0
0.0
0.0
0.0
0.0
0.0
0.0
0.0
0.0
0.0
0.0
0.0
0.0
0.0
0.0
0.0
0.0
0.0
0.0
0.0
0.0
0.0
0.0
0.0
0.0
0.0
0.0
0.0
0.0
0.0
0.0
0.0
0.0
0.0
0.0
0.0
0.0
0.0
0.0
0.0
0.0
0.0
0.0
0.0
1.2582290758651474e-35
1.0362669707451547e-34
5.6880727618087275e-34
2.080847143873587e-33
5.0733726386797336e-33
8.243941365314837e-33
8.928008072047769e-33
6.444004017004278e-33
3.099835009571151e-33
9.938089497955246e-34
2.1234829402279277e-34
3.0239610799692276e-35
2.870021607583174e-36
1.815414014617628e-37
7.653282586592026e-39
2.150311428259958e-40
4.0265817887435126e-42
5.025198657877914e-44
4.179761423656329e-46
2.3170280953822786e-48
8.560372330717322e-51
2.107829883918795e-53
3.0678327980017537e-55
3.841290651574696e-58
3.2055621443451166e-61
1.7828416866989426e-64
6.608500208457903e-68
1.6325804215036507e-71
0.0
0.0
0.0
0.0
0.0
0.0
0.0
0.0
0.0
0.0
0.0
0.0
0.0
0.0
0.0
0.0
0.0
0.0
0.0
0.0
0.0
0.0
0.0
0.0
0.0
0.0
0.0
0.0
0.0
0.0
0.0
0.0
0.0
0.0
0.0
0.0
0.0
0.0
0.0
0.0
0.0
0.0
0.0
0.0
0.0
0.0
0.0
0.0
0.0
0.0
0.0
0.0
0.0
0.0
0.0
0.0
0.0
0.0
0.0
0.0
0.0
0.0
0.0
0.0
2.267044421523849e-69
1.860210292511719e-68
1.017291941386515e-67
3.7077523051510676e-67
9.006527328961759e-67
1.4580941815187978e-66
1.5732412713789673e-66
1.3209996228647905e-66
7.247947316435703e-67
2.6503846667530095e-67
6.459283421594372e-68
1.049159022615498e-68
1.1357424197069363e-69
8.194074762027919e-71
3.940048297730938e-72
1.262655041472815e-73
2.696804330452326e-75
3.8388019334383405e-77
3.641862300655889e-79
2.3026762698763273e-81
9.703396948029742e-84
2.7251866869399106e-86
5.100940615762372e-89
6.363350198223913e-92
5.290575665152751e-95
2.93157887487884e-98
1.0826343071729914e-101
2.6646706291963176e-105
0.0
0.0
0.0
0.0
0.0
0.0
0.0
0.0
0.0
0.0
0.0
0.0
0.0
0.0
0.0
0.0
0.0
0.0
0.0
0.0
0.0
0.0
0.0
0.0
0.0
0.0
0.0
0.0
0.0
0.0
0.0
0.0
0.0
0.0
0.0
0.0
0.0
0.0
0.0
0.0
0.0
0.0
0.0
0.0
0.0
0.0
0.0
0.0
0.0
0.0
0.0
0.0
0.0
0.0
0.0
0.0
0.0
0.0
0.0
0.0
0.0
2.5458084823129487e-05
0.0001946301003826126
0.0009916897679513544
0.0033676209774440597
0.007621704875356503
0.011496419387565505
0.011557252901463375
0.0077433374047442965
0.0034576680603339064
0.0010290108670001398
0.000204097729020331
2.6979750661782124e-05
2.376945583253313e-06
1.3956679163367552e-07
5.461683115616152e-09
1.4244671918813784e-10
2.476053084702539e-12
2.868461332623348e-14
2.2147239216615524e-16
1.1396506471478916e-18
3.90845786586169e-21
7.094613756488283e-23
1.2372715592159577e-25
1.4380793549992843e-28
1.1139923831144413e-31
5.751261826428172e-35
1.9789080057317455e-38
4.538053585935698e-42
0.0
0.0
0.0
0.0
0.0
0.0
0.0
0.0
0.0
0.0
0.0
0.0
0.0
0.0
0.0
0.0
0.0
0.0
0.0
0.0
0.0
0.0
0.0
0.0
0.0
0.0
0.0
0.0
0.0
0.0
0.0
0.0
0.0
0.0
0.0
0.0
0.0
0.0
0.0
0.0
0.0
0.0
0.0
0.0
0.0
0.0
0.0
0.0
0.0
0.0
0.0
0.0
0.0
0.0
0.0
0.0
0.0
0.0
0.0006893171230557427
0.00436249768729363
0.018400638824134823
0.051726386463430536
0.09691096715294471
0.12100832890763955
0.10070224379930685
0.05585275235860674
0.02064579257773337
0.0050862779369208215
0.0008351224620682898
9.138644637281731e-05
1.6687978561097494e-05
9.286197976075702e-07
3.4439250526475785e-08
8.51237981522201e-10
1.4022641883788926e-11
1.5395373901512973e-13
1.1265025704424938e-15
5.493582884680558e-18
1.7855035739610903e-20
3.867651322295589e-23
5.583614847214021e-26
5.372360415293177e-29
3.4450567130354216e-32
1.472343553479599e-35
4.19375920539755e-39
7.96121533033196e-43
0.0
0.0
0.0
0.0
0.0
0.0
0.0
0.0
0.0
0.0
0.0
0.0
0.0
0.0
0.0
0.0
0.0
0.0
0.0
0.0
0.0
0.0
0.0
0.0
0.0
0.0
0.0
0.0
0.0
0.0
0.0
0.0
0.0
0.0
0.0
0.0
0.0
0.0
0.0
0.0
0.0
0.0
0.0
0.0
0.0
0.0
0.0
0.0
0.0
0.0
0.0
0.0
0.0
0.0
0.0
5.551578562215406e-35
3.5254859192694246e-34
1.4921175107143374e-33
4.208900101322239e-33
7.912537054333652e-33
9.913897947073268e-33
9.196680426688459e-33
5.859524345557065e-33
2.4881420944964638e-33
7.041570674887994e-34
1.32814488679006e-34
1.669563397180146e-35
1.3987558738823704e-36
7.810205839080713e-38
2.906461568368155e-39
7.208555354122908e-41
1.1915532043713802e-42
1.3126839895264798e-44
9.638034706565e-47
4.716266434998864e-49
1.5381182514334654e-51
3.343202383011368e-54
4.8430299859856186e-57
4.675770606796018e-60
3.008643866076956e-63
1.2902382661028518e-66
3.687657696067212e-70
7.024458199364e-74
0.0
0.0
0.0
0.0
0.0
0.0
0.0
0.0
0.0
0.0
0.0
0.0
0.0
0.0
0.0
0.0
0.0
0.0
0.0
0.0
0.0
0.0
0.0
0.0
0.0
0.0
0.0
0.0
0.0
0.0
0.0
0.0
0.0
0.0
0.0
0.0
0.0
0.0
0.0
0.0
0.0
0.0
0.0
0.0
0.0
0.0
0.0
0.0
0.0
0.0
0.0
0.0
1.8385222228803767e-37
1.6388144777081096e-36
9.735813555826269e-36
2.548989693625343e-35
7.700397001804625e-35
1.550385511470884e-34
2.080404738717822e-34
1.8605335921388391e-34
1.1089417777320773e-34
4.4051583347422584e-35
1.1662612572908767e-35
2.057840559828395e-36
2.419965336167628e-37
1.8966540189081626e-38
9.907147621865262e-40
3.4489801995350674e-41
8.00229055536174e-43
1.23742669084388e-44
1.2752818851854635e-46
8.759401843818605e-49
4.009814280103118e-51
1.2233637684324513e-53
2.487531095111508e-56
3.3710327414049497e-59
3.0446611889557143e-62
1.8327216910300714e-65
7.352509881637797e-69
1.9658766394478143e-72
0.0
0.0
0.0
0.0
0.0
0.0
0.0
0.0
0.0
0.0
0.0
0.0
0.0
0.0
0.0
0.0
0.0
0.0
0.0
0.0
0.0
0.0
0.0
0.0
0.0
0.0
0.0
0.0
0.0
0.0
0.0
0.0
0.0
0.0
0.0
0.0
0.0
0.0
0.0
0.0
0.0
0.0
0.0
0.0
0.0
0.0
0.0
0.0
0.0
0.0
0.0
0.0
0.0
0.0
0.0
0.0
0.0
0.0
0.0
0.0
0.0
0.0
0.0
0.0
0.0
0.0
0.0
0.0
0.0
0.0
0.0
0.0
0.0
0.0
0.0
0.0
0.0
0.0
0.0
0.0
0.0
0.0
0.0
0.0
0.0
0.0
0.0
0.0
0.0
0.0
0.0
0.0
0.0
0.0
0.0
0.0
0.0
0.0
0.0
0.0
0.0
0.0
0.0
0.0
0.0
0.0
0.0
0.0
0.0
0.0
0.0
0.0
0.0
0.0
0.0
0.0
0.0
0.0
0.0
0.0
0.0
0.0
0.0
0.0
0.0
0.0
0.0
0.0
0.0
8.886223158797616e-05
0.0006778497206831903
0.0034461261840371014
0.011676440698212862
0.026367644126245253
0.039683843413822584
0.03980500421558889
0.026609895521363273
0.01185578220880924
0.0035204550556427548
0.0006967050266149505
9.189261951174089e-05
8.077814353508888e-06
4.732478527623767e-07
1.8478426405228445e-08
4.808646649091107e-10
8.33992786100425e-12
9.640138447608346e-14
7.426527547151029e-16
3.8130269051588675e-18
1.3047745927538196e-20
2.97565557397413e-23
4.5228416104809113e-26
4.581647210545362e-29
3.0932388744868006e-32
1.391832015518833e-35
6.523338634973641e-38
1.4926083497110225e-41
0.0
0.0
0.0
0.0
0.0
0.0
0.0
0.0
0.0
0.0
0.0
0.0
0.0
0.0
0.0
0.0
0.0
0.0
0.0
0.0
0.0
0.0
0.0
0.0
0.0
0.0
0.0
0.0
0.0
0.0
0.0
0.0
0.0
0.0
0.0
0.0
0.0
0.0
0.0
0.0
0.0
0.0
0.0
0.0
0.0
0.0
0.0
0.0
2.8062781169518136e-35
1.8020059439243986e-34
4.969058224541788e-34
1.622565267883922e-33
3.531114606612118e-33
5.121568662894296e-33
4.9508040080491785e-33
3.189554419619658e-33
1.369512016197105e-33
3.919071853638854e-34
7.474500119479479e-35
9.500853653165846e-36
8.048679831965422e-37
4.5443128626193173e-38
1.7099891056210672e-39
4.288446649089075e-41
7.1678387675998204e-43
7.984688761083335e-45
5.928015149699602e-47
2.9332033050409226e-49
9.672897253445274e-52
2.1259474823431578e-54
3.114081949970282e-57
3.0401085502097546e-60
1.9780155096155037e-63
8.577324535011516e-67
2.4788802119259914e-70
8.648859980042041e-73
0.0
0.0
0.0
0.0
0.0
0.0
0.0
0.0
0.0
0.0
0.0
0.0
0.0
0.0
0.0
0.0
0.0
0.0
0.0
0.0
0.0
0.0
0.0
0.0
0.0
0.0
0.0
0.0
0.0
0.0
0.0
0.0
0.0
0.0
0.0
0.0
0.0
0.0
0.0
0.0
0.0
0.0
0.0
0.0
0.0
0.0
3.0634022726962363e-37
2.5893050532395394e-36
1.4586260173338936e-35
5.476287508677219e-35
1.3702823823010971e-34
2.0158590202494913e-34
2.564995277573887e-34
2.175176645264498e-34
1.2293740496716413e-34
4.630790137448573e-35
1.1625394678728509e-35
1.9450996713984602e-36
2.1689900671516e-37
1.6119620535169085e-38
7.9842405533308e-40
2.635687763920526e-41
5.798769631716032e-43
8.50274783543432e-45
8.3092971725712205e-47
5.4119133102083044e-49
2.3491941977634903e-51
6.796237635772224e-54
1.3103874965664726e-56
1.683885174442822e-59
1.4421377797368275e-62
8.231568249923928e-66
3.1314101916452007e-69
7.93923918757669e-73
0.0
0.0
0.0
0.0
0.0
0.0
0.0
0.0
0.0
0.0
0.0
0.0
0.0
0.0
0.0
0.0
0.0
0.0
0.0
0.0
0.0
0.0
0.0
0.0
0.0
0.0
0.0
0.0
0.0
0.0
0.0
0.0
0.0
0.0
0.0
0.0
0.0
0.0
0.0
0.0
0.0
0.0
0.0
0.0
0.0
0.0
1.1245595457027017e-05
8.111755459943811e-05
0.000389967838574061
0.0012494655350344765
0.0026680951851694094
0.0037971688131626115
0.0036016378325485583
0.0022767834306359753
0.0013385575169883044
0.00043029004657209476
9.21864542648353e-05
1.316298754651889e-05
1.252631641613694e-06
7.944632881802321e-08
3.3581944321621844e-09
9.460615435841638e-11
1.7762925298824771e-12
2.2227526554994072e-14
1.8537421900207732e-16
1.0303602102793777e-18
3.816896397469192e-21
9.423521225968053e-24
1.5505922265531346e-26
1.7004487214538525e-29
1.242827990243194e-32
6.053967142146611e-36
1.965398596413715e-39
4.252484818318201e-43
0.0
0.0
0.0
0.0
0.0
0.0
0.0
0.0
0.0
0.0
0.0
0.0
0.0
0.0
0.0
0.0
0.0
0.0
0.0
0.0
0.0
0.0
0.0
0.0
0.0
0.0
0.0
0.0
0.0
0.0
0.0
0.0
0.0
0.0
0.0
0.0
0.0
0.0
0.0
0.0
0.0
0.0
0.0
0.0
0.0
0.0005072155742295264
0.0032227135401793673
0.013646848663289085
0.03851452937149512
0.07244332301956315
0.09081418289872116
0.07587357441015945
0.04224827261413354
0.015678659111225506
0.0038778448273947756
0.0006392246057040728
7.022602541935079e-05
1.285766243875555e-05
7.183055225998235e-07
2.6744712850824644e-08
6.636639407240094e-10
1.0975897730442955e-11
1.209799582403781e-13
8.887269641239657e-16
4.351157780000287e-18
1.4197858869204815e-20
3.0876099093960446e-23
4.475108254462316e-26
4.322810653764122e-29
2.78298220227589e-32
1.1940876123851568e-35
3.414628848350723e-39
6.507772546813431e-43
0.0
0.0
0.0
0.0
0.0
0.0
0.0
0.0
0.0
0.0
0.0
0.0
0.0
0.0
0.0
0.0
0.0
0.0
0.0
0.0
0.0
0.0
0.0
0.0
0.0
0.0
0.0
0.0
0.0
0.0
0.0
0.0
0.0
0.0
0.0
0.0
0.0
0.0
0.0
0.0
0.0
0.0
0.0
4.5064064792115105e-37
4.120447539730754e-36
2.5109609804122585e-35
1.0198048824951285e-34
2.7604237672532673e-34
4.979846742824192e-34
5.987392718550822e-34
4.797788073739379e-34
2.562276092757059e-34
9.119947462979366e-35
2.163417292545341e-35
3.420344141319925e-36
3.6039674663112804e-37
2.530891147213299e-38
1.1845342422274002e-39
3.6949053763462716e-41
7.681403347224927e-43
1.0642884961773521e-44
4.900489087241085e-46
3.452715578602362e-48
1.621301298061781e-50
5.073973616884504e-53
1.0583132345779563e-55
1.4711664011624045e-58
1.3629844989147458e-61
8.415919713176666e-65
3.463329394709544e-68
9.498774164767484e-72
0.0
0.0
0.0
0.0
0.0
0.0
0.0
0.0
0.0
0.0
0.0
0.0
0.0
0.0
0.0
0.0
0.0
0.0
0.0
0.0
0.0
0.0
0.0
0.0
0.0
0.0
0.0
0.0
0.0
0.0
0.0
0.0
0.0
0.0
0.0
0.0
0.0
0.0
0.0
0.0
0.0
0.0
0.0
0.0
2.0232947916605427e-37
1.3520831283346241e-36
6.021839440178417e-36
1.7874606843255253e-35
3.536106794455271e-35
4.662252553522598e-35
4.0968283338727154e-35
2.399281943311461e-35
9.364753555854302e-36
2.4360879772833565e-36
4.223486711974732e-37
4.880123851860167e-38
3.758132640330815e-39
1.9288342644626796e-40
6.597801857588332e-42
1.5041293077527044e-43
2.2853494996135748e-45
2.3142039332556076e-47
1.5618243035581157e-49
7.024966766178216e-52
2.1059008486974376e-54
4.207393323015011e-57
5.602345072601089e-60
5.412217112833244e-62
3.664667126727758e-65
1.6537711176749398e-68
4.97390884196894e-72
9.970152207689745e-76
0.0
0.0
0.0
0.0
0.0
0.0
0.0
0.0
0.0
0.0
0.0
0.0
0.0
0.0
0.0
0.0
0.0
0.0
0.0
0.0
0.0
0.0
0.0
0.0
0.0
0.0
0.0
0.0
0.0
0.0
0.0
0.0
0.0
0.0
0.0
0.0
0.0
0.0
0.0
0.0
0.0
0.0
0.0
0.0
0.0
0.0
0.0
0.0
0.0
0.0
0.0
0.0
0.0
0.0
0.0
0.0
0.0
0.0
0.0
0.0
0.0
0.0
0.0
0.0
0.0
0.0
0.0
0.0
0.0
0.0
0.0
0.0
0.0
0.0
0.0
0.0
0.0
0.0
0.0
0.0
0.0
0.0
0.0
0.0
0.0
0.0
0.0
0.0
0.0
0.0
0.0
0.0
0.0
0.0
0.0
0.0
0.0
0.0
0.0
0.0
0.0
0.0
0.0
0.0
0.0
0.0
0.0
0.0
0.0
0.0
0.0
0.0
0.0
0.0
0.0
0.0
0.0
0.0
0.0
0.0
0.0
0.0
0.0
0.0
0.0
0.0
0.0
0.0
0.0
0.0
0.0
0.0
0.0
0.0
0.0
0.0
0.0
0.0
0.0
0.0
0.0
0.0
0.0
0.0
0.0
0.0
0.0
0.0
0.0
0.0
0.0
0.0
0.0
0.0
0.0
0.0
0.0
0.0
0.0
0.0
0.0
0.0
0.0
0.0
0.0
0.0
0.0
0.0
0.0
0.0
0.0
0.0
0.0
0.0
0.0
0.0
0.0
0.0
0.0
0.0
0.0
0.0
0.0
0.0
0.0
0.0
0.0
0.0
0.0
0.0
0.0
0.0
0.0
0.0
0.0
0.0
0.0
0.0
0.0
0.0
0.0
0.0
0.0
0.0
0.0
0.0
0.0
0.0
0.0
0.0
0.0
0.0
0.0
0.0
0.0
0.0
0.0
0.0
0.0
0.0
0.0
0.0
0.0
0.0
0.0
0.0
0.0
0.0
0.0
0.0
0.0
0.0
0.0
0.0
0.0
0.0
0.0
0.0
0.0
0.0
0.0
0.0
0.0
0.0
0.0
0.0
0.0
0.0
0.0
0.0
0.0
0.0
0.0
0.0
0.0
0.0
0.0
0.0
0.0
0.0
0.0
0.0
0.0
0.0
0.0
0.0
0.0
0.0
0.0
0.0
0.0
0.0
0.0
0.0
0.0
0.0
0.0
0.0
0.0
0.0
0.0
0.0
0.0
0.0
0.0
0.0
0.0
0.0
0.0
0.0
0.0
0.0
0.0
0.0
0.0
0.0
0.0
0.0
0.0
0.0
0.0
0.0
0.0
0.0
0.0
0.0
0.0
0.0
0.0
0.0
0.0
0.0
0.0
0.0
0.0
0.0
0.0
0.0
0.0
0.0
0.0
0.0
0.0
0.0
0.0
0.0
0.0
0.0
0.0
0.0
0.0
0.0
0.0
0.0
0.0
0.0
0.0
0.0
0.0
0.0
0.0
0.0
0.0
0.0
0.0
0.0
0.0
0.0
0.0
0.0
0.0
0.0
0.0
0.0
0.0
0.0
0.0
0.0
0.0
0.0
0.0
0.0
0.0
0.0
0.0
0.0
0.0
0.0
0.0
0.0
0.0
0.0
0.0
0.0
0.0
0.0
0.0
0.0
0.0
0.0
0.0
0.0
0.0
0.0
0.0
0.0
0.0
0.0
0.0
0.0
0.0
0.0
0.0
