a = 4.895942936505064 b = 4.895942936505064 c = 13.40471895438812 ,Gaussian ,LMH = 0.08 ,DW = [1.5 1.5]
0.0
0.0
0.0
0.0
0.0
0.0
0.0
0.0
0.0
0.0
0.0
0.0
0.0
0.0
0.0
0.0
0.0
0.0
0.0
0.0
0.0
0.0
0.0
0.0
0.0
0.0
0.0
0.0
0.0
0.0
0.0
0.0
0.0
0.0
0.0
0.0
0.0
0.0
0.0
0.0
0.0
0.0
0.0
0.0
0.0
0.0
0.0
0.0
0.0
0.0
0.0
0.0
0.0
0.0
0.0
0.0
0.0
0.0
0.0
0.0
0.0
0.0
0.0
0.0
0.0
0.0
0.0
0.0
0.0
0.0
0.0
0.0
0.0
0.0
0.0
0.0
0.0
0.0
0.0
0.0
0.0
0.0
1.6104963117142246e-33
1.2042716299065382e-32
6.001650822445851e-32
1.993418762859837e-31
4.41273560741056e-31
6.510267306697093e-31
6.401345714141413e-31
4.19493554730205e-31
1.8321492566667e-31
8.418190503810077e-32
1.869635252102266e-32
2.767429555565496e-33
2.7300953148722793e-34
1.7949840454468423e-35
7.865474438299761e-37
2.297051876786465e-38
4.470933714057658e-40
5.799722400899337e-42
5.014154722449003e-44
2.8891480895069585e-46
1.1094900799104934e-48
2.8396093145293076e-51
4.843678497730068e-54
5.506473757332326e-57
4.1720872960888306e-60
2.1067584683630932e-63
7.090186480752447e-67
1.5903111926599307e-70
0.0
0.0
0.0
0.0
0.0
0.0
0.0
0.0
0.0
0.0
0.0
0.0
0.0
0.0
0.0
0.0
0.0
0.0
0.0
0.0
0.0
0.0
0.0
0.0
0.0
0.0
0.0
0.0
0.0
0.0
0.0
0.0
0.0
0.0
0.0
0.0
0.0
0.0
0.0
0.0
0.0
0.0
0.0
0.0
0.0
0.0
0.0
0.0
0.0
0.0
0.0
0.0
0.0
0.0
0.0
0.0
0.0
0.0
0.0
0.0
0.0
0.0
0.0
0.0
0.0
0.0
0.0
0.0
0.0
0.0
0.0
0.0
0.0
0.0
0.0
0.0
0.0
0.0
0.0
0.0
0.0
0.0
0.0
0.0
0.0
0.0
0.0
0.0
0.0
0.0
0.0
0.0
0.0
0.0
0.0
0.0
0.0
0.0
0.0
0.0
0.0
0.0
0.0
0.0
0.0
0.0
0.0
0.0
0.0
0.0
0.0
0.0
0.0
0.0
0.0
0.0
0.0
0.0
0.0
0.0
0.0
0.0
0.0
0.0
0.0
0.0
0.0
0.0
0.0
0.0
0.0
0.0
0.0
0.0
0.0
0.0
0.0
0.0
0.0
0.0
0.0
0.0
0.0
0.0
0.0
0.0
0.0
0.0
0.0
0.0
0.0
0.0
0.0
0.0
0.0
0.0
0.0
0.0
0.0
0.0
0.0
0.0
0.0
0.0
0.0
0.0
0.0
0.0
0.0
0.0
0.0
0.0
0.0
0.0
0.0
0.0
0.0
0.0
0.0
0.0
0.0
0.0
0.0
0.0
0.0
0.0
0.0
0.0
0.0
0.0
0.0
0.0
0.0
0.0
0.0
1.247812023447362e-33
1.153997644695333e-32
7.112826692525313e-32
2.921871281316906e-31
7.999474913879918e-31
1.4596321814804105e-30
1.7750350264757436e-30
1.4386394753345846e-30
7.771029661319584e-31
2.797607016663732e-31
6.712377897345157e-32
1.0733655119867857e-32
1.1439325649697891e-33
8.125213064737949e-35
3.846366300954408e-36
1.213523168022502e-37
2.5516849453950068e-39
1.5516028344364668e-40
1.659060119431219e-42
1.1822933085699393e-44
5.615260227841633e-47
1.7774446749857312e-49
3.749763212154354e-52
5.27221539010796e-55
4.940421388536638e-58
3.0854349179023652e-61
1.2842522498045827e-64
3.562589868374558e-68
0.0
0.0
0.0
0.0
0.0
0.0
0.0
0.0
0.0
0.0
0.0
0.0
0.0
0.0
0.0
0.0
0.0
0.0
0.0
0.0
0.0
0.0
0.0
0.0
0.0
0.0
0.0
0.0
0.0
0.0
0.0
0.0
0.0
0.0
0.0
0.0
0.0
0.0
0.0
0.0
0.0
0.0
0.0
0.0
0.0
0.0
0.0
0.0
0.0
0.0
0.0
0.0
0.0
0.0
0.0
0.0
0.0
0.0
0.0
0.0
0.0
0.0
0.0
0.0
0.0
0.0
0.0
0.0
0.0
0.0
0.0
0.0
0.0
0.0
0.0
0.0
0.0
0.0
0.0
0.0
0.0
0.0
0.0
0.0
0.0
0.0
0.0
0.0
0.0
0.0
0.0
0.0
0.0
0.0
0.0
0.0
0.0
0.0
0.0
0.0
0.0
0.0
0.0
0.0
0.0
0.0
0.0
0.0
0.0
0.0
0.0
0.0
0.0
0.0
0.0
0.0
0.0
0.0
0.0
0.0
0.0
0.0
0.0
0.0
0.0
0.0
0.0
0.0
0.0
0.0
0.0
0.0
0.0
0.0
0.0
0.0
0.0
0.0
0.0
0.0
0.0
0.0
0.0
0.0
0.0
0.0
0.0
0.0
0.0
0.0
0.0
0.0
0.0
0.0
0.0
0.0
0.0
0.0
0.0
0.0
0.0
0.0
0.0
0.0
0.0
0.0
0.0
0.0
0.0
0.0
0.0
0.0
0.0
0.0
0.0
0.0
0.0
0.0
0.0
0.0
0.0
0.0
0.0
0.0
0.0
0.0
0.0
0.0
0.0
0.0
0.0
0.0
0.0
0.0
0.0
0.0
0.0
7.117123130583878e-34
6.608600036729855e-33
4.089742886097481e-32
1.6868019368882709e-31
4.636750469313002e-31
8.494638591999244e-31
1.0371883650462399e-30
8.44018399780677e-31
4.577493547301106e-31
1.6545698844650805e-31
3.9858783334581604e-32
6.399477388296202e-33
6.847728420270933e-34
4.883487666680618e-35
2.3211072638892837e-36
7.352615820307135e-38
1.5522800866395797e-39
2.1841368501923535e-41
2.048194305897612e-43
1.280100333866441e-45
5.3321015926843536e-48
1.4802476089335135e-50
2.7387467121915254e-53
3.2945623418449684e-55
3.0996867813634763e-58
1.9436561674180166e-61
8.122741238846193e-65
2.2623893319963387e-68
0.0
0.0
0.0
0.0
0.0
0.0
0.0
0.0
0.0
3.8179606598029614e-34
2.752790427579304e-33
1.3228067364560144e-32
4.236441313459236e-32
9.042479637584117e-32
1.2863389866234272e-31
1.2195647798722406e-31
7.706121696840055e-32
3.2452518101724006e-32
9.108408221958473e-33
1.703798064907338e-33
2.1241016820593936e-34
4.2310447407058976e-35
2.6823001893849616e-36
1.1333099219464066e-37
3.1913287878497284e-39
5.989298479991792e-41
7.491381466082352e-43
6.24495647212242e-45
3.469592475566875e-47
1.2847217217662273e-49
3.170452238804801e-52
5.214526890242598e-55
5.715972829968351e-58
4.175869791158196e-61
2.033224288883567e-64
6.597891631596436e-68
1.4269429669232602e-71
0.0
0.0
0.0
0.0
0.0
0.0
0.0
8.471835137554047e-34
5.7501984060833355e-33
2.6011758442015704e-32
5.678868696348398e-32
1.3063251553145376e-31
2.0027295267992564e-31
2.046326176828657e-31
1.3935063980883322e-31
6.324477071956349e-32
1.913030200077844e-32
3.856564310451001e-33
5.181564133043165e-34
4.6398370235813305e-35
2.769020190153073e-36
1.1013644824359755e-37
2.919561040645059e-39
5.158050628513068e-41
6.073446213591733e-43
4.7661348631950563e-45
2.492751650809805e-47
8.6890690049848e-50
2.0185942326890653e-52
3.1254053998832823e-55
3.2251152320903676e-58
2.218021046847931e-61
1.0166410401737485e-64
3.1056403476316566e-68
6.322898806983701e-72
0.0
0.0
0.0
0.0
0.0
0.0
0.0
0.0
0.0
0.0
0.0
0.0
0.0
0.0
0.0
0.0
0.0
0.0
0.0
0.0
0.0
0.0
0.0
0.0
0.0
0.0
0.0
0.0
0.0
0.0
0.0
0.0
0.0
0.0
0.0
0.0
0.0
0.0
0.0
0.0
0.0
0.0
0.0
0.0
0.0
0.0
0.0
0.0
0.0
0.0
0.0
0.0
0.0
0.0
0.0
0.0
0.0
0.0
0.0
0.0
0.0
0.0
0.0
0.0
0.0
0.0
0.0
0.0
0.0003076244013359142
0.002780911569465445
0.016754640913988626
0.06727669032376728
0.18004275926099814
0.32112066185399685
0.3817177792829105
0.3024113417438777
0.1596744061965451
0.056189360925970135
0.022354629411966483
0.004000265695212037
0.00047708059173139707
3.792068805408104e-05
2.008825518103118e-06
7.092343681639453e-08
1.66885604686323e-09
2.6171555102903215e-11
2.735405586375323e-13
1.9054408788746026e-15
8.846078217984628e-18
2.737080812769514e-20
5.644247034722927e-23
7.757217257421332e-26
7.105382215213642e-29
4.337609810126337e-32
1.7647982664418665e-35
4.7854325877192284e-39
0.0
0.0
0.0
0.0
0.0
0.0
0.0
0.0
0.0
0.0
0.0
0.0
0.0
0.0
0.0
0.0
0.0
0.0
0.0
0.0
0.0
0.0
0.0
0.0
0.0
0.0
0.0
0.0
0.0
0.0
0.0
5.870369356428734e-35
5.370560311634045e-34
1.8750948398737792e-33
8.723283555394615e-33
2.704694942346637e-32
5.589051820492811e-32
7.697319824421183e-32
7.065167714711979e-32
4.322021944938109e-32
1.7621099675683236e-32
4.788071159386666e-33
8.67101091126436e-34
1.0465510492570204e-34
8.418459954805124e-36
4.513219246167228e-37
1.612581825399816e-38
3.8400655536713365e-40
6.094485722107747e-42
6.446396849608366e-44
4.5444210186879514e-46
2.1351167622749927e-48
6.685690200737704e-51
1.3952512335544405e-53
1.9406183335536056e-56
1.7989098217045404e-59
1.11137392750522e-62
4.5760689916868116e-66
1.2557594963981994e-69
0.0
0.0
0.0
0.0
0.0
0.0
0.0
0.0
0.0
0.0
0.0
0.0
0.0
0.0
0.0
0.0
0.0
0.0
0.0
0.0
0.0
0.0
0.0
0.0
0.0
0.0
0.0
0.0
0.0
0.0
0.0
0.0
0.0
0.0
0.0
0.0
0.0
0.0
0.0
0.0
0.0
0.0
0.0
0.0
0.0
0.0
0.0
0.0
0.0
0.0
0.0
0.0
0.0
0.0
0.0
2.423241368895064e-33
1.7554181797840054e-32
8.475123923276069e-32
2.7270498119174286e-31
5.848192137484671e-31
8.358565355418233e-31
7.962022503433568e-31
5.0547142234911805e-31
2.1387073483561107e-31
6.030976890694104e-32
1.1334582171310663e-32
1.419727237614854e-33
1.185184223331707e-34
6.593991108533183e-36
2.4450762144295286e-37
6.042518555886953e-39
9.952338361204038e-41
1.092480819970037e-42
7.992525995917748e-45
3.8970487815032366e-47
1.2663949643608939e-49
2.7427363096333493e-52
3.664613440146236e-54
4.035948644261474e-57
2.962406424580922e-60
1.449189566320551e-63
4.724842155859105e-67
1.0266702050583682e-70
0.0
0.0
0.0
0.0
0.0
0.0
0.0
0.0
0.0
0.0
0.0
0.0
0.0
0.0
0.0
0.0
0.0
0.0
0.0
0.0
0.0
0.0
0.0
0.0
0.0
0.0
0.0
0.0
0.0
0.0
0.0
0.0
0.0
0.0
0.0
0.0
0.0
0.0
0.0
0.0
0.0
0.0
0.0
0.0
0.0
0.0
0.0
0.0
0.0
0.0
0.0
0.0
0.0
0.0
0.0
0.0
0.0
0.0
0.0
0.0
0.0
0.0
0.0
0.0
0.0
0.0
0.0
0.0
0.0
0.0
0.0
0.0
0.0
0.0
0.0
0.0
0.0
0.0
0.0
0.0
0.0
0.0
0.0
0.0
0.0
0.0
0.0
0.0
0.0
0.0
0.0
0.0
0.0
0.0
0.0
0.0
0.0
0.0
0.0
0.0
0.0
0.0
0.0
0.0
0.0
0.0
0.0
0.0
0.0
0.0
0.0
0.0
0.0
0.0
0.0
0.0
0.0
0.0
0.0
0.0
1.562341443903298e-34
1.1475367795049823e-33
3.4609440706141635e-33
1.2926704526074725e-32
3.2178264045430446e-32
5.338496327833137e-32
5.90278321664406e-32
4.349869895664331e-32
2.136373829627433e-32
6.992939634742553e-33
1.5255409065478856e-33
2.218040561712177e-34
2.1492981184719364e-35
1.388050865608227e-36
5.974418653732496e-38
1.7138289371970972e-39
3.2765804733421495e-41
4.174993025414365e-43
3.545456963253928e-45
2.006643533754549e-47
7.569196677390874e-50
1.9028777952651393e-52
3.1882587102107846e-55
0.0029607047178541366
0.021320426007681074
0.10232416486862367
0.32729704747977467
0.6977301896258568
0.9224694508973137
1.0
0.7224861988788368
0.34788896980448086
0.11164346606680746
0.023878525805458458
0.003403793929412199
0.00032337061741017834
2.0474787377323498e-05
8.640120377943809e-07
2.4299746015704733e-08
4.5547571212136267e-10
5.689973724812046e-12
4.7373649931105354e-14
2.628723939708793e-16
9.721530929195936e-19
2.396105259148626e-21
3.936032454229971e-24
4.309163744744562e-27
3.144190650512309e-30
1.5289958085016918e-33
4.9554747314503616e-37
1.070399223182687e-40
0.0
0.0
0.0
0.0
0.0
0.0
0.0
0.0
0.0
0.0
0.0
0.0
0.0
0.0
0.0
0.0
0.0
0.0
0.0
0.0
0.0
0.0
0.0
0.0
0.0
0.0
0.0
0.0
0.0
0.0
0.0
0.0
0.0
0.0
0.0
0.0
0.0
0.0
0.0
0.0
0.0
0.0
0.0
0.0
0.0
0.0
0.0
0.0
0.0
0.0
0.0
0.0
0.0
0.0
0.0
0.0
0.0
0.0
0.0
0.0
0.0009296485631113751
0.007690391957360532
0.04239939855286188
0.15579462319694481
0.38152832200214043
0.622705423102398
0.6773608030894742
0.49106504757054675
0.23726819893632922
0.07640496689241769
0.01639778539524761
0.0023454725411514187
0.00022359240935189252
1.4205787267215032e-05
6.015269726302629e-07
1.697565159939227e-08
3.192856124718726e-10
4.002338280537187e-12
3.3437190901228154e-14
1.8617755597125772e-16
4.668312049270668e-18
1.3217825036555309e-20
2.4942596866080064e-23
3.1369305251943206e-26
2.6298389224809794e-29
2.8070805402289317e-32
2.4801242722836496e-32
3.0619940344926344e-32
2.520069512867326e-32
1.3822998725685098e-32
5.053282336281202e-33
1.2311937656791238e-33
1.9992209763315155e-34
2.1635988414164773e-35
1.5605375698456707e-36
7.501588987715436e-38
2.4033324499448388e-39
5.131637657571347e-41
7.302636184705874e-43
6.926038386435727e-45
4.377958817032647e-47
1.8443358060013797e-49
5.178331770366314e-52
9.689944598685088e-55
1.2084655223234933e-57
1.0044510637950525e-60
7.087493205607696e-63
2.995640920974853e-66
8.438561145258608e-70
0.0
0.0
0.0
0.0
0.0
0.0
0.0
0.0
0.0
0.0
0.0
0.0
0.0
0.0
0.0
0.0
0.0
0.0
0.0
0.0
0.0
0.0
0.0
0.0
0.0
0.0
0.0
0.0
0.0
0.0
0.0
0.0
0.0
0.0
5.049084870208547e-35
4.507399874339969e-34
2.6817670711528997e-33
1.0634022323355072e-32
2.810319065246795e-32
4.949886489594965e-32
5.810538701915068e-32
4.5458919068870713e-32
2.3703002347144682e-32
8.23700182980259e-33
1.9077282619568507e-33
2.944729539459749e-34
3.029394693997525e-35
2.0770543275076694e-36
2.777218481434051e-37
9.682881627876226e-39
2.2499908236200478e-40
3.4844835555099024e-42
3.596479919815171e-44
2.473992670352334e-46
1.134228943667368e-48
1.9047199431706183e-33
1.3349279736070347e-32
6.235425387312678e-32
1.9411356603755867e-31
4.027422921038239e-31
5.56903740618884e-31
5.132330091436326e-31
3.1523220126205345e-31
1.2904111791537624e-31
3.520523171501882e-32
6.401295055399078e-33
7.757290086275157e-34
6.265183091907376e-35
3.3723997643991794e-36
1.2098342680483821e-37
2.8926391580469366e-39
4.60939778357745e-41
4.895258886629421e-43
3.464883911894832e-45
1.0195258254426282e-46
5.232123584671857e-05
0.00037502117731247987
0.0017914931020750096
0.005703691611286754
0.012102594425790376
0.01711521943978745
0.01613124963010818
0.010132931349197271
0.004242127690334144
0.0011836244333156092
0.00022010284418718268
2.7278402656513802e-05
2.2531689877115163e-06
1.2403668264969563e-07
4.550803341009758e-09
1.1127754665078761e-10
1.8134624367550823e-12
1.9696594067114836e-14
1.4257889775539497e-16
6.878613688374433e-19
2.211709760075326e-21
4.739547689079532e-24
6.769041998601406e-27
6.443162254811402e-30
4.0874502120118705e-33
2.4087345434549145e-35
7.77042778710625e-39
1.670638420500023e-42
0.0
0.0
0.0
0.0
0.0
0.0
0.0
0.0
0.0
0.0
0.0
0.0
0.0
0.0
0.0
0.0
0.0
0.0
0.0
0.0
0.0
0.0
0.0
0.0
0.0
0.0
0.0
0.0
0.0
0.0
0.000515736421986922
0.0035268522444447245
0.016074159606325196
0.04882596497399403
0.09884505385953189
0.13336460951882714
0.11992446819044487
0.07187147418862239
0.028706936779185458
0.007641853381583156
0.0013557889726364908
0.00016031237261763888
1.2633495627145473e-05
6.635315460679583e-07
2.3226360593311968e-08
5.418540221776273e-10
8.424904504740332e-12
8.730301062282532e-14
3.3121213209673944e-15
1.7453119017442553e-17
6.129448668630099e-20
1.4346677064252585e-22
2.2380140469791405e-25
2.327061582611913e-28
1.986678692671338e-31
3.355533993407553e-32
1.9952532121787488e-32
7.92464184536037e-33
2.097699692485928e-33
3.700739658089335e-34
4.3512626808912957e-35
3.4097584785604014e-36
1.7807931733739284e-37
6.198475579237442e-39
1.4379303656584548e-40
2.2231684156054612e-42
2.290806574058245e-44
2.2414696543764584e-35
1.9052087336015867e-34
1.0792792112793108e-33
4.0748029164065916e-33
1.0253235981670745e-32
1.7194788794974676e-32
1.9218269829505412e-32
1.6520636443170813e-32
9.389593597077688e-33
3.556709254136245e-33
8.979072590424641e-34
1.5107623336373867e-34
1.694112950923685e-35
1.266106168680524e-36
6.306369819961634e-38
2.0934871225418978e-39
4.631724301994185e-41
6.8296218147942765e-43
6.711694168689741e-45
4.395914229989501e-47
1.9188799709059157e-49
5.582490047859847e-52
1.0824046603108204e-54
1.3987268045926965e-57
1.2046411375839744e-60
6.914551735713918e-64
2.6451598321132772e-67
6.744058922257405e-71
0.0
0.0
0.0
0.0
0.0
0.0
0.0
0.0
0.0
0.0
0.0
0.0
0.0
0.0
0.0
0.0
0.0
0.0
0.0
0.0
0.0
0.0
0.0
0.0
0.0
0.0
0.0
9.694335785271537e-06
8.958230016782274e-05
0.0005517062560806162
0.0014795599544756956
0.004633624620614364
0.009671429614786894
0.013453709670959995
0.012473116408994189
0.007707072561170352
0.003173843208619805
0.0008710900177854033
0.00015933902444044174
1.9425080126728648e-05
1.5782835577396766e-06
8.546509772773481e-08
3.0844242092597254e-09
7.41892466344415e-11
1.1892943809856087e-12
1.2706306326037568e-14
9.047546493852838e-17
4.2936226580487426e-19
1.3579959441736889e-21
2.8625601413517286e-24
4.021539279593645e-27
3.765403814842267e-30
2.349699636925032e-33
9.772252714372795e-37
2.7086854654400687e-40
0.0
0.0
0.0
0.0
0.0
0.0
0.0
0.0
0.0
1.2203619970756857e-33
8.533786067799935e-33
3.9816493812528506e-32
1.2395518073080217e-31
2.5748866305195277e-31
3.569058697969989e-31
3.301115702467588e-31
2.037452353720144e-31
8.391523055027981e-32
2.306356303738495e-32
4.230080208081431e-33
5.177383255822112e-34
4.2287599796300427e-35
2.3049251313664846e-36
8.383788167280937e-38
2.0349823644513928e-39
3.2962009596011854e-41
1.6854662341712842e-42
1.391173282316161e-44
7.66226927774398e-47
2.8160459635333368e-49
6.905867694223015e-52
1.130009223365443e-54
1.2337269993893979e-57
8.987042931472383e-61
4.3677909962228565e-64
1.4162508679711214e-67
3.0636374459880083e-71
0.0
0.0
0.0
0.0
0.0
0.0
0.0
0.0
0.0
0.0
0.0
0.0
0.0
0.0
0.0
0.0
0.0
0.0
0.0
0.0
0.0
0.0
0.0
0.0
9.737108493937514e-35
1.0154995093153748e-33
6.196557774088133e-33
2.5265902726570085e-32
6.885617672767313e-32
1.254549927052865e-31
1.5285662131796213e-31
1.2457905044008525e-31
6.793283920745412e-32
2.4790859529336976e-32
6.055836818245385e-33
9.903960385130482e-34
1.0845813654926025e-34
7.953950350271058e-36
3.906617485530333e-37
1.2850665856317183e-38
2.8310390159085262e-40
1.780545928104887e-41
2.010572335938389e-43
1.520044201173975e-45
7.692806231123084e-48
2.605640549652547e-50
5.905331852839092e-53
8.952946570657602e-56
9.07751591187167e-59
6.153654918770713e-62
2.7883719187147e-65
8.443229404808106e-69
1.489447948762268e-72
0.0
0.0
0.0
0.0
0.0
0.0
0.0
0.0
0.0
0.0
0.0
0.0
0.0
0.0
0.0
0.0
0.0
0.0
0.0
0.0
0.0
0.0
0.0
0.0
0.0
0.0
0.0
0.0
0.0
0.0
0.0
0.0
0.0
0.0
0.0
0.0
0.0
0.0
0.0
0.0
0.0
0.0
0.0
0.0
0.0
0.0
0.0
0.0
0.0
0.0
0.0
0.0
0.0
0.0
0.0
0.0
0.0
0.0
0.0
0.0
0.0
0.0
0.0
0.0
0.0
0.0
0.0
0.0
0.0
0.0
0.0
0.0
0.0
3.1946834803187334e-34
2.7516563702328493e-33
1.5795817513091197e-32
6.043263987132804e-32
1.5409288000424604e-31
2.618635955705697e-31
2.96585032076731e-31
2.238746296230505e-31
1.1262688675273264e-31
3.776250769103656e-32
8.438419703908463e-33
1.2567328457110108e-33
1.2474017750270566e-34
8.251849484405243e-36
3.6381264185866163e-37
1.0690199803193425e-38
2.093511770452729e-40
0.0011909016643451096
0.004258304135006176
0.020531899387256823
0.06597860467598103
0.1413053725335443
0.20169529624600818
0.19187324215485718
0.12165069829255001
0.05140393272218703
0.014476368678538283
0.0027170928005621634
0.0003398841063637085
2.8336016040300657e-05
1.574447816510248e-06
5.830412746478313e-08
1.4389704582637955e-09
2.366933213783858e-11
2.5947867878555907e-13
1.895827855697897e-15
9.231614710678493e-18
2.9959736483951263e-20
6.480072366689763e-23
9.34121291034873e-26
8.974458095422639e-29
5.746385339016084e-32
2.452239055532965e-35
1.1094533301010395e-37
2.4075741845753464e-41
0.0
0.0
0.0
0.0
0.0
0.0
0.0
0.0
0.0
0.0
0.0
0.0
0.0
0.0
0.0
0.0
0.0
0.0
0.0
0.0
0.0
1.4724997340939788e-33
1.0111038777103168e-32
4.6271957787750514e-32
1.0180445921294914e-31
2.3691441207680557e-31
3.6744954025522585e-31
3.798266946239469e-31
2.6167052645129478e-31
1.2014499407926093e-31
3.676529886770491e-32
7.49811452196249e-33
1.0191722403182005e-33
9.232613408902167e-35
5.574209205220095e-36
2.2429697965416846e-37
6.015131622991453e-39
1.0750988386179111e-40
1.2806580938185163e-42
1.0167157532867345e-44
5.379568661688912e-47
1.8970418221034532e-49
4.458491100422708e-52
6.983617601942654e-55
7.290453528054922e-58
5.072361402514402e-61
2.352054499632632e-64
7.268856918172008e-68
1.4971537690735978e-71
0.0
0.0
0.0
0.0
0.0
0.0
0.0
0.0
0.0
0.0
0.0
0.0
0.0
0.0
0.0
0.0
0.0
0.0
0.0
0.0
0.0
0.0
0.0
0.0
0.0
0.0
0.0
0.0
0.0
0.0
0.0
0.0
0.0
0.0
0.0
0.0
0.0
0.0
0.0
0.0
0.0
0.0
0.0
0.0
0.0
0.0
0.0
0.0
0.0
0.0
0.0
3.448373538719092e-37
1.5146783366490495e-36
9.943307481866741e-36
4.350336721443475e-35
1.2685173892033734e-34
2.46519640126866e-34
3.192921000283237e-34
2.756172338323688e-34
1.5856455545486488e-34
6.079773598467872e-35
1.5536394778455353e-35
2.646029229052566e-36
3.003451163258344e-37
2.272103235704725e-38
1.1455580299344469e-39
3.8493524371567234e-41
3.5999943692439904e-34
2.4710975127551558e-33
1.130471179665751e-32
3.4467569056451265e-32
7.003955241348579e-32
9.485442985409342e-32
8.561570200358154e-32
5.150279214291978e-32
2.0648555470088506e-32
5.517344772339361e-33
9.825442539435324e-34
2.4823764633492624e-34
2.247978855667557e-35
1.3567453672244724e-36
5.457402943824705e-38
0.00014343175789379554
0.0013322819685782274
0.008247617799437723
0.034028472343636644
0.09357027935244823
0.17148058157957696
0.20944669785621148
0.1704957806441662
0.09249863033239555
0.033445563422562434
0.008059781700926177
0.0012944628466600536
0.00013855986418012268
9.884776546627073e-06
4.699783060412886e-07
1.4892592806446868e-08
3.145171755747282e-10
4.426902601308774e-12
4.1527627002750555e-14
2.596305608177691e-16
1.0818226151513064e-18
3.004262305436836e-21
4.737616515048256e-23
6.690279736259068e-26
6.296659345573079e-29
3.94964141071671e-32
1.6511505946618976e-35
4.600417544995527e-39
0.0
0.0
0.0
0.0
0.0
0.0
0.0
0.0
0.0
0.0
0.0
0.0
0.0
0.0
0.0
0.0
0.0
0.0
0.0
0.0
0.0
0.0
0.0
0.0
0.0
0.0
0.0
0.0
0.0
0.0
0.0
0.0
0.0
1.9145356408227285e-35
1.701843421020936e-34
1.008224607239814e-33
3.980856602172956e-33
1.0475561790379414e-32
1.8372136362837258e-32
2.147452397924008e-32
1.672896141201457e-32
8.685522731973424e-33
3.0054152885813554e-33
6.930978786227232e-34
1.0652859423219556e-34
2.4397658070598613e-35
1.906875536630248e-36
9.932946633513143e-38
3.448382284378739e-39
9.17248347460484e-06
6.073507687691875e-05
0.0002680240598345879
0.0007882963673039068
0.0015452075352677989
0.002018671528028492
0.0017576242913175278
0.0010199244026799041
0.00039444955250716833
0.00010167086085228278
1.7465582802274688e-05
1.9996372182548654e-06
1.5258115184757772e-07
7.759471010159857e-09
2.629934237507711e-10
5.940721745207897e-12
8.943655895621447e-14
8.973719703313465e-16
6.0008319791120035e-18
2.674434597522737e-20
7.943905056973754e-23
1.5725977729646115e-25
1.978977807335921e-27
1.9921733019514738e-30
1.3365796836680297e-33
5.976461738563308e-37
1.781045357567728e-40
3.537426004588237e-44
0.0
0.0
0.0
0.0
0.0
0.0
0.0
0.0
0.0
0.0
0.0
0.0
0.0
0.0
0.0
0.0
8.557126232350525e-06
0.0001863264388149634
0.0012330524993383908
0.005479349605732483
0.0118682440014578
0.0271306903081143
0.04159502714045669
0.04274554633906219
0.029428406416233333
0.013565298220228315
0.004184543612109334
0.000863388250968609
0.00011909767611790739
1.097887179932466e-05
6.760929500916647e-07
2.78038466295114e-08
7.63354532259937e-10
1.3988145124425487e-11
1.710451705245602e-13
1.3953916414334035e-15
7.593563476430891e-18
2.7561275432756155e-20
6.671233533484773e-23
1.0767698417188497e-25
1.1588119595377854e-28
8.314680189660462e-32
3.9773575702090784e-35
1.2683478185437108e-38
2.680988360658015e-42
0.0
3.5063148741745913e-35
3.3042365087256295e-34
2.075261766954594e-33
8.686727395587438e-33
2.4233773742098708e-32
4.5057537513847025e-32
5.58335709992183e-32
4.611103876166028e-32
2.5380253443700664e-32
9.31040453748193e-33
2.2762643496284277e-33
3.7090132937108817e-34
4.027871726933753e-35
2.9152407168509613e-36
1.4062248198077464e-37
4.520814060292176e-39
9.686348254745308e-41
1.383200259300486e-42
1.316411271829152e-44
8.349869176273279e-47
3.529793492564746e-49
9.94490120984267e-52
1.8673821222596854e-54
2.3369394945107988e-57
1.9491411395421325e-60
1.378503991516609e-62
5.846641003597135e-66
1.652670885292643e-69
0.0
0.0
0.0
0.0
0.0
0.0
0.0
0.0
0.0
0.0
0.0
0.0
0.0
0.0
0.0
0.0
3.1113128682510697e-34
2.5987891501959006e-33
1.4513646602829224e-32
5.41894013001996e-32
1.352483743122663e-31
2.25617005752516e-31
2.515195218749493e-31
2.1615331318815135e-31
1.2305048260250415e-31
4.679378509638741e-32
1.1885269526902088e-32
2.0159477195053723e-33
2.2831464534675506e-34
1.726273466068388e-35
8.712572417828756e-37
2.9348561457201824e-38
6.5974588912730295e-40
9.89612620964686e-42
9.90387250548922e-44
6.61229438475343e-46
2.944869413503082e-48
8.748010062579653e-51
1.733195874591144e-53
2.2900759601433266e-56
2.0178436531876486e-59
1.1855903204858893e-62
4.644808660501041e-66
1.2132934366990527e-69
0.0
2.220170451525342e-36
2.0957452755501515e-35
1.3184759778101943e-34
3.586428954430027e-34
1.147356916742775e-33
2.446337610502191e-33
3.4762883637040524e-33
3.292279860016668e-33
2.078065556400662e-33
8.741848808190327e-34
2.450918591450789e-34
4.579689451479104e-35
5.70328036038173e-36
4.7336371075207636e-37
2.618464851949169e-38
9.653395170093516e-40
2.3718923209637547e-41
3.8841089329215125e-43
4.2390582289623993e-45
3.083393205465241e-47
1.4947549080528137e-49
4.8293937234456556e-52
1.0399124717516102e-54
1.4923906118751586e-57
1.4274134287683524e-60
9.099103314006988e-64
3.865707254746189e-67
1.094563285591342e-70
0.0
0.0
0.0
0.0
0.0
0.0
0.0
0.0
0.0
0.0
0.0
0.0
0.0
0.0
0.0
0.0
0.0
0.0
0.0
0.0
0.0
0.0
0.0
0.0
0.0
0.0
0.0
0.0
0.0
0.0
0.0
0.0
0.0
0.0
0.0
0.0
0.0
0.0
0.0
0.0
0.0
0.0
0.0
0.0
0.00045032862950687333
0.003015319708395887
0.01345608503045659
0.04002078726059073
0.07932938371613431
0.10480067539296346
0.0922732103503395
0.05414629290000443
0.030292258434297874
0.009039144541107508
0.001797647590731474
0.00023826668974602454
2.1047651950160917e-05
1.239154687424254e-06
4.862156603509184e-08
1.2714928129219934e-09
2.2160544381307743e-11
2.574118216768738e-13
1.9927742352942466e-15
1.028180254327591e-17
3.5355905713843353e-20
8.102820591877225e-23
1.23763341764269e-25
1.2598805743797043e-28
8.547680497690886e-32
3.8649931555993395e-35
1.164744655036241e-38
2.3393449800040436e-42
0.0
0.0
0.0
0.0
0.0
0.0
0.0
0.0
0.0
0.0
0.0
0.0
0.0
0.0
1.3442909083062369e-34
1.1810757827648453e-33
6.915822147170564e-33
2.6989287256427894e-32
7.019732510450488e-32
1.216833785615966e-31
1.4057998856594808e-31
1.0824237082738628e-31
5.554598040072752e-32
1.899719695474526e-32
4.330200065611065e-33
6.5782132381668e-34
6.66023388960855e-35
4.494201726107576e-36
0.0002888481844862072
0.002063877045949044
0.009828325875839587
0.03119297685528417
0.05377030911604101
0.08678054806519352
0.09334343790687817
0.06691550256292382
0.03197063365564786
0.010180223019087322
0.0021604533273813257
0.0003055723352572149
2.880479083405459e-05
1.809659916107409e-06
7.577234989278442e-08
2.1144922287800132e-09
3.9326290127535875e-11
4.874627257182979e-13
4.026997819735999e-15
2.2171900683858858e-17
8.135907510064225e-20
1.9897138799294545e-22
3.243074167520286e-25
3.523144338356136e-28
2.6018215584451727e-31
9.570519198440143e-34
9.048435924711872e-35
6.539186197195067e-36
3.1517388816002714e-37
1.0126132872912855e-38
8.169183269519256e-40
1.3349957152739326e-41
1.454150458684987e-43
1.0557417253028253e-45
5.108782350298404e-48
1.647716516025736e-50
3.5419969044311054e-53
5.074702867650427e-56
4.845814208232319e-59
3.0839984654074305e-62
1.3081298269054338e-65
3.698071326129847e-69
0.0
0.0
0.0
0.0
0.0
0.0
0.0
0.0
0.0
0.0
0.0
0.0
0.0
0.0
2.3988122226118402e-34
1.8892032918329927e-33
9.964044065162566e-33
3.5178121557086897e-32
8.309948522662774e-32
1.3128907389805105e-31
1.3867227012071055e-31
9.78858883988662e-32
4.6160678076565576e-32
1.453825009164385e-32
3.057173509268685e-33
4.29130661290417e-34
4.0200049921772117e-35
4.444825417818431e-07
4.20406481563808e-06
2.6501206536770612e-05
0.00011133800589371418
0.0003117473559381522
0.0005817597451948748
0.0007235459275194308
0.0005997497672158212
0.00033132607894681356
0.00012198957040675478
2.9934453313161397e-05
4.895550202747106e-06
1.1685729261300665e-06
9.718261432907006e-08
5.386453112927717e-09
1.9897510287460592e-10
4.8986469456167164e-12
8.037761040796959e-14
8.789731104017344e-16
6.406157857807116e-18
3.111725158605205e-20
1.0073638792141751e-22
2.1734670760433904e-25
3.125369038032672e-28
2.995236319380251e-31
1.9131209572346053e-34
8.143954026679768e-38
2.310520072238069e-41
0.0
0.0
0.0
0.0
0.0
0.0
0.0
0.0
0.0
0.0
0.0
0.0
0.0
0.0
0.0
0.0
0.0
0.0
0.0
0.0
0.0
0.0
0.0
0.0
0.0
0.0
0.0
8.838842242418089e-36
7.303288357348769e-35
4.021824007792267e-34
1.4760777177945469e-33
3.610579688505493e-33
5.886080443263026e-33
6.395242246744328e-33
4.630942138679369e-33
2.9806555066720687e-33
1.0975560801026913e-33
2.693538598148409e-34
4.4055611620230627e-35
4.8024274713342546e-36
3.4890078180146026e-37
1.6893693817456549e-38
1.3256028725307605e-35
8.536588998883904e-35
3.663992690611028e-34
1.0481089564789671e-33
1.9982039548309586e-33
2.538953484553289e-33
2.1500631839393785e-33
1.2134705736668402e-33
4.564453887976694e-34
1.1442737809274993e-34
1.9118447291429185e-35
2.1289077225586143e-36
1.5799473138004763e-37
7.81465699595399e-39
2.576076669602067e-40
5.6596450712756747e-42
8.287072851560086e-44
8.087134483338687e-46
5.259805947434603e-48
1.462807863714233e-49
4.837989520245828e-52
1.0664097532354066e-54
1.566624239115702e-57
1.533864948823909e-60
1.0009006077743313e-63
4.352876353144355e-67
1.2616626803713002e-70
2.4372031525158065e-74
0.0
0.0
0.0
0.0
0.0
0.0
0.0
0.0
0.0
0.0
0.0
0.0
0.0
0.0
0.0
0.0
0.0
0.0
0.0
0.0
0.0
0.0
0.0
0.0
0.0
6.7715528846381354e-06
6.133480357973686e-05
0.000370260370388106
0.0014896664331395773
0.003994407611969032
0.007138340789736493
0.008502051334075299
0.006748880156596475
0.003570436041247582
0.0012589032291358462
0.00029583188818416725
4.63317998546652e-05
4.836095917422246e-06
3.3642804232023843e-07
1.559807553518677e-08
4.819826420667232e-10
9.925978383884093e-12
1.3623754227401671e-13
6.233710710197539e-15
4.3508358617483537e-17
2.023859237228296e-19
6.274360317214639e-22
1.2964033822748464e-24
1.7852227134984263e-27
1.63842362010029e-30
1.0021703392671174e-33
4.085436248488904e-37
9.24871828777172e-35
7.300153857587971e-34
3.840962173428905e-33
1.3471054389565067e-32
3.149294970627346e-32
4.907632834965457e-32
5.097704728257806e-32
3.529540926732819e-32
1.6289204246101222e-32
5.0109135009195e-33
1.027464297812537e-33
1.404257948993985e-34
1.2792487117402333e-35
7.767634238708495e-37
3.143735979543208e-38
8.480565608099713e-40
6.088813997531547e-41
8.353648913033699e-43
7.638993355346251e-45
4.655975779970898e-47
1.8914649840506162e-49
5.12150188301401e-52
9.242858509526605e-55
1.1117926062841743e-57
8.913502831654582e-61
4.7629814093940096e-64
1.6963442421177965e-67
4.026730305824975e-71
0.0
0.0
0.0
0.0
0.0
0.0
0.0
0.0
0.0
0.0
0.0
0.0
0.0
0.0
0.0
0.0
0.0
0.0
0.0
0.0
0.0
0.0
0.0
0.0
0.0
0.0
7.7120332868224e-05
0.0005627916758915194
0.002737209151431278
0.008872578481874848
0.01916784390429834
0.02759803916399058
0.02648285102128122
0.016936856051432667
0.007219089126180607
0.0020507539606376642
0.0003882632294510192
4.899147491216227e-05
4.119991445041446e-06
1.2293953847753382e-05
4.7315361831172754e-05
0.0002617299023220682
0.0009654534944258131
0.0023735161229923593
0.0038889697786533214
0.004246767631391921
0.0030907507052353295
0.0014991704168235192
0.0004846403599438947
0.00010441663700811497
1.4993442995562347e-05
1.4348767291450129e-06
9.151859830616171e-08
3.890323133382655e-09
1.1021571938626912e-10
2.0810520940701436e-12
2.6188095272815092e-14
2.196374641085787e-16
1.227694972948935e-18
4.573577919192015e-21
1.135542087895828e-23
1.8790223114399112e-26
2.072250181924676e-29
1.5231195204905562e-32
7.461176780548345e-36
3.7007557340016204e-38
9.218629203672511e-42
0.0
0.0
0.0
0.0
0.0
0.0
0.0
0.0
0.0
0.0
0.0
0.0
0.0
0.0
0.0
0.0
0.0
0.0
0.0
0.0
0.0
0.0
0.0
0.0
0.0
3.7034074664689417e-35
2.513553491420752e-34
1.1369891341897173e-33
3.4277255747639204e-33
6.887114821133608e-33
9.2225315679724e-33
8.230846937799239e-33
4.8957637106449964e-33
1.940787204749365e-33
5.127633072032218e-34
9.028955401318091e-35
1.0595943255796797e-35
8.28749516601552e-37
4.320047286102732e-38
1.5008429900726692e-39
3.475070101658344e-41
5.362575589109191e-43
5.515245285863527e-45
3.7804002694686715e-47
1.7269997989361967e-49
5.258093890308167e-52
1.0669545865742907e-54
1.442929394873758e-57
1.3005461719535853e-60
7.812463793095688e-64
4.439462304293057e-66
1.3561108651313756e-69
2.7608420851651573e-73
0.0
0.0
0.0
0.0
0.0
0.0
0.0
0.0
0.0
0.0
0.0
0.0
0.0
0.0
0.0
0.0
0.0
0.0
0.0
0.0
0.0
0.0
0.0
0.0
2.8737361039102114e-07
2.568170138892717e-06
1.5296154017242855e-05
6.071867026606078e-05
0.00016063634141528198
0.0002832349906439061
0.00033283696516865684
0.0002606740204783575
0.00013606470842377367
4.7334172438266145e-05
1.0974522418619993e-05
1.6958132319889715e-06
1.7464331141172848e-07
3.691402222828358e-05
0.0002799118501371975
0.0014150510284501024
0.004767660328371738
0.010705823151589985
0.016021986879180425
0.015980642152235592
0.010623157727623945
0.00470646226503041
0.0013896872738704189
0.00027347720213597175
7.385127881372e-05
7.390343895936721e-06
4.928931971395701e-07
2.190899965161442e-08
6.490435239995604e-10
1.2814646833782082e-11
1.6862463034359124e-13
1.4788254899357073e-15
8.643594670012986e-18
3.3670797781868066e-20
8.741661156513383e-23
1.5125722626270896e-25
1.7443466968373944e-28
1.3504076489134306e-31
1.9075000491817463e-34
1.0202009529403295e-35
5.6738016598781836e-37
2.1142142670545494e-38
5.265997819171103e-40
8.76641350222402e-42
9.752784381812176e-44
7.250284799926619e-46
3.601257252256603e-48
1.1950258345617703e-50
2.648955996236027e-53
3.92189401761744e-56
4.071073463399635e-58
3.075311650337177e-61
1.5511602494767568e-64
5.22349407182926e-68
1.1741312278154134e-71
0.0
0.0
0.0
0.0
0.0
0.0
0.0
0.0
0.0
0.0
2.6663217254961768e-36
2.1700029865612157e-35
1.1770357665834384e-34
4.255009524178557e-34
1.0251630896254427e-33
1.6461406297839007e-33
1.7616614682231044e-33
1.2564914123749964e-33
5.972802333086854e-34
1.8922491025520896e-34
3.9953977603701004e-35
1.1307901701010042e-35
1.2141331548798311e-36
8.688247041619748e-38
4.143616480606625e-39
1.3170688868398043e-40
2.7900949143251036e-42
3.9392270424008154e-44
3.7066757433159155e-46
2.3245544716808457e-48
9.715751700136217e-51
2.7064165165797913e-53
5.024518056550938e-56
6.216926537962606e-59
5.12670830532295e-62
2.8176239406595845e-65
1.0320696277157396e-68
2.519512484292952e-72
0.0
0.0
0.0
0.0
0.0
0.0
0.0
0.0
0.0
0.0
0.0
0.0
0.0
0.0
0.0
0.0
0.0
0.0
0.0
0.0
0.0
0.0
0.0
0.0
0.0
0.0
0.0
0.0
0.0
0.0
0.0
0.0
0.0
0.0
0.0
0.0
0.0
0.0
0.0
0.0
0.0
0.0
0.0
0.0
0.0
0.0
0.0
0.0
0.0
0.0
0.0
0.0
0.0
0.0
0.0
0.0
0.0
0.0
0.0
0.0
0.0
0.0
0.0
0.0
0.0
0.0
0.0
0.0
0.0
0.0
0.0
0.0
0.0
0.0
0.0
0.0
0.0
0.0
0.0
0.0
0.0
0.0
0.0
0.0
0.0
0.0
0.0
0.0
0.0
0.0
0.0
0.0
0.0
0.0
0.0
0.0
0.0
0.0
0.0
0.0
0.0
0.0
0.0
0.0
0.0
0.0
0.0
0.0
0.0
0.0
0.0
0.0
0.0
0.0
0.0
0.0
0.0
0.0
0.0
0.0
0.0
0.0
0.0
0.0
0.0
0.0
0.0
0.0
0.0
0.0
0.0
0.0
0.0
0.0
0.0
0.0
0.0
0.0
0.0
0.0
0.0
0.0
0.0
0.0
0.0
0.0
0.0
0.0
0.0
0.0
0.0
0.0
0.0
0.0
0.0
0.0
0.0
0.0
0.0
0.0
0.0
0.0
0.0
0.0
0.0
0.0
0.0
0.0
0.0
0.0
0.0
0.0
0.0
0.0
0.0
0.0
0.0
0.0
0.0
0.0
0.0
0.0
0.0
0.0
0.0
0.0
0.0
0.0
0.0
0.0
0.0
0.0
0.0
0.0
0.0
0.0
0.0
0.0
0.0
0.0
0.0
0.0
0.0
0.0
0.0
0.0
0.0
0.0
0.0
0.0
0.0
0.0
0.0
0.0
0.0
0.0
0.0
0.0
0.0
0.0
0.0
0.0
0.0
0.0
0.0
0.0
0.0
0.0
0.0
0.0
0.0
0.0
0.0
0.0
0.0
0.0
0.0
0.0
0.0
0.0
0.0
0.0
0.0
0.0
0.0
0.0
0.0
0.0
0.0
0.0
0.0
0.0
0.0
0.0
0.0
0.0
0.0
0.0
0.0
0.0
0.0
0.0
0.0
0.0
0.0
0.0
0.0
0.0
0.0
0.0
0.0
0.0
0.0
0.0
0.0
0.0
0.0
0.0
0.0
0.0
0.0
0.0
0.0
0.0
0.0
0.0
0.0
0.0
0.0
0.0
0.0
0.0
0.0
0.0
0.0
0.0
0.0
0.0
0.0
0.0
0.0
0.0
0.0
0.0
0.0
0.0
0.0
0.0
0.0
0.0
0.0
0.0
0.0
0.0
0.0
0.0
0.0
0.0
0.0
0.0
0.0
0.0
0.0
0.0
0.0
0.0
0.0
0.0
0.0
