a = 4.895942936505064 b = 4.895942936505064 c = 13.40471895438812 ,Gaussian ,LMH = 0.08 ,DW = [0.4 0.4]
0.0
0.0
0.0
0.0
0.0
0.0
0.0
0.0
0.0
0.0
0.0
0.0
0.0
0.0
0.0
0.0
0.0
0.0
0.0
0.0
0.0
0.0
0.0
0.0
0.0
0.0
0.0
0.0
0.0
0.0
0.0
0.0
0.0
0.0
0.0
0.0
0.0
0.0
0.0
0.0
0.0
0.0
0.0
0.0
0.0
0.0
0.0
0.0
0.0
0.0
0.0
0.0
0.0
0.0
0.0
0.0
0.0
0.0
0.0
0.0
0.0
0.0
0.0
0.0
0.0
0.0
0.0
0.0
0.0
0.0
0.0
0.0
0.0
0.0
0.0
0.0
0.0
0.0
0.0
0.0
0.0
0.0
1.2826101036818894e-33
9.590900325946646e-33
4.7797551150217756e-32
1.5875721214112086e-31
3.51433234200783e-31
5.184820706823988e-31
5.098074817308516e-31
3.340874908019451e-31
1.459136001095641e-31
6.704303584162237e-32
1.488990100196963e-32
2.203999526964477e-33
2.1742662863614968e-34
1.4295373767030633e-35
6.264116788989604e-37
1.8293875772443003e-38
3.560681705901293e-40
4.6189379608238766e-42
3.9933065736685393e-44
2.300936986742012e-46
8.836053681571786e-49
2.2614839728802623e-51
3.857538160744133e-54
4.3853927670880976e-57
3.3226784069505696e-60
1.6778366258185941e-63
5.6466722407592236e-67
1.266534538991212e-70
0.0
0.0
0.0
0.0
0.0
0.0
0.0
0.0
0.0
0.0
0.0
0.0
0.0
0.0
0.0
0.0
0.0
0.0
0.0
0.0
0.0
0.0
0.0
0.0
0.0
0.0
0.0
0.0
0.0
0.0
0.0
0.0
0.0
0.0
0.0
0.0
0.0
0.0
0.0
0.0
0.0
0.0
0.0
0.0
0.0
0.0
0.0
0.0
0.0
0.0
0.0
0.0
0.0
0.0
0.0
0.0
0.0
0.0
0.0
0.0
0.0
0.0
0.0
0.0
0.0
0.0
0.0
0.0
0.0
0.0
0.0
0.0
0.0
0.0
0.0
0.0
0.0
0.0
0.0
0.0
0.0
0.0
0.0
0.0
0.0
0.0
0.0
0.0
0.0
0.0
0.0
0.0
0.0
0.0
0.0
0.0
0.0
0.0
0.0
0.0
0.0
0.0
0.0
0.0
0.0
0.0
0.0
0.0
0.0
0.0
0.0
0.0
0.0
0.0
0.0
0.0
0.0
0.0
0.0
0.0
0.0
0.0
0.0
0.0
0.0
0.0
0.0
0.0
0.0
0.0
0.0
0.0
0.0
0.0
0.0
0.0
0.0
0.0
0.0
0.0
0.0
0.0
0.0
0.0
0.0
0.0
0.0
0.0
0.0
0.0
0.0
0.0
0.0
0.0
0.0
0.0
0.0
0.0
0.0
0.0
0.0
0.0
0.0
0.0
0.0
0.0
0.0
0.0
0.0
0.0
0.0
0.0
0.0
0.0
0.0
0.0
0.0
0.0
0.0
0.0
0.0
0.0
0.0
0.0
0.0
0.0
0.0
0.0
0.0
0.0
0.0
0.0
0.0
0.0
0.0
9.44126138488547e-34
8.731438066296558e-33
5.381744583931292e-32
2.210761715830416e-31
6.0526050546555315e-31
1.1043946277320406e-30
1.3430363979011253e-30
1.088511015282846e-30
5.879757598385665e-31
2.116740230114167e-31
5.078754896741616e-32
8.121354955525601e-33
8.655283127280954e-34
6.147741719954132e-35
2.910258031413937e-36
9.181823231885251e-38
1.9306693707594117e-39
1.1739819500193983e-40
1.2552868498185457e-42
8.945530216138941e-45
4.248647918036414e-47
1.344859598912255e-49
2.8371656909964395e-52
3.989091516998428e-55
3.738047783174037e-58
2.334518100369764e-61
9.716977354517192e-65
2.6955456048214463e-68
0.0
0.0
0.0
0.0
0.0
0.0
0.0
0.0
0.0
0.0
0.0
0.0
0.0
0.0
0.0
0.0
0.0
0.0
0.0
0.0
0.0
0.0
0.0
0.0
0.0
0.0
0.0
0.0
0.0
0.0
0.0
0.0
0.0
0.0
0.0
0.0
0.0
0.0
0.0
0.0
0.0
0.0
0.0
0.0
0.0
0.0
0.0
0.0
0.0
0.0
0.0
0.0
0.0
0.0
0.0
0.0
0.0
0.0
0.0
0.0
0.0
0.0
0.0
0.0
0.0
0.0
0.0
0.0
0.0
0.0
0.0
0.0
0.0
0.0
0.0
0.0
0.0
0.0
0.0
0.0
0.0
0.0
0.0
0.0
0.0
0.0
0.0
0.0
0.0
0.0
0.0
0.0
0.0
0.0
0.0
0.0
0.0
0.0
0.0
0.0
0.0
0.0
0.0
0.0
0.0
0.0
0.0
0.0
0.0
0.0
0.0
0.0
0.0
0.0
0.0
0.0
0.0
0.0
0.0
0.0
0.0
0.0
0.0
0.0
0.0
0.0
0.0
0.0
0.0
0.0
0.0
0.0
0.0
0.0
0.0
0.0
0.0
0.0
0.0
0.0
0.0
0.0
0.0
0.0
0.0
0.0
0.0
0.0
0.0
0.0
0.0
0.0
0.0
0.0
0.0
0.0
0.0
0.0
0.0
0.0
0.0
0.0
0.0
0.0
0.0
0.0
0.0
0.0
0.0
0.0
0.0
0.0
0.0
0.0
0.0
0.0
0.0
0.0
0.0
0.0
0.0
0.0
0.0
0.0
0.0
0.0
0.0
0.0
0.0
0.0
0.0
0.0
0.0
0.0
0.0
0.0
0.0
5.5366969907989e-34
5.141096376360419e-33
3.1815758579884905e-32
1.312231225550943e-31
3.6071151080991034e-31
6.608321799033983e-31
8.068706406056003e-31
6.565959375022371e-31
3.5610167596839404e-31
1.2871566126231617e-31
3.1007754354726e-32
4.9784114379314384e-33
5.327123985729301e-34
3.799061920472343e-35
1.8056829097240823e-36
5.719896247383764e-38
1.2075812553589104e-39
1.6991281033184696e-41
1.593372917956587e-43
9.958416534880914e-46
4.148056778164456e-48
1.1515442871573715e-50
2.130581472560136e-53
2.562972857067312e-55
2.4113713026890323e-58
1.5120484858617594e-61
6.319007855983e-65
1.7600038634503764e-68
0.0
0.0
0.0
0.0
0.0
0.0
0.0
0.0
0.0
4.402094679345947e-34
3.17395729667542e-33
1.5251913299328024e-32
4.884601342723819e-32
1.0425945955859438e-31
1.4831441477300304e-31
1.406153731523878e-31
8.885130136936164e-32
3.741763469986881e-32
1.050196137255735e-32
1.9644729384392323e-33
2.4490814720615794e-34
4.878379114073249e-35
3.092682309803985e-36
1.306702195749633e-37
3.679590422432971e-39
6.90563924593904e-41
8.637535436128328e-43
7.200411975982987e-45
4.000427436824327e-47
1.4812794472636456e-49
3.6555198377249235e-52
6.012330436120306e-55
6.590495770951255e-58
4.814762599006891e-61
2.344300170047644e-64
7.60734492425356e-68
1.6452600228592153e-71
0.0
0.0
0.0
0.0
0.0
0.0
0.0
7.123108215465117e-34
4.834759511001559e-33
2.187065343560389e-32
4.774785581720592e-32
1.0983565301739637e-31
1.6838924405482557e-31
1.7205484484791226e-31
1.1716584082857904e-31
5.317612283326333e-32
1.608473360653902e-32
3.242594370311876e-33
4.356652536996291e-34
3.901169071927133e-35
2.3281886562965834e-36
9.26025856934487e-38
2.454763212044155e-39
4.336882412274403e-41
5.106545856688042e-43
4.0073601349425253e-45
2.0959024195699862e-47
7.305758175084138e-50
1.697231465095452e-52
2.6278368876516184e-55
2.711672787834397e-58
1.864909276957261e-61
8.547904943687806e-65
2.611218456840971e-68
5.316285280143396e-72
0.0
0.0
0.0
0.0
0.0
0.0
0.0
0.0
0.0
0.0
0.0
0.0
0.0
0.0
0.0
0.0
0.0
0.0
0.0
0.0
0.0
0.0
0.0
0.0
0.0
0.0
0.0
0.0
0.0
0.0
0.0
0.0
0.0
0.0
0.0
0.0
0.0
0.0
0.0
0.0
0.0
0.0
0.0
0.0
0.0
0.0
0.0
0.0
0.0
0.0
0.0
0.0
0.0
0.0
0.0
0.0
0.0
0.0
0.0
0.0
0.0
0.0
0.0
0.0
0.0
0.0
0.0
0.0
0.0002708023195215085
0.002448041508167322
0.014749140843686327
0.05922379274949743
0.15849196815726962
0.2826831021814393
0.3360268547732505
0.2662132536892899
0.14056166994056912
0.049463596532345305
0.019678820894945402
0.0035214411609137504
0.00041997491186819276
3.338165060476894e-05
1.768372754092088e-06
6.24340303139487e-08
1.4690970107555523e-09
2.303886751692392e-11
2.407982508558071e-13
1.6773630683051502e-15
7.787218730685452e-18
2.4094572133971554e-20
4.9686409215838756e-23
6.828692448386487e-26
6.254880876194293e-29
3.818405798305985e-32
1.5535551210000836e-35
4.2126250032197575e-39
0.0
0.0
0.0
0.0
0.0
0.0
0.0
0.0
0.0
0.0
0.0
0.0
0.0
0.0
0.0
0.0
0.0
0.0
0.0
0.0
0.0
0.0
0.0
0.0
0.0
0.0
0.0
0.0
0.0
0.0
0.0
6.556746639848195e-35
5.998498755252231e-34
2.094335304008625e-33
9.743230224115288e-33
3.020934186300379e-32
6.242536801167727e-32
8.597308419672209e-32
7.891243610194817e-32
4.8273628360009876e-32
1.9681399767876562e-32
5.3479036121095724e-33
9.684845740457256e-34
1.1689162400200454e-34
9.40276593685152e-36
5.0409153718408654e-37
1.801128655319028e-38
4.289054978841857e-40
6.807067213968734e-42
7.200124611666889e-44
5.075765328412767e-46
2.384759596327466e-48
7.467396699791476e-51
1.55838726354308e-53
2.1675199574658786e-56
2.009242555740428e-59
1.241318360454549e-62
5.1111136562639e-66
1.4025858269802912e-69
0.0
0.0
0.0
0.0
0.0
0.0
0.0
0.0
0.0
0.0
0.0
0.0
0.0
0.0
0.0
0.0
0.0
0.0
0.0
0.0
0.0
0.0
0.0
0.0
0.0
0.0
0.0
0.0
0.0
0.0
0.0
0.0
0.0
0.0
0.0
0.0
0.0
0.0
0.0
0.0
0.0
0.0
0.0
0.0
0.0
0.0
0.0
0.0
0.0
0.0
0.0
0.0
0.0
0.0
0.0
2.272926691137507e-33
1.646528854349492e-32
7.949408434165099e-32
2.557889769104985e-31
5.485426328063417e-31
7.840080043124286e-31
7.468134910449899e-31
4.7411681816426694e-31
2.0060424351483713e-31
5.65687286642131e-32
1.0631493288598999e-32
1.3316609620201077e-33
1.1116667492161683e-34
6.184963076353577e-36
2.2934071120519036e-37
5.667698597284828e-39
9.334990641368482e-41
1.0247137768194878e-42
7.496746258510459e-45
3.655313212229656e-47
1.18783995394173e-49
2.5726032267929576e-52
3.4372959325168723e-54
3.7855970582843686e-57
2.778647112440737e-60
1.3592957301277436e-63
4.4317582166239795e-67
9.629854219337714e-71
0.0
0.0
0.0
0.0
0.0
0.0
0.0
0.0
0.0
0.0
0.0
0.0
0.0
0.0
0.0
0.0
0.0
0.0
0.0
0.0
0.0
0.0
0.0
0.0
0.0
0.0
0.0
0.0
0.0
0.0
0.0
0.0
0.0
0.0
0.0
0.0
0.0
0.0
0.0
0.0
0.0
0.0
0.0
0.0
0.0
0.0
0.0
0.0
0.0
0.0
0.0
0.0
0.0
0.0
0.0
0.0
0.0
0.0
0.0
0.0
0.0
0.0
0.0
0.0
0.0
0.0
0.0
0.0
0.0
0.0
0.0
0.0
0.0
0.0
0.0
0.0
0.0
0.0
0.0
0.0
0.0
0.0
0.0
0.0
0.0
0.0
0.0
0.0
0.0
0.0
0.0
0.0
0.0
0.0
0.0
0.0
0.0
0.0
0.0
0.0
0.0
0.0
0.0
0.0
0.0
0.0
0.0
0.0
0.0
0.0
0.0
0.0
0.0
0.0
0.0
0.0
0.0
0.0
0.0
0.0
1.5769273823046046e-34
1.1582501231498107e-33
3.4932552643172665e-33
1.3047387566702614e-32
3.2478678643698427e-32
5.388336251684119e-32
5.957891293518173e-32
4.390480054602025e-32
2.156318904503804e-32
7.05822535519402e-33
1.539783277047889e-33
2.238748072948585e-34
2.169363853836258e-35
1.4010096362422955e-36
6.030195515318683e-38
1.7298291549509578e-39
3.3071704580971403e-41
4.213970542993645e-43
3.5785571649238684e-45
2.0253774533410385e-47
7.639862303598657e-50
1.920642963318039e-52
3.218024127582278e-55
0.002960704717854136
0.021320426007681074
0.10232416486862367
0.32729704747977467
0.6977301896258566
0.9224694508973137
1.0
0.7224861988788367
0.3478889698044808
0.11164346606680745
0.023878525805458458
0.003403793929412199
0.0003233706174101783
2.0474787377323498e-05
8.640120377943808e-07
2.4299746015704733e-08
4.554757121213626e-10
5.689973724812045e-12
4.737364993110535e-14
2.6287239397087936e-16
9.721530929195936e-19
2.3961052591486256e-21
3.936032454229971e-24
4.309163744744561e-27
3.144190650512309e-30
1.5289958085016915e-33
4.955474731450362e-37
1.070399223182687e-40
0.0
0.0
0.0
0.0
0.0
0.0
0.0
0.0
0.0
0.0
0.0
0.0
0.0
0.0
0.0
0.0
0.0
0.0
0.0
0.0
0.0
0.0
0.0
0.0
0.0
0.0
0.0
0.0
0.0
0.0
0.0
0.0
0.0
0.0
0.0
0.0
0.0
0.0
0.0
0.0
0.0
0.0
0.0
0.0
0.0
0.0
0.0
0.0
0.0
0.0
0.0
0.0
0.0
0.0
0.0
0.0
0.0
0.0
0.0
0.0
0.0009674010038032694
0.008002693915098181
0.04412121133540596
0.16212134439648487
0.3970219460663323
0.6479930968395733
0.7048679972705356
0.5110068888425031
0.24690351056251758
0.07950772431670532
0.01706368909819168
0.0024407206989153947
0.00023267235580495214
1.4782675311329563e-05
6.259546028766812e-07
1.7665022083726077e-08
3.322515994339537e-10
4.164870708984319e-12
3.4795054094365726e-14
1.9373810887142358e-16
4.857889251629268e-18
1.375459255878791e-20
2.5955499963280215e-23
3.2643192879640697e-26
2.736620025475972e-29
2.8793896863432595e-32
2.5036043411536654e-32
3.09096180954798e-32
2.5439104463565137e-32
1.3953770195105883e-32
5.101088544588642e-33
1.2428413843380474e-33
2.0181344602983433e-34
2.1840674101651237e-35
1.575300921499307e-36
7.57255722220507e-38
2.426069000980031e-39
5.18018514067056e-41
7.371722240739786e-43
6.991561666516479e-45
4.419376176531004e-47
1.8617840101315008e-49
5.2273209997077624e-52
9.781615611532789e-55
1.2198981220968658e-57
1.0139535996905144e-60
7.154543917207988e-63
3.023980963021228e-66
8.518393536381678e-70
0.0
0.0
0.0
0.0
0.0
0.0
0.0
0.0
0.0
0.0
0.0
0.0
0.0
0.0
0.0
0.0
0.0
0.0
0.0
0.0
0.0
0.0
0.0
0.0
0.0
0.0
0.0
0.0
0.0
0.0
0.0
0.0
0.0
0.0
5.140844813947014e-35
4.589315462908622e-34
2.730504377396378e-33
1.0827280570183543e-32
2.8613926213352937e-32
5.039843643707582e-32
5.916136987165499e-32
4.628507033457499e-32
2.4133770737400898e-32
8.386697634865402e-33
1.9423985126033237e-33
2.998245814945661e-34
3.0844496383742754e-35
2.1148018388157872e-36
2.827690481441311e-37
9.858854243952189e-39
2.29088121003554e-40
3.5478090933509795e-42
3.661840832452224e-44
2.518953972068685e-46
1.1548419431975502e-48
2.134086531405845e-33
1.4956801492451634e-32
6.986296008692586e-32
2.1748874333427683e-31
4.512405638886614e-31
6.239661512473775e-31
5.750365854116577e-31
3.5319249813645894e-31
1.4458026374331388e-31
3.944464964911304e-32
7.172139720730749e-33
8.691423824633614e-34
7.019637139397283e-35
3.7785045205860226e-36
1.3555226456953329e-37
3.240971088447379e-39
5.164461979355374e-41
5.484746508355754e-43
3.882125619449764e-45
1.142297239181394e-46
5.767262805789257e-05
0.0004133781728004062
0.001974726201937222
0.006287062595737473
0.013340442280434172
0.01886575630154923
0.017781146507161373
0.011169322960001626
0.004676010581544243
0.0013046850021438518
0.0002426148630066771
3.0068425276334843e-05
2.4836220872258783e-06
1.3672309814981944e-07
5.016257437411641e-09
1.2265896352270817e-10
1.998942550178596e-12
2.1711152751971e-14
1.571618025851143e-16
7.58215516861549e-19
2.437922428639173e-21
5.224306471577187e-24
7.461376536236322e-27
7.102165960433745e-30
4.505512761073271e-33
2.655098817272786e-35
8.565183607844732e-39
1.841510558485131e-42
0.0
0.0
0.0
0.0
0.0
0.0
0.0
0.0
0.0
0.0
0.0
0.0
0.0
0.0
0.0
0.0
0.0
0.0
0.0
0.0
0.0
0.0
0.0
0.0
0.0
0.0
0.0
0.0
0.0
0.0
0.0005843257428144919
0.003995898815120681
0.018211909905255536
0.05531947528962168
0.11199075158875255
0.15110116563423445
0.1358735799326416
0.081429875323997
0.032524757690763906
0.008658166193634171
0.0015360993809268011
0.0001816327919041771
1.4313661789166033e-05
7.517765800663963e-07
2.6315303375855837e-08
6.139168003418441e-10
9.545357614860071e-12
9.891369768997521e-14
3.7526101874089974e-15
1.9774261230197667e-17
6.944622279229731e-20
1.625468432169233e-22
2.5356542550563954e-25
2.6366711569556206e-28
2.42092308569057e-31
5.322150705823062e-32
3.166643700501255e-32
1.2577113153891248e-32
3.329236439272307e-33
5.873403788971478e-34
6.905841825672189e-35
5.4115907136774975e-36
2.8262775386013084e-37
9.837533389672864e-39
2.2821236936985414e-40
3.528366489438589e-42
3.6357142774050466e-44
2.838081030586429e-35
2.412317630789797e-34
1.3665506692236472e-33
5.159392114825811e-33
1.29823370505318e-32
2.177152111276133e-32
2.433359155106955e-32
2.0917929810447398e-32
1.1888819204267904e-32
4.5033976015461094e-33
1.1369029931474338e-33
1.9128815384323762e-34
2.1450345403031004e-35
1.603105307724484e-36
7.984934582057935e-38
2.6507100279728685e-39
5.864549116115191e-41
8.647460419893337e-43
8.498144003881673e-45
5.565973540545912e-47
2.429627737657508e-49
7.068379925334213e-52
1.3705080181848775e-54
1.7710255426966954e-57
1.5252801458006483e-60
8.754996115065558e-64
3.3492213145597545e-67
8.539123275218444e-71
0.0
0.0
0.0
0.0
0.0
0.0
0.0
0.0
0.0
0.0
0.0
0.0
0.0
0.0
0.0
0.0
0.0
0.0
0.0
0.0
0.0
0.0
0.0
0.0
0.0
0.0
0.0
1.1481991216447047e-05
0.00010610146032271493
0.0006534420229182404
0.00175239384912856
0.00548807451821896
0.011454861101075273
0.015934601368490203
0.014773184694858527
0.009128272571940765
0.003759106415430603
0.0010317208063024147
0.00018872146783299694
2.3007104801624232e-05
1.8693222876147955e-06
1.0122503729585361e-07
3.653198368920003e-09
8.786989610011956e-11
1.4086027076752528e-12
1.5049375311581745e-14
1.0715932651171808e-16
5.085375495384992e-19
1.6084131856318063e-21
3.3904221111762676e-24
4.763119383077739e-27
4.4597520125185265e-30
2.7829890763069284e-33
1.1574276187317604e-36
3.2081726289646476e-40
0.0
0.0
0.0
0.0
0.0
0.0
0.0
0.0
0.0
1.5233445952610865e-33
1.0648051968707886e-32
4.965986310790296e-32
1.5453140227358196e-31
3.208599702681197e-31
4.445418617032873e-31
4.109773255426472e-31
2.5353607224523757e-31
1.0437242701544521e-31
2.8672271166078294e-32
5.256219913560613e-33
6.4301859241682235e-34
5.249454108847295e-35
2.8598678834667605e-36
1.0397242554853095e-37
2.5224844069082105e-39
4.0838824922199707e-41
2.0875744945397934e-42
1.7222607718993856e-44
9.481431296336022e-47
3.483040582104673e-49
8.53774640668817e-52
1.3964244859893327e-54
1.5239460987943076e-57
1.109653321697739e-60
5.390852643595752e-64
1.7472951539258273e-67
3.778326272400705e-71
0.0
0.0
0.0
0.0
0.0
0.0
0.0
0.0
0.0
0.0
0.0
0.0
0.0
0.0
0.0
0.0
0.0
0.0
0.0
0.0
0.0
0.0
0.0
0.0
1.2334260586692464e-34
1.2796095272905414e-33
7.802940420805859e-33
3.1792400133693755e-32
8.657284748079584e-32
1.5759629502250033e-31
1.9183613804402916e-31
1.5618837102588166e-31
8.507689316068755e-32
3.1011611087135574e-32
7.566296564585239e-33
1.235872699266833e-33
1.3516559995191535e-34
9.89953045513015e-36
4.855725818332346e-37
1.595144088595823e-38
3.5095082677308426e-40
2.2053450507779582e-41
2.487079101007769e-43
1.8779813207705543e-45
9.4930910539534e-48
3.2118190377615116e-50
7.271482373533502e-53
1.1013282090842599e-55
1.1156317350460782e-58
7.556509271895948e-62
3.421399763271378e-65
1.035277289583036e-68
1.8161059797511943e-72
0.0
0.0
0.0
0.0
0.0
0.0
0.0
0.0
0.0
0.0
0.0
0.0
0.0
0.0
0.0
0.0
0.0
0.0
0.0
0.0
0.0
0.0
0.0
0.0
0.0
0.0
0.0
0.0
0.0
0.0
0.0
0.0
0.0
0.0
0.0
0.0
0.0
0.0
0.0
0.0
0.0
0.0
0.0
0.0
0.0
0.0
0.0
0.0
0.0
0.0
0.0
0.0
0.0
0.0
0.0
0.0
0.0
0.0
0.0
0.0
0.0
0.0
0.0
0.0
0.0
0.0
0.0
0.0
0.0
0.0
0.0
0.0
0.0
4.00900016546729e-34
3.453046573011988e-33
1.9822131179441835e-32
7.583676590696475e-32
1.933707627813945e-31
3.286119593505187e-31
3.721838016178393e-31
2.8093970270669596e-31
1.4133519342664975e-31
4.7388074754348184e-32
1.058935140137147e-32
1.577070848314824e-33
1.5653613114713722e-34
1.0355224907943377e-35
4.5654755796494405e-37
1.3415104514706095e-38
2.627142590450103e-40
0.0015562800673770566
0.005564786786811432
0.026831254601823503
0.08622138200389995
0.1846590203635124
0.26357706822417376
0.250741527339139
0.15897413078123987
0.06717508109649273
0.018917837380636945
0.0035507191679456846
0.0004441633392484855
3.702973828376239e-05
2.0575013263648986e-06
7.619231220837262e-08
1.8804584028958156e-09
3.093127746571918e-11
3.390888666910761e-13
2.477483398785326e-15
1.2063949857551268e-17
3.915162948360019e-20
8.468211743566499e-23
1.220717368423136e-25
1.172789548253541e-28
7.509423515245761e-32
3.204606120580206e-35
1.4498427158306421e-37
3.1462377006976666e-41
0.0
0.0
0.0
0.0
0.0
0.0
0.0
0.0
0.0
0.0
0.0
0.0
0.0
0.0
0.0
0.0
0.0
0.0
0.0
0.0
0.0
1.9243181148613767e-33
1.3213486310622084e-32
6.046993729058723e-32
1.330419018090234e-31
3.0960867718705694e-31
4.801968993533873e-31
4.963718308733717e-31
3.419608999015293e-31
1.5701000357659762e-31
4.804627734139998e-32
9.798818477067849e-33
1.3318926712166022e-33
1.2065526953180816e-34
7.284586544412559e-36
2.931197412560368e-37
7.860800567492134e-39
1.4049796563744818e-40
1.6736122335500045e-42
1.3286824414392226e-44
7.030222950904693e-47
2.4791257060358306e-49
5.826524101052287e-52
9.126454523234109e-55
9.527439268587157e-58
6.628752933519485e-61
3.073753411282733e-64
9.499216005346397e-68
1.9565369363777676e-71
0.0
0.0
0.0
0.0
0.0
0.0
0.0
0.0
0.0
0.0
0.0
0.0
0.0
0.0
0.0
0.0
0.0
0.0
0.0
0.0
0.0
0.0
0.0
0.0
0.0
0.0
0.0
0.0
0.0
0.0
0.0
0.0
0.0
0.0
0.0
0.0
0.0
0.0
0.0
0.0
0.0
0.0
0.0
0.0
0.0
0.0
0.0
0.0
0.0
0.0
0.0
1.0905777342315933e-36
4.7903002674298225e-36
3.144656349604833e-35
1.3758313336839477e-34
4.011795139411334e-34
7.796395244147768e-34
1.0097886760153054e-33
8.716631623954986e-34
5.014740186228218e-34
1.9227805924183777e-34
4.913518221088416e-35
8.368294585634187e-36
9.498672135496729e-37
7.185721531941564e-38
3.6229256102596717e-39
1.21739075307155e-40
4.973666696881321e-34
3.414009608203977e-33
1.561832120840759e-32
4.761957442876041e-32
9.676498141335545e-32
1.3104862646207437e-31
1.1828461958407356e-31
7.115503387320276e-32
2.85275536097092e-32
7.62263244051935e-33
1.3574597951362506e-33
3.429592338324133e-34
3.1057541730435677e-35
1.874447161898964e-36
7.539818234513854e-38
0.00020164952338371818
0.001873044212254911
0.011595257722067072
0.04784034812326028
0.13154968266005437
0.24108313286300653
0.29445938205869004
0.23969860936437898
0.13004306015677125
0.04702084128713988
0.011331180503079373
0.0018198746212133138
0.0001948001682634547
1.3896925678466692e-05
6.607386174830715e-07
2.0937373183360432e-08
4.421770985864813e-10
6.223745791925983e-12
5.838334770017981e-14
3.65012460375174e-16
1.5209254765776322e-18
4.223667553873116e-21
6.660575916121e-23
9.405809005836264e-26
8.852421350678927e-29
5.552768227224473e-32
2.3213389791600478e-35
6.467689017667485e-39
0.0
0.0
0.0
0.0
0.0
0.0
0.0
0.0
0.0
0.0
0.0
0.0
0.0
0.0
0.0
0.0
0.0
0.0
0.0
0.0
0.0
0.0
0.0
0.0
0.0
0.0
0.0
0.0
0.0
0.0
0.0
0.0
0.0
2.6380748413273385e-35
2.3450022121001e-34
1.3892517402410503e-33
5.485297544323279e-33
1.44344745632911e-32
2.5315313900037136e-32
2.9590152427128096e-32
2.3051152081768854e-32
1.1967945915673533e-32
4.141218523954935e-33
9.550326654594024e-34
1.467877632223954e-34
3.36179941344391e-35
2.6275198389960966e-36
1.3686794884036523e-37
4.751591118872656e-39
1.3332901743903112e-05
8.828304947622112e-05
0.00038959333801694536
0.0011458486722203157
0.002246076572250442
0.0029342924640786182
0.0025548404686380212
0.0014825376229665075
0.0005733623986421188
0.000147786322179221
2.5387551806166054e-05
2.9066246484126197e-06
2.217882987947227e-07
1.127898075254728e-08
3.8228092619297604e-10
8.635290489867885e-12
1.3000283469329197e-13
1.304398349834697e-15
8.72266528260154e-18
3.8874939167772e-20
1.1547069654665042e-22
2.285890364116607e-25
2.876594624741079e-27
2.8957752788854517e-30
1.9428201363983017e-33
8.68724128607861e-37
2.5888847681906915e-40
5.141917505338934e-44
0.0
0.0
0.0
0.0
0.0
0.0
0.0
0.0
0.0
0.0
0.0
0.0
0.0
0.0
0.0
0.0
1.2678600243515387e-05
0.00027609995876312095
0.001827161442791028
0.008119470286851296
0.017586817722962392
0.04020356981236255
0.06163791217251098
0.06334317983432096
0.043609184096751775
0.020102151495663478
0.006201018668772902
0.001279447883354208
0.0001764903962038575
1.626959149393824e-05
1.0019044951313964e-06
4.1202696841914503e-08
1.131221794654522e-09
2.072918434387492e-11
2.534739990185445e-13
2.067850578512815e-15
1.125301848596069e-17
4.084350705006973e-20
9.886216557308369e-23
1.5956846896766625e-25
1.7172651145228938e-28
1.2321684450616417e-31
5.894124417334368e-35
1.8795900496476266e-38
3.9730154486036195e-42
0.0
5.511674184941892e-35
5.194021563842798e-34
3.2621618760389135e-33
1.3654909172741555e-32
3.8093745123073416e-32
7.082720042665389e-32
8.776634813835847e-32
7.24832284331926e-32
3.9895928555434693e-32
1.4635284674108197e-32
3.578123444176976e-33
5.830301486361788e-34
6.331523954426418e-35
4.582548224720238e-36
2.2104840311534973e-37
7.106393762454206e-39
1.5226241092966453e-40
2.174291082054089e-42
2.0693036090819661e-44
1.3125392338684717e-46
5.5485808802966785e-49
1.563266769730444e-51
2.9353900622241203e-54
3.673500397393278e-57
3.063909342754498e-60
2.16690888768797e-62
9.190498128247822e-66
2.597879477899666e-69
0.0
0.0
0.0
0.0
0.0
0.0
0.0
0.0
0.0
0.0
0.0
0.0
0.0
0.0
0.0
0.0
4.7817215502603176e-34
3.992826443511883e-33
2.2292490424088283e-32
8.32096291457583e-32
2.0762209492322155e-31
3.462590783087248e-31
3.8591773163378104e-31
3.316022294050033e-31
1.887308088534069e-31
7.175593651143835e-32
1.8221960091496642e-32
3.0902088009812376e-33
3.4992161693125334e-34
2.6453354878748413e-35
1.3349259784100161e-36
4.4961666211264956e-38
1.0106061450275367e-39
1.5157399080392892e-41
1.5167812673809024e-43
1.012587296534709e-45
4.509333238704283e-48
1.3394449822704954e-50
2.6536009113053367e-53
3.5060085949472903e-56
3.0890735681909704e-59
1.814910952718996e-62
7.110014976936467e-66
1.8571732473829107e-69
0.0
3.586700425167969e-36
3.3856907093305174e-35
2.130006886154434e-34
5.793900304749671e-34
1.853562882198258e-33
3.952075004720622e-33
5.6159674332831144e-33
5.318700447337674e-33
3.35712900311253e-33
1.4122516050760281e-33
3.959475610518584e-34
7.398519375605638e-35
9.213688110919254e-36
7.647222858258907e-37
4.2301477309190586e-38
1.5595125381972782e-39
3.831808134464865e-41
6.274804329341953e-43
6.848227324926934e-45
4.981242639908169e-47
2.4147866937655887e-49
7.80191832085931e-52
1.679985652455838e-54
2.410967157252168e-57
2.305996077164474e-60
1.4699663128375627e-63
6.245076293420255e-67
1.7682744129427054e-70
0.0
0.0
0.0
0.0
0.0
0.0
0.0
0.0
0.0
0.0
0.0
0.0
0.0
0.0
0.0
0.0
0.0
0.0
0.0
0.0
0.0
0.0
0.0
0.0
0.0
0.0
0.0
0.0
0.0
0.0
0.0
0.0
0.0
0.0
0.0
0.0
0.0
0.0
0.0
0.0
0.0
0.0
0.0
0.0
0.0007150393269185054
0.004787775045740437
0.021365796781945442
0.06354567511485458
0.12596052176242714
0.16640426453820564
0.14651294609842117
0.08597438913166075
0.048098554394421796
0.014352504826686673
0.002854334899206507
0.0003783238335294367
3.341981365950068e-05
1.9675505299629765e-06
7.720213544834172e-08
2.0188975462853235e-09
3.518688286798364e-11
4.087227940942823e-13
3.164160247741008e-15
1.6325617978371886e-17
5.613869820336357e-20
1.2865794005816956e-22
1.9651350323698915e-25
2.0004594397843272e-28
1.3572150001824478e-31
6.136900750793151e-35
1.8494010364853535e-38
3.714451070463742e-42
0.0
0.0
0.0
0.0
0.0
0.0
0.0
0.0
0.0
0.0
0.0
0.0
0.0
0.0
2.107203822164831e-34
1.851360734741685e-33
1.0840694355577818e-32
4.230626638389322e-32
1.1003576000698722e-31
1.907412144310318e-31
2.2036204172450673e-31
1.6967215661306214e-31
8.706947393833146e-32
2.977849942011065e-32
6.787678226947736e-33
1.0311485403070669e-33
1.0440054471824002e-34
7.044754224192299e-36
0.0004681034392134238
0.003344691070296555
0.015927651241340875
0.05055091404239202
0.08713943163450838
0.14063537591001435
0.15127110592692963
0.10844235334944625
0.05181117407631075
0.016497930965607276
0.0035012012784715117
0.0004952063704911739
4.6680652257615696e-05
2.932710247230252e-06
1.2279563967205407e-07
3.426717347185701e-09
6.37316509118772e-11
7.899754634185043e-13
6.526097896292623e-15
3.5931480692787216e-17
1.31849410559998e-19
3.224503252068701e-22
5.255681857507428e-25
5.709548801211574e-28
4.213789197594717e-31
1.5072061511477584e-33
1.4188421474474072e-34
1.0253306739803401e-35
4.941732973149759e-37
1.5876827304016076e-38
1.2808367893001902e-39
2.0930946262347415e-41
2.2798874545834665e-43
1.655227956461017e-45
8.009665528991527e-48
2.583312593369121e-50
5.553165731673447e-53
7.95612269309606e-56
7.597248472552451e-59
4.8350692769265425e-62
2.050872105987765e-65
5.797788390215044e-69
0.0
0.0
0.0
0.0
0.0
0.0
0.0
0.0
0.0
0.0
0.0
0.0
0.0
0.0
3.907888697447989e-34
3.081653796353095e-33
1.6272330978566677e-32
5.751032691608311e-32
1.359822394908949e-31
2.1501914388392644e-31
2.272793218665661e-31
1.6053607422417072e-31
7.574798487557912e-32
2.3868499267494177e-32
5.0213255638921106e-33
7.050951480952051e-34
6.607274173576836e-35
7.376902355689501e-07
6.97732143035967e-06
4.3983012728915946e-05
0.0001847833200967946
0.000517394855415685
0.0009655238240785064
0.0012008407879802291
0.0009953811577981199
0.0005498888938328055
0.00020246130381085316
4.968103770215578e-05
8.124952597298298e-06
1.9394346371864643e-06
1.612901720959036e-07
8.939684897021236e-09
3.3023117156301355e-10
8.130092139939996e-12
1.3339956642307545e-13
1.4587971853105427e-15
1.0632048854546616e-17
5.164408158923718e-20
1.6718823069678383e-22
3.6072180313321406e-25
5.187052370299431e-28
4.9710762028371585e-31
3.1751317924809936e-34
1.3516200974554253e-37
3.834679511918042e-41
0.0
0.0
0.0
0.0
0.0
0.0
0.0
0.0
0.0
0.0
0.0
0.0
0.0
0.0
0.0
0.0
0.0
0.0
0.0
0.0
0.0
0.0
0.0
0.0
0.0
0.0
0.0
1.508742060785481e-35
1.2466314054002767e-34
6.865033762581334e-34
2.519583987071611e-33
6.163062186723332e-33
1.0047217604246176e-32
1.091632897379979e-32
7.90476511975622e-33
5.0878160377684605e-33
1.8734682401897333e-33
4.597723167716473e-34
7.520052111133437e-35
8.19748120981445e-36
5.955545648485183e-37
2.8836611996658273e-38
1.910095176926542e-35
1.2300496942664102e-34
5.279500952386623e-34
1.5102356092707722e-33
2.8792414648458427e-33
3.658415414686278e-33
3.098057661366418e-33
1.748507595345744e-33
6.57698873374069e-34
1.6488009190538793e-34
2.7548051865210784e-35
3.0675744459427975e-36
2.276569319747427e-37
1.1260254190719889e-38
3.711906757970416e-40
8.155065816044717e-42
1.1940965144585841e-43
1.1652871009447683e-45
7.578931742319377e-48
2.107781363421876e-49
6.971130248993942e-52
1.5366054964550167e-54
2.2573719055000485e-57
2.210168562348307e-60
1.4422124053583165e-63
6.272123552262922e-67
1.81794831062723e-70
3.511801864875275e-74
0.0
0.0
0.0
0.0
0.0
0.0
0.0
0.0
0.0
0.0
0.0
0.0
0.0
0.0
0.0
0.0
0.0
0.0
0.0
0.0
0.0
0.0
0.0
0.0
0.0
1.1670854379869616e-05
0.00010571128560790495
0.0006381482857852769
0.0025674583528975652
0.006884410469405134
0.012303017829174069
0.014653389664174725
0.011631777655242847
0.006153690271631908
0.0021697351428685246
0.0005098698846097531
7.985342483077394e-05
8.335070578472365e-06
5.798378537560426e-07
2.6883474334277432e-08
8.307029901437664e-10
1.7107545384286755e-11
2.3480707365639193e-13
1.0743876801138932e-14
7.498718925812995e-17
3.488146197104931e-19
1.0813936896980722e-21
2.234367116355869e-24
3.0768532240428974e-27
2.823843187595684e-30
1.7272528610010387e-33
7.041299439973704e-37
1.593930209326445e-34
1.2576800307289302e-33
6.615085004149201e-33
2.3193207675477446e-32
5.420542030637365e-32
8.444572286319205e-32
8.769247121703788e-32
6.070066833753532e-32
2.800709624739383e-32
8.613570329970023e-33
1.7657776677054844e-33
2.4128139659056988e-34
2.197576902861187e-35
1.3341181354398278e-36
5.398487512535864e-38
1.4560465924623802e-39
1.0452853262364947e-40
1.4338670884519798e-42
1.3110002797827743e-44
7.989408399064742e-47
3.2452084728602544e-49
8.78587458340345e-52
1.5854048219560326e-54
1.906806232240415e-57
1.5285606443535127e-60
8.167085256748305e-64
2.9084289528622485e-67
6.9032801615056965e-71
0.0
0.0
0.0
0.0
0.0
0.0
0.0
0.0
0.0
0.0
0.0
0.0
0.0
0.0
0.0
0.0
0.0
0.0
0.0
0.0
0.0
0.0
0.0
0.0
0.0
0.0
0.00013581024081264735
0.0009910858808244768
0.004820272685358611
0.015624764253954987
0.03375490483100065
0.0486006245748813
0.04663675895630886
0.029826096612997996
0.012712940883564556
0.003611413214691242
0.0006837382662823741
8.627483515866668e-05
7.255376234607418e-06
2.1719275947070224e-05
8.359526728096608e-05
0.0004624168713020526
0.0017057355104289683
0.004193460129501258
0.0068709201313795565
0.007503067103269204
0.005460649593690274
0.002648691243079895
0.0008562486712793732
0.00018448031589446943
2.648998454098935e-05
2.5350990019121454e-06
1.6169243148893637e-07
6.873311199653152e-09
1.9472596811689053e-10
3.676743081440849e-12
4.6268374724881475e-14
3.8804916459684274e-16
2.1690562243837617e-18
8.080466135247588e-21
2.0062431532841564e-23
3.319802662867325e-26
3.661192115813168e-29
2.691003831729356e-32
1.3182192884770518e-35
6.538388961941278e-38
1.6287209359896505e-41
0.0
0.0
0.0
0.0
0.0
0.0
0.0
0.0
0.0
0.0
0.0
0.0
0.0
0.0
0.0
0.0
0.0
0.0
0.0
0.0
0.0
0.0
0.0
0.0
0.0
6.004712079162639e-35
4.075480526572027e-34
1.8435163966592177e-33
5.557720923013705e-33
1.1166781384839505e-32
1.4953430646794065e-32
1.3345511255953074e-32
7.938000815790777e-33
3.1467961538011175e-33
8.313954249949912e-34
1.4639565873157529e-34
1.7180283032390576e-35
1.3437360803515223e-36
7.004533083730121e-38
2.4334697472564783e-39
5.634485431132021e-41
8.694890504729915e-43
8.942429448398171e-45
6.129548359903271e-47
2.8001608376275057e-49
8.525483674797658e-52
1.7299622447511076e-54
2.3395685312041685e-57
2.1087080962453198e-60
1.266714401025682e-63
7.198152826805424e-66
2.1988007979856892e-69
4.476434734106734e-73
0.0
0.0
0.0
0.0
0.0
0.0
0.0
0.0
0.0
0.0
0.0
0.0
0.0
0.0
0.0
0.0
0.0
0.0
0.0
0.0
0.0
0.0
0.0
0.0
5.197428049170747e-07
4.644782621745141e-06
2.766456524156116e-05
0.00010981555318171774
0.00029052626838349424
0.0005122577131825764
0.0006019676532631592
0.0004714540294360502
0.0002460861075941217
8.560840196153796e-05
1.9848478977306575e-05
3.067041279852245e-06
3.158592203704101e-07
6.692993954019636e-05
0.0005075171222890577
0.002565674261369684
0.008644397372166832
0.019411070240842848
0.029049976662788895
0.028975013216498872
0.019261186917685646
0.008533437206910492
0.0025196864270915853
0.0004958502587577431
0.00013390211477725444
1.3399668800498238e-05
8.936804144283732e-07
3.9723907739026035e-08
1.1768015644690108e-09
2.323464588196527e-11
3.0573870851299216e-13
2.6813057765509275e-15
1.5671977847689266e-17
6.104959997513031e-20
1.5849785329724839e-22
2.7424931288590596e-25
3.1627306931166674e-28
2.4484520982652015e-31
3.4565902085592116e-34
1.8481576708745764e-35
1.0278975972267304e-36
3.8305379827994315e-38
9.5419065860275e-40
1.588642625995738e-41
1.767610770062786e-43
1.3142232773390095e-45
6.528678661185282e-48
2.1667332085255333e-50
4.803513457414244e-53
7.112704160839723e-56
7.383855356904776e-58
5.578462749819373e-61
2.8140433110309333e-64
9.477227396032016e-68
2.130475707502875e-71
0.0
0.0
0.0
0.0
0.0
0.0
0.0
0.0
0.0
0.0
5.504343678263855e-36
4.4797453010548325e-35
2.4298678283763207e-34
8.784024280118073e-34
2.1163424944599166e-33
3.398285991686973e-33
3.636766738661437e-33
2.5938957389742988e-33
1.2330228737692282e-33
3.906351317523322e-34
8.248082815418767e-35
2.3343986079099654e-35
2.5064515252335896e-36
1.793598170147111e-37
8.554064936005676e-39
2.718951629802142e-40
5.759860543672241e-42
8.132124214698802e-44
7.652046262833556e-46
4.7988007555972586e-48
2.0057158121184417e-50
5.587115201190757e-53
1.037259455092656e-55
1.2834197748997163e-58
1.0583555683047164e-61
5.816691353181832e-65
2.1306003234805084e-68
5.201271280435604e-72
0.0
0.0
0.0
0.0
0.0
0.0
0.0
0.0
0.0
0.0
0.0
0.0
0.0
0.0
0.0
0.0
0.0
0.0
0.0
0.0
0.0
0.0
0.0
0.0
0.0
0.0
0.0
0.0
0.0
0.0
0.0
0.0
0.0
0.0
0.0
0.0
0.0
0.0
0.0
0.0
0.0
0.0
0.0
0.0
0.0
0.0
0.0
0.0
0.0
0.0
0.0
0.0
0.0
0.0
0.0
0.0
0.0
0.0
0.0
0.0
0.0
0.0
0.0
0.0
0.0
0.0
0.0
0.0
0.0
0.0
0.0
0.0
0.0
0.0
0.0
0.0
0.0
0.0
0.0
0.0
0.0
0.0
0.0
0.0
0.0
0.0
0.0
0.0
0.0
0.0
0.0
0.0
0.0
0.0
0.0
0.0
0.0
0.0
0.0
0.0
0.0
0.0
0.0
0.0
0.0
0.0
0.0
0.0
0.0
0.0
0.0
0.0
0.0
0.0
0.0
0.0
0.0
0.0
0.0
0.0
0.0
0.0
0.0
0.0
0.0
0.0
0.0
0.0
0.0
0.0
0.0
0.0
0.0
0.0
0.0
0.0
0.0
0.0
0.0
0.0
0.0
0.0
0.0
0.0
0.0
0.0
0.0
0.0
0.0
0.0
0.0
0.0
0.0
0.0
0.0
0.0
0.0
0.0
0.0
0.0
0.0
0.0
0.0
0.0
0.0
0.0
0.0
0.0
0.0
0.0
0.0
0.0
0.0
0.0
0.0
0.0
0.0
0.0
0.0
0.0
0.0
0.0
0.0
0.0
0.0
0.0
0.0
0.0
0.0
0.0
0.0
0.0
0.0
0.0
0.0
0.0
0.0
0.0
0.0
0.0
0.0
0.0
0.0
0.0
0.0
0.0
0.0
0.0
0.0
0.0
0.0
0.0
0.0
0.0
0.0
0.0
0.0
0.0
0.0
0.0
0.0
0.0
0.0
0.0
0.0
0.0
0.0
0.0
0.0
0.0
0.0
0.0
0.0
0.0
0.0
0.0
0.0
0.0
0.0
0.0
0.0
0.0
0.0
0.0
0.0
0.0
0.0
0.0
0.0
0.0
0.0
0.0
0.0
0.0
0.0
0.0
0.0
0.0
0.0
0.0
0.0
0.0
0.0
0.0
0.0
0.0
0.0
0.0
0.0
0.0
0.0
0.0
0.0
0.0
0.0
0.0
0.0
0.0
0.0
0.0
0.0
0.0
0.0
0.0
0.0
0.0
0.0
0.0
0.0
0.0
0.0
0.0
0.0
0.0
0.0
0.0
0.0
0.0
0.0
0.0
0.0
0.0
0.0
0.0
0.0
0.0
0.0
0.0
0.0
0.0
0.0
0.0
0.0
0.0
0.0
0.0
0.0
0.0
0.0
0.0
0.0
0.0
0.0
0.0
0.0
0.0
0.0
0.0
0.0
