a = 4.895942936505064 b = 4.895942936505064 c = 13.833762220415283 ,Gaussian ,LMH = 0.08 ,DW = [0.6 0.6]
0.0
0.0
0.0
0.0
0.0
0.0
0.0
0.0
0.0
0.0
0.0
0.0
0.0
0.0
0.0
0.0
0.0
0.0
0.0
0.0
0.0
0.0
0.0
0.0
0.0
0.0
0.0
0.0
0.0
0.0
0.0
0.0
0.0
0.0
0.0
0.0
0.0
0.0
0.0
0.0
0.0
0.0
0.0
0.0
0.0
0.0
0.0
0.0
0.0
0.0
0.0
0.0
0.0
0.0
0.0
0.0
0.0
0.0
0.0
0.0
0.0
0.0
0.0
0.0
0.0
0.0
0.0
0.0
0.0
0.0
0.0
0.0
0.0
0.0
0.0
8.78465357123468e-34
7.055527395198576e-33
3.776729440239799e-32
1.3473605058534864e-31
3.2035632328147656e-31
5.076499367397287e-31
5.361384079160922e-31
3.773731982316679e-31
1.7702994434686645e-31
5.534825859400407e-32
1.1533011844710352e-32
1.6016332011431222e-33
1.4823983948298143e-34
9.14425560802545e-36
3.759354898209482e-37
1.0300536478004599e-38
7.472370255011043e-40
1.0411360416165503e-41
9.668033066892251e-44
5.983431472526999e-46
2.4679937981237146e-48
6.784523556930512e-51
1.2430144967421794e-53
1.5178001128035275e-56
1.235192130457843e-59
6.699401398094433e-63
2.4216926921578577e-66
5.834230872991698e-70
0.0
0.0
0.0
0.0
0.0
0.0
0.0
0.0
0.0
0.0
0.0
0.0
0.0
0.0
0.0
0.0
0.0
0.0
0.0
0.0
0.0
0.0
0.0
0.0
0.0
0.0
0.0
0.0
0.0
0.0
0.0
0.0
0.0
0.0
0.0
0.0
0.0
0.0
0.0
0.0
0.0
0.0
0.0
0.0
0.0
0.0
0.0
0.0
0.0
0.0
0.0
0.0
0.0
0.0
0.0
0.0
0.0
0.0
0.0
0.0
0.0
0.0
0.0
0.0
0.0
0.0
0.0
0.0
0.0
0.0
0.0
0.0
0.0
0.0
0.0
0.0
0.0
0.0
0.0
0.0
0.0
0.0
0.0
0.0
0.0
0.0
0.0
0.0
0.0
0.0
0.0
0.0
0.0
0.0
0.0
0.0
0.0
0.0
0.0
0.0
0.0
0.0
0.0
0.0
0.0
0.0
0.0
0.0
0.0
0.0
0.0
0.0
0.0
0.0
0.0
0.0
0.0
0.0
0.0
0.0
0.0
0.0
0.0
0.0
0.0
0.0
0.0
0.0
0.0
0.0
0.0
0.0
0.0
0.0
0.0
0.0
0.0
0.0
0.0
0.0
0.0
0.0
0.0
0.0
0.0
0.0
0.0
0.0
0.0
0.0
0.0
0.0
0.0
0.0
0.0
0.0
0.0
0.0
0.0
0.0
0.0
0.0
0.0
0.0
0.0
0.0
0.0
0.0
0.0
0.0
0.0
0.0
0.0
0.0
0.0
0.0
0.0
0.0
0.0
0.0
0.0
0.0
0.0
0.0
0.0
0.0
0.0
0.0
1.1404391818026574e-33
1.034622233069264e-32
6.255658493427774e-32
2.5208430395495165e-31
6.770178614424762e-31
1.0440882325360132e-30
1.4259165274300149e-30
1.2978740610204697e-30
7.873222972503473e-31
3.1831279598550255e-31
8.577035189806857e-32
1.5402876548748218e-32
1.843520730211704e-33
1.4705363514920149e-34
7.817808931379398e-36
2.7699752427941016e-37
6.541062083219647e-39
1.0294427587043698e-40
1.0797859771207231e-42
7.548396617762575e-45
3.5168454857472364e-47
1.0920270908969959e-49
2.2599305095226454e-52
3.1170107943796333e-55
2.8652536567356716e-58
1.755372914365945e-61
7.167327649973026e-65
1.950413400718472e-68
0.0
0.0
0.0
0.0
0.0
0.0
0.0
0.0
0.0
0.0
0.0
0.0
0.0
0.0
0.0
0.0
0.0
0.0
0.0
0.0
0.0
0.0
0.0
0.0
0.0
0.0
0.0
0.0
0.0
0.0
0.0
0.0
0.0
0.0
0.0
0.0
0.0
0.0
0.0
0.0
0.0
0.0
0.0
0.0
0.0
0.0
0.0
0.0
0.0
0.0
0.0
0.0
0.0
0.0
0.0
0.0
0.0
0.0
0.0
0.0
0.0
0.0
0.0
0.0
0.0
0.0
0.0
0.0
0.0
0.0
0.0
0.0
0.0
0.0
0.0
0.0
0.0
0.0
0.0
0.0
0.0
0.0
0.0
0.0
0.0
0.0
0.0
0.0
0.0
0.0
0.0
0.0
0.0
0.0
0.0
0.0
0.0
0.0
0.0
0.0
0.0
0.0
0.0
0.0
0.0
0.0
0.0
0.0
0.0
0.0
0.0
0.0
0.0
0.0
0.0
0.0
0.0
0.0
0.0
0.0
0.0
0.0
0.0
0.0
0.0
0.0
0.0
0.0
0.0
0.0
0.0
0.0
0.0
0.0
0.0
0.0
0.0
0.0
0.0
0.0
0.0
0.0
0.0
0.0
0.0
0.0
0.0
0.0
0.0
0.0
0.0
0.0
0.0
0.0
0.0
0.0
0.0
0.0
0.0
0.0
0.0
0.0
0.0
0.0
0.0
0.0
0.0
0.0
0.0
0.0
0.0
0.0
0.0
0.0
0.0
0.0
0.0
0.0
0.0
0.0
0.0
0.0
0.0
0.0
0.0
0.0
0.0
0.0
0.0
0.0
7.4909407572311e-34
6.751465212826649e-33
4.0554705717922396e-32
1.6235513254231766e-31
4.331839319185124e-31
7.703005422605693e-31
9.129134726582097e-31
7.210752303576719e-31
3.7958853493429675e-31
1.3317636104735366e-31
3.1140296938974965e-32
4.852883920204115e-33
5.040325748726743e-34
3.48898301540989e-35
1.6096099706255004e-36
4.949074598705403e-38
1.0141656452593037e-39
1.3850815289026186e-41
1.2607336037809008e-43
4.3868843247197156e-45
2.030517581673889e-47
6.263814298670293e-50
1.287812219507208e-52
1.7646060243286354e-55
1.611478522576213e-58
9.808053678678696e-62
3.978530525506603e-65
1.0755834305698532e-68
0.0
0.0
0.0
0.0
0.0
0.0
0.0
0.0
0.0
0.0
0.0
0.0
0.0
0.0
0.0
0.0
0.0
0.0
0.0
0.0
0.0
0.0
0.0
0.0
0.0
0.0
0.0
0.0
0.0
0.0
3.975834391150048e-34
2.8666190746353255e-33
1.377505161595406e-32
4.411619335807764e-32
9.416388676523542e-32
1.3395294602010026e-31
1.2699941214956444e-31
8.024771964587358e-32
3.379443871873541e-32
9.485043426132443e-33
1.7742505870615996e-33
2.2119338752608417e-34
4.405999613275533e-35
2.793214045556821e-36
1.180172601290931e-37
3.323291117634241e-39
6.236957631942441e-41
7.801152165777271e-43
6.503187152897688e-45
3.613061085953182e-47
1.3378453209937677e-49
3.301551317500827e-52
5.4301490222461286e-55
5.9523298905443095e-58
4.3485431642735044e-61
2.117298676692514e-64
6.87071627902421e-68
1.4859474540515492e-71
0.0
0.0
0.0
0.0
0.0
7.749937335678825e-34
5.126723541466697e-33
2.2602847494067074e-32
6.641527251538739e-32
1.3006316299982647e-31
1.6249727149216296e-31
1.61821046640128e-31
1.0740029808242038e-31
4.750699011303073e-32
1.4005257337254433e-32
2.7517325340585596e-33
3.6033204980137884e-34
3.144713710237327e-35
1.829114464575638e-36
7.090587200508138e-38
1.831913945704515e-39
3.1543471190168394e-41
3.619890605684736e-43
2.7686174841757667e-45
1.4112761960804184e-47
4.794492280763008e-50
1.0855623669883216e-52
1.6381304495033895e-55
1.6474935954791362e-58
1.1042833780416226e-61
4.933088234279818e-65
1.4687192258603304e-68
2.9143400501665815e-72
0.0
0.0
0.0
0.0
0.0
0.0
0.0
0.0
0.0
0.0
0.0
0.0
0.0
0.0
0.0
0.0
0.0
0.0
0.0
0.0
0.0
0.0
0.0
0.0
0.0
0.0
0.0
0.0
0.0
0.0
0.0
0.0
0.0
0.0
0.0
0.0
0.0
0.0
0.0
0.0
0.0
0.0
0.0
0.0
0.0
0.0
0.0
0.0
0.0
0.0
0.0
0.0
0.0
0.0
0.0
0.0
0.0
0.0
0.0
0.0
0.0
0.0
0.0
0.0006269954739489013
0.004869204436175893
0.025201892828811828
0.08693403946489317
0.19986102377067633
0.3062301193791833
0.3127153846882212
0.21282965455008435
0.09653761843046572
0.029183848983808786
0.0058799022497774255
0.0007895491881326993
7.06593803529778e-05
4.214460677207963e-06
1.6753121403740207e-07
4.4384467468344955e-09
7.836963778965953e-11
4.24156946249969e-12
3.808430109231477e-14
2.2790137453521776e-16
9.089279266646391e-19
2.4159809089072144e-21
4.27995395985719e-24
5.053197173561611e-27
3.976261517026316e-30
2.085283868981959e-33
7.288480153677269e-37
1.697814802141132e-40
0.0
0.0
0.0
0.0
0.0
0.0
0.0
0.0
0.0
0.0
1.0998220228577392e-34
8.865437999486164e-34
4.76276913197122e-33
1.705298506831261e-32
3.1856289755353664e-32
5.800142382018382e-32
7.038233401743041e-32
5.692069878281246e-32
3.0680210105877965e-32
1.1021177173585201e-32
2.638634198230449e-33
4.210289294759449e-34
4.477403526684229e-35
3.17338002970948e-36
1.4989925690218183e-37
4.7190917777220755e-39
9.901452664351057e-41
1.3845892509537196e-42
1.2904005634619387e-44
8.015113571021726e-47
3.3179998740566935e-49
9.154288560262709e-52
1.6832723094257222e-54
2.062840780360887e-57
1.684839694450656e-60
9.171344594474629e-64
3.327277209638067e-67
8.045008500357254e-71
0.0
0.0
0.0
0.0
0.0
0.0
0.0
0.0
0.0
0.0
0.0
0.0
0.0
0.0
0.0
0.0
0.0
0.0
0.0
0.0
0.0
0.0
0.0
0.0
0.0
0.0
0.0
0.0
0.0
0.0
0.0
0.0
0.0
0.0
0.0
0.0
0.0
0.0
0.0
0.0
0.0
0.0
0.0
0.0
0.0
0.0
0.0
0.0
0.0
0.0
0.0
0.0
0.0
0.0
0.0
0.0
0.0
0.0
0.0
0.0
0.0
0.0
0.0
0.0
0.0
0.0
0.0
0.0
1.2730029433871981e-33
1.0253425043421032e-32
5.504147482088488e-32
1.9692130793149284e-31
4.695446637909893e-31
7.461783690869081e-31
7.902963009487007e-31
5.578517392129342e-31
2.624394880121404e-31
8.228508468440178e-32
1.719470016789021e-32
4.832936903020837e-33
5.135552724605019e-34
3.637012616573947e-35
1.7166587483482733e-36
5.40013581706824e-38
1.1321577469457146e-39
1.581942707058118e-41
1.4731809929200973e-43
9.143300879099321e-46
3.782086557621278e-48
1.0426570036626206e-50
1.9157243251752539e-53
2.34588171941972e-56
1.9145237417999496e-59
1.041350548033877e-62
3.774980318301833e-66
9.120402010001884e-70
0.0
0.0
0.0
0.0
0.0
0.0
0.0
0.0
0.0
0.0
0.0
0.0
0.0
0.0
0.0
0.0
0.0
0.0
0.0
0.0
0.0
0.0
0.0
0.0
0.0
0.0
0.0
0.0
0.0
0.0
0.0
0.0
0.0
0.0
0.0
0.0
0.0
0.0
0.0
0.0
0.0
0.0
0.0
0.0
0.0
0.0
0.0
0.0
0.0
0.0
0.0
0.0
0.0
0.0
0.0
0.0
0.0
0.0
0.0
0.0
0.0
0.0
0.0
0.0
0.0
0.0
0.0
0.0
0.0
0.0
0.0
0.0
0.0
0.0
0.0
0.0
0.0
0.0
0.0
0.0
0.0
0.0
0.0
0.0
0.0
0.0
0.0
0.0
0.0
0.0
0.0
0.0
0.0
0.0
0.0
0.0
0.0
0.0
0.0
1.1342799362468444e-34
8.850781058398883e-34
4.6028253210422266e-33
1.5953241426057122e-32
3.6851479612935507e-32
5.673387796383057e-32
5.821187106442546e-32
3.9807251760361725e-32
1.814238506611943e-32
5.510717063131067e-33
1.1155868720147556e-33
1.5051515302142209e-34
1.3534387364843653e-35
2.1682617776625778e-36
9.914542348060513e-38
3.0214483758199274e-39
6.136761324960696e-41
8.307011952255167e-43
7.494315738108032e-45
4.50609854403e-47
1.805722178603075e-49
4.822616498986696e-52
8.584125752115546e-55
1.0183356852196416e-57
8.051325835380745e-61
4.242534580608324e-64
1.4899267832855263e-67
3.487273517025782e-71
0.0
0.0
0.0
0.0
0.0
0.0
0.0
0.0
0.001029711203816712
0.00893428268306965
0.030110875551451453
0.13285264816377826
0.390659685035707
0.7656116330721682
1.0
0.8705085168132826
0.5050421174677421
0.19528267616182515
0.05032472230439697
0.008643320243699485
0.0009893759968495183
7.54785734554377e-05
3.8376692759258665e-06
1.3004478926281132e-07
2.9369727254959664e-09
4.420673292633205e-11
4.4346410660748e-13
2.96490018467746e-15
1.3211229228525237e-17
3.923357897255099e-20
7.765227332985165e-23
1.0243113148072354e-25
9.005157515695086e-29
5.276333106150069e-32
2.060414728814873e-35
5.362392932981131e-39
0.0
0.0
0.0
0.0
0.0
0.0
0.0
0.0
0.0
0.0
0.0
0.0
0.0
0.0
0.0
0.0
0.0
0.0
0.0
0.0
0.0
0.0
0.0
0.0
0.0
0.0
0.0
0.0
0.0
0.0
0.0
0.0
0.0
0.0
0.0
0.0
0.0
0.0
0.0
0.0
0.0
0.0
0.0
0.0
0.0
0.0
0.0
0.0
0.0
0.0
0.0
0.0
0.0
0.0
0.0
0.0
0.0
0.0
0.0
0.0
0.0
0.0
0.0
0.0
0.0
0.0
0.0
0.0
0.0
0.0
0.0
0.0
0.0
0.0
0.0
0.0
0.0
0.0
0.0
0.0
0.0
0.0
0.0
0.0008849357352939839
0.007320511138864054
0.04036013653248059
0.14830144949852458
0.36317815093099326
0.592755481297564
0.6447821296417092
0.4674465450628089
0.22585643265544958
0.07273015657740958
0.01560910956218832
0.0022326635571500546
0.00021283840047442266
1.3522538838407022e-05
5.725956398428305e-07
1.6159182433333103e-08
3.0392909692233497e-10
3.809839878984585e-12
3.182897956332203e-14
1.7722307001395703e-16
4.443782650593069e-18
1.2582094117979374e-20
2.3742945641310823e-23
2.9860558130671644e-26
2.504708008522906e-29
4.406394062084346e-32
3.326532682048775e-32
2.4508864285367375e-32
1.2036606132479048e-32
3.9397302153076554e-33
8.594299122107662e-34
1.2494992366946767e-34
1.2107182068249278e-35
7.818648692093535e-37
3.3651302178709746e-38
9.652806429710547e-40
1.8453844989210722e-41
2.3512655861763006e-43
1.996632126653719e-45
1.1299935651978717e-47
4.262215794712194e-50
1.0714611930610959e-52
1.795142819301502e-55
2.004486402440622e-58
1.4917250098249834e-61
7.398709500920784e-65
3.700283271459875e-67
9.33264523871531e-71
0.0
0.0
0.0
0.0
0.0
0.0
0.0
0.0
0.0
0.0
0.0
0.0
0.0
0.0
0.0
0.0
0.0
0.0
0.0
0.0
0.0
0.0
0.0
0.0
0.0
1.2280619576533743e-33
9.451390551533731e-33
4.84788924096689e-32
1.6572621691674183e-31
3.7758200872937526e-31
5.733711867465013e-31
5.805070442488597e-31
7.593943932480176e-05
0.0005165369897072997
0.0023416232215008664
0.0070747997781492305
0.01424599668568478
0.01911846730129501
0.0170999505472463
0.010193379291450571
0.004049701963509926
0.0010722831686104245
0.00018922454237194964
2.2254968625536585e-05
1.7444481171383424e-06
9.113195278125669e-08
3.172961801708554e-09
7.362758560329285e-11
1.138669854179242e-12
5.641616042916841e-14
4.4367337736129543e-16
2.325437983190007e-18
8.123210403432312e-21
1.89117705835923e-23
2.934392659887352e-26
3.034490712572019e-29
2.0913896083771105e-32
9.606509733655066e-36
2.940883743406144e-39
6.000281622274206e-43
0.0
0.0
0.0
0.0
0.0
0.0
0.0
0.0
0.0
0.0
0.0
0.0
0.0
0.0
0.0
0.0
0.0
0.0
0.0
0.0
0.0
0.0
0.0
0.0
0.0
0.0
0.0
0.0
0.0
0.0
0.0
0.0
0.0
0.0
0.0
0.0
0.0
0.0
0.0
0.0
0.0
0.0
0.0
0.0
0.0
0.0
0.0
0.0
0.0
0.0
0.0
0.0
0.0
0.0
0.0
0.0
0.0
0.0
0.0
0.0
0.0
0.0
0.0
0.00029818014493219845
0.002281104336979014
0.011630359177150697
0.027499574359754524
0.07129786563731544
0.12319941183822823
0.14188036206803306
0.10889739475445369
0.05570500786242991
0.01899120571085337
0.004315115099594175
0.0006534521315260857
6.595029183714881e-05
4.436098825547749e-06
1.9886907409583252e-07
5.9417563507919415e-09
1.1831613507950512e-10
1.5701988618284756e-12
1.3888229678500744e-14
8.186922328833691e-17
3.21644402894777e-19
8.421954190912579e-22
1.4697088166843093e-24
1.7093510863024474e-27
1.3249905880654525e-30
6.845037985318154e-34
2.356787792087293e-37
5.408124058874785e-41
0.0
0.0
1.257007022287235e-34
8.547694460391116e-34
3.8738412904817674e-33
1.1700817515363643e-32
2.3554404920147936e-32
3.1601639561532477e-32
2.825716855461133e-32
1.6839500969587069e-32
6.688232170594394e-33
1.7704147202647705e-33
3.12334696430477e-34
3.672374806357262e-35
2.8777649272747074e-36
1.502952238197635e-37
5.2313839049472444e-39
1.2135831907667163e-40
1.8763077015810823e-42
3.028902597012633e-35
2.444950996942128e-34
1.3153355534746689e-33
4.7161163128061494e-33
1.1269742782162878e-32
1.7948371436569564e-32
1.9050994049604967e-32
1.34769551283798e-32
8.540344766823775e-33
3.072218673044396e-33
7.365638394850429e-34
1.1769288577975137e-34
1.2533477265264396e-35
8.895584545629e-37
4.207837444088597e-38
1.3265540943880609e-39
2.7872281722933354e-41
3.9030276674114625e-43
3.6426067237343547e-45
2.2657108693682496e-47
9.392435893086402e-50
2.5949771564695063e-52
4.778266706233847e-55
5.863930074899028e-58
4.796105492459082e-61
2.61438907110547e-64
9.4980239405019e-68
2.299735284846428e-71
0.0
0.0
0.0
0.0
0.0
0.0
0.0
0.0
0.0
0.0
0.0
0.0
0.0
0.0
0.0
0.0
0.0
0.0
0.0
0.0
0.0
0.0
0.0
0.0
2.5426661125752905e-05
0.00020127233494141028
0.0010618431820392377
0.0037335178242529844
0.008748984022744197
0.013664022422160579
0.014222667487813262
0.011659598008783204
0.006171470373402763
0.0021770844094562546
0.0005118508575088337
8.020346860126133e-05
8.375763667488774e-06
5.829579465295072e-07
2.7041550344818626e-08
8.360023444139972e-10
1.722522692202971e-11
2.365396537334421e-13
2.1648335490488545e-15
1.3204641379881797e-17
5.367972227099276e-20
1.4543718424590751e-22
2.626166175942661e-25
3.1604652986682806e-28
2.56590700291224e-31
1.678915703793121e-32
5.960750299891217e-32
1.4219135339468556e-31
2.2606188590717358e-31
2.3953173103160176e-31
1.6915323498034954e-31
7.961210570071464e-32
2.497235281925853e-32
9.201964562999831e-33
1.467788524651437e-33
1.5603713504683363e-34
1.1055388165627515e-35
5.220373444789888e-37
1.6428983601741044e-38
3.4458896737892954e-40
4.816966093374525e-42
7.605421711068966e-35
6.1209579077121175e-34
3.283197695464058e-33
1.1736976194514028e-32
2.796384983959239e-32
4.440370893832608e-32
4.699190825416521e-32
3.31442704079024e-32
1.5580284865198644e-32
4.881169315736579e-33
1.0191870559301129e-33
1.4182914156825116e-34
1.3154023017619194e-35
8.130799819190654e-37
3.3495733179385646e-38
9.196599122996754e-40
1.6828545142077618e-41
9.327393725038702e-43
8.67925015164996e-45
5.382519974134194e-47
2.2246958402153835e-49
6.128260014176377e-52
1.1250848393938163e-54
1.376622646532228e-57
1.1226027328995338e-60
6.101250113097233e-64
2.2100042581827545e-67
5.335178329895488e-71
0.0
0.0
0.0
0.0
0.0
0.0
0.0
0.0
0.0
0.0
0.0
0.0
0.0
0.0
0.0
3.029358877387996e-34
2.2687924834924954e-33
1.1324534830512774e-32
3.767276679728646e-32
8.35249473921517e-32
1.2342025873167455e-31
1.215453203026202e-31
7.977587577615409e-32
3.4896869298711375e-32
1.0173793100800231e-32
1.9767915868044696e-33
2.5598847605164103e-34
2.2093345998284035e-35
1.2708202345627986e-36
4.871787050304599e-38
1.2447267425169112e-39
2.119538414540126e-41
2.405415538754305e-43
1.8193677004717604e-45
9.171331612405648e-48
3.081242370845502e-50
6.899233984070166e-53
1.0295736877978903e-55
1.023989596141644e-58
6.787583753910043e-62
2.9985852959986036e-65
1.3883045195704981e-67
3.1188071653725166e-71
0.0
0.0
0.0
0.0
0.0
0.0
0.0
0.0
0.0
0.0
0.0
0.0
0.0
0.0
0.0
0.0
0.0
0.0
0.0
0.0
0.0
0.0
0.0
0.0
0.0
0.0
0.0
0.0
0.0
0.0
0.0
0.0
0.0
0.0
0.0
0.0
0.0
0.0
0.0
0.0
0.0
0.0
0.0
0.0
0.0
0.0
0.0
0.0
0.0
0.0
0.0
0.0
0.0
0.0
0.0
0.0
0.0
0.0
1.123951006423874e-33
7.996876078791532e-33
3.792057377063932e-32
1.1984253361484073e-31
2.5242281877669376e-31
3.5434620877962916e-31
3.3151907127154026e-31
2.067144288562548e-31
8.590424293216029e-32
2.3792494955940406e-32
4.391843998237203e-33
5.403005041099442e-34
4.430016955430945e-35
2.4207890840066617e-36
8.816375203327367e-38
2.139955412842874e-39
3.461791706443915e-41
1.7673908362010717e-42
1.453889458372185e-44
7.970980094831074e-47
2.912551476013405e-49
7.092789043735367e-52
1.1511767895920535e-54
1.2452270731578492e-57
8.977111766461993e-61
4.313266162347644e-64
0.001270095660187379
0.008212006251610017
0.035386992885328254
0.10162945446894522
0.19452574092480282
0.24815104599732501
0.2109777664763822
0.11954703761017386
0.045146334524019116
0.011362861679523514
0.0019060508952900342
0.0002130898747389486
1.5877154957392364e-05
7.884317427549687e-07
2.6093784214955504e-08
5.755612942555817e-10
8.461115871711178e-12
4.05277547232936e-13
3.0296411187701247e-15
1.509424437952336e-17
5.0120236985461835e-20
1.1091656327145457e-22
1.63592200309415e-25
1.6118442029993902e-28
2.9027256425709456e-31
6.059049240738666e-32
1.321119073497444e-32
1.9212768146062798e-33
1.8621724967054618e-34
1.2029052575086894e-35
5.178744513773492e-37
1.485932554708434e-38
2.841549704526109e-40
3.6215373193364006e-42
3.0761833757548174e-44
1.7414580810836354e-46
6.570453971702511e-49
1.652187293337006e-51
2.768883775050097e-54
3.092656767378018e-57
2.3021852569716795e-60
1.142168981603064e-63
5.713355974783021e-66
1.4413981406801546e-69
0.0
0.0
0.0
0.0
0.0
0.0
0.0
0.0
0.0
0.0
0.0
0.0
0.0
0.0
0.0
0.0
0.0
0.0
0.0
0.0
0.0
0.0
0.0
0.0
0.0
0.0
0.0
0.0
0.0
0.0
0.0
0.0
0.0
0.0
0.0
0.0
0.0
0.0
6.995037822699929e-37
6.522717360419706e-36
4.0536719671574e-35
1.6789980478105397e-34
4.634824872555032e-34
8.52703439640887e-34
1.0455486580895514e-33
8.54421230861937e-34
4.653517610461873e-34
1.6891656468797887e-34
4.0864356777437147e-35
6.588683447002876e-36
1.55788532325339e-36
1.2772974385299484e-37
6.979593745827736e-39
2.5418492873981613e-40
6.169514602966061e-42
9.98007361307193e-44
1.0759647437307697e-45
7.73114618956554e-48
3.702297196744571e-50
1.1816264915143858e-52
2.5134526502627427e-55
3.563220886890849e-58
3.366637300863181e-61
2.1199785392974788e-64
8.897093331583451e-68
2.4885500309405713e-71
0.0
0.0
0.0
0.0
0.0
0.0
0.0
0.0
0.0
0.0
0.0
0.0
0.0
0.0
0.0
0.0
0.0
0.0
0.0
0.0
0.0
0.0
0.0
0.0
0.0
0.0
3.8443448453722563e-34
2.735187656789377e-33
1.296980558775404e-32
4.098843651962957e-32
8.633179829866926e-32
0.0006019045153604659
0.004579172270000572
0.02321816596016393
0.0784603765970846
0.14102612295173342
0.24233973245433132
0.27754360804749173
0.21184556852546269
0.10776781702510915
0.03653762684060005
0.008256065589015642
0.0012433330586063304
0.00012479103191204025
8.34758440410589e-06
3.721515311875758e-07
1.1057586606964035e-08
2.189689002614299e-10
2.8899216794114645e-12
2.5419748942976374e-14
1.490177456610689e-16
5.822188598503687e-19
1.5160589827789855e-21
2.63104014514917e-24
3.043129258540221e-27
2.3458210158652903e-30
1.2051771642312118e-33
4.1265628449396544e-37
9.416891817137857e-41
0.0
0.0
0.0
0.0
0.0
0.0
0.0
0.0
0.0
0.0
0.0
0.0
0.0
0.0
0.0
0.0
0.0
0.0
0.0
0.0
0.0
0.0
0.0
0.0
0.0
0.0
0.0
0.0
0.0
0.0
0.0
0.0
0.0
0.0
0.0
0.0
0.0
0.0
0.0
0.0
0.0
0.0
0.0
0.0
0.0
0.0
0.0
0.0
0.0
0.0
0.0
0.0
0.0
0.0
0.0
0.0
0.0
0.0
0.0
0.0
0.0
0.0
0.0
0.0
0.0
0.0
0.0
2.900424613387939e-35
2.5782066633872077e-34
6.903910428884044e-05
0.0005717700292422733
0.0031559431685559006
0.01160963347866705
0.02846357147638288
0.046509516415164244
0.05064957477813794
0.03676133982497957
0.01778231944131375
0.005732803182528064
0.0021513957591687374
0.0003526967946798006
3.8535789907011595e-05
1.2328094213379575e-05
6.552291161662839e-05
0.00029925457390020757
0.0009127688621232162
0.001855533016859423
0.0025139587618662777
0.002270017267614248
0.0013660975750253393
0.0005479183283553443
0.0001464642001403939
2.609328082841392e-05
3.0981856690914574e-06
2.4517023385228457e-07
1.2930329441028244e-08
4.544990575242109e-10
1.064726178193949e-11
1.6623574934075833e-13
1.7297863548365663e-15
1.199615466990537e-17
5.544637967149807e-20
1.707992190253622e-22
3.5065506372086816e-25
4.7979519824256985e-28
4.719984933436242e-30
3.284119678395678e-33
1.5229262975846877e-36
4.706741480641692e-40
9.694900417488431e-44
0.0
0.0
0.0
0.0
0.0
0.0
0.0
0.0
0.0
0.0
0.0
0.0
0.0
0.0
4.195158352583823e-05
0.0002934655853936981
0.0013681935780636297
0.004251277599810596
0.008803855980304247
0.012150885896871104
0.011176980777335704
0.008437939458633003
0.003946894761913205
0.0012304280881317896
0.00025564568967846715
3.5399918401052485e-05
3.2669884222837107e-06
2.009437385568651e-07
8.237262553896722e-09
2.2504682379700082e-10
4.097740150754849e-12
4.972759897961037e-14
4.021907834000027e-16
2.167945128562835e-18
7.788359788352731e-21
1.8647700010534145e-23
2.9756790701765427e-26
3.1646701803880726e-29
2.2431192767060487e-32
1.0596387422726424e-35
3.3361443803021585e-39
7.0002474956063754e-43
1.8038196766690435e-72
0.0
0.0
0.0
0.0
0.0
1.1032923703578067e-33
7.500945912787037e-33
3.391434986483735e-32
1.0226822022834191e-31
2.0574017687649394e-31
2.7625170833837062e-31
2.477198359781289e-31
1.484751678802058e-31
5.95514991325763e-32
1.6009266279035744e-32
2.890796866746918e-33
3.5158883236212977e-34
2.890172243475369e-35
1.6123064821459738e-36
6.130844359061402e-38
1.5958360327377516e-39
2.853207824352584e-41
3.5105336514304155e-43
2.972160343792742e-45
1.7280298293117133e-47
6.87523517801953e-50
1.863885397505679e-52
3.427977030532074e-55
4.259883450223156e-58
3.953434703470328e-60
2.537669643327859e-63
1.092312103023353e-66
3.1474646057071286e-70
5.95826882641212e-74
0.0
0.0
0.0
0.0
0.0
0.0
1.3780157907821768e-34
1.109764546042369e-33
5.956471200624839e-33
2.1307318349816577e-32
5.079840674767961e-32
8.071475556743688e-32
8.547464954415577e-32
6.032582499911237e-32
2.837597280188456e-32
8.895693207854091e-33
1.8586190421995046e-33
2.5881087210652953e-34
2.4019070574486947e-35
1.485632626264701e-36
6.124183666653606e-38
5.833200700387702e-39
1.222774231748121e-40
1.708311973798552e-42
1.590631724549668e-44
9.870829340756158e-47
4.082434211853338e-49
1.1252947547231899e-51
2.067259242980935e-54
2.5310757240103886e-57
2.0653653308874736e-60
1.1232338297570457e-63
4.071224166078061e-67
9.834706520695899e-71
0.0
0.0
0.0
0.0
0.0
0.0
0.0
0.0
0.0
0.0
0.0
0.0
0.0
0.0
0.0
0.0
0.0
0.0
0.0
0.0
0.0
0.0
0.0
0.0
0.0
0.0
0.0
0.0
0.0
0.0
0.0
0.0
0.0
0.0
0.0
0.0
0.0
0.0
0.0
0.0
0.0
0.0
0.0
0.0
0.0
0.0
0.0
0.0
0.0
0.0
0.0
0.0
0.0
0.0
0.0
0.0
0.0
0.0
0.0
0.0
0.0
0.0
0.0
0.0
0.0
0.0
0.0
0.0003305834841107712
0.0024945299428155666
0.012545207190592931
0.04204830594455039
0.09392922020570992
0.13984098631458067
0.1387553662755989
0.09175857198319409
0.04044129483752679
0.01187914016121684
0.0023255544320401164
0.00030342374183130053
2.6384821394250177e-05
1.5291155533633247e-06
5.90619798376596e-08
1.520397841860215e-09
2.6084831527329274e-11
2.9826368276981714e-13
2.2729729323545934e-15
1.1544355715556984e-17
3.907749215649518e-20
8.81587083878403e-23
1.2103895839542415e-24
1.3886592342712379e-27
1.0893242957611132e-30
6.062233661782009e-33
7.4712654083843135e-34
6.822954894031616e-35
4.19515960568816e-36
1.7319160427555514e-37
4.791342572047679e-39
8.869407663555955e-41
1.0973857672997036e-42
9.067754043056575e-45
5.001045008852962e-47
1.8401733065596983e-49
4.516084198031063e-52
7.3905499356993e-55
8.063731308911289e-58
5.8653294009422445e-61
2.8438856422647795e-64
9.1911810029108e-68
1.978852266213107e-71
0.0
0.0
0.0
0.0
0.0
0.0
0.0
0.0
0.0
0.0
0.0
0.0
0.0
0.0
0.0
0.0
0.0
0.0
0.0
0.0
0.0
0.0
0.0
0.0
0.0
0.0
0.0
0.00039506452964541036
0.0028228137069795317
0.013442434981016096
0.04266337609666182
0.07354293023375892
0.11869181890386332
0.12766803938117638
0.09152192385432875
0.043726995792273606
0.013923733070626797
0.0029549033833152646
0.00041793854829233246
3.939699729334322e-05
2.4751148941677526e-06
1.0363564452990276e-07
2.8920412959761595e-09
5.378750203872508e-11
6.667143599954492e-13
5.507820664917711e-15
3.032503572973533e-17
1.112767414278358e-19
2.7213789800762835e-22
4.435628866103997e-25
4.8184018369880415e-28
3.4885896285637745e-31
1.6963747840555998e-34
1.3518820245732553e-37
3.342550844899983e-39
9.12260567530983e-41
1.6651421289802835e-42
9.213835188012101e-44
8.552152289647057e-46
5.2904420337255396e-48
2.18117264767592e-50
5.99335046021481e-53
1.0975665246583196e-55
1.3395951914949475e-58
1.0896771783717723e-61
5.9074993013356294e-65
2.1344748929122477e-68
5.139962738883368e-72
0.0
0.0
0.0
0.0
0.0
0.0
0.0
9.511958530453827e-07
8.446654725201035e-06
4.99897636777282e-05
0.00019717823449254986
0.0005183444011248314
0.0009081537869685576
0.0010604298223683812
0.0009385652761180933
0.0005573007115793412
0.00022054451471158326
5.8168045578933324e-05
1.0224786099062921e-05
1.1978585553886445e-06
9.352729953341598e-08
4.8669042138958285e-09
1.6879079206447476e-10
3.901451851298474e-12
6.010149847673892e-14
6.17057871758096e-16
4.222289836973558e-18
1.925536409875951e-20
5.852440087586607e-23
1.1855060263422574e-25
1.6004868260536407e-28
1.440064649927197e-31
8.635618017165411e-35
3.4513293609480544e-38
9.193077822667628e-42
1.6739418076837955e-54
2.4693759666732638e-57
2.4278154312865826e-60
1.5908369921071075e-63
6.947319094927884e-67
3.191874598082877e-69
7.088265419422477e-73
0.0
0.0
0.0
0.0
0.0
0.0
0.0
0.0
0.0
0.0
0.0
0.0
0.0
0.0
0.0
0.0
0.0
0.0
0.0
0.0
0.0
0.0
0.0
0.0
0.0
0.0
0.0
0.0
0.0
0.0
0.0
0.0
0.0
0.0
3.2861551008022244e-35
2.3047833970711684e-34
1.0773423302169367e-33
3.356285369640711e-33
6.968600754568482e-33
9.643037054786506e-33
8.893314192138703e-33
5.4663191482808206e-33
2.2392773161456e-33
6.113674681202029e-34
1.1124444109317803e-34
1.3490742705819982e-35
1.0903726484421944e-36
5.873481245713855e-38
2.1086173326828473e-39
1.8316117572640617e-40
3.343783794440646e-42
4.0684080302067195e-44
3.299076340660111e-46
1.782960721567766e-48
6.422035982666447e-51
1.5416480628608766e-53
2.466489646023372e-56
7.667349647121104e-05
0.00048611872351169696
0.0020540971376488944
0.005784704172026437
0.010857326026468234
0.01358145041127895
0.011322725366610333
0.0062912557904118505
0.002329728222762472
0.0005749826322732482
9.45770450422653e-05
1.0368079129981294e-05
7.575170522733233e-07
3.6886552945755684e-08
1.1970857997535028e-09
2.5891906743175134e-11
3.7323669692140693e-13
3.585801039296287e-15
1.2934657988216784e-16
6.319160433226389e-19
2.0575261400369972e-21
4.464911854707955e-24
6.457463586310298e-27
6.224329719645474e-30
3.998570549969623e-33
1.7119792002203594e-36
4.885103313907029e-40
9.290317794515844e-44
0.0
0.0
0.0
0.0
0.0
0.0
0.0
0.0
0.0
0.0
0.0
0.0
0.0
0.0
0.0
0.0
0.0
0.0
0.0
0.0
0.0
0.0
3.90358946539392e-34
6.499669584751666e-05
0.0005389440610905695
0.002978363149148132
0.010969659751894085
0.026927139035212228
0.04405232316930752
0.04803181175974061
0.034903635825214746
0.016904172546134612
0.005456305939624385
0.0011737755486226314
0.00016828792331356388
1.6080605302669518e-05
1.0240788140632427e-06
4.346562403088446e-08
1.2295324771968297e-09
2.3180117798265122e-11
2.912546184356501e-13
2.4389985996020018e-15
8.027954417100635e-17
3.4185836282975583e-19
9.702174181943004e-22
1.835158057431898e-24
2.313447719345585e-27
1.9441030330991993e-30
1.1705026367345636e-33
1.1283565869590947e-35
9.601824830401204e-37
5.647714487497337e-38
1.3300494643318992e-05
0.00010433516214869163
0.0005454753708567787
0.0019006456032522644
0.004413759777209635
0.0068312123873966795
0.007046418476714302
0.004844183918536594
0.002219495984447888
0.0006777501960158546
0.00013793246204397945
1.8708754360189065e-05
1.6912383020060815e-06
1.0189345456132311e-07
4.0913752705800275e-09
3.8292953296254133e-10
7.818878626114375e-12
1.0640245028997371e-13
9.650289347007784e-16
5.833249992475108e-18
2.349970396899665e-20
6.309511581120878e-23
1.1290434106639075e-25
1.346502261858228e-28
1.0702496199353754e-31
5.669498248641007e-35
2.0016388276971265e-38
4.709863887391233e-42
0.0
0.0
0.0
0.0
0.0
0.0
0.0
0.0
0.0
0.0
0.0
0.0
0.0
0.0
0.0
0.0
0.0
0.0
0.0
0.0
0.0
0.0
0.0
0.0
0.0
0.0
0.0
0.0
0.0
0.0
0.0
0.0
0.0
0.0
0.0
0.0
0.0
0.0
0.0
0.0
0.0
0.0
0.0
0.0
0.0
0.0
0.0
0.0
0.0
0.0
0.0
0.0
0.0
0.0
0.0
0.0
0.0
0.0
0.0
0.0
0.0
0.0
0.0
0.0
0.0
0.0
0.0
0.0
0.0
0.0
9.047480993515605e-36
8.411376309768944e-35
5.211803037678318e-34
2.2913324702600168e-33
6.931268980434701e-33
1.573204392503098e-32
2.894598089543672e-32
4.441943495270202e-32
5.390591427685136e-32
4.7887271142357943e-32
2.9570382262351315e-32
1.2379612781949782e-32
3.477270630803077e-33
6.5262601257675646e-34
8.171395303380642e-35
6.821361412529614e-36
3.795673162633841e-37
1.4077042420881782e-38
3.4795608337711636e-40
5.7322135363760835e-42
2.962256163380401e-43
2.4815599343519815e-45
1.3855070130142668e-47
5.155542044636768e-50
1.2785612045871347e-52
2.1132470633763274e-55
2.3278799474365328e-58
1.709040815146672e-61
8.362301823339128e-65
2.7269727087192898e-68
5.926759339285097e-72
0.0
0.0
0.0
1.2949557224021342e-06
9.659044956594301e-06
4.801699791729564e-05
0.0001590879804238938
0.0003512863555453725
0.0005169716677823212
0.0005070534614860802
0.00033145327101360864
0.00014440173619193053
4.1927992476623624e-05
8.113668705797563e-06
1.046434431279853e-06
2.1321088911995417e-07
1.3983204584970597e-08
6.112031593504759e-10
1.7805165604623738e-11
3.456909359616136e-13
4.473129956081173e-15
3.857594618816692e-17
2.2171915096545347e-19
8.493200462256561e-22
2.1683085921728562e-24
3.689371214708478e-27
4.183744624821184e-30
3.161982980526734e-33
1.592705342318889e-36
5.346787127085249e-40
1.1962774021997373e-43
3.1676801263139513e-72
0.0
0.0
0.0
0.0
0.0
0.0
0.0
0.0
0.0
0.0
0.0
0.0
0.0
0.0
0.0
0.0
0.0
0.0
0.0
0.0
0.0
0.0
0.0
5.5327493123371226e-05
0.0004196730747897089
0.002121596395896544
0.0071481882172039265
0.016051319440204256
0.024021882841059418
0.0239598943876764
0.015927378561686335
0.0070564335109611085
0.0020835683570559873
0.00041002638180584396
0.00011072576583063263
1.1080396992087176e-05
7.389983978970562e-07
3.2848324415980066e-08
9.731157321396681e-10
1.9213094306716445e-11
2.528201492596602e-13
2.2172139404114352e-15
1.2959405100903286e-17
5.048287491299594e-20
1.3106436899120737e-22
2.2678104442649523e-25
2.6152333627791023e-28
2.010022643855375e-31
1.0313110157514484e-34
4.318660084809705e-38
2.5751813696824746e-40
5.1624857855107e-42
7.118563699274551e-44
6.5419531637043035e-46
4.006858756482717e-48
1.6356191434259195e-50
4.449814270001012e-53
8.068320325751901e-56
9.750029460663885e-59
7.852542073788317e-62
5.425594866185057e-64
2.2220523472712348e-67
6.06516693120624e-71
0.0
0.0
0.0
0.0
0.0
0.0
0.0
0.0
1.8114405399069248e-34
1.3181010558106219e-33
3.0902720879426875e-05
0.00021780819275153096
0.001023135731315623
0.0032031246570265073
0.006683377271197493
0.009293935676419103
0.008613603878214537
0.005320490559928309
0.002190281861040017
0.0006009383003109518
0.00010988573318564894
1.3391655987523005e-05
1.0876991940071024e-06
1.628268476818874e-07
6.725167688088175e-09
1.851235920443374e-10
3.3962681124331407e-12
4.1526345669782625e-14
3.383973942170356e-16
1.8378575796338344e-18
6.652398324843642e-21
1.6048194730816014e-23
2.5802136809889385e-26
2.7648190298686946e-29
1.9745098042791552e-32
9.397956430149205e-36
2.9811862410042283e-39
6.302695667882248e-43
4.776526433524692e-70
0.0
0.0
0.0
0.0
0.0
0.0
0.0
0.0
0.0
0.0
0.0
0.0
0.0
0.0
0.0
0.0
0.0
0.0
0.0
0.0
0.0
0.0
0.0
0.0
0.0
0.0
0.0
0.0
0.0
0.0
0.0
0.0
0.0
0.0
0.0
0.0
0.0
0.0
0.0
0.0
0.0
0.0
0.0
0.0
0.0
0.0
0.0
0.0
0.0
0.0
0.0
0.0
0.0
0.0
0.0
0.0
0.0
0.0
0.0
0.0
0.0
0.0
0.0
0.0
0.0
0.0
0.0
0.0
0.0
0.0
0.0
0.0
0.0
0.0
0.0
0.0
0.0
0.0
0.0
0.0
0.0
0.0
0.0
0.0
0.0
0.0
0.0
0.0
0.0
0.0
0.0
0.0
0.0
0.0
0.0
0.0
0.0
0.0
0.0
0.0
0.0
0.0
0.0
0.0
0.0
0.0
0.0
0.0
0.0
0.0
0.0
0.0
0.0
0.0
0.0
0.0
0.0
0.0
0.0
0.0
0.0
0.0
0.0
0.0
0.0
0.0
0.0
0.0
0.0
0.0
0.0
0.0
0.0
0.0
0.0
0.0
0.0
0.0
0.0
0.0
0.0
0.0
0.0
0.0
0.0
0.0
0.0
0.0
0.0
0.0
0.0
0.0
0.0
0.0
0.0
0.0
0.0
0.0
0.0
0.0
0.0
0.0
0.0
0.0
0.0
0.0
0.0
0.0
0.0
0.0
0.0
0.0
0.0
0.0
0.0
0.0
0.0
0.0
0.0
0.0
0.0
0.0
0.0
0.0
0.0
0.0
0.0
0.0
0.0
0.0
0.0
0.0
0.0
0.0
0.0
0.0
0.0
0.0
0.0
0.0
0.0
0.0
0.0
0.0
0.0
0.0
0.0
0.0
0.0
0.0
0.0
0.0
0.0
0.0
0.0
0.0
0.0
0.0
0.0
0.0
0.0
0.0
0.0
0.0
0.0
0.0
0.0
0.0
0.0
0.0
0.0
0.0
0.0
0.0
0.0
0.0
0.0
0.0
0.0
0.0
0.0
0.0
0.0
0.0
0.0
0.0
0.0
0.0
0.0
0.0
0.0
0.0
0.0
0.0
0.0
0.0
0.0
0.0
0.0
0.0
0.0
0.0
0.0
0.0
0.0
0.0
0.0
0.0
0.0
0.0
0.0
0.0
0.0
0.0
0.0
0.0
0.0
0.0
0.0
0.0
0.0
0.0
0.0
0.0
0.0
0.0
0.0
0.0
0.0
0.0
0.0
0.0
0.0
0.0
0.0
0.0
0.0
0.0
0.0
0.0
0.0
0.0
0.0
0.0
0.0
0.0
0.0
0.0
0.0
0.0
0.0
0.0
0.0
0.0
0.0
0.0
0.0
0.0
0.0
0.0
0.0
0.0
0.0
0.0
0.0
0.0
0.0
0.0
0.0
0.0
