a = 4.895942936505064 b = 4.895942936505064 c = 13.40471895438812 ,Gaussian ,LMH = 0.08 ,DW = [0.1 0.1]
0.0
0.0
0.0
0.0
0.0
0.0
0.0
0.0
0.0
0.0
0.0
0.0
0.0
0.0
0.0
0.0
0.0
0.0
0.0
0.0
0.0
0.0
0.0
0.0
0.0
0.0
0.0
0.0
0.0
0.0
0.0
0.0
0.0
0.0
0.0
0.0
0.0
0.0
0.0
0.0
0.0
0.0
0.0
0.0
0.0
0.0
0.0
0.0
0.0
0.0
0.0
0.0
0.0
0.0
0.0
0.0
0.0
0.0
0.0
0.0
0.0
0.0
0.0
0.0
0.0
0.0
0.0
0.0
0.0
0.0
0.0
0.0
0.0
0.0
0.0
0.0
0.0
0.0
0.0
0.0
0.0
0.0
1.2279061974676545e-33
9.181844050438944e-33
4.5758963782251644e-32
1.5198614459778018e-31
3.3644444639293878e-31
4.9636857376938305e-31
4.88063959995086e-31
3.1983850686542727e-31
1.3969031848028213e-31
6.418361976929482e-32
1.4254839929541802e-32
2.109997941390514e-33
2.081532837067391e-34
1.368566955247298e-35
5.996949349440967e-37
1.7513633622722037e-38
3.408817006302236e-40
4.421938149039339e-42
3.82299022603993e-44
2.202800974273162e-46
8.459191959905097e-49
2.1650306494561706e-51
3.6930123978818155e-54
4.198353764389838e-57
3.180964656659571e-60
1.6062761280819002e-63
5.4058390929504734e-67
1.2125162629467811e-70
0.0
0.0
0.0
0.0
0.0
0.0
0.0
0.0
0.0
0.0
0.0
0.0
0.0
0.0
0.0
0.0
0.0
0.0
0.0
0.0
0.0
0.0
0.0
0.0
0.0
0.0
0.0
0.0
0.0
0.0
0.0
0.0
0.0
0.0
0.0
0.0
0.0
0.0
0.0
0.0
0.0
0.0
0.0
0.0
0.0
0.0
0.0
0.0
0.0
0.0
0.0
0.0
0.0
0.0
0.0
0.0
0.0
0.0
0.0
0.0
0.0
0.0
0.0
0.0
0.0
0.0
0.0
0.0
0.0
0.0
0.0
0.0
0.0
0.0
0.0
0.0
0.0
0.0
0.0
0.0
0.0
0.0
0.0
0.0
0.0
0.0
0.0
0.0
0.0
0.0
0.0
0.0
0.0
0.0
0.0
0.0
0.0
0.0
0.0
0.0
0.0
0.0
0.0
0.0
0.0
0.0
0.0
0.0
0.0
0.0
0.0
0.0
0.0
0.0
0.0
0.0
0.0
0.0
0.0
0.0
0.0
0.0
0.0
0.0
0.0
0.0
0.0
0.0
0.0
0.0
0.0
0.0
0.0
0.0
0.0
0.0
0.0
0.0
0.0
0.0
0.0
0.0
0.0
0.0
0.0
0.0
0.0
0.0
0.0
0.0
0.0
0.0
0.0
0.0
0.0
0.0
0.0
0.0
0.0
0.0
0.0
0.0
0.0
0.0
0.0
0.0
0.0
0.0
0.0
0.0
0.0
0.0
0.0
0.0
0.0
0.0
0.0
0.0
0.0
0.0
0.0
0.0
0.0
0.0
0.0
0.0
0.0
0.0
0.0
0.0
0.0
0.0
0.0
0.0
0.0
9.227310628174824e-34
8.533572791170618e-33
5.259787540352471e-32
2.160663098418334e-31
5.915445476213256e-31
1.079367668231829e-30
1.3126015182905586e-30
1.063843998248399e-30
5.746514958851961e-31
2.06877225681795e-31
4.963663977317936e-32
7.937314924494142e-33
8.459143618042158e-34
6.00842622603597e-35
2.8443079551835464e-36
8.973751667254053e-38
1.8869179951759202e-39
1.1473780550172547e-40
1.2268404843956424e-42
8.742813345913863e-45
4.152368257935464e-47
1.3143834032931525e-49
2.7728719783497443e-52
3.898693728624923e-55
3.653338958873191e-58
2.281615008953567e-61
9.496778530102974e-65
2.6344611799348666e-68
0.0
0.0
0.0
0.0
0.0
0.0
0.0
0.0
0.0
0.0
0.0
0.0
0.0
0.0
0.0
0.0
0.0
0.0
0.0
0.0
0.0
0.0
0.0
0.0
0.0
0.0
0.0
0.0
0.0
0.0
0.0
0.0
0.0
0.0
0.0
0.0
0.0
0.0
0.0
0.0
0.0
0.0
0.0
0.0
0.0
0.0
0.0
0.0
0.0
0.0
0.0
0.0
0.0
0.0
0.0
0.0
0.0
0.0
0.0
0.0
0.0
0.0
0.0
0.0
0.0
0.0
0.0
0.0
0.0
0.0
0.0
0.0
0.0
0.0
0.0
0.0
0.0
0.0
0.0
0.0
0.0
0.0
0.0
0.0
0.0
0.0
0.0
0.0
0.0
0.0
0.0
0.0
0.0
0.0
0.0
0.0
0.0
0.0
0.0
0.0
0.0
0.0
0.0
0.0
0.0
0.0
0.0
0.0
0.0
0.0
0.0
0.0
0.0
0.0
0.0
0.0
0.0
0.0
0.0
0.0
0.0
0.0
0.0
0.0
0.0
0.0
0.0
0.0
0.0
0.0
0.0
0.0
0.0
0.0
0.0
0.0
0.0
0.0
0.0
0.0
0.0
0.0
0.0
0.0
0.0
0.0
0.0
0.0
0.0
0.0
0.0
0.0
0.0
0.0
0.0
0.0
0.0
0.0
0.0
0.0
0.0
0.0
0.0
0.0
0.0
0.0
0.0
0.0
0.0
0.0
0.0
0.0
0.0
0.0
0.0
0.0
0.0
0.0
0.0
0.0
0.0
0.0
0.0
0.0
0.0
0.0
0.0
0.0
0.0
0.0
0.0
0.0
0.0
0.0
0.0
0.0
0.0
4.913906003400864e-34
4.562804211580064e-33
2.8236988108300013e-32
1.1646259327177722e-31
3.201371614538827e-31
5.864989941591936e-31
7.161104339697049e-31
5.827392621381852e-31
3.1604586024306008e-31
1.142371817817943e-31
2.751987160014002e-32
4.4184187599402924e-33
4.727906652258177e-34
3.371727441347118e-35
1.6025720939897806e-36
5.076498236323663e-38
1.0717474317564711e-39
1.508003020811693e-41
1.4141436239358777e-43
8.83825191742286e-46
3.681465888153804e-48
1.0220137376577095e-50
1.8909246986328657e-53
2.2746788798133757e-55
2.1401301065244763e-58
1.341966906344497e-61
5.608219248886814e-65
1.5620312191528495e-68
0.0
0.0
0.0
0.0
0.0
0.0
0.0
0.0
0.0
4.600643896230532e-34
3.3171134033890654e-33
1.5939825682444485e-32
5.104913226505315e-32
1.0896191044982435e-31
1.5500389172679054e-31
1.4695759753759536e-31
9.28587927095261e-32
3.9105295372454855e-32
1.0975635011622113e-32
2.0530772488708336e-33
2.5595432507793012e-34
5.09841035449838e-35
3.2321726423416816e-36
1.3656388421795107e-37
3.845552276969601e-39
7.217106709553967e-41
9.027117219705718e-43
7.525174677200087e-45
4.180860115501535e-47
1.5480901125638126e-49
3.820396028255698e-52
6.283506679862616e-55
6.887749208125842e-58
5.031924521489676e-61
2.4500359610312488e-64
7.950461664647222e-68
1.7194667614472972e-71
0.0
0.0
0.0
0.0
0.0
0.0
0.0
7.2068319493107876e-34
4.8915864054221834e-33
2.212771716563369e-32
4.830907553354574e-32
1.1112664154401017e-31
1.7036846096762088e-31
1.7407714657367148e-31
1.1854298706539155e-31
5.380114542457688e-32
1.6273790674706056e-32
3.2807072418024486e-33
4.4078598479667475e-34
3.9470227121057074e-35
2.355553767355696e-36
9.369101984375212e-38
2.4836160576843646e-39
4.387857348751838e-41
5.166567278972181e-43
4.054461925791813e-45
2.120537279947594e-47
7.391628743730501e-50
1.71718041872073e-52
2.658724010171238e-55
2.7435453024583194e-58
1.886829085449191e-61
8.648375482221758e-65
2.641910249311399e-68
5.378771941917819e-72
0.0
0.0
0.0
0.0
0.0
0.0
0.0
0.0
0.0
0.0
0.0
0.0
0.0
0.0
0.0
0.0
0.0
0.0
0.0
0.0
0.0
0.0
0.0
0.0
0.0
0.0
0.0
0.0
0.0
0.0
0.0
0.0
0.0
0.0
0.0
0.0
0.0
0.0
0.0
0.0
0.0
0.0
0.0
0.0
0.0
0.0
0.0
0.0
0.0
0.0
0.0
0.0
0.0
0.0
0.0
0.0
0.0
0.0
0.0
0.0
0.0
0.0
0.0
0.0
0.0
0.0
0.0
0.0
0.00026154830312473626
0.0023643855915688673
0.014245124513815356
0.05719996241395497
0.15307588725118423
0.2730230886804482
0.3245439471330134
0.2571160575536301
0.13575831374817726
0.047773297371826874
0.01900634463420752
0.0034011043990243225
0.00040562328176573144
3.2240913174625485e-05
1.7079428785618908e-06
6.030049784915027e-08
1.418894162234895e-09
2.2251569763561278e-11
2.3256955116936765e-13
1.6200432293729615e-15
7.521109304642328e-18
2.327119822050227e-20
4.7988495969037385e-23
6.59533834714562e-26
6.041135402040178e-29
3.687920985880856e-32
1.500466120180494e-35
4.068668699883323e-39
0.0
0.0
0.0
0.0
0.0
0.0
0.0
0.0
0.0
0.0
0.0
0.0
0.0
0.0
0.0
0.0
0.0
0.0
0.0
0.0
0.0
0.0
0.0
0.0
0.0
0.0
0.0
0.0
0.0
0.0
0.0
3.703469216034091e-35
3.3881521893012772e-34
1.1829504405905978e-33
5.50330143617984e-33
1.7063243979315145e-32
3.525993018028202e-32
4.8560465764380836e-32
4.4572376197929264e-32
2.72665555644691e-32
1.1116711102700005e-32
3.020674350507446e-33
5.470323932274554e-34
6.602428839825943e-35
5.31099584984266e-36
2.8472771521758727e-37
1.0173375448964022e-38
2.4226013223512837e-40
3.844858626257949e-42
4.0668705557204684e-44
2.8669615701400767e-46
1.3469917685953377e-48
4.2178347465066294e-51
8.802291096800754e-54
1.2242875740887646e-56
1.1348872179240737e-59
7.01138016726504e-63
2.886927484826996e-66
7.922272612301962e-70
0.0
0.0
0.0
0.0
0.0
0.0
0.0
0.0
0.0
0.0
0.0
0.0
0.0
0.0
0.0
0.0
0.0
0.0
0.0
0.0
0.0
0.0
0.0
0.0
0.0
0.0
0.0
0.0
0.0
0.0
0.0
0.0
0.0
0.0
0.0
0.0
0.0
0.0
0.0
0.0
0.0
0.0
0.0
0.0
0.0
0.0
0.0
0.0
0.0
0.0
0.0
0.0
0.0
0.0
0.0
2.2631258969213338e-33
1.63942906950584e-32
7.91513081469442e-32
2.5468602223305987e-31
5.461773328237707e-31
7.806273844516741e-31
7.435932528507124e-31
4.7207244014390525e-31
1.9973924381324274e-31
5.632480594076133e-32
1.05856505967346e-32
1.3259188784301005e-33
1.1068732743150587e-34
6.15829369428229e-36
2.2835180068525276e-37
5.643259644700976e-39
9.294738431456615e-41
1.0202952406228543e-42
7.464420505261569e-45
3.6395516072784674e-47
1.1827180223828617e-49
2.561510236014165e-52
3.422474411776215e-54
3.7692736731535325e-57
2.766665666380651e-60
1.3534344862161604e-63
4.412648603249151e-67
9.588330566197697e-71
0.0
0.0
0.0
0.0
0.0
0.0
0.0
0.0
0.0
0.0
0.0
0.0
0.0
0.0
0.0
0.0
0.0
0.0
0.0
0.0
0.0
0.0
0.0
0.0
0.0
0.0
0.0
0.0
0.0
0.0
0.0
0.0
0.0
0.0
0.0
0.0
0.0
0.0
0.0
0.0
0.0
0.0
0.0
0.0
0.0
0.0
0.0
0.0
0.0
0.0
0.0
0.0
0.0
0.0
0.0
0.0
0.0
0.0
0.0
0.0
0.0
0.0
0.0
0.0
0.0
0.0
0.0
0.0
0.0
0.0
0.0
0.0
0.0
0.0
0.0
0.0
0.0
0.0
0.0
0.0
0.0
0.0
0.0
0.0
0.0
0.0
0.0
0.0
0.0
0.0
0.0
0.0
0.0
0.0
0.0
0.0
0.0
0.0
0.0
0.0
0.0
0.0
0.0
0.0
0.0
0.0
0.0
0.0
0.0
0.0
0.0
0.0
0.0
0.0
0.0
0.0
0.0
0.0
0.0
0.0
1.716604196687006e-34
1.2608424741198056e-33
3.8026713938230566e-33
1.4203063821538264e-32
3.535548731555472e-32
5.865609746267314e-32
6.485613296226422e-32
4.779368138173792e-32
2.3473154962006705e-32
7.683409776410545e-33
1.6761700412012426e-33
2.437045852886429e-34
2.3615159058206324e-35
1.5251044836685487e-36
6.564321886091577e-38
1.8830492895625077e-39
3.600104070253395e-41
4.587224243799086e-43
3.8955289357808047e-45
2.20477586685021e-47
8.316565391427167e-50
2.0907644880582433e-52
3.503061576858794e-55
0.002960704717854136
0.021320426007681074
0.10232416486862367
0.32729704747977467
0.6977301896258568
0.9224694508973137
1.0
0.7224861988788367
0.34788896980448086
0.11164346606680746
0.023878525805458458
0.003403793929412199
0.00032337061741017834
2.0474787377323498e-05
8.640120377943809e-07
2.4299746015704733e-08
4.5547571212136267e-10
5.689973724812045e-12
4.7373649931105354e-14
2.6287239397087936e-16
9.721530929195936e-19
2.396105259148626e-21
3.936032454229971e-24
4.309163744744561e-27
3.144190650512309e-30
1.5289958085016916e-33
4.9554747314503616e-37
1.0703992231826867e-40
0.0
0.0
0.0
0.0
0.0
0.0
0.0
0.0
0.0
0.0
0.0
0.0
0.0
0.0
0.0
0.0
0.0
0.0
0.0
0.0
0.0
0.0
0.0
0.0
0.0
0.0
0.0
0.0
0.0
0.0
0.0
0.0
0.0
0.0
0.0
0.0
0.0
0.0
0.0
0.0
0.0
0.0
0.0
0.0
0.0
0.0
0.0
0.0
0.0
0.0
0.0
0.0
0.0
0.0
0.0
0.0
0.0
0.0
0.0
0.0
0.000977960625185142
0.008090046954268314
0.04460281439843754
0.16389097251142035
0.40135562094807475
0.6550662358313584
0.7125619516349755
0.5165847611503583
0.2495985745320042
0.08037558724264607
0.017249947015587363
0.0024673622739996887
0.00023521208025600128
1.4944034927130147e-05
6.327871816962525e-07
1.7857843823804097e-08
3.3587827656138163e-10
4.210332164594168e-12
3.5174857914863934e-14
1.9585284833197753e-16
4.910915319423906e-18
1.39047301843555e-20
2.6238816035238635e-23
3.2999508265751e-26
2.7665366177637507e-29
3.0363187316697464e-32
2.763466102689953e-32
3.411853632089018e-32
2.8080095013376803e-32
1.540239725948619e-32
5.630664051435048e-33
1.3718684244075089e-33
2.227649462901161e-34
2.410808937118599e-35
1.7388426394378416e-36
8.35871115660929e-38
2.6779342077115015e-39
5.717972153667812e-41
8.137026255333304e-43
7.71739886397527e-45
4.878178912098903e-47
2.0550673068603624e-49
5.7700014773492915e-52
1.079710554078512e-54
1.3465432804122903e-57
1.1192183851929084e-60
7.897301308712124e-63
3.3379191033196716e-66
9.402740580177262e-70
0.0
0.0
0.0
0.0
0.0
0.0
0.0
0.0
0.0
0.0
0.0
0.0
0.0
0.0
0.0
0.0
0.0
0.0
0.0
0.0
0.0
0.0
0.0
0.0
0.0
0.0
0.0
0.0
0.0
0.0
0.0
0.0
0.0
0.0
5.372750978204401e-35
4.796341853334344e-34
2.8536788398761786e-33
1.1315704787844759e-32
2.990471520089053e-32
5.267193593019091e-32
6.183016981712818e-32
4.837301375868965e-32
2.522245759789391e-32
8.765025896012592e-33
2.030021112549351e-33
3.1334982319333198e-34
3.2235907543519167e-35
2.2102016418352622e-36
2.9552490592608773e-37
1.0303592249947785e-38
2.394224044417029e-40
3.707852593618556e-42
3.8270283633559374e-44
2.632585286520842e-46
1.2069374596083768e-48
2.1630926594921712e-33
1.5160091702790957e-32
7.081252512983738e-32
2.204448120098672e-31
4.5737374611969235e-31
6.324469892257189e-31
5.828523813530652e-31
3.579930283348886e-31
1.4654537321154655e-31
3.998077437658074e-32
7.269622180008301e-33
8.809556125737541e-34
7.115046810461915e-35
3.8298612882175026e-36
1.3739466706382454e-37
3.285021796388288e-39
5.234656436546135e-41
5.559294216427176e-43
3.934890786797871e-45
1.1578231419715333e-46
5.922483442387597e-05
0.00042450387060518247
0.0020278741628493606
0.006456273171240357
0.013699488159389747
0.01937351098546897
0.018259709904258417
0.011469935135760912
0.00480186115635753
0.0013397994131586904
0.0002491446215337747
3.087768961369385e-05
2.550466518359122e-06
1.4040287606998098e-07
5.151265447102928e-09
1.2596021804216158e-10
2.052742272093604e-12
2.2295488695195548e-14
1.6139166965857522e-16
7.786221983618006e-19
2.5035368949976134e-21
5.364913931928921e-24
7.662192704123096e-27
7.29331430215644e-30
4.6267745420127e-33
2.7265583887414007e-35
8.79570773982234e-39
1.8910731414323994e-42
0.0
0.0
0.0
0.0
0.0
0.0
0.0
0.0
0.0
0.0
0.0
0.0
0.0
0.0
0.0
0.0
0.0
0.0
0.0
0.0
0.0
0.0
0.0
0.0
0.0
0.0
0.0
0.0
0.0
0.0
0.0006045667536996118
0.004134316525459987
0.01884276944065021
0.057235738804049516
0.11587010492859051
0.15633530151814298
0.14058023310381623
0.08425060162790426
0.033651413468898335
0.008958084583890961
0.001589309777135267
0.00018792454160584024
1.4809486228946729e-05
7.778180785412171e-07
2.7226864005566157e-08
6.351828437963463e-10
9.876008266077543e-12
1.0234006261784365e-13
3.8826003933600485e-15
2.0459240527665832e-17
7.185183604612836e-20
1.6817745672783124e-22
2.6234891431954947e-25
2.727939425415618e-28
2.416406638808436e-31
4.716270256287812e-32
2.8054028890241507e-32
1.114235388031688e-32
2.9494471506368154e-33
5.203383534306101e-34
6.118044142256667e-35
4.794252706893203e-36
2.5038642899626873e-37
8.715297142370344e-39
2.0217858805039296e-40
3.125861043065999e-42
3.2209629179613854e-44
2.1654010546589073e-35
1.8405517973522231e-34
1.0426517877701628e-33
3.936516613311191e-33
9.905272625464951e-33
1.6611250443858502e-32
1.8566060743291287e-32
1.5959976753517917e-32
9.070939612395362e-33
3.436005459614217e-33
8.674350428585693e-34
1.459491697422487e-34
1.6366199575654018e-35
1.2231384117153571e-36
6.092350986107466e-38
2.022440595705344e-39
4.4745377965803874e-41
6.597845414393427e-43
6.483919870610669e-45
4.246730394584329e-47
1.8537590748272424e-49
5.3930374714721306e-52
1.0456711686553233e-54
1.3512583103328216e-57
1.1637593151030895e-60
6.679893074495282e-64
2.5553912269111455e-67
6.515186263788082e-71
0.0
0.0
0.0
0.0
0.0
0.0
0.0
0.0
0.0
0.0
0.0
0.0
0.0
0.0
0.0
0.0
0.0
0.0
0.0
0.0
0.0
0.0
0.0
0.0
0.0
0.0
0.0
1.2024372828294886e-05
0.00011111343777370022
0.0006843090503317293
0.0018351727140976536
0.005747317940985985
0.011995961151613097
0.016687313560258356
0.01547103436011917
0.009559470183715956
0.0039366775490671
0.0010804568123966968
0.0001976362154568176
2.4093905022162854e-05
1.9576245704076347e-06
1.0600666426742273e-07
3.8257666615081816e-09
9.202065836611201e-11
1.4751417071083621e-12
1.5760271556399164e-14
1.1222127501370793e-16
5.325596386173298e-19
1.6843907508202112e-21
3.55057748621873e-24
4.988117671241976e-27
4.670419956727244e-30
2.9144507777233278e-33
1.2121017118930328e-36
3.3597189773969195e-40
0.0
0.0
0.0
0.0
0.0
0.0
0.0
0.0
0.0
1.666393577973682e-33
1.1600030429256235e-32
5.387009089700431e-32
1.6690068082513923e-31
3.4498856873809454e-31
4.75774720290231e-31
4.377854549788708e-31
2.687801094772874e-31
1.1010840051592958e-31
3.0098307837706025e-32
5.489992464463091e-33
6.682178759692849e-34
5.427358840714781e-35
2.9416381863132713e-36
1.0639594542636882e-37
2.5680262796646877e-39
4.136323096282352e-41
2.1071862484824222e-42
1.7296287635569968e-44
9.474185990580327e-47
3.463113608342121e-49
8.447395054448045e-52
1.3750046705786656e-54
1.4934945157202518e-57
1.0824622499636574e-60
5.235064103280665e-64
1.6893544198656e-67
3.637454136958263e-71
0.0
0.0
0.0
0.0
0.0
0.0
0.0
0.0
0.0
0.0
0.0
0.0
0.0
0.0
0.0
0.0
0.0
0.0
0.0
0.0
0.0
0.0
0.0
0.0
1.2686452685661776e-34
1.30291586529956e-33
7.934792874652972e-33
3.228352345314716e-32
8.777262121030866e-32
1.5950742138760422e-31
1.9380275232947163e-31
1.574745890484637e-31
8.559438223488103e-32
3.1129552274119e-32
7.576959236822289e-33
1.2345344394586477e-33
1.3467176919846937e-34
9.83735750024486e-36
4.812320732815916e-37
1.576634890248597e-38
3.4595048373265736e-40
2.170087319658379e-41
2.440960075241439e-43
1.838512607358935e-45
9.27106835037904e-48
3.1294624792642477e-50
7.069579351473054e-53
1.068559547703281e-55
1.0803787496175989e-58
7.304869474856012e-62
3.302126524884331e-65
9.977148814426816e-69
1.729562447573761e-72
0.0
0.0
0.0
0.0
0.0
0.0
0.0
0.0
0.0
0.0
0.0
0.0
0.0
0.0
0.0
0.0
0.0
0.0
0.0
0.0
0.0
0.0
0.0
0.0
0.0
0.0
0.0
0.0
0.0
0.0
0.0
0.0
0.0
0.0
0.0
0.0
0.0
0.0
0.0
0.0
0.0
0.0
0.0
0.0
0.0
0.0
0.0
0.0
0.0
0.0
0.0
0.0
0.0
0.0
0.0
0.0
0.0
0.0
0.0
0.0
0.0
0.0
0.0
0.0
0.0
0.0
0.0
0.0
0.0
0.0
0.0
0.0
0.0
4.192964479066653e-34
3.611499383291866e-33
2.0731725743172046e-32
7.931675044421764e-32
2.022441272555808e-31
3.436912487112898e-31
3.8926250822084757e-31
2.9383141571195658e-31
1.4782075859826811e-31
4.956261061994171e-32
1.1075273746497812e-32
1.6494392055443594e-33
1.6371923434778937e-34
1.0830403696601469e-35
4.774975341834401e-37
1.4030694535172952e-38
2.747696460101409e-40
0.0016741019289288372
0.005986082125680554
0.028862578160625284
0.09274897555612491
0.1986390680346402
0.28353179327110767
0.26972450742011206
0.17100964316738154
0.07226072941300687
0.02035005698136546
0.0038195347564663543
0.0004777897748498307
3.983316215895303e-05
2.2132693282169956e-06
8.19606313229745e-08
2.0228229516966545e-09
3.327300294789919e-11
3.6476039095107716e-13
2.6650471362689584e-15
1.29772797007328e-17
4.211569614823205e-20
9.109317732492543e-23
1.313134662579329e-25
1.2615783534822764e-28
8.077942174768379e-32
3.4472184026377335e-35
1.5596064860653663e-37
3.3844310635448577e-41
0.0
0.0
0.0
0.0
0.0
0.0
0.0
0.0
0.0
0.0
0.0
0.0
0.0
0.0
0.0
0.0
0.0
0.0
0.0
0.0
0.0
2.0886554575155062e-33
1.4341921994262043e-32
6.563408802432016e-32
1.4440372002197595e-31
3.3604935083588675e-31
5.212058582053767e-31
5.387621337157742e-31
3.7116446304809375e-31
1.7041870485037438e-31
5.214944379902997e-32
1.0635640506250646e-32
1.4456367037639516e-33
1.3095926564292073e-34
7.906692414433444e-36
3.1815225484381907e-37
8.532115287454011e-39
1.524965339317724e-40
1.816539218943406e-42
1.4421523194032682e-44
7.630606093949093e-47
2.6908437829426836e-49
6.324111002242037e-52
9.905856469626997e-55
1.03410854321847e-57
7.19485041698252e-61
3.336252872095977e-64
1.0310451893820406e-67
2.12362577602741e-71
0.0
0.0
0.0
0.0
0.0
0.0
0.0
0.0
0.0
0.0
0.0
0.0
0.0
0.0
0.0
0.0
0.0
0.0
0.0
0.0
0.0
0.0
0.0
0.0
0.0
0.0
0.0
0.0
0.0
0.0
0.0
0.0
0.0
0.0
0.0
0.0
0.0
0.0
0.0
0.0
0.0
0.0
0.0
0.0
0.0
0.0
0.0
0.0
0.0
0.0
0.0
1.0309268378679384e-36
4.528287119871316e-36
2.9726543325805673e-35
1.300578034699923e-34
3.7923635770552097e-34
7.369958915841077e-34
9.545566666211086e-34
8.239861492564902e-34
4.740450937740928e-34
1.8176110274728686e-34
4.6447654701498623e-35
7.91057730661793e-36
8.979127045438499e-37
6.792686980670499e-38
3.424763889799552e-39
1.1508036154781818e-40
5.358060377646592e-34
3.677863986010665e-33
1.6825395264382793e-32
5.129989013507312e-32
1.0424353797730372e-31
1.411768210972576e-31
1.2742633805788609e-31
7.665430579841761e-32
3.0732327694147057e-32
8.211753494850923e-33
1.4623721271899922e-33
3.694651039507335e-34
3.34578479070686e-35
2.0193152631649756e-36
8.122538928768212e-38
0.0002212828275577129
0.0020554103598830597
0.012724212643522569
0.052498252048510045
0.14435782071224607
0.264555831430769
0.3231289792778401
0.2630365058729624
0.1427045081628573
0.05159895515528347
0.012434423941171021
0.0019970639911520843
0.00021376659522288763
1.5249979057172392e-05
7.250704445009047e-07
2.2975909200780777e-08
4.852290102877702e-10
6.829711490153707e-12
6.406775500677439e-14
4.0055135251630277e-16
1.6690081102806858e-18
4.6348986265953964e-21
7.30907292588753e-23
1.0321591528479175e-25
9.714324112152438e-29
6.093405198656036e-32
2.5473526761132215e-35
7.09740588312735e-39
0.0
0.0
0.0
0.0
0.0
0.0
0.0
0.0
0.0
0.0
0.0
0.0
0.0
0.0
0.0
0.0
0.0
0.0
0.0
0.0
0.0
0.0
0.0
0.0
0.0
0.0
0.0
0.0
0.0
0.0
0.0
0.0
0.0
3.4509605081858565e-35
3.0675816693260297e-34
1.8173301289239118e-33
7.175514850664418e-33
1.8882254928471902e-32
3.3115871905059624e-32
3.870794181329608e-32
3.0154040460181136e-32
1.565570016137721e-32
5.417276780042239e-33
1.2493125520539104e-33
1.920183483917194e-34
4.397690630490257e-35
3.437153130306236e-36
1.790418826961154e-37
6.21572710728169e-39
1.4764742616059025e-05
9.7763902255806e-05
0.000431432367180076
0.0012689031275597833
0.0024872861978753116
0.0032494106552741764
0.0028292087250835233
0.0016417496237631846
0.0006349366705224731
0.00016365732314407657
2.8113960131845563e-05
3.218771550231358e-06
2.4560648610908053e-07
1.2490247883135868e-08
4.2333466417758413e-10
9.562647647658844e-12
1.439640395221736e-13
1.4444796994718914e-15
9.659405754080341e-18
4.3049778814246133e-20
1.2787127265735427e-22
2.531375654226558e-25
3.185516556023723e-27
3.2067570501853796e-30
2.1514625858796898e-33
9.620177519961506e-37
2.8669090944475324e-40
5.694115952969808e-44
0.0
0.0
0.0
0.0
0.0
0.0
0.0
0.0
0.0
0.0
0.0
0.0
0.0
0.0
0.0
0.0
1.4113596024855268e-05
0.00030735900395714483
0.002034030561048616
0.009038766288624227
0.01957804391007776
0.044755608383267594
0.06861696631182627
0.0705154255828572
0.04854704933708771
0.022378344695105492
0.006903175775186096
0.001424324383698632
0.00019647520403517563
1.8111884122377316e-05
1.1153561738106947e-06
4.586835051600551e-08
1.2593180815127794e-09
2.307650609644941e-11
2.8217686146013716e-13
2.3020102586423484e-15
1.2527292954185935e-17
4.546857168611367e-20
1.1005720427447821e-22
1.7763784457200626e-25
1.9117267385212458e-28
1.3716982725451566e-31
6.561571163974644e-35
2.0924337248483522e-38
4.42291892791216e-42
0.0
6.030916983284275e-35
5.68333900187798e-34
3.5694830282557765e-33
1.4941308370527255e-32
4.168247372954395e-32
7.749967643199678e-32
9.603462428794613e-32
7.931171522353395e-32
4.365443693065537e-32
1.6014042908671992e-32
3.915210646291505e-33
6.379561467517617e-34
6.928003010617739e-35
5.014260093727919e-36
2.418728908392988e-37
7.775871612473107e-39
1.666067204226812e-40
2.37912630053291e-42
2.2642481868175673e-44
1.4361906910953864e-46
6.071300577877036e-49
1.710538721016703e-51
3.211926754886359e-54
4.0195728541552437e-57
3.352553556402985e-60
2.371048645743706e-62
1.005631490299648e-65
2.8426200348698516e-69
0.0
0.0
0.0
0.0
0.0
0.0
0.0
0.0
0.0
0.0
0.0
0.0
0.0
0.0
0.0
0.0
5.2276458701689265e-34
4.363694517260824e-33
2.4355037000559965e-32
9.087933052697616e-32
2.266898636312123e-31
3.7794872901039813e-31
4.21120340804543e-31
3.6178666884158837e-31
2.058586753868149e-31
7.824966524812629e-32
1.9866667306197193e-32
3.3684485250656134e-33
3.8135700306944797e-34
2.8824848545639754e-35
1.4543701584263923e-36
4.897760153534257e-38
1.1007277326143664e-39
1.6507095917604367e-41
1.6516642278629346e-43
1.1025252523653335e-45
4.9094152494583843e-48
1.4581676180028736e-50
2.8885956945240394e-53
3.8162415661584766e-56
3.362216889048742e-59
1.9752860093008875e-62
7.73792877698973e-66
2.0211023427969265e-69
0.0
3.8470268060483725e-36
3.6314275996924006e-35
2.284604961876622e-34
6.214427507672316e-34
1.9880963697097844e-33
4.238920645836201e-33
6.023580086626009e-33
5.7047371591652475e-33
3.600792855659678e-33
1.5147542692690563e-33
4.246858395163126e-34
7.935511469902101e-35
9.882427006324516e-36
8.20226610539132e-37
4.5371761745694754e-38
1.672703551351798e-39
4.1099246832777244e-41
6.730236037640753e-43
7.345278660030012e-45
5.34278631933986e-47
2.5900543788432217e-49
8.368189522697612e-52
1.8019207273134907e-54
2.58595761646778e-57
2.4733676281532974e-60
1.5766579694788316e-63
6.698350310502952e-67
1.896617576228565e-70
0.0
0.0
0.0
0.0
0.0
0.0
0.0
0.0
0.0
0.0
0.0
0.0
0.0
0.0
0.0
0.0
0.0
0.0
0.0
0.0
0.0
0.0
0.0
0.0
0.0
0.0
0.0
0.0
0.0
0.0
0.0
0.0
0.0
0.0
0.0
0.0
0.0
0.0
0.0
0.0
0.0
0.0
0.0
0.0
0.0008111359797328731
0.0054312209920027036
0.0242372214409292
0.0720858021393123
0.1428887997919517
0.18876791956270847
0.16620333680001512
0.097528790004851
0.05456268847559594
0.016281388485842166
0.003237939016489196
0.00042916810560431024
3.791122008912764e-05
2.2319765734750233e-06
8.757760226172528e-08
2.290224296114947e-09
3.991577195042963e-11
4.636524895148995e-13
3.589402884515372e-15
1.8519675261358795e-17
6.368337552055125e-20
1.4594873363013033e-22
2.229236448655382e-25
2.269308227560288e-28
1.539615902841959e-31
6.961660450859852e-35
2.0979485535618797e-38
4.2136492284903595e-42
0.0
0.0
0.0
0.0
0.0
0.0
0.0
0.0
0.0
0.0
0.0
0.0
0.0
0.0
2.4270558735587056e-34
2.1323784144974302e-33
1.2486201207688267e-32
4.8727926190775185e-32
1.2673806625506588e-31
2.1969378564383786e-31
2.5381075245364505e-31
1.9542665970681435e-31
1.0028573216642723e-31
3.42985719573598e-32
7.817978562517714e-33
1.1876663732949454e-33
1.202474827521987e-34
8.114076074538352e-36
0.0005339802033920816
0.0038153934972187586
0.018169168899294517
0.05766500542565985
0.09940266943104059
0.1604271627628703
0.17255967195186242
0.12370357713063501
0.059102623381147704
0.018819704780137114
0.003993929576625978
0.000564897363027852
5.325007701050414e-05
3.345434113745224e-06
1.4007681882860182e-07
3.908963431441761e-09
7.270068336524499e-11
9.011496675602078e-13
7.44452356059305e-15
4.098816150710937e-17
1.504047378636155e-19
3.6782915016713997e-22
5.995320313992173e-25
6.51305331171102e-28
4.805017989961853e-31
1.6900045540016655e-33
1.5864567300507608e-34
1.1462894216095619e-35
5.524101895403352e-37
1.774629875025446e-38
1.4315834423396073e-39
2.339296761784292e-41
2.547937363995938e-43
1.8497637849383835e-45
8.950748450692617e-48
2.886763160141909e-50
6.205349077749074e-53
8.890376951765132e-56
8.489254218012487e-59
5.402708305073585e-62
2.2916267957174298e-65
6.478356952093762e-69
0.0
0.0
0.0
0.0
0.0
0.0
0.0
0.0
0.0
0.0
0.0
0.0
0.0
0.0
4.4550341973820715e-34
3.51957105261626e-33
1.8615680806651536e-32
6.589091959448066e-32
1.560064327171096e-31
2.469743891744025e-31
2.61329094220062e-31
1.847554400934e-31
8.72451851202116e-32
2.751031715314334e-32
5.790930590704908e-33
8.13582095888457e-34
7.627254936959076e-35
8.469919955276743e-07
8.011134100453976e-06
5.049986827038819e-05
0.00021216221319278182
0.0005940559870991044
0.0011085831302281462
0.0013787664337700629
0.0011428643521407648
0.0006313645878025463
0.00023245950056480192
5.7042155683110535e-05
9.32880697362873e-06
2.226795929160047e-06
1.8518814284853393e-07
1.0264256167735197e-08
3.7916071746818643e-10
9.334708029747273e-12
1.531650542724941e-13
1.6749436002814532e-15
1.2207373558245319e-17
5.929605898704286e-20
1.9196010238280348e-22
4.141690714267084e-25
5.9556052475576345e-28
5.707628419012246e-31
3.6455833130320385e-34
1.5518863451623896e-37
4.402854606721947e-41
0.0
0.0
0.0
0.0
0.0
0.0
0.0
0.0
0.0
0.0
0.0
0.0
0.0
0.0
0.0
0.0
0.0
0.0
0.0
0.0
0.0
0.0
0.0
0.0
0.0
0.0
0.0
1.6856117049039052e-35
1.3927738499909748e-34
7.669820816649795e-34
2.8149545044732587e-33
6.885557200269891e-33
1.1225051674251635e-32
1.2196048861552117e-32
8.831439751497531e-33
5.68426007901937e-33
2.0930946889526292e-33
5.1367136827722265e-34
8.401626884727086e-35
9.158470912383298e-36
6.653713524066386e-37
3.2217124434135287e-38
2.725055201632001e-35
1.7548804165702253e-34
7.532129148661944e-34
2.154614566388055e-33
4.1077402507435555e-33
5.2193678218134866e-33
4.4199197288931313e-33
2.4945511225183402e-33
9.383221824266152e-34
2.352302154353428e-34
3.930210191049616e-35
4.376430104109475e-36
3.2479232959487417e-37
1.60647170227178e-38
5.295682554897661e-40
1.1634624087293534e-41
1.7035869952563135e-43
1.6624853409018907e-45
1.081266832103996e-47
3.0071178301673806e-49
9.94553345615338e-52
2.1922358108440251e-54
3.2205348354194764e-57
3.1531910315039374e-60
2.0575675989471878e-63
8.948278457307688e-67
2.5936204172214352e-70
5.01019801538487e-74
0.0
0.0
0.0
0.0
0.0
0.0
0.0
0.0
0.0
0.0
0.0
0.0
0.0
0.0
0.0
0.0
0.0
0.0
0.0
0.0
0.0
0.0
0.0
0.0
0.0
1.353877273762061e-05
0.00012263035978888793
0.0007402838158148242
0.0029783796474353924
0.007986259252667792
0.01427211384484287
0.016998662312268244
0.013493441789531244
0.007138587405308882
0.002517000901904314
0.0005914744772580575
9.263395257242486e-05
9.669097277797239e-06
6.726408085609631e-07
3.1186170057714734e-08
9.636568694933877e-10
1.9845605258847933e-11
2.7238790785556425e-13
1.2463432547192774e-14
8.698887678265323e-17
4.0464234323457337e-19
1.2544705750053911e-21
2.591977212305237e-24
3.5693030854007994e-27
3.275798833500931e-30
2.0036994023191057e-33
8.168258277626138e-37
1.8364948227574702e-34
1.4492485624550576e-33
7.623564329047087e-33
2.673197782556971e-32
6.248250387786571e-32
9.735016330580134e-32
1.0110266984841055e-31
6.998953861926872e-32
3.229573840119449e-32
9.933356657048061e-33
2.036492545731292e-33
2.7829345098171177e-34
2.534860177309094e-35
1.5389818475298355e-36
6.227864631732631e-38
1.6798435040253345e-39
1.2059945287354127e-40
1.6544122272663743e-42
1.5127277205915345e-44
9.219228951108495e-47
3.744928086085754e-49
1.0139247855889484e-51
1.829699542752685e-54
2.2007164273796e-57
1.7642381635095833e-60
9.426658753190986e-64
3.357101692402866e-67
7.968491260907961e-71
0.0
0.0
0.0
0.0
0.0
0.0
0.0
0.0
0.0
0.0
0.0
0.0
0.0
0.0
0.0
0.0
0.0
0.0
0.0
0.0
0.0
0.0
0.0
0.0
0.0
0.0
0.0001584743438047378
0.0011564789494370232
0.005624682985621876
0.01823223526762682
0.03938794571952522
0.05671112901294174
0.05441953219843281
0.0348034953823703
0.014834484883438184
0.00421408824534428
0.0007978409612922044
0.00010067243682671082
8.466158228981106e-06
2.536593820270068e-05
9.763247275541777e-05
0.0005400655655471249
0.0019921613433081043
0.0048976228223722605
0.00802467990798474
0.00876297652724667
0.006377597794930725
0.0030934574983235573
0.0010000293086327322
0.00021545811275203844
3.09381629598746e-05
2.960790932860398e-06
1.8884370381728576e-07
8.027472482656964e-09
2.274242072432218e-10
4.294139033535278e-12
5.4037725651064634e-14
4.532100904839537e-16
2.5332825255249785e-18
9.437331973418402e-21
2.3431300051305998e-23
3.8772614464719106e-26
4.275976761374335e-29
3.1428751852559726e-32
1.539573686826689e-35
7.636310352940266e-38
1.9022145390774671e-41
0.0
0.0
0.0
0.0
0.0
0.0
0.0
0.0
0.0
0.0
0.0
0.0
0.0
0.0
0.0
0.0
0.0
0.0
0.0
0.0
0.0
0.0
0.0
0.0
0.0
7.243895350779013e-35
4.916531225714059e-34
2.22396006316207e-33
6.704659311618559e-33
1.3471253024355636e-32
1.8039347317983877e-32
1.60996040553286e-32
9.576153934762102e-33
3.79619567563812e-33
1.0029692305613436e-33
1.7660710749811221e-34
2.0725751833342955e-35
1.6210408453905094e-36
8.450047890836783e-38
2.9356611867509873e-39
6.79726559417335e-41
1.0489241794175898e-42
1.0787864972029464e-44
7.394493904338922e-47
3.3780257580563264e-49
1.0284874735179857e-51
2.086971914151015e-54
2.822381719987832e-57
2.543878969243048e-60
1.52812431959841e-63
8.683624644924515e-66
2.6525639644055793e-69
5.400229741403921e-73
0.0
0.0
0.0
0.0
0.0
0.0
0.0
0.0
0.0
0.0
0.0
0.0
0.0
0.0
0.0
0.0
0.0
0.0
0.0
0.0
0.0
0.0
0.0
0.0
6.109034236704478e-07
5.459457214192379e-06
3.25168091997361e-05
0.00012907672174832554
0.0003414833074023865
0.0006021054795260898
0.0007075501514176857
0.000554145007801818
0.0002892485364390358
0.00010062374189403866
2.3329815530245053e-05
3.604986929447293e-06
3.7125954856257954e-07
7.872290039532886e-05
0.0005969410539675447
0.003017743111489553
0.010167530233988942
0.022831278462895413
0.034168549095928036
0.034080377176731916
0.022654985870808143
0.010037019015400061
0.0029636522737969393
0.0005832185033144888
0.0001574955131952237
1.5760675011676388e-05
1.0511458742608728e-06
4.67232145353717e-08
1.3841526448876694e-09
2.7328563728636604e-11
3.5960951685490584e-13
3.153748766505217e-15
1.8433362296121672e-17
7.180646918415571e-20
1.8642499251693972e-22
3.225717258541659e-25
3.7199998176743242e-28
2.87978998570705e-31
4.055308675699439e-34
2.1644729635880488e-35
1.2033881787245348e-36
4.4828777036293525e-38
1.1162730243442714e-39
1.8577993449171738e-41
2.0663202381285738e-43
1.5357523298568134e-45
7.62644744053412e-48
2.5301853525860666e-50
5.607400390437892e-53
8.300405475697076e-56
8.615083508749044e-58
6.506752752875288e-61
3.2814149592126953e-64
1.1048402910895985e-67
2.4830861172221864e-71
0.0
0.0
0.0
0.0
0.0
0.0
0.0
0.0
0.0
0.0
5.9181384227997545e-36
4.816514799979101e-35
2.6125356623761264e-34
9.444372415235803e-34
2.2754407363272793e-33
3.653755665454431e-33
3.910164449909679e-33
2.7888945412656877e-33
1.3257166470655912e-33
4.200015329072086e-34
8.868140995105988e-35
2.509889444250647e-35
2.6948766180691417e-36
1.9284337727180205e-37
9.197125638940276e-39
2.9233516383812416e-40
6.192864033560252e-42
8.743465086316919e-44
8.227296776534185e-46
5.159555579207287e-48
2.156497578410503e-50
6.007132380804546e-53
1.1152365103649192e-55
1.3799021875048932e-58
1.1379185457663508e-61
6.253967158113625e-65
2.2907704124312042e-68
5.592282243150166e-72
0.0
0.0
0.0
0.0
0.0
0.0
0.0
0.0
0.0
0.0
0.0
0.0
0.0
0.0
0.0
0.0
0.0
0.0
0.0
0.0
0.0
0.0
0.0
0.0
0.0
0.0
0.0
0.0
0.0
0.0
0.0
0.0
0.0
0.0
0.0
0.0
0.0
0.0
0.0
0.0
0.0
0.0
0.0
0.0
0.0
0.0
0.0
0.0
0.0
0.0
0.0
0.0
0.0
0.0
0.0
0.0
0.0
0.0
0.0
0.0
0.0
0.0
0.0
0.0
0.0
0.0
0.0
0.0
0.0
0.0
0.0
0.0
0.0
0.0
0.0
0.0
0.0
0.0
0.0
0.0
0.0
0.0
0.0
0.0
0.0
0.0
0.0
0.0
0.0
0.0
0.0
0.0
0.0
0.0
0.0
0.0
0.0
0.0
0.0
0.0
0.0
0.0
0.0
0.0
0.0
0.0
0.0
0.0
0.0
0.0
0.0
0.0
0.0
0.0
0.0
0.0
0.0
0.0
0.0
0.0
0.0
0.0
0.0
0.0
0.0
0.0
0.0
0.0
0.0
0.0
0.0
0.0
0.0
0.0
0.0
0.0
0.0
0.0
0.0
0.0
0.0
0.0
0.0
0.0
0.0
0.0
0.0
0.0
0.0
0.0
0.0
0.0
0.0
0.0
0.0
0.0
0.0
0.0
0.0
0.0
0.0
0.0
0.0
0.0
0.0
0.0
0.0
0.0
0.0
0.0
0.0
0.0
0.0
0.0
0.0
0.0
0.0
0.0
0.0
0.0
0.0
0.0
0.0
0.0
0.0
0.0
0.0
0.0
0.0
0.0
0.0
0.0
0.0
0.0
0.0
0.0
0.0
0.0
0.0
0.0
0.0
0.0
0.0
0.0
0.0
0.0
0.0
0.0
0.0
0.0
0.0
0.0
0.0
0.0
0.0
0.0
0.0
0.0
0.0
0.0
0.0
0.0
0.0
0.0
0.0
0.0
0.0
0.0
0.0
0.0
0.0
0.0
0.0
0.0
0.0
0.0
0.0
0.0
0.0
0.0
0.0
0.0
0.0
0.0
0.0
0.0
0.0
0.0
0.0
0.0
0.0
0.0
0.0
0.0
0.0
0.0
0.0
0.0
0.0
0.0
0.0
0.0
0.0
0.0
0.0
0.0
0.0
0.0
0.0
0.0
0.0
0.0
0.0
0.0
0.0
0.0
0.0
0.0
0.0
0.0
0.0
0.0
0.0
0.0
0.0
0.0
0.0
0.0
0.0
0.0
0.0
0.0
0.0
0.0
0.0
0.0
0.0
0.0
0.0
0.0
0.0
0.0
0.0
0.0
0.0
0.0
0.0
0.0
0.0
0.0
0.0
0.0
0.0
0.0
0.0
0.0
0.0
0.0
0.0
0.0
0.0
0.0
0.0
0.0
0.0
0.0
0.0
0.0
0.0
