a = 4.895942936505064 b = 4.895942936505064 c = 13.40471895438812 ,Gaussian ,LMH = 0.08 ,DW = [1. 1.]
0.0
0.0
0.0
0.0
0.0
0.0
0.0
0.0
0.0
0.0
0.0
0.0
0.0
0.0
0.0
0.0
0.0
0.0
0.0
0.0
0.0
0.0
0.0
0.0
0.0
0.0
0.0
0.0
0.0
0.0
0.0
0.0
0.0
0.0
0.0
0.0
0.0
0.0
0.0
0.0
0.0
0.0
0.0
0.0
0.0
0.0
0.0
0.0
0.0
0.0
0.0
0.0
0.0
0.0
0.0
0.0
0.0
0.0
0.0
0.0
0.0
0.0
0.0
0.0
0.0
0.0
0.0
0.0
0.0
0.0
0.0
0.0
0.0
0.0
0.0
0.0
0.0
0.0
0.0
0.0
0.0
0.0
1.6845832370040506e-33
1.2596711869403416e-32
6.277742020459764e-32
2.085121094545487e-31
4.6157326654553546e-31
6.809756156227381e-31
6.695823893463128e-31
4.387913248789484e-31
1.9164327810133004e-31
8.805448671615162e-32
1.955643227553193e-32
2.8947383517649742e-33
2.8556866410714397e-34
1.877557875578685e-35
8.22730626172014e-37
2.4027221037497237e-38
4.676608032986449e-40
6.066524378085984e-42
5.24481858899229e-44
3.0220562477570763e-46
1.1605294446468453e-48
2.9702385631699946e-51
5.0665000244725274e-54
5.759785551282127e-57
4.3640139199250313e-60
2.2036747146866804e-63
7.416353086828878e-67
1.6634695511492835e-70
0.0
0.0
0.0
0.0
0.0
0.0
0.0
0.0
0.0
0.0
0.0
0.0
0.0
0.0
0.0
0.0
0.0
0.0
0.0
0.0
0.0
0.0
0.0
0.0
0.0
0.0
0.0
0.0
0.0
0.0
0.0
0.0
0.0
0.0
0.0
0.0
0.0
0.0
0.0
0.0
0.0
0.0
0.0
0.0
0.0
0.0
0.0
0.0
0.0
0.0
0.0
0.0
0.0
0.0
0.0
0.0
0.0
0.0
0.0
0.0
0.0
0.0
0.0
0.0
0.0
0.0
0.0
0.0
0.0
0.0
0.0
0.0
0.0
0.0
0.0
0.0
0.0
0.0
0.0
0.0
0.0
0.0
0.0
0.0
0.0
0.0
0.0
0.0
0.0
0.0
0.0
0.0
0.0
0.0
0.0
0.0
0.0
0.0
0.0
0.0
0.0
0.0
0.0
0.0
0.0
0.0
0.0
0.0
0.0
0.0
0.0
0.0
0.0
0.0
0.0
0.0
0.0
0.0
0.0
0.0
0.0
0.0
0.0
0.0
0.0
0.0
0.0
0.0
0.0
0.0
0.0
0.0
0.0
0.0
0.0
0.0
0.0
0.0
0.0
0.0
0.0
0.0
0.0
0.0
0.0
0.0
0.0
0.0
0.0
0.0
0.0
0.0
0.0
0.0
0.0
0.0
0.0
0.0
0.0
0.0
0.0
0.0
0.0
0.0
0.0
0.0
0.0
0.0
0.0
0.0
0.0
0.0
0.0
0.0
0.0
0.0
0.0
0.0
0.0
0.0
0.0
0.0
0.0
0.0
0.0
0.0
0.0
0.0
0.0
0.0
0.0
0.0
0.0
0.0
0.0
1.1174665905583661e-33
1.0334519857946195e-32
6.36982657962351e-32
2.6166549748118714e-31
7.163856246211001e-31
1.3071601865174613e-30
1.5896163058900057e-30
1.2883603614456048e-30
6.959274199627914e-31
2.5053712545552024e-31
6.011208341111199e-32
9.612426203339964e-33
1.0244382961416473e-33
7.27645989171383e-35
3.4445779938002275e-36
1.0867595211875258e-37
2.2851380035848437e-39
1.3895236595879435e-40
1.485756043662908e-42
1.0587919075483672e-44
5.028694694388705e-47
1.5917742444691358e-49
3.3580659853804295e-52
4.7214840424414434e-55
4.4243489734273705e-58
2.7631328864523753e-61
1.1501003003971913e-64
3.1904446174285757e-68
0.0
0.0
0.0
0.0
0.0
0.0
0.0
0.0
0.0
0.0
0.0
0.0
0.0
0.0
0.0
0.0
0.0
0.0
0.0
0.0
0.0
0.0
0.0
0.0
0.0
0.0
0.0
0.0
0.0
0.0
0.0
0.0
0.0
0.0
0.0
0.0
0.0
0.0
0.0
0.0
0.0
0.0
0.0
0.0
0.0
0.0
0.0
0.0
0.0
0.0
0.0
0.0
0.0
0.0
0.0
0.0
0.0
0.0
0.0
0.0
0.0
0.0
0.0
0.0
0.0
0.0
0.0
0.0
0.0
0.0
0.0
0.0
0.0
0.0
0.0
0.0
0.0
0.0
0.0
0.0
0.0
0.0
0.0
0.0
0.0
0.0
0.0
0.0
0.0
0.0
0.0
0.0
0.0
0.0
0.0
0.0
0.0
0.0
0.0
0.0
0.0
0.0
0.0
0.0
0.0
0.0
0.0
0.0
0.0
0.0
0.0
0.0
0.0
0.0
0.0
0.0
0.0
0.0
0.0
0.0
0.0
0.0
0.0
0.0
0.0
0.0
0.0
0.0
0.0
0.0
0.0
0.0
0.0
0.0
0.0
0.0
0.0
0.0
0.0
0.0
0.0
0.0
0.0
0.0
0.0
0.0
0.0
0.0
0.0
0.0
0.0
0.0
0.0
0.0
0.0
0.0
0.0
0.0
0.0
0.0
0.0
0.0
0.0
0.0
0.0
0.0
0.0
0.0
0.0
0.0
0.0
0.0
0.0
0.0
0.0
0.0
0.0
0.0
0.0
0.0
0.0
0.0
0.0
0.0
0.0
0.0
0.0
0.0
0.0
0.0
0.0
0.0
0.0
0.0
0.0
0.0
0.0
6.6486610604901985e-34
6.173609887364035e-33
3.820548524356132e-32
1.575773546245846e-31
4.3315510673203606e-31
7.935505933129657e-31
9.68918728614254e-31
7.884635639988809e-31
4.276194544366306e-31
1.5456630665037083e-31
3.723520526662684e-32
5.978252074383025e-33
6.3969984030517054e-34
4.562047570782985e-35
2.168327735728747e-36
6.868653190381127e-38
1.4501061703801441e-39
2.0403729653422885e-41
1.9133784081127774e-43
1.1958417870733234e-45
4.981132907131518e-48
1.3828150021893158e-50
2.558477391187065e-53
3.0777082188523323e-55
2.895659724419694e-58
1.8157211612318462e-61
7.588087544401398e-65
2.1134747255775637e-68
0.0
0.0
0.0
0.0
0.0
0.0
0.0
0.0
0.0
4.516624808320473e-34
3.256534743329039e-33
1.564872520922994e-32
5.011684938720991e-32
1.0697199761600714e-31
1.5217313892367422e-31
1.4427378988261062e-31
9.116296246405198e-32
3.839113637129001e-32
1.0775192885756696e-32
2.0155830020328302e-33
2.5127996874330873e-34
5.005300825172033e-35
3.1731452097686235e-36
1.3406989136559225e-37
3.775323021650326e-39
7.085304566905388e-41
8.86225982748758e-43
7.387746454759254e-45
4.1045073132618765e-47
1.5198181745060198e-49
3.7506261879921955e-52
6.168754373005878e-55
6.76196194458777e-58
4.940029187213919e-61
2.4052922704879853e-64
7.80526665442814e-68
1.6880650637182394e-71
0.0
0.0
0.0
0.0
0.0
0.0
0.0
7.2498867571903155e-34
4.920809552901251e-33
2.2259911813445624e-32
4.859768195319916e-32
1.1179053050876288e-31
1.7138627037503926e-31
1.7511711228324553e-31
1.1925118250680933e-31
5.41225623795227e-32
1.6371012995956126e-32
3.30030673031533e-33
4.434193132862096e-34
3.9706028796135817e-35
2.3696262357602217e-36
9.425074551625037e-38
2.498453591424879e-39
4.4140711354034554e-41
5.19743320774052e-43
4.078683952959593e-45
2.1332057209257762e-47
7.435787558271551e-50
1.727439138993731e-52
2.674607667826605e-55
2.7599356965644873e-58
1.8981013149595923e-61
8.70004230995911e-65
2.6576934587741836e-68
5.410905616494373e-72
0.0
0.0
0.0
0.0
0.0
0.0
0.0
0.0
0.0
0.0
0.0
0.0
0.0
0.0
0.0
0.0
0.0
0.0
0.0
0.0
0.0
0.0
0.0
0.0
0.0
0.0
0.0
0.0
0.0
0.0
0.0
0.0
0.0
0.0
0.0
0.0
0.0
0.0
0.0
0.0
0.0
0.0
0.0
0.0
0.0
0.0
0.0
0.0
0.0
0.0
0.0
0.0
0.0
0.0
0.0
0.0
0.0
0.0
0.0
0.0
0.0
0.0
0.0
0.0
0.0
0.0
0.0
0.0
0.0002903042048050438
0.002624337725814084
0.015811303284807628
0.06348880648459888
0.16990580016146453
0.30304058449576077
0.36022589850948644
0.2853846564438105
0.15068424779472747
0.053025727709764034
0.02109599526880811
0.0037750384774884516
0.0004502194923713735
3.578563710613846e-05
1.8957224852530658e-06
6.693022997399146e-08
1.574894337103283e-09
2.4698016346119728e-11
2.581393869028081e-13
1.798158718042293e-15
8.348016904910703e-18
2.5829747750424348e-20
5.326458629493545e-23
7.320462153314735e-26
6.705327421575643e-29
4.0933890849193585e-32
1.6654347156982604e-35
4.515998067750762e-39
0.0
0.0
0.0
0.0
0.0
0.0
0.0
0.0
0.0
0.0
0.0
0.0
0.0
0.0
0.0
0.0
0.0
0.0
0.0
0.0
0.0
0.0
0.0
0.0
0.0
0.0
0.0
0.0
0.0
0.0
0.0
9.157744592491949e-35
8.378045173368578e-34
2.9251378555011576e-33
1.3608275384019064e-32
4.2193095491496494e-32
8.718890750924198e-32
1.2007777487046766e-31
1.1021623599134736e-31
6.742330966201275e-32
2.7488820629664724e-32
7.469365231733049e-33
1.352673034058924e-33
1.632614002661453e-34
1.3132752208138263e-35
7.04059772679489e-37
2.51561896617863e-38
5.9904815904704656e-40
9.507364916405353e-42
1.0056344380768578e-43
7.089272323950331e-46
3.3307706546011615e-48
1.0429640720278145e-50
2.1765844129140213e-53
3.027354152891456e-56
2.806289637304426e-59
1.7337373437502244e-62
7.138642991449517e-66
1.9589780539136394e-69
0.0
0.0
0.0
0.0
0.0
0.0
0.0
0.0
0.0
0.0
0.0
0.0
0.0
0.0
0.0
0.0
0.0
0.0
0.0
0.0
0.0
0.0
0.0
0.0
0.0
0.0
0.0
0.0
0.0
0.0
0.0
0.0
0.0
0.0
0.0
0.0
0.0
0.0
0.0
0.0
0.0
0.0
0.0
0.0
0.0
0.0
0.0
0.0
0.0
0.0
0.0
0.0
0.0
0.0
0.0
2.533338516435508e-33
1.8351735590110374e-32
8.860181301786381e-32
2.850950142007005e-31
6.113897931744491e-31
8.738327031235754e-31
8.323767716903808e-31
5.284369273451079e-31
2.2358770242704677e-31
6.304987297197902e-32
1.1849555702896204e-32
1.4842308901000137e-33
1.2390316873002905e-34
6.893581409885451e-36
2.556165402730414e-37
6.317053344498086e-39
1.040451125614992e-40
1.1421164128438045e-42
8.355657100020114e-45
4.0741066512544074e-47
1.323932143704812e-49
2.86734933746554e-52
3.8311108810439384e-54
4.2193172674026033e-57
3.096999908081315e-60
1.515031805374937e-63
4.9395098528603835e-67
1.0733157693395812e-70
0.0
0.0
0.0
0.0
0.0
0.0
0.0
0.0
0.0
0.0
0.0
0.0
0.0
0.0
0.0
0.0
0.0
0.0
0.0
0.0
0.0
0.0
0.0
0.0
0.0
0.0
0.0
0.0
0.0
0.0
0.0
0.0
0.0
0.0
0.0
0.0
0.0
0.0
0.0
0.0
0.0
0.0
0.0
0.0
0.0
0.0
0.0
0.0
0.0
0.0
0.0
0.0
0.0
0.0
0.0
0.0
0.0
0.0
0.0
0.0
0.0
0.0
0.0
0.0
0.0
0.0
0.0
0.0
0.0
0.0
0.0
0.0
0.0
0.0
0.0
0.0
0.0
0.0
0.0
0.0
0.0
0.0
0.0
0.0
0.0
0.0
0.0
0.0
0.0
0.0
0.0
0.0
0.0
0.0
0.0
0.0
0.0
0.0
0.0
0.0
0.0
0.0
0.0
0.0
0.0
0.0
0.0
0.0
0.0
0.0
0.0
0.0
0.0
0.0
0.0
0.0
0.0
0.0
0.0
0.0
1.708301154199391e-34
1.2547439054147943e-33
3.784278253336574e-33
1.413436502504683e-32
3.518447636619438e-32
5.837238379686118e-32
6.454243034601327e-32
4.7562508134044614e-32
2.3359617663575263e-32
7.6462458932356e-33
1.668062574672021e-33
2.4252581062993966e-34
2.3500934900191042e-35
1.517727706103638e-36
6.532570918904271e-38
1.87394116883923e-39
3.5826907276128265e-41
4.5650362997931295e-43
3.8766866526686314e-45
2.1941115869110975e-47
8.27633899798754e-50
2.0806516697338747e-52
3.486117619034664e-55
0.002960704717854136
0.021320426007681078
0.10232416486862368
0.3272970474797747
0.6977301896258569
0.9224694508973138
1.0
0.7224861988788367
0.34788896980448086
0.11164346606680746
0.023878525805458458
0.003403793929412199
0.00032337061741017834
2.0474787377323498e-05
8.64012037794381e-07
2.4299746015704733e-08
4.5547571212136267e-10
5.689973724812046e-12
4.7373649931105354e-14
2.6287239397087936e-16
9.721530929195937e-19
2.3961052591486263e-21
3.936032454229971e-24
4.309163744744562e-27
3.1441906505123093e-30
1.5289958085016916e-33
4.955474731450362e-37
1.070399223182687e-40
0.0
0.0
0.0
0.0
0.0
0.0
0.0
0.0
0.0
0.0
0.0
0.0
0.0
0.0
0.0
0.0
0.0
0.0
0.0
0.0
0.0
0.0
0.0
0.0
0.0
0.0
0.0
0.0
0.0
0.0
0.0
0.0
0.0
0.0
0.0
0.0
0.0
0.0
0.0
0.0
0.0
0.0
0.0
0.0
0.0
0.0
0.0
0.0
0.0
0.0
0.0
0.0
0.0
0.0
0.0
0.0
0.0
0.0
0.0
0.0
0.0009466225854146687
0.007830807260287936
0.04317354952263677
0.15863920502475684
0.3884944708286692
0.6340751128534869
0.6897284200957732
0.5000311767085658
0.24160036902771143
0.0778000097759067
0.016697184959844378
0.002388297437359533
0.0002276748795387813
1.4465164153790897e-05
6.125099748685351e-07
1.7285602155220223e-08
3.25115300509124e-10
4.075415120468822e-12
3.404770507468893e-14
1.8957688568877187e-16
4.753548595625187e-18
1.3459163178595387e-20
2.5398012183576494e-23
3.1942063011489677e-26
2.6779192847418255e-29
3.034460098655743e-32
2.8517471049838337e-32
3.5208933119206356e-32
2.897750889938172e-32
1.5894643641552998e-32
5.8106148708599576e-33
1.4157120714196892e-33
2.298843081021276e-34
2.487856162765248e-35
1.7944144432179065e-36
8.625847840351705e-38
2.7635185101386488e-39
5.900713259353047e-41
8.397078094504218e-43
7.964039799523057e-45
5.034081001890565e-47
2.1207453587676885e-49
5.95440539213574e-52
1.1142171055568646e-54
1.3895775592269785e-57
1.1549875704419483e-60
8.149691760134275e-63
3.4445959130759464e-66
9.70324347944214e-70
0.0
0.0
0.0
0.0
0.0
0.0
0.0
0.0
0.0
0.0
0.0
0.0
0.0
0.0
0.0
0.0
0.0
0.0
0.0
0.0
0.0
0.0
0.0
0.0
0.0
0.0
0.0
0.0
0.0
0.0
0.0
0.0
0.0
0.0
3.8270834630755836e-35
3.4164994180109626e-34
2.032714179630335e-33
8.060330144145078e-33
2.1301534628646085e-32
3.751893504544655e-32
4.4042469376715643e-32
3.4456754419852036e-32
1.7966298970976167e-32
6.243446941080782e-33
1.4460115983503808e-33
2.2320333314641033e-34
2.2962074582929278e-35
1.574356635519547e-36
2.1050640258311078e-37
7.339388642804271e-39
1.7054382911952186e-40
2.641153740816393e-42
2.726044259549064e-44
1.875226239974957e-46
8.597179380491934e-49
2.0019900811643194e-33
1.403100005232986e-32
6.553855763414957e-32
2.0402654743024175e-31
4.233095143189845e-31
5.853436715879665e-31
5.394427654919713e-31
3.313304627554343e-31
1.3563098294592563e-31
3.700309063874057e-32
6.728196054997259e-33
8.15343896887315e-34
6.585133132904581e-35
3.5446212983990724e-36
1.2716180208906404e-37
3.0403603026057746e-39
4.844790267435259e-41
5.145249710280224e-43
3.6418284214803946e-45
1.0715909167357176e-46
5.46891930892143e-05
0.00039199390547027736
0.0018725725910681145
0.005961829586075353
0.012650334280550254
0.01788982094094619
0.01686131857389283
0.010591528088890845
0.004434118128353364
0.0012371929701421411
0.00023006427028028666
2.8512970037977092e-05
2.3551430282072147e-06
1.2965034135370565e-07
4.756763837854438e-09
1.1631375170700698e-10
1.8955362150520736e-12
2.0588023556860886e-14
1.490317410054292e-16
7.189926348293916e-19
2.31180743666714e-21
4.9540503875515076e-24
7.07539565722492e-27
6.734767230858861e-30
4.272440248585735e-33
2.517749178050581e-35
8.122102216389104e-39
1.7462482619610363e-42
0.0
0.0
0.0
0.0
0.0
0.0
0.0
0.0
0.0
0.0
0.0
0.0
0.0
0.0
0.0
0.0
0.0
0.0
0.0
0.0
0.0
0.0
0.0
0.0
0.0
0.0
0.0
0.0
0.0
0.0
0.0005458540512061796
0.003732810993295676
0.01701284758412861
0.05167727088660322
0.10461734093367309
0.14115274642214048
0.12692773674642846
0.0760685762717273
0.030383345194564166
0.008088117203338773
0.0014349634265564033
0.00016967418689314875
1.3371258020531622e-05
7.022800156888654e-07
2.4582718001166105e-08
5.734968494730845e-10
8.916896420114223e-12
9.240127320729303e-14
3.5055403575554744e-15
1.8472334540871764e-17
6.487392095640904e-20
1.5184484676820273e-22
2.368708129006991e-25
2.4630376741210958e-28
2.2125921940533754e-31
4.5341497750603597e-32
2.6973753549665205e-32
1.0713296341127261e-32
2.8358730756197705e-33
5.003017349836534e-34
5.882457210576868e-35
4.609640883465278e-36
2.4074482308923213e-37
8.37969804162711e-39
1.9439331679333117e-40
3.005493815424242e-42
3.0969336116581064e-44
2.464983986573097e-35
2.095191880126526e-34
1.1869025162335044e-33
4.481133134127399e-33
1.1275665702627432e-32
1.890941461076424e-32
2.113467264069378e-32
1.8168037296795334e-32
1.0325902834329098e-32
3.9113763325816625e-33
9.874445592615289e-34
1.6614121688673617e-34
1.86304609893456e-35
1.3923594392635573e-36
6.935226889749116e-38
2.3022449681969967e-39
5.093589472570758e-41
7.510656401223641e-43
7.380969274452195e-45
4.834264948489722e-47
2.1102263825860868e-49
6.139163448538446e-52
1.1903396280402452e-54
1.5382047078683917e-57
1.32476525297103e-60
7.604055343582171e-64
2.9089292444108298e-67
7.41656136873631e-71
0.0
0.0
0.0
0.0
0.0
0.0
0.0
0.0
0.0
0.0
0.0
0.0
0.0
0.0
0.0
0.0
0.0
0.0
0.0
0.0
0.0
0.0
0.0
0.0
0.0
0.0
0.0
1.0469519829989371e-05
9.674553149355454e-05
0.0005958221085286473
0.0015978693771445
0.005004141173235651
0.010444782023147312
0.014529502929023021
0.01347049890557022
0.008323349922841554
0.0034276318817433463
0.0009407446179825745
0.0001720801830079831
2.0978359538040454e-05
1.7044871738614828e-06
9.229910694778319e-08
3.331062709010495e-09
8.012160977457845e-11
1.2843934211914659e-12
1.3722335288661926e-14
9.771011601852607e-17
4.636951778504326e-19
1.4665847956465584e-21
3.0914578191062377e-24
4.3431119127062005e-27
4.0664951968449416e-30
2.5375876685311662e-33
1.0553667197316677e-36
2.925278928001818e-40
0.0
0.0
0.0
0.0
0.0
0.0
0.0
0.0
0.0
1.3836835585237106e-33
9.652940863904982e-33
4.4928413241139107e-32
1.3951948147460231e-31
2.8907737129236423e-31
3.996420726600008e-31
3.686529545736357e-31
2.2691554503365216e-31
9.320095331404417e-32
2.5544327332610545e-32
4.6719030466308904e-33
5.701962432892269e-34
4.643983489588427e-35
2.5240385781239103e-36
9.154657879472949e-38
2.2157942165025903e-39
3.5789598937202335e-41
1.8266349350795273e-42
1.5035103170427446e-44
8.258314019001989e-47
3.0269172516859047e-49
7.403318940482965e-52
1.2082603040833473e-54
1.3158093227457878e-57
9.561214367192489e-61
4.6356336655482326e-64
1.499576415084701e-67
3.2365199973386523e-71
0.0
0.0
0.0
0.0
0.0
0.0
0.0
0.0
0.0
0.0
0.0
0.0
0.0
0.0
0.0
0.0
0.0
0.0
0.0
0.0
0.0
0.0
0.0
0.0
1.0928408405230141e-34
1.136666162477697e-33
6.933539871692057e-33
2.8260227114172956e-32
7.698471841891001e-32
1.4020210493447747e-31
1.7074183503342117e-31
1.3908306402798134e-31
7.579972935482736e-32
2.764549115190871e-32
6.748999360735238e-33
1.1030524236082262e-33
1.2071554759230903e-34
8.846919383684394e-36
4.342254456739268e-37
1.4273981262130735e-38
3.1424852515413688e-40
1.9755533519179688e-41
2.229327482296828e-43
1.6843743088397398e-45
8.519361976782128e-48
2.883964867234211e-50
6.532621229311643e-53
9.899020382097436e-56
1.0032105386735854e-58
6.797871069887929e-62
3.079079290551723e-65
9.320181390858e-69
1.6395016820973626e-72
0.0
0.0
0.0
0.0
0.0
0.0
0.0
0.0
0.0
0.0
0.0
0.0
0.0
0.0
0.0
0.0
0.0
0.0
0.0
0.0
0.0
0.0
0.0
0.0
0.0
0.0
0.0
0.0
0.0
0.0
0.0
0.0
0.0
0.0
0.0
0.0
0.0
0.0
0.0
0.0
0.0
0.0
0.0
0.0
0.0
0.0
0.0
0.0
0.0
0.0
0.0
0.0
0.0
0.0
0.0
0.0
0.0
0.0
0.0
0.0
0.0
0.0
0.0
0.0
0.0
0.0
0.0
0.0
0.0
0.0
0.0
0.0
0.0
3.512588644066187e-34
3.0254755996947685e-33
1.7367670244030022e-32
6.644633368241842e-32
1.6942676912091656e-31
2.8792182316720576e-31
3.26098413846242e-31
2.46152548931074e-31
1.2383446618777613e-31
4.152028096184451e-32
9.278132687766606e-33
1.381791200807492e-33
1.371531588822969e-34
9.072996736619871e-36
4.000158895969734e-37
1.1753988982892734e-38
2.301838575375073e-40
0.0013449293516592396
0.004809060555483497
0.02318743432642802
0.07451208161594575
0.15958139009908545
0.2277819673398763
0.21668955791912195
0.1373846386162076
0.05805236484139445
0.016348699245384984
0.0030685135205244653
0.0003838437080885248
3.20009122689777e-05
1.7780822249878054e-06
6.58450102959506e-08
1.6250826272493088e-09
2.6730653318765904e-11
2.930388811072545e-13
2.1410286047617863e-15
1.0425604362916355e-17
3.3834639896485676e-20
7.318185697246151e-23
1.054937766850374e-25
1.013518787414511e-28
6.489605766599581e-32
2.76940437805591e-35
1.2529467315586617e-37
2.718962685229822e-41
0.0
0.0
0.0
0.0
0.0
0.0
0.0
0.0
0.0
0.0
0.0
0.0
0.0
0.0
0.0
0.0
0.0
0.0
0.0
0.0
0.0
1.652903238263656e-33
1.1349794061026693e-32
5.194097295727638e-32
1.142770463088072e-31
2.6594001332980165e-31
4.124676703999943e-31
4.26361213510979e-31
2.937291264066853e-31
1.34864574285963e-31
4.126960443327463e-32
8.416747037206968e-33
1.1440362652472057e-33
1.0363748289978888e-34
6.257134200256051e-36
2.5177675446661283e-37
6.752076287702841e-39
1.2068147183051552e-40
1.4375580934713342e-42
1.1412788213746869e-44
6.038647244196908e-47
2.1294581576313276e-49
5.00472374087916e-52
7.8392164574132e-55
8.183644428531751e-58
5.6938024460957486e-61
2.6402167749167524e-64
8.159401907066749e-68
1.6805777656747946e-71
0.0
0.0
0.0
0.0
0.0
0.0
0.0
0.0
0.0
0.0
0.0
0.0
0.0
0.0
0.0
0.0
0.0
0.0
0.0
0.0
0.0
0.0
0.0
0.0
0.0
0.0
0.0
0.0
0.0
0.0
0.0
0.0
0.0
0.0
0.0
0.0
0.0
0.0
0.0
0.0
0.0
0.0
0.0
0.0
0.0
0.0
0.0
0.0
0.0
0.0
0.0
5.034945135876347e-37
2.2115708283625295e-36
1.4518150971238534e-35
6.351895022136226e-35
1.8521530184680998e-34
3.599415344707128e-34
4.66196074152253e-34
4.024267195146877e-34
2.315189547320392e-34
8.877033234110106e-35
2.2684577073948701e-35
3.8634480419872336e-36
4.385317209836539e-37
3.3174814173611265e-38
1.6726209518545977e-39
5.620411510562525e-41
4.09861218275983e-34
2.8133572791829144e-33
1.2870472758755903e-32
3.9241505363520793e-32
7.974039211152235e-32
1.079922582232827e-31
9.747391885608808e-32
5.863619481845661e-32
2.35084870331688e-32
6.281525515232838e-33
1.1186317070366489e-33
2.8261984226753963e-34
2.559335535885401e-35
1.5446616069056978e-36
6.213281433925431e-38
0.00016745425025575556
0.0015554175829227547
0.009628959968708653
0.03972768937177529
0.10924178302818952
0.2002007968353229
0.24452562161320907
0.19905105772097365
0.10799065018407344
0.039047152663732224
0.00940966437121268
0.0015112643716734852
0.00016176639338829049
1.1540316244236132e-05
5.486920472165415e-07
1.7386860479074523e-08
3.6719369965068374e-10
5.168336963466035e-12
4.8482830767474495e-14
3.0311446742089697e-16
1.2630103513339087e-18
3.507427499431873e-21
5.531090416629473e-23
7.810793046725937e-26
7.351247626830117e-29
4.611142266696441e-32
1.927691530443226e-35
5.370912845055309e-39
0.0
0.0
0.0
0.0
0.0
0.0
0.0
0.0
0.0
0.0
0.0
0.0
0.0
0.0
0.0
0.0
0.0
0.0
0.0
0.0
0.0
0.0
0.0
0.0
0.0
0.0
0.0
0.0
0.0
0.0
0.0
0.0
0.0
2.294158576249546e-35
2.0392927645323244e-34
1.208140021092048e-33
4.770199164728077e-33
1.2552704379064737e-32
2.2015048089006494e-32
2.573259139572832e-32
2.00460568488704e-32
1.0407728140388381e-32
3.60134285958108e-33
8.305285148619053e-34
1.2765157402271013e-34
2.923533796373464e-35
2.2849795913544964e-36
1.1902496992383337e-37
4.1321433893468036e-39
1.0872321210045196e-05
7.199045562206336e-05
0.0003176940769214689
0.0009343828569185918
0.0018315642329720862
0.002392770216600913
0.002083345902414446
0.0012089360255159382
0.0004675486467639866
0.00012051242828054802
2.0702291464760844e-05
2.3702084828628986e-06
1.8085737609432038e-07
9.197450338947196e-09
3.1173116714403197e-10
7.041651828779458e-12
1.0601087476311856e-13
1.0636722686223067e-15
7.112901645999167e-18
3.170058804687878e-20
9.416063564534455e-23
1.8640304089083762e-25
2.3457204854581657e-27
2.3613613592065803e-30
1.584273624901293e-33
7.084015130810008e-37
2.111107343038344e-40
4.1929791299304595e-44
0.0
0.0
0.0
0.0
0.0
0.0
0.0
0.0
0.0
0.0
0.0
0.0
0.0
0.0
0.0
0.0
1.0231482397316946e-05
0.00022279587508750585
0.0014744016876259702
0.006551862535987772
0.014191333019436961
0.03244135029478778
0.04973713136666784
0.05111299405835768
0.03518910383854938
0.016220778999477603
0.005003699880105955
0.001032404722176061
0.0001424123777429359
1.3128124419981623e-05
8.084475037771131e-07
3.3246863740671846e-08
9.127932367488312e-10
1.672655609267674e-11
2.045302046032991e-13
1.668564317599245e-15
9.080141779162133e-18
3.2956907589539674e-20
7.977253724688277e-23
1.2875682073134131e-25
1.3856719114260746e-28
9.942441962149005e-32
4.7560039902899467e-35
1.5166521651597105e-38
3.2058470882332024e-42
0.0
4.115719784906141e-35
3.878519773890139e-34
2.4359466333225278e-33
1.0196498914411297e-32
2.844565466379395e-32
5.288863244164447e-32
6.553756324509782e-32
5.412523442539216e-32
2.9791394952445933e-32
1.0928572457262506e-32
2.671883888251087e-33
4.353647616715913e-34
4.727924317267079e-35
3.421915694018194e-36
1.6506296555215276e-37
5.306541066482637e-39
1.1369855984463205e-40
1.6236033778998386e-42
1.5452063237236e-44
9.80109402703195e-47
4.143279036627186e-49
1.1673345987764937e-51
2.1919370685079869e-54
2.743104501118381e-57
2.287905975208947e-60
1.618090888883041e-62
6.862799525217436e-66
1.9399085662945473e-69
0.0
0.0
0.0
0.0
0.0
0.0
0.0
0.0
0.0
0.0
0.0
0.0
0.0
0.0
0.0
0.0
3.7078068328120373e-34
3.095831418291969e-33
1.728305680807689e-32
6.450626306421138e-32
1.6094206853449398e-31
2.6839004375735498e-31
2.9910990219001014e-31
2.570010937846794e-31
1.4626282345936358e-31
5.560634098689702e-32
1.4120127030368427e-32
2.3944735379639624e-33
2.711273448623103e-34
2.0495815672128305e-35
1.0342488129431758e-36
3.4833335389898447e-38
7.829260683813734e-40
1.1742238846541125e-41
1.1749996872745817e-43
7.843987941987399e-46
3.4930710211232855e-48
1.0375559376345498e-50
2.0554865493175455e-53
2.715721068769012e-56
2.3927332461610543e-59
1.4057750504619652e-62
5.507139435926547e-66
1.4384790418215368e-69
0.0
2.8808632209765078e-36
2.719410791509128e-35
1.710836638513415e-34
4.653701819319417e-34
1.4887948537943757e-33
3.174334674774799e-33
4.510784874928464e-33
4.2720179233839516e-33
2.6964698264944976e-33
1.1343305059100488e-33
3.1802788938421876e-34
5.942543238153545e-35
7.400499640851032e-36
6.142303639406186e-37
3.3976846607509017e-38
1.2526115318744134e-39
3.077735471565477e-41
5.0399673427921806e-43
5.500544759977945e-45
4.0009694189609747e-47
1.9395737998517e-49
6.2665561321792836e-52
1.3493763917296192e-54
1.9365059210331968e-57
1.8521924049757035e-60
1.1806873685386933e-63
5.0160895734870755e-67
1.4202905503606148e-70
0.0
0.0
0.0
0.0
0.0
0.0
0.0
0.0
0.0
0.0
0.0
0.0
0.0
0.0
0.0
0.0
0.0
0.0
0.0
0.0
0.0
0.0
0.0
0.0
0.0
0.0
0.0
0.0
0.0
0.0
0.0
0.0
0.0
0.0
0.0
0.0
0.0
0.0
0.0
0.0
0.0
0.0
0.0
0.0
0.0005556514521445407
0.00372054243250074
0.01660319308488358
0.04938084567633637
0.09788293342102229
0.129311448689362
0.1138540611582907
0.0668100234068549
0.03737700933246665
0.011153218919060806
0.0022180812606293174
0.0002939924834448718
2.5970275048127453e-05
1.5289680832706019e-06
5.999317387953923e-08
1.5688694468861634e-09
2.734345066906133e-11
3.1761527724886383e-13
2.4588441086901272e-15
1.2686509672038278e-17
4.362494201910978e-20
9.997907601996126e-23
1.5270910190382982e-25
1.554541338953658e-28
1.0546811305802218e-31
4.7689374352884765e-35
1.4371550386596087e-38
2.8864707905195443e-42
0.0
0.0
0.0
0.0
0.0
0.0
0.0
0.0
0.0
0.0
0.0
0.0
0.0
0.0
1.6766624353455497e-34
1.473092904238434e-33
8.625736536670948e-33
3.366230019112378e-32
8.755338397159668e-32
1.517691956253889e-31
1.7533793060224808e-31
1.3500494272306574e-31
6.927954224557175e-32
2.3694191721503632e-32
5.400827858524037e-33
8.204654929953979e-34
8.306954919000417e-35
5.6053783927794944e-36
0.0003597287784887729
0.002570332820373738
0.012240103458480278
0.03884743634978864
0.06696503096144889
0.10807566821860701
0.11624902873428762
0.0833359297090281
0.03981592272395755
0.012678352809845828
0.002690608001650779
0.0003805568766082678
3.587321221973564e-05
2.2537332275754666e-06
9.436616303695971e-08
2.633368487103504e-09
4.897658725201057e-11
6.070814368917193e-13
5.0151847388182425e-15
2.7612673986392292e-17
1.0132381741290427e-19
2.4779707195793475e-22
4.038893670244831e-25
4.3876841972823985e-28
3.238753412860855e-31
1.166819787886827e-33
1.0995151740904523e-34
7.94500753220427e-36
3.828942928558623e-37
1.230095237693055e-38
9.923279169546027e-40
1.6215611392423556e-41
1.7662180678926442e-43
1.282265320189175e-45
6.204771745811262e-48
2.001158437773728e-50
4.30169508544793e-53
6.163055042255672e-56
5.885012360275741e-59
3.7453372813625407e-62
1.5886365908788807e-65
4.4910361071902945e-69
0.0
0.0
0.0
0.0
0.0
0.0
0.0
0.0
0.0
0.0
0.0
0.0
0.0
0.0
2.9011390323705576e-34
2.2950879410284442e-33
1.2154138327078566e-32
4.3067664431472015e-32
1.0206950499361658e-31
1.6172741206383768e-31
1.712584044475872e-31
1.2115796913492133e-31
5.724652493334321e-32
1.8060196357622554e-32
3.803334916568801e-33
5.345405327534038e-34
5.01288297421824e-35
5.595816863890823e-07
5.292711092302935e-06
3.336371724689695e-05
0.00014016908031402734
0.0003924746075827422
0.0007324069422038413
0.0009109087809797419
0.0007550554962287121
0.0004171232581115379
0.00015357887681355958
3.7686006291638724e-05
6.1632572277725075e-06
1.4711759117716584e-06
1.223481376702798e-07
6.781279877730715e-09
2.504998805344787e-10
6.1671558749282374e-12
1.0119146322307501e-13
1.1065839693894402e-15
8.065038061957946e-18
3.91750912162095e-20
1.2682216405583534e-22
2.73628828445741e-25
3.9346860956103098e-28
3.770855395160306e-31
2.408525309507145e-34
1.0252838075159654e-37
2.9088312743976895e-41
0.0
0.0
0.0
0.0
0.0
0.0
0.0
0.0
0.0
0.0
0.0
0.0
0.0
0.0
0.0
0.0
0.0
0.0
0.0
0.0
0.0
0.0
0.0
0.0
0.0
0.0
0.0
1.1376249009294365e-35
9.399876664972616e-35
5.176387373974232e-34
1.8998220823667243e-33
4.64708527178124e-33
7.575824409439729e-33
8.23115361473167e-33
5.960367825598617e-33
3.836325881244526e-33
1.4126365112607067e-33
3.4667850119133908e-34
5.670285703746122e-35
6.181082235044841e-36
4.490613209796379e-37
2.1743443573621792e-38
1.397755163191835e-35
9.001152369275808e-35
3.863387999147919e-34
1.1051472821515254e-33
2.10694666448014e-33
2.6771239055035895e-33
2.267070107068148e-33
1.2795079158215548e-33
4.812852497461632e-34
1.20654541802327e-34
2.0158877502633971e-35
2.244763360710261e-36
1.6659284027630091e-37
8.239932391223056e-39
2.7162673426508846e-40
5.967644231829433e-42
8.73805722418136e-44
8.527238164892032e-46
5.546045772738768e-48
1.542414197397958e-49
5.101274000498179e-52
1.1244440123923706e-54
1.651880283350654e-57
1.617338225096711e-60
1.0553698444684897e-63
4.589760865490742e-67
1.3303226478361464e-70
2.5698362974604674e-74
0.0
0.0
0.0
0.0
0.0
0.0
0.0
0.0
0.0
0.0
0.0
0.0
0.0
0.0
0.0
0.0
0.0
0.0
0.0
0.0
0.0
0.0
0.0
0.0
0.0
8.672600763710107e-06
7.855395555934746e-05
0.0004742073828123213
0.001907875854448119
0.005115798856820612
0.009142360820238947
0.010888919890189159
0.008643562886892284
0.004572801374460004
0.001612328116230034
0.000378883825188189
5.933900386648252e-05
6.1937830009361e-06
4.308769563594592e-07
1.9977084149450266e-08
6.172946000563141e-10
1.2712600666227158e-11
1.744849125895537e-13
7.983764608654618e-15
5.572290885149382e-17
2.5920381137754107e-19
8.0358261990854915e-22
1.660356074114014e-24
2.2864066975837328e-27
2.0983951806974312e-30
1.2835199543981823e-33
5.232382901285905e-37
1.1689830746625855e-34
9.230641885695195e-34
4.8585323195768514e-33
1.704606376831563e-32
3.986446165146638e-32
6.214233537924516e-32
6.456933641137708e-32
4.4719763125237567e-32
2.0644507821946846e-32
6.352417024566281e-33
1.3028684459906628e-33
1.7810946625983286e-34
1.622916528759697e-35
9.856576129153699e-37
3.990017109958726e-38
1.0765652800075016e-39
7.73043186182096e-41
1.0607842280969549e-42
9.702033580248286e-45
5.914381948631389e-47
2.4030641420455312e-49
6.50772746027442e-52
1.1746270915400284e-54
1.4131103000052033e-57
1.1330688339743043e-60
6.055354312488319e-64
2.156873951991478e-67
5.120482332288957e-71
0.0
0.0
0.0
0.0
0.0
0.0
0.0
0.0
0.0
0.0
0.0
0.0
0.0
0.0
0.0
0.0
0.0
0.0
0.0
0.0
0.0
0.0
0.0
0.0
0.0
0.0
9.974235855471663e-05
0.000727877682067304
0.0035401260143393554
0.011475208564726783
0.024790426704850304
0.035693485950137244
0.034251175064677924
0.021905013972880204
0.009336694348717534
0.0026523100879107713
0.0005021540857673376
6.336234654436633e-05
5.328525547936377e-06
1.5923340726376455e-05
6.128532518675115e-05
0.0003390065095772779
0.001250506792761715
0.003074304512578149
0.005037200811057568
0.005500639648742143
0.004003304948432724
0.0019418053801775578
0.0006277320095364619
0.00013524599021371502
1.9420306023551823e-05
1.8585287711646174e-06
1.185397634471422e-07
5.038953748192147e-09
1.4275727060961026e-10
2.695489523637579e-12
3.392021595857109e-14
2.844861429418132e-16
1.5901759245892449e-18
5.923941741703802e-21
1.470814599160908e-23
2.4338097876548556e-26
2.6840888181753317e-29
1.9728255349439636e-32
9.664113600655566e-36
4.79341595482753e-38
1.1940459593300859e-41
0.0
0.0
0.0
0.0
0.0
0.0
0.0
0.0
0.0
0.0
0.0
0.0
0.0
0.0
0.0
0.0
0.0
0.0
0.0
0.0
0.0
0.0
0.0
0.0
0.0
4.619029033144093e-35
3.134998419253882e-34
1.4180955967556677e-33
4.275188212703209e-33
8.589868547125992e-33
1.1502688120939902e-32
1.0265821764762238e-32
6.106180571171062e-33
2.420622771611801e-33
6.395376756533113e-34
1.1261252647798862e-34
1.321565881561988e-35
1.0336475564857494e-36
5.388125400656939e-38
1.8719078060147313e-39
4.3342380867086535e-41
6.688405897216137e-43
6.878821283093715e-45
4.715057351825963e-47
2.153979081088296e-49
6.5580923941615315e-52
1.3307458758060568e-54
1.7996757926433858e-57
1.6220900836833152e-60
9.743998576290238e-64
5.537064301117831e-66
1.6913924581397423e-69
3.4434260509451524e-73
0.0
0.0
0.0
0.0
0.0
0.0
0.0
0.0
0.0
0.0
0.0
0.0
0.0
0.0
0.0
0.0
0.0
0.0
0.0
0.0
0.0
0.0
0.0
0.0
3.762013411960424e-07
3.3619964246419666e-06
2.002422438371463e-05
7.94869269960149e-05
0.00021028934077498232
0.00037078346619545823
0.00043571750560427027
0.00034124885714275293
0.00017812256918379668
6.196525537418257e-05
1.4366768219437985e-05
2.2199923348013146e-06
2.2862589189944335e-07
4.837924932166809e-05
0.00036685057173434514
0.0018545562816147732
0.006248463294210656
0.01403097922034059
0.02099830734986158
0.02094412123110924
0.01392263847629086
0.006168257527414077
0.0018213147168932786
0.00035841736651859665
9.678898518671984e-05
9.685734591987814e-06
6.459824815885781e-07
2.8713786366310078e-08
8.506320410291826e-10
1.6794789237116844e-11
2.209982969910314e-13
1.9381386583726914e-15
1.1328236557502559e-17
4.412871923253411e-20
1.1456761829645988e-22
1.9823669489162166e-25
2.2861287040132293e-28
1.7697903642984906e-31
2.4946764361428688e-34
1.3329944201615773e-35
7.415495674458515e-37
2.764109571676434e-38
6.88710022277667e-40
1.1469188103509925e-41
1.2764294618958965e-43
9.49250294085361e-46
4.7166680217099586e-48
1.5657066072354664e-50
3.471802169106815e-53
5.141827453436295e-56
5.338525807172574e-58
4.0339642359203824e-61
2.035274671253058e-64
6.855571908707252e-68
1.541358987149616e-71
0.0
0.0
0.0
0.0
0.0
0.0
0.0
0.0
0.0
0.0
3.59279520345928e-36
2.924019351100107e-35
1.5860233279590619e-34
5.733508324580538e-34
1.3813790721314318e-33
2.2181292311251202e-33
2.3737903841942343e-33
1.6930876256985054e-33
8.048186896699994e-34
2.549753630400378e-34
5.383688611957878e-35
1.5237086584147165e-35
1.636011038540891e-36
1.1707173968959762e-37
5.58340926158412e-39
1.7747141067092833e-40
3.759576171745722e-42
5.308000114142652e-44
4.994643633594539e-46
3.1322732272605265e-48
1.309170824078064e-50
3.646821831870788e-53
6.770399911102792e-56
8.37713754955592e-59
6.908098461175578e-62
3.796670777705931e-65
1.3906854422840097e-68
3.3949737880708993e-72
0.0
0.0
0.0
0.0
0.0
0.0
0.0
0.0
0.0
0.0
0.0
0.0
0.0
0.0
0.0
0.0
0.0
0.0
0.0
0.0
0.0
0.0
0.0
0.0
0.0
0.0
0.0
0.0
0.0
0.0
0.0
0.0
0.0
0.0
0.0
0.0
0.0
0.0
0.0
0.0
0.0
0.0
0.0
0.0
0.0
0.0
0.0
0.0
0.0
0.0
0.0
0.0
0.0
0.0
0.0
0.0
0.0
0.0
0.0
0.0
0.0
0.0
0.0
0.0
0.0
0.0
0.0
0.0
0.0
0.0
0.0
0.0
0.0
0.0
0.0
0.0
0.0
0.0
0.0
0.0
0.0
0.0
0.0
0.0
0.0
0.0
0.0
0.0
0.0
0.0
0.0
0.0
0.0
0.0
0.0
0.0
0.0
0.0
0.0
0.0
0.0
0.0
0.0
0.0
0.0
0.0
0.0
0.0
0.0
0.0
0.0
0.0
0.0
0.0
0.0
0.0
0.0
0.0
0.0
0.0
0.0
0.0
0.0
0.0
0.0
0.0
0.0
0.0
0.0
0.0
0.0
0.0
0.0
0.0
0.0
0.0
0.0
0.0
0.0
0.0
0.0
0.0
0.0
0.0
0.0
0.0
0.0
0.0
0.0
0.0
0.0
0.0
0.0
0.0
0.0
0.0
0.0
0.0
0.0
0.0
0.0
0.0
0.0
0.0
0.0
0.0
0.0
0.0
0.0
0.0
0.0
0.0
0.0
0.0
0.0
0.0
0.0
0.0
0.0
0.0
0.0
0.0
0.0
0.0
0.0
0.0
0.0
0.0
0.0
0.0
0.0
0.0
0.0
0.0
0.0
0.0
0.0
0.0
0.0
0.0
0.0
0.0
0.0
0.0
0.0
0.0
0.0
0.0
0.0
0.0
0.0
0.0
0.0
0.0
0.0
0.0
0.0
0.0
0.0
0.0
0.0
0.0
0.0
0.0
0.0
0.0
0.0
0.0
0.0
0.0
0.0
0.0
0.0
0.0
0.0
0.0
0.0
0.0
0.0
0.0
0.0
0.0
0.0
0.0
0.0
0.0
0.0
0.0
0.0
0.0
0.0
0.0
0.0
0.0
0.0
0.0
0.0
0.0
0.0
0.0
0.0
0.0
0.0
0.0
0.0
0.0
0.0
0.0
0.0
0.0
0.0
0.0
0.0
0.0
0.0
0.0
0.0
0.0
0.0
0.0
0.0
0.0
0.0
0.0
0.0
0.0
0.0
0.0
0.0
0.0
0.0
0.0
0.0
0.0
0.0
0.0
0.0
0.0
0.0
0.0
0.0
0.0
0.0
0.0
0.0
0.0
0.0
0.0
0.0
0.0
0.0
0.0
0.0
0.0
0.0
0.0
0.0
0.0
0.0
0.0
0.0
0.0
0.0
0.0
0.0
0.0
0.0
0.0
0.0
