a = 4.895942936505064 b = 4.895942936505064 c = 13.413256579369458 ,Gaussian ,LMH = 0.08 ,DW = [1. 1.]
0.0
0.0
0.0
0.0
0.0
0.0
0.0
0.0
0.0
0.0
0.0
0.0
0.0
0.0
0.0
0.0
0.0
0.0
0.0
0.0
0.0
0.0
0.0
0.0
0.0
0.0
0.0
0.0
0.0
0.0
0.0
0.0
0.0
0.0
0.0
0.0
0.0
0.0
0.0
0.0
0.0
0.0
0.0
0.0
0.0
0.0
0.0
0.0
0.0
0.0
0.0
0.0
0.0
0.0
0.0
0.0
0.0
0.0
0.0
0.0
0.0
0.0
0.0
0.0
0.0
0.0
0.0
0.0
0.0
0.0
0.0
0.0
0.0
0.0
0.0
0.0
0.0
0.0
0.0
0.0
0.0
0.0
1.9037742508224632e-33
1.3449315674197586e-32
6.332372789523694e-32
1.9870752273298287e-31
4.155695253920028e-31
5.7923477019119265e-31
5.380803138898661e-31
3.331356657804533e-31
1.374601163231804e-31
6.081087948715781e-32
1.2759669950675426e-32
1.7843463026359947e-33
1.6630312034609104e-34
1.0330068439026274e-35
4.276490857208473e-37
1.179922397654453e-38
2.169706002929624e-40
2.6590706973140002e-42
2.1719030039174702e-44
1.182313139183903e-46
4.28949488377113e-49
1.037197211597381e-51
1.6714680330985177e-54
1.7952145432451182e-57
1.2850386461614695e-60
6.130523590294362e-64
1.9492183682718843e-67
4.130522296046385e-71
0.0
0.0
0.0
0.0
0.0
0.0
0.0
0.0
0.0
0.0
0.0
0.0
0.0
0.0
0.0
0.0
0.0
0.0
0.0
0.0
0.0
0.0
0.0
0.0
0.0
0.0
0.0
0.0
0.0
0.0
0.0
0.0
0.0
0.0
0.0
0.0
0.0
0.0
0.0
0.0
0.0
0.0
0.0
0.0
0.0
0.0
0.0
0.0
0.0
0.0
0.0
0.0
0.0
0.0
0.0
0.0
0.0
0.0
0.0
0.0
0.0
0.0
0.0
0.0
0.0
0.0
0.0
0.0
0.0
0.0
0.0
0.0
0.0
0.0
0.0
0.0
0.0
0.0
0.0
0.0
0.0
0.0
0.0
0.0
0.0
0.0
0.0
0.0
0.0
0.0
0.0
0.0
0.0
0.0
0.0
0.0
0.0
0.0
0.0
0.0
0.0
0.0
0.0
0.0
0.0
0.0
0.0
0.0
0.0
0.0
0.0
0.0
0.0
0.0
0.0
0.0
0.0
0.0
0.0
0.0
0.0
0.0
0.0
0.0
0.0
0.0
0.0
0.0
0.0
0.0
0.0
0.0
0.0
0.0
0.0
0.0
0.0
0.0
0.0
0.0
0.0
0.0
0.0
0.0
0.0
0.0
0.0
0.0
0.0
0.0
0.0
0.0
0.0
0.0
0.0
0.0
0.0
0.0
0.0
0.0
0.0
0.0
0.0
0.0
0.0
0.0
0.0
0.0
0.0
0.0
0.0
0.0
0.0
0.0
0.0
0.0
0.0
0.0
0.0
0.0
0.0
0.0
0.0
0.0
0.0
0.0
0.0
0.0
0.0
0.0
0.0
0.0
0.0
0.0
0.0
2.073598424640742e-33
1.710696894103999e-32
9.405957838412807e-32
3.446787717920992e-31
8.417974269540367e-31
1.3701944350910674e-30
1.4864090913124387e-30
1.0746722993925912e-30
5.1783965500065465e-31
1.6630147562881627e-31
3.559413548242008e-32
5.0774112822267874e-33
4.827116566710665e-34
3.0585443149842056e-35
1.29158596297445e-36
3.6350752338431696e-38
6.8184402511523115e-40
3.8420851851034725e-41
3.664723435242389e-43
2.3296837446478836e-45
9.870389288064471e-48
2.78710379045263e-50
5.245097317371839e-53
6.578630697506953e-56
5.49919363547533e-59
3.0636846827950285e-62
1.13755045002177e-65
2.8150027022294667e-69
0.0
0.0
0.0
0.0
0.0
0.0
0.0
0.0
0.0
0.0
0.0
0.0
0.0
0.0
0.0
0.0
0.0
0.0
0.0
0.0
0.0
0.0
0.0
0.0
0.0
0.0
0.0
0.0
0.0
0.0
0.0
0.0
0.0
0.0
0.0
0.0
0.0
0.0
0.0
0.0
0.0
0.0
0.0
0.0
0.0
0.0
0.0
0.0
0.0
0.0
0.0
0.0
0.0
0.0
0.0
0.0
0.0
0.0
0.0
0.0
0.0
0.0
0.0
0.0
0.0
0.0
0.0
0.0
0.0
0.0
0.0
0.0
0.0
0.0
0.0
0.0
0.0
0.0
0.0
0.0
0.0
0.0
0.0
0.0
0.0
0.0
0.0
0.0
0.0
0.0
0.0
0.0
0.0
0.0
0.0
0.0
0.0
0.0
0.0
0.0
0.0
0.0
0.0
0.0
0.0
0.0
0.0
0.0
0.0
0.0
0.0
0.0
0.0
0.0
0.0
0.0
0.0
0.0
0.0
0.0
0.0
0.0
0.0
0.0
0.0
0.0
0.0
0.0
0.0
0.0
0.0
0.0
0.0
0.0
0.0
0.0
0.0
0.0
0.0
0.0
0.0
0.0
0.0
0.0
0.0
0.0
0.0
0.0
0.0
0.0
0.0
0.0
0.0
0.0
0.0
0.0
0.0
0.0
0.0
0.0
0.0
0.0
0.0
0.0
0.0
0.0
0.0
0.0
0.0
0.0
0.0
0.0
0.0
0.0
0.0
0.0
0.0
0.0
0.0
0.0
0.0
0.0
0.0
0.0
0.0
0.0
0.0
0.0
0.0
0.0
0.0
0.0
0.0
0.0
0.0
0.0
0.0
1.8422685927767257e-33
1.439182530296248e-32
7.49307978975343e-32
2.600078043879264e-31
6.013038144763285e-31
9.267937193132953e-31
9.520368381614426e-31
6.517874182543395e-31
2.9739916205096e-31
9.04388552248949e-32
1.8329554961014118e-32
2.475884224985834e-33
2.2288985064179553e-34
1.337309106079295e-35
5.3475500581187356e-37
1.4251463461583757e-38
2.531311644080682e-40
2.996493350518968e-42
2.364082171880037e-44
1.243063646494654e-46
4.356178945396518e-49
1.017418442646092e-51
1.583707772407028e-54
1.6978247874655812e-56
1.343912187569149e-59
7.089742523531424e-63
2.4927090035294845e-66
5.841094729290025e-70
0.0
0.0
0.0
0.0
0.0
0.0
0.0
0.0
0.0
4.480753227973122e-34
3.2306709506394036e-33
1.552444114148041e-32
4.971881530958682e-32
1.0612241307661164e-31
1.5096456145459748e-31
1.4312794999875377e-31
9.043893519335473e-32
3.8086229324233136e-32
1.0689615000994699e-32
1.9995749981200454e-33
2.492842728484781e-34
4.965548120811454e-35
3.147943706837422e-36
1.3300509207754384e-37
3.745338949725899e-39
7.029032221328003e-41
8.791874688373261e-43
7.32907207913931e-45
4.0719088198907365e-47
1.5077475947979767e-49
3.7208382613068555e-52
6.119761379891483e-55
6.708257625213231e-58
4.900794878094208e-61
2.3861891484441253e-64
7.743276282898712e-68
1.674658246872799e-71
0.0
0.0
0.0
0.0
0.0
0.0
0.0
8.305850353450083e-34
5.540156625163972e-33
2.4628702435772565e-32
5.314821921268305e-32
1.2014640674213244e-31
1.8101493307948105e-31
1.8176052547670582e-31
1.2163716327002631e-31
5.425184911172724e-32
1.6126657234118463e-32
3.194888554885426e-33
4.2184083699151915e-34
3.7121291258658887e-35
2.17710350767473e-36
8.509746610450876e-38
2.2168470372826402e-39
3.8488977626399366e-41
4.453675501423607e-43
3.434648629376645e-45
1.7653369300666278e-47
6.047201592749196e-50
1.3805839973434412e-52
2.100645517172379e-55
2.1302190117805866e-58
1.4397175188243395e-61
6.485028221678877e-65
1.9468298643631303e-68
3.89516336754081e-72
0.0
0.0
0.0
0.0
0.0
0.0
0.0
0.0
0.0
0.0
0.0
0.0
0.0
0.0
0.0
0.0
0.0
0.0
0.0
0.0
0.0
0.0
0.0
0.0
0.0
0.0
0.0
0.0
0.0
0.0
0.0
0.0
0.0
0.0
0.0
0.0
0.0
0.0
0.0
0.0
0.0
0.0
0.0
0.0
0.0
0.0
0.0
0.0
0.0
0.0
0.0
0.0
0.0
0.0
0.0
0.0
0.0
0.0
0.0
0.0
0.0
0.0
0.0
0.0
0.0
0.0
0.0
0.0
0.00041435225834773285
0.0035201853251468694
0.01993163356394571
0.07521454081895784
0.18916564735573163
0.31707666498699233
0.3542157276086211
0.26372599985156236
0.1308638227920573
0.043278062142098034
0.01651964848429866
0.0027781237396112446
0.0003113751268999214
2.3259361984598013e-05
1.1579591157358133e-06
3.842113608089726e-08
8.496278253201663e-10
1.2521858734747306e-11
1.2299583948648204e-13
8.051811336310924e-16
3.5130012775221686e-18
1.0215145886690731e-20
1.979668109872559e-23
2.5569471356271794e-26
2.2010639427748565e-29
1.2627725065607374e-32
4.828354228905021e-36
1.230423675358279e-39
0.0
0.0
0.0
0.0
0.0
0.0
0.0
0.0
0.0
0.0
0.0
0.0
0.0
0.0
0.0
0.0
0.0
0.0
0.0
0.0
0.0
0.0
0.0
0.0
0.0
0.0
0.0
0.0
0.0
0.0
0.0
2.4606107404736116e-34
1.7828970460371627e-33
5.328635644799464e-33
1.9633691193827182e-32
4.8213586018909623e-32
7.890753221568926e-32
8.606945168565789e-32
6.256928027746653e-32
3.031480861234635e-32
9.788813409869902e-33
2.1066229829440966e-33
3.0215176386450554e-34
2.8883179412917497e-35
1.840121121079751e-36
7.813207723399261e-38
2.2110261515564424e-39
4.170037266840128e-41
5.241644239827246e-43
4.391134042528209e-45
2.451700388485463e-47
9.123041395688992e-50
2.2625252947694236e-52
3.73963132722009e-55
4.1195111570806615e-58
3.0244340983258416e-61
1.4798718744608875e-64
4.825981525765909e-68
1.0488870947467133e-71
0.0
0.0
0.0
0.0
0.0
0.0
0.0
0.0
0.0
0.0
0.0
0.0
0.0
0.0
0.0
0.0
0.0
0.0
0.0
0.0
0.0
0.0
0.0
0.0
0.0
0.0
0.0
0.0
0.0
0.0
0.0
0.0
0.0
0.0
0.0
0.0
0.0
0.0
0.0
0.0
0.0
0.0
0.0
0.0
0.0
0.0
0.0
0.0
0.0
0.0
0.0
0.0
0.0
0.0
0.0
4.466869557463434e-33
2.867071880195399e-32
1.2264657943495833e-31
3.4966635610679106e-31
6.644063939914643e-31
8.413860495580058e-31
7.101308155489462e-31
3.994504907128756e-31
1.4975078487709615e-31
3.7415952346644445e-32
6.230545163472111e-33
6.914755705015083e-34
5.114570652878976e-35
2.5212915690475718e-36
8.28358835684014e-38
1.813825464101933e-39
2.647000530984133e-41
2.5745071980809225e-43
1.668843995939018e-45
7.209728638746228e-48
2.0758866956683874e-50
3.983546767941758e-53
4.910001561127027e-55
4.7912682364412445e-58
3.116024678170192e-61
1.3506189534938464e-64
3.901632314846592e-68
7.511754527438264e-72
0.0
0.0
0.0
0.0
0.0
0.0
0.0
0.0
0.0
0.0
0.0
0.0
0.0
0.0
0.0
0.0
0.0
0.0
0.0
0.0
0.0
0.0
0.0
0.0
0.0
0.0
0.0
0.0
0.0
0.0
0.0
0.0
0.0
0.0
0.0
0.0
0.0
0.0
0.0
0.0
0.0
0.0
0.0
0.0
0.0
0.0
0.0
0.0
0.0
0.0
0.0
0.0
0.0
0.0
0.0
0.0
0.0
0.0
0.0
0.0
0.0
0.0
0.0
0.0
0.0
0.0
0.0
0.0
0.0
0.0
0.0
0.0
0.0
0.0
0.0
0.0
0.0
0.0
0.0
0.0
0.0
0.0
0.0
0.0
0.0
0.0
0.0
0.0
0.0
0.0
0.0
0.0
0.0
0.0
0.0
0.0
0.0
0.0
0.0
0.0
0.0
0.0
0.0
0.0
0.0
0.0
0.0
0.0
0.0
0.0
0.0
0.0
0.0
0.0
0.0
0.0
0.0
0.0
0.0
9.748072149203287e-35
7.989199594239263e-34
4.363845396026606e-33
1.0803080335072901e-32
3.0006564177657534e-32
5.554775145311852e-32
6.85327635452617e-32
5.635228805872216e-32
3.0882070631905046e-32
1.127931739685601e-32
2.7456221624060734e-33
4.454308310471704e-34
4.816164635043593e-35
3.470594889491197e-36
1.6668175699340445e-37
5.3352375946450045e-39
1.1381539443777422e-40
1.6181910661562755e-42
1.5333459084965692e-44
9.683492630937327e-47
4.075730527413028e-49
1.1433006394520217e-51
2.1374549921996895e-54
0.0008532164962128408
0.007652677500854849
0.04574557891115473
0.1822495197002969
0.4839106777160341
0.8563386895742485
1.0
0.8998765635716253
0.5396938020157592
0.21572151820167465
0.05746733450884866
0.010203054061082217
0.001207315760160145
9.521230961875877e-05
5.004340809778515e-06
1.753001167776703e-07
4.092597930282439e-09
6.367918601433566e-11
6.603550062030732e-13
4.563930203033613e-15
2.1022388692488347e-17
6.453668855258207e-20
1.3204222732920719e-22
1.8005307954260677e-25
1.6363259362296375e-28
9.911071808047192e-32
4.000856544281877e-35
1.0763831348022246e-38
0.0
0.0
0.0
0.0
0.0
0.0
0.0
0.0
0.0
0.0
0.0
0.0
0.0
0.0
0.0
0.0
0.0
0.0
0.0
0.0
0.0
0.0
0.0
0.0
0.0
0.0
0.0
0.0
0.0
0.0
0.0
0.0
0.0
0.0
0.0
0.0
0.0
0.0
0.0
0.0
0.0
0.0
0.0
0.0
0.0
0.0
0.0
0.0
0.0
0.0
0.0
0.0
0.0
0.0
0.0
0.0
0.0
0.0
0.0
0.0
0.0
0.0009391043943821161
0.007768614042178572
0.04283065997207491
0.1573792732768724
0.3854090007672287
0.6290392116391381
0.6842505135860852
0.4960598686427644
0.23968154968421368
0.0771821126912164
0.01656457389798282
0.002369329290335279
0.0002258666581165805
1.4350280071051848e-05
6.076453465875731e-07
1.7148317812845567e-08
3.225331954817412e-10
4.043047680810475e-12
3.377729408416794e-14
1.8807124314027912e-16
4.715795337911843e-18
1.3352268877240161e-20
2.519629809984159e-23
3.168837516308455e-26
2.6565948084813305e-29
2.8396852656157406e-32
2.485984844120123e-32
3.0363917245167787e-32
2.4722657346249303e-32
1.3415722545560008e-32
4.851930087653883e-33
1.1694900981996398e-33
1.878711578597765e-34
2.0114313884150515e-35
1.4352642989655833e-36
6.825588305825686e-38
2.1633652297888153e-39
4.5698416246090353e-41
6.433599190933775e-43
6.036544428257917e-45
3.774890424837354e-47
1.573264873760017e-49
4.369994506799468e-52
8.089868905042301e-55
9.98121993082013e-58
8.207432401714117e-61
5.749860401921397e-63
2.404271843551852e-66
6.7002558757423e-70
0.0
0.0
0.0
0.0
0.0
0.0
0.0
0.0
0.0
0.0
0.0
0.0
0.0
0.0
0.0
0.0
0.0
0.0
0.0
0.0
0.0
0.0
0.0
0.0
0.0
0.0
0.0
0.0
0.0
0.0
0.0
0.0
0.0
0.0
5.364698351930655e-35
4.595356720042962e-34
2.623461530077609e-33
9.981865619054757e-33
2.531222287251628e-32
4.2778977595328495e-32
4.8185022279237187e-32
3.6172229330274454e-32
1.8097560420374974e-32
6.034570190016946e-33
1.3410784971889371e-33
1.986294332005761e-34
1.960715381073488e-35
1.289932711864373e-36
1.677913558823587e-37
5.613382862326571e-39
1.251587720308598e-40
1.8598566452736136e-42
1.8419557648824311e-44
1.2157953273759357e-46
8.901600834134365e-34
7.254284621542502e-33
3.940057997413175e-32
1.4262386010034449e-31
3.4408307149674513e-31
5.532430596396168e-31
5.928573258945383e-31
4.234147230257906e-31
2.015409345094506e-31
6.393550927216558e-32
1.351769172261296e-32
1.904778564998522e-33
1.7888255965795363e-34
1.1196262040783056e-35
4.67045999109748e-37
1.298457699949811e-38
2.4058996242581994e-40
2.9710417228628746e-42
2.4452403029366527e-44
1.3412690030277283e-46
4.306948782534203e-05
0.00032230259442553424
0.0016074572946704606
0.005343140993989844
0.011836828987898635
0.017476548243370825
0.017197190230087304
0.011278228224706227
0.0049295333623173765
0.001435992891057299
0.0002787920066784065
3.607363393995587e-05
3.110863950392454e-06
1.787943088159128e-07
6.8486963499745714e-09
1.7484116041210837e-10
2.9748220866840813e-12
3.3733380303879106e-14
2.549413468935515e-16
1.2841100280380632e-18
4.310679630789185e-21
9.6443020885748e-24
1.4380613412897998e-26
1.4291096963717518e-29
9.465319290053044e-33
4.178173970933087e-36
1.9333992529889842e-38
4.339856579782901e-42
0.0
0.0
0.0
0.0
0.0
0.0
0.0
0.0
0.0
0.0
0.0
0.0
0.0
0.0
0.0
0.0
0.0
0.0
0.0
0.0
0.0
0.0
0.0
0.0
0.0
0.0
0.0
0.0
0.0
0.0
9.034292820029145e-05
0.0008492356958009766
0.00532039487430599
0.022214730066328372
0.06181868501930449
0.11465157711444086
0.14171696787967736
0.11674686265778542
0.06409883460580616
0.02345506262167707
0.005720112998324507
0.0009297242691367662
0.00010071294034535363
7.271063399640982e-06
3.4985826301174637e-07
1.1219354944866397e-08
2.397867538839547e-10
3.4155766598914964e-12
3.242533219354367e-14
1.1603764124780407e-15
5.6017260925999054e-18
1.8022971449436516e-20
3.8646704671054054e-23
5.523066041822371e-26
5.264270083208757e-29
8.36112324845725e-32
4.4917342044176757e-32
2.6759504660213814e-32
1.0628210041271346e-32
2.8133502287586402e-33
4.9632827811131714e-34
5.835738024143597e-35
4.573030558202254e-36
2.388327985950246e-37
8.313145466564196e-39
1.928494215666358e-40
2.9816238201381937e-42
3.072337390454089e-44
2.0557811440777642e-35
1.7308051855968709e-34
9.711829408373579e-34
3.631913119377063e-33
9.052142977460242e-33
1.5036574386351885e-32
1.6646692506043687e-32
1.421940806722373e-32
8.005033401407824e-33
3.0034909466443872e-33
7.510538111001494e-34
1.251691576063307e-34
1.3902892118839455e-35
1.0291875510772538e-36
5.077681360963507e-38
1.669621052335285e-39
3.6589116952643745e-41
5.344012836064765e-43
5.201931214033358e-45
3.3747628981910444e-47
1.4591618780177258e-49
4.204798918841665e-52
8.075483556727074e-55
1.0336497183583833e-57
8.81779082482131e-61
5.0133467311012606e-64
1.8996659578111392e-67
4.797426021393659e-71
0.0
0.0
0.0
0.0
0.0
0.0
0.0
0.0
0.0
0.0
0.0
0.0
0.0
0.0
0.0
0.0
0.0
0.0
0.0
0.0
0.0
0.0
0.0
0.0
0.0
0.0
0.0
1.2940157619308677e-05
0.00011523168997725703
0.000683889355827133
0.001789352810814944
0.005400232687203453
0.010862017917924892
0.014560963212752624
0.01300921953558171
0.007746293157933496
0.0030741012191645442
0.0008130625274798866
0.00014332147743145995
1.6837598733051482e-05
1.3183495718588733e-06
6.879590019790751e-08
2.3926329609380995e-09
5.5458887441887786e-11
8.567374924050437e-13
8.820758683496924e-15
6.052651337741638e-17
2.7680053270598693e-19
8.436644205809339e-22
1.7137761516507635e-24
2.320171052535915e-27
2.0934734684086508e-30
1.2589151693504628e-33
5.045532642225186e-37
1.3477182890946834e-40
0.0
0.0
0.0
0.0
0.0
0.0
0.0
0.0
4.848943399124039e-34
4.069003539590682e-33
2.2825508418196656e-32
8.559303601877053e-32
2.145499347696312e-31
3.594755177918553e-31
4.025624745244889e-31
3.0129093559910137e-31
1.5069118834830942e-31
5.036097585611399e-32
1.1244923580078913e-32
1.677349602934275e-33
1.671251771084858e-34
1.112132626502707e-35
4.942109514498164e-37
1.4664054180845728e-38
2.9048736113607742e-40
3.841304838070185e-42
1.7159670398358775e-43
1.1566741491933824e-45
5.203060524494644e-48
1.5617335985498414e-50
3.1276075984475874e-53
4.178634703188591e-56
3.7242226462248906e-59
2.2140162340252523e-62
8.778843506377235e-66
2.32153394397475e-69
0.0
0.0
0.0
0.0
0.0
0.0
0.0
0.0
0.0
0.0
0.0
0.0
0.0
0.0
0.0
0.0
0.0
0.0
0.0
0.0
0.0
0.0
0.0
0.0
0.0
3.4438556112829503e-34
2.576140098533075e-33
1.2989491821770252e-32
4.4131731401740995e-32
1.0096948047810105e-31
1.554464047605398e-31
1.6089570775704335e-31
1.1186081558308326e-31
5.218838440130387e-32
1.632442406337886e-32
3.420592298986735e-33
4.79765083848598e-34
4.5011263096790005e-35
2.823046300919533e-36
1.183026030287229e-37
3.3109979574256815e-39
6.186582327896735e-41
3.4798439918445055e-42
3.3136719905421394e-44
2.105119784602212e-46
8.920325125178645e-49
2.5208947481407602e-51
4.750557687619551e-54
5.969061273414606e-57
5.000379643759788e-60
2.792583171099249e-63
1.0396607922226612e-66
2.580122599117851e-70
0.0
0.0
0.0
0.0
0.0
0.0
0.0
0.0
0.0
0.0
0.0
0.0
0.0
0.0
0.0
0.0
0.0
0.0
0.0
0.0
0.0
0.0
0.0
0.0
0.0
0.0
0.0
0.0
0.0
0.0
0.0
0.0
0.0
0.0
0.0
0.0
0.0
0.0
0.0
0.0
0.0
0.0
0.0
0.0
0.0
0.0
0.0
0.0
0.0
0.0
0.0
0.0
0.0
0.0
0.0
0.0
0.0
0.0
0.0
0.0
0.0
0.0
0.0
0.0
0.0
0.0
0.0
0.0
0.0
0.0
0.0
0.0
0.0
0.0
1.1182301656837637e-33
7.796094337061498e-33
3.6224676506381884e-32
1.1217949849931987e-31
2.3152826679169e-31
3.184755493291712e-31
2.9196427784634924e-31
1.7838769314725185e-31
7.264096562059557e-32
1.971423259148688e-32
3.565822259999367e-33
4.298540823575484e-34
3.453535842252083e-35
1.8492193444129073e-36
6.599247799751662e-38
1.5695747115798045e-39
0.00031023907942207934
0.0025717623216847114
0.008407907146446486
0.035442537980065164
0.09957338429495187
0.18644179309340794
0.232661659901203
0.19350309755590941
0.10725870990023346
0.03962404103008042
0.009755881321287909
0.0016008690213753344
0.00017507601017141168
1.2760833122651638e-05
6.1988762420575e-07
2.0069125591055487e-08
4.3303747699161083e-10
6.22736132206505e-12
5.968486203968174e-14
3.8124650574526556e-16
1.623039530930769e-18
4.6050449279108744e-21
8.708035558499167e-24
1.0974583927883762e-26
9.21801653107816e-30
5.160222752727409e-33
1.925222657905845e-36
7.963857875859989e-39
0.0
0.0
0.0
0.0
0.0
0.0
0.0
0.0
0.0
0.0
0.0
0.0
0.0
0.0
0.0
0.0
0.0
0.0
0.0
0.0
0.0
1.6291070797670914e-33
1.1213046385600926e-32
5.143741733470901e-32
1.5725926396447114e-31
2.6440834317465295e-31
4.110690877278495e-31
4.259278438158318e-31
2.9412964076707504e-31
1.3537020963640896e-31
4.1523022491332256e-32
8.488605760164331e-33
1.1565524087460221e-33
1.050209201679963e-34
6.355765555388126e-36
2.563548079829936e-37
6.8912279108282e-39
1.2346199997145606e-40
1.474183515346742e-42
1.1731440475005765e-44
6.222038304058248e-47
2.1993561783954982e-49
5.1813150813600246e-52
8.135157895772642e-55
8.512821330412615e-58
5.9369391591232934e-61
2.7595179699286796e-64
8.548411165235566e-68
1.7648960349903502e-71
0.0
0.0
0.0
0.0
0.0
0.0
0.0
0.0
0.0
0.0
0.0
0.0
0.0
0.0
0.0
0.0
0.0
0.0
0.0
0.0
0.0
0.0
0.0
0.0
0.0
0.0
0.0
0.0
0.0
0.0
0.0
0.0
0.0
0.0
0.0
0.0
0.0
0.0
0.0
0.0
0.0
0.0
0.0
0.0
0.0
0.0
0.0
0.0
0.0
0.0
0.0
1.4718487938254767e-36
1.1396864577247852e-35
3.560418445104696e-35
1.4019283368288916e-34
3.679019876224233e-34
6.4345770014687835e-34
7.500486242139203e-34
5.826937815700317e-34
3.0169832302052933e-34
1.0410868409486646e-34
2.394322056766048e-35
3.66994641940775e-36
3.7490258005548815e-37
2.552458460382011e-38
1.1581917975328314e-39
3.502545897366447e-41
1.336849250998347e-34
1.1289301133243241e-33
6.353795441305377e-33
2.3833122651230274e-32
5.958133300971613e-32
9.92706878361888e-32
1.1023344874707377e-31
8.158067735892812e-32
4.023859119646579e-32
1.322756107676531e-32
2.897999672781491e-33
4.231539866823682e-34
9.365537349570798e-35
6.954011190914029e-36
3.441276894359222e-37
1.1349726597897252e-38
0.0008276061389786479
0.005784929212038091
0.026949700477538543
0.08367416451961712
0.17314516746058914
0.23878712850610506
0.21947901351206742
0.1344487083100227
0.05489108521763539
0.01493580201464724
0.0027085498142104293
0.00032736078596158435
2.6369265341700036e-05
1.4156339001997786e-06
5.065069701245729e-08
1.2078178574465235e-09
1.919548168723593e-11
2.033190778210858e-13
1.4352871477391456e-15
6.752755245124772e-18
2.117409074789106e-20
4.424967439598622e-23
5.773171765903226e-25
6.135110208836762e-28
4.345220366541279e-31
2.0510809096693464e-34
6.452608659929127e-38
1.352911564385993e-41
0.0
0.0
0.0
0.0
0.0
0.0
0.0
0.0
0.0
0.0
0.0
0.0
0.0
0.0
0.0
0.0
0.0
0.0
0.0
0.0
0.0
0.0
0.0
0.0
0.0
0.0
0.0
0.0
0.0
0.0
0.0
0.0
0.0
2.275938091442861e-35
2.0230964548189445e-34
1.1985448269644294e-33
4.732313666181644e-33
1.245300928309824e-32
2.1840201915173152e-32
2.5528220043452843e-32
1.9886848641543298e-32
1.0325068705065448e-32
3.572740559140309e-33
8.239323569749913e-34
1.2663774978705834e-34
2.900314737468768e-35
2.266832007155709e-36
1.1807965922100537e-37
4.0993254069178295e-39
1.122244964318908e-05
7.373912026472059e-05
0.0003229161655722568
0.0009424605273889804
0.0018332348353005195
0.002376591724745828
0.0020533955107219274
0.0011824211354368678
0.00045378831431861335
0.00011606892982466854
1.9786100039652015e-05
2.2479464901618498e-06
1.7021321935185584e-07
8.589782174215572e-09
2.889033408118959e-10
6.4759654827682015e-12
9.674711757679112e-14
9.632812179185587e-16
6.392190338585455e-18
2.8270133050034893e-20
8.33273469737255e-23
1.636925089109923e-25
2.049386316962609e-27
2.0472348363244558e-30
1.362991168959297e-33
6.047835488917565e-37
1.7884979408425545e-40
3.524994697160807e-44
0.0
0.0
0.0
0.0
0.0
0.0
0.0
0.0
0.0
0.0
0.0
0.0
0.0
0.0
0.0
0.0
0.00021131150149396305
0.0014093004470785782
0.006297031808105486
0.018875648842327047
0.03146045161333155
0.04865789798585614
0.05072159482714117
0.035706455083572265
0.017008079397667773
0.005491086344999066
0.0012031256396799076
0.00017902429798479592
1.8090939001001274e-05
1.2406792140517963e-06
5.7670231044466606e-08
1.8138349392558876e-09
3.852629419858061e-11
5.515272951387176e-13
5.311315205398461e-15
3.4349068266646164e-17
1.4895517119901678e-19
4.325896211186446e-22
8.404770876033891e-25
1.091543830673689e-27
9.469620233471751e-31
5.484944825869086e-34
2.1202279774945835e-37
5.467964421991165e-41
0.0
0.0
1.985721329542757e-34
1.4274467529179717e-33
6.838850050682873e-33
2.1836739541555444e-32
4.64701479180228e-32
6.590856618967635e-32
6.230045537151699e-32
3.9248415311619e-32
1.6479141390343368e-32
4.6113552607343286e-33
8.600112485988533e-34
1.0689594471673215e-34
8.855230619218828e-36
4.889000375641104e-37
1.798961269373361e-38
4.411691181592069e-40
7.210575744101009e-42
7.854459967880682e-44
5.7022238995098615e-46
2.759013018085986e-48
8.89702439726838e-51
1.9121297630391948e-53
2.7388704457937345e-56
2.6146114944990937e-59
1.6635060730366806e-62
9.82207849458824e-65
3.1777754491283307e-68
6.852113664527662e-72
0.0
0.0
0.0
0.0
0.0
0.0
0.0
0.0
0.0
0.0
0.0
0.0
0.0
0.0
0.0
1.7118902657764271e-34
1.7767715351320124e-33
1.1050268445560185e-32
4.598431343692685e-32
1.2810573495608727e-31
2.3904854108198915e-31
2.989533609455343e-31
2.507025392406616e-31
1.7860133382267511e-31
7.703038043939832e-32
2.2306254204438666e-32
4.33834385621896e-33
5.668297185801695e-34
4.975747214925914e-35
2.9344794455802783e-36
1.1625344096094227e-37
3.09290377792366e-39
5.523986565273342e-41
6.620169063590567e-43
5.3210259415507074e-45
2.866791260741747e-47
1.0347372162288846e-49
2.5006827671161946e-52
4.044376649538805e-55
4.375143834436088e-58
3.1643210371572995e-61
1.5294456091797204e-64
4.938435195719185e-68
1.0047636200534859e-71
8.425117859877897e-36
6.57065164514517e-35
3.4152495989973194e-34
1.1830905987474735e-33
2.1619678577655856e-33
3.8084421894771004e-33
4.471230410148034e-33
3.498551581394404e-33
1.824446197157644e-33
6.340965465819746e-34
1.4687952639530494e-34
2.267507265304876e-35
2.3330156882561846e-36
1.5998091608692229e-37
7.311395004023781e-39
2.2269674235998274e-40
4.520734780281943e-42
6.116257224358732e-44
5.5149807747107625e-46
3.314238912712455e-48
1.327410258222065e-50
3.5433012316504595e-53
6.3036563483530515e-56
7.474093577941354e-59
5.906171876098422e-62
3.1105356248264262e-65
1.0918068789357017e-68
2.5541007289933043e-72
0.0
0.0
0.0
0.0
0.0
0.0
0.0
0.0
0.0
0.0
0.0
0.0
0.0
0.0
0.0
0.0
0.0
0.0
0.0
0.0
0.0
0.0
0.0
0.0
0.0
0.0
0.0
0.0
0.0
0.0
0.0
0.0
0.0
0.0
0.0
0.0
0.0
0.0
0.0
0.0
0.0
0.0
0.0
0.0
0.00011052056655116725
0.0009890523494816244
0.005898981084161645
0.023448565342032292
0.062120808200400425
0.10968303685412416
0.12906942754543244
0.1012252479885693
0.05290976872042697
0.027403207489358622
0.007283682277716581
0.0012902745626257723
0.00015233329140188143
1.1986408222427231e-05
6.285862129770566e-07
2.196960184315474e-08
5.117537920472667e-10
7.944773143670527e-12
8.22022074832456e-14
5.668485083423781e-16
2.6051460997397938e-18
7.979555656184841e-21
1.62894672378823e-23
2.2162390408153235e-26
2.009591891627766e-29
1.2144529290146864e-32
4.891421089879733e-36
1.3130188621908072e-39
0.0
0.0
0.0
0.0
0.0
0.0
0.0
0.0
0.0
0.0
0.0
0.0
0.0
0.0
1.178571797531518e-34
1.0940444042267807e-33
6.768546268606632e-33
2.790855835008174e-32
7.669392285943975e-32
1.4046432926806758e-31
1.7145600306030148e-31
1.3948287459499015e-31
7.562591306840776e-32
2.7327627002623675e-32
6.581346548623092e-33
1.056353185405863e-33
1.130017270438335e-34
8.056428626428992e-36
3.828085199637535e-37
0.0003568717690340485
0.0025499189263271005
0.01214289107682265
0.038538905313129826
0.06643318658859525
0.10721731819383729
0.115325764892035
0.08267406567886301
0.03949969985141227
0.012577659798849514
0.0026692388675715792
0.00037753444787988586
3.5588302830740734e-05
2.2358338057759105e-06
9.361669556000312e-08
2.6124539561698525e-09
4.858760927413801e-11
6.022599227157512e-13
4.97535353522039e-15
2.739337079085494e-17
1.00519091403571e-19
2.4582903757274886e-22
4.0068157488439897e-25
4.3526157550925075e-28
3.1558540805868723e-31
1.9688601661413523e-34
2.9780721897684117e-36
1.3021062787939708e-37
3.952165876180603e-39
8.217312477843512e-41
5.0401297517693546e-42
5.595331442974038e-44
4.259544017325468e-46
2.2181682141532963e-48
7.874649829551528e-51
1.8984754972778535e-53
3.096569414450892e-56
3.405621161496777e-59
2.518405984954686e-62
1.2493631696831828e-65
4.150757965587188e-69
9.023160971584281e-73
0.0
0.0
0.0
0.0
0.0
0.0
0.0
0.0
0.0
0.0
0.0
0.0
0.0
3.0085575782825664e-34
2.4417120453373073e-33
1.287296549706247e-32
4.535968435287518e-32
1.0690169768544321e-31
1.6865755187135781e-31
1.783162827852168e-31
1.264951558432726e-31
6.029201020245107e-32
1.9337969306385053e-32
4.180411080419449e-33
6.100483277712553e-34
6.018138058620818e-35
4.017957233492172e-36
1.5460047166259652e-06
1.2266609433635783e-05
6.486640195718958e-05
0.00022861073945315647
0.0005369761491241429
0.0008406106964120813
0.0008770338908673827
0.0006098448886660416
0.0002826206875569683
8.729111827428773e-05
1.796874369625036e-05
2.4651702558557056e-06
5.234002379704599e-07
3.651452883213155e-08
1.6977707010385925e-09
5.261068013177573e-11
1.086551576102419e-12
1.49557543830802e-14
1.3719802208556857e-16
8.388202859358197e-19
3.417995979028929e-21
9.282302517091947e-24
1.6800470225732383e-26
2.026603108653455e-29
1.6292867282416264e-32
8.729872149744564e-36
3.117452142989483e-39
7.419476355605392e-43
0.0
0.0
0.0
0.0
0.0
0.0
0.0
0.0
0.0
0.0
0.0
0.0
0.0
0.0
0.0
0.0
0.0
0.0
0.0
0.0
0.0
0.0
0.0
0.0
0.0
0.0
0.0
1.6485022014720276e-35
1.2795047646135978e-34
6.618747777739632e-34
2.281872129718834e-33
5.243102216801183e-33
8.029100487616116e-33
8.194585865542831e-33
5.574021960423771e-33
3.4411001478314786e-33
1.1902592293642901e-33
2.7438941347102828e-34
4.2157484904623036e-35
4.3168164523854804e-36
6.674423812896641e-36
4.625160898350935e-35
2.233447404626439e-34
7.190025390149896e-34
1.5426501523951513e-33
2.2059010219164024e-33
2.1022586377553746e-33
1.3352660824270851e-33
5.652375919829865e-34
1.5946882924134786e-34
2.998486668507521e-35
3.7575951525500844e-36
3.138335718869973e-37
1.7469093156632147e-38
6.480714207967248e-40
1.6023483127427703e-41
2.640417077468769e-43
2.89981095863993e-45
2.1225033712976567e-47
1.0354011401858585e-49
3.366281553391858e-52
5.896747020033603e-54
9.748928268354128e-57
1.0741941966388316e-59
7.888424564291651e-63
3.860817739397498e-66
1.2593599315686797e-69
2.7378017141036355e-73
0.0
0.0
0.0
0.0
0.0
0.0
0.0
0.0
0.0
0.0
0.0
0.0
0.0
0.0
0.0
0.0
0.0
0.0
0.0
0.0
0.0
0.0
0.0
0.0
0.0
0.0
1.0518136873335238e-05
9.210887425656061e-05
0.0005375831887606572
0.0020910837728916926
0.005420991581392049
0.00936628960513229
0.010785442786800178
0.008277323423980272
0.004233732540606942
0.001443239679628498
0.0003278951936427766
4.964930677273814e-05
5.010405501426819e-06
3.3698774714748324e-07
1.510556218618125e-08
4.512749473221752e-10
8.985186655647577e-12
1.1923246727457575e-13
1.054492527510017e-15
3.59951248053617e-17
1.6188076187162122e-19
4.852084368550349e-22
9.692660387545415e-25
1.2904441009834852e-27
1.1450302108018612e-30
6.771365278623645e-34
2.6688065040399664e-37
4.200449728441132e-35
4.064344772817902e-34
2.525608155364558e-33
1.0462731169616529e-32
2.889597653350587e-32
5.320508088817213e-32
6.531353086449035e-32
5.345633276961366e-32
2.917114512292227e-32
1.0614004286399744e-32
2.5750783762965488e-33
4.1658326940226744e-34
4.493957642479914e-35
3.2328707798672626e-36
1.5509479537580619e-37
4.9621939440901026e-39
1.0588558130424947e-40
6.504674884785585e-42
7.067143544242217e-44
5.1215702805141585e-46
2.4758534022781092e-48
7.984202384057478e-51
1.7176937408575328e-53
2.465418673863351e-56
2.3609665186933266e-59
1.5085745070407188e-62
6.431985658142976e-66
1.8299875430078563e-69
9.471907346105095e-74
0.0
0.0
0.0
0.0
0.0
0.0
0.0
0.0
0.0
0.0
0.0
0.0
0.0
0.0
0.0
0.0
0.0
0.0
0.0
0.0
0.0
0.0
0.0
0.0
4.723759229302097e-05
0.00039393405014617744
0.0021894792672185162
0.008110351955613817
0.020022583500853258
0.032944435774978804
0.03612647456785129
0.02640283973206631
0.01286048196076
0.004174893466641466
0.0009032648270597537
0.0001302465861118024
1.2516968135629541e-05
4.260958333065472e-06
3.268748395695808e-05
0.00020542538997152558
0.0005587745796188835
0.001787576589063663
0.0038113100502053
0.005415835320874451
0.005129064596676309
0.0032373707262085202
0.001361846785654035
0.00038180851797075686
7.134187582203511e-05
8.884336177268355e-06
7.373725923657109e-07
4.0787824960539383e-08
1.5036807875337384e-09
3.694556418339618e-11
6.049932138118256e-13
6.602680031572158e-15
4.8025461664105197e-17
2.328114808384776e-19
7.521748122716229e-22
1.6196259539051163e-24
2.324300186173737e-27
2.223060359520075e-30
1.4170717506047313e-33
6.02024234915953e-37
1.704581052357373e-40
0.0
0.0
0.0
0.0
0.0
0.0
0.0
0.0
0.0
0.0
0.0
0.0
0.0
0.0
0.0
0.0
0.0
0.0
0.0
0.0
0.0
0.0
0.0
0.0
0.0
0.0
1.1224445605402627e-35
9.663090657591042e-35
5.544325977567855e-34
2.1201325189944016e-33
5.403296583348018e-33
9.17774852157977e-33
1.0389509602176419e-32
7.838545657142228e-33
3.941463272223443e-33
1.3208728816278333e-33
2.9501636798861663e-34
4.391498596480373e-35
4.356732874622425e-36
2.8806511332792317e-37
1.2694100906959084e-38
3.728161998058275e-40
7.297416805674415e-42
9.519739795706758e-44
8.276801723883109e-46
4.7960264914062224e-48
1.8521755345294118e-50
4.767209758893793e-53
8.177638868240402e-56
9.34917184151302e-59
7.1236062306709975e-62
3.6174973031241866e-65
1.8378692721934304e-67
4.745975675297065e-71
0.0
0.0
0.0
0.0
0.0
0.0
0.0
0.0
0.0
0.0
0.0
0.0
0.0
0.0
0.0
0.0
0.0
0.0
0.0
0.0
0.0
0.0
0.0
0.0
0.0
2.256391814476581e-06
1.4537882300263059e-05
6.242654931070192e-05
0.00017865659757345238
0.0003407613548177266
0.0004331747784217257
0.00036699279307474185
0.00020722085332903483
7.798138207785526e-05
1.955824789602001e-05
3.2692679204773508e-06
3.642106389259184e-07
2.7041843232194374e-08
4.7980786148297046e-05
0.0003639363321451154
0.0018398271506451346
0.0061988372427792615
0.013919543486835868
0.020831536253915876
0.02077778048787054
0.013812063198081046
0.006119268480307447
0.001806849615190677
0.0003555707724563064
9.60202753632986e-05
9.608809316724845e-06
6.408520106119768e-07
2.8485738003112347e-08
8.438762185066659e-10
1.6661402990283542e-11
2.1924310179471195e-13
1.9227457268013007e-15
1.1238266333029242e-17
4.3778243608589735e-20
1.1365770837453823e-22
1.9666225393527473e-25
2.267909106934782e-28
1.743602461078852e-31
9.334445204942851e-35
2.346463125188279e-37
7.047999584932995e-39
1.6671508335533607e-40
2.7093833282886226e-42
3.0170358510123465e-44
2.2954267192574324e-46
1.1890060814891768e-48
4.177579008393008e-51
9.92090612995435e-54
1.5875034775143358e-56
1.7072243203657163e-59
1.4355103218959752e-61
7.9256881375353e-65
2.927581945901014e-68
7.085492664143428e-72
0.0
0.0
0.0
0.0
0.0
0.0
0.0
0.0
0.0
0.0
0.0
4.113743575280553e-36
3.2603492009722896e-35
1.722156308292523e-34
6.062650936789874e-34
1.4224405008753247e-33
2.224268456546718e-33
2.3180449042825e-33
1.610045074543954e-33
7.453079826168467e-34
2.299402817008304e-34
4.727982861381795e-35
1.3146716871183336e-35
1.374613880066528e-36
9.579121633454944e-38
4.448895441912338e-39
1.3770834485757362e-40
2.8408602236138424e-42
3.9058991154013416e-44
3.57909911833898e-46
2.1857877008114908e-48
8.896594131937543e-51
2.413354534626503e-53
4.363148791405035e-56
5.257272258052403e-59
4.221846718852002e-62
2.259571054740658e-65
8.059926700796077e-69
1.9160980543659793e-72
0.0
0.0
0.0
0.0
0.0
0.0
0.0
0.0
0.0
0.0
0.0
0.0
0.0
0.0
0.0
0.0
0.0
0.0
0.0
0.0
0.0
0.0
0.0
0.0
0.0
0.0
0.0
0.0
0.0
0.0
0.0
0.0
0.0
0.0
0.0
0.0
0.0
0.0
0.0
0.0
0.0
0.0
0.0
0.0
0.0
0.0
0.0
0.0
0.0
0.0
0.0
0.0
0.0
0.0
0.0
0.0
0.0
0.0
0.0
0.0
0.0
0.0
0.0
0.0
0.0
0.0
0.0
0.0
0.0
0.0
0.0
0.0
0.0
0.0
0.0
0.0
0.0
0.0
0.0
0.0
0.0
0.0
0.0
0.0
0.0
0.0
0.0
0.0
0.0
0.0
0.0
0.0
0.0
0.0
0.0
0.0
0.0
0.0
0.0
0.0
0.0
0.0
0.0
0.0
0.0
0.0
0.0
0.0
0.0
0.0
0.0
0.0
0.0
0.0
0.0
0.0
0.0
0.0
0.0
0.0
0.0
0.0
0.0
0.0
0.0
0.0
0.0
0.0
0.0
0.0
0.0
0.0
0.0
0.0
0.0
0.0
0.0
0.0
0.0
0.0
0.0
0.0
0.0
0.0
0.0
0.0
0.0
0.0
0.0
0.0
0.0
0.0
0.0
0.0
0.0
0.0
0.0
0.0
0.0
0.0
0.0
0.0
0.0
0.0
0.0
0.0
0.0
0.0
0.0
0.0
0.0
0.0
0.0
0.0
0.0
0.0
0.0
0.0
0.0
0.0
0.0
0.0
0.0
0.0
0.0
0.0
0.0
0.0
0.0
0.0
0.0
0.0
0.0
0.0
0.0
0.0
0.0
0.0
0.0
0.0
0.0
0.0
0.0
0.0
0.0
0.0
0.0
0.0
0.0
0.0
0.0
0.0
0.0
0.0
0.0
0.0
0.0
0.0
0.0
0.0
0.0
0.0
0.0
0.0
0.0
0.0
0.0
0.0
0.0
0.0
0.0
0.0
0.0
0.0
0.0
0.0
0.0
0.0
0.0
0.0
0.0
0.0
0.0
0.0
0.0
0.0
0.0
0.0
0.0
0.0
0.0
0.0
0.0
0.0
0.0
0.0
0.0
0.0
0.0
0.0
0.0
0.0
0.0
0.0
0.0
0.0
0.0
0.0
0.0
0.0
0.0
0.0
0.0
0.0
0.0
0.0
0.0
0.0
0.0
0.0
0.0
0.0
0.0
0.0
0.0
0.0
0.0
0.0
0.0
0.0
0.0
0.0
0.0
0.0
0.0
0.0
0.0
0.0
0.0
0.0
0.0
0.0
0.0
0.0
0.0
0.0
0.0
0.0
0.0
0.0
0.0
0.0
0.0
0.0
0.0
0.0
0.0
0.0
0.0
0.0
0.0
0.0
0.0
0.0
0.0
0.0
0.0
0.0
0.0
