a = 4.895942936505064 b = 4.895942936505064 c = 13.380647877009288 ,Gaussian ,LMH = 0.08 ,DW = [0.6 0.6]
0.0
0.0
0.0
0.0
0.0
0.0
0.0
0.0
0.0
0.0
0.0
0.0
0.0
0.0
0.0
0.0
0.0
0.0
0.0
0.0
0.0
0.0
0.0
0.0
0.0
0.0
0.0
0.0
0.0
0.0
0.0
0.0
0.0
0.0
0.0
0.0
0.0
0.0
0.0
0.0
0.0
0.0
0.0
0.0
0.0
0.0
0.0
0.0
0.0
0.0
0.0
0.0
0.0
0.0
0.0
0.0
0.0
0.0
0.0
0.0
0.0
0.0
0.0
0.0
0.0
0.0
0.0
0.0
0.0
0.0
0.0
0.0
0.0
0.0
0.0
0.0
0.0
0.0
0.0
0.0
0.0
0.0
5.355688297705408e-34
4.7025442808069994e-33
2.751896162294166e-32
1.073279266111228e-31
2.7898123010800107e-31
4.833022069457245e-31
5.580127470469527e-31
4.293890940811118e-31
2.202112224118332e-31
1.1261578448888023e-31
2.936907611527003e-32
5.104613342663881e-33
5.913123722653223e-34
4.5651245293219934e-35
2.3489287306974665e-36
8.055056652429137e-38
1.8409793057505124e-39
2.804211476152996e-41
2.8467817049631894e-43
1.9261012724762863e-45
8.685315885009852e-48
2.610199287344649e-50
5.228092505404197e-53
6.979019441079278e-56
6.209077792477324e-59
3.6816401898434914e-62
1.4549133589712059e-65
3.8319026664912284e-69
0.0
0.0
0.0
0.0
0.0
0.0
0.0
0.0
0.0
0.0
0.0
0.0
0.0
0.0
0.0
0.0
0.0
0.0
0.0
0.0
0.0
0.0
0.0
0.0
0.0
0.0
0.0
0.0
0.0
0.0
0.0
0.0
0.0
0.0
0.0
0.0
0.0
0.0
0.0
0.0
0.0
0.0
0.0
0.0
0.0
0.0
0.0
0.0
0.0
0.0
0.0
0.0
0.0
0.0
0.0
0.0
0.0
0.0
0.0
0.0
0.0
0.0
0.0
0.0
0.0
0.0
0.0
0.0
0.0
0.0
0.0
0.0
0.0
0.0
0.0
0.0
0.0
0.0
0.0
0.0
0.0
0.0
0.0
0.0
0.0
0.0
0.0
0.0
0.0
0.0
0.0
0.0
0.0
0.0
0.0
0.0
0.0
0.0
0.0
0.0
0.0
0.0
0.0
0.0
0.0
0.0
0.0
0.0
0.0
0.0
0.0
0.0
0.0
0.0
0.0
0.0
0.0
0.0
0.0
0.0
0.0
0.0
0.0
0.0
0.0
0.0
0.0
0.0
0.0
0.0
0.0
0.0
0.0
0.0
0.0
0.0
0.0
0.0
0.0
0.0
0.0
0.0
0.0
0.0
0.0
0.0
0.0
0.0
0.0
0.0
0.0
0.0
0.0
0.0
0.0
0.0
0.0
0.0
0.0
0.0
0.0
0.0
0.0
0.0
0.0
0.0
0.0
0.0
0.0
0.0
0.0
0.0
0.0
0.0
0.0
0.0
0.0
0.0
0.0
0.0
0.0
0.0
0.0
0.0
0.0
0.0
0.0
0.0
0.0
0.0
0.0
0.0
0.0
0.0
0.0
0.0
1.5779737308518505e-33
1.343209402393471e-32
7.620250103015888e-32
2.881219039398877e-31
7.260472330270758e-31
1.2193686399678746e-30
1.364855633301661e-30
1.0181692105910164e-30
5.0621469857471e-31
1.6773785726917519e-31
3.704324113821083e-32
5.4521577718379806e-33
5.348221664954677e-34
3.496487108377632e-35
1.5234773853697587e-36
4.4240664415080217e-38
3.336155255294635e-39
4.926454344549058e-41
4.848464494819555e-43
3.180207995243768e-45
1.3902355147465286e-47
4.050445384287203e-50
7.865000065922648e-53
1.0178323002599031e-55
8.778802430658887e-59
5.046332584478157e-62
1.933294487397704e-65
4.936301793745293e-69
0.0
0.0
0.0
0.0
0.0
0.0
0.0
0.0
0.0
0.0
0.0
0.0
0.0
0.0
0.0
0.0
0.0
0.0
0.0
0.0
0.0
0.0
0.0
0.0
0.0
0.0
0.0
0.0
0.0
0.0
0.0
0.0
0.0
0.0
0.0
0.0
0.0
0.0
0.0
0.0
0.0
0.0
0.0
0.0
0.0
0.0
0.0
0.0
0.0
0.0
0.0
0.0
0.0
0.0
0.0
0.0
0.0
0.0
0.0
0.0
0.0
0.0
0.0
0.0
0.0
0.0
0.0
0.0
0.0
0.0
0.0
0.0
0.0
0.0
0.0
0.0
0.0
0.0
0.0
0.0
0.0
0.0
0.0
0.0
0.0
0.0
0.0
0.0
0.0
0.0
0.0
0.0
0.0
0.0
0.0
0.0
0.0
0.0
0.0
0.0
0.0
0.0
0.0
0.0
0.0
0.0
0.0
0.0
0.0
0.0
0.0
0.0
0.0
0.0
0.0
0.0
0.0
0.0
0.0
0.0
0.0
0.0
0.0
0.0
0.0
0.0
0.0
0.0
0.0
0.0
0.0
0.0
0.0
0.0
0.0
0.0
0.0
0.0
0.0
0.0
0.0
0.0
0.0
0.0
0.0
0.0
0.0
0.0
0.0
0.0
0.0
0.0
0.0
0.0
0.0
0.0
0.0
0.0
0.0
0.0
0.0
0.0
0.0
0.0
0.0
0.0
0.0
0.0
0.0
0.0
0.0
0.0
0.0
0.0
0.0
0.0
0.0
0.0
0.0
0.0
0.0
0.0
0.0
0.0
0.0
0.0
0.0
0.0
0.0
0.0
0.0
0.0
0.0
0.0
0.0
0.0
0.0
0.0
3.429441877823608e-33
2.3050985853368848e-32
1.032611862240973e-31
3.0829484538149363e-31
6.134468848554176e-31
8.13521837991222e-31
7.1902338258587465e-31
4.235438307991564e-31
1.662781772176004e-31
4.3506455041079995e-32
7.586713587548496e-33
8.817292096596925e-34
6.829647920187869e-35
3.5256804809118155e-36
1.2130232780361878e-37
2.781485927972177e-39
4.2507557142396383e-41
4.329492340961844e-43
2.9389307456535154e-45
1.3296069514987453e-47
4.0090248662072584e-50
6.678566562107939e-52
1.0240031957574384e-54
1.0464076679953002e-57
7.126594742486853e-61
3.234780086891244e-64
9.785634870584714e-68
1.9729441943389905e-71
0.0
0.0
0.0
0.0
0.0
0.0
0.0
4.254583824846406e-34
3.067600394545543e-33
1.4740833250529284e-32
4.720922055829913e-32
1.0076580413103013e-31
1.433445112040467e-31
1.3590345862978547e-31
8.587396163837289e-32
3.6163798135692635e-32
1.0150048610831544e-32
1.8986449399752255e-33
2.3670146091252115e-34
4.714908329342971e-35
2.9890488708515577e-36
1.2629155960711149e-37
3.5562901376916934e-39
6.674236511505941e-41
8.348098173697011e-43
6.959131630898771e-45
3.866376147028568e-47
1.4316428962726673e-49
3.533026140023958e-52
5.810861802488491e-55
6.3696532553847615e-58
4.6534235554546814e-61
2.2657444490837943e-64
7.352428564659012e-68
1.590128607130111e-71
0.0
0.0
0.0
0.0
0.0
0.0
0.0
6.070002993587615e-34
4.32818284612863e-33
2.0568557818908958e-32
4.6405579125451373e-32
1.1214270295066798e-31
1.8061482326630134e-31
1.9387299059137153e-31
1.3869562975735316e-31
6.612867063677714e-32
2.1013498142992788e-32
4.450291592505534e-33
6.281453191731226e-34
5.908991102742757e-35
3.704657750252182e-36
1.54797662025953e-37
4.310843433022255e-39
8.000951739665457e-41
9.896977888868428e-43
8.159153380978694e-45
4.483004170599101e-47
1.6416279459624374e-49
4.006469846976346e-52
6.516742618123399e-55
7.064489874073484e-58
5.1040226556660046e-61
2.457683354815669e-64
7.887162904545624e-68
1.6869307006035427e-71
0.0
0.0
0.0
0.0
0.0
0.0
0.0
0.0
0.0
0.0
0.0
0.0
0.0
0.0
0.0
0.0
0.0
0.0
0.0
0.0
0.0
0.0
0.0
0.0
0.0
0.0
0.0
0.0
0.0
0.0
0.0
0.0
0.0
0.0
0.0
0.0
0.0
0.0
0.0
0.0
0.0
0.0
0.0
0.0
0.0
0.0
0.0
0.0
0.0
0.0
0.0
0.0
0.0
0.0
0.0
0.0
0.0
0.0
0.0
0.0
0.0
0.0
0.0
0.0
0.0
0.0
0.0
0.0
0.0
0.000999120683877704
0.007175628447360172
0.03434657879406419
0.10956922091671248
0.23295670305761876
0.33009838313842926
0.31174043072509866
0.1962114798700757
0.0823070893217053
0.036814026796180115
0.007852875909214758
0.0011164150789885956
0.00010578015542300959
6.679812252658221e-06
2.811291370770221e-07
7.885495916857976e-09
1.474122961699495e-10
1.8366227479415702e-12
1.5250628969033125e-14
8.439896089694401e-17
3.1129202334670474e-19
7.652096409473152e-22
1.2536445647063632e-24
1.3688314006596808e-27
9.961094141869933e-31
4.83109611803238e-34
1.5615858314292278e-37
3.364089874537076e-41
0.0
0.0
0.0
0.0
0.0
0.0
0.0
0.0
0.0
0.0
0.0
0.0
0.0
0.0
0.0
0.0
0.0
0.0
0.0
0.0
0.0
0.0
0.0
0.0
0.0
0.0
0.0
0.0
0.0
0.0
0.0
0.0
4.112820292106532e-35
3.69858752120907e-34
2.2167341642913655e-33
8.854680136200992e-33
2.3572936618056872e-32
4.1825009442319363e-32
4.945838774816344e-32
3.8978525881975975e-32
2.047351515933394e-32
7.167058780413991e-33
1.6721339571415612e-33
2.600056077205549e-34
2.6944858751975136e-35
1.8610183527529157e-36
8.566569623859944e-38
2.6281175719448347e-39
5.373585696400531e-41
7.322596719901344e-43
6.650397471662403e-45
4.0254240430853612e-47
1.6238922840338976e-49
4.366006203759937e-52
7.823354805953342e-55
9.342933409380475e-58
7.436267915923256e-61
3.944648873410764e-64
2.063216299053116e-66
5.565454842537442e-70
0.0
0.0
0.0
0.0
0.0
0.0
0.0
0.0
0.0
0.0
0.0
0.0
0.0
0.0
0.0
0.0
0.0
0.0
0.0
0.0
0.0
0.0
0.0
0.0
0.0
0.0
0.0
0.0
0.0
0.0
0.0
0.0
0.0
0.0
0.0
0.0
0.0
0.0
0.0
0.0
0.0
0.0
0.0
0.0
0.0
0.0
0.0
0.0
0.0
0.0
0.0
0.0
0.0
0.0
3.269796332695451e-33
2.2228197325032293e-32
1.007092432772743e-31
3.0409968491488898e-31
6.119897604710236e-31
8.208312640513088e-31
7.337450283735978e-31
4.371374372143211e-31
1.7356908747693864e-31
4.5931254448550334e-32
8.100760297835864e-33
9.521926054641217e-34
7.459425410694545e-35
3.894641569504861e-36
1.3552242447300874e-37
3.142942084106179e-39
4.857839278951599e-41
5.00416307767688e-43
3.4355898776086974e-45
1.5720006561042224e-47
4.793863674489662e-50
8.04652770300117e-52
1.2477973179399267e-54
1.289618138819675e-57
8.883002131572791e-61
4.0779317020946326e-64
1.2476755874983548e-67
2.544163135742278e-71
0.0
0.0
0.0
0.0
0.0
0.0
0.0
0.0
0.0
0.0
0.0
0.0
0.0
0.0
0.0
0.0
0.0
0.0
0.0
0.0
0.0
0.0
0.0
0.0
0.0
0.0
0.0
0.0
0.0
0.0
0.0
0.0
0.0
0.0
0.0
0.0
0.0
0.0
0.0
0.0
0.0
0.0
0.0
0.0
0.0
0.0
0.0
0.0
0.0
0.0
0.0
0.0
0.0
0.0
0.0
0.0
0.0
0.0
0.0
0.0
0.0
0.0
0.0
0.0
0.0
0.0
0.0
0.0
0.0
0.0
0.0
0.0
0.0
0.0
0.0
0.0
0.0
0.0
0.0
0.0
0.0
0.0
0.0
0.0
0.0
0.0
0.0
0.0
0.0
0.0
0.0
0.0
0.0
0.0
0.0
0.0
0.0
0.0
0.0
0.0
0.0
0.0
0.0
0.0
0.0
0.0
0.0
0.0
0.0
0.0
0.0
0.0
0.0
0.0
0.0
0.0
0.0
0.0
0.0
0.0
0.0
7.365518717350918e-35
6.354272983942899e-34
3.653507032734888e-33
1.400024304248375e-32
3.575549136129408e-32
6.085993362311909e-32
6.904015318322422e-32
5.219796434974362e-32
2.630188864521787e-32
8.832870256648574e-33
1.9769619741533283e-33
2.949010567796612e-34
2.9318104597403384e-35
1.9425714391806638e-36
8.578268916948925e-38
2.524665598375926e-39
4.95210239598546e-41
6.473764818864409e-43
5.640346289791355e-45
3.275187492201204e-47
1.2675004242260046e-49
3.269200887469311e-52
0.0014933663278899772
0.012134426848935597
0.06571336840774154
0.23717545307125684
0.44543185470332497
0.8175227780219322
1.0
0.8152328780040037
0.4429400197952251
0.1603945854325132
0.03870936385255621
0.006226212130207942
0.0006674417056922858
4.768527766858442e-05
2.270580163707e-06
7.205612634241648e-08
1.5240054889736907e-09
2.1482444544037272e-11
2.0181916997136112e-13
1.2636380080034269e-15
5.273081611609229e-18
1.4665195398775115e-20
2.7182710696911024e-23
3.357988622154729e-26
2.764694991567812e-29
1.5170391176632e-32
5.547890507585923e-36
1.3521987538334535e-39
0.0
0.0
0.0
0.0
0.0
0.0
0.0
0.0
0.0
0.0
0.0
0.0
0.0
0.0
0.0
0.0
0.0
0.0
0.0
0.0
0.0
0.0
0.0
0.0
0.0
0.0
0.0
0.0
0.0
0.0
0.0
0.0
0.0
0.0
0.0
0.0
0.0
0.0
0.0
0.0
0.0
0.0
0.0
0.0
0.0
0.0
0.0
0.0
0.0
0.0
0.0
0.0
0.0
0.0
0.0
0.0
0.0
0.0
0.0
0.0009469793997936801
0.007833758958961504
0.04318982310780154
0.1586990015585602
0.38864090766156756
0.6343141174167896
0.689988402291101
0.5002196555348188
0.24169143645729935
0.07782933525641288
0.016703478699054156
0.002389197668222536
0.00022776069797583406
1.447061656813676e-05
6.127408507948952e-07
1.7292117688965017e-08
3.252378475683698e-10
4.076951283600601e-12
3.4060538817439386e-14
1.8964834369091993e-16
4.7553403704215874e-18
1.3464236396819373e-20
2.5407585561658923e-23
3.195410287600506e-26
2.6788641589986816e-29
2.898240909160428e-32
2.678577640600019e-32
3.4092376872012284e-32
2.8925585919768255e-32
1.6356433593806965e-32
6.164198463919592e-33
1.54826807653484e-33
2.591774745583922e-34
2.891544607257151e-35
2.1500278591526807e-36
1.0654665664854406e-37
3.5189825537289134e-39
7.745972470891994e-41
1.1363610328123557e-42
1.1110619241348201e-44
7.240052988045795e-47
3.1443202519253034e-49
9.101088747421591e-52
1.7556642826905038e-54
2.2572057436902747e-57
1.934115332109646e-60
1.3926993570673204e-62
6.068357755760724e-66
1.7622459691974974e-69
3.410699233042348e-73
0.0
0.0
0.0
0.0
0.0
0.0
0.0
0.0
0.0
0.0
0.0
0.0
0.0
0.0
0.0
0.0
0.0
0.0
0.0
0.0
0.0
0.0
0.0
0.0
0.0
0.0
0.0
0.0
0.0
0.0
0.0
0.0
0.0
0.0
2.3834287251307794e-34
1.5938763145567152e-33
7.103765438599779e-33
2.1101054396520438e-32
4.177353704858604e-32
5.511627900656388e-32
4.846632370856985e-32
2.840415118424704e-32
1.1094432716206856e-32
2.8880847541397563e-33
5.010675931925159e-34
5.793809947738594e-35
4.4649204226380494e-36
6.453781160746189e-37
2.5291016978354736e-38
6.605411823666739e-40
1.1497808049895282e-41
1.3338646307233897e-43
1.0313118495082982e-45
5.314345759109612e-48
1.8251188650404343e-50
4.177476828403882e-53
3.260337229094658e-33
2.086983401034298e-32
8.903423158360817e-32
2.531492138231204e-31
4.7970881533195e-31
6.058433759375793e-31
5.099464544241284e-31
2.86068696748137e-31
1.069541514661194e-31
2.665057010466595e-32
4.425852226361881e-33
4.898564862209344e-34
3.613452621806463e-35
1.776468106327284e-36
5.820683874073715e-38
1.2710778756390174e-39
1.8499153415903044e-41
8.80182056171174e-43
6.5141054630508e-45
3.2130583209437103e-47
1.6729553349886364e-05
0.00014847184773059398
0.00087818381486558
0.003461850366727707
0.009095209433758722
0.01592570489130846
0.018585154335737996
0.014454904549278226
0.007492829196208539
0.0025885585066141577
0.000596007447007283
9.145910249359867e-05
9.353706369806765e-06
6.375614914370296e-07
2.896289511321137e-08
8.768865591633186e-10
1.7694015496341636e-11
2.3795286681146296e-13
2.1327356466574406e-15
1.2739860201754108e-17
5.0719369383193307e-20
1.3457505812330557e-22
2.3797802457600548e-25
2.777703598021154e-27
2.4978178267264452e-30
1.496984034030468e-33
5.9793658159371705e-37
1.5917491559825126e-40
0.0
0.0
0.0
0.0
0.0
0.0
0.0
0.0
0.0
0.0
0.0
0.0
0.0
0.0
0.0
0.0
0.0
0.0
0.0
0.0
0.0
0.0
0.0
0.0
0.0
0.0
0.0
0.0
0.0001422336531826118
0.0012462054207794772
0.00727710188606701
0.028321015593510888
0.07345827724020063
0.12698552036754734
0.14630164697981463
0.11233776407090565
0.057488884816838635
0.01960755947235647
0.004457021673056957
0.0006752234227656087
6.817604451532757e-05
4.587727880470701e-06
2.0575246535209023e-07
6.149984109014169e-09
1.2251365250649247e-10
1.6265841272530527e-12
7.279564833145484e-14
4.914734264864401e-16
2.211445351502996e-18
6.6318383327786704e-21
1.3254800584939924e-23
1.765609403676931e-26
1.570841400754133e-29
3.951258664324345e-32
1.802379116332029e-32
7.157151287426837e-33
1.8945401370024505e-33
3.3423277144776542e-34
3.9298484073380994e-35
3.07952769324269e-36
1.608325612451556e-37
5.598161078613794e-39
1.298668632937709e-40
2.00785737337326e-42
2.0689448619402585e-44
2.1258429917093573e-35
1.8563125463890986e-34
1.0803203636041503e-33
4.190207917216317e-33
1.0831787514691565e-32
1.8661486672495546e-32
2.1427617940768943e-32
1.875396888476675e-32
1.0950234674987676e-32
4.2612323008762486e-33
1.1051686128283344e-33
1.9103081230864442e-34
2.2006949694774356e-35
1.68965418056094e-36
8.646042218686645e-38
2.948617404877819e-39
6.701947875507582e-41
1.0152318055211828e-42
1.0249694767825375e-44
6.896650185089204e-47
3.0927656406743048e-49
9.243519758401133e-52
1.8412352640087043e-54
2.4443463469117096e-57
2.1627073141786954e-60
1.2753057087728252e-63
5.012015515008388e-67
1.3127803208904863e-70
0.0
0.0
0.0
0.0
0.0
0.0
0.0
0.0
0.0
0.0
0.0
0.0
0.0
0.0
0.0
0.0
0.0
0.0
0.0
0.0
0.0
0.0
0.0
0.0
0.0
0.0
0.0
0.0
5.938035068869055e-05
0.00040607196977143474
0.001167734312481164
0.00406075582509989
0.009411335562185808
0.014537080294492178
0.014965273841002755
0.01026771239383316
0.004695093771925732
0.00143085753225746
0.0002906230563365344
3.934099009204712e-05
3.54929464332899e-06
2.1341275382772728e-07
8.552246979041502e-09
2.2841343601449283e-10
4.0657868579173055e-12
4.823353772391134e-14
3.8136003073716645e-16
2.0095683369287268e-18
7.057516998798651e-21
1.6518957454236188e-23
2.576884092592155e-26
2.6790985091589885e-29
1.8563678100577156e-32
8.572765092705176e-36
2.6385137772984584e-39
5.412268793236499e-43
0.0
0.0
0.0
0.0
0.0
0.0
0.0
0.0
0.0
1.0189332982732271e-33
7.23209403899768e-33
3.396450769894399e-32
1.0825600005202293e-31
2.369075969232042e-31
3.617336807036955e-31
3.925714845618933e-31
3.0744862735333712e-31
1.7459317750926275e-31
7.129815781891184e-32
2.0586799011095044e-32
4.127020999794863e-33
5.659270844569132e-34
5.253762163665778e-35
3.280404561085478e-36
1.3722465380206262e-37
1.3221740425690835e-38
2.8242321836254937e-40
4.0251497217077365e-42
3.825762688851472e-44
2.4243077667810157e-46
1.0240563748355518e-48
2.8832931496339755e-51
5.410801711939613e-54
6.767537250826627e-57
5.641432677100741e-60
3.1342545381189676e-63
1.1605482458314633e-66
2.8639990214347125e-70
0.0
0.0
0.0
0.0
0.0
0.0
0.0
0.0
0.0
0.0
0.0
0.0
0.0
0.0
0.0
0.0
0.0
0.0
0.0
0.0
0.0
0.0
0.0
3.180278794564479e-34
2.3811265294328116e-33
1.1881774403337054e-32
3.9679176713009514e-32
8.872281112432678e-32
1.3464596481133507e-31
1.436028539657471e-31
1.1689890619364063e-31
8.215180487897686e-32
5.224813988100844e-32
2.735592402825221e-32
1.0513052769589848e-32
2.7895956901349062e-33
4.992016556104963e-34
5.976683743831039e-35
4.774871319105922e-36
7.0713400427477286e-37
2.8742199010603535e-38
7.786556232921058e-40
1.4059199370862078e-41
1.6918424531395889e-43
1.3568805935777552e-45
7.252790936959733e-48
2.5837489933260657e-50
6.134470146213567e-53
9.707007183925708e-56
1.0237058751710955e-58
7.1952616207283236e-62
3.3705403591335186e-65
1.0522865571948299e-68
2.1895257705793624e-72
0.0
0.0
0.0
0.0
0.0
0.0
0.0
0.0
0.0
0.0
0.0
0.0
0.0
0.0
0.0
0.0
0.0
0.0
0.0
0.0
0.0
0.0
0.0
0.0
0.0
0.0
0.0
0.0
0.0
0.0
0.0
0.0
0.0
0.0
0.0
0.0
0.0
0.0
0.0
0.0
0.0
0.0
0.0
0.0
0.0
0.0
0.0
0.0
0.0
0.0
0.0
0.0
0.0
0.0
0.0
0.0
0.0
0.0
0.0
0.0
0.0
0.0
0.0
0.0
0.0
0.0
0.0
0.0
0.0
0.0
0.0
0.0
1.2255616554277353e-33
8.526670335018845e-33
3.9537147065272994e-32
1.2218354801759672e-31
2.516527522231907e-31
3.4543964995301204e-31
3.1602703279126364e-31
1.9268940263385839e-31
7.830202170091271e-32
2.1206532800044556e-32
3.827788293989537e-33
4.604767420235234e-34
3.691892419165874e-35
1.97274941496745e-36
7.025485752946989e-38
0.00017937859804062202
0.0008263966565272239
0.0058272913278895645
0.027385864688499437
0.08577638389501717
0.17905669221981224
0.2491121610775857
0.2309834423974062
0.1427408628812026
0.0587891707503442
0.016137189501158625
0.0029521608184269435
0.0003599429510740049
2.9248855860543066e-05
1.584038160243523e-06
5.7174706699772404e-08
1.3753834660774134e-09
2.2050843210919336e-11
2.3561782978814953e-13
1.6779254061125959e-15
7.96376977542404e-18
2.5191051241519023e-20
5.310744821425214e-23
7.461843315827928e-26
6.987444394384209e-29
4.3608600799129025e-32
2.541999949019333e-34
8.067368692076854e-38
0.0
0.0
0.0
0.0
0.0
0.0
0.0
0.0
0.0
0.0
0.0
0.0
0.0
0.0
0.0
0.0
0.0
0.0
0.0
0.0
0.0
0.0
0.0
0.0
1.3078269667734714e-33
9.521839252887174e-33
4.620329527375842e-32
1.4941926812157793e-31
3.2204889013858773e-31
4.626137713633e-31
4.42891000252606e-31
2.8258994301555238e-31
1.2017056320048252e-31
3.40581488711313e-32
6.433177444610885e-33
8.09863022315946e-34
6.794838789568792e-35
3.799516134296824e-36
1.4159860568694094e-37
3.5169906112645385e-39
5.821903320459557e-41
6.423035429943055e-43
4.722774332327367e-45
2.3143850700675216e-47
7.558847648260571e-50
1.645345520755922e-52
2.38693274636235e-55
2.307835237582919e-58
1.4871369551592375e-61
6.386731811524554e-65
2.9017813330744036e-67
6.337164444170703e-71
0.0
0.0
0.0
0.0
0.0
0.0
0.0
0.0
0.0
0.0
0.0
0.0
0.0
0.0
0.0
0.0
0.0
0.0
0.0
0.0
0.0
0.0
0.0
0.0
0.0
0.0
0.0
0.0
0.0
0.0
0.0
0.0
0.0
0.0
0.0
0.0
0.0
0.0
0.0
0.0
0.0
0.0
0.0
0.0
0.0
0.0
0.0
0.0
0.0
0.0
0.0
0.0
4.689930088388949e-37
3.8665264379300415e-36
2.1245020157797125e-35
7.779915125449128e-35
1.8987776840552045e-34
3.088552065515969e-34
3.3482454170835472e-34
2.419141030151784e-34
1.1648946212916747e-34
3.738467768823134e-35
7.99617314737473e-36
1.1398620291955544e-36
1.0829388449260226e-37
1.954820167745113e-34
1.568059386420734e-33
8.383296463669965e-33
2.987093180062596e-32
7.093560294533235e-32
1.1226937552653427e-31
1.184240467606782e-31
8.325302765938587e-32
3.9006925732216626e-32
1.218049558346763e-32
4.474879126931204e-33
7.105704198368583e-34
7.519941950222796e-35
5.303998590468531e-36
2.49329611351636e-37
7.811345878171346e-39
0.0001941835803268894
0.0017904560086724906
0.011002626076004031
0.04506201426600469
0.12300036378878386
0.22376066255159568
0.2712955254446782
0.21922146244475466
0.11806061972361405
0.04237489106270501
0.010136631974141061
0.001616070533182866
0.00017171510204443125
1.2160130092922571e-05
5.739175406093734e-07
1.8052706586093332e-08
3.7845713470631207e-10
5.287770756154923e-12
4.9239097990394203e-14
3.055829411456618e-16
8.237131109629372e-18
2.599546419947565e-20
5.467650216546435e-23
7.664528055660182e-26
7.160637048591891e-29
4.4586096565277934e-32
1.8502430927114347e-35
5.117285871955096e-39
0.0
0.0
0.0
0.0
0.0
0.0
0.0
0.0
0.0
0.0
0.0
0.0
0.0
0.0
0.0
0.0
0.0
0.0
0.0
0.0
0.0
0.0
0.0
0.0
0.0
0.0
0.0
0.0
0.0
0.0
0.0
3.1037760709487763e-35
2.7589671218638184e-34
1.6344973388679855e-33
6.453621024465908e-33
1.6982602632956404e-32
2.978424428321314e-32
3.4813723098483983e-32
2.712038836744954e-32
1.4080655927406082e-32
4.8722707778654184e-33
1.1236252617214945e-33
1.7270031155315287e-34
3.955260256955739e-35
3.091357786542549e-36
1.6102934527696207e-37
5.590392881450372e-39
1.0969250675412302e-05
7.423136706214368e-05
0.00033479541693824585
0.0010063593778938248
0.002016082221611829
0.0026918132716170352
0.0023953179462531684
0.0014205710334552867
0.0005614929264660104
0.0001479132815875158
2.596878336460118e-05
3.0386283308563076e-06
2.3696549389531583e-07
1.2316127771525401e-08
4.266235346449615e-10
9.849109856924655e-12
1.5154119296686096e-13
1.5539819505537337e-15
1.062044677422575e-17
4.837501932502842e-20
1.4685240537957749e-22
2.971135959486542e-25
3.793595543812054e-27
3.902968695421603e-30
2.6762128865571978e-33
1.2230037690069187e-36
3.724915982585548e-40
7.561130185170114e-44
0.0
0.0
0.0
0.0
0.0
0.0
0.0
0.0
0.0
0.0
0.0
0.0
0.0
0.0
0.0
0.0
0.0
6.738694167677797e-05
0.0004351778142479691
0.0018730065437674885
0.003955686394361211
0.008926911930587943
0.014332569789351341
0.01946246492505589
0.02814833083919006
0.041258628115064665
0.048204764055972835
0.03947214876383858
0.021805821233882066
0.008051416012657877
0.001982620199272369
0.00032542752852176947
3.5601295766413e-05
2.595747094830581e-06
1.2613665350250266e-07
4.0850931810437614e-09
8.817474674926656e-11
1.2684344619653104e-12
1.2161114993821266e-14
7.770702925037175e-17
3.309243812281897e-19
9.392447431096193e-22
1.7766845623602447e-24
2.239873196064459e-27
1.8819933513455254e-30
1.33756648943401e-32
5.714952329335528e-36
1.627389062238086e-39
5.939852018559023e-35
5.347447464689677e-34
3.208477353459827e-33
1.2830186757942445e-32
3.419389124682433e-32
6.07359211096963e-32
7.189923452686597e-32
5.672630024422159e-32
2.98281418725302e-32
1.0453205517979357e-32
2.441486494187898e-33
3.8004997783811876e-34
3.9428353813756916e-35
2.7262025946797112e-36
1.2562878417226155e-37
3.858351011487102e-39
7.897613228289612e-41
1.0773865153822211e-42
9.795548477703021e-45
5.935639675645102e-47
2.397109362615693e-49
6.4519310181566786e-52
1.1573724249523004e-54
1.3638384639477092e-56
1.2440817816260667e-59
7.563389638243408e-63
3.064541919291286e-66
8.275537417675153e-70
0.0
0.0
0.0
0.0
0.0
0.0
0.0
0.0
0.0
0.0
0.0
0.0
0.0
0.0
5.724152455106265e-35
5.374103368474228e-34
3.362655583041818e-33
1.4773728353410438e-32
4.4409880228275916e-32
9.842151614778647e-32
1.7347131775775335e-31
2.285446782058795e-31
2.912618470075258e-31
2.8293600866823833e-31
1.9589838305177564e-31
9.304948182291543e-32
2.980097705770121e-32
6.390044165448433e-33
9.147921845469738e-34
8.734067570736239e-35
5.5591086947478367e-36
2.3584067875720203e-37
6.668535564051377e-39
1.2566958187448115e-40
1.578388367685361e-42
1.3212349814930374e-44
7.37102977903482e-47
2.7406776291671683e-49
6.791556929792063e-52
1.1216627691237884e-54
1.2346299843455076e-57
9.057177658362536e-61
4.428233387176767e-64
1.4429446317768094e-67
3.133649218153234e-71
0.0
0.0
0.0
1.088111621659829e-35
8.35597528386961e-35
4.27663703711273e-34
1.4587779394508934e-33
3.316328395135209e-33
5.024668562584453e-33
5.073864428787802e-33
3.414694428148e-33
1.5316036092603002e-33
4.578492050662427e-34
9.121790551956984e-35
1.2112095203801053e-35
1.0718647872457334e-36
6.32182223909979e-38
2.484998347369755e-39
6.510157218164777e-41
1.1366804681477417e-42
1.322716790126606e-44
1.0258335142058072e-46
5.3023506993069416e-49
1.826592046183737e-51
4.193689032807007e-54
6.41700582762969e-57
6.544103986914552e-60
5.292118462672797e-62
2.7444157025683793e-65
9.48531552478908e-69
2.1849183736437262e-72
0.0
0.0
0.0
0.0
0.0
0.0
0.0
0.0
0.0
0.0
0.0
0.0
0.0
0.0
0.0
0.0
0.0
0.0
0.0
0.0
0.0
0.0
0.0
0.0
0.0
0.0
0.0
0.0
0.0
0.0
0.0
0.0
0.0
0.0
0.0
0.0
0.0
0.0
0.0
0.00010385816358972717
0.0009647340851130005
0.005972499950301191
0.02464258339210159
0.06776381735125227
0.1241912618241336
0.15169307823374656
0.1234872266833328
0.0859330868395457
0.03557289952692893
0.009814307635583887
0.001804602757463271
0.00022114906848023013
1.8062179765273045e-05
9.831884192031075e-07
3.566850417236454e-08
8.624115956580584e-10
1.3897152585371118e-11
1.4925146847119276e-13
1.0682993099552134e-15
5.0962277826237355e-18
1.6202657903279848e-20
3.433248525448031e-23
4.848481803469899e-26
4.5633927284546087e-29
2.862539381672212e-32
1.1967312797820052e-35
3.3344435017813315e-39
0.0
0.0
0.0
0.0
0.0
0.0
0.0
0.0
0.0
0.0
0.0
0.0
0.0
0.0
0.0
0.0
0.0
6.695197123708457e-34
4.6963372309007515e-33
2.1955166227170623e-32
6.840624201089859e-32
1.420483795122679e-31
1.9658862403787669e-31
1.813268138450884e-31
1.1146723443709034e-31
4.56682079625822e-32
1.24698796536854e-32
2.2693009889993843e-33
0.0004227628699377789
0.003020723791967567
0.014384896555069353
0.045654544932313246
0.0786990932270322
0.12701341232271604
0.13661896393624398
0.0979386107520483
0.046792735990474746
0.014899938899776985
0.0031620743979229237
0.000447240607230121
4.215915728403633e-05
2.6486474931659496e-06
1.10901635610359e-07
3.094804991384168e-09
5.755859365325768e-11
7.134583216402407e-13
5.893979076008573e-15
3.2451152087927097e-17
1.190784568930622e-19
2.912177382640036e-22
4.74661567698986e-25
5.157634398968984e-28
5.488305369969749e-31
1.460046384811487e-31
8.076811809671075e-32
2.981626366070039e-32
7.335876236205066e-33
1.2029093607168107e-33
2.8764341063013304e-34
2.3984906214291484e-35
1.332917200282154e-36
4.936849281685159e-38
1.2186475326805416e-39
2.0048777982281613e-41
2.1982609631539065e-43
1.6063942359517226e-45
7.823598859670322e-48
2.539466923266487e-50
5.493638708274139e-53
7.920619973213279e-56
7.610966439488643e-59
4.874184737556401e-62
2.0803945729055505e-65
5.917945851098305e-69
1.1219611273705129e-72
0.0
0.0
0.0
0.0
0.0
0.0
0.0
0.0
0.0
5.540674270207524e-35
4.159720592504021e-34
2.081360217040602e-33
7.132373167485857e-33
1.7090077055796972e-32
3.248363495003774e-32
5.973129223422168e-32
1.1044205430844346e-31
1.703653429052995e-31
1.8907938608071513e-31
1.4287306553852473e-31
7.235399582423887e-32
2.445570471526211e-32
5.511112380752929e-33
8.27791225685102e-34
3.909568616052766e-06
2.7001002189611696e-05
0.000124283214244022
0.0003812647175272702
0.0007795111042067193
0.0010621834814480997
0.0009646245895423718
0.0005838464742335794
0.00023551606880459447
6.33175312485615e-05
2.105202061841242e-05
2.8780596901276827e-06
2.6223300710307204e-07
1.5924157401223597e-08
6.444765451178612e-10
1.738358395179652e-11
3.1250219372538505e-13
3.7441080176591424e-15
2.989683517481703e-17
1.5910492118759103e-19
5.643175497379599e-22
1.3339668852064684e-24
2.1015904626273273e-27
2.2066460508210483e-30
1.5441831668366655e-33
7.201890247275472e-37
2.238596042536786e-40
4.637527658971152e-44
0.0
0.0
0.0
0.0
0.0
0.0
0.0
0.0
0.0
0.0
0.0
0.0
0.0
0.0
0.0
0.0
0.0
0.0
0.0
0.0
0.0
0.0
0.0
0.0
0.0
0.0
4.7194259446538347e-35
3.1022371722278466e-34
1.3590716940650366e-33
3.9681792831804176e-33
7.721856946841005e-33
1.0014603659338053e-32
8.656200930935922e-33
6.269369942855907e-33
2.7556245193604305e-33
8.072308139123911e-34
1.5760027499788896e-34
2.0506793516157077e-35
1.7783616906648176e-36
1.0278363630130008e-37
3.9592179547841564e-39
1.0164274625574022e-40
1.7391014576958866e-42
1.9831474040833986e-44
3.220711528361737e-36
2.9078172153448063e-35
1.7497013511923757e-34
7.016851721095491e-34
1.8754358751935652e-33
3.3407477742320016e-33
3.966127799817201e-33
3.1381324448442584e-33
1.6548452281051933e-33
5.8160086409081444e-34
1.3623046919844669e-34
2.126694020045689e-35
2.2126734032845965e-36
1.534303124567505e-37
7.090658534842787e-39
7.288492306473354e-40
1.7128356047702063e-41
2.6827191701292538e-43
2.800375641736501e-45
1.9482241313667641e-47
9.033230526669488e-50
2.791443338425106e-52
5.749050034313031e-55
7.891233750799674e-58
7.218970647378781e-61
4.401363038570159e-64
1.7884658682295664e-67
4.8434594573796126e-71
0.0
0.0
0.0
0.0
0.0
0.0
0.0
0.0
0.0
0.0
0.0
0.0
0.0
0.0
0.0
0.0
0.0
0.0
0.0
0.0
0.0
0.0
0.0
0.0
8.876077270966722e-06
8.251146884932237e-05
0.0005111979583303939
0.002110792056108208
0.005808758749838258
0.010653756746771825
0.013022781727101607
0.010609289361162694
0.005760369948496542
0.0020844717111730693
0.0005027165504823905
8.080382311849908e-05
8.656098374017101e-06
6.180078701528176e-07
2.9406773483265778e-08
3.082126669071757e-09
7.457726189377408e-11
1.2026629532495816e-12
1.2925965141775233e-14
9.258989163125603e-17
4.420238667331248e-19
1.4064017921517803e-21
2.98232281628231e-24
4.214843360638858e-27
3.9699933161546405e-30
2.5089262718825983e-33
3.517124184924226e-34
2.188194904201609e-33
9.42525465376853e-33
2.779887242004759e-32
5.57334909312868e-32
7.5508948371768e-32
6.88270564661122e-32
4.207652146391332e-32
1.7215053023986745e-32
4.7069516952506006e-33
8.592525133401095e-34
1.0466008321231942e-34
8.50245845253918e-36
4.6057149623256165e-37
5.263936385046238e-38
1.4506448735563831e-39
2.664755774058988e-41
3.2626963060328774e-43
2.662588672904834e-45
1.44820553973714e-47
5.249874391097126e-50
1.268400109436355e-52
2.0424420704468062e-55
2.191935212346969e-58
1.5677944404555188e-61
7.473659245593224e-65
2.3744323315680103e-68
5.02766938779085e-72
0.0
0.0
0.0
0.0
0.0
0.0
0.0
0.0
0.0
0.0
0.0
0.0
0.0
0.0
0.0
0.0
0.0
0.0
0.0
0.0
0.0
0.0
0.0
0.0
0.0
0.0
0.0
0.0
0.0
0.00021460042970779735
0.0014015868099606752
0.006100858671427639
0.01769878589026544
0.03421980532704661
0.044095385309046504
0.037869563330050884
0.021675493844380878
0.00826854801928345
0.0034713916480355518
0.0006733896646221684
8.705842918126912e-05
2.083938012822066e-05
0.00010345897656350074
0.000530412975591049
0.0018198130891582717
0.004161350305316913
0.006341958791121224
0.006441605200910876
0.004360600900828978
0.001967343182519495
0.0005915554465942147
0.00011854748321269677
1.583327545402387e-05
1.4093885683575238e-06
8.361270428349532e-08
3.305942865566451e-09
8.711640906270865e-11
1.5299813450230345e-12
1.790827907929762e-14
1.3970215972057098e-16
7.263299201923552e-19
2.5167860465292173e-21
5.812195427407107e-24
8.105323302573277e-26
9.518463169850387e-29
7.449804453141837e-32
3.8860148952781764e-35
1.3509696631556688e-38
3.130172566125998e-42
0.0
0.0
0.0
0.0
0.0
0.0
0.0
0.0
0.0
0.0
0.0
0.0
0.0
0.0
0.0
0.0
0.0
0.0
0.0
0.0
0.0
0.0
3.858381831992732e-35
2.8073193713298107e-34
1.3613192604224815e-33
4.399564650954867e-33
9.47634726001787e-33
1.3603597644838884e-32
1.301511883202804e-32
8.298967146444652e-33
3.526805432926287e-33
9.988965315448937e-34
1.8855630425197087e-34
2.372155517049982e-35
1.9889634676076947e-36
1.1114553048558018e-37
4.139412892489539e-39
1.027465010168803e-40
1.6997180345215112e-42
1.8739943274250723e-44
1.377023048958651e-46
6.743660458246785e-49
2.2010592307351336e-51
4.7879467523455714e-54
6.941421911240566e-57
6.707012581129809e-60
5.232193137697295e-62
2.5707925094650497e-65
8.418444110459422e-69
1.8372920182281799e-72
0.0
0.0
0.0
0.0
0.0
0.0
0.0
0.0
0.0
0.0
0.0
0.0
0.0
0.0
0.0
0.0
0.0
0.0
0.0
0.0
0.0
0.0
0.0
0.0
0.0
0.0
2.3028077522932267e-06
1.537392857277932e-05
6.840590349799001e-05
0.00020285413085207378
0.0004009181121819729
0.0005280913399601667
0.0004636005716381682
0.0002712441798010783
0.00010576901055198502
2.748767474863053e-05
6.396756515448982e-05
0.00044964633672000984
0.0022703857683820106
0.007649356485628797
0.017176692395517727
0.02570607931058028
0.025639744787622074
0.017044061833057296
0.007551166603837105
0.0022296492654785855
0.0004387737114188072
0.0001184888518861251
1.1857253893760513e-05
7.908102604270581e-07
3.515135088237674e-08
1.0413417779374373e-09
2.0560142153949023e-11
2.7054560422076933e-13
2.3726648645367183e-15
1.3868001002422606e-17
5.402227605725407e-20
1.4025341339999223e-22
2.42680944616164e-25
2.7995591536762873e-28
3.137673348058508e-31
7.886181170550045e-32
5.001950937041049e-32
2.4354670747624322e-32
8.59814629754302e-33
2.1110263810601334e-33
3.5225513379146214e-34
3.951233014929916e-35
2.9647964779907464e-36
1.4849901580962158e-37
4.960493786372194e-39
1.1046668410183493e-40
1.6397274062428324e-42
7.905197906949746e-44
5.967397802007682e-46
3.002230913327599e-48
1.0066696941787936e-50
2.2496367529691964e-53
3.350578176329627e-56
3.3258972793873397e-59
2.2002879946890454e-62
9.701341414041246e-66
2.850792685642513e-69
5.583172306337228e-73
0.0
0.0
0.0
0.0
2.8577859425185695e-36
2.507136650823279e-35
1.465911878498792e-34
5.712408681343278e-34
1.4835842877105295e-33
2.5679509733359242e-33
2.962393724864297e-33
2.2776153356138765e-33
1.1670770414380523e-33
3.985659754909975e-34
9.07157018981659e-35
2.699219200309927e-35
3.1240859855545283e-36
2.4098463377493584e-37
1.23890290550412e-38
4.244892927645251e-40
9.69343621832127e-42
1.4752659614004937e-43
1.4963887531285586e-45
1.0115796797974008e-47
4.557611543915839e-50
1.3685354897546595e-52
2.738775097234362e-55
3.652903710860407e-58
3.2471445858863294e-61
1.9237408957414978e-64
7.595792220333562e-68
1.998854228509381e-71
0.0
0.0
0.0
0.0
0.0
0.0
0.0
0.0
0.0
0.0
0.0
0.0
0.0
0.0
0.0
0.0
0.0
0.0
0.0
0.0
0.0
0.0
0.0
0.0
0.0
0.0
0.0
0.0
0.0
0.0
0.0
0.0
0.0
0.0
0.0
0.0
0.0
0.0
0.0
0.0
0.0
0.0
0.0
0.0
0.0
0.0
0.0
0.0
0.0
0.0
0.0
0.0
0.0
0.0
0.0
0.0
0.0
0.0
0.0
0.0
0.0
0.0
0.0
0.0
0.0
0.0
0.0
0.0
0.0
0.0
0.0
0.0
0.0
0.0
0.0
0.0
0.0
0.0
0.0
0.0
0.0
0.0
0.0
0.0
0.0
0.0
0.0
0.0
0.0
0.0
0.0
0.0
0.0
0.0
0.0
0.0
0.0
0.0
0.0
0.0
0.0
0.0
0.0
0.0
0.0
0.0
0.0
0.0
0.0
0.0
0.0
0.0
0.0
0.0
0.0
0.0
0.0
0.0
0.0
0.0
0.0
0.0
0.0
0.0
0.0
0.0
0.0
0.0
0.0
0.0
0.0
0.0
0.0
0.0
0.0
0.0
0.0
0.0
0.0
0.0
0.0
0.0
0.0
0.0
0.0
0.0
0.0
0.0
0.0
0.0
0.0
0.0
0.0
0.0
0.0
0.0
0.0
0.0
0.0
0.0
0.0
0.0
0.0
0.0
0.0
0.0
0.0
0.0
0.0
0.0
0.0
0.0
0.0
0.0
0.0
0.0
0.0
0.0
0.0
0.0
0.0
0.0
0.0
0.0
0.0
0.0
0.0
0.0
0.0
0.0
0.0
0.0
0.0
0.0
0.0
0.0
0.0
0.0
0.0
0.0
0.0
0.0
0.0
0.0
0.0
0.0
0.0
0.0
0.0
0.0
0.0
0.0
0.0
0.0
0.0
0.0
0.0
0.0
0.0
0.0
0.0
0.0
0.0
0.0
0.0
0.0
0.0
0.0
0.0
0.0
0.0
0.0
0.0
0.0
0.0
0.0
0.0
0.0
0.0
0.0
0.0
0.0
0.0
0.0
0.0
0.0
0.0
0.0
0.0
0.0
0.0
0.0
0.0
0.0
0.0
0.0
0.0
0.0
0.0
0.0
0.0
0.0
0.0
0.0
0.0
0.0
0.0
0.0
0.0
0.0
0.0
0.0
0.0
0.0
0.0
0.0
0.0
0.0
0.0
0.0
0.0
0.0
0.0
0.0
0.0
0.0
0.0
0.0
0.0
0.0
0.0
0.0
0.0
0.0
0.0
0.0
0.0
0.0
0.0
0.0
0.0
0.0
0.0
0.0
0.0
0.0
0.0
0.0
0.0
0.0
0.0
0.0
0.0
0.0
0.0
0.0
0.0
0.0
0.0
0.0
0.0
0.0
0.0
0.0
0.0
0.0
0.0
0.0
0.0
