a = 4.895942936505064 b = 4.895942936505064 c = 13.380647877009288 ,Gaussian ,LMH = 0.08 ,DW = [0.1 0.1]
0.0
0.0
0.0
0.0
0.0
0.0
0.0
0.0
0.0
0.0
0.0
0.0
0.0
0.0
0.0
0.0
0.0
0.0
0.0
0.0
0.0
0.0
0.0
0.0
0.0
0.0
0.0
0.0
0.0
0.0
0.0
0.0
0.0
0.0
0.0
0.0
0.0
0.0
0.0
0.0
0.0
0.0
0.0
0.0
0.0
0.0
0.0
0.0
0.0
0.0
0.0
0.0
0.0
0.0
0.0
0.0
0.0
0.0
0.0
0.0
0.0
0.0
0.0
0.0
0.0
0.0
0.0
0.0
0.0
0.0
0.0
0.0
0.0
0.0
0.0
0.0
0.0
0.0
0.0
0.0
0.0
0.0
4.145136487552724e-34
3.6396232938083654e-33
2.1298822034077433e-32
8.306848345146491e-32
2.1592281178097548e-31
3.740609051844554e-31
4.31884544008069e-31
3.3233382943428506e-31
1.704366502021711e-31
8.716112129961535e-32
2.2730753218643588e-32
3.950812266387876e-33
4.57657420217768e-34
3.533264672035142e-35
1.81799792053741e-36
6.234363798504412e-38
1.4248608337354891e-39
2.1703726323273868e-41
2.2033206679328574e-43
1.490742593568007e-45
6.722164879591713e-48
2.0202132208463268e-50
4.0463813052258227e-53
5.4015443999890495e-56
4.805633465016632e-59
2.8494752189927062e-62
1.126057775446581e-65
2.965773711369388e-69
0.0
0.0
0.0
0.0
0.0
0.0
0.0
0.0
0.0
0.0
0.0
0.0
0.0
0.0
0.0
0.0
0.0
0.0
0.0
0.0
0.0
0.0
0.0
0.0
0.0
0.0
0.0
0.0
0.0
0.0
0.0
0.0
0.0
0.0
0.0
0.0
0.0
0.0
0.0
0.0
0.0
0.0
0.0
0.0
0.0
0.0
0.0
0.0
0.0
0.0
0.0
0.0
0.0
0.0
0.0
0.0
0.0
0.0
0.0
0.0
0.0
0.0
0.0
0.0
0.0
0.0
0.0
0.0
0.0
0.0
0.0
0.0
0.0
0.0
0.0
0.0
0.0
0.0
0.0
0.0
0.0
0.0
0.0
0.0
0.0
0.0
0.0
0.0
0.0
0.0
0.0
0.0
0.0
0.0
0.0
0.0
0.0
0.0
0.0
0.0
0.0
0.0
0.0
0.0
0.0
0.0
0.0
0.0
0.0
0.0
0.0
0.0
0.0
0.0
0.0
0.0
0.0
0.0
0.0
0.0
0.0
0.0
0.0
0.0
0.0
0.0
0.0
0.0
0.0
0.0
0.0
0.0
0.0
0.0
0.0
0.0
0.0
0.0
0.0
0.0
0.0
0.0
0.0
0.0
0.0
0.0
0.0
0.0
0.0
0.0
0.0
0.0
0.0
0.0
0.0
0.0
0.0
0.0
0.0
0.0
0.0
0.0
0.0
0.0
0.0
0.0
0.0
0.0
0.0
0.0
0.0
0.0
0.0
0.0
0.0
0.0
0.0
0.0
0.0
0.0
0.0
0.0
0.0
0.0
0.0
0.0
0.0
0.0
0.0
0.0
0.0
0.0
0.0
0.0
0.0
0.0
1.3964442145774549e-33
1.1886870879186432e-32
6.743619340383592e-32
2.5497646632729143e-31
6.42523026998235e-31
1.0790929211483715e-30
1.2078431444030764e-30
9.010393999545025e-31
4.479799462676175e-31
1.4844135600578645e-31
3.2781800333727286e-32
4.824943551713325e-33
4.732964216249648e-34
3.0942525204160133e-35
1.348217108589449e-36
3.915123469016841e-38
2.952365184605064e-39
4.359716852898225e-41
4.290698926730509e-43
2.814358039860216e-45
1.2303033336428644e-47
3.5844836404826437e-50
6.960213357785063e-53
9.007412476636778e-56
7.7688922353569e-59
4.465804344299204e-62
1.7108890022798973e-65
4.3684314551692034e-69
0.0
0.0
0.0
0.0
0.0
0.0
0.0
0.0
0.0
0.0
0.0
0.0
0.0
0.0
0.0
0.0
0.0
0.0
0.0
0.0
0.0
0.0
0.0
0.0
0.0
0.0
0.0
0.0
0.0
0.0
0.0
0.0
0.0
0.0
0.0
0.0
0.0
0.0
0.0
0.0
0.0
0.0
0.0
0.0
0.0
0.0
0.0
0.0
0.0
0.0
0.0
0.0
0.0
0.0
0.0
0.0
0.0
0.0
0.0
0.0
0.0
0.0
0.0
0.0
0.0
0.0
0.0
0.0
0.0
0.0
0.0
0.0
0.0
0.0
0.0
0.0
0.0
0.0
0.0
0.0
0.0
0.0
0.0
0.0
0.0
0.0
0.0
0.0
0.0
0.0
0.0
0.0
0.0
0.0
0.0
0.0
0.0
0.0
0.0
0.0
0.0
0.0
0.0
0.0
0.0
0.0
0.0
0.0
0.0
0.0
0.0
0.0
0.0
0.0
0.0
0.0
0.0
0.0
0.0
0.0
0.0
0.0
0.0
0.0
0.0
0.0
0.0
0.0
0.0
0.0
0.0
0.0
0.0
0.0
0.0
0.0
0.0
0.0
0.0
0.0
0.0
0.0
0.0
0.0
0.0
0.0
0.0
0.0
0.0
0.0
0.0
0.0
0.0
0.0
0.0
0.0
0.0
0.0
0.0
0.0
0.0
0.0
0.0
0.0
0.0
0.0
0.0
0.0
0.0
0.0
0.0
0.0
0.0
0.0
0.0
0.0
0.0
0.0
0.0
0.0
0.0
0.0
0.0
0.0
0.0
0.0
0.0
0.0
0.0
0.0
0.0
0.0
0.0
0.0
0.0
0.0
0.0
0.0
3.3416078337905695e-33
2.246060952433929e-32
1.0061648545329228e-31
3.0039887163733986e-31
5.977354301593213e-31
7.926861115128058e-31
7.006079279151832e-31
4.126961276422966e-31
1.6201950036586365e-31
4.2392178134242695e-32
7.392404496140984e-33
8.591465723135789e-34
6.654728613337677e-35
3.43538159682536e-36
1.1819556163548223e-37
2.710247176543088e-39
4.14188637693069e-41
4.2186064200264895e-43
2.8636595552615674e-45
1.2955533766941222e-47
3.90634668148425e-50
6.507516714817326e-52
9.97776671153613e-55
1.0196073254143272e-57
6.944070104741877e-61
3.1519316740266094e-64
9.535007533911603e-68
1.9224136201482212e-71
0.0
0.0
0.0
0.0
0.0
0.0
0.0
4.535034053375963e-34
3.269808005702134e-33
1.5712507619637827e-32
5.032111992127743e-32
1.074080032179249e-31
1.5279337919693057e-31
1.4486183331454247e-31
9.153453225060888e-32
3.8547614243021984e-32
1.0819111336983517e-32
2.0237982873374118e-33
2.5230415709599403e-34
5.02570185766366e-35
3.1860785859604376e-36
1.3461634487666657e-37
3.790710805586056e-39
7.114183456253172e-41
8.898381382815596e-43
7.417858062578205e-45
4.1212368146414667e-47
1.5260127791946198e-49
3.76591331046451e-52
6.193897508811755e-55
6.789522926466206e-58
4.960164179990199e-61
2.415095966105102e-64
7.837080026727763e-68
1.6949454234440138e-71
0.0
0.0
0.0
0.0
0.0
0.0
0.0
5.074911482423779e-34
3.6186382192977366e-33
1.7196632417208012e-32
3.8798037925362866e-32
9.375848602967734e-32
1.5100556646486009e-31
1.6209024396254395e-31
1.159584344128263e-31
5.528780633000136e-32
1.756863104094375e-32
3.720728956278784e-33
5.251697398287974e-34
4.940295223664344e-35
3.097331282219519e-36
1.294207652447223e-37
3.6041413587912446e-39
6.68930837379177e-41
8.274507736251856e-43
6.8215750838555e-45
3.7480787678624198e-47
1.3725061621276916e-49
3.349665535895822e-52
5.448414436640668e-55
5.90636624352178e-58
4.267290017674459e-61
2.0547807786407812e-64
6.594173615780725e-68
1.410382168112606e-71
0.0
0.0
0.0
0.0
0.0
0.0
0.0
0.0
0.0
0.0
0.0
0.0
0.0
0.0
0.0
0.0
0.0
0.0
0.0
0.0
0.0
0.0
0.0
0.0
0.0
0.0
0.0
0.0
0.0
0.0
0.0
0.0
0.0
0.0
0.0
0.0
0.0
0.0
0.0
0.0
0.0
0.0
0.0
0.0
0.0
0.0
0.0
0.0
0.0
0.0
0.0
0.0
0.0
0.0
0.0
0.0
0.0
0.0
0.0
0.0
0.0
0.0
0.0
0.0
0.0
0.0
0.0
0.0
0.0
0.0009426854347400598
0.006770313668394484
0.03240651513354047
0.10338021254161497
0.2197981629658292
0.3114528032871056
0.2941317982964651
0.18512849066885423
0.0776579801934297
0.03473458953947264
0.007409306863417896
0.0010533544656508617
9.98051720987258e-05
6.302503610414559e-06
2.6524958103658816e-07
7.440084332629148e-09
1.3908572482121578e-10
1.7328812640302685e-12
1.438919845391979e-14
7.963169257587263e-17
2.937087191717278e-19
7.219868377101888e-22
1.1828325552255173e-24
1.2915130722833308e-27
9.39844256368604e-31
4.558212053645984e-34
1.4733797849839805e-37
3.17406953639926e-41
0.0
0.0
0.0
0.0
0.0
0.0
0.0
0.0
0.0
0.0
0.0
0.0
0.0
0.0
0.0
0.0
0.0
0.0
0.0
0.0
0.0
0.0
0.0
0.0
0.0
0.0
0.0
0.0
0.0
0.0
0.0
0.0
8.233267802849566e-35
7.4040340670452665e-34
4.437579258535713e-33
1.7725781262515438e-32
4.7189589209271e-32
8.372758329758004e-32
9.900849599709572e-32
7.802933737769515e-32
4.0984998419700086e-32
1.4347408859843356e-32
3.347368884025252e-33
5.2049339542368955e-34
5.393968670129776e-35
3.7254879610567324e-36
1.7149025937350216e-37
5.261108983712462e-39
1.0757136698858098e-40
1.465877318367742e-42
1.3313128094771605e-44
8.058313228603561e-47
3.2507960737045054e-49
8.740109159023536e-52
1.5661218010849002e-54
1.870319327378657e-57
1.4886326378771991e-60
7.896613091831733e-64
4.1302588294243074e-66
1.1141230812155755e-69
0.0
0.0
0.0
0.0
0.0
0.0
0.0
0.0
0.0
0.0
0.0
0.0
0.0
0.0
0.0
0.0
0.0
0.0
0.0
0.0
0.0
0.0
0.0
0.0
0.0
0.0
0.0
0.0
0.0
0.0
0.0
0.0
0.0
0.0
0.0
0.0
0.0
0.0
0.0
0.0
0.0
0.0
0.0
0.0
0.0
0.0
0.0
0.0
0.0
0.0
0.0
0.0
0.0
0.0
3.226679246480042e-33
2.1935085766097227e-32
9.938124340105715e-32
3.000896821506663e-31
6.039197730527478e-31
8.100073934552989e-31
7.240695182104213e-31
4.3137313551152505e-31
1.7128032311744603e-31
4.532558312944177e-32
7.993939828108251e-33
9.396365418790766e-34
7.361061887152027e-35
3.843284977459256e-36
1.3373536146798451e-37
3.101497758214869e-39
4.793781504797057e-41
4.938175808470332e-43
3.3902865590281406e-45
1.5512715094163458e-47
4.730649513016952e-50
7.94042237000663e-52
1.2313432703287655e-54
1.2726126220171632e-57
8.765866649790977e-61
4.024158159375286e-64
1.2312231450825666e-67
2.5106145932312414e-71
0.0
0.0
0.0
0.0
0.0
0.0
0.0
0.0
0.0
0.0
0.0
0.0
0.0
0.0
0.0
0.0
0.0
0.0
0.0
0.0
0.0
0.0
0.0
0.0
0.0
0.0
0.0
0.0
0.0
0.0
0.0
0.0
0.0
0.0
0.0
0.0
0.0
0.0
0.0
0.0
0.0
0.0
0.0
0.0
0.0
0.0
0.0
0.0
0.0
0.0
0.0
0.0
0.0
0.0
0.0
0.0
0.0
0.0
0.0
0.0
0.0
0.0
0.0
0.0
0.0
0.0
0.0
0.0
0.0
0.0
0.0
0.0
0.0
0.0
0.0
0.0
0.0
0.0
0.0
0.0
0.0
0.0
0.0
0.0
0.0
0.0
0.0
0.0
0.0
0.0
0.0
0.0
0.0
0.0
0.0
0.0
0.0
0.0
0.0
0.0
0.0
0.0
0.0
0.0
0.0
0.0
0.0
0.0
0.0
0.0
0.0
0.0
0.0
0.0
0.0
0.0
0.0
0.0
0.0
0.0
0.0
7.000676742925353e-35
6.0395218319243e-34
3.4725350237627774e-33
1.3306758101358705e-32
3.398438676358524e-32
5.78453111371072e-32
6.562033351150525e-32
4.961240193314236e-32
2.499905671271089e-32
8.395344815746626e-33
1.8790355771549407e-33
2.8029349308394724e-34
2.786586809129904e-35
1.8463485353322455e-36
8.153354842473703e-38
2.3996093712420608e-39
4.706806051621716e-41
6.153094784733978e-43
5.360958624675014e-45
3.112955079641621e-47
1.204716338663844e-49
3.1072650140639016e-52
0.0014933663278899772
0.012134426848935597
0.06571336840774154
0.23717545307125684
0.445431854703325
0.8175227780219322
1.0
0.8152328780040037
0.4429400197952252
0.1603945854325132
0.03870936385255621
0.006226212130207942
0.0006674417056922858
4.768527766858443e-05
2.270580163707e-06
7.205612634241648e-08
1.524005488973691e-09
2.1482444544037272e-11
2.0181916997136112e-13
1.2636380080034269e-15
5.273081611609229e-18
1.4665195398775118e-20
2.7182710696911024e-23
3.3579886221547293e-26
2.764694991567813e-29
1.5170391176632004e-32
5.547890507585923e-36
1.3521987538334535e-39
0.0
0.0
0.0
0.0
0.0
0.0
0.0
0.0
0.0
0.0
0.0
0.0
0.0
0.0
0.0
0.0
0.0
0.0
0.0
0.0
0.0
0.0
0.0
0.0
0.0
0.0
0.0
0.0
0.0
0.0
0.0
0.0
0.0
0.0
0.0
0.0
0.0
0.0
0.0
0.0
0.0
0.0
0.0
0.0
0.0
0.0
0.0
0.0
0.0
0.0
0.0
0.0
0.0
0.0
0.0
0.0
0.0
0.0
0.0
0.0009640139159019209
0.007974674688705548
0.04396673307817915
0.1615537212061048
0.39563188318154674
0.645724327663364
0.7024000963109369
0.5092177391063549
0.24603904599183904
0.07922934994037313
0.01700394529529129
0.002432175188297392
0.00023185771769911295
1.4730917849325987e-05
6.237629954110472e-07
1.7603172879164977e-08
3.310883120606492e-10
4.150288562456022e-12
3.467322880548712e-14
1.9305978829700956e-16
4.840880691739836e-18
1.370643464509885e-20
2.5864623936098872e-23
3.2528901656638637e-26
2.7270178193259526e-29
2.8516198061283197e-32
2.538125385710133e-32
3.230423057645515e-32
2.7408437898092456e-32
1.549853806362319e-32
5.840886032818194e-33
1.4670613602438029e-33
2.455836066976043e-34
2.739882988624581e-35
2.0372588206236422e-36
1.009582806758369e-37
3.3344117922407996e-39
7.339695936243213e-41
1.0767588557770235e-42
1.052786686259398e-44
6.86031194846551e-47
2.9794005416399026e-49
8.62373631533792e-52
1.6635796279284919e-54
2.1388152212630494e-57
1.8326709133883773e-60
1.3196522257067128e-62
5.750072173248757e-66
1.6698161047415117e-69
3.231807935618187e-73
0.0
0.0
0.0
0.0
0.0
0.0
0.0
0.0
0.0
0.0
0.0
0.0
0.0
0.0
0.0
0.0
0.0
0.0
0.0
0.0
0.0
0.0
0.0
0.0
0.0
0.0
0.0
0.0
0.0
0.0
0.0
0.0
0.0
0.0
2.6766358042393517e-34
1.7899534255371865e-33
7.977663740219845e-33
2.36968855453522e-32
4.691247686789092e-32
6.18966299390051e-32
5.442860362064927e-32
3.189840218301956e-32
1.2459259017403298e-32
3.2433741261485005e-33
5.627084402154862e-34
6.506558801427687e-35
5.014190581955309e-36
7.247719029915945e-37
2.840229324087515e-38
7.418003149224536e-40
1.2912257191551842e-41
1.4979553577406952e-43
1.1581828282189348e-45
5.968111395552572e-48
2.0496432092349914e-50
4.691385956872927e-53
3.3416927728468464e-33
2.1390601211593765e-32
9.125591229148207e-32
2.5946607324405143e-31
4.916790407324942e-31
6.209610505260296e-31
5.226712028685387e-31
2.9320699954906754e-31
1.0962298985235474e-31
2.731558463224995e-32
4.536290990557598e-33
5.020799275390298e-34
3.7036194917383406e-35
1.8207965050766396e-36
5.965928021629689e-38
1.302795217882385e-39
1.8960764770604487e-41
9.021453332032892e-43
6.676652633716563e-45
3.293234109041696e-47
1.7491665642454966e-05
0.0001552354604756185
0.0009181893467794608
0.0036195544407300316
0.009509540334768732
0.016651197987964775
0.019431798252782368
0.015113395557048352
0.007834163905935637
0.002706479900967288
0.0006231584768242127
9.562550818416881e-05
9.77981305995073e-06
6.666055095127323e-07
3.0282295454183617e-08
9.168329947883372e-10
1.8500063717273543e-11
2.4879277395400404e-13
2.229892099021898e-15
1.3320222621616817e-17
5.302988264495483e-20
1.4070560470299665e-22
2.4881907777673533e-25
2.904241468631928e-27
2.611605543023016e-30
1.5651789170768406e-33
6.251754928472633e-37
1.6642610499398137e-40
0.0
0.0
0.0
0.0
0.0
0.0
0.0
0.0
0.0
0.0
0.0
0.0
0.0
0.0
0.0
0.0
0.0
0.0
0.0
0.0
0.0
0.0
0.0
0.0
0.0
0.0
0.0
0.0
0.0001505199054518008
0.0013188068921243194
0.007701051497620081
0.029970942136747253
0.07773781167422683
0.13438344647543396
0.15482489254896364
0.11888234077001528
0.06083807392650084
0.020749857237587002
0.004716678970228226
0.0007145606084028057
7.214784648292638e-05
4.8549998636431014e-06
2.177391984125571e-07
6.508270060605159e-09
1.2965105640755926e-10
1.7213457122499088e-12
7.703657931140483e-14
5.201056995409806e-16
2.3402797985698413e-18
7.01819616163658e-21
1.4026999145655708e-23
1.8684715279281238e-26
1.663966424798965e-29
5.621866488138924e-32
2.7657793772645625e-32
1.0983453637425357e-32
2.9073850461953713e-33
5.129178013579406e-34
6.030794634621515e-35
4.7258818062542546e-36
2.4681566485327083e-37
8.591008175686723e-39
1.9929531655845816e-40
3.081283097794292e-42
3.175028723606332e-44
2.1764252955193997e-35
1.9004816433264411e-34
1.1060255041292369e-33
4.289909715840232e-33
1.108951904469265e-32
1.9105518048265576e-32
2.1937466638286556e-32
1.9200200782106672e-32
1.1210784536478923e-32
4.3626240535399044e-33
1.1314649925447098e-33
1.9557619906654363e-34
2.2530583010863515e-35
1.729857808682157e-36
8.851766129578884e-38
3.0187768013870506e-39
6.861414009568953e-41
1.0393882290281842e-42
1.0493575984196426e-44
7.060749065507089e-47
3.1663549000116607e-49
9.463460048653016e-52
1.8850456121198794e-54
2.5025071188976488e-57
2.2141667675950213e-60
1.3056503302026054e-63
5.1312714019356596e-67
1.344016613164454e-70
0.0
0.0
0.0
0.0
0.0
0.0
0.0
0.0
0.0
0.0
0.0
0.0
0.0
0.0
0.0
0.0
0.0
0.0
0.0
0.0
0.0
0.0
0.0
0.0
0.0
0.0
0.0
0.0
6.411517922199275e-05
0.00043845105017006577
0.0012608462877040532
0.004384549509786196
0.010161770001179548
0.015696227752716535
0.016158564294313543
0.011086432004785563
0.005069467848535511
0.0015449502412470232
0.0003137965526803308
4.247793422012653e-05
3.832305796941652e-06
2.3042970951213643e-07
9.234180018347812e-09
2.4662650551792027e-10
4.389981703550954e-12
5.2079549544801095e-14
4.1176864796581554e-16
2.169805880004116e-18
7.620264312895292e-21
1.7836134435975018e-23
2.7823578593703914e-26
2.8927225770126215e-29
2.0043895575452904e-32
9.256334190891191e-36
2.8489017284198564e-39
5.843828466005457e-43
0.0
0.0
0.0
0.0
0.0
0.0
0.0
0.0
0.0
1.0015068037002158e-33
7.110639437702987e-33
3.3401999964578397e-32
1.0650529431151175e-31
2.3322406820009118e-31
3.56443902478433e-31
3.8731323413425076e-31
3.037653420358725e-31
1.7274269750925488e-31
7.06244304826667e-32
2.040946483097725e-32
4.0937386785269594e-33
5.615544626831576e-34
5.214216920115368e-35
3.256089424366048e-36
1.362164500913029e-37
1.312495197951843e-38
2.803628045785285e-40
3.9958403915607535e-42
3.797934956826352e-44
2.4066844132323e-46
1.0166145358997923e-48
2.862344080507788e-51
5.371492646725988e-54
6.71837443159944e-57
5.600451764570899e-60
3.1114868606107136e-63
1.1521179395604012e-66
2.8431949855067303e-70
0.0
0.0
0.0
0.0
0.0
0.0
0.0
0.0
0.0
0.0
0.0
0.0
0.0
0.0
0.0
0.0
0.0
0.0
0.0
0.0
0.0
0.0
0.0
3.4401874769514657e-34
2.57572439296582e-33
1.2852813903040306e-32
4.2908266472602144e-32
9.587868872218307e-32
1.452106997838644e-31
1.5398548172299732e-31
1.236733737626388e-31
8.506212904992188e-32
5.304874221636059e-32
2.748248684670578e-32
1.0517707815415562e-32
2.7868299929756403e-33
4.984726048475226e-34
5.967052830611525e-35
4.766946121042588e-36
7.059517645624247e-37
2.869393787666917e-38
7.773463810182351e-40
1.4035549662105828e-41
1.688996118133523e-43
1.3545976920411e-45
7.240588209151233e-48
2.5794018488750117e-50
6.124148916522804e-53
9.690675162553865e-56
1.0219834917001401e-58
7.183155604170169e-62
3.364869430060783e-65
1.0505160866488017e-68
2.1858418967713434e-72
0.0
0.0
0.0
0.0
0.0
0.0
0.0
0.0
0.0
0.0
0.0
0.0
0.0
0.0
0.0
0.0
0.0
0.0
0.0
0.0
0.0
0.0
0.0
0.0
0.0
0.0
0.0
0.0
0.0
0.0
0.0
0.0
0.0
0.0
0.0
0.0
0.0
0.0
0.0
0.0
0.0
0.0
0.0
0.0
0.0
0.0
0.0
0.0
0.0
0.0
0.0
0.0
0.0
0.0
0.0
0.0
0.0
0.0
0.0
0.0
0.0
0.0
0.0
0.0
0.0
0.0
0.0
0.0
0.0
0.0
0.0
0.0
1.4102359540745605e-33
9.811515415589453e-33
4.549481951075055e-32
1.4059482984613536e-31
2.8957315819667978e-31
3.974923759805839e-31
3.636477056278292e-31
2.217248902655794e-31
9.0100996380157e-32
2.4402048549280596e-32
4.404580261517544e-33
5.298638830129256e-34
4.248206856852025e-35
2.2700140307471414e-36
8.084124172591353e-38
0.00020256601001452426
0.0009332209930872226
0.006580557359554747
0.030925904212333682
0.09686428609032224
0.20220249297049472
0.28131369665490685
0.26084156536481773
0.16119229036079077
0.0663885651969638
0.018223166675423074
0.003333772503755068
0.00040647105188882466
3.302971532768034e-05
1.7887991841625021e-06
6.456540711339937e-08
1.5531726973368107e-09
2.4901250068195155e-11
2.6607501781042053e-13
1.8948227844954905e-15
8.993208140229693e-18
2.844737774631479e-20
5.997239360950869e-23
8.42640005190872e-26
7.890677854713905e-29
4.924567569758407e-32
2.8705921038214437e-34
9.110198792500457e-38
0.0
0.0
0.0
0.0
0.0
0.0
0.0
0.0
0.0
0.0
0.0
0.0
0.0
0.0
0.0
0.0
0.0
0.0
0.0
0.0
0.0
0.0
0.0
0.0
1.5070212434383562e-33
1.0972104410805954e-32
5.32404891957465e-32
1.7217721989153062e-31
3.7109994761918816e-31
5.330741746911725e-31
5.1034744111064645e-31
3.256310338646173e-31
1.3847366370328637e-31
3.9245523425478633e-32
7.413010526733037e-33
9.332127337275815e-34
7.829756276460692e-35
4.378217971218732e-36
1.631653974362748e-37
4.0526611691032314e-39
6.708633637385881e-41
7.401323788392268e-43
5.4420970262922656e-45
2.666887558293061e-47
8.710130828657119e-50
1.895947029363255e-52
2.7504849240884194e-55
2.6593401250728923e-58
1.7136418198015286e-61
7.3594907894097394e-65
3.343749764959124e-67
7.302373848498314e-71
0.0
0.0
0.0
0.0
0.0
0.0
0.0
0.0
0.0
0.0
0.0
0.0
0.0
0.0
0.0
0.0
0.0
0.0
0.0
0.0
0.0
0.0
0.0
0.0
0.0
0.0
0.0
0.0
0.0
0.0
0.0
0.0
0.0
0.0
0.0
0.0
0.0
0.0
0.0
0.0
0.0
0.0
0.0
0.0
0.0
0.0
0.0
0.0
0.0
0.0
0.0
0.0
1.437070546267949e-36
1.184766330328031e-35
6.509818301817535e-35
2.3838920130018464e-34
5.818162386731738e-34
9.463823810415702e-34
1.0259566304580625e-33
7.4126399672913826e-34
3.5694258085183424e-34
1.145527079827598e-34
2.450156973853364e-35
3.4927218915726805e-36
3.3183000345901017e-37
2.215348303381306e-34
1.7769364311128374e-33
9.500010247394551e-33
3.3849948998938746e-32
8.038472177280273e-32
1.272244421783715e-31
1.3419895870064574e-31
9.434291367482112e-32
4.420292126949198e-32
1.3803022852804e-32
5.0709643486429294e-33
8.052233734107613e-34
8.521650853974103e-35
6.010528328161427e-36
2.8254206077119396e-37
8.851871824812926e-39
0.0002267381034415758
0.002090622693322328
0.012847196272467368
0.05261657877937637
0.14362115046568044
0.2612737295623637
0.3167777255314833
0.25597354083562196
0.13785326731645678
0.04947896427147428
0.01183601983871608
0.0018870018108887389
0.00020050282575019343
1.4198753726914885e-05
6.70133769655309e-07
2.107920992304023e-08
4.4190478315822675e-10
6.17425588026596e-12
5.749394297253005e-14
3.5681336394574416e-16
9.61807111833514e-18
3.035355636532314e-20
6.384291804151013e-23
8.949472206608049e-26
8.361104791136572e-29
5.206087434404045e-32
2.1604329729683828e-35
5.975189516138506e-39
0.0
0.0
0.0
0.0
0.0
0.0
0.0
0.0
0.0
0.0
0.0
0.0
0.0
0.0
0.0
0.0
0.0
0.0
0.0
0.0
0.0
0.0
0.0
0.0
0.0
0.0
0.0
0.0
0.0
0.0
0.0
3.401746315184544e-35
3.023834846966459e-34
1.791413160155417e-33
7.073184739407936e-33
1.8612974843653338e-32
3.2643606022133275e-32
3.815592734817415e-32
2.97240132942786e-32
1.543243401634742e-32
5.340020924936936e-33
1.2314960893879655e-33
1.8927997221061635e-34
4.3349751068163026e-35
3.388135844501687e-36
1.7648856406223829e-37
6.127084541603052e-39
1.2998751095810564e-05
8.796544928136469e-05
0.00039673833897818205
0.001192553206528385
0.0023890921780248156
0.003189845117914964
0.0028384930475210215
0.0016834011569445315
0.0006653787947019997
0.00017527978783732093
3.077345583633394e-05
3.600826940167891e-06
2.8080819415910106e-07
1.4594823666954011e-08
5.055562410379803e-10
1.1671364921254829e-11
1.7957892534572632e-13
1.841495392926731e-15
1.258541246157416e-17
5.732523160133134e-20
1.7402263124763991e-22
3.520847316922695e-25
4.4954760987204354e-27
4.625085168328415e-30
3.171358392760057e-33
1.4492805436741095e-36
4.414089635034824e-40
8.960069578896017e-44
0.0
0.0
0.0
0.0
0.0
0.0
0.0
0.0
0.0
0.0
0.0
0.0
0.0
0.0
0.0
0.0
0.0
8.055432468279476e-05
0.0005202113951368149
0.002238991316497739
0.0047286260249512855
0.010671452181831955
0.017134572263356816
0.023271426846852853
0.03366537645095284
0.04935215099923386
0.057663406895750495
0.047217813114970565
0.02608486943933062
0.009631385063235303
0.0023716798604532584
0.00038928784254660734
4.258752105357631e-05
3.105123896695888e-06
1.5088909777552638e-07
4.886732027180114e-09
1.0547773082301237e-10
1.5173458805262859e-12
1.4547553138781012e-14
9.29558792800849e-17
3.95863374639805e-19
1.1235575699805911e-21
2.1253325122678232e-24
2.6794150339376863e-27
2.2513065865630612e-30
1.6000440413224194e-32
6.836426819323457e-36
1.9467399882671737e-39
7.739660534796023e-35
6.967754077487617e-34
4.180664010206174e-33
1.6717805399284838e-32
4.455483232579167e-32
7.913924629582337e-32
9.368510637100415e-32
7.391468779028001e-32
3.8866236373256743e-32
1.3620585494605418e-32
3.181270613192625e-33
4.952072554646976e-34
5.137536644698428e-35
3.552257291084809e-36
1.6369501130141268e-37
5.027453036273609e-39
1.0290634389061455e-40
1.40384068009171e-42
1.2763654677756374e-44
7.734171831620515e-47
3.1234469615342947e-49
8.406902350379405e-52
1.508062769458383e-54
1.7770891777723284e-56
1.621045548159702e-59
9.855139174248321e-63
3.993115331150381e-66
1.0783071730234125e-69
0.0
0.0
0.0
0.0
0.0
0.0
0.0
0.0
0.0
0.0
0.0
0.0
0.0
0.0
6.852332810304928e-35
6.433292112077849e-34
4.0254055708942046e-33
1.7670283904928068e-32
5.305250715744425e-32
1.1728792577911745e-31
2.059513861070249e-31
2.706157946018922e-31
3.438050932764866e-31
3.3340120002355914e-31
2.306590858772294e-31
1.0952527531039904e-31
3.507324665651533e-32
7.52017627657834e-33
1.0765603858581248e-33
1.027849052525638e-34
6.54209347907034e-36
2.7754271361048727e-37
7.847682190337012e-39
1.4789075865798375e-40
1.857482419469972e-42
1.5548585780327187e-44
8.674390959178634e-47
3.2252900720203523e-49
7.992454448945663e-52
1.3199975613016022e-54
1.4529398790713246e-57
1.0658687037852954e-60
5.2112430143973e-64
1.698089164469961e-67
3.687747724625682e-71
0.0
0.0
0.0
1.272302339657221e-35
9.770437786123413e-35
5.000567221112082e-34
1.705713410700015e-33
3.877701783724983e-33
5.8752222115102686e-33
5.9327457361432515e-33
3.9927187833174194e-33
1.7908666874789843e-33
5.353518914974795e-34
1.0665886872354564e-34
1.4162377056905207e-35
1.2533053130419318e-36
7.391952319592302e-38
2.905647865960652e-39
7.612167810111699e-41
1.3290927054532976e-42
1.5466204323917108e-44
1.199482069892703e-46
6.1999091509752785e-49
2.1357894610240388e-51
4.9035781458671325e-54
7.503248164589187e-57
7.651860937585385e-60
6.18794484662414e-62
3.208978242547773e-65
1.1090947743180088e-68
2.5547716828044526e-72
0.0
0.0
0.0
0.0
0.0
0.0
0.0
0.0
0.0
0.0
0.0
0.0
0.0
0.0
0.0
0.0
0.0
0.0
0.0
0.0
0.0
0.0
0.0
0.0
0.0
0.0
0.0
0.0
0.0
0.0
0.0
0.0
0.0
0.0
0.0
0.0
0.0
0.0
0.0
0.0001281322028632759
0.0011902146083684721
0.007368410424200798
0.030402121365684057
0.08360177853654498
0.15321761336698694
0.18714723620554877
0.15234902903653103
0.10601762379593312
0.04388710353694559
0.012108136842211766
0.002226379887866437
0.00027283668732552233
2.2283726207400797e-05
1.2129821443773037e-06
4.40050531848136e-08
1.0639770019718492e-09
1.7145236471972446e-11
1.841349661384181e-13
1.317985405967822e-15
6.287333316041762e-18
1.9989591358350033e-20
4.235677594690903e-23
5.981683408877025e-26
5.629962466282041e-29
3.531580610316313e-32
1.4764348782402583e-35
4.113779566661218e-39
0.0
0.0
0.0
0.0
0.0
0.0
0.0
0.0
0.0
0.0
0.0
0.0
0.0
0.0
0.0
0.0
0.0
8.273625753510078e-34
5.803523920626036e-33
2.7131214415849587e-32
8.453338044343126e-32
1.7553704682052757e-31
2.429354465049673e-31
2.240755827066189e-31
1.377462327801381e-31
5.643473291889998e-32
1.5409720660884226e-32
2.8043008679409233e-33
0.0005263651047184568
0.0037609821205882026
0.017910058143676688
0.05684264402809868
0.09798508666049867
0.1581393088937412
0.17009879621030072
0.1219394387971424
0.058259760095096154
0.018551316723803116
0.003936972094628872
0.0005568413543357677
5.2490676964889786e-05
3.2977248340370127e-06
1.3807918148082915e-07
3.853217652753851e-09
7.166389796767888e-11
8.882983603495987e-13
7.338357112601315e-15
4.0403628799071845e-17
1.4825981392702218e-19
3.625835336960825e-22
5.909820954474381e-25
6.421606820016748e-28
6.886874379393462e-31
1.8624026172583007e-31
1.0302926010697512e-31
3.8034173546401597e-32
9.35777894032864e-33
1.5344533648648756e-33
3.669232397890695e-34
3.059558874750817e-35
1.7002937652730773e-36
6.297536000021383e-38
1.5545292696854135e-39
2.5574590978193093e-41
2.8041422297995955e-43
2.0491461160626237e-45
9.979927005544381e-48
3.2393908457957255e-50
7.007786862134616e-53
1.0103688927458174e-55
9.708689168522304e-59
6.2175999517441e-62
2.6537896884456286e-65
7.549040879533805e-69
1.4311943077674405e-72
0.0
0.0
0.0
0.0
0.0
0.0
0.0
0.0
0.0
6.829227359719389e-35
5.127115634980761e-34
2.5654065636153677e-33
8.807894095796383e-33
2.121051897327597e-32
4.088301686462541e-32
7.688280814916736e-32
1.4451122440055391e-31
2.243567999967882e-31
2.49468293348875e-31
1.8859797585591532e-31
9.552231112490421e-32
3.2287673319961033e-32
7.276113885164136e-33
1.092903896030766e-33
4.921564501781281e-06
3.39902395735617e-05
0.0001564540529814814
0.00047995548456657524
0.0009812883609346887
0.0013371307758121382
0.0012143186636868074
0.0007349757388269768
0.0002964796471581165
7.970733979545057e-05
2.6501357960805724e-05
3.6230484219614634e-06
3.3011229260809547e-07
2.004614203849593e-08
8.112999663592292e-10
2.1883342663333323e-11
3.933937102555445e-13
4.713274256112254e-15
3.7635661926440934e-17
2.0028939483511243e-19
7.103917319979456e-22
1.679265595141889e-24
2.6455893306693037e-27
2.777838666681723e-30
1.9438965790104352e-33
9.066106997375536e-37
2.818058946846325e-40
5.837956496966422e-44
0.0
0.0
0.0
0.0
0.0
0.0
0.0
0.0
0.0
0.0
0.0
0.0
0.0
0.0
0.0
0.0
0.0
0.0
0.0
0.0
0.0
0.0
0.0
0.0
0.0
0.0
6.115209602082831e-35
4.019732646729243e-34
1.761021016312419e-33
5.141779601983132e-33
1.0005618119874055e-32
1.297645119911505e-32
1.1216296996964615e-32
8.123553949817096e-33
3.5706083151102e-33
1.045971624986749e-33
2.0421100495278058e-34
2.657173607311089e-35
2.3043172229556885e-36
1.3318218932086725e-37
5.1301679352043966e-39
1.3170387779668036e-40
2.2534456643281857e-42
2.569668894059947e-44
3.388219542515289e-36
3.0590517120912187e-35
1.840702670638339e-34
7.381795581109783e-34
1.9729766006794345e-33
3.514498829052929e-33
4.172404638220921e-33
3.301345551402359e-33
1.7409131157100143e-33
6.118497096935846e-34
1.4331576546192212e-34
2.2373025886166113e-35
2.3277537277437788e-36
1.6141016619982256e-37
7.459441059912991e-39
7.667564092757813e-40
1.8019195503943505e-41
2.822246400886876e-43
2.946022142019931e-45
2.04955054710624e-47
9.503045501794405e-50
2.9366252729205085e-52
6.0480559980032445e-55
8.30165389643762e-58
7.594426637914232e-61
4.63027630059492e-64
1.8814833158540136e-67
5.09536599045979e-71
0.0
0.0
0.0
0.0
0.0
0.0
0.0
0.0
0.0
0.0
0.0
0.0
0.0
0.0
0.0
0.0
0.0
0.0
0.0
0.0
0.0
0.0
0.0
0.0
1.1369473448736386e-05
0.00010568992649119168
0.0006547995738271277
0.0027037387694026005
0.0074405084994498185
0.013646524333212121
0.0166810367412276
0.01358956552758394
0.0073785267055474215
0.0026700247250374767
0.0006439356371587084
0.0001035025826675919
1.1087699850805708e-05
7.916136662978051e-07
3.7667487576365086e-08
3.947932882949893e-09
9.552690598516797e-11
1.5405053490775624e-12
1.6557023220089606e-14
1.1859949867339222e-16
5.661936532446052e-19
1.8014768625806935e-21
3.8200929352195104e-24
5.398843229555071e-27
5.0852118815280574e-30
3.2166034188736804e-33
4.7631027770983745e-34
2.9354255622310665e-33
1.2546423014266065e-32
3.678981945101467e-32
7.345244878254748e-32
9.922834237741186e-32
9.027148534291184e-32
5.511494293184364e-32
2.2530394748757982e-32
6.156862592331424e-33
1.1235289896370408e-33
1.3681806327764804e-34
1.111326277739298e-35
6.019383395520116e-37
6.879330864940091e-38
1.8957297648494845e-39
3.4822479969526046e-41
4.263541986357987e-43
3.479305559729851e-45
1.8924099315894254e-47
6.860119630479912e-50
1.657439205621452e-52
2.668886824336497e-55
2.864227612964245e-58
2.0486536897122927e-61
9.765904565861176e-65
3.1026931122779035e-68
6.569698648506736e-72
0.0
0.0
0.0
0.0
0.0
0.0
0.0
0.0
0.0
0.0
0.0
0.0
0.0
0.0
0.0
0.0
0.0
0.0
0.0
0.0
0.0
0.0
0.0
0.0
0.0
0.0
0.0
0.0
0.0
0.0002776272586888275
0.0018132242530624462
0.007892643415964585
0.022896810670535013
0.04426995210936476
0.057045929315459196
0.048991621635522606
0.028041453341616347
0.010696969819940626
0.004490918067553077
0.000871160075834875
0.00011262695546444648
2.6983420912288794e-05
0.00013402686826812256
0.0006871321788862159
0.0023575067795281904
0.005390889656911381
0.008215794764504859
0.008344883344045708
0.005649012116143491
0.0025486270648047986
0.0007663402272255899
0.00015357428580073244
2.0511476952870093e-05
1.8258155882810133e-06
1.0831745218215106e-07
4.28273802798892e-09
1.1285638413196633e-10
1.9820394831055432e-12
2.3199574507953547e-14
1.809794592215239e-16
9.409360344589509e-19
3.2604118546784707e-21
7.529504106779121e-24
1.050017430689247e-25
1.2330849577022375e-28
9.650971638036747e-32
5.034201874050719e-35
1.7501358572525718e-38
4.055033504282445e-42
0.0
0.0
0.0
0.0
0.0
0.0
0.0
0.0
0.0
0.0
0.0
0.0
0.0
0.0
0.0
0.0
0.0
0.0
0.0
0.0
0.0
0.0
4.7395161345429573e-35
3.4484237264721006e-34
1.672202202886744e-33
5.4042882628327506e-33
1.1640449984233505e-32
1.671023587944002e-32
1.5987366824587247e-32
1.0194192903479969e-32
4.332218007598005e-33
1.2270134046196543e-33
2.3161669455883185e-34
2.913881994125214e-35
2.4431808090062907e-36
1.3652770979037091e-37
5.084725941018856e-39
1.2621060344508065e-40
2.0878807229474637e-42
2.3019562960895255e-44
1.6914922478800838e-46
8.283702582964109e-49
2.703712642086047e-51
5.881364746203567e-54
8.526626595689568e-57
8.238685471528317e-60
6.427063176988332e-62
3.1578814922210454e-65
1.0340954686867735e-68
2.256872321981184e-72
0.0
0.0
0.0
0.0
0.0
0.0
0.0
0.0
0.0
0.0
0.0
0.0
0.0
0.0
0.0
0.0
0.0
0.0
0.0
0.0
0.0
0.0
0.0
0.0
0.0
0.0
3.014438845149441e-06
2.012489642098344e-05
8.954521389661712e-05
0.0002655416507654934
0.0005248128637233418
0.0006912861255472454
0.0006068659315515588
0.00035506611062031674
0.00013845455127698653
3.5982124188434786e-05
8.380740715409397e-05
0.0005891463540974997
0.0029747623520615437
0.01002253378950856
0.022505681398711775
0.03368127097200558
0.033594356471528544
0.02233190282061326
0.009893880955775784
0.002921387589908078
0.0005749012166008415
0.00015524946761897194
1.5535911818931723e-05
1.0361554691821422e-06
4.605689416099155e-08
1.3644132258919452e-09
2.6938830723405314e-11
3.5448112082556106e-13
3.1087731140443227e-15
1.817048387501164e-17
7.078243618660588e-20
1.8376638321327898e-22
3.1797158217409657e-25
3.6681406831283087e-28
4.146244992364686e-31
1.0645984730679216e-31
6.77190645671698e-32
3.3035633671732245e-32
1.1674827466680928e-32
2.867808641755979e-33
4.786386081759383e-34
5.369374403281143e-35
4.029056144873034e-36
2.018084778014283e-37
6.741303532198532e-39
1.5012451663044749e-40
2.228396791224503e-42
1.074320336848798e-43
8.109725887158131e-46
4.0800485864803514e-48
1.3680698157069026e-50
3.0572691606128235e-53
4.553454871337668e-56
4.519913410712148e-59
2.9902039651659987e-62
1.3184178467637074e-65
3.87424356464211e-69
7.587563096767222e-73
0.0
0.0
0.0
0.0
3.7105762245377475e-36
3.255289876614545e-35
1.9033538106186344e-34
7.417045315561686e-34
1.9262998334385186e-33
3.334251766611079e-33
3.846399955874181e-33
2.9572772359301708e-33
1.5153438393455719e-33
5.175018221495013e-34
1.1778612304283914e-34
3.504691670734092e-35
4.0563427123565556e-36
3.1289672164044624e-37
1.6086032187641543e-38
5.511609018255415e-40
1.2586049021599274e-41
1.915499240092901e-43
1.94292527211857e-45
1.313444598224086e-47
5.917645819416722e-50
1.7769193889464186e-52
3.5560514204215445e-55
4.7429646350974944e-58
4.216123159808003e-61
2.4978033251918303e-64
9.862448268067007e-68
2.595331184982711e-71
0.0
0.0
0.0
0.0
0.0
0.0
0.0
0.0
0.0
0.0
0.0
0.0
0.0
0.0
0.0
0.0
0.0
0.0
0.0
0.0
0.0
0.0
0.0
0.0
0.0
0.0
0.0
0.0
0.0
0.0
0.0
0.0
0.0
0.0
0.0
0.0
0.0
0.0
0.0
0.0
0.0
0.0
0.0
0.0
0.0
0.0
0.0
0.0
0.0
0.0
0.0
0.0
0.0
0.0
0.0
0.0
0.0
0.0
0.0
0.0
0.0
0.0
0.0
0.0
0.0
0.0
0.0
0.0
0.0
0.0
0.0
0.0
0.0
0.0
0.0
0.0
0.0
0.0
0.0
0.0
0.0
0.0
0.0
0.0
0.0
0.0
0.0
0.0
0.0
0.0
0.0
0.0
0.0
0.0
0.0
0.0
0.0
0.0
0.0
0.0
0.0
0.0
0.0
0.0
0.0
0.0
0.0
0.0
0.0
0.0
0.0
0.0
0.0
0.0
0.0
0.0
0.0
0.0
0.0
0.0
0.0
0.0
0.0
0.0
0.0
0.0
0.0
0.0
0.0
0.0
0.0
0.0
0.0
0.0
0.0
0.0
0.0
0.0
0.0
0.0
0.0
0.0
0.0
0.0
0.0
0.0
0.0
0.0
0.0
0.0
0.0
0.0
0.0
0.0
0.0
0.0
0.0
0.0
0.0
0.0
0.0
0.0
0.0
0.0
0.0
0.0
0.0
0.0
0.0
0.0
0.0
0.0
0.0
0.0
0.0
0.0
0.0
0.0
0.0
0.0
0.0
0.0
0.0
0.0
0.0
0.0
0.0
0.0
0.0
0.0
0.0
0.0
0.0
0.0
0.0
0.0
0.0
0.0
0.0
0.0
0.0
0.0
0.0
0.0
0.0
0.0
0.0
0.0
0.0
0.0
0.0
0.0
0.0
0.0
0.0
0.0
0.0
0.0
0.0
0.0
0.0
0.0
0.0
0.0
0.0
0.0
0.0
0.0
0.0
0.0
0.0
0.0
0.0
0.0
0.0
0.0
0.0
0.0
0.0
0.0
0.0
0.0
0.0
0.0
0.0
0.0
0.0
0.0
0.0
0.0
0.0
0.0
0.0
0.0
0.0
0.0
0.0
0.0
0.0
0.0
0.0
0.0
0.0
0.0
0.0
0.0
0.0
0.0
0.0
0.0
0.0
0.0
0.0
0.0
0.0
0.0
0.0
0.0
0.0
0.0
0.0
0.0
0.0
0.0
0.0
0.0
0.0
0.0
0.0
0.0
0.0
0.0
0.0
0.0
0.0
0.0
0.0
0.0
0.0
0.0
0.0
0.0
0.0
0.0
0.0
0.0
0.0
0.0
0.0
0.0
0.0
0.0
0.0
0.0
0.0
0.0
0.0
0.0
0.0
0.0
0.0
0.0
0.0
0.0
0.0
0.0
0.0
0.0
0.0
