a = 4.895942936505064 b = 4.895942936505064 c = 13.400522548490384 ,Gaussian ,LMH = 0.08 ,DW = [0.5 0.5]
0.0
0.0
0.0
0.0
0.0
0.0
0.0
0.0
0.0
0.0
0.0
0.0
0.0
0.0
0.0
0.0
0.0
0.0
0.0
0.0
0.0
0.0
0.0
0.0
0.0
0.0
0.0
0.0
0.0
0.0
0.0
0.0
0.0
0.0
0.0
0.0
0.0
0.0
0.0
0.0
0.0
0.0
0.0
0.0
0.0
0.0
0.0
0.0
0.0
0.0
0.0
0.0
0.0
0.0
0.0
0.0
0.0
0.0
0.0
0.0
0.0
0.0
0.0
0.0
0.0
0.0
0.0
0.0
0.0
0.0
0.0
0.0
0.0
0.0
0.0
0.0
0.0
0.0
0.0
0.0
0.0
0.0
1.1728704721402348e-33
9.018971263336171e-33
4.622165607596146e-32
1.5787579429066793e-31
3.5939095563167897e-31
5.452557908936916e-31
5.5133425697289725e-31
3.715448257917115e-31
1.668741264775593e-31
7.811631066981804e-32
1.784111908347321e-32
2.715713856680104e-33
2.7550372340388235e-34
1.8627410495408128e-35
8.393808293136438e-37
2.520850875321427e-38
5.0456464057303584e-40
6.730820637634562e-42
5.984126577385531e-44
3.545806836225219e-46
1.400267222442925e-48
3.685431309552796e-51
6.464683499702488e-54
7.557667164358656e-57
5.888569492045761e-60
3.057830410788269e-63
1.0582749946874286e-66
2.4409856249357156e-70
0.0
0.0
0.0
0.0
0.0
0.0
0.0
0.0
0.0
0.0
0.0
0.0
0.0
0.0
0.0
0.0
0.0
0.0
0.0
0.0
0.0
0.0
0.0
0.0
0.0
0.0
0.0
0.0
0.0
0.0
0.0
0.0
0.0
0.0
0.0
0.0
0.0
0.0
0.0
0.0
0.0
0.0
0.0
0.0
0.0
0.0
0.0
0.0
0.0
0.0
0.0
0.0
0.0
0.0
0.0
0.0
0.0
0.0
0.0
0.0
0.0
0.0
0.0
0.0
0.0
0.0
0.0
0.0
0.0
0.0
0.0
0.0
0.0
0.0
0.0
0.0
0.0
0.0
0.0
0.0
0.0
0.0
0.0
0.0
0.0
0.0
0.0
0.0
0.0
0.0
0.0
0.0
0.0
0.0
0.0
0.0
0.0
0.0
0.0
0.0
0.0
0.0
0.0
0.0
0.0
0.0
0.0
0.0
0.0
0.0
0.0
0.0
0.0
0.0
0.0
0.0
0.0
0.0
0.0
0.0
0.0
0.0
0.0
0.0
0.0
0.0
0.0
0.0
0.0
0.0
0.0
0.0
0.0
0.0
0.0
0.0
0.0
0.0
0.0
0.0
0.0
0.0
0.0
0.0
0.0
0.0
0.0
0.0
0.0
0.0
0.0
0.0
0.0
0.0
0.0
0.0
0.0
0.0
0.0
0.0
0.0
0.0
0.0
0.0
0.0
0.0
0.0
0.0
0.0
0.0
0.0
0.0
0.0
0.0
0.0
0.0
0.0
0.0
0.0
0.0
0.0
0.0
0.0
0.0
0.0
0.0
0.0
0.0
0.0
0.0
0.0
0.0
0.0
0.0
0.0
0.0
7.327241599570224e-33
4.777317437349607e-32
2.0759134175029465e-31
6.011957756937039e-31
1.1603904688371993e-30
1.4927048151095448e-30
1.2797503669013886e-30
7.312369691452151e-31
2.7846624928706887e-31
7.067544291061066e-32
1.1954903106830028e-32
1.3477369350870622e-33
1.0126182462066247e-34
5.0706999761181e-36
1.6922776915977595e-37
3.764063072716524e-39
2.3761905296287677e-40
2.6876276700860054e-42
2.0259955860560628e-44
1.017863249535908e-46
3.408175277446041e-49
7.605643372595527e-52
1.1311795405158033e-54
1.1212660525121584e-57
7.407426552286456e-61
3.2614264011345544e-64
9.570383901239016e-68
1.8716846734121356e-71
0.0
0.0
0.0
0.0
0.0
0.0
0.0
0.0
0.0
0.0
0.0
0.0
0.0
0.0
0.0
0.0
0.0
0.0
0.0
0.0
0.0
0.0
0.0
0.0
0.0
0.0
0.0
0.0
0.0
0.0
0.0
0.0
0.0
0.0
0.0
0.0
0.0
0.0
0.0
0.0
0.0
0.0
0.0
0.0
0.0
0.0
0.0
0.0
0.0
0.0
0.0
0.0
0.0
0.0
0.0
0.0
0.0
0.0
0.0
0.0
0.0
0.0
0.0
0.0
0.0
0.0
0.0
0.0
0.0
0.0
0.0
0.0
0.0
0.0
0.0
0.0
0.0
0.0
0.0
0.0
0.0
0.0
0.0
0.0
0.0
0.0
0.0
0.0
0.0
0.0
0.0
0.0
0.0
0.0
0.0
0.0
0.0
0.0
0.0
0.0
0.0
0.0
0.0
0.0
0.0
0.0
0.0
0.0
0.0
0.0
0.0
0.0
0.0
0.0
0.0
0.0
0.0
0.0
0.0
0.0
0.0
0.0
0.0
0.0
0.0
0.0
0.0
0.0
0.0
0.0
0.0
0.0
0.0
0.0
0.0
0.0
0.0
0.0
0.0
0.0
0.0
0.0
0.0
0.0
0.0
0.0
0.0
0.0
0.0
0.0
0.0
0.0
0.0
0.0
0.0
0.0
0.0
0.0
0.0
0.0
0.0
0.0
0.0
0.0
0.0
0.0
0.0
0.0
0.0
0.0
0.0
0.0
0.0
0.0
0.0
0.0
0.0
0.0
0.0
0.0
0.0
0.0
0.0
0.0
0.0
0.0
0.0
0.0
0.0
0.0
0.0
0.0
0.0
0.0
0.0
0.0
0.0
3.299766088637837e-33
2.2232581167852085e-32
9.983392968283904e-32
2.9877757231079303e-31
5.959356550497874e-31
7.921953602121625e-31
7.018539798669962e-31
4.14421985944174e-31
1.6308738021243353e-31
4.277396142427507e-32
7.476875319565756e-33
8.71048529755752e-34
6.763104743920622e-35
3.499704882577122e-36
1.2069750186480727e-37
2.774256980993911e-39
4.249879749954033e-41
4.338984956710739e-43
2.952440779007482e-45
1.3389235923772395e-47
4.0468018622764287e-50
8.151727181711697e-53
1.0377887538930385e-54
1.063039092577124e-57
7.25723287959255e-61
3.3019799473705495e-64
1.0012887846118145e-67
2.023605355232417e-71
0.0
0.0
0.0
0.0
0.0
0.0
0.0
0.0
5.831569882157739e-34
4.2046241907039626e-33
2.0204608196854428e-32
6.470759070726687e-32
1.3811523117496338e-31
1.964759818406725e-31
1.8627686017095652e-31
1.177036412885773e-31
4.956811869611025e-32
1.3912222726860736e-32
2.6023886482646577e-33
3.2443622392844195e-34
6.462516321798817e-35
4.096957091257877e-36
1.7310225528395784e-37
4.874449608458747e-39
9.148080806305581e-41
1.1442368957152936e-42
9.538573946462464e-45
5.29947078734989e-47
1.9622896009600094e-49
4.842562675747379e-52
7.964691276942006e-55
8.730602007878113e-58
6.378241861503945e-61
3.105555709769129e-64
1.0077648659309144e-67
2.1795189555190288e-71
0.0
0.0
0.0
0.0
0.0
0.0
0.0
7.305355358122396e-34
5.0011668897714114e-33
2.2818279544905706e-32
5.01023529989862e-32
1.1624445665328295e-31
1.7974959868490542e-31
1.8524442866876836e-31
1.2723421923924586e-31
5.824306901476158e-32
1.776912823709966e-32
3.6130131324239334e-33
4.896147658511297e-34
4.422023250563141e-35
2.6617611673258665e-36
1.067821586530399e-37
2.855024605906997e-39
5.087478222560878e-41
6.041945716181922e-43
4.782253823606344e-45
2.5227253731826498e-47
8.869290416615473e-50
2.0782094930074863e-52
3.2454230855049963e-55
3.3778072697769324e-58
2.3430413830650283e-61
1.0831948850805625e-64
3.3374501696962772e-68
6.853375502614671e-72
0.0
0.0
0.0
0.0
0.0
0.0
0.0
0.0
0.0
0.0
0.0
0.0
0.0
0.0
0.0
0.0
0.0
0.0
0.0
0.0
0.0
0.0
0.0
0.0
0.0
0.0
0.0
0.0
0.0
0.0
0.0
0.0
0.0
0.0
0.0
0.0
0.0
0.0
0.0
0.0
0.0
0.0
0.0
0.0
0.0
0.0
0.0
0.0
0.0
0.0
0.0
0.0
0.0
0.0
0.0
0.0
0.0
0.0
0.0
0.0
0.0
0.0
0.0
0.0
0.0
0.0
0.0
0.0
0.00022458888013709687
0.0020932851294989856
0.013003194990411814
0.053833585975650695
0.14853817828832033
0.2731520251361493
0.3347744492825608
0.2734523953835336
0.14886503642135476
0.054011374831288275
0.02193046170484449
0.004046158389392009
0.0004975302969922652
4.077347559674564e-05
2.22698597529924e-06
8.106600651042307e-08
1.966715880906131e-09
3.1799919328907485e-11
3.426825263993984e-13
2.4611577440504106e-15
1.1780629242667628e-17
3.758192958839317e-20
7.990449463187951e-23
1.1322566806328955e-25
1.0693013687680283e-28
6.730338413183998e-32
2.823288305081111e-35
7.893236303063293e-39
0.0
0.0
0.0
0.0
0.0
0.0
0.0
0.0
0.0
0.0
0.0
0.0
0.0
0.0
0.0
0.0
0.0
0.0
0.0
0.0
0.0
0.0
0.0
0.0
0.0
0.0
0.0
0.0
0.0
0.0
0.0
0.0
3.896487568802397e-34
1.4685668261397469e-33
7.662590760080824e-33
2.6646434040190055e-32
6.175670440174559e-32
9.539171893379645e-32
9.820165012568656e-32
6.737649960561153e-32
3.08091453842175e-32
9.38928251759975e-33
1.9070703340635306e-33
2.5815620142527707e-34
2.3290561670547042e-35
1.400421952877656e-36
5.612022536471421e-38
1.4988613151967497e-39
2.667995197460082e-41
3.1651200302386104e-43
2.502516060568473e-45
1.3186972805636158e-47
4.631214496625777e-50
1.0839923806913454e-52
1.6909824932705322e-55
1.7580593868269955e-58
1.2181745429825555e-61
5.6255766425825745e-65
1.7314347134316028e-68
6.299890924699295e-71
0.0
0.0
0.0
0.0
0.0
0.0
0.0
0.0
0.0
0.0
0.0
0.0
0.0
0.0
0.0
0.0
0.0
0.0
0.0
0.0
0.0
0.0
0.0
0.0
0.0
0.0
0.0
0.0
0.0
0.0
0.0
0.0
0.0
0.0
0.0
0.0
0.0
0.0
0.0
0.0
0.0
0.0
0.0
0.0
0.0
0.0
0.0
0.0
0.0
0.0
0.0
0.0
0.0
0.0
1.570445356093448e-33
1.207443413839509e-32
6.187173468358799e-32
2.1129992654024347e-31
4.809367319156943e-31
7.295551003203862e-31
7.375811280099162e-31
4.969847271306551e-31
2.23181317604431e-31
6.6796572762413e-32
1.33239216744663e-32
1.7712975020571215e-33
1.5693958416234978e-34
9.267338642668964e-36
3.6471961171278514e-37
9.566316575638177e-39
1.6722912942719668e-40
1.9483216531926564e-42
1.512832806079815e-44
7.828936280901306e-47
2.7002012331663374e-49
6.206847175270329e-52
8.628895175023011e-54
1.0086318885387216e-56
7.857633061416955e-60
4.0797386406112193e-63
1.4117392448978485e-66
3.2558034719588446e-70
0.0
0.0
0.0
0.0
0.0
0.0
0.0
0.0
0.0
0.0
0.0
0.0
0.0
0.0
0.0
0.0
0.0
0.0
0.0
0.0
0.0
0.0
0.0
0.0
0.0
0.0
0.0
0.0
0.0
0.0
0.0
0.0
0.0
0.0
0.0
0.0
0.0
0.0
0.0
0.0
0.0
0.0
0.0
0.0
0.0
0.0
0.0
0.0
0.0
0.0
0.0
0.0
0.0
0.0
0.0
0.0
0.0
0.0
0.0
0.0
0.0
0.0
0.0
0.0
0.0
0.0
0.0
0.0
0.0
0.0
0.0
0.0
0.0
0.0
0.0
0.0
0.0
0.0
0.0
0.0
0.0
0.0
0.0
0.0
0.0
0.0
0.0
0.0
0.0
0.0
0.0
0.0
0.0
0.0
0.0
0.0
0.0
0.0
0.0
0.0
0.0
0.0
0.0
0.0
0.0
0.0
0.0
0.0
0.0
0.0
0.0
0.0
0.0
0.0
0.0
0.0
0.0
0.0
0.0
0.0
7.340824538505658e-35
6.23763168780017e-34
2.0731807937560804e-33
8.958073902810024e-33
2.5797264311429575e-32
4.95124268630496e-32
6.333391321626563e-32
5.39933133981843e-32
3.067786872306261e-32
1.1616945127671073e-32
2.931839822577447e-33
4.931398391352305e-34
5.528171237508339e-35
4.13023186612016e-36
2.0565957185467743e-37
6.825036366133964e-39
1.5095328220929059e-40
2.225162330627437e-42
2.1860615530884901e-44
1.4313459761575232e-46
6.246092403764732e-49
1.8165766871123352e-51
3.521118297909908e-54
0.001761579503916152
0.013902595480590217
0.07312587443838607
0.2563467445850713
0.5989162393699248
0.8417035082104541
1.0
0.7918126046280036
0.4178557376712826
0.1469643090593347
0.03444918347896138
0.005381799775912473
0.0005603478218234178
3.888386154899584e-05
1.7983020373210815e-06
5.5429049670273614e-08
1.1386592466976585e-09
1.5589481466521173e-11
1.42249618715437e-13
8.650716908720855e-16
3.506183466369921e-18
9.4710629458065e-21
1.7050784154420444e-23
2.0458394016678044e-26
1.6359885835550936e-29
8.719077681722744e-33
3.0970083298263344e-36
7.331549111602858e-40
0.0
0.0
0.0
0.0
0.0
0.0
0.0
0.0
0.0
0.0
0.0
0.0
0.0
0.0
0.0
0.0
0.0
0.0
0.0
0.0
0.0
0.0
0.0
0.0
0.0
0.0
0.0
0.0
0.0
0.0
0.0
0.0
0.0
0.0
0.0
0.0
0.0
0.0
0.0
0.0
0.0
0.0
0.0
0.0
0.0
0.0
0.0
0.0
0.0
0.0
0.0
0.0
0.0
0.0
0.0
0.0
0.0
0.0
0.0
0.0
0.0009484142171116185
0.007845628291094092
0.043255262235798696
0.15893945459885375
0.3892297575403437
0.6352751994433686
0.6910338392974388
0.5009775641278578
0.24205763561506546
0.0779472584953913
0.016728787000916307
0.0023928176648043945
0.00022810578995341313
1.4492541745450787e-05
6.136692460528283e-07
1.7318317868112902e-08
3.2573063220153265e-10
4.083128482711137e-12
3.411214569607289e-14
1.8993568967532605e-16
4.7625454318174924e-18
1.348463675564365e-20
2.544608190465316e-23
3.2002518236844324e-26
2.682932652480458e-29
2.894627693531483e-32
2.6011421849686246e-32
3.228469188669495e-32
2.671184405264639e-32
1.4729657954411983e-32
5.413311287773232e-33
1.3259125744005245e-33
2.1644538247237986e-34
2.354850330053527e-35
1.7074965769390292e-36
8.251595345728631e-38
2.6576485625633662e-39
5.704777726904743e-41
8.16133966271639e-43
7.781543081166154e-45
4.944832074772579e-47
2.0942036746721186e-49
5.91109358436283e-52
1.1119833927140898e-54
1.394152607671094e-57
1.1649408586810952e-60
8.248983714207105e-63
3.5050691380132396e-66
9.926000204856609e-70
0.0
0.0
0.0
0.0
0.0
0.0
0.0
0.0
0.0
0.0
0.0
0.0
0.0
0.0
0.0
0.0
0.0
0.0
0.0
0.0
0.0
0.0
0.0
0.0
0.0
0.0
0.0
0.0
0.0
0.0
0.0
0.0
0.0
0.0
4.061463341004235e-35
3.700204271318965e-34
2.2467275503203944e-33
9.091942275429639e-33
2.4521355682126708e-32
4.4077183140716093e-32
5.280374627127033e-32
4.2159668482915487e-32
2.2434230981916895e-32
7.956219113915078e-33
1.8805454376391557e-33
2.9623916553306235e-34
3.110159546768982e-35
2.1762280767242914e-36
2.9495318920167446e-37
1.0494878557579549e-38
2.4887615397944513e-40
3.933423464840853e-42
4.1432359843272727e-44
2.908641416268449e-46
1.3608875651503555e-48
1.0578875655310454e-33
8.405200694253816e-33
4.4508013508231034e-32
1.570760179307621e-31
3.6945632220587992e-31
5.791590815493091e-31
6.050819348350326e-31
4.2131997656747945e-31
1.9552012398495466e-31
6.047173438538121e-32
1.2465076085450144e-32
1.7124543021026338e-33
1.567922514054313e-34
9.567792538735764e-36
3.891172209358246e-37
1.0547042632196035e-38
1.905296192570184e-40
2.2939072071639715e-42
1.8406479877962357e-44
5.8884573004514405e-46
2.078260591935503e-05
0.00017806216945903138
0.0010167750162831876
0.0038695424966259406
0.009814674997462993
0.016591046233196693
0.018691888094580486
0.014035055012531064
0.007023548963771156
0.0023425057075460672
0.000520698407270334
7.713889065929067e-05
7.61626553284185e-06
5.011783626277505e-07
2.1979818263340787e-08
6.424471837508748e-10
1.2515041968360579e-11
1.6248330308851658e-13
1.405939770483842e-15
8.10786000710746e-18
3.116214290359948e-20
7.982334747642392e-23
1.3627434592256757e-25
1.5505287529677793e-28
1.175782766323622e-31
7.804159339444485e-34
3.0093726827506582e-37
7.734057010069429e-41
0.0
0.0
0.0
0.0
0.0
0.0
0.0
0.0
0.0
0.0
0.0
0.0
0.0
0.0
0.0
0.0
0.0
0.0
0.0
0.0
0.0
0.0
0.0
0.0
0.0
0.0
0.0
0.0
0.0
0.0
0.0004523812056455745
0.0032298934829526867
0.015369275475614603
0.04874164000289209
0.1030216328053647
0.14512367515137864
0.13624784927140457
0.0852516103141093
0.03555143005760609
0.009880822711040177
0.001830251144624788
0.00022594868364337296
1.8590475241328515e-05
1.0194189838323971e-06
3.725602272253671e-08
9.074481319322271e-10
1.4730879612475174e-11
1.5937386238862772e-13
6.222671902450897e-15
3.42348083311597e-17
1.2552795299462086e-19
3.067570417827064e-22
4.996089355160678e-25
5.423415477186281e-28
4.35050952728034e-31
3.8393225456318715e-32
2.2767289473517363e-32
9.042578628173485e-33
2.3936241866437193e-33
4.222806527457057e-34
4.965099452857676e-35
3.890776355705844e-36
2.0320113629546384e-37
7.072900434666346e-39
1.6407805722994899e-40
2.5367929020713842e-42
2.6139728399779207e-44
2.632642667296093e-35
2.248218897133866e-34
1.2795781643537399e-33
4.8537409635487414e-33
1.2270659863280987e-32
2.0674774855750912e-32
2.3216417661282255e-32
2.0020074118611913e-32
1.1432012233548262e-32
4.350720941838397e-33
1.1035228344566903e-33
1.8654472303304662e-34
2.1016779148411642e-35
1.5780868503246325e-36
7.89727369693891e-38
2.6339348377899182e-39
5.85483164602883e-41
8.673718929768746e-43
8.564023024510035e-45
5.635492236637394e-47
2.4715388052619963e-49
7.224113482626005e-52
1.4072888080738994e-54
1.8271047900280065e-57
1.580975816379314e-60
9.117348289346348e-64
3.504236528343352e-67
8.976351024608942e-71
0.0
0.0
0.0
0.0
0.0
0.0
0.0
0.0
0.0
0.0
0.0
0.0
0.0
0.0
0.0
0.0
0.0
0.0
0.0
0.0
0.0
0.0
0.0
0.0
0.0
0.0
0.0
9.971745995653876e-06
9.383955239766436e-05
0.0005885484169709851
0.0015976460435090615
0.005095413306313899
0.010830781979620258
0.015343405354127964
0.014486559413964291
0.009115705653150941
0.003822934727044465
0.0010685258193093609
0.00019904657389756625
2.471188878762605e-05
2.0447429673477e-06
1.1275947721568476e-07
4.144278496561627e-09
1.0151409782751968e-10
1.6572397226626321e-12
1.8031250950114846e-14
1.3075187613572303e-16
6.31904646576475e-19
2.0353388235271322e-21
4.369215169089367e-24
6.251031638427841e-27
5.9604837655420455e-30
3.7878508509884455e-33
1.604300721639719e-36
4.528561143418322e-40
0.0
0.0
0.0
0.0
0.0
0.0
0.0
0.0
0.0
7.984980863170914e-34
6.060556964616942e-33
3.0792696169983847e-32
1.0477379082521e-31
2.388330882906508e-31
3.648619745318552e-31
3.736738183276904e-31
2.566261328804157e-31
1.1820578353647742e-31
3.6522364319709534e-32
7.569698360375266e-33
1.0523947687218112e-33
9.813066249416145e-35
6.135777683735238e-36
2.571921920361193e-37
7.224877151710914e-39
1.3596638100904147e-40
7.698962864230205e-42
7.425147544377737e-44
4.7923551779755434e-46
2.0691482426077354e-48
5.974015060996599e-51
1.1529620289951729e-53
1.4869280545510063e-56
1.2810172592999217e-59
7.370313629824455e-63
2.831202394016548e-66
7.259548359650794e-70
0.0
0.0
0.0
0.0
0.0
0.0
0.0
0.0
0.0
0.0
0.0
0.0
0.0
0.0
0.0
0.0
0.0
0.0
0.0
0.0
0.0
0.0
0.0
0.0
9.264841788762339e-35
9.166681036353763e-34
5.818067476476066e-33
2.4785089642733534e-32
7.101422542827843e-32
1.3718637607334493e-31
1.7918249442116938e-31
1.5870036296603208e-31
9.558533889079186e-32
3.924382255827984e-32
1.100014227237648e-32
2.106100482141479e-33
2.7523821739289364e-34
2.450905500166092e-35
1.4833569982973167e-36
6.084331252051084e-38
1.686379603216116e-39
1.2405764138179135e-40
1.778678559692024e-42
1.7121059373332427e-44
1.1045161500752354e-46
4.769000587926081e-49
1.3766891899598994e-51
2.654888062808653e-54
3.418167081964514e-57
2.936831001463752e-60
1.68327850141922e-63
6.434509480138086e-67
1.633970142807805e-70
0.0
0.0
0.0
0.0
0.0
0.0
0.0
0.0
0.0
0.0
0.0
0.0
0.0
0.0
0.0
0.0
0.0
0.0
0.0
0.0
0.0
0.0
0.0
0.0
0.0
0.0
0.0
0.0
0.0
0.0
0.0
0.0
0.0
0.0
0.0
0.0
0.0
0.0
0.0
0.0
0.0
0.0
0.0
0.0
0.0
0.0
0.0
0.0
0.0
0.0
0.0
0.0
0.0
0.0
0.0
0.0
0.0
0.0
0.0
0.0
0.0
0.0
0.0
0.0
0.0
0.0
0.0
0.0
0.0
0.0
0.0
0.0
0.0
0.0
1.9639681298184e-33
1.2510383507781202e-32
5.311147450854681e-32
1.5027531338442738e-31
2.833795290028675e-31
3.561482823381104e-31
2.983147877738915e-31
1.665329819801987e-31
6.195941138043928e-32
1.536370133462654e-32
2.539019153044972e-33
2.7965181743264656e-34
2.052819967813608e-35
1.0043050094675132e-36
3.274627786489168e-38
7.1160633313885436e-40
0.0010644867500536062
0.003977848133015264
0.020490917106892225
0.07034871072239393
0.16096536430389355
0.24546539733054284
0.24947651576796456
0.16898595439028494
0.07628744957410945
0.0229528770921566
0.004602594504269672
0.000615105834065794
5.478712688127004e-05
3.252286182139983e-06
1.2867095673024682e-07
3.3927655880050634e-09
5.962230022718215e-11
6.983049938223665e-13
5.4508360154716536e-15
2.835715348893439e-17
9.832041414843973e-20
2.2719894622688916e-22
3.499052626678133e-25
3.591502592998982e-28
2.4568771566992383e-31
1.12013985188572e-34
5.2962154791476204e-37
1.2278831307434415e-40
0.0
0.0
0.0
0.0
0.0
0.0
0.0
0.0
0.0
0.0
0.0
0.0
0.0
0.0
0.0
0.0
0.0
0.0
0.0
0.0
0.0
6.084592209341485e-34
5.0953710081708064e-33
2.843817317443783e-32
7.141999408052638e-32
2.0269744433277418e-31
3.834054521242821e-31
4.833367793634323e-31
4.06090613904777e-31
2.273932702667555e-31
8.48621072331089e-32
2.1107245619215143e-32
3.498894634953143e-33
3.865553720052416e-34
2.846256988429747e-35
1.3967479898114297e-36
4.568183577989034e-38
9.95750629567617e-40
1.446569084473255e-41
1.4005845042084025e-43
9.037764135752378e-46
3.8868182861535494e-48
1.1140611244658613e-50
2.128165263341478e-53
2.7094630263727847e-56
2.2990195052096857e-59
1.3001205743409442e-62
4.900113666553317e-66
1.2308644424822543e-69
0.0
0.0
0.0
0.0
0.0
0.0
0.0
0.0
0.0
0.0
0.0
0.0
0.0
0.0
0.0
0.0
0.0
0.0
0.0
0.0
0.0
0.0
0.0
0.0
0.0
0.0
0.0
0.0
0.0
0.0
0.0
0.0
0.0
0.0
0.0
0.0
0.0
0.0
0.0
0.0
0.0
0.0
0.0
0.0
0.0
0.0
0.0
0.0
0.0
0.0
0.0
0.0
9.55251024188027e-37
8.064097702150633e-36
4.537071234899293e-35
1.7012845706849037e-34
4.251673211870053e-34
7.081484982155321e-34
7.860865188774778e-34
5.8156452414849594e-34
2.8675236775960646e-34
9.423183906424537e-35
2.0638107471225122e-35
3.012476172403176e-36
2.9306160211006514e-37
1.900096975524714e-38
8.210586144974836e-40
2.7846866757665302e-34
2.107651790642559e-33
1.0631706323118715e-32
3.574280484242918e-32
8.008585863992743e-32
1.195926779340473e-31
1.1902409650961896e-31
7.894902017924265e-32
3.490118264848883e-32
1.0282887652137698e-32
2.0191639619742864e-33
5.444735371939051e-34
5.436706053048226e-35
3.618065930728906e-36
1.6047177217187123e-37
4.743537837632526e-39
0.000866228389570634
0.006167810480445481
0.029269221838225643
0.09257055769460698
0.19512644499817913
0.2741201321302214
0.25665355306218296
0.16015303659755178
0.06660466102844122
0.01846101670991384
0.003410265225841476
0.0004198578195219756
3.445068674118186e-05
1.88397471305374e-06
6.866474369415738e-08
1.667915656816515e-09
2.7001998934026295e-11
2.9133944885625164e-13
2.0950009345070414e-15
1.0040392622721137e-17
3.20699822107641e-20
5.551771645965771e-22
9.017417920869449e-25
9.761450347286126e-28
7.042519356430312e-31
3.3862833660861e-34
1.0851757831739863e-37
2.3177064950609423e-41
0.0
0.0
0.0
0.0
0.0
0.0
0.0
0.0
0.0
0.0
0.0
0.0
0.0
0.0
0.0
0.0
0.0
0.0
0.0
0.0
0.0
0.0
0.0
0.0
0.0
0.0
0.0
0.0
0.0
0.0
0.0
0.0
3.0978994948691474e-35
2.7537433944356113e-34
1.631402641394893e-33
6.441401974485355e-33
1.6950448394338223e-32
2.972785188456595e-32
3.474780806862139e-32
2.7069039616151995e-32
1.405399612852981e-32
4.863045798597526e-33
1.1214978307520685e-33
1.7237332710046727e-34
3.947771511864786e-35
3.0855047227883654e-36
1.6072445820491125e-37
5.57980823605976e-39
1.2434208775981644e-05
8.264488343596496e-05
0.00036609629694785584
0.0010808271582229876
0.002126663168959974
0.002788834349090866
0.002437408246615694
0.0014197614560114333
0.0005511680510697301
0.0001426048306637512
2.4590422313771505e-05
2.826046383619806e-06
2.1645824455407607e-07
1.1049701008574591e-08
3.75931285286773e-10
8.524088706021657e-12
1.2881575988531407e-13
1.2973931098584997e-15
8.708747978975681e-18
3.8960220534185785e-20
1.1616321906491396e-22
2.3083274635405915e-25
2.9121749748693594e-27
2.9427192214059666e-30
1.981808718574647e-33
8.895209714594855e-37
2.6609223208276593e-40
5.305053277587243e-44
0.0
0.0
0.0
0.0
0.0
0.0
0.0
0.0
0.0
0.0
0.0
0.0
0.0
0.0
0.0
0.0
1.1019910896644834e-05
0.0001398535687675314
0.0009622442640236152
0.004584096226643016
0.010594612576660679
0.027447611469649535
0.04919613469893569
0.060693382668179044
0.051223396915173885
0.02939583186409912
0.011410641760189959
0.002983430683824145
0.0005237522403049566
6.159432041873208e-05
4.844564539238134e-06
2.5455346632867106e-07
8.92850132260342e-09
2.0894211360376161e-10
3.2611268990260062e-12
3.3939106495848343e-14
2.3548040683929104e-16
1.0891416747358404e-18
3.3578255071091675e-21
6.900097710143186e-24
9.450653468500302e-27
8.627175646769168e-30
5.248913875177823e-33
2.1284336666509603e-36
5.751954965428015e-40
0.0
0.0
2.4359967675770488e-34
1.7480117142343032e-33
8.359754388277687e-33
2.6645522775447767e-32
5.660261828724772e-32
8.013649525211311e-32
7.561461003835224e-32
4.7551326535250697e-32
1.9929715782762845e-32
5.5669987248859844e-33
1.0363887416489922e-33
1.2858958641802687e-34
1.063335860799322e-35
5.860257102925914e-37
2.1525062811640138e-38
5.269309802380618e-40
8.596953684095322e-42
9.34796309270602e-44
6.774401606235148e-46
3.2719483375350673e-48
1.0532306388310989e-50
2.259550641190765e-53
3.2307415880936406e-56
3.07867548453682e-59
2.3796106338041123e-61
1.1531084973771763e-64
3.7240541925078645e-68
8.015735168243083e-72
0.0
0.0
0.0
0.0
0.0
0.0
0.0
0.0
0.0
0.0
0.0
0.0
0.0
0.0
0.0
1.476809798223885e-34
2.12764397373991e-33
1.2907699032275132e-32
5.310055724761365e-32
1.4807790384628165e-31
2.796585838178045e-31
3.5721768001353805e-31
3.3814900065353604e-31
2.242705636181667e-31
1.0014872864905403e-31
3.0061090684759e-32
6.0560944790826496e-33
8.177738073124803e-34
7.393267637743655e-35
4.470899875075394e-36
1.8070742286677798e-37
4.87878330496544e-39
8.794030107011054e-41
1.0578800839888231e-42
8.490327853676449e-45
4.545152416782696e-47
1.6226610729129488e-49
3.862780415919538e-52
6.130792874562949e-55
6.486945796375529e-58
4.575536433351602e-61
2.1512933058979137e-64
6.74211167175644e-68
1.4068029921223235e-71
0.0
5.8768818334174613e-36
4.959012871606968e-35
1.6405706853377083e-34
7.039564694171237e-34
2.0131596171298627e-33
3.837003222247252e-33
4.874024028724646e-33
4.1263372086370136e-33
2.3282162412000555e-33
8.75514737677157e-34
2.1942451938749315e-34
3.6651216898783365e-35
4.080122382374021e-36
3.027188948131756e-37
1.4968814852462632e-38
4.93306516408445e-40
1.0834973070909891e-41
1.5860627604675892e-43
1.5473709833518743e-45
1.0061206832442535e-47
4.3600076744373535e-50
1.2592326580674079e-52
2.423852855088437e-55
3.109482183590326e-58
2.658590461037784e-61
1.5149432338233406e-64
5.753376903192118e-68
1.4562329029367062e-71
0.0
0.0
0.0
0.0
0.0
0.0
0.0
0.0
0.0
0.0
0.0
0.0
0.0
0.0
0.0
0.0
0.0
0.0
0.0
0.0
0.0
0.0
0.0
0.0
0.0
0.0
0.0
0.0
0.0
0.0
0.0
0.0
0.0
0.0
0.0
0.0
0.0
0.0
0.0
0.0
0.0
0.0
0.0
0.000499962426784471
0.0035438226493680006
0.01674125994130837
0.05270913002735886
0.11060254104290623
0.1546770603282598
0.14416779716084785
0.08955547955726009
0.05204059955486411
0.016438749323195934
0.0034608023946045207
0.0004855862498291913
4.540853666510249e-05
2.8300244056658864e-06
1.1755047903602352e-07
3.2541695271908218e-09
6.003955888078048e-11
7.382719358691225e-13
6.050298127823439e-15
3.3045987815737316e-17
1.2029352462494033e-19
2.918416753479322e-22
4.718825501180988e-25
5.085130162433737e-28
3.652176673022822e-31
1.7481674546329383e-34
5.576938194321823e-38
1.185741937749358e-41
0.0
0.0
0.0
0.0
0.0
0.0
0.0
0.0
0.0
0.0
0.0
0.0
0.0
0.0
0.0
7.349733719699669e-34
5.1144996301941844e-33
2.3720085294365047e-32
7.331804723452206e-32
1.51038297132424e-31
2.073694710804485e-31
1.8975101494135622e-31
1.1571907229214115e-31
4.703350316864878e-32
1.2740640438617625e-32
2.3001530775682906e-33
2.7676028442182513e-34
2.2193834591680673e-35
0.00044080230583938004
0.0031496191068036603
0.014998704999019332
0.04760263994132963
0.0820572103861671
0.13243311796189972
0.1424485417400699
0.10211768468825622
0.04878939800027931
0.015535724376301586
0.0032970011913421747
0.0004663245165334814
4.395810290951858e-05
2.76166618538444e-06
1.1563384624009153e-07
3.226861376274938e-09
6.001463848270796e-11
7.439018316476054e-13
6.1454771741331384e-15
3.383585381944261e-17
1.2415957527691246e-19
3.036440986665475e-22
4.949155911235328e-25
5.37688261722758e-28
4.100053587028575e-31
4.6761335518187174e-33
6.467473327212e-34
6.212170580574837e-35
3.978041648609134e-36
1.6979874640365145e-37
1.6553852256359334e-38
3.5934921013911504e-40
5.1991320878542185e-42
5.013437481177146e-44
3.2220135716603804e-46
1.3800790774616012e-48
3.939708742043886e-51
7.495610476476872e-54
9.504563487134053e-57
8.032289040232169e-60
4.524059336985166e-63
1.6982396028092865e-66
4.2486509971953334e-70
0.0
0.0
0.0
0.0
0.0
0.0
0.0
0.0
0.0
0.0
0.0
0.0
0.0
8.779662748748269e-35
1.3428358970592851e-33
7.838658967106512e-33
3.150742111241385e-32
8.686259403228442e-32
1.6345406345489451e-31
2.0890586985713608e-31
1.805303463283418e-31
1.0509241900339072e-31
4.1090146889325633e-32
1.076677087496803e-32
1.8875906826662208e-33
2.2115488071377975e-34
1.7301799130047313e-35
4.200646616244777e-06
2.8871324069156403e-05
0.00013225095099610005
0.0004037499243606954
0.0008215001602361538
0.0011139979693232079
0.0010067988111613717
0.0006064325965185295
0.00024344672044465006
6.513386772304782e-05
1.1614254957316563e-05
2.936850734177811e-06
2.6629863600375873e-07
1.609302026287304e-08
6.481682034194231e-10
1.7398805570962288e-11
3.1126672457758937e-13
3.7113123309321515e-15
2.949197531106381e-17
1.5619307209505492e-19
5.513167919949351e-22
1.296946979557503e-24
2.0334091426902927e-27
2.1247550491772354e-30
1.4797028700742335e-33
6.867864380769862e-37
2.1244692685407535e-40
4.3798651964546356e-44
0.0
0.0
0.0
0.0
0.0
0.0
0.0
0.0
0.0
0.0
0.0
0.0
0.0
0.0
0.0
0.0
0.0
0.0
0.0
0.0
0.0
0.0
0.0
0.0
0.0
0.0
1.0976125266602588e-35
9.352888942958683e-35
5.311583931321913e-34
2.01040644317762e-33
5.0713692701648004e-33
8.526055398232537e-33
9.553282353439101e-33
7.134090685630396e-33
4.687020218281534e-33
1.7798582627115016e-33
4.504593018419628e-34
7.598139238827882e-35
8.541624680980364e-36
6.39963595165206e-37
3.195594040627023e-38
2.770907002871975e-36
2.509184208454606e-35
1.5149231035267712e-34
6.095798273969626e-34
1.6347529642207633e-33
2.9218319154766234e-33
3.480485845432441e-33
2.7631601910166507e-33
1.4620216473436475e-33
5.155646011333069e-34
1.2116967050353145e-34
1.8979567477948645e-35
1.9813456399986904e-36
1.3785284204306916e-37
6.3922352979088e-39
1.97547405373688e-40
4.068847896075052e-42
5.585385181691739e-44
5.109946462865844e-46
1.7841280634464536e-47
8.3002624808941595e-50
2.5735889098718337e-52
5.318241745335684e-55
7.324509069744537e-58
6.723114624476695e-61
4.112861249987925e-64
1.6768690520682074e-67
4.556546312181985e-71
0.0
0.0
0.0
0.0
0.0
0.0
0.0
0.0
0.0
0.0
0.0
0.0
0.0
0.0
0.0
0.0
0.0
0.0
0.0
0.0
0.0
0.0
0.0
0.0
0.0
0.0
3.212349642418888e-05
0.00024074773845951031
0.0012024947010446042
0.004003000778832625
0.008881160652051457
0.013132134611355619
0.012941436142779218
0.00849984820306034
0.0037206722406954184
0.0010854584567421026
0.00021105057864243993
2.7348999043553756e-05
2.361989012783866e-06
1.3595521102394332e-07
5.215493298631904e-09
1.3334491943410049e-10
2.27216100987459e-12
1.2009226882273075e-13
1.0405914659076534e-15
6.00934334380183e-18
2.3128918437595128e-20
5.932874740793095e-23
1.0142770110358671e-25
1.1556585406441388e-28
8.775745750565512e-32
4.441401959844394e-35
7.588808737691815e-35
6.697911303584505e-34
3.945895324419506e-33
1.5511459362172878e-32
4.068280402219425e-32
7.118266881491319e-32
8.308079103740891e-32
6.467722024704124e-32
3.358081674223718e-32
1.1627554546761766e-32
2.684811393947793e-33
4.133722116974779e-34
4.243725481327742e-35
2.9047620752991745e-36
1.3255986740173888e-37
4.033059864043957e-39
3.137765656564636e-40
4.856742464122651e-42
5.011335002970315e-44
3.4469441189899976e-46
1.580437680426207e-48
4.830296763130703e-51
9.840462786552317e-54
1.336273491405061e-56
1.2095029756212038e-59
7.297004780071727e-63
2.934292437165699e-66
7.864638501977635e-70
0.0
0.0
0.0
0.0
0.0
0.0
0.0
0.0
0.0
0.0
0.0
0.0
0.0
0.0
0.0
0.0
0.0
0.0
0.0
0.0
0.0
0.0
0.0
0.0
0.0
0.0
0.0
0.00018579531920880218
0.0012615868298135112
0.0057092764535969665
0.017219738316088248
0.034614141918131454
0.04637267414245296
0.04140494955068029
0.024639048194308552
0.009771857888673963
0.002582925655515043
0.00045501762346881097
5.342273003525115e-05
4.180281093953212e-06
2.058233884178605e-05
0.00014479582184950596
0.0006994044899245685
0.0022519275256314376
0.004832394112848962
0.006911174110306689
0.006587534001647415
0.004184807195595551
0.0017717791467894615
0.0004999484959624705
9.402048663313018e-05
1.1784231656948157e-05
9.843773137010763e-07
5.480289100212477e-08
2.033419062410438e-09
5.0284236462622984e-11
8.287401461824667e-13
9.103039839986307e-15
6.66401640413896e-17
3.251376179598441e-19
1.0572554438978118e-21
2.2912590250666157e-24
3.309405584237554e-27
3.185718153714984e-30
2.043836983415516e-33
1.213499818425121e-35
3.958960777914938e-39
8.608039095763553e-43
0.0
0.0
0.0
0.0
0.0
0.0
0.0
0.0
0.0
0.0
0.0
0.0
0.0
0.0
0.0
0.0
0.0
0.0
0.0
0.0
0.0
0.0
0.0
0.0
3.373475344321075e-35
2.4869789882245366e-34
1.221935380957254e-33
4.0013442046216425e-33
8.732631460799299e-33
1.270181844039542e-32
1.2313122984698328e-32
7.95521794121057e-33
3.4254489147828967e-33
9.830247588203069e-34
1.8801520200536682e-34
2.3966412128711136e-35
2.036079020276377e-36
1.1528366716915814e-37
4.3503328335004735e-39
1.0941043264381242e-40
1.8339037302652347e-42
2.0486882688232157e-44
1.5253052865563038e-46
7.568663874208133e-49
2.503013602902465e-51
5.516819174891344e-54
8.103932909415736e-57
7.933858905489186e-60
5.176719778800834e-63
3.1083909768100765e-65
1.031355535654725e-68
2.280671400010572e-72
0.0
0.0
0.0
0.0
0.0
0.0
0.0
0.0
0.0
0.0
0.0
0.0
0.0
0.0
0.0
0.0
0.0
0.0
0.0
0.0
0.0
0.0
0.0
0.0
0.0
1.9039317595660747e-06
1.3321241000446721e-05
6.211829695724936e-05
0.0001930527284212019
0.00039986546334997493
0.0005519927773708497
0.0005078488146255691
0.000311398874973108
0.00012725685427939976
3.465986573349084e-05
6.291498779283438e-06
7.611371251130217e-07
6.24275701197711e-05
0.00047306675433560474
0.002391503849687658
0.008057573454839637
0.018093351974187603
0.027077922344269607
0.027008047782893053
0.017953643463115784
0.007954145805370039
0.0023486378043150197
0.0004621895210754694
0.00012481218514424203
1.2490033827930272e-05
8.33013022467696e-07
3.702725483928139e-08
1.0969145258599739e-09
2.165736462344028e-11
2.8498367151380597e-13
2.499285642858627e-15
1.4608087437275624e-17
5.690525491516627e-20
1.477382448267872e-22
2.556319638062068e-25
2.9481964550809204e-28
2.3332007621579956e-31
1.3191035388226779e-33
1.4489698496093423e-34
1.1769234112209998e-35
6.444194925261645e-37
2.3748718794330696e-38
5.883008897688584e-40
9.783795505301887e-42
1.0911028027118301e-43
8.151322307019224e-46
4.0757204388931346e-48
1.362888817507875e-50
3.0458924665060797e-53
4.161117262723707e-55
4.745637581182012e-58
3.612784019722017e-61
1.8353356870263924e-64
6.220204959780264e-68
1.3900935637266193e-71
0.0
0.0
0.0
0.0
0.0
0.0
0.0
0.0
0.0
4.425149027420218e-36
3.6487697660086837e-35
2.0051486227822177e-34
7.343924850912355e-34
1.7926331702565185e-33
2.916326743202997e-33
3.162004479432725e-33
2.2849164768822373e-33
1.1004231703022774e-33
3.5320811356088317e-34
7.555847159675798e-35
2.1571765303918985e-35
2.346609151848562e-36
1.7012862099593138e-37
8.220449233594802e-39
2.64725190621116e-40
5.6816769377618534e-42
8.127170115662227e-44
7.747894759224685e-46
4.922770890126516e-48
2.0845728774047843e-50
5.883098096597979e-53
1.1065642757988125e-55
1.3871670011126073e-58
1.1589438646762133e-61
6.453236784113458e-65
2.3948281190309864e-68
5.923148828658276e-72
0.0
0.0
0.0
0.0
0.0
0.0
0.0
0.0
0.0
0.0
0.0
0.0
0.0
0.0
0.0
0.0
0.0
0.0
0.0
0.0
0.0
0.0
0.0
0.0
0.0
0.0
0.0
0.0
0.0
0.0
0.0
0.0
0.0
0.0
0.0
0.0
0.0
0.0
0.0
0.0
0.0
0.0
0.0
0.0
0.0
0.0
0.0
0.0
0.0
0.0
0.0
0.0
0.0
0.0
0.0
0.0
0.0
0.0
0.0
0.0
0.0
0.0
0.0
0.0
0.0
0.0
0.0
0.0
0.0
0.0
0.0
0.0
0.0
0.0
0.0
0.0
0.0
0.0
0.0
0.0
0.0
0.0
0.0
0.0
0.0
0.0
0.0
0.0
0.0
0.0
0.0
0.0
0.0
0.0
0.0
0.0
0.0
0.0
0.0
0.0
0.0
0.0
0.0
0.0
0.0
0.0
0.0
0.0
0.0
0.0
0.0
0.0
0.0
0.0
0.0
0.0
0.0
0.0
0.0
0.0
0.0
0.0
0.0
0.0
0.0
0.0
0.0
0.0
0.0
0.0
0.0
0.0
0.0
0.0
0.0
0.0
0.0
0.0
0.0
0.0
0.0
0.0
0.0
0.0
0.0
0.0
0.0
0.0
0.0
0.0
0.0
0.0
0.0
0.0
0.0
0.0
0.0
0.0
0.0
0.0
0.0
0.0
0.0
0.0
0.0
0.0
0.0
0.0
0.0
0.0
0.0
0.0
0.0
0.0
0.0
0.0
0.0
0.0
0.0
0.0
0.0
0.0
0.0
0.0
0.0
0.0
0.0
0.0
0.0
0.0
0.0
0.0
0.0
0.0
0.0
0.0
0.0
0.0
0.0
0.0
0.0
0.0
0.0
0.0
0.0
0.0
0.0
0.0
0.0
0.0
0.0
0.0
0.0
0.0
0.0
0.0
0.0
0.0
0.0
0.0
0.0
0.0
0.0
0.0
0.0
0.0
0.0
0.0
0.0
0.0
0.0
0.0
0.0
0.0
0.0
0.0
0.0
0.0
0.0
0.0
0.0
0.0
0.0
0.0
0.0
0.0
0.0
0.0
0.0
0.0
0.0
0.0
0.0
0.0
0.0
0.0
0.0
0.0
0.0
0.0
0.0
0.0
0.0
0.0
0.0
0.0
0.0
0.0
0.0
0.0
0.0
0.0
0.0
0.0
0.0
0.0
0.0
0.0
0.0
0.0
0.0
0.0
0.0
0.0
0.0
0.0
0.0
0.0
0.0
0.0
0.0
0.0
0.0
0.0
0.0
0.0
0.0
0.0
0.0
0.0
0.0
0.0
0.0
0.0
0.0
0.0
0.0
0.0
0.0
0.0
0.0
0.0
0.0
0.0
0.0
0.0
0.0
0.0
0.0
0.0
0.0
0.0
0.0
0.0
0.0
0.0
0.0
0.0
0.0
