a = 4.895942936505064 b = 4.895942936505064 c = 13.833762220415283 ,Gaussian ,LMH = 0.08 ,DW = [1.7 1.7]
0.0
0.0
0.0
0.0
0.0
0.0
0.0
0.0
0.0
0.0
0.0
0.0
0.0
0.0
0.0
0.0
0.0
0.0
0.0
0.0
0.0
0.0
0.0
0.0
0.0
0.0
0.0
0.0
0.0
0.0
0.0
0.0
0.0
0.0
0.0
0.0
0.0
0.0
0.0
0.0
0.0
0.0
0.0
0.0
0.0
0.0
0.0
0.0
0.0
0.0
0.0
0.0
0.0
0.0
0.0
0.0
0.0
0.0
0.0
0.0
0.0
0.0
0.0
0.0
0.0
0.0
0.0
0.0
0.0
0.0
0.0
0.0
0.0
0.0
0.0
9.8209827844502e-34
7.88787087863762e-33
4.222271773536559e-32
1.5063091817034962e-31
3.5814889116850456e-31
5.675376096302205e-31
5.993868775278785e-31
4.218920704263153e-31
1.9791424006244473e-31
6.187771554030818e-32
1.289356601956942e-32
1.7905785319681854e-33
1.6572775462645835e-34
1.0223007222174161e-35
4.202847549600604e-37
1.1515695024370356e-38
8.353888862937465e-40
1.1639592908328714e-41
1.080857492438361e-43
6.689299356783404e-46
2.759144046712387e-48
7.584896605540984e-51
1.3896534307625746e-53
1.6968556195420858e-56
1.3809082566940502e-59
7.489732550439052e-63
2.707380780135697e-66
6.522497500844093e-70
0.0
0.0
0.0
0.0
0.0
0.0
0.0
0.0
0.0
0.0
0.0
0.0
0.0
0.0
0.0
0.0
0.0
0.0
0.0
0.0
0.0
0.0
0.0
0.0
0.0
0.0
0.0
0.0
0.0
0.0
0.0
0.0
0.0
0.0
0.0
0.0
0.0
0.0
0.0
0.0
0.0
0.0
0.0
0.0
0.0
0.0
0.0
0.0
0.0
0.0
0.0
0.0
0.0
0.0
0.0
0.0
0.0
0.0
0.0
0.0
0.0
0.0
0.0
0.0
0.0
0.0
0.0
0.0
0.0
0.0
0.0
0.0
0.0
0.0
0.0
0.0
0.0
0.0
0.0
0.0
0.0
0.0
0.0
0.0
0.0
0.0
0.0
0.0
0.0
0.0
0.0
0.0
0.0
0.0
0.0
0.0
0.0
0.0
0.0
0.0
0.0
0.0
0.0
0.0
0.0
0.0
0.0
0.0
0.0
0.0
0.0
0.0
0.0
0.0
0.0
0.0
0.0
0.0
0.0
0.0
0.0
0.0
0.0
0.0
0.0
0.0
0.0
0.0
0.0
0.0
0.0
0.0
0.0
0.0
0.0
0.0
0.0
0.0
0.0
0.0
0.0
0.0
0.0
0.0
0.0
0.0
0.0
0.0
0.0
0.0
0.0
0.0
0.0
0.0
0.0
0.0
0.0
0.0
0.0
0.0
0.0
0.0
0.0
0.0
0.0
0.0
0.0
0.0
0.0
0.0
0.0
0.0
0.0
0.0
0.0
0.0
0.0
0.0
0.0
0.0
0.0
0.0
0.0
0.0
0.0
0.0
0.0
0.0
1.4749333131756352e-33
1.3380799453890422e-32
8.090461337203797e-32
3.260213640188563e-31
8.75589170724604e-31
1.3503223500510275e-30
1.8441419951828493e-30
1.6785443006963315e-30
1.0182462186058517e-30
4.116748655259183e-31
1.1092704575205403e-31
1.9920585071946158e-32
2.3842307261147974e-33
1.9018489435122233e-34
1.0110795045385227e-35
3.5824170437663483e-37
8.459574630574305e-39
1.3313813161176012e-40
1.3964903470239117e-42
9.762363316035948e-45
4.548346502810292e-47
1.4123218150996221e-49
2.9227747056955513e-52
4.031239132709934e-55
3.7056408938333285e-58
2.270228899319374e-61
9.269525710858407e-65
2.52247532800188e-68
0.0
0.0
0.0
0.0
0.0
0.0
0.0
0.0
0.0
0.0
0.0
0.0
0.0
0.0
0.0
0.0
0.0
0.0
0.0
0.0
0.0
0.0
0.0
0.0
0.0
0.0
0.0
0.0
0.0
0.0
0.0
0.0
0.0
0.0
0.0
0.0
0.0
0.0
0.0
0.0
0.0
0.0
0.0
0.0
0.0
0.0
0.0
0.0
0.0
0.0
0.0
0.0
0.0
0.0
0.0
0.0
0.0
0.0
0.0
0.0
0.0
0.0
0.0
0.0
0.0
0.0
0.0
0.0
0.0
0.0
0.0
0.0
0.0
0.0
0.0
0.0
0.0
0.0
0.0
0.0
0.0
0.0
0.0
0.0
0.0
0.0
0.0
0.0
0.0
0.0
0.0
0.0
0.0
0.0
0.0
0.0
0.0
0.0
0.0
0.0
0.0
0.0
0.0
0.0
0.0
0.0
0.0
0.0
0.0
0.0
0.0
0.0
0.0
0.0
0.0
0.0
0.0
0.0
0.0
0.0
0.0
0.0
0.0
0.0
0.0
0.0
0.0
0.0
0.0
0.0
0.0
0.0
0.0
0.0
0.0
0.0
0.0
0.0
0.0
0.0
0.0
0.0
0.0
0.0
0.0
0.0
0.0
0.0
0.0
0.0
0.0
0.0
0.0
0.0
0.0
0.0
0.0
0.0
0.0
0.0
0.0
0.0
0.0
0.0
0.0
0.0
0.0
0.0
0.0
0.0
0.0
0.0
0.0
0.0
0.0
0.0
0.0
0.0
0.0
0.0
0.0
0.0
0.0
0.0
0.0
0.0
0.0
0.0
0.0
0.0
8.796573885473486e-34
7.92821148965888e-33
4.7623186034006527e-32
1.9065281189358074e-31
5.086857027193485e-31
9.045600350629426e-31
1.0720296787196147e-30
8.467549999915706e-31
4.457488988155353e-31
1.5638832794408102e-31
3.6567893368379805e-32
5.698717069747712e-33
5.918829061987924e-34
4.097095127950207e-35
1.8901568564314315e-36
5.811673297537073e-38
1.190929593458689e-39
1.6264942416792075e-41
1.4804731014395624e-43
5.151496099094291e-45
2.3844265375754414e-47
7.3555654848758065e-50
1.5122713830803385e-52
2.0721679392237098e-55
1.892351087546852e-58
1.1517547882607754e-61
4.671968295764057e-65
1.2630521884538333e-68
0.0
0.0
0.0
0.0
0.0
0.0
0.0
0.0
0.0
0.0
0.0
0.0
0.0
0.0
0.0
0.0
0.0
0.0
0.0
0.0
0.0
0.0
0.0
0.0
0.0
0.0
0.0
0.0
0.0
0.0
4.955833854508957e-34
3.5732091582289276e-33
1.7170450383424193e-32
5.499034996595591e-32
1.1737424952660454e-31
1.6697087440948443e-31
1.5830337089354745e-31
1.00027900219739e-31
4.212439629508616e-32
1.1823002343193113e-32
2.2115838489939813e-33
2.757151255432954e-34
5.492030074247674e-35
3.4817105965664435e-36
1.471072171582502e-37
4.142445838745478e-39
7.774299113242879e-41
9.72405040144334e-43
8.106151283936053e-45
4.503640918251696e-47
1.6676094830900353e-49
4.11534741690697e-52
6.768621052068476e-55
7.419513763054975e-58
5.420411242296841e-61
2.63918952092584e-64
8.564272298692164e-68
1.8522171635725304e-71
0.0
0.0
0.0
0.0
0.0
7.779271573375565e-34
5.146128669593153e-33
2.2688401385962645e-32
6.666666053393186e-32
1.3055546423708446e-31
1.6311233886375032e-31
1.6243355443740051e-31
1.0780681825622182e-31
4.768680851411851e-32
1.4058268546241075e-32
2.7621480990800092e-33
3.6169594031310783e-34
3.1566167457676416e-35
1.8360378339081082e-36
7.117425736271723e-38
1.8388479113349042e-39
3.1662866179004335e-41
3.6335922302094256e-43
2.779096960312724e-45
1.4166180084846276e-47
4.812639882492844e-50
1.0896713220841603e-52
1.644330926475348e-55
1.653729512834384e-58
1.1084631939153459e-61
4.951760434657123e-65
1.474278465505122e-68
2.9253710998458013e-72
0.0
0.0
0.0
0.0
0.0
0.0
0.0
0.0
0.0
0.0
0.0
0.0
0.0
0.0
0.0
0.0
0.0
0.0
0.0
0.0
0.0
0.0
0.0
0.0
0.0
0.0
0.0
0.0
0.0
0.0
0.0
0.0
0.0
0.0
0.0
0.0
0.0
0.0
0.0
0.0
0.0
0.0
0.0
0.0
0.0
0.0
0.0
0.0
0.0
0.0
0.0
0.0
0.0
0.0
0.0
0.0
0.0
0.0
0.0
0.0
0.0
0.0
0.0
0.000707120867744842
0.005491452824133685
0.028422508720332938
0.09804356805929589
0.22540178745949113
0.34536406838984984
0.35267810273845523
0.2400277135326749
0.10887441353386024
0.032913329481620984
0.006631310358480056
0.0008904477468128112
7.968912763408959e-05
4.753037645350983e-06
1.8894046666456354e-07
5.0056474814627795e-09
8.838469906273892e-11
4.783610733316458e-12
4.2951193676476527e-14
2.5702548808943887e-16
1.0250822070096796e-18
2.724725437014353e-21
4.8269004861251e-24
5.6989584753300444e-27
4.484398390616162e-30
2.3517677562199058e-33
8.219894121961964e-37
1.9147830024972675e-40
0.0
0.0
0.0
0.0
0.0
0.0
0.0
0.0
0.0
0.0
1.4075539144007486e-34
1.1346001170834872e-33
6.095399251666268e-33
2.1824436487234888e-32
4.076972856655776e-32
7.423031130690188e-32
9.007541919690158e-32
7.284719774386339e-32
3.926458002446432e-32
1.4104919477494955e-32
3.376928100367157e-33
5.388334707282705e-34
5.730187911641121e-35
4.0612966369709675e-36
1.9184129925876284e-37
6.03950090660103e-39
1.2671894330455468e-40
1.7719994503776128e-42
1.6514566234328997e-44
1.0257754661017064e-46
4.246381335931644e-49
1.1715672562249145e-51
2.1542544874472198e-54
2.640026799643412e-57
2.1562604292099478e-60
1.1737500901035052e-63
4.258254484260535e-67
1.0296014237505286e-70
0.0
0.0
0.0
0.0
0.0
0.0
0.0
0.0
0.0
0.0
0.0
0.0
0.0
0.0
0.0
0.0
0.0
0.0
0.0
0.0
0.0
0.0
0.0
0.0
0.0
0.0
0.0
0.0
0.0
0.0
0.0
0.0
0.0
0.0
0.0
0.0
0.0
0.0
0.0
0.0
0.0
0.0
0.0
0.0
0.0
0.0
0.0
0.0
0.0
0.0
0.0
0.0
0.0
0.0
0.0
0.0
0.0
0.0
0.0
0.0
0.0
0.0
0.0
0.0
0.0
0.0
0.0
0.0
1.312847871734434e-33
1.0574356733556644e-32
5.676427022505644e-32
2.03084935003475e-31
4.842413882422291e-31
7.6953371465383666e-31
8.150325355724795e-31
5.7531247070046495e-31
2.7065383083801437e-31
8.486060371232518e-32
1.7732893421645634e-32
4.984207585942585e-33
5.296295267580507e-34
3.7508509292488483e-35
1.7703900811624722e-36
5.569159797581521e-38
1.1675942277010453e-39
1.6314574345295618e-41
1.5192914841882681e-43
9.429485738511795e-46
3.9004656773823756e-48
1.0752921156374124e-50
1.9756864005704304e-53
2.419307699702735e-56
1.9744482389956314e-59
1.073944768012946e-62
3.893137013128274e-66
9.405870135958902e-70
0.0
0.0
0.0
0.0
0.0
0.0
0.0
0.0
0.0
0.0
0.0
0.0
0.0
0.0
0.0
0.0
0.0
0.0
0.0
0.0
0.0
0.0
0.0
0.0
0.0
0.0
0.0
0.0
0.0
0.0
0.0
0.0
0.0
0.0
0.0
0.0
0.0
0.0
0.0
0.0
0.0
0.0
0.0
0.0
0.0
0.0
0.0
0.0
0.0
0.0
0.0
0.0
0.0
0.0
0.0
0.0
0.0
0.0
0.0
0.0
0.0
0.0
0.0
0.0
0.0
0.0
0.0
0.0
0.0
0.0
0.0
0.0
0.0
0.0
0.0
0.0
0.0
0.0
0.0
0.0
0.0
0.0
0.0
0.0
0.0
0.0
0.0
0.0
0.0
0.0
0.0
0.0
0.0
0.0
0.0
0.0
0.0
0.0
0.0
1.2909706692601582e-34
1.0073438118145259e-33
5.2386648968287406e-33
1.8157040517539292e-32
4.194218532733107e-32
6.45711610195946e-32
6.625332578445e-32
4.5306271233645606e-32
2.064859497407764e-32
6.271973846803092e-33
1.2696953236677176e-33
1.7130748911314083e-34
1.5404043178469864e-35
2.4677879496857452e-36
1.1284148613996493e-37
3.438834724321891e-39
6.984500581918324e-41
9.45455212320813e-43
8.529589120728995e-45
5.128576171757897e-47
2.0551667140675016e-49
5.488818280505185e-52
9.76994674162191e-55
1.159009746244341e-57
9.163545232515788e-61
4.828603179749252e-64
1.695746980177709e-67
3.969009485492893e-71
0.0
0.0
0.0
0.0
0.0
0.0
0.0
0.0
0.0010297112038167118
0.00893428268306965
0.030110875551451453
0.13285264816377826
0.390659685035707
0.765611633072168
1.0
0.8705085168132826
0.5050421174677421
0.19528267616182513
0.05032472230439697
0.008643320243699485
0.0009893759968495183
7.54785734554377e-05
3.8376692759258665e-06
1.300447892628113e-07
2.936972725495966e-09
4.420673292633205e-11
4.4346410660748e-13
2.9649001846774597e-15
1.3211229228525233e-17
3.923357897255099e-20
7.765227332985165e-23
1.0243113148072354e-25
9.005157515695086e-29
5.276333106150068e-32
2.060414728814873e-35
5.36239293298113e-39
0.0
0.0
0.0
0.0
0.0
0.0
0.0
0.0
0.0
0.0
0.0
0.0
0.0
0.0
0.0
0.0
0.0
0.0
0.0
0.0
0.0
0.0
0.0
0.0
0.0
0.0
0.0
0.0
0.0
0.0
0.0
0.0
0.0
0.0
0.0
0.0
0.0
0.0
0.0
0.0
0.0
0.0
0.0
0.0
0.0
0.0
0.0
0.0
0.0
0.0
0.0
0.0
0.0
0.0
0.0
0.0
0.0
0.0
0.0
0.0
0.0
0.0
0.0
0.0
0.0
0.0
0.0
0.0
0.0
0.0
0.0
0.0
0.0
0.0
0.0
0.0
0.0
0.0
0.0
0.0
0.0
0.0
0.0
0.0008419866348868685
0.006965220516737659
0.03840131456694823
0.14110384905026502
0.3455518146357098
0.5639869349865038
0.6134885437662382
0.44475969018945233
0.21489481113104672
0.06920030161406508
0.014851543575061155
0.0021243043990022722
0.0002025085906725516
1.2866241601029756e-05
5.448055228349369e-07
1.5374919439822554e-08
2.891783294035786e-10
3.6249347056804676e-12
3.0284205197681795e-14
1.6862179974662174e-16
4.228109964277248e-18
1.1971440030849093e-20
2.259061545974541e-23
2.8411317396209523e-26
2.3829189568745227e-29
3.816612013097616e-32
2.7494436924623916e-32
2.025657190497247e-32
9.94825271512079e-33
3.256186285394848e-33
7.103186615483165e-34
1.032710885209387e-34
1.0006583712822364e-35
6.462111680286016e-37
2.7812794950843017e-38
7.978042707053788e-40
1.5252099428838171e-41
1.9433205667942608e-43
1.6502160788897805e-45
9.339394700899352e-48
3.522720556400171e-50
8.85562475476736e-53
1.4836852040839882e-55
1.6567076363572566e-58
1.2329104413544964e-61
6.115032017398555e-65
3.0582834311315215e-67
7.713429542633605e-71
0.0
0.0
0.0
0.0
0.0
0.0
0.0
0.0
0.0
0.0
0.0
0.0
0.0
0.0
0.0
0.0
0.0
0.0
0.0
0.0
0.0
0.0
0.0
0.0
0.0
1.1662560676380953e-33
8.975721061668774e-33
4.603904719366697e-32
1.5738554951672166e-31
3.585790651418476e-31
5.445171725115024e-31
5.5131558437151115e-31
6.963823308106926e-05
0.00047367644012197486
0.002147322987064301
0.006487756037352587
0.013063910485652594
0.01753207942958247
0.015681052592325075
0.009347566024890881
0.0037136709429412716
0.0009833086191908772
0.00017352330888296158
2.0408324134819335e-05
1.5996995192383114e-06
8.357012147232782e-08
2.9096798115619552e-09
6.751820941827675e-11
1.044186754771358e-12
5.173493199892915e-14
4.068588119593908e-16
2.132480746879415e-18
7.449172978763794e-21
1.7342533729318494e-23
2.690906356664066e-26
2.7826986004018913e-29
1.9178529405329076e-32
8.809392983091772e-36
2.696858831307669e-39
5.502397882828696e-43
0.0
0.0
0.0
0.0
0.0
0.0
0.0
0.0
0.0
0.0
0.0
0.0
0.0
0.0
0.0
0.0
0.0
0.0
0.0
0.0
0.0
0.0
0.0
0.0
0.0
0.0
0.0
0.0
0.0
0.0
0.0
0.0
0.0
0.0
0.0
0.0
0.0
0.0
0.0
0.0
0.0
0.0
0.0
0.0
0.0
0.0
0.0
0.0
0.0
0.0
0.0
0.0
0.0
0.0
0.0
0.0
0.0
0.0
0.0
0.0
0.0
0.0
0.0
0.0002618826888828586
0.0020034256054381147
0.01021459606131126
0.0241520523712408
0.06261877956010312
0.10820235280359856
0.12460927177595522
0.09564131963621876
0.04892403968269265
0.016679407067216597
0.0037898363265525393
0.0005739074320297165
5.792216568560922e-05
3.896092708817673e-06
1.7466075037190464e-07
5.218466609123204e-09
1.039135171119251e-10
1.3790586227998098e-12
1.2197616084919104e-14
7.190328630491467e-17
2.8249064374611195e-19
7.39675007424105e-22
1.2908012264721701e-24
1.50127185305215e-27
1.1636995415169623e-30
6.01179180963921e-34
2.069896116853984e-37
4.749793352847994e-41
0.0
0.0
1.6616255768486067e-34
1.1299115666537243e-33
5.120793802093689e-33
1.5467198916828064e-32
3.1136342891347046e-32
4.1773905503126317e-32
3.735288122275525e-32
2.2259975494424036e-32
8.841110225732566e-33
2.3402943091506443e-33
4.128722520434212e-34
4.854477180974173e-35
3.804089971284867e-36
1.9867382086910796e-37
6.915316418008172e-39
1.604224028710898e-40
2.480273229748694e-42
3.1598053197643423e-35
2.5506165741362293e-34
1.372181555965175e-33
4.919936820018232e-33
1.1756797073799593e-32
1.8724061840959904e-32
1.9874337456030506e-32
1.405940043883196e-32
8.909440286672046e-33
3.204993423850692e-33
7.683965606056535e-34
1.2277932175456928e-34
1.3075147470980188e-35
9.280032772470813e-37
4.3896912206358985e-38
1.3838849383344355e-39
2.907686240354556e-41
4.071708214300107e-43
3.800032431830159e-45
2.363630069820664e-47
9.798356977451426e-50
2.7071265448972648e-52
4.9847732211420225e-55
6.1173566494041334e-58
5.0033829617321034e-61
2.7273774011590564e-64
9.908508315496825e-68
2.3991249481034866e-71
0.0
0.0
0.0
0.0
0.0
0.0
0.0
0.0
0.0
0.0
0.0
0.0
0.0
0.0
0.0
0.0
0.0
0.0
0.0
0.0
0.0
0.0
0.0
0.0
2.1300677459056778e-05
0.00016861187817050733
0.0008895379153737226
0.0031276799800310936
0.0073292866035865305
0.011446761844518188
0.011914755589300873
0.00976759533070615
0.005170026029836601
0.0018238089766336014
0.00042879283162721804
6.718885375173175e-05
7.01662870606972e-06
4.883613750860263e-07
2.265351864482251e-08
7.003442648371143e-10
1.4430089779015437e-11
1.98156370021777e-13
1.813546063038955e-15
1.1061924552512319e-17
4.496911507693309e-20
1.2183709598574978e-22
2.2000182560730437e-25
2.6476163887282178e-28
2.147242802244605e-31
1.2832515534229587e-32
4.552441887213377e-32
1.0859670173043705e-31
1.7265167403074477e-31
1.8293908404829343e-31
1.2918847009471287e-31
6.080265705641807e-32
1.9072292976011832e-32
7.027874600789114e-33
1.1210034141192932e-33
1.191712281293604e-34
8.443401532264692e-36
3.98698883136239e-37
1.254741156423413e-38
2.6317511168126543e-40
3.678891983197677e-42
6.088082087219625e-35
4.899780132026189e-34
2.628174720411082e-33
9.395359947744005e-33
2.2384848568614854e-32
3.554483042109511e-32
3.7616664238069147e-32
2.653173573216885e-32
1.2471899232900376e-32
3.90733881769855e-33
8.158514668386778e-34
1.1353314635980101e-34
1.0529695124474028e-35
6.50864325685983e-37
2.6813079000792016e-38
7.361807472698805e-40
1.3471122066395618e-41
7.466507554307594e-43
6.947673565988646e-45
4.3086661968821008e-47
1.780852056498335e-49
4.905625412571422e-52
9.006218350170503e-55
1.1019759316229729e-57
8.986349276947606e-61
4.884004192711564e-64
1.7690915571064328e-67
4.270769571655189e-71
0.0
0.0
0.0
0.0
0.0
0.0
0.0
0.0
0.0
0.0
0.0
0.0
0.0
0.0
0.0
2.393560887687053e-34
1.792621201568678e-33
8.947755858142723e-33
2.9766054398510015e-32
6.599483762595727e-32
9.75169717438917e-32
9.603554300855632e-32
6.303261639420712e-32
2.757275873769794e-32
8.038530339625027e-33
1.5619050818316077e-33
2.022619401581535e-34
1.7456422629340696e-35
1.0041020994361422e-36
3.849302578109781e-38
9.834850763259383e-40
1.6746923868484596e-41
1.9005699836928143e-43
1.4375211206158416e-45
7.246464193898938e-48
2.4345551395016586e-50
5.451231527084803e-53
8.134880711887082e-56
8.090759615897375e-59
5.3630143052801185e-62
2.369246026434558e-65
1.0969289320743313e-67
2.464235882712707e-71
0.0
0.0
0.0
0.0
0.0
0.0
0.0
0.0
0.0
0.0
0.0
0.0
0.0
0.0
0.0
0.0
0.0
0.0
0.0
0.0
0.0
0.0
0.0
0.0
0.0
0.0
0.0
0.0
0.0
0.0
0.0
0.0
0.0
0.0
0.0
0.0
0.0
0.0
0.0
0.0
0.0
0.0
0.0
0.0
0.0
0.0
0.0
0.0
0.0
0.0
0.0
0.0
0.0
0.0
0.0
0.0
0.0
0.0
8.627642489020242e-34
6.1385405095488415e-33
2.910848885776174e-32
9.199320336008499e-32
1.9376412530696587e-31
2.720022838377547e-31
2.5447977793297133e-31
1.586775739601218e-31
6.594158393672132e-32
1.8263530992760805e-32
3.3712554789109694e-33
4.147440199310627e-34
3.4005577016532365e-35
1.85823960642068e-36
6.767602223640481e-38
1.642666819009831e-39
2.6573312398805464e-41
1.3566798006284953e-42
1.1160307160808686e-44
6.11866230398336e-47
2.2357249312729576e-49
5.444547651066428e-52
8.836632313590987e-55
9.558578570998088e-58
6.890986391963954e-61
3.3109377718453335e-64
0.0009696033915581881
0.006269125517587716
0.027014774866326002
0.07758491491952657
0.14850284435916572
0.18944092430189155
0.1610624808281699
0.09126337231989123
0.03446515128195257
0.00867451922530555
0.00145509780915485
0.00016267488483750282
1.2120774660950618e-05
6.018964679200365e-07
1.9920248896587623e-08
4.3938909520996224e-10
6.4592982266923396e-12
3.093928249951383e-13
2.3128575240783635e-15
1.1523093104053894e-17
3.8262276842694156e-20
8.467478417766168e-23
1.2488786383013352e-25
1.2303908206222913e-28
2.1635350575200924e-31
4.4538657750722574e-32
9.710954165424138e-33
1.4122444170084716e-33
1.368799483681307e-34
8.84201704357926e-36
3.806662824798322e-37
1.0922423767232007e-38
2.0886957439718375e-40
2.6620296570862305e-42
2.261164432345396e-44
1.2800677308128822e-46
4.829646028995511e-49
1.2144487785452516e-51
2.0352822782891682e-54
2.2732732836941357e-57
1.6922331291309901e-60
8.395571919685375e-64
4.199631732401997e-66
1.0595071263445133e-69
0.0
0.0
0.0
0.0
0.0
0.0
0.0
0.0
0.0
0.0
0.0
0.0
0.0
0.0
0.0
0.0
0.0
0.0
0.0
0.0
0.0
0.0
0.0
0.0
0.0
0.0
0.0
0.0
0.0
0.0
0.0
0.0
0.0
0.0
0.0
0.0
0.0
0.0
3.7002450491328287e-37
3.450396299711492e-36
2.1443171584586512e-35
8.881587736028378e-35
2.451736248318088e-34
4.510642774039904e-34
5.530758151397772e-34
4.519729570455081e-34
2.4616243593830585e-34
8.935372446091653e-35
2.1616485526499463e-35
3.485291133946402e-36
8.240923924354224e-37
6.756666143895464e-38
3.692075419399119e-39
1.3445910486451888e-40
3.263558603085076e-42
5.279273523998893e-44
5.691653593510589e-46
4.0896326992296815e-48
1.9584464330151087e-50
6.250584608651461e-53
1.3295697551746413e-55
1.8848776489668092e-58
1.7808885842359353e-61
1.121429260732083e-64
4.706397075513943e-68
1.3163967322128098e-71
0.0
0.0
0.0
0.0
0.0
0.0
0.0
0.0
0.0
0.0
0.0
0.0
0.0
0.0
0.0
0.0
0.0
0.0
0.0
0.0
0.0
0.0
0.0
0.0
0.0
0.0
2.767738783590162e-34
1.9692002831655466e-33
9.33762068303091e-33
2.9509653789426625e-32
6.215463909174169e-32
0.00043045653767613665
0.003274829462919973
0.01660464587878476
0.05611152797968383
0.10085589168796517
0.17331108092980496
0.19848739712929067
0.15150295042211434
0.07707096425711718
0.026130158427684076
0.005904387353111045
0.0008891789809309594
8.924524431872598e-05
5.969837721517698e-06
2.661469643734767e-07
7.907916163475236e-09
1.5659725464733962e-10
2.066749207770393e-12
1.8179124494584146e-14
1.0657116072829523e-16
4.1637819319372844e-19
1.0842209752306362e-21
1.881608132960385e-24
2.1763167593911212e-27
1.6776315291347526e-30
8.618915063141363e-34
2.951142431074679e-37
6.73456095415454e-41
0.0
0.0
0.0
0.0
0.0
0.0
0.0
0.0
0.0
0.0
0.0
0.0
0.0
0.0
0.0
0.0
0.0
0.0
0.0
0.0
0.0
0.0
0.0
0.0
0.0
0.0
0.0
0.0
0.0
0.0
0.0
0.0
0.0
0.0
0.0
0.0
0.0
0.0
0.0
0.0
0.0
0.0
0.0
0.0
0.0
0.0
0.0
0.0
0.0
0.0
0.0
0.0
0.0
0.0
0.0
0.0
0.0
0.0
0.0
0.0
0.0
0.0
0.0
0.0
0.0
0.0
0.0
2.0924993807779555e-35
1.8600365690434684e-34
4.729655186001553e-05
0.00039170193644054847
0.0021620389093459508
0.00795340028749917
0.019499511158513217
0.0318622290624015
0.03469845480844622
0.025184055230520187
0.012182116241380688
0.003927365886604186
0.0014738545950601107
0.0002416216492416289
2.6399676018077284e-05
8.410863541241783e-06
4.464921500796104e-05
0.00020391850546384304
0.0006219802932670697
0.0012644000220058023
0.0017130654560881882
0.0015468384863189745
0.0009308882074439398
0.00037336330861939033
9.980384945846401e-05
1.7780521582613165e-05
2.1111702096210476e-06
1.670642593045606e-07
8.811003997862391e-09
3.097054124672061e-10
7.255272694699116e-12
1.1327660742977915e-13
1.1787135476650927e-15
8.174437259125741e-18
3.7782353124153356e-20
1.1638625361617754e-22
2.3894388634150443e-25
3.269427456702359e-28
3.216299036155867e-30
2.2378696341631494e-33
1.0377546649268814e-36
3.207274663184516e-40
6.606313220939516e-44
0.0
0.0
0.0
0.0
0.0
0.0
0.0
0.0
0.0
0.0
0.0
0.0
0.0
0.0
2.8076993937783715e-05
0.0001964081154879928
0.0009156927955615132
0.0028452583994642627
0.00589216878633151
0.008132240096611107
0.007480433279346857
0.005647271333190779
0.002641543679395428
0.0008234902968579846
0.00017109634192716543
2.3692152019296852e-05
2.1865018294428385e-06
1.3448589195260817e-07
5.512964025475839e-09
1.5061739692315035e-10
2.742500180010976e-12
3.328125848291594e-14
2.691747781201002e-16
1.4509436144315419e-18
5.212526254895136e-21
1.24803718035317e-23
1.9915368191686708e-26
2.1180231591285425e-29
1.5012555198306577e-32
7.091858767311044e-36
2.2327859324695973e-39
4.685065258050916e-43
1.278817439697059e-72
0.0
0.0
0.0
0.0
0.0
7.353676693275451e-34
4.998931040934007e-33
2.260069723255525e-32
6.814696597040778e-32
1.3708141770851769e-31
1.840342014209315e-31
1.649912628932614e-31
9.886037601889275e-32
3.963479541588388e-32
1.0648768223539755e-32
1.9212995492636738e-33
2.3342180570760044e-34
1.9160720164516514e-35
1.0669640308275776e-36
4.0482073232489245e-38
1.0510288560250099e-39
1.8738433057630428e-41
2.2988265116849206e-43
1.9407873906137824e-45
1.1254842639524456e-47
4.468011081946932e-50
1.209088619811665e-52
2.2205313316558397e-55
2.756412119386254e-58
2.556671013185126e-60
1.6400220987136954e-63
7.055935598291986e-67
2.032453755585795e-70
3.8443757718161896e-74
0.0
0.0
0.0
0.0
0.0
0.0
8.867769073705355e-35
7.14152608868382e-34
3.833091859661201e-33
1.3711626526344005e-32
3.268965010153388e-32
5.194133608631079e-32
5.500440988294019e-32
3.882070792303791e-32
1.8260427473478178e-32
5.724531870059583e-33
1.1960533814247065e-33
1.6654925603590398e-34
1.5456685811900824e-35
9.560301954595118e-37
3.941017721576077e-38
3.753765168558293e-39
7.868762890057339e-41
1.0993281928135718e-42
1.0235989245529478e-44
6.3520487751520345e-47
2.6271167639349786e-49
7.241465657714307e-52
1.3303169459206595e-54
1.6287908439601908e-57
1.329098180852577e-60
7.228203250418068e-64
2.6199029063068017e-67
6.3288031179739276e-71
0.0
0.0
0.0
0.0
0.0
0.0
0.0
0.0
0.0
0.0
0.0
0.0
0.0
0.0
0.0
0.0
0.0
0.0
0.0
0.0
0.0
0.0
0.0
0.0
0.0
0.0
0.0
0.0
0.0
0.0
0.0
0.0
0.0
0.0
0.0
0.0
0.0
0.0
0.0
0.0
0.0
0.0
0.0
0.0
0.0
0.0
0.0
0.0
0.0
0.0
0.0
0.0
0.0
0.0
0.0
0.0
0.0
0.0
0.0
0.0
0.0
0.0
0.0
0.0
0.0
0.0
0.0
0.0002072143727226175
0.0015636064176911876
0.007863512134208538
0.026356468968150814
0.058876154982772856
0.08765429506568577
0.08697381317168607
0.05751556217808402
0.025349171826867755
0.007446011961583047
0.0014576901933371414
0.00019019026465234658
1.6538376771344914e-05
9.584711137729086e-07
3.7020878815941305e-08
9.530067297140597e-10
1.635033890773426e-11
1.869558671309064e-13
1.4247313705349131e-15
7.236164367135612e-18
2.4494321144204086e-20
5.525911708994401e-23
7.586891926312662e-25
8.704284646820241e-28
6.819225563081444e-31
3.607151596090087e-33
4.404270315627706e-34
4.009300153762469e-35
2.459255928448426e-36
1.0134665550378785e-37
2.8001021440044418e-39
5.178462150559782e-41
6.402799985762983e-43
5.288086979799835e-45
2.915469344663258e-47
1.0725038191630335e-49
2.6316352794407537e-52
4.306120471099334e-55
4.6979350642758424e-58
3.4169303224354905e-61
1.656672071773589e-64
5.354045826566773e-68
1.1526331324713956e-71
0.0
0.0
0.0
0.0
0.0
0.0
0.0
0.0
0.0
0.0
0.0
0.0
0.0
0.0
0.0
0.0
0.0
0.0
0.0
0.0
0.0
0.0
0.0
0.0
0.0
0.0
0.0
0.0002413665290998226
0.0017246112865677476
0.008212718759970782
0.026065389918386538
0.04493139848896332
0.07251532398285258
0.07799938802420905
0.05591574904759161
0.0267152133648054
0.00850677008737286
0.0018053120944476412
0.00025534151817901827
2.406978045380144e-05
1.5121830645356843e-06
6.33166835647257e-08
1.7669062070686147e-09
3.2861726887223034e-11
4.073322682690521e-13
3.3650288928461107e-15
1.85272229462966e-17
6.798504758724328e-20
1.6626392639590224e-22
2.7099682795225524e-25
2.943825179573587e-28
2.1313641415187133e-31
1.035846583167159e-34
7.913144362482761e-38
1.899865290075989e-39
5.183825748819799e-41
9.461996879920441e-43
5.235665970115152e-44
4.8596715483260146e-46
3.0062386354470606e-48
1.239428660634274e-50
3.4056590346164824e-53
6.236807568001368e-56
7.612110282768363e-59
6.191977178661789e-62
3.356875006916108e-65
1.2128931474079199e-68
2.920730341980172e-72
0.0
0.0
0.0
0.0
0.0
0.0
0.0
5.714671482384456e-07
5.074649634469259e-06
3.0033255084704592e-05
0.00011846233664642863
0.0003114151473303778
0.0005456079871871616
0.0006370936170039706
0.0005638788479382128
0.0003348196350287363
0.00013250051971772754
3.49466695204473e-05
6.1429298021769295e-06
7.196591642502805e-07
5.619008848249685e-08
2.9239781302242754e-09
1.0140749907726068e-10
2.343945840715065e-12
3.610826501124431e-14
3.707210256885542e-16
2.5367014841856424e-18
1.1568393590637364e-20
3.516076354182663e-23
7.122379118078202e-26
9.615534375489307e-29
8.651737033315578e-32
5.188176531411843e-35
2.0735176054639748e-38
5.523091748221996e-42
1.1079947528061859e-54
1.634498654585071e-57
1.6069894254409894e-60
1.0529870571209051e-63
4.598483143593709e-67
2.112725978926899e-69
4.691776583621974e-73
0.0
0.0
0.0
0.0
0.0
0.0
0.0
0.0
0.0
0.0
0.0
0.0
0.0
0.0
0.0
0.0
0.0
0.0
0.0
0.0
0.0
0.0
0.0
0.0
0.0
0.0
0.0
0.0
0.0
0.0
0.0
0.0
0.0
0.0
1.954110596907249e-35
1.3705383713304277e-34
6.40641113823181e-34
1.9958135285393522e-33
4.143875186169334e-33
5.7342274838237074e-33
5.288405133476927e-33
3.25054413016747e-33
1.3315852108824417e-33
3.6354937956714068e-34
6.615145497366668e-35
8.022263853327054e-36
6.4838958647404095e-37
3.4926628813665954e-38
1.2538883127007458e-39
1.0891670765679485e-40
1.9883794726816366e-42
2.4192769362677664e-44
1.961794206157863e-46
1.0602367608986014e-48
3.818860699662222e-51
9.167403010291695e-54
1.4666969167948468e-56
4.473719355477003e-05
0.00028363891599108426
0.0011985176815537788
0.003375239712697883
0.0063349960323738404
0.007924458956062273
0.006606545672320377
0.00367080074539057
0.0013593419790222968
0.00033548893026285616
5.5183495792222046e-05
6.049531900547988e-06
4.419934990354202e-07
2.152244171259561e-08
6.984715917494046e-10
1.510732256623259e-11
2.177748911996668e-13
2.092231116708323e-15
7.547070690859637e-17
3.687082452422666e-19
1.200518424321443e-21
2.6051717352430537e-24
3.7677791105054624e-27
3.631750946965636e-30
2.3330724809655838e-33
9.988998593634752e-37
2.850343633035774e-40
5.42068334544565e-44
0.0
0.0
0.0
0.0
0.0
0.0
0.0
0.0
0.0
0.0
0.0
0.0
0.0
0.0
0.0
0.0
0.0
0.0
0.0
0.0
0.0
0.0
2.2855558599216346e-34
3.7351689402818925e-05
0.00030971530033734707
0.0017115777013768478
0.006303940816754708
0.015474234815094773
0.02531557444631926
0.027602469493424917
0.02005809291338516
0.00971433077207728
0.0031355785411266066
0.0006745342843831808
9.671011979747908e-05
9.241050900244855e-06
5.885079739535538e-07
2.4978415707624444e-08
7.065761512966076e-10
1.3320931918643587e-11
1.673754627537823e-13
1.4016207586916126e-15
4.613429283097749e-17
1.9645594628578427e-19
5.575554139334758e-22
1.054611359141846e-24
1.3294702311619167e-27
1.1171802566255396e-30
6.649879958788118e-34
5.4691634349439845e-36
4.6218577125157575e-37
2.71848328216557e-38
7.58213710642743e-06
5.9477750688775234e-05
0.0003109560329091178
0.0010834901964962593
0.002516126857165293
0.003894230275893119
0.004016911583551396
0.00276149629198527
0.0012652554143692837
0.00038636118790375635
7.863037177868267e-05
1.066519287090422e-05
9.641145708737146e-07
5.808582037357212e-08
2.332346960567126e-09
2.1829445437058516e-10
4.457263534292173e-12
6.065623784628601e-14
5.501285396364049e-16
3.3253275464630614e-18
1.339634218362627e-20
3.5968272733887104e-23
6.4362733630078e-26
7.675928630708502e-29
6.101110954191481e-32
3.2319785240046826e-35
1.1410628278228533e-38
2.6849252380812482e-42
0.0
0.0
0.0
0.0
0.0
0.0
0.0
0.0
0.0
0.0
0.0
0.0
0.0
0.0
0.0
0.0
0.0
0.0
0.0
0.0
0.0
0.0
0.0
0.0
0.0
0.0
0.0
0.0
0.0
0.0
0.0
0.0
0.0
0.0
0.0
0.0
0.0
0.0
0.0
0.0
0.0
0.0
0.0
0.0
0.0
0.0
0.0
0.0
0.0
0.0
0.0
0.0
0.0
0.0
0.0
0.0
0.0
0.0
0.0
0.0
0.0
0.0
0.0
0.0
0.0
0.0
0.0
0.0
0.0
0.0
5.705003562557224e-36
5.303899709502993e-35
3.2863683182768194e-34
1.4336548026703636e-33
4.289637511908721e-33
9.529073717278695e-33
1.6993971294184118e-32
2.531025595547877e-32
3.013269633833124e-32
2.651982532729979e-32
1.6311696805678758e-32
6.818248967754668e-33
1.9140055984232722e-33
3.59144574387304e-34
4.4963815838633677e-35
3.753388825139042e-36
2.0885064346827673e-37
7.745622786827861e-39
1.914558167015155e-40
3.1540326964772203e-42
1.6299202481576597e-43
1.3654268917829351e-45
7.623464615812026e-48
2.8367298902752144e-50
7.035017320710309e-53
1.1627702762874641e-55
1.280867558555315e-58
9.403641875396167e-62
4.601182773621482e-65
1.5004600547274767e-68
3.261076142840019e-72
0.0
0.0
0.0
7.147304459214409e-07
5.331157961289774e-06
2.6502226863460402e-05
8.780610890555317e-05
0.00019388697945542062
0.0002853343819025704
0.00027986018391555086
0.00018294042035215636
7.970026736422929e-05
2.3141496068930482e-05
4.478211842947238e-06
5.775630276445398e-07
1.1767839719904278e-07
7.717809864485216e-09
3.3734397174662753e-10
9.827281143397998e-12
1.907986756122598e-13
2.468873732797509e-15
2.1291386835810324e-17
1.2237439851989852e-19
4.687688427237005e-22
1.1967638276498057e-24
2.0362904212407165e-27
2.3091520502129474e-30
1.745206779329612e-33
8.790686660895245e-37
2.9510750688060457e-40
6.602664989455487e-44
1.7071711707537338e-72
0.0
0.0
0.0
0.0
0.0
0.0
0.0
0.0
0.0
0.0
0.0
0.0
0.0
0.0
0.0
0.0
0.0
0.0
0.0
0.0
0.0
0.0
0.0
3.0212925021388082e-05
0.00022917270287022674
0.0011585493796355062
0.003903442257244143
0.008765213881277161
0.013117734135019387
0.013083883830432538
0.008697532946205748
0.003853337365379763
0.001137783242922277
0.00022390489123856713
6.0464500958268584e-05
6.050720620626332e-06
4.035480721456773e-07
1.7937627509080342e-08
5.313935440145514e-10
1.0491778046464143e-11
1.3805859948228267e-13
1.2107636684108156e-15
7.076798758301084e-18
2.7567403265668135e-20
7.157089052409466e-23
1.2383931214632056e-25
1.4281118570525827e-28
1.0976207678042673e-31
5.630992977757434e-35
2.324214673161057e-38
1.3003982520248495e-40
2.600117775641321e-42
3.5853084697041504e-44
3.2948950205541017e-46
2.0180791018263615e-48
8.237896598063476e-51
2.2411763755757192e-53
4.063659246759626e-56
4.910662414771348e-59
3.95498120059396e-62
2.73263428532627e-64
1.1191503563576222e-67
3.0547586967353174e-71
0.0
0.0
0.0
0.0
0.0
0.0
0.0
0.0
1.0116282916862503e-34
7.360138037930378e-34
1.672288224461068e-05
0.0001178660213612514
0.0005536657571934201
0.0017333579351559252
0.0036166825419230194
0.005029375649870776
0.004661216852688184
0.002879161917955167
0.001185262158228387
0.0003251953273495351
5.9464219464561126e-05
7.246840400023575e-06
5.886040135400551e-07
8.811308915708208e-08
3.6392972567677994e-09
1.0017888206464673e-10
1.8378767337977823e-12
2.2471813773106592e-14
1.8312237933527676e-16
9.945491857010816e-19
3.5999184105716446e-21
8.684415581693436e-24
1.3962721833285938e-26
1.4961706202036673e-29
1.06849798361192e-32
5.0856660594567574e-36
1.61325686019955e-39
3.4106782340897696e-43
2.5880749535105424e-70
0.0
0.0
0.0
0.0
0.0
0.0
0.0
0.0
0.0
0.0
0.0
0.0
0.0
0.0
0.0
0.0
0.0
0.0
0.0
0.0
0.0
0.0
0.0
0.0
0.0
0.0
0.0
0.0
0.0
0.0
0.0
0.0
0.0
0.0
0.0
0.0
0.0
0.0
0.0
0.0
0.0
0.0
0.0
0.0
0.0
0.0
0.0
0.0
0.0
0.0
0.0
0.0
0.0
0.0
0.0
0.0
0.0
0.0
0.0
0.0
0.0
0.0
0.0
0.0
0.0
0.0
0.0
0.0
0.0
0.0
0.0
0.0
0.0
0.0
0.0
0.0
0.0
0.0
0.0
0.0
0.0
0.0
0.0
0.0
0.0
0.0
0.0
0.0
0.0
0.0
0.0
0.0
0.0
0.0
0.0
0.0
0.0
0.0
0.0
0.0
0.0
0.0
0.0
0.0
0.0
0.0
0.0
0.0
0.0
0.0
0.0
0.0
0.0
0.0
0.0
0.0
0.0
0.0
0.0
0.0
0.0
0.0
0.0
0.0
0.0
0.0
0.0
0.0
0.0
0.0
0.0
0.0
0.0
0.0
0.0
0.0
0.0
0.0
0.0
0.0
0.0
0.0
0.0
0.0
0.0
0.0
0.0
0.0
0.0
0.0
0.0
0.0
0.0
0.0
0.0
0.0
0.0
0.0
0.0
0.0
0.0
0.0
0.0
0.0
0.0
0.0
0.0
0.0
0.0
0.0
0.0
0.0
0.0
0.0
0.0
0.0
0.0
0.0
0.0
0.0
0.0
0.0
0.0
0.0
0.0
0.0
0.0
0.0
0.0
0.0
0.0
0.0
0.0
0.0
0.0
0.0
0.0
0.0
0.0
0.0
0.0
0.0
0.0
0.0
0.0
0.0
0.0
0.0
0.0
0.0
0.0
0.0
0.0
0.0
0.0
0.0
0.0
0.0
0.0
0.0
0.0
0.0
0.0
0.0
0.0
0.0
0.0
0.0
0.0
0.0
0.0
0.0
0.0
0.0
0.0
0.0
0.0
0.0
0.0
0.0
0.0
0.0
0.0
0.0
0.0
0.0
0.0
0.0
0.0
0.0
0.0
0.0
0.0
0.0
0.0
0.0
0.0
0.0
0.0
0.0
0.0
0.0
0.0
0.0
0.0
0.0
0.0
0.0
0.0
0.0
0.0
0.0
0.0
0.0
0.0
0.0
0.0
0.0
0.0
0.0
0.0
0.0
0.0
0.0
0.0
0.0
0.0
0.0
0.0
0.0
0.0
0.0
0.0
0.0
0.0
0.0
0.0
0.0
0.0
0.0
0.0
0.0
0.0
0.0
0.0
0.0
0.0
0.0
0.0
0.0
0.0
0.0
0.0
0.0
0.0
0.0
0.0
0.0
0.0
0.0
0.0
0.0
0.0
0.0
0.0
0.0
0.0
0.0
0.0
0.0
