a = 4.895942936505064 b = 4.895942936505064 c = 14.275256890727318 ,Gaussian ,LMH = 0.08 ,DW = [0.6 0.6]
0.0
0.0
0.0
0.0
0.0
0.0
0.0
0.0
0.0
0.0
0.0
0.0
0.0
0.0
0.0
0.0
0.0
0.0
0.0
0.0
0.0
0.0
0.0
0.0
0.0
0.0
0.0
0.0
0.0
0.0
0.0
0.0
0.0
0.0
0.0
0.0
0.0
0.0
0.0
0.0
0.0
0.0
0.0
0.0
0.0
0.0
0.0
0.0
0.0
0.0
0.0
0.0
0.0
0.0
0.0
0.0
0.0
0.0
0.0
0.0
0.0
0.0
0.0
0.0
0.0
0.0
0.0
0.0
3.200779113013392e-34
3.032323038340966e-33
1.914594358483805e-32
8.056745263870686e-32
2.2595608334158744e-31
4.223475625483403e-31
5.26135364633242e-31
4.368240534953792e-31
2.4171140514476683e-31
8.913931445997602e-32
2.1909021655587004e-32
3.5888741365976e-33
3.918095514792984e-34
2.850843378472356e-35
1.3824621382734175e-36
4.4680156112152793e-38
9.624045462642398e-40
1.381599597659523e-41
1.3218685759961438e-43
8.428997151337178e-46
3.582160856023483e-48
1.014602221296413e-50
1.915261514319777e-53
2.33498336459891e-55
2.241396266964157e-58
1.433953426054729e-61
6.114106450227336e-65
1.7374507137706361e-68
0.0
0.0
0.0
0.0
0.0
0.0
0.0
0.0
0.0
0.0
0.0
0.0
0.0
0.0
0.0
0.0
0.0
0.0
0.0
0.0
0.0
0.0
0.0
0.0
0.0
0.0
0.0
0.0
0.0
0.0
0.0
0.0
0.0
0.0
0.0
0.0
0.0
0.0
0.0
0.0
0.0
0.0
0.0
0.0
0.0
0.0
0.0
0.0
0.0
0.0
0.0
0.0
0.0
0.0
0.0
0.0
0.0
0.0
0.0
0.0
0.0
0.0
0.0
0.0
0.0
0.0
0.0
0.0
0.0
0.0
0.0
0.0
0.0
0.0
0.0
0.0
0.0
0.0
0.0
0.0
0.0
0.0
0.0
0.0
0.0
0.0
0.0
0.0
0.0
0.0
0.0
0.0
0.0
0.0
0.0
0.0
0.0
0.0
0.0
0.0
0.0
0.0
0.0
0.0
0.0
0.0
0.0
0.0
0.0
0.0
0.0
0.0
0.0
0.0
0.0
0.0
0.0
0.0
0.0
0.0
0.0
0.0
0.0
0.0
0.0
0.0
0.0
0.0
0.0
0.0
0.0
0.0
0.0
0.0
0.0
0.0
0.0
0.0
0.0
0.0
0.0
0.0
0.0
0.0
0.0
0.0
0.0
0.0
0.0
0.0
0.0
0.0
0.0
0.0
0.0
0.0
0.0
0.0
0.0
0.0
0.0
0.0
0.0
0.0
0.0
0.0
0.0
0.0
0.0
0.0
0.0
0.0
0.0
0.0
0.0
0.0
0.0
0.0
0.0
0.0
0.0
0.0
2.0183670677805518e-33
1.657009900846186e-32
9.066331687461143e-32
3.306127908962149e-31
8.035062295855752e-31
1.3014886732904939e-30
1.4049895228729333e-30
1.0108514227975204e-30
4.847112681258493e-31
1.5490322275319802e-31
3.299281249989297e-32
4.683384051643143e-33
4.430795996968059e-34
2.793735489841552e-35
1.1740061262843315e-36
3.2880392239747826e-38
6.137410393446932e-40
7.635102774364059e-42
3.2719166323432852e-43
2.069829310640527e-45
8.726666597953454e-48
2.4521316546316195e-50
4.592199336428544e-53
5.731644257615322e-56
4.767813638942115e-59
2.643265965321201e-62
9.766613570095505e-66
2.4050753840154885e-69
0.0
0.0
0.0
0.0
0.0
0.0
0.0
0.0
0.0
0.0
0.0
0.0
0.0
0.0
0.0
0.0
0.0
0.0
0.0
0.0
0.0
0.0
0.0
0.0
0.0
0.0
0.0
0.0
0.0
0.0
0.0
0.0
0.0
0.0
0.0
0.0
0.0
0.0
0.0
0.0
0.0
0.0
0.0
0.0
0.0
0.0
0.0
0.0
0.0
0.0
0.0
0.0
0.0
0.0
0.0
0.0
0.0
0.0
0.0
0.0
0.0
0.0
0.0
0.0
0.0
0.0
0.0
0.0
0.0
0.0
0.0
0.0
0.0
0.0
0.0
0.0
0.0
0.0
0.0
0.0
0.0
0.0
0.0
0.0
0.0
0.0
0.0
0.0
0.0
0.0
0.0
0.0
0.0
0.0
0.0
0.0
0.0
0.0
0.0
0.0
0.0
0.0
0.0
0.0
0.0
0.0
0.0
0.0
0.0
0.0
0.0
0.0
0.0
0.0
0.0
0.0
0.0
0.0
0.0
0.0
0.0
0.0
0.0
0.0
0.0
0.0
0.0
0.0
0.0
0.0
0.0
0.0
0.0
0.0
0.0
0.0
0.0
0.0
0.0
0.0
0.0
0.0
0.0
0.0
0.0
0.0
0.0
0.0
0.0
0.0
0.0
0.0
0.0
0.0
0.0
0.0
0.0
0.0
0.0
0.0
0.0
0.0
0.0
0.0
0.0
0.0
0.0
0.0
0.0
0.0
0.0
0.0
0.0
0.0
0.0
0.0
0.0
0.0
0.0
0.0
0.0
0.0
0.0
1.7187051924253657e-33
1.340834308565378e-32
6.97156670333271e-32
2.415834662723338e-31
5.579375329392526e-31
8.587870668131505e-31
8.809818501894042e-31
6.023237323593111e-31
2.7445714257917943e-31
8.334904880164601e-32
1.6869736788506003e-32
2.2756083219120842e-33
2.045823996190128e-34
3.277049225195171e-35
1.4981534555911437e-36
4.5646888967141296e-38
9.269314454162073e-40
1.2544853541019604e-41
1.13152752645701e-43
6.802149921071876e-46
2.7252655358278198e-48
7.277010418631367e-51
1.2950266851305182e-53
1.5359815057011348e-56
1.2141568760315069e-59
6.396540722271073e-63
2.2459344804213804e-66
5.255699722287031e-70
0.0
0.0
0.0
0.0
0.0
0.0
0.0
0.0
0.0
0.0
0.0
0.0
0.0
0.0
0.0
0.0
0.0
0.0
0.0
0.0
0.0
0.0
0.0
0.0
0.0
0.0
0.0
0.0
0.0
0.0
0.0
0.0
0.0
0.0
0.0
0.0
0.0
0.0
0.0
0.0
0.0
0.0
0.0
0.0
0.0
0.0
0.0
0.0
0.0
0.0
3.785957303042506e-34
2.7297156654247005e-33
1.311718550986309e-32
4.2009301191777415e-32
8.966682706283183e-32
1.2755564853951627e-31
1.2093420012161736e-31
7.641526541499668e-32
3.2180490805707236e-32
9.032058656360214e-33
1.689516289326702e-33
2.1062967882997137e-34
4.1955787822082404e-35
2.6598162987563053e-36
1.123810158857154e-37
3.1645780581178155e-39
5.939094281185321e-41
7.428586331441005e-43
6.192609266967835e-45
3.440509251379152e-47
1.2739527769647605e-49
3.143876502926032e-52
5.1708170725479244e-55
5.668059733420105e-58
4.140866326581236e-61
2.016181158246773e-64
6.542586012034684e-68
1.414981878552689e-71
0.0
0.0
0.0
6.013662427000666e-34
4.081088881810099e-33
1.8458423640238926e-32
5.564097267394536e-32
1.117831556691321e-31
1.49671656822532e-31
1.3356243092020078e-31
9.881320991729242e-32
4.483966264145922e-32
1.356098431466322e-32
2.7333902377942736e-33
3.6719233981505372e-34
3.2875103921222497e-35
1.9616530791048876e-36
7.801153482270761e-38
2.0676498238571047e-39
3.65238628471008e-41
4.299896142419816e-43
3.373811209679748e-45
1.7642703517668706e-47
6.148809572271409e-50
1.4282311427252022e-52
2.21099368586738e-55
2.2811721151402263e-58
1.5685925723492176e-61
7.188591456682154e-65
2.1956292046631367e-68
4.469467086144862e-72
0.0
0.0
0.0
0.0
0.0
0.0
0.0
0.0
0.0
0.0
0.0
0.0
0.0
0.0
0.0
0.0
0.0
0.0
0.0
0.0
0.0
0.0
0.0
0.0
0.0
0.0
0.0
0.0
0.0
0.0
0.0
0.0
0.0
0.0
0.0
0.0
0.0
0.0
0.0
0.0
0.0
0.0
0.0
0.0
0.0
0.0
0.0
0.0
0.0
0.0
0.0
0.0
0.0
0.0
0.0
0.0
0.0
0.0
0.0005618475987325528
0.004431598363339173
0.02329613131824602
0.08161852957253475
0.19057910150520324
0.29658100471918447
0.307604678996807
0.21262978038399244
0.09795729684804164
0.03007675941611023
0.006154699305179941
0.0008393907633953192
7.629623024934494e-05
4.621931692459595e-06
1.8660596124148704e-07
5.021217714407971e-09
9.004801408916519e-11
1.07626885933553e-12
8.573318498679772e-15
4.551543415796931e-17
1.6104601003551888e-19
3.7977187392371735e-22
5.968665113118784e-25
6.252656885784396e-28
5.2206752653236925e-30
5.512647127814743e-32
2.4760368722828274e-32
7.79927631635955e-33
1.6373823277166305e-33
2.2910124616408797e-34
2.1364186101534685e-35
1.3277820754411054e-36
5.499824088684377e-38
1.518281654161435e-39
2.7934277173131037e-41
3.425343105895905e-43
2.799318214420447e-45
1.524691602153547e-47
5.534689920979139e-50
1.3390171188358145e-52
2.1590391235091023e-55
2.320152029107999e-58
1.661704983726388e-61
7.931821821956068e-65
2.523326945540732e-68
5.350023000764e-72
0.0
0.0
0.0
0.0
0.0
0.0
0.0
0.0
0.0
0.0
0.0
0.0
0.0
0.0
0.0
0.0
0.0
0.0
0.0
0.0
0.0
0.0
0.0
0.0
0.0
0.0
0.0
0.0
0.0
0.0
0.0
0.0
0.0
0.0
0.0
0.0
0.0
0.0
0.0
0.0
0.0
0.0
0.0
0.0
0.0
0.0
0.0
0.0
0.0
0.0
0.0
0.0
0.0
0.0
0.0
0.0
0.0
0.0
0.0
0.0
0.0
0.0
0.0
0.0
0.0
0.0
0.0
0.0
0.0
0.0
0.0
0.0
0.0
0.0
0.0
0.0
0.0
0.0
0.0
0.0
0.0
6.1221944123628045e-34
5.6345809183907344e-33
3.456190498345599e-32
1.4129125146187659e-31
3.849589489729799e-31
6.9902887593427925e-31
8.459746720233635e-31
6.823405062839165e-31
3.6679760750409453e-31
1.3141150324172498e-31
3.137775159472292e-32
4.9933476746414686e-33
5.295943456437269e-34
3.743487793963778e-35
1.7635632954606466e-36
5.537161997393398e-38
1.1586838560120033e-39
1.6159362761363668e-41
1.5019831248312348e-43
9.304379681506393e-46
3.841416021439129e-48
1.0570044378026066e-50
1.9384018972114138e-53
2.3691490805255667e-56
1.9298453232811233e-59
1.3435178364924975e-61
5.565140442208804e-65
1.53635072283702e-68
0.0
0.0
0.0
0.0
0.0
0.0
0.0
0.0
0.0
0.0
0.0
0.0
0.0
0.0
0.0
0.0
0.0
0.0
0.0
0.0
0.0
0.0
0.0
0.0
0.0
0.0
0.0
0.0
0.0
0.0
0.0
0.0
0.0
0.0
0.0
0.0
0.0
0.0
0.0
0.0
0.0
0.0
0.0
0.0
0.0
0.0
0.0
0.0
0.0
0.0
0.0
0.0
0.0
0.0
0.0
0.0
0.0
0.0
0.0
0.0
0.0
0.0
0.0
0.0
0.0
0.0
0.0
0.0
0.0
0.0
0.0
0.0
0.0
0.0
0.0
0.0
0.0
0.0
4.844177462099489e-35
4.514958822673901e-34
2.8045881264582936e-33
1.1610901385876032e-32
3.203644592733516e-32
5.89120685219264e-32
7.220142381707847e-32
5.897511550900967e-32
3.2105052656884955e-32
1.1648218835072818e-32
2.816613158726473e-33
4.539169861079408e-34
4.875365884355391e-35
3.4899527033289564e-36
1.6649968525173053e-37
5.2940597747462245e-39
1.1218784672343246e-40
1.5844711375475012e-42
1.4914352412091156e-44
9.35634047537325e-47
3.9119129491484e-49
1.0900687633451059e-51
1.7229178223576006e-53
2.4413601797445524e-56
2.3055826642425796e-59
1.4511459281072239e-62
6.08727644796726e-66
1.7018313167765996e-69
0.0
0.0
0.0
0.0
0.0
0.0
0.0
0.0
0.0
0.0
0.0
0.0
0.0
0.0
0.0
0.0
0.0
0.0
0.0
0.0
0.0
0.0
0.0015004278905354912
0.012229031674002125
0.06642790555097564
0.24048644218583654
0.5802460375417648
0.9330723447266047
1.0
0.7142762840709073
0.34002747416531487
0.10788059581571037
0.022811519314058223
0.0032147457798983817
0.0003019399692081463
1.890062328662687e-05
7.885208730309323e-07
2.1924606638470807e-08
4.062861094879225e-10
5.017803926151292e-12
4.130255780197656e-14
2.2658009603091904e-16
8.284153043969903e-19
2.0186267257645234e-21
3.2782756828313088e-24
3.6152580458909116e-26
2.9855980270779917e-29
1.643254828293162e-32
6.027816835680733e-36
1.4736580657765196e-39
0.0
0.0
0.0
0.0
0.0
0.0
0.0
0.0
0.0
0.0
0.0
0.0
0.0
0.0
0.0
0.0
0.0
0.0
0.0
0.0
0.0
0.0
0.0
0.0
0.0
0.0
0.0
0.0
0.0
0.0
0.0
0.0
0.0
0.0
0.0
0.0
0.0
0.0
0.0
0.0
0.0
0.0
0.0
0.0
0.0
0.0
0.0
0.0
0.0
0.0
0.0
0.0
0.0
0.0
0.0
0.0
0.0
0.0
0.0
0.0
0.0
0.0
0.0
0.0
0.0
0.0
0.0
0.0
0.0
0.0
0.0
0.0
0.0
0.0
0.0
0.0
0.0
0.0
0.0
0.0
0.0
0.0
0.0
0.0
0.0
0.0
0.0
0.0
0.0
0.0
0.0
0.0
0.0
0.0
0.0
0.0
0.0
0.0
0.0
0.0
0.0
0.0
0.0
0.0
0.000842673154902318
0.006970899660679655
0.03843262536212887
0.141218899114739
0.34583356285746647
0.564446785895387
0.6139887561770931
0.4451223282845584
0.21507002720092833
0.06925672459058843
0.01486365289069889
0.002126036466268421
0.00020267370754618918
1.2876732186054188e-05
5.452497340378901e-07
1.538745549383341e-08
2.8941411308819315e-10
3.6278903229397382e-12
3.0308897647845186e-14
1.6875928677524031e-16
4.2315573849342144e-18
1.198120103281311e-20
2.2609034891813216e-23
2.843449672766134e-26
2.3864275858799524e-29
4.4663123218584264e-32
2.1370228765809176e-32
9.70457103216776e-33
2.9378235256337066e-33
5.92729672091896e-34
7.97019929571988e-35
7.142713684978037e-36
4.266176810640271e-37
1.6982280416213965e-38
4.505414091729283e-40
7.966268985815975e-42
9.387647379468801e-44
2.600330775640717e-05
0.0002169245466662931
0.0012060639858492792
0.004469032861730289
0.01103667604867138
0.018165384317758847
0.019926564713898514
0.014568063493023935
0.00709827409712443
0.0035082261825149334
0.0008692428070642643
0.0001435410682414185
1.5797661013492926e-05
1.1587532232628153e-06
5.664618522895893e-08
1.8455759799442e-09
4.0075111423640416e-11
5.799614086197696e-13
5.593775103608614e-15
3.5957745605870026e-17
1.540499130734394e-19
4.398575063961479e-22
8.370359408965466e-25
1.0615922830277058e-27
8.973315705682952e-31
5.055099295244497e-34
1.8979640492810016e-37
4.749280510803992e-41
4.452379066801784e-53
5.833820578153983e-56
5.094429447567992e-59
2.9649650903725933e-62
1.1500723565213874e-65
2.973119007036739e-69
0.0
0.0
0.0
1.2207782890315114e-34
8.94128673634747e-34
4.364603494538441e-33
1.4199436761110732e-32
3.078782347998943e-32
4.449061469264772e-32
4.2848869920884086e-32
2.7503748436912e-32
1.176592159023303e-32
3.354606319860565e-33
6.374391304583361e-34
8.072674235394121e-35
6.813616451660647e-36
3.832829377278434e-37
1.4369539101153443e-38
3.590440537181026e-40
5.979077557160512e-42
6.635935916196472e-44
4.908533146076694e-46
2.41981865715402e-48
7.950518672998893e-51
1.7409634402871206e-53
2.5407702089346433e-56
2.6092562974043888e-58
1.936399928994696e-61
9.577560939656725e-65
3.1571581554473443e-68
6.936163157769741e-72
0.0
0.0
0.0
0.0
0.0
0.0
0.0
0.0
0.0
0.0
0.0
0.0
0.0
0.0
0.0
0.0
0.0
0.0
0.0
0.0
0.0
0.0
0.0
0.0
0.0
0.0
0.0
0.0
0.0
0.0
0.0
0.0
0.0
0.0
0.0
0.0
0.0
0.0
0.0
0.0
0.0
0.0
0.0
0.0
0.0
0.0
0.0
0.0
0.0
0.0
0.0
0.0
0.0
0.0
0.0
0.0
0.0
0.0
0.0
0.00018025324795249058
0.00150371711192388
0.00836047077487885
0.03097967607458795
0.07650759671889404
0.12592553240839208
0.1381352695979353
0.10098966038994533
0.049207442316778725
0.015979611650884972
0.003458463505140499
0.0004988634916250873
4.795808080987341e-05
8.033091318410391e-06
3.927040293004223e-07
1.2794683841932277e-08
2.7782754967682674e-10
4.020708671650875e-12
3.8780325744090504e-14
2.4928827190692197e-16
1.0680062385347715e-18
3.0494904683203926e-21
5.803130260754812e-24
7.360018503847059e-27
6.221241229021058e-30
3.504747421673521e-33
1.3158850612332172e-36
3.2927649966920847e-40
0.0
0.0
0.0
0.0
0.0
0.0
0.0
0.0
0.0
0.0
0.0
0.0
1.1969751372434534e-34
8.139475411382245e-34
3.688835168077691e-33
1.1142012258474579e-32
2.2429498453143415e-32
3.0092414903502335e-32
2.690766846093121e-32
1.6035283516162292e-32
6.368816942443427e-33
1.6858636150741525e-33
2.9741827968908e-34
3.49699027921932e-35
2.7403292167065724e-36
1.4311745516851108e-37
4.9815445391891745e-39
1.155625132213782e-40
3.6296453864330846e-35
2.863887423633064e-34
1.5060148605618839e-33
5.2781790728672924e-33
1.232879217561449e-32
1.919280678974475e-32
1.9913059852897258e-32
1.376952804855516e-32
6.345731015428916e-33
3.0219753813174467e-33
7.082003000936265e-34
1.1061215131474464e-34
1.1514129770738122e-35
7.988053205671272e-37
3.6934508669694846e-38
1.138165065758193e-39
2.337543626561732e-41
1.0337938671709846e-33
6.538868407299578e-33
2.7564669628686317e-32
7.744342186133562e-32
1.4500995735201376e-31
1.8096419850945648e-31
1.505112805372297e-31
8.343091103192979e-32
3.0822401214504833e-32
7.589051516647674e-33
1.2453461450603584e-33
1.3619909088940259e-34
9.927499752345957e-36
4.822665155262262e-37
1.5614061363457393e-38
3.3691954270146045e-40
4.845270988509723e-42
2.287073793481718e-43
1.672532735785033e-45
8.151745721840127e-48
2.647940181072087e-50
5.732542242145002e-53
8.271188255655388e-56
7.953716294751935e-59
5.097460090320836e-62
2.177304252519705e-65
6.198205278608535e-69
2.7426037311668373e-34
1.747018970293281e-33
7.416751488008966e-33
2.098511638349425e-32
3.957223551070122e-32
3.14646895833027e-05
0.00023803021000261574
0.001200113320514886
0.0040326820372499576
0.009031237296607644
0.013479757350772496
0.013409063384760354
0.008889889464395758
0.003928039321185537
0.0011567428941667774
0.00022702798901788466
6.119866807695204e-05
6.107832415512028e-06
4.0626911022508455e-07
1.801034539308925e-08
5.3212275188373e-10
1.0478115066113263e-11
1.3751055868673285e-13
1.2027364640542395e-15
7.011104777663438e-18
2.723855002153023e-20
7.052824240921281e-23
1.2170927813647961e-25
1.3997998762806816e-28
1.0729913670579528e-31
5.487432456900507e-35
2.0118636308947176e-38
2.78095336366648e-41
2.5445955723868726e-43
1.8305237341572953e-45
8.776341409911787e-48
2.8043563772229843e-50
5.972201393530745e-53
8.47651303706772e-56
8.018286544531293e-59
5.055073313069353e-62
2.124001860680744e-65
9.510588164241954e-68
0.0
0.0
0.0
0.0
0.0
0.0
0.0
0.0
0.0
0.0
0.0
0.0
0.0
0.0
0.0
0.0
0.0
0.0
0.0
0.0
0.0
0.0
0.0
0.0
0.0
0.0
0.0
0.0
0.0
0.0
0.0
0.0
0.0
0.0
0.0
0.0
0.0
0.0
0.0
0.0
0.0
4.739819986788109e-34
3.252897042043248e-33
1.4878540633627757e-32
4.535570285577011e-32
9.214780945092077e-32
1.247727301429092e-31
1.1259935130724295e-31
6.772260376219742e-32
2.7146444387813706e-32
1.1779676188452045e-32
2.4011275985489593e-33
3.2619603292248654e-34
2.9534094397299755e-35
1.782174356948472e-36
7.167344352452666e-38
1.921090828768263e-39
3.4317771252720374e-41
4.085750096920925e-43
3.241948207951987e-45
1.7144384313715546e-47
6.042536223473099e-50
1.4193783608946707e-52
2.222074653025353e-55
2.3184656143569595e-58
1.612219690746672e-61
7.471870412931945e-65
2.307894698137707e-68
4.750990871193709e-72
0.0
0.0
0.0
0.0
0.0
0.0
0.0
0.0
0.0
0.0
0.0
0.0
0.0
0.0
0.0
0.0
0.0
0.0
0.0
0.0
0.0
0.0
0.0
0.0
0.0
0.0
0.0
0.0
0.0
0.0
0.0
0.0
0.0
0.0
0.0
0.0
0.0
0.0
0.0
0.0
0.0
0.0
0.0
1.5335427624420355e-33
1.0361008449793252e-32
4.6654088975674617e-32
1.4000996494710592e-31
2.8003333247169455e-31
3.7328630641682387e-31
3.3163162332373674e-31
1.9635924931793428e-31
7.748690912300265e-32
2.0379187279352848e-32
3.5721273315589004e-33
4.173001592009575e-34
3.249015009682481e-35
1.6859179443460477e-36
5.83045834371556e-38
4.9398572540023135e-39
8.687268475715944e-41
1.0182012727053698e-42
7.953633516574861e-45
4.1407505142370847e-47
3.0349542205978482e-33
1.939654145862708e-32
8.261863239441151e-32
2.3453801899243337e-31
4.4374150465538215e-31
5.595364703435961e-31
4.702277926309767e-31
2.633720826410722e-31
9.831340319539563e-32
2.445891962014936e-32
4.05549021623364e-33
4.4815783597507785e-34
3.3006553555313637e-35
1.6201339088429165e-36
0.00030993977046012903
0.002595965226071825
0.014491120986105612
0.05391214883563373
0.13367581803250306
0.2209024877293522
0.2432931667446223
0.20710168914592356
0.11598865860274517
0.043294124221054005
0.010770204265291869
0.001785666986750158
0.00019731429362874383
1.4531089338169114e-05
7.132131579685679e-07
2.333039377502239e-08
5.086351146893681e-10
7.390471691862746e-12
7.15681060795909e-14
4.61900507541891e-16
1.9868217359195384e-18
5.6957499344868714e-21
1.0882394694250422e-23
1.385733068749751e-26
1.1760241408728087e-29
6.651727371510358e-33
2.5074610357244244e-36
6.299636541910038e-40
0.0
0.0
0.0
0.0
0.0
0.0
0.0
0.0
0.0
0.0
0.0
8.87387567445417e-37
7.386266447424558e-36
4.0974923222036084e-35
1.5149310782598844e-34
3.732924015598404e-34
6.13037403127305e-34
6.709750077541653e-34
4.894487947147014e-34
2.3795220355132844e-34
7.70998879108498e-35
1.664942772836973e-35
2.3962185325407843e-36
2.2984501184379426e-37
1.4693501157371606e-38
6.260327426523735e-40
1.7776667653421698e-41
3.3642263350114184e-43
4.2432791892196567e-45
3.566970822195647e-47
1.1770612157164905e-48
5.031524359906814e-51
1.4334470578856163e-53
2.7217315256264636e-56
3.444216619733191e-59
2.9048063184296344e-62
1.63277165075592e-65
6.116673093171041e-69
1.527167373684917e-72
0.0
0.0
0.0
0.0
0.0
0.0
0.0
0.0
0.0
0.0
0.0
0.0
0.0
0.0
0.0
0.0
0.0
0.0
0.0
0.0
0.0
0.0
0.0
0.0
0.0
0.0
0.0
0.0
0.0
0.0
0.0
0.0
0.0
0.0
0.0
0.0
0.0
0.0
0.0
0.0
0.0
0.0
0.0
0.0
0.0
0.0
0.0
0.0
0.0
0.0
0.0
0.0
0.0
0.0
0.0
0.0
0.0
0.0
0.0014605619114331741
0.009467801978007229
0.040903447087043125
0.11777475259140709
0.22600915949429495
0.2890556269043399
0.24638732584514564
0.13997060769904796
0.052995242101481224
0.013372680268802692
0.0022489592680729697
0.0005469209200741372
4.67724635043381e-05
2.6658610049543814e-06
1.012666183204527e-07
2.5637558307394967e-09
4.3258211821464674e-11
4.864542621692889e-13
3.6458350105067e-15
1.821099006650101e-17
6.062498610151522e-20
1.345089847748256e-22
1.9889894784306034e-25
1.960176710477031e-28
1.287477097362522e-31
5.635926850858837e-35
1.6442684793333247e-38
3.197140068184262e-42
5.790807653069098e-60
3.27230077795608e-63
1.232391912721287e-66
3.093328279742663e-70
0.0
0.0
0.0
0.0
0.0
0.0
0.0
0.0
0.0
0.0
0.0
0.0
0.0
0.0
0.0
0.0
0.0
0.0
0.0
0.0
0.0
0.0
0.0
0.0
0.0
0.0
0.0
0.0
0.0
0.0
0.0
0.0
0.0
0.0
0.0
0.0
0.0
0.0
0.0
0.0
0.0
6.919300583598996e-05
0.0005821916455359256
0.0032647602110085503
0.012201638583906172
0.03039251034220196
0.0504541085905414
0.055822341619716664
0.04116244003081903
0.02022906081354542
0.00662570166710983
0.0014463372868783635
0.0002104208817353424
2.0402793680347503e-05
1.3184752683196173e-06
5.6785294953173286e-08
5.569027273493283e-09
1.2196797775924136e-10
1.7803026974432527e-12
1.731902442442978e-14
1.1228831056512472e-16
4.852071800630688e-19
1.3973378990617684e-21
2.6819903189844896e-24
3.4307930501284956e-27
2.924915915189363e-30
1.6619340956396983e-33
6.293551032115452e-37
1.5883977624498262e-40
0.0
0.0
0.0
0.0
0.0
0.0
0.0
0.0
0.0
0.0
0.0
0.0
0.0
0.0
0.0
0.0
0.0
0.0
0.0
0.0
0.0
0.0
0.0
0.0
0.0
0.0
2.761906726151131e-35
2.455077195300429e-34
1.4544635601613014e-33
5.742778766270382e-33
1.5112032365523154e-32
2.650362098899382e-32
3.097912149270281e-32
2.413317885558438e-32
1.2529724253797325e-32
4.335608344613141e-33
9.998621347297375e-34
1.536780170939467e-34
3.519603108488748e-35
2.7508562694027053e-36
6.611842800729269e-06
4.820189705555755e-05
0.00023420021553822862
0.0007583889528382662
0.0016367345652053182
0.0023542146516438416
0.002256812146332067
0.0014418706813000364
0.0006139581372361879
0.00017423393963572774
3.295401247106897e-05
4.153989505218768e-06
3.4898281095236374e-07
1.9539985003803876e-08
7.291652511886316e-10
1.8134653000047437e-11
3.0058969249625017e-13
3.3206298421070574e-15
2.444828486022738e-17
1.1996591641055258e-19
3.9232763737720555e-22
8.551090226230762e-25
1.2421606310450604e-27
1.2037611638510962e-30
9.709955245496749e-33
3.557893346962366e-35
2.0206452371575744e-36
8.777874730168595e-38
2.54327429668098e-39
4.911116264132152e-41
6.320461311156156e-43
5.4212431590407214e-45
3.0990640004473096e-47
1.1807113863135453e-49
2.998047475706939e-52
6.333518546070769e-34
4.802847347432277e-33
2.4273593140093158e-32
8.17618861169189e-32
9.519524049993697e-06
8.611556895765776e-05
0.0005191939980778018
0.0020862156529243
0.005586892102085596
0.009971555634893037
0.011861431291611994
0.009403571401623472
0.004968555023632928
0.0017496409273946862
0.0004106287023931973
0.00012470496510805964
1.4882870370764784e-05
1.18378055302972e-06
6.275339861788414e-08
2.2170977943545414e-09
5.220522796764772e-11
8.192655465708811e-13
8.568739391082786e-15
5.972975394081237e-17
2.774891873544705e-19
8.59177613545119e-22
1.7729700056524714e-24
2.438379915300342e-27
2.2350276723828057e-30
1.3653562571672955e-33
5.558922425228026e-37
1.5084009256181885e-40
0.0
0.0
0.0
0.0
0.0
0.0
0.0
0.0
0.0
0.0
0.0
0.0
0.0
0.0
0.0
0.0
0.0
0.0
0.0
0.0
0.0
0.0
0.0
0.0
0.0
0.0
0.0
0.0
0.0
0.0
0.0
0.0
0.0
0.0
0.0
0.0
0.0
0.0
3.398932676799729e-34
2.3039711653023094e-33
1.040861787024973e-32
3.133939714625077e-32
6.288828617371464e-32
8.41066682144553e-32
7.49674342048591e-32
4.4534482826609e-32
1.7632006105854458e-32
4.65252365648133e-33
8.18195338219055e-34
9.589742803698483e-35
7.490977051612118e-36
3.899882495926282e-37
1.3531505714699388e-38
3.129120421426885e-40
4.8225859517960365e-42
4.953580496082063e-44
3.3910955026749626e-46
1.5471854239419014e-48
4.7046384952309786e-51
9.534363348182835e-54
1.2187169532135253e-55
1.2559457295476351e-58
8.62621826795073e-62
3.948676547101274e-65
1.2046592672137398e-68
2.4493928160458866e-72
0.0
0.0
0.0
0.0
0.0
0.0
0.0
0.0
0.0
0.0
0.0
0.0
0.0
0.0
0.0
0.0
0.0
0.0
0.0
0.0
0.0
0.0
0.0
7.020527503635486e-34
4.942349663848942e-33
2.3188824770828916e-32
7.251127772528111e-32
1.5111720944937248e-31
2.09895844606449e-31
1.943011202140363e-31
1.19874916139314e-31
4.929046059519184e-32
1.350762467371647e-32
2.4670425567192953e-33
3.003003551557954e-34
2.4362205299824876e-35
1.3172217697531001e-36
4.746601246117237e-38
1.139956151055853e-39
1.8246311797140447e-41
1.94645149500997e-43
1.383864688236243e-45
6.557302483916611e-48
2.0708009530745406e-50
4.358459780764444e-53
5.713431530734423e-55
6.114969483624624e-58
4.36187392970288e-61
2.69610167557018e-34
2.264777606163815e-33
1.267933294665542e-32
4.730954795068474e-32
1.1764750970303825e-31
1.9498366408064776e-31
2.1537498689782215e-31
1.5855277555051533e-31
7.779182893086628e-32
2.5437572446743686e-32
5.543689440720927e-33
8.051998228589646e-34
7.794531142278871e-35
0.0005127724035896032
0.003553418632167768
0.016411552045665495
0.05051664290429419
0.10363366499791708
0.14169312574984266
0.12911546178325012
0.07841321722358521
0.03173816701692419
0.008561620188060656
0.002853029280160727
0.00039136584862191554
3.578006873526822e-05
2.1801228344109966e-06
8.853241376125288e-08
2.3961014093374683e-09
4.322048463219531e-11
5.195838196426947e-13
4.162968764985256e-15
2.22296300253189e-17
7.911209131174002e-20
1.8764415624175203e-22
2.9662569630318686e-25
3.125100912939052e-28
2.1943245853405616e-31
1.0268789242047076e-34
3.202721388093987e-38
6.65733831846657e-42
0.0
0.0
0.0
0.0
0.0
4.640128430744446e-34
3.551912172186912e-33
1.1011620190069688e-32
4.286334116574562e-32
1.11199380226923e-31
1.9226501254737569e-31
2.2155405480583287e-31
1.701534240868839e-31
8.709299620259588e-32
2.971031923169808e-32
6.754807129849045e-33
1.0235289622736122e-33
1.0336389528934136e-34
6.956954241966351e-36
3.1206924806054726e-37
9.329628490927936e-39
1.8589138977881167e-40
2.4685148634568726e-42
2.1847098509322722e-44
1.2886451261030503e-46
5.065874800170169e-49
1.3272633956610938e-51
2.3176151993138574e-54
2.697162368861353e-57
2.0919649375162817e-60
1.7942853994094777e-35
1.287838104248614e-34
6.160451836231134e-34
1.3959856600829593e-33
3.395743149329748e-33
5.505163952475494e-33
5.948222835601562e-33
4.283371577592748e-33
2.0557287961554612e-33
6.575479625877958e-34
1.4017501190598454e-34
1.9915688049563547e-35
1.885825815747738e-36
1.1901162535371729e-37
5.0056299953424026e-39
1.4031679313563847e-40
2.621453176623877e-42
3.2640447738047086e-44
2.708642311031094e-46
1.498058444725814e-48
5.521885591595435e-51
1.3565243675899522e-53
2.221004011692785e-56
2.4235536308247296e-59
1.7625338825929049e-62
0.0003761971183994535
0.0026880023455846994
0.012800453912349904
0.040625867280876395
0.07003068196839718
0.11302335922007495
0.12157089519024722
0.08715103847787989
0.04163869084395657
0.013258766265942417
0.0028137837100934795
0.00039797872432826463
3.751548353037259e-05
2.356908861773069e-06
9.868623455163798e-08
2.7539237775027916e-09
5.121872948461036e-11
6.348735515459802e-13
5.244779288747459e-15
2.887677885718139e-17
1.0596240950207686e-19
2.5914119176755694e-22
4.2237930039121585e-25
4.588284817141254e-28
3.3218678675544643e-31
1.6042460677475979e-34
5.783774833907014e-38
1.9890208181282833e-40
7.762812950437994e-07
7.13424123817253e-06
2.4984333202019693e-05
0.00011676132437138404
0.00036367362850658154
0.0007549290807383649
0.0010444365197128686
0.0009630292782258066
0.0005918047967689718
0.00024238124907832387
6.616085449795216e-05
1.2036070983556336e-05
1.4593179458611654e-06
1.179224936019123e-07
6.350748780345231e-09
2.2794746191254994e-10
5.4528824623583226e-12
8.693588114570021e-14
9.237480450475486e-16
6.54168386493548e-18
3.087501098869321e-20
9.71194551701749e-23
2.036042798976757e-25
2.8448012812358753e-28
2.7109125029820513e-31
1.3965593840557856e-32
2.052602903095136e-32
2.134661705260469e-32
1.6144279683551292e-32
8.137478245306423e-33
2.7336477795170263e-33
6.1203579241043535e-34
9.132562083679497e-35
9.082177677123014e-36
6.019617591298565e-37
2.659067485943102e-38
7.828370376634606e-40
1.5360130950688817e-41
2.00863034668829e-43
1.7505989737833784e-45
1.0168452575888911e-47
3.936448859074417e-50
1.0156309055388416e-52
1.746420217858578e-55
2.001442608258354e-58
1.5286887870416554e-61
7.781737327510849e-65
2.6400709742943983e-68
5.969475661205577e-72
0.0
0.0
0.0
0.0
0.0
0.0
0.0
0.0
0.0
0.0
0.0
0.0
9.013168807303209e-06
8.491290283412424e-05
0.0005331524619873036
0.0022310571661736996
0.00622230830378054
0.01156575268692983
0.014327744399861155
0.011829415799402672
0.006509240494794517
0.0023871454741646032
0.0005834571987860098
9.504311624846272e-05
1.0318436132668744e-05
7.466011276967878e-07
3.6003518996233256e-08
1.1571317455618266e-09
2.4785758522760824e-11
3.5383693803537027e-13
1.662026704725566e-14
1.2065394646808107e-16
5.837496245464961e-19
1.8823190818088253e-21
4.0452132743991985e-24
5.7939030319683754e-27
5.5337837441132696e-30
0.00025874893325255244
0.0016969349945793186
0.007417087320672367
0.021606435535503423
0.041948304190956784
0.05427842525920133
0.04680816522859238
0.02690280384802684
0.01030516667333622
0.0026308376215907437
0.0004476252899431319
5.075942982889051e-05
3.836192598384875e-06
1.9322602475674354e-07
6.486529291026445e-09
1.4512448650743775e-10
2.163966617403188e-12
2.1505124725395965e-14
7.934211352754225e-16
4.009569579266461e-18
1.3504337762497938e-20
3.0313101754090997e-23
4.534913536417682e-26
4.521569317184447e-29
3.0046294748653423e-32
1.330681752969807e-35
3.927706506792489e-39
7.726546149600314e-43
0.0
0.0
0.0
0.0
0.0
0.0
0.0
0.0
0.0
0.0
0.0
0.0
0.0
0.0
0.0
6.127079516786078e-06
2.7975595526249342e-05
0.00019463429481865474
0.0009024869688549791
0.0027889714069055556
0.005744189146258425
0.007884877499357306
0.007213444871401433
0.004398170202113398
0.00178724007842571
0.0004840333726727919
8.7367370587133e-05
1.0510049776963963e-05
8.426395294301262e-07
4.502569576938741e-08
1.6034690612743501e-09
3.8057677798178864e-11
6.020125340790133e-13
6.346734487158569e-15
4.4594025211775747e-17
2.0882599919851628e-19
6.517394493791578e-22
1.3556419478057089e-24
1.8793061562774683e-27
1.7363274143843247e-30
1.0691712110854405e-33
4.387775900218083e-37
1.934090329102925e-39
2.0663006507969287e-58
1.4713347018477805e-61
6.9825007627049365e-65
2.2084727948776454e-68
4.655374934207663e-72
0.0
0.0
0.0
2.6810614843690566e-36
2.531548399831793e-35
1.5931154313937947e-34
6.681743532512086e-34
1.8677291964526978e-33
3.4795217995710764e-33
4.320228961018148e-33
3.574995621881026e-33
1.9716317938969146e-33
7.246989958795221e-34
1.7752971444116431e-34
2.898451232639677e-35
3.153860565482797e-36
2.2871809674941848e-37
1.1054525761912205e-38
3.560912088661359e-40
7.644761414705271e-42
4.71338865580128e-43
5.145629547867401e-45
3.743909387936485e-47
1.8154892844795507e-49
5.86737166066121e-52
1.2637904115354052e-54
1.8142121090868314e-57
1.7357317788248646e-60
1.1067734095150163e-63
4.703448211354964e-67
1.3321574704457764e-70
0.0
0.0
0.0
0.0
0.0
0.0
0.0
0.0
2.218877120438219e-34
1.5086418536899082e-33
6.836291931271785e-33
2.0646032020053708e-32
4.155603861043238e-32
5.57459388223726e-32
5.412112585708335e-32
3.6918878134043256e-32
1.6784627860500287e-32
5.0857673128820674e-33
1.0270292292988246e-33
1.3822629570839097e-34
1.239881224768531e-35
7.412266846627932e-37
2.9532727367295185e-38
7.842194597936713e-40
1.3878841675793447e-41
1.6370063968467887e-43
1.2868534156739256e-45
6.742009046896351e-48
2.3541337328744897e-50
5.478409328606721e-53
8.49687783305395e-56
8.783059364646079e-59
6.050814102531953e-62
2.778199001517738e-65
8.501478083167788e-69
1.7338322485529591e-72
0.0
0.0
0.0
0.0
0.0
0.0
0.0
0.0
0.0
0.0
0.0
0.0
0.0
0.0
0.0
0.0
0.0
0.0
0.0
0.0
0.0
0.0
0.0
0.0
0.0
0.0
0.0
0.0
0.0
0.0
0.0
0.0
0.0
0.0
0.0
3.860717624741857e-34
2.57883668485921e-33
1.1480510209224964e-32
3.4062779785461486e-32
6.735665829598313e-32
8.876924515300424e-32
7.79697369787311e-32
4.565133365984514e-32
1.7887496749510054e-32
5.125874249701495e-33
2.843392467223377e-33
5.694409685212726e-33
1.0253903087354203e-32
1.2492395529030487e-32
1.0149885214942923e-32
5.496291510357758e-33
1.9836288948762754e-33
4.771255373035258e-34
7.648679218438312e-35
8.171876237392825e-36
1.4686315814215314e-36
7.979042471365866e-38
2.8891509872349817e-39
8.761439426575756e-07
7.044615320156685e-06
3.775032120599341e-05
0.00013482349088027483
0.00032091648928608027
0.0005090964227943576
0.0005382569009044191
0.00037928067554753486
0.00017812028171115192
5.575034753275011e-05
1.1629561317364036e-05
1.6168161363169163e-06
1.498095450611808e-07
9.251238632831895e-09
3.807516817108803e-10
1.0443963010813743e-11
1.909283274085595e-13
2.32625306957687e-15
1.8889701649724497e-17
1.0222915855602271e-19
3.6872791861354557e-22
8.863776684818477e-25
1.4200810692215397e-27
1.551947001573616e-29
1.2643688818832097e-32
6.865185226924117e-36
2.484347071342584e-39
5.99175193921566e-43
0.0
0.0
0.0
0.0
0.0
0.0
0.0
0.0
0.0
0.0
0.0
0.0
0.0
0.0
0.0
0.0
0.0
0.0
8.976700037295272e-35
7.4980230177812075e-34
4.174056982965282e-33
1.0464865155079168e-32
2.9624281184567365e-32
5.589121543491469e-32
7.027823325304824e-32
5.889516791064957e-32
3.2894254007226894e-32
1.2244525705061223e-32
3.0377039159857194e-33
5.022621634591056e-34
5.53473756443374e-35
4.06485587312576e-36
1.989641441114918e-37
6.490617744598347e-39
1.4111682467138345e-40
2.0448106892215248e-42
1.9747356475403652e-44
1.2710024084664467e-46
2.8458486552563504e-34
1.882648254355067e-33
8.300573889071892e-33
2.4390943601624713e-32
4.776729322502087e-32
6.2346806164148e-32
5.423496166234118e-32
3.1443147455903705e-32
1.7449834904993672e-32
5.144469272923393e-33
1.010814308657872e-33
1.3236822114530327e-34
1.1552544027380669e-35
6.7197494476300725e-37
2.6050140885092884e-38
6.73052002512577e-40
1.1589607102263156e-41
1.3300573086221811e-43
1.017310537103257e-45
5.185830049698644e-48
1.7618322898424573e-50
3.9892605172675496e-53
6.020073315382444e-56
5.268517398906819e-05
0.0003996304136628809
0.0020202736278534398
0.006806806501972392
0.015284743799535186
0.022874650658835264
0.02281562263736834
0.015166722064219722
0.006719433798279864
0.001984061724337221
0.00039044442547540306
0.00010543774728509238
1.055122165203371e-05
7.037054631055134e-07
3.127956083689295e-08
9.266418694401525e-10
1.8295519266715928e-11
2.4074601612594766e-13
2.1113246891755466e-15
1.2340492474752935e-17
4.807192406727722e-20
1.2480502358293168e-22
2.159504814439768e-25
2.022911229125764e-05
0.0001539156103414023
0.0007804948840136492
0.0026377826098253135
0.005941409536706177
0.008919110108339283
0.00892349757657463
0.005950181904325964
0.0026442768558787412
0.0007831864282650382
0.00015459837703377935
2.033884356447434e-05
1.7833193819907194e-06
1.0421099719169561e-07
1.2525758277039597e-08
3.7221256404124664e-10
7.371562958993064e-12
9.729929146593498e-14
8.559360625222119e-16
5.018275725023662e-18
1.9608720798003337e-20
5.106526078971123e-23
8.863053967913781e-26
1.0252335353963382e-28
7.908035085607308e-32
2.5586848273236624e-34
7.544001997477467e-34
1.7620220715294873e-33
2.7429029799108165e-33
2.845712996994682e-33
1.9676746777826854e-33
9.067697929843593e-34
2.7849816615916572e-34
5.700713084835828e-35
7.777098073432612e-36
7.071108739951391e-37
4.284883359473948e-38
1.7305017424299188e-39
4.657862089074368e-41
8.355698457991548e-43
4.570331558321813e-44
4.169139440686371e-46
2.5347006851879936e-48
1.0270426807120371e-50
2.7735234985418794e-53
4.991795162329527e-56
5.987743804521502e-59
4.786865362509283e-62
2.550473192526558e-65
9.056739201017666e-69
2.1434063298526996e-72
0.0
0.0
0.0
0.0
0.0
0.0
0.0
0.0
0.0
0.0
0.0
0.0
0.0
0.0
0.0
0.0
0.0
0.0
0.0
0.0
0.0
0.0
0.0
0.0
0.0
0.0
0.0
0.0
0.0
0.0
0.0
0.0
0.0
0.0
0.0
0.0
0.0
0.0
0.0
0.0
0.0
0.0
0.0
0.0
0.0
0.0
0.0
0.0
0.0
0.0
0.0
0.0
0.0
0.0
0.0
0.0
0.0
0.0
0.0
0.0
0.0
0.0
0.0
0.0
0.0
0.0
0.0
0.0
0.0
0.0
0.0
0.0
0.0
0.0
0.0
0.0
0.0
0.0
0.0
0.0
0.0
0.0
0.0
0.0
0.0
0.0
0.0
0.0
0.0
0.0
0.0
0.0
0.0
0.0
0.0
0.0
0.0
0.0
0.0
0.0
0.0
0.0
0.0
0.0
0.0
0.0
0.0
0.0
0.0
0.0
0.0
0.0
0.0
0.0
0.0
0.0
0.0
0.0
0.0
0.0
0.0
0.0
0.0
0.0
0.0
0.0
0.0
0.0
0.0
0.0
0.0
0.0
0.0
0.0
0.0
0.0
0.0
0.0
0.0
0.0
0.0
0.0
0.0
0.0
0.0
0.0
0.0
0.0
0.0
0.0
0.0
0.0
0.0
0.0
0.0
0.0
0.0
0.0
0.0
0.0
0.0
0.0
0.0
0.0
0.0
0.0
0.0
0.0
0.0
0.0
0.0
0.0
0.0
0.0
0.0
0.0
0.0
0.0
0.0
0.0
0.0
0.0
0.0
0.0
0.0
0.0
0.0
0.0
0.0
0.0
0.0
0.0
0.0
0.0
0.0
0.0
0.0
0.0
0.0
0.0
0.0
0.0
0.0
0.0
0.0
0.0
0.0
0.0
0.0
0.0
0.0
0.0
0.0
0.0
0.0
0.0
0.0
0.0
0.0
0.0
0.0
0.0
0.0
0.0
0.0
0.0
0.0
0.0
0.0
0.0
0.0
0.0
0.0
0.0
0.0
0.0
0.0
0.0
0.0
0.0
0.0
0.0
0.0
0.0
0.0
0.0
0.0
0.0
0.0
0.0
0.0
0.0
0.0
0.0
0.0
0.0
0.0
0.0
0.0
0.0
0.0
0.0
0.0
0.0
0.0
0.0
0.0
0.0
0.0
0.0
0.0
0.0
0.0
0.0
0.0
0.0
0.0
0.0
0.0
0.0
0.0
0.0
0.0
0.0
0.0
0.0
0.0
0.0
0.0
0.0
0.0
0.0
0.0
0.0
0.0
0.0
0.0
0.0
0.0
0.0
0.0
0.0
0.0
0.0
0.0
0.0
0.0
0.0
0.0
0.0
0.0
0.0
0.0
0.0
0.0
0.0
0.0
0.0
0.0
0.0
0.0
0.0
0.0
0.0
0.0
0.0
0.0
0.0
0.0
0.0
0.0
0.0
0.0
0.0
0.0
