a = 4.895942936505064 b = 4.895942936505064 c = 13.564975381694675 ,Gaussian ,LMH = 0.08 ,DW = [1. 1.]
0.0
0.0
0.0
0.0
0.0
0.0
0.0
0.0
0.0
0.0
0.0
0.0
0.0
0.0
0.0
0.0
0.0
0.0
0.0
0.0
0.0
0.0
0.0
0.0
0.0
0.0
0.0
0.0
0.0
0.0
0.0
0.0
0.0
0.0
0.0
0.0
0.0
0.0
0.0
0.0
0.0
0.0
0.0
0.0
0.0
0.0
0.0
0.0
0.0
0.0
0.0
0.0
0.0
0.0
0.0
0.0
0.0
0.0
0.0
0.0
0.0
0.0
0.0
0.0
0.0
0.0
0.0
0.0
0.0
0.0
0.0
0.0
0.0
0.0
0.0
0.0
0.0
0.0
0.0
5.989280038475743e-34
5.2689757225772725e-33
3.0892945874551897e-32
1.2071854649823664e-31
3.143910832490566e-31
5.456925072713254e-31
6.312586023482188e-31
4.866852411734321e-31
2.500751808295504e-31
8.563958514991165e-32
1.95460977507435e-32
2.9732205514773598e-33
6.762480502729324e-34
5.230890946993374e-35
2.6966641042103585e-36
9.265302235032672e-38
2.121650652326239e-39
3.2379467928114504e-41
3.2934197757618314e-43
2.2325747986481234e-45
1.0086639411377751e-47
3.037165940767818e-50
6.094977331360015e-53
8.151869462855311e-56
7.2664767235978e-59
4.316901158858588e-62
1.709235370835244e-65
4.510380554613041e-69
0.0
0.0
0.0
0.0
0.0
0.0
0.0
0.0
0.0
0.0
0.0
0.0
0.0
0.0
0.0
0.0
0.0
0.0
0.0
0.0
0.0
0.0
0.0
0.0
0.0
0.0
0.0
0.0
0.0
0.0
0.0
0.0
0.0
0.0
0.0
0.0
0.0
0.0
0.0
0.0
0.0
0.0
0.0
0.0
0.0
0.0
0.0
0.0
0.0
0.0
0.0
0.0
0.0
0.0
0.0
0.0
0.0
0.0
0.0
0.0
0.0
0.0
0.0
0.0
0.0
0.0
0.0
0.0
0.0
0.0
0.0
0.0
0.0
0.0
0.0
0.0
0.0
0.0
0.0
0.0
0.0
0.0
0.0
0.0
0.0
0.0
0.0
0.0
0.0
0.0
0.0
0.0
0.0
0.0
0.0
0.0
0.0
0.0
0.0
0.0
0.0
0.0
0.0
0.0
0.0
0.0
0.0
0.0
0.0
0.0
0.0
0.0
0.0
0.0
0.0
0.0
0.0
0.0
0.0
0.0
0.0
0.0
0.0
0.0
0.0
0.0
0.0
0.0
0.0
0.0
0.0
0.0
0.0
0.0
0.0
0.0
0.0
0.0
0.0
0.0
0.0
0.0
0.0
0.0
0.0
0.0
0.0
0.0
0.0
0.0
0.0
0.0
0.0
0.0
0.0
0.0
0.0
0.0
0.0
0.0
0.0
0.0
0.0
0.0
0.0
0.0
0.0
0.0
0.0
0.0
0.0
0.0
0.0
0.0
0.0
0.0
0.0
0.0
0.0
0.0
0.0
0.0
0.0
0.0
0.0
0.0
0.0
0.0
0.0
0.0
0.0
0.0
0.0
1.9075513573569437e-33
1.6104509565731618e-32
9.061504619641845e-32
3.398088432837871e-31
8.492793916694257e-31
1.4146468694584567e-30
1.570460610438263e-30
1.1619504314672727e-30
5.729671235722218e-31
1.8830131504251636e-31
4.124378849278215e-32
6.020676565167375e-33
5.857517457648736e-34
3.7980741061186783e-35
1.6413259087238792e-36
4.727241220686981e-38
9.074072630400767e-40
1.160855829026097e-41
9.897736095447963e-44
5.624384486876698e-46
2.1300788569601988e-48
5.376478453795402e-51
7.955489774889256e-53
1.0211081212140229e-55
8.734903006800617e-59
4.979961573861479e-62
1.8922366271756802e-65
4.791885650207197e-69
0.0
0.0
0.0
0.0
0.0
0.0
0.0
0.0
0.0
0.0
0.0
0.0
0.0
0.0
0.0
0.0
0.0
0.0
0.0
0.0
0.0
0.0
0.0
0.0
0.0
0.0
0.0
0.0
0.0
0.0
0.0
0.0
0.0
0.0
0.0
0.0
0.0
0.0
0.0
0.0
0.0
0.0
0.0
0.0
0.0
0.0
0.0
0.0
0.0
0.0
0.0
0.0
0.0
0.0
0.0
0.0
0.0
0.0
0.0
0.0
0.0
0.0
0.0
0.0
0.0
0.0
0.0
0.0
0.0
0.0
0.0
0.0
0.0
0.0
0.0
0.0
0.0
0.0
0.0
0.0
0.0
0.0
0.0
0.0
0.0
0.0
0.0
0.0
0.0
0.0
0.0
0.0
0.0
0.0
0.0
0.0
0.0
0.0
0.0
0.0
0.0
0.0
0.0
0.0
0.0
0.0
0.0
0.0
0.0
0.0
0.0
0.0
0.0
0.0
0.0
0.0
0.0
0.0
0.0
0.0
0.0
0.0
0.0
0.0
0.0
0.0
0.0
0.0
0.0
0.0
0.0
0.0
0.0
0.0
0.0
0.0
0.0
0.0
0.0
0.0
0.0
0.0
0.0
0.0
0.0
0.0
0.0
0.0
0.0
0.0
0.0
0.0
0.0
0.0
0.0
0.0
0.0
0.0
0.0
0.0
0.0
0.0
0.0
0.0
0.0
0.0
0.0
0.0
0.0
0.0
0.0
0.0
0.0
0.0
0.0
0.0
0.0
0.0
0.0
0.0
0.0
0.0
0.0
0.0
0.0
0.0
0.0
0.0
0.0
0.0
0.0
0.0
0.0
0.0
1.073519110307463e-33
9.057949418408575e-33
5.09367874177872e-32
1.9090388126706053e-31
4.768475041951614e-31
7.938269115474944e-31
8.900017909835737e-31
7.534245456226372e-31
4.250795354890495e-31
1.5983878806673252e-31
4.0056749710829315e-32
6.69037997431409e-33
7.447446791423082e-34
5.525169203755495e-35
2.7319031824985733e-36
9.002571387114961e-38
1.9771944914596716e-39
2.8941014977111293e-41
2.8233171897667806e-43
1.8356384029564907e-45
7.954193387400457e-48
2.2971359817414843e-50
4.421389867685959e-53
5.671689759039988e-56
4.84894960402617e-59
2.7628952649680563e-62
1.0492107266921861e-65
2.6554771580288437e-69
0.0
0.0
0.0
0.0
0.0
0.0
0.0
0.0
0.0
0.0
0.0
0.0
0.0
0.0
0.0
0.0
0.0
4.33037390501085e-34
3.1222458521006034e-33
1.5003422725726348e-32
4.805019367292419e-32
1.025608206796114e-31
1.4589801407119965e-31
1.3832440846841008e-31
8.740369867131187e-32
3.68080108889468e-32
1.033085900958205e-32
1.932466920720836e-33
2.409180008694578e-34
4.7988985138028605e-35
3.042295031431191e-36
1.2854128550763745e-37
3.6196409907292195e-39
6.793129672639456e-41
8.496809083119037e-43
7.083099841631999e-45
3.935250793807863e-47
1.4571458207283352e-49
3.595962574091082e-52
5.9143750249247684e-55
6.483120647430506e-58
4.736318465703573e-61
2.306105847635956e-64
7.483402867495547e-68
1.6184547559539666e-71
0.0
0.0
0.0
0.0
0.0
0.0
4.7470154952409925e-34
3.504336573232852e-33
1.72413997493087e-32
5.653544039164237e-32
9.959873254462196e-32
1.660751488472338e-31
1.8455976864727804e-31
1.3669447836930564e-31
6.747555341184048e-32
2.21984927041586e-32
4.8672322053623034e-33
7.112498596557821e-34
6.926978977262919e-35
4.4962152435202614e-36
1.945054908765503e-37
5.6078732153072694e-39
1.0775713971488843e-40
1.3799885146338574e-42
1.177840373764777e-44
6.700063983646953e-47
2.54011284992796e-49
6.418131648681573e-52
1.0808011021237298e-54
1.2130102895278874e-57
9.073288892879922e-61
4.523207813433181e-64
1.5028301241446258e-67
3.3277814046384996e-71
0.0
0.0
0.0
0.0
0.0
0.0
0.0
0.0
0.0
0.0
0.0
0.0
0.0
0.0
0.0
0.0
0.0
0.0
0.0
0.0
0.0
0.0
0.0
0.0
0.0
0.0
0.0
0.0
0.0
0.0
0.0
0.0
0.0
0.0
0.0
0.0
0.0
0.0
0.0
0.0
0.0
0.0
0.0
0.0
0.0
0.0
0.0
0.0
0.0
0.0
0.0
0.0
0.0
0.0
0.0
0.0
0.0
0.0
0.0
0.0
0.0
0.0
0.0
0.0
0.0
0.0
0.0
0.0017967377876461211
0.01160219302829254
0.04993177672182386
0.14321730634812047
0.27377609884622733
0.34880050777618926
0.29616943335435075
0.16760420429363557
0.0632136883327244
0.01588981721317552
0.00266200103545081
0.0002972207234569073
5.500816929937559e-05
3.1232060613313956e-06
1.1818316984910724e-07
2.980520943011401e-09
5.009683275466575e-11
5.611899817918302e-13
4.189778826380804e-15
2.0847492870925468e-17
6.913502409131838e-20
1.5280021004170369e-22
2.250771110214184e-25
2.209633579597188e-28
1.4457418025213764e-31
6.304385535855468e-35
1.832214592095585e-38
3.5488811839058027e-42
0.0
0.0
0.0
0.0
0.0
0.0
0.0
0.0
0.0
0.0
0.0
0.0
0.0
0.0
0.0
0.0
0.0
0.0
0.0
0.0
0.0
0.0
0.0
2.297758600009081e-34
1.6061020088517805e-33
7.482098108165592e-33
2.3230321480234252e-32
4.8069387632528094e-32
6.629236416182249e-32
6.093123395676754e-32
3.7324842823583123e-32
1.523833615995989e-32
4.1462803214814516e-33
7.5190213719497574e-34
9.087523066083986e-35
1.7731107285707e-35
1.0897393788516295e-36
4.4636587010615747e-38
1.2185430133145304e-39
2.217033705668691e-41
2.688346696421368e-43
2.1726001439787032e-45
1.1701886471089657e-47
4.2006210557389475e-50
1.0049690285190245e-52
1.602409085451998e-55
1.7028471539910944e-58
1.2060338160260873e-61
5.692785899537888e-65
1.7909017647814326e-68
3.754916002894915e-72
0.0
0.0
0.0
0.0
0.0
0.0
0.0
0.0
0.0
0.0
0.0
0.0
0.0
0.0
0.0
0.0
0.0
0.0
0.0
0.0
0.0
0.0
0.0
0.0
0.0
0.0
0.0
0.0
0.0
0.0
0.0
0.0
0.0
0.0
0.0
0.0
0.0
0.0
0.0
0.0
0.0
0.0
0.0
0.0
0.0
0.0
0.0
0.0
0.0
0.0
0.0
0.0
0.0
0.0
0.0
0.0
0.0
0.0
0.0
1.583785278339079e-33
1.2189097142080129e-32
3.7924735096654446e-32
1.4842271537149216e-31
3.87132594032329e-31
6.729776646580052e-31
7.796920608042948e-31
6.020424598707297e-31
3.0982230399026375e-31
1.0626244028352824e-31
2.429005170095455e-32
3.7004849431417864e-33
3.7572525848555903e-34
2.5425159761720364e-35
1.1466702297911503e-36
3.4466321310360384e-38
6.9045102008848475e-40
9.218332460858302e-42
8.202635373490474e-44
4.864475208035341e-46
1.9226495484968638e-48
5.064607740994708e-51
8.891459339198454e-54
1.0403556433533468e-56
8.112825897285992e-60
4.2164216336510685e-63
1.460486201091779e-66
3.3715719444965075e-70
0.0
0.0
0.0
0.0
0.0
0.0
0.0
0.0
0.0
0.0
0.0
0.0
0.0
0.0
0.0
0.0
0.0
0.0
0.0
0.0
0.0
0.0
0.0
0.0
0.0
0.0
0.0
0.0
0.0
0.0
0.0
0.0
0.0
0.0
0.0
0.0
0.0
0.0
0.0
0.0
0.0
0.0
0.0
0.0
0.0
0.0
0.0
0.0
0.0
0.0
0.0
0.0
0.0
0.0
0.0
0.0
0.0
0.0
0.0
0.0
0.0
0.0
0.0
0.0
0.0
0.0
0.0
0.0
0.0
0.0
0.0
0.0
0.0
0.0
0.0
0.0
0.0
0.0
0.0
0.0
0.0
0.0
0.0
0.0
0.0
0.0
0.0
0.0
0.0
0.0
0.0
0.0
0.0
0.0
0.0
0.0
0.0
0.0
0.0
0.0
0.0
0.0
0.0
0.0
0.0
0.0
0.0
0.0
0.0
0.0
0.0
0.0
6.255713831513872e-35
5.5355928108999015e-34
3.2646223370966864e-33
1.283167369683096e-32
3.3613614477917844e-32
5.868521101120206e-32
6.828474224723609e-32
5.295417746558835e-32
2.736896201722083e-32
9.427531135171243e-33
2.1643085348359897e-33
3.311478326475576e-34
3.3768067713702535e-35
2.2949437817636803e-36
1.039487905679869e-37
3.137967045479145e-39
2.4282973369027015e-40
3.727635006077536e-42
3.813699304983491e-44
2.6004054166281116e-46
1.1817271800153253e-48
3.579109085866926e-51
7.224606443800273e-54
9.719300308327005e-57
8.714397308815867e-60
5.207403851614895e-63
2.073894747282347e-66
5.504700710937186e-70
0.0009249953321204171
0.0081720135952323
0.04811718013810054
0.18882209145597195
0.4938408228811184
0.8608009145111098
1.0
0.7742457471007325
0.3995206256718285
0.13739822744552807
0.03149231617728598
0.004810714949029902
0.0004897745267846963
3.3232599313913244e-05
4.412762797647014e-06
1.5225840678130086e-07
3.501333888116201e-09
5.366205764703832e-11
5.481288535471364e-13
3.7314665656919096e-15
1.6930040363357703e-17
5.119387227570199e-20
1.0317144561773431e-22
1.3857426994705736e-25
1.240472757194758e-28
7.400710412183629e-32
2.942667133860827e-35
7.798128994949562e-39
0.0
0.0
0.0
0.0
0.0
0.0
0.0
0.0
0.0
0.0
0.0
0.0
0.0
0.0
0.0
0.0
0.0
0.0
0.0
0.0
0.0
0.0
0.0
0.0
0.0
0.0
0.0
0.0
0.0
0.0
0.0
0.0
0.0
0.0
0.0
0.0
0.0
0.0
0.0
0.0
0.0
0.0
0.0
0.0
0.0
0.0
0.0
0.0
0.0
0.0
0.0
0.0
0.0
0.0
0.0
0.0
0.0
0.0
0.0
0.0
0.0
0.0
0.0
0.0
0.0
0.0
0.0
0.0
0.0
0.000907586951703855
0.007507890261916639
0.041393212890986394
0.1520974406564279
0.3724742235880002
0.6079279194187887
0.6612862654486783
0.4794115188230185
0.23163755633438032
0.0745917906491893
0.016008647409466073
0.0022898118260993674
0.0002182863086978095
1.3868667875153275e-05
5.872520575194428e-07
1.6572800195285522e-08
3.117086039227585e-10
3.9073582683365176e-12
3.2643688559060194e-14
1.8175935208688554e-16
4.557527726627968e-18
1.2904151105157966e-20
2.4350680844101306e-23
3.062487728904659e-26
2.5677266052686104e-29
3.181615120212053e-32
2.65557487049134e-32
2.6882840662445735e-32
1.814097366091276e-32
8.158824609516302e-33
2.4455477659790258e-33
4.885468873075077e-34
6.504559632745645e-35
5.771797646588175e-36
3.4133894521871026e-37
1.345371228072446e-38
3.5341093044720336e-40
6.187274262492369e-42
7.219386707506024e-44
5.614134226094438e-46
2.9096907023025095e-48
1.0050609719262986e-50
2.313766558829559e-53
3.5499989036937814e-56
3.6300988071279147e-59
2.4739460330311615e-62
1.5292280847700043e-64
5.299643072572748e-68
1.2240594894587953e-71
0.0
0.0
0.0
0.0
0.0
0.0
0.0
0.0
0.0
0.0
0.0
0.0
0.0
0.0
0.0
0.0
0.0
0.0
0.0
0.0
0.0
0.0
0.0
0.0
0.0
0.0
0.0
0.0
0.0
0.0
0.0
0.0
3.334590830018284e-35
3.12533089615917e-34
1.952230111956151e-33
8.127323697965217e-33
2.2549953758591978e-32
4.169896754920781e-32
5.139093234582169e-32
4.2211349781523835e-32
2.310753027776308e-32
8.430617196371727e-33
2.0499664691803545e-33
2.2135097328134533e-33
1.3381208622151984e-32
6.309578271465629e-32
1.9880060011911457e-31
4.174782354463414e-31
5.464439707911345e-31
5.835319411246847e-31
4.153031033966473e-31
1.9699140049956392e-31
6.227459436241012e-32
1.312067249186336e-32
1.8423953592902695e-33
1.7242137938453493e-34
1.07542702888643e-35
4.470461180126126e-37
4.48272229054191e-05
0.0003332299305148783
0.0016509264236443926
0.005451210877987459
0.011996092207952667
0.017594144558285094
0.017198004757296624
0.011203907684250319
0.004864548379476762
0.0014076577649453782
0.00027147708788739566
3.489400602053641e-05
2.989165971417439e-06
1.7065962058247318e-07
6.493712696597918e-09
1.646785038301311e-10
1.1345761963203969e-11
1.463120483955653e-13
1.2575001964644485e-15
7.203069095863876e-18
2.749847744626669e-20
6.99650685187133e-23
1.1864117181805373e-25
1.3408220381383544e-28
1.0099233180070725e-31
5.069757752986763e-35
1.6961629190612417e-38
3.7820691869036095e-42
0.0
0.0
0.0
0.0
0.0
0.0
0.0
0.0
0.0
0.0
0.0
0.0
0.0
0.0
0.0
0.0
0.0
0.0
0.0
0.0
0.0
0.0
0.0
0.0
0.0
0.0
0.0
0.0
0.0
0.0
0.0
0.0
0.0
0.0
0.0
0.0
0.0
0.0
0.0
0.0
0.0
0.0
0.0
0.0005183968980388027
0.0035608594518193068
0.01630154692995535
0.04973754591746596
0.10113964752848896
0.13706925953299134
0.1238055876014457
0.07452843007174187
0.029900968016380383
0.007995213622674444
0.001424808324675098
0.00016922493810114686
1.3395342800252668e-05
7.066833327282014e-07
2.4847197561061397e-08
5.822527197883747e-10
9.093418668539271e-12
9.465082330906951e-14
6.566034394115239e-16
3.035732211396484e-18
9.35417116684158e-21
1.9210059696778464e-23
2.4772994668052613e-25
2.587049958597337e-28
1.81370554266399e-31
6.032809896923549e-33
1.796966534003528e-32
3.6173896824627844e-32
4.85325123982223e-32
4.3396209887941256e-32
2.586142051253523e-32
1.0271514872180283e-32
2.7189309021116665e-33
4.796709201556388e-34
5.639883825439404e-35
4.419554300028734e-36
2.308172903251905e-37
8.034146574336808e-39
1.8637716925249193e-40
2.8815570348036695e-42
2.969226151521354e-44
5.487773838729399e-35
3.912148150121625e-34
1.8587283750807676e-33
5.885699880523549e-33
1.242115111740835e-32
1.7470572070350025e-32
1.6376985137394166e-32
1.252043354713836e-32
5.968274322906949e-33
1.896093432324974e-33
4.014692062946924e-34
5.665344100352169e-35
5.328216890720379e-36
3.339789115466467e-37
1.3952040980936876e-38
3.884525615719447e-40
7.208083090348112e-42
8.914215463007176e-44
7.347304145849351e-46
4.03603066505362e-48
1.4776189244426007e-50
3.605387761716932e-53
5.863042792373692e-56
6.354416773147413e-59
4.58997030690591e-62
2.2096607649856213e-65
7.089618743485566e-69
1.5160087417550107e-72
0.0
0.0
0.0
0.0
0.0
0.0
0.0
0.0
0.0
0.0
0.0
0.0
0.0
0.0
0.0
0.0
0.0
0.0
0.0
0.0
0.0
0.0
0.0
0.0
0.0
0.0
4.823473048401162e-05
0.00033769338460513514
0.0015756755563756909
0.004899960633433474
0.008332538194719002
0.013176670514900953
0.01388722935122604
0.00975454637588804
0.0045664646055013506
0.0014247368655170125
0.0002962584704567769
4.105711591896914e-05
3.792168702280665e-06
2.3343630940915305e-07
9.577027083265148e-09
2.6186326039781236e-10
4.771994938491866e-12
5.795713729715873e-14
4.691323977738336e-16
2.5308445690903204e-18
9.099490379623905e-21
2.1804704960242678e-23
3.482289771700599e-26
3.7065432204382865e-29
3.0758223397214254e-32
1.9670647950462524e-32
5.767924291676115e-32
1.1279152360537467e-31
1.469991937580872e-31
1.2768356224603212e-31
9.277889787007159e-32
4.1362774465788054e-32
1.5115496239618456e-32
1.8583853773499332e-32
5.774121534520869e-32
1.3558134200575459e-31
2.132356625647924e-31
2.2355348022661527e-31
1.5620234081178132e-31
7.274033517005362e-32
2.2575875952084997e-32
4.6697697835990625e-33
6.437657679071869e-34
5.91482413653559e-35
3.621907390932357e-36
1.4781360019196005e-37
4.020434549815812e-39
7.288080252098296e-41
8.80511118071067e-43
7.089867031841714e-45
3.804721604646108e-47
1.3607841026162373e-49
3.2436733872297535e-52
5.153076104697483e-55
5.456039974226079e-58
4.523963181078631e-60
2.4357495392196536e-63
8.7403282782172e-67
2.0902797264009668e-70
0.0
0.0
0.0
0.0
0.0
0.0
0.0
0.0
0.0
0.0
0.0
0.0
2.1995533954607834e-34
1.4190952164251697e-33
6.1019706052682445e-33
1.7486795632802284e-32
3.339888019778466e-32
4.2514309088929517e-32
3.6067819989561154e-32
2.0393239024782756e-32
7.684826621639169e-33
1.930027451553642e-33
6.132213796716268e-34
7.831578052914294e-35
6.665961815695407e-36
3.781446067557403e-37
1.4296658650419863e-38
3.6024066321219224e-40
4.104062931229893e-34
2.8530333818805685e-33
1.3218471812932567e-32
4.08166346067249e-32
8.399911030204303e-32
1.1521094181357223e-31
1.053159902828322e-31
6.416178724775367e-32
2.6051944130739636e-32
7.049939200752062e-33
1.2714876706765907e-33
1.528341771648292e-34
1.224363463297971e-35
6.537049708407713e-37
2.3261341746183063e-38
5.516571919256052e-40
8.719374983213764e-42
9.18508065441539e-44
6.448551036676135e-46
3.0173303193387074e-48
6.737480590920108e-50
1.6031007702279565e-52
2.542176306141592e-55
2.68677970237268e-58
1.8925179133977708e-61
8.884428311573254e-65
2.779716621737991e-68
5.796330077732468e-72
0.0
0.0
0.0
0.0
0.0
0.0
0.0
0.0
0.0
0.0
0.0
0.0
0.0
0.0
0.0
0.0
0.0
0.0
0.0
0.0
0.0
0.0
0.0
0.0
0.0
0.0
0.0
0.0
0.0
0.0
0.0
0.0
0.0
0.0
0.0
0.0
0.0
0.0
0.0
0.0
0.0
0.0
0.0
0.0
0.0
0.0
0.0
0.0
0.0
0.0
0.0
0.0
0.0
0.0
0.0
0.0
0.0
0.0
0.0
0.0
0.0
0.0
0.0
0.0
0.0
0.0
0.0
3.2248228951259454e-34
2.8121966121529393e-33
9.509837200619515e-33
4.217115296256793e-32
1.2463482709767889e-31
2.4549627366613797e-31
3.222789511306672e-31
2.819684563963079e-31
1.6441849186650755e-31
6.38972756757141e-32
1.6549907539942536e-32
2.8568691535496205e-33
3.2867500340425567e-34
2.5201393207357667e-35
1.2878461178177275e-36
4.3861647866424376e-38
9.95605903060981e-40
1.5061614583427782e-41
1.5185781455037008e-43
1.0204325632569047e-45
0.0001851175490776409
0.00167208682996831
0.010065876761588495
0.040385544241078035
0.10798957176700957
0.1924505897443606
0.22857999652268118
0.18094173296798488
0.12358714168232098
0.049748087784706456
0.013346304961026316
0.0023863121065282795
0.00028436424785371255
2.2584178092610306e-05
1.1954051838760227e-06
4.2170381307281695e-08
9.914743181002218e-10
1.553591937566616e-11
1.6224599922849442e-13
1.1292564566423019e-15
5.238328337464129e-18
1.6194755614259553e-20
3.336857258682516e-23
4.582288278377939e-26
4.1938098427699694e-29
2.55809465142388e-32
1.039934611673534e-35
2.81758485534319e-39
0.0
0.0
0.0
0.0
0.0
0.0
0.0
0.0
0.0
4.529778514006945e-34
3.946011176882789e-33
2.2909794984947727e-32
8.864732658643716e-32
2.2860810879400184e-31
3.9291550516630064e-31
4.5007848372370675e-31
3.4360453284476794e-31
1.7482803058310966e-31
5.928499593230986e-32
1.3398620045203714e-32
2.018166054785978e-33
2.0259805457936614e-34
1.3554864876967302e-35
6.0441698849579925e-37
1.796220633416069e-38
3.5576584140558136e-40
4.6962408497340625e-42
4.131597677946434e-44
2.4225192437802543e-46
9.466686491395507e-49
2.4655300617021165e-51
3.7252266439834504e-53
4.933641495588512e-56
4.354757983654952e-59
2.561781045952373e-62
1.0043880578389993e-65
2.62447609127799e-69
0.0
0.0
0.0
0.0
0.0
0.0
0.0
0.0
0.0
0.0
0.0
0.0
0.0
0.0
0.0
0.0
0.0
0.0
0.0
0.0
0.0
0.0
0.0
0.0
0.0
0.0
0.0
0.0
0.0
0.0
0.0
0.0
0.0
0.0
0.0
0.0
0.0
0.0
0.0
0.0
0.0
0.0
0.0
0.0
0.0
0.0
0.0
1.8893609446714678e-36
1.4124185639822842e-35
7.03709555954989e-35
2.3367111356713916e-34
5.171281222974673e-34
7.6273351878072905e-34
7.497717213407939e-34
4.912095806997412e-34
2.1447967824106993e-34
6.241471880934449e-35
1.210512937221947e-35
1.5647083511075823e-36
1.347965924918001e-37
7.739376517620376e-39
2.96151942234237e-40
7.552743627734079e-42
1.2837381546423784e-43
1.4542186284057754e-45
1.0979043508464144e-47
5.524345814527918e-50
1.8525876123595644e-52
4.140551615185012e-55
6.16764258083324e-58
6.122964501412387e-61
4.863597545924279e-63
2.4552897705625286e-66
8.260939211619248e-70
1.8524122595695007e-73
0.0
0.0
4.510062707990504e-34
3.0399298526295834e-33
1.3656081258096733e-32
4.0885580711908916e-32
8.158227220940957e-32
1.0849331310970046e-31
9.615938885160562e-32
5.680178262367772e-32
2.2362161760662865e-32
5.867419665144395e-33
1.0260347449274827e-33
0.00033477422270559374
0.002759246040189029
0.015156900295707813
0.05548964006516533
0.13539261299654423
0.2201707289578395
0.23861939424440057
0.17235879359251258
0.08297412868657289
0.04068019855237938
0.009958522277207163
0.00162475649844081
0.0001766701648580679
1.2803234327700675e-05
6.183832566825689e-07
1.9905692841913967e-08
4.2704970158205276e-10
6.106060390976942e-12
5.818691286102801e-14
3.6954819470269833e-16
1.5642220448239928e-18
4.412729108487378e-21
8.2965527926152e-24
1.0396080716265374e-26
8.682067393089541e-30
4.8323480937840666e-33
1.7925646058206768e-36
4.431726714751662e-40
0.0
0.0
0.0
0.0
0.0
0.0
0.0
0.0
0.0
0.0
0.0
0.0
0.0
0.0
0.0
0.0
0.0
0.0
0.0
0.0
0.0
0.0
0.0
0.0
0.0
0.0
0.0
0.0
0.0
0.0
0.0
0.0
0.0
0.0
0.0
0.0
0.0
0.0
0.0
0.0
0.0
0.0
0.0
0.0
0.0
0.0
2.199554945154298e-35
1.9551989698015282e-34
1.1583202596988996e-33
4.573491680466663e-33
1.2035071715560673e-32
2.110721917538306e-32
2.4671463098526676e-32
1.9219422723976924e-32
9.978547314038288e-33
3.4528352041546244e-33
7.962802226786656e-34
1.223876386772667e-34
2.8029767801192745e-35
2.190754471714311e-36
1.1411676764768326e-37
2.456638696854232e-06
2.117480428261314e-05
0.00012164074444271199
0.00046571505995514123
0.0011883463674006818
0.0020209117640990018
0.002290515364252465
0.0017302171590309048
0.000871063003370655
0.0002922671941150393
6.53570016689262e-05
9.740600204029308e-06
9.675220351788907e-07
6.40497677632035e-08
2.825893575978889e-09
8.309513411639762e-11
1.6284593882434788e-12
2.1269624343228863e-14
1.8515022968431667e-16
1.0741631237179925e-18
4.1533427357497405e-21
1.0703032664936303e-23
1.8382199669688065e-26
2.104224589913615e-28
0.00018973687380639283
0.0012599470227244362
0.005576149086875603
0.01644742887853138
0.0323327917935056
0.042361364661236585
0.03698948010518157
0.021526234168981136
0.008349095748707413
0.00215820339367621
0.00037181495068353535
4.269164354583508e-05
3.266934661251822e-06
1.6661709987258404e-07
5.663439184648812e-09
1.2829876028314663e-10
1.9370740659641398e-12
1.9491781829778078e-14
1.3071890610075166e-16
5.842608904343667e-19
2.374286147243251e-05
0.00018089508976313446
0.0009185484031833453
0.003108557197147085
0.007011278642031531
0.009624769337688526
0.011039039185267736
0.008438276809416497
0.004298904614924471
0.0014596320750222427
0.0003303014922685969
4.9814895255546346e-05
5.007136781832872e-06
3.354294865478965e-07
1.497595642189612e-08
4.4562489625937545e-10
8.83742767789704e-12
1.1680564919775895e-13
1.0289241732750255e-15
6.040660691145585e-18
2.3635623379518208e-20
6.163554333190579e-23
1.0712159525104993e-25
1.2412635440792308e-28
1.6047623993684215e-31
6.112546808821275e-32
3.843288930197822e-32
1.6118155410306737e-32
4.505151309517756e-33
8.392376767537728e-34
2.1849234560827056e-34
2.0697333542003905e-35
1.3066946654241253e-36
5.498134831680823e-38
1.541836071772325e-39
2.8816588584276237e-41
3.58945471421364e-43
2.979860539085339e-45
1.648712565297629e-47
6.079606977759911e-50
1.4941273305258427e-52
2.4472664884695677e-55
2.6715079121934762e-58
1.943628302413697e-61
9.424352297457994e-65
3.0455894433962896e-68
6.55953045439995e-72
0.0
0.0
0.0
0.0
0.0
0.0
0.0
0.0
0.0
0.0
0.0
0.0
8.328374735485675e-34
5.7330649913977524e-33
2.6302378328781366e-32
8.04238248456553e-32
1.6389132837574842e-31
2.225916019851414e-31
2.014851871569564e-31
1.215511352118986e-31
4.8871589425731376e-32
1.3095903196010852e-32
2.338815680455254e-33
2.783800354473032e-34
2.2083185619563144e-35
1.6477077785288378e-34
1.2503501491558646e-33
6.368313087679746e-33
2.1617868419778234e-32
4.8908342523777675e-32
7.375552487988919e-32
7.418468347816477e-32
5.001455460563735e-32
2.341907345031178e-32
9.390578872423217e-33
6.141699838103117e-33
4.632278132526155e-33
3.2473158883239586e-33
1.609387330704159e-33
5.3601443058595485e-34
1.1911327005872273e-34
1.764374246949653e-35
1.741853387705168e-36
1.1460807334626384e-37
5.025745962789195e-39
1.468816094354312e-40
2.8609868641284304e-42
3.714033815359707e-44
3.2133452633789707e-46
1.852893585214602e-48
7.120739729928887e-51
1.8238171480407198e-53
3.113286048928957e-56
3.5419163851390996e-59
2.685586416599738e-62
1.35713017525872e-65
4.570728556986891e-69
1.0259611181767438e-72
0.0
0.0
0.0
0.0
0.0
0.0
0.0
0.0
0.0
0.0
0.0
0.0
0.0
0.0
0.0
0.0
0.0
0.0
0.0
0.0
0.0
0.0
0.0
0.0
0.0
0.0
0.0
0.0
0.0
0.0
0.0
0.0
0.0
0.0
0.0
0.0
0.0
0.0
0.0
0.0
0.0
0.0
0.0
0.0
0.0
0.0
0.0
0.0
0.0
0.0
0.0
0.0
0.0
0.0
0.0
0.0
0.0
0.0
0.0
0.0
0.0
0.0
0.0
0.0
0.0
0.00010325462359056749
0.0009312302934323336
0.005597398551886264
0.022423165121060993
0.05986722764433473
0.10652779247220688
0.12633342079377327
0.09985162397653778
0.05259852401608348
0.018466029732994434
0.0043207093403208495
0.0006737800087265299
7.002655134171018e-05
4.8505267567492214e-06
6.529910195986815e-07
2.30004299656737e-08
5.399409284996621e-10
8.447692394527195e-12
8.808693161796688e-14
6.121620759314514e-16
2.835325397960731e-18
8.752274768789383e-21
1.8006136035209388e-23
2.468889533329598e-26
2.2561311321419194e-29
1.3740690779908416e-32
5.577432751379421e-36
1.508834712563588e-39
0.0
0.0
0.0
0.0
3.4076803633318094e-34
2.633318085056036e-33
1.356217487799258e-32
4.6551845906620243e-32
1.0649421615756236e-31
1.6236659538464615e-31
1.6498668451023224e-31
1.1173330742204174e-31
6.877638647034326e-32
2.3685125688497745e-32
5.4361769088414105e-33
8.315589026021421e-34
8.477621087069329e-35
5.760186353196017e-36
2.608438576671134e-37
7.872383513339653e-39
1.5834830540919225e-40
2.1227661083187264e-42
3.837332807880912e-34
2.8195702797667858e-33
1.3807591496655808e-32
4.5064492399219527e-32
9.802403726237406e-32
1.4210594132726e-31
1.3730091585292937e-31
8.841301090864729e-32
3.794376968242839e-32
1.0852912921240125e-32
2.0688724175582433e-33
2.628467726409577e-34
0.000344894734754041
0.002464340662530768
0.01173536143927481
0.037245494541807984
0.06420361108797382
0.10361897949953855
0.11145529723577104
0.07989942726635003
0.038174043690794995
0.012155538814102411
0.0025796560868854915
0.00036486394991256223
3.439391773234871e-05
2.1607966062555895e-06
9.047480968055098e-08
2.5247769435760036e-09
4.695695223607894e-11
5.820473747762895e-13
4.808374847027192e-15
2.6474017203724394e-17
9.714555304039676e-20
2.375787272887642e-22
3.8723421813876196e-25
4.206507313627738e-28
3.0457754106478477e-31
1.5072171470487784e-34
3.343719158453052e-37
1.45662165559714e-38
4.918278879551673e-40
1.1075495462631389e-41
7.049592803256871e-43
8.07265932507699e-45
6.160993724507415e-47
3.1337652173102756e-49
1.0623403897750981e-51
1.8404067676694804e-34
1.5737075367274587e-33
8.968416644841246e-33
3.406348479637734e-32
8.622712841242193e-32
1.4547230460389184e-31
1.635679697519316e-31
1.2257382969140907e-31
6.121795190324641e-32
2.0377053441769862e-32
4.520490087598981e-33
6.683611633430853e-34
6.585950154898022e-35
4.325210223476229e-36
1.893117414150966e-37
5.52241993606684e-39
1.0736503107804183e-40
1.3911623908521023e-42
1.2013632720855308e-44
2.881167285621382e-35
1.21576268450519e-34
7.514854932542729e-34
3.095807453042979e-33
8.499802404471868e-33
1.5553397313463694e-32
1.8968074683213827e-32
5.452973708276557e-07
5.161711355413113e-06
3.2563837170024445e-05
0.00013691750675616943
0.00038367538532559455
0.0007165565034147218
0.0008919047856451495
0.0007398915962714773
0.0004090715187813126
0.00015073424847377912
3.701742328023641e-05
6.058735287579368e-06
6.609054291484769e-07
4.804832019735319e-08
2.3280840034920022e-09
7.517970767426685e-11
1.6180210479015702e-12
2.320861632948517e-14
2.2186861871091556e-16
1.4135919335478532e-18
3.877725275878489e-20
1.2563417623187623e-22
2.7128145349090404e-25
3.904037306169675e-28
3.744461439747635e-31
2.3935709997812928e-34
1.0197291031918938e-37
2.8953752816330047e-41
0.0
0.0
0.0
0.0
0.0
0.0
0.0
0.0
0.0
0.0
0.0
0.0
0.0
0.0
0.0
0.0
0.0
3.431268855492825e-36
1.5024902086799043e-35
9.817440863337153e-35
4.2752989242503205e-34
1.2408412579132992e-33
2.4002004525697806e-33
3.0942852668119e-33
2.6586106113910394e-33
1.522406629189008e-33
5.810160735513537e-34
1.4778391793083484e-34
2.505230862113215e-35
2.8304134444869403e-36
2.131245856366721e-37
1.0695442904188659e-38
7.618791480868456e-36
6.699262722270279e-35
3.926176041054023e-34
1.533536534555067e-33
3.992087334383269e-33
6.926079762414182e-33
8.008597953695244e-33
6.171731773766446e-33
3.1698531470837445e-33
1.0850575930151603e-33
2.4754148179185882e-34
7.376986301773641e-35
8.558088105736763e-36
6.616922951102952e-37
3.40970612910933e-38
1.1710066760365752e-39
2.6802995905414587e-41
4.088733995517832e-43
4.156960736777231e-45
2.816725568679191e-47
1.2720222202164445e-49
3.828480220915461e-52
7.679618848496512e-55
1.02667851119454e-57
9.147677108794877e-61
5.432112170346871e-64
2.1498501037074638e-67
5.670602163582634e-71
0.0
0.0
0.0
0.0
0.0
0.0
0.0
0.0
0.0
0.0
0.0
0.0
0.0
0.0
0.0
0.0
0.0
0.0
0.0
0.0
0.0
0.0
0.0
2.0006619868714264e-05
0.0001566945731136199
0.0008179292491567496
0.0028455031472770257
0.00659756913673393
0.010195073891120687
0.010499735377871262
0.007206889744582267
0.00329684819581509
0.0010051516062376405
0.0002042423222461785
2.7659317318760644e-05
5.8220079592754366e-06
4.009323431305073e-07
1.8401403037386615e-08
5.628754811969929e-10
1.1475068139979547e-11
1.5591207917317998e-13
1.4118410379379343e-15
8.520662978079399e-18
3.4272242523238693e-20
9.187412272704029e-23
1.6414416014153224e-25
1.9545159341160384e-28
1.5510812312138428e-31
8.20373112917581e-35
2.8918105780670113e-38
6.793753950138114e-42
0.0
0.0
0.0
0.0
0.0
0.0
0.0
0.0
3.3824968888260083e-34
2.1534291353093288e-33
5.904188718894276e-33
1.911419400893529e-32
4.124139026542398e-32
5.930511503370755e-32
5.684554721396522e-32
3.636733161921729e-32
1.5774233410845322e-32
5.459857585252549e-33
3.239339862023022e-33
3.7056342391589985e-33
3.594725911694605e-33
2.380338167166026e-33
1.052647380097902e-33
3.1030149519426416e-34
6.096389555075069e-35
7.982586537620265e-36
6.966203443978818e-37
4.051634158405878e-38
1.5705285754638306e-39
4.0573550147204417e-41
6.985889710180983e-43
8.016448157401546e-45
6.130893893253356e-47
3.124979406279183e-49
1.0615783860783561e-51
1.914797564341407e-53
3.30773230374088e-56
3.8081968645268095e-59
2.9220656956295195e-62
1.4943148371783808e-65
5.093024784941075e-69
1.1568872076826043e-72
0.00017200671207613278
0.0011363830529410846
0.005003635333182606
0.014683449741135949
0.028717861698198198
0.03743325963129352
0.0325195660378113
0.018828398635619394
0.007265467693724555
0.001868509522791909
0.0003202643537855369
3.6585032000311976e-05
2.78535030839482e-06
1.4133110537992265e-07
4.779442445750164e-09
1.0772047626062762e-10
1.6180831738318216e-12
1.6198879202517614e-14
1.0808131999757231e-16
1.51192875951271e-05
0.00011063830336223263
0.0005395866976527727
0.0017538744846082664
0.003799420255251967
0.005485518771265099
0.0052783675171908665
0.0033850344569696655
0.001446798701267403
0.00041213042301942247
7.824251244938422e-05
9.899937404637493e-06
8.348407851070765e-07
4.691982841051814e-08
1.7574813325026467e-09
4.387393368744515e-11
7.299682593575924e-13
8.094367653804417e-15
5.981958900943408e-17
2.9463577036465254e-19
9.671839168186927e-22
2.115992913801103e-24
3.0853248708810456e-27
2.998258953789511e-30
1.941864519909097e-33
8.382050294609407e-37
3.8212490719398916e-39
8.38762995842806e-43
0.0
0.0
0.0
0.0
0.0
0.0
0.0
0.0
0.0
0.0
0.0
0.0
0.0
0.0
0.0
0.0
0.0
0.0
0.0
0.0
0.0
0.0
0.0
0.0
0.0
0.0
0.0
0.0
0.0
0.0
0.0
0.0
0.0
0.0
0.0
0.0
0.0
0.0
0.0
0.0
0.0
0.0
4.0990741585395413e-35
2.807009222068718e-34
1.2811012403149379e-33
3.8967685551508396e-33
7.899640371608932e-33
1.0673124548816239e-32
9.610752258774912e-33
7.153228734585321e-33
3.275446405801042e-33
9.995866129950762e-34
2.033068038002254e-34
2.7559094416505266e-35
2.489771668445067e-36
1.4991174067871656e-37
6.015799057916118e-39
1.608912937612039e-40
2.8678294136658433e-42
3.4068705626773773e-44
2.697363651769899e-46
1.423327748548054e-48
5.0055508751414595e-51
1.1732225223176754e-53
1.8326960822038646e-56
1.9080162079388472e-59
1.3239001027406532e-62
6.122233936084208e-66
1.8868882195350727e-69
3.8758233420027277e-73
0.0
0.0
0.0
0.0
0.0
0.0
0.0
0.0
0.0
0.0
0.0
0.0
0.0
0.0
0.0
0.0
0.0
6.343559849833381e-07
5.168479234161708e-06
2.8065582339818324e-05
0.0001015703358184334
0.00024498600006809005
0.00039381947940054265
0.0004219244264702314
0.0003012684769403005
0.00014336867225927033
4.547119657248157e-05
9.611696533521773e-06
1.3540829399412096e-06
1.2713702085157964e-07
2.0963191424293496e-08
1.0008909087893159e-09
3.184913466552743e-11
6.754451349891664e-13
9.54693722578039e-15
8.993310834582622e-17
5.646205614096273e-19
2.3625190716682045e-21
6.588332481434375e-24
1.224501988002796e-26
1.5227743716370187e-29
5.019930963533884e-32
1.5771275876189896e-32
4.395955352220301e-33
8.16978309141449e-34
4.636920157431203e-05
0.00035172216020781826
0.001778080397051368
0.005990797009283595
0.013452387314871955
0.020132405514340437
0.020080453854723623
0.013348514190411394
0.005913898667627702
0.0017462096272237598
0.00034363740114423826
9.279772253230607e-05
9.286326429137598e-06
6.193442670314554e-07
2.752972329374474e-08
8.155547448734486e-10
1.610222680409268e-11
2.1188504667884226e-13
1.8582161296746643e-15
1.0861096960728097e-17
4.230899451149557e-20
1.0984322263495455e-22
1.9006203563862143e-25
2.1917909700443134e-28
1.6846153842332103e-31
8.683333972865363e-35
6.037129613711835e-38
1.1748727965380894e-39
2.942014886834196e-41
4.9381590870116635e-43
5.524167471002297e-45
4.1186050115226657e-47
2.0465153158851587e-49
6.777373231362347e-52
1.4958545092563745e-54
2.200385909011746e-57
2.1571974759775353e-60
1.6992272436203874e-62
8.471203039895336e-66
2.8146232318151336e-69
6.232711045447469e-73
0.0
0.0
0.0
0.0
0.0
0.0
0.0
0.0
0.0
0.0
5.874478734838772e-36
4.3962678635435036e-35
2.1927065008892346e-34
7.288839892293946e-34
1.614796744241583e-33
2.3842888501455502e-33
2.3462885367946073e-33
1.5388118353805217e-33
6.726221505219e-34
1.9594688360507173e-34
3.804408159152183e-35
4.92285899275545e-36
1.0052446821570687e-36
6.614616296527737e-38
2.900808617347625e-39
8.478422319846153e-41
5.066121078735033e-06
4.738966939368836e-05
0.00029544275262185994
0.0012275651518639373
0.0033993611724479917
0.006273813670316089
0.007716981710767301
0.006326228494222209
0.0034563986363233368
0.0012585901382112191
0.00030544032420062086
4.9402618408380824e-05
5.325435287394833e-06
3.82597214472149e-07
1.8319349323079683e-08
5.846013751151647e-10
1.2433436173389411e-11
1.7623982549822131e-13
1.6649396161779666e-15
1.048273165265788e-17
4.398777529668513e-20
9.134214604132314e-22
1.9490874301622088e-24
2.7718707691955597e-27
2.6272184465019718e-30
1.659590496000856e-33
6.986943664934862e-37
1.9604469390428003e-40
0.0
0.0
0.0
0.0
0.0
0.0
0.0
0.0
0.0
0.0
0.0
0.0
0.0
0.0
0.0
0.0
0.0
0.0
0.0
0.0
0.0
0.0
0.0
0.0
0.0
0.0
0.0
0.0
0.0
0.0
0.0
0.0
0.0
0.0
0.0
0.0
0.0
0.0
0.0
0.0
0.0
0.0
0.0
0.0
0.0
0.0
0.0
0.0
0.0
0.0
0.0
0.0
0.0
0.0
0.0
0.0
0.0
0.0
0.0
0.0
0.0
0.0
0.0
0.0
0.0
0.0
0.0
0.0
0.0
0.0
0.0
0.0
0.0
0.0
0.0
0.0
0.0
0.0
0.0
0.0
0.0
0.0
0.0
0.0
0.0
0.0
0.0
0.0
0.0
0.0
0.0
0.0
0.0
0.0
0.0
0.0
0.0
0.0
0.0
0.0
0.0
0.0
0.0
0.0
0.0
0.0
0.0
0.0
0.0
0.0
0.0
0.0
0.0
0.0
0.0
0.0
0.0
0.0
0.0
0.0
0.0
0.0
0.0
0.0
0.0
0.0
0.0
0.0
0.0
0.0
0.0
0.0
0.0
0.0
0.0
0.0
0.0
0.0
0.0
0.0
0.0
0.0
0.0
0.0
0.0
0.0
0.0
0.0
0.0
0.0
0.0
0.0
0.0
0.0
0.0
0.0
0.0
0.0
0.0
0.0
0.0
0.0
0.0
0.0
0.0
0.0
0.0
0.0
0.0
0.0
0.0
0.0
0.0
0.0
0.0
0.0
0.0
0.0
0.0
0.0
0.0
0.0
0.0
0.0
0.0
0.0
0.0
0.0
0.0
0.0
0.0
0.0
0.0
0.0
0.0
0.0
0.0
0.0
0.0
0.0
0.0
0.0
0.0
0.0
0.0
0.0
0.0
0.0
0.0
0.0
0.0
0.0
0.0
0.0
0.0
0.0
0.0
0.0
0.0
0.0
0.0
0.0
0.0
0.0
0.0
0.0
0.0
0.0
0.0
0.0
0.0
0.0
0.0
0.0
0.0
0.0
0.0
0.0
0.0
0.0
0.0
0.0
0.0
0.0
0.0
0.0
0.0
0.0
0.0
0.0
0.0
0.0
0.0
0.0
0.0
0.0
0.0
0.0
0.0
0.0
0.0
0.0
0.0
0.0
0.0
0.0
0.0
0.0
0.0
0.0
0.0
0.0
0.0
0.0
0.0
0.0
0.0
0.0
0.0
0.0
0.0
0.0
0.0
0.0
0.0
0.0
0.0
0.0
0.0
0.0
0.0
0.0
0.0
0.0
0.0
0.0
0.0
0.0
0.0
0.0
0.0
0.0
0.0
0.0
0.0
0.0
0.0
0.0
0.0
0.0
0.0
0.0
0.0
0.0
