a = 4.895942936505064 b = 4.895942936505064 c = 13.642276018849033 ,Gaussian ,LMH = 0.08 ,DW = [0.6 0.6]
0.0
0.0
0.0
0.0
0.0
0.0
0.0
0.0
0.0
0.0
0.0
0.0
0.0
0.0
0.0
0.0
0.0
0.0
0.0
0.0
0.0
0.0
0.0
0.0
0.0
0.0
0.0
0.0
0.0
0.0
0.0
0.0
0.0
0.0
0.0
0.0
0.0
0.0
0.0
0.0
0.0
0.0
0.0
0.0
0.0
0.0
0.0
0.0
0.0
0.0
0.0
0.0
0.0
0.0
0.0
0.0
0.0
0.0
0.0
0.0
0.0
0.0
0.0
0.0
0.0
0.0
0.0
0.0
0.0
0.0
0.0
0.0
0.0
0.0
0.0
0.0
0.0
0.0
6.700751185756501e-34
5.365314485804373e-33
2.8631784880223273e-32
1.0183175062558357e-31
2.413790344234437e-31
3.8132688835446004e-31
4.014919682079719e-31
2.8173307925577618e-31
1.3175902440380346e-31
4.106808452112848e-32
8.531198990868331e-33
1.1811287614960903e-33
1.089848087263026e-34
1.7762849681569123e-35
8.33458427201435e-37
2.606374343507968e-38
5.4321429462857975e-40
7.545484580847626e-42
6.985293045824546e-44
4.309865059835806e-46
1.7722470555576016e-48
4.856980975418077e-51
8.871357674439387e-54
1.0799293008603902e-56
8.761573491621227e-60
4.7375132736350084e-63
1.7072625725702609e-66
4.10045214388879e-70
0.0
0.0
0.0
0.0
0.0
0.0
0.0
0.0
0.0
0.0
0.0
0.0
0.0
0.0
0.0
0.0
0.0
0.0
0.0
0.0
0.0
0.0
0.0
0.0
0.0
0.0
0.0
0.0
0.0
0.0
0.0
0.0
0.0
0.0
0.0
0.0
0.0
0.0
0.0
0.0
0.0
0.0
0.0
0.0
0.0
0.0
0.0
0.0
0.0
0.0
0.0
0.0
0.0
0.0
0.0
0.0
0.0
0.0
0.0
0.0
0.0
0.0
0.0
0.0
0.0
0.0
0.0
0.0
0.0
0.0
0.0
0.0
0.0
0.0
0.0
0.0
0.0
0.0
0.0
0.0
0.0
0.0
0.0
0.0
0.0
0.0
0.0
0.0
0.0
0.0
0.0
0.0
0.0
0.0
0.0
0.0
0.0
0.0
0.0
0.0
0.0
0.0
0.0
0.0
0.0
0.0
0.0
0.0
0.0
0.0
0.0
0.0
0.0
0.0
0.0
0.0
0.0
0.0
0.0
0.0
0.0
0.0
0.0
0.0
0.0
0.0
0.0
0.0
0.0
0.0
0.0
0.0
0.0
0.0
0.0
0.0
0.0
0.0
0.0
0.0
0.0
0.0
0.0
0.0
0.0
0.0
0.0
0.0
0.0
0.0
0.0
0.0
0.0
0.0
0.0
0.0
0.0
0.0
0.0
0.0
0.0
0.0
0.0
0.0
0.0
0.0
0.0
0.0
0.0
0.0
0.0
0.0
0.0
0.0
0.0
0.0
0.0
0.0
0.0
0.0
0.0
0.0
0.0
0.0
0.0
0.0
0.0
0.0
0.0
0.0
0.0
0.0
4.897902553592704e-33
3.4088507523067674e-32
1.5812020990966807e-31
4.888192782195788e-31
1.0071422538466e-30
1.3829766780858973e-30
1.2656698775927095e-30
7.719827216683945e-31
3.1381685401595552e-31
8.502105636787465e-32
1.535176370909518e-32
1.8474453743312522e-33
1.4817211596878922e-34
7.920323273165164e-36
2.8216353086714934e-37
6.699469321848539e-39
1.0601357312973799e-40
1.1180573739743846e-42
7.858655596127841e-45
3.681408159625194e-47
1.1493736407873547e-49
2.3916082540887553e-52
3.3166557947897296e-55
3.0654363955700185e-58
2.3216020265535727e-60
1.0911444839152826e-63
3.41789169644603e-67
7.1353598563555354e-71
0.0
0.0
0.0
0.0
0.0
0.0
0.0
0.0
0.0
0.0
0.0
0.0
0.0
0.0
0.0
0.0
0.0
0.0
0.0
0.0
0.0
0.0
0.0
0.0
0.0
0.0
0.0
0.0
0.0
0.0
0.0
0.0
0.0
0.0
0.0
0.0
0.0
0.0
0.0
0.0
0.0
0.0
0.0
0.0
0.0
0.0
0.0
0.0
0.0
0.0
0.0
0.0
0.0
0.0
0.0
0.0
0.0
0.0
0.0
0.0
0.0
0.0
0.0
0.0
0.0
0.0
0.0
0.0
0.0
0.0
0.0
0.0
0.0
0.0
0.0
0.0
0.0
0.0
0.0
0.0
0.0
0.0
0.0
0.0
0.0
0.0
0.0
0.0
0.0
0.0
0.0
0.0
0.0
0.0
0.0
0.0
0.0
0.0
0.0
0.0
0.0
0.0
0.0
0.0
0.0
0.0
0.0
0.0
0.0
0.0
0.0
0.0
0.0
0.0
0.0
0.0
0.0
0.0
0.0
0.0
0.0
0.0
0.0
0.0
0.0
0.0
0.0
0.0
0.0
0.0
0.0
0.0
0.0
0.0
0.0
0.0
0.0
0.0
0.0
0.0
0.0
0.0
0.0
0.0
0.0
0.0
0.0
0.0
0.0
0.0
0.0
0.0
0.0
0.0
0.0
0.0
0.0
0.0
0.0
0.0
0.0
0.0
0.0
0.0
0.0
0.0
0.0
0.0
0.0
0.0
0.0
0.0
0.0
0.0
0.0
0.0
0.0
0.0
0.0
0.0
0.0
0.0
0.0
0.0
0.0
0.0
0.0
0.0
0.0
0.0
0.0
0.0
5.696295690849826e-34
5.331290845346028e-33
3.3254756696510785e-32
1.3824732024982163e-31
3.8303743198140963e-31
7.073058670311734e-31
8.704720926141276e-31
7.139766224251309e-31
3.902965209217255e-31
1.421958482271533e-31
5.789609432138672e-32
1.0726155374475796e-32
1.3244038921736197e-33
1.0898791924919063e-34
5.977475742943583e-36
2.1849365599905044e-37
5.3228152092248025e-39
8.64222352438098e-41
9.351712539412994e-43
6.744322833798084e-45
3.241657303958156e-47
1.0384304137632974e-49
2.2170181367338852e-52
3.1545879550896244e-55
2.9915590775139168e-58
1.890749851313846e-61
7.964382589079399e-65
2.2358965294192746e-68
0.0
0.0
0.0
0.0
0.0
0.0
0.0
0.0
0.0
0.0
0.0
0.0
0.0
0.0
0.0
0.0
0.0
0.0
0.0
0.0
0.0
4.092724534670735e-34
2.9508981169915988e-33
1.418004025531436e-32
4.541321623827876e-32
9.693231954074403e-32
1.3789118326664192e-31
1.307332144292191e-31
8.260701496448486e-32
3.4788000422620016e-32
9.763905163897096e-33
1.826413827619339e-33
2.2769650719105395e-34
4.5355366805875585e-35
2.8753349687511832e-36
1.2148698575577285e-37
3.420996388398531e-39
6.420325147036377e-41
8.030507241107926e-43
6.69438185691659e-45
3.719285638421001e-47
1.377178179507074e-49
3.398617434792487e-52
5.5897962399375746e-55
6.127329306198276e-58
4.476391003134519e-61
2.179547583927093e-64
7.072716395963877e-68
1.5296345380897863e-71
0.0
0.0
0.0
0.0
0.0
0.0
9.436513339777453e-34
5.9882105234836194e-33
2.532585466433325e-32
7.138594427561306e-32
1.1369620467726857e-31
1.6296605267195832e-31
1.556789426033158e-31
9.911608699064955e-32
4.2057162781494547e-32
1.1893709938703482e-32
2.2416936541872122e-33
2.815896773628597e-34
2.3574296756414453e-35
1.3153529718451025e-36
4.891335165763022e-38
1.2122552769239688e-39
2.0023606038562143e-41
2.2043068433368245e-43
1.6172730666119636e-45
7.9081738365357e-48
2.577214753569316e-50
5.597660547867783e-53
8.102966742502073e-56
7.8174138243106145e-59
5.026476965975651e-62
2.1540006953790814e-65
6.151903717867014e-69
1.1709942663915462e-72
0.0
0.0
0.0
0.0
0.0
0.0
0.0
0.0
0.0
0.0
0.0
0.0
0.0
0.0
0.0
0.0
0.0
0.0
0.0
0.0
0.0
0.0
0.0
0.0
0.0
0.0
0.0
0.0
0.0
0.0
0.0
0.0
0.0
0.0
0.0
0.0
0.0
0.0
0.0
0.0
0.0
0.0
0.0
0.0
0.0
0.0
0.0
0.0
0.0
0.0
0.0
0.0
0.0
0.0
0.0
0.0
0.0
0.0
0.0
0.0
0.0
0.0
0.0
0.0
0.0
0.0003913167389178666
0.003313192432842613
0.01869590291339728
0.07031172868909798
0.1762343882742184
0.29439815456378177
0.32776385534854413
0.24320280728929713
0.12027009559679919
0.03963950995273435
0.0087072386065291
0.0012747181300863275
0.00012437395018602
8.08772249559191e-06
1.0438985887558133e-06
3.451896012322666e-08
7.607441933505227e-10
1.1173806241906327e-11
1.09381827368744e-13
7.136261585250112e-16
3.102972279021669e-18
8.992212856668239e-21
1.7367480090820538e-23
2.2355716263088806e-26
1.9178821467364445e-29
1.0965710901724772e-32
4.178623245046787e-36
1.0612340789912036e-39
0.0
0.0
0.0
0.0
0.0
0.0
0.0
0.0
0.0
0.0
0.0
0.0
0.0
0.0
0.0
0.0
0.0
0.0
0.0
0.0
3.94274502446526e-34
2.6989243162355908e-33
1.231301101964836e-32
3.743858088050383e-32
7.586754600526383e-32
1.0246469301855664e-31
9.223038000437883e-32
5.532931594829267e-32
2.21216823583663e-32
5.894711455915534e-33
1.0468597419496642e-33
1.2390704350699973e-34
9.774285908637585e-36
5.138728000696239e-37
1.80056071673569e-38
4.204762392848892e-40
6.544201994745735e-42
3.2561248376446266e-43
2.5770263786769814e-45
1.359309115242473e-47
4.7785830966937195e-50
1.1195966854008348e-52
1.7482583603866333e-55
1.8194124896484435e-58
1.2619387541942123e-61
5.83346950695487e-65
1.7972029985007377e-68
3.690191338602307e-72
0.0
0.0
0.0
0.0
0.0
0.0
0.0
0.0
0.0
0.0
0.0
0.0
0.0
0.0
0.0
0.0
0.0
0.0
0.0
0.0
0.0
0.0
0.0
0.0
0.0
0.0
0.0
0.0
0.0
0.0
0.0
0.0
0.0
0.0
0.0
0.0
0.0
0.0
0.0
0.0
0.0
0.0
0.0
0.0
0.0
0.0
0.0
0.0
0.0
0.0
0.0
0.0
0.0
0.0
0.0
0.0
0.0
0.0
0.0
0.0
0.0
6.163031966634997e-34
5.574161393017221e-33
3.3600536040336155e-32
1.3498776940605854e-31
3.6142998871739224e-31
5.56260497373293e-31
7.573742986496668e-31
6.8726536034227055e-31
4.156424489608922e-31
1.6753165667681294e-31
4.5004445948493794e-32
8.057410755946644e-33
9.614288203406463e-34
7.64575394585825e-35
4.052332256750794e-36
1.4314339845723531e-37
3.3699165719907183e-39
5.287477385884039e-41
5.529163657205744e-43
3.8534694012337155e-45
1.789888315681213e-47
5.540915145944661e-50
1.1431905189351176e-52
1.5719447469518972e-55
1.4405803538080119e-58
8.798714923070075e-62
3.5816451343222364e-65
9.716892760923404e-69
0.0
0.0
0.0
0.0
0.0
0.0
0.0
0.0
0.0
0.0
0.0
0.0
0.0
0.0
0.0
0.0
0.0
0.0
0.0
0.0
0.0
0.0
0.0
0.0
0.0
0.0
0.0
0.0
0.0
0.0
0.0
0.0
0.0
0.0
0.0
0.0
0.0
0.0
0.0
0.0
0.0
0.0
0.0
0.0
0.0
0.0
0.0
0.0
0.0
0.0
0.0
0.0
0.0
0.0
0.0
0.0
0.0
0.0
0.0
0.0
0.0
0.0
0.0
0.0
0.0
0.0
0.0
0.0
0.0
0.0
0.0
0.0
0.0
0.0
0.0
0.0
0.0
0.0
0.0
0.0
0.0
0.0
0.0
0.0
0.0
0.0
0.0
0.0
0.0
0.0
0.0
0.0
0.0
0.0
0.0
0.0
0.0
0.0
0.0
0.0
0.0
0.0
0.0
0.0
0.0
0.0
0.0
0.0
0.0
1.3752283528755916e-34
1.0292312560702076e-33
5.1337257421120947e-33
1.7066085186535078e-32
3.7810872821392355e-32
5.583172477262013e-32
5.494484269749018e-32
3.6037476525854077e-32
1.575300311289172e-32
4.589378675187534e-33
8.910990404971327e-34
1.1531335472451936e-34
9.945228961331073e-36
5.716517183199943e-37
2.1899277594487942e-38
5.591259027365862e-40
9.514171687773096e-42
1.0789812659875525e-43
8.155270534353452e-46
4.108131992527015e-48
1.379214941730727e-50
3.0860365558233866e-53
4.213871955760757e-55
4.7946071416431606e-58
3.635852607697461e-61
1.837558011918185e-64
6.189526067966216e-68
1.3894895413914894e-71
0.0
0.0
0.0009502036558098319
0.008357185530924778
0.04898746188372036
0.19137772237189984
0.4982867889593344
0.8646670555629656
1.0
0.7707839021654157
0.39595590112233864
0.13556343103609114
0.030932842654010254
0.004704122915635439
0.0004767811071840362
3.220630954736577e-05
1.4499213202159114e-06
4.3504026750246653e-08
8.699534741872333e-10
1.1594289617268137e-11
5.202080676020856e-13
3.5255573293772055e-15
1.592428814464415e-17
4.793732786455318e-20
9.617654340247179e-23
1.2860150622182248e-25
1.1460524507375856e-28
6.806823371735319e-32
2.694424487098721e-35
7.108354859379435e-39
0.0
0.0
0.0
0.0
0.0
0.0
0.0
0.0
0.0
0.0
0.0
0.0
0.0
0.0
0.0
0.0
0.0
0.0
0.0
0.0
0.0
0.0
0.0
0.0
0.0
0.0
0.0
0.0
0.0
0.0
0.0
0.0
0.0
0.0
0.0
0.0
0.0
0.0
0.0
0.0
0.0
0.0
0.0
0.0
0.0
0.0
0.0
0.0
0.0
0.0
0.0
0.0
0.0
0.0
0.0
0.0
0.0
0.0
0.0
0.0
0.0
0.0
0.0
0.0
0.0
0.0
0.0
0.0
0.0
0.0
0.0
0.0
0.0
0.0009109529822234209
0.007535735293967529
0.0415467307634419
0.15266153495751528
0.37385564451080555
0.6101825837532838
0.6637388235727139
0.48118954549116333
0.23249664656549865
0.0748684343838341
0.016068019787678512
0.0022983042096404085
0.00021909588223310638
1.3920103563211428e-05
5.894300398544437e-07
1.6634264885965874e-08
3.1286465918781666e-10
3.9218497582785085e-12
3.2764756465286387e-14
1.8243345557106675e-16
4.574430545022171e-18
1.2952009623140804e-20
2.4440991899246837e-23
3.0738459498980676e-26
2.577682383161814e-29
3.9355916771619936e-32
3.455143575208509e-32
3.1862859442103726e-32
1.958629405083284e-32
8.024192876415911e-33
2.1909476275189557e-33
3.986981142608985e-34
4.835461335713677e-35
3.908527722473475e-36
2.105571659706811e-37
7.559766899885521e-39
1.8089573632867793e-40
2.8848936327421934e-42
3.0662871836209226e-44
2.172087911267179e-46
1.0254713172370637e-48
3.226644987630889e-51
6.766442568849582e-54
9.456951539454981e-57
8.808936417987204e-60
5.468614821934626e-63
3.176489581755067e-65
1.0027758714196908e-68
2.1098027979216222e-72
0.0
0.0
0.0
0.0
0.0
0.0
0.0
0.0
0.0
0.0
0.0
0.0
0.0
0.0
0.0
0.0
0.0
0.0
0.0
0.0
0.0
0.0
0.0
0.0
0.0
0.0
0.0
0.0
0.0
0.0
0.0
0.0
2.7285815737601677e-34
1.7865156366003703e-33
7.795756216284236e-33
2.2672072716228497e-32
4.394462372036947e-32
5.738442255495707e-32
5.423910166267691e-32
5.91515811536024e-32
1.3093790791517203e-31
3.123466155210611e-31
5.3192096242955635e-31
6.080443953444744e-31
4.63567416251468e-31
2.3556054197169427e-31
7.977682579075972e-32
1.8006645164655613e-32
5.3280839022749794e-33
6.115468333963078e-34
3.314421898729526e-05
0.00026210053525527595
0.0013813685820831792
0.004852134028186689
0.01135893335232654
0.017722454182111345
0.01842857359389998
0.012771477087452299
0.005898914263056931
0.0018158693057183097
0.00037254491461941643
5.093944859100115e-05
4.642066821236275e-06
2.8193570803679547e-07
1.1412225084116766e-08
3.0787336711631455e-10
5.535482249019183e-12
6.633158143288363e-14
5.297449055974672e-16
2.819647216496906e-18
1.0002402072799908e-20
2.3648053001154822e-23
3.7262159472600863e-26
3.9131112803400197e-29
3.2269520394928444e-31
1.723253897286505e-34
6.133206342999262e-38
1.4548138640578997e-41
0.0
0.0
0.0
0.0
0.0
0.0
0.0
0.0
0.0
0.0
0.0
0.0
0.0
0.0
0.0
0.0
0.0
0.0
0.0
0.0
0.0
0.0
0.0
0.0
0.0
0.0
0.0
0.0
0.0
0.0
0.0
0.0
0.0
0.0
0.0
0.0
0.0
0.0
0.0
0.0
0.0
0.0
0.0
0.0
0.0
0.0
0.0
0.0
0.0
0.00041426595528728307
0.0029908808870936854
0.014391316980507964
0.04615125429162251
0.09863885597718705
0.1405057484601793
0.13338951916418082
0.08439775015585323
0.03558947489011205
0.010002160957577914
0.0018734738954339057
0.00023387456964134916
1.9458076423045934e-05
1.0789426389443776e-06
3.9872948906415164e-08
9.820642555811575e-10
1.612066675606861e-11
1.7636306783882574e-13
1.2859196635294087e-15
6.2488712705207255e-18
2.023815263682201e-20
4.368393016817161e-23
6.284259198526885e-26
6.025152214159473e-29
4.6760395108112706e-31
3.573752390918947e-34
8.799738780146779e-34
3.9877328371747295e-33
1.2044823352660252e-32
2.4246908053022156e-32
3.253073263242572e-32
2.908793366273278e-32
1.7334584891979122e-32
6.884867226637138e-33
1.8224651857478224e-33
3.2151738461626135e-34
3.780343191341398e-35
2.962371659415439e-36
1.5471392655091128e-37
5.385187397573157e-39
1.249262723510529e-40
1.9314714370261452e-42
1.9902349432848564e-44
9.333868073426549e-35
6.126122045554554e-34
2.6797308699847866e-33
7.812288304293117e-33
1.517913044224773e-32
1.9656087298403925e-32
1.6964020933075906e-32
1.2273944204788716e-32
5.386646210151146e-33
1.5755576848021884e-33
3.0713669906834327e-34
3.990347010706327e-35
3.455183882210512e-36
1.993945179137229e-37
7.668965969673368e-39
1.9658118815752115e-40
3.3583708284724314e-42
3.8238151565225106e-44
2.901661048675955e-46
1.467499688285232e-48
4.946419022280591e-51
1.111182358575409e-53
1.6636475323271837e-56
1.6600411385566154e-59
1.1039716718301547e-62
4.893037637177645e-66
1.445375641724611e-69
2.845538426636546e-73
0.0
0.0
0.0
0.0
0.0
0.0
0.0
0.0
0.0
0.0
0.0
0.0
0.0
0.0
0.0
0.0
0.0
0.0
0.0
0.0
0.0
0.0
0.0
0.0
0.0
3.220913970955018e-05
0.000245386023867546
0.0012459541762219176
0.004216342333095282
0.009509358222196536
0.013053559803679927
0.014970864735241658
0.011443170210966693
0.005829447259940594
0.0019792011987872027
0.0004478515290772913
6.75397930453753e-05
6.788392389974826e-06
4.54732189974857e-07
2.0301400890409944e-08
6.040569204348495e-10
1.1978743606891691e-11
1.5831651553480011e-13
1.394513504139842e-15
8.186547272087705e-18
3.203025320408867e-20
8.352212178015581e-23
1.4515254454370923e-25
1.6824886929008184e-28
2.0079514263513085e-31
2.6877688112341473e-32
6.746325073639039e-33
1.1313616278224423e-33
1.2644994465095765e-34
9.661791955585471e-34
6.350560706437571e-33
1.790057242028038e-32
6.041508650462975e-32
1.3589598865679293e-31
2.0372739432750227e-31
2.0355124916346855e-31
1.3554380138088604e-31
6.01543584178847e-32
1.7792463559992404e-32
3.507410672405418e-33
4.608066113123088e-34
4.034895876020051e-35
2.3546562278372135e-36
9.15807587493919e-38
2.373900502510839e-39
4.1011186641497555e-41
4.7219752564205004e-43
3.623486324739851e-45
1.853152220726204e-47
6.31650887041579e-50
1.4349100406271796e-52
2.17246999483491e-55
2.1921206209540047e-58
1.4742008462304575e-61
6.6073971713697965e-65
1.9737208011485347e-68
7.039742628299227e-71
0.0
0.0
0.0
0.0
0.0
6.612215117081811e-35
5.48723317912518e-34
3.034879176369777e-33
1.1186930599507131e-32
2.748286661890672e-32
4.499815057143684e-32
4.9103092784059925e-32
3.571121102690673e-32
1.730939374451159e-32
5.591659073218852e-33
1.2038740683117626e-33
1.7274400462017352e-34
1.651986352423133e-35
1.052910544823478e-36
4.4725792365918545e-38
1.2662112262467427e-39
2.389108229220791e-41
3.004325866350591e-43
2.5179076531870552e-45
1.4064169990716733e-47
3.5339834107236155e-49
1.0037866049536132e-51
1.9002022743159516e-54
2.3973962372638432e-57
2.4218196598547265e-34
1.8966479759485813e-33
9.899498897009705e-33
3.443667718483784e-32
7.983821444691837e-32
1.2336215283942095e-31
1.270382820913818e-31
8.719043269190967e-32
3.988270459174256e-32
1.2158553742018715e-32
2.4703630564564196e-33
3.345193138866308e-34
3.019000319218939e-35
1.815878007049736e-36
7.279335340498545e-38
1.944815167292136e-39
3.462952122403304e-41
4.109568177049338e-43
3.250329881034274e-45
1.713326922855235e-47
6.019141963801126e-50
1.4093228121533016e-52
1.983483560790872e-54
2.3616040284942627e-57
1.8739892910323543e-60
9.910799191990691e-64
3.493267126277795e-67
8.206093581063288e-71
0.0
0.0
0.0
0.0
0.0
0.0
0.0
0.0
0.0
0.0
0.0
0.0
0.0
0.0
0.0
0.0
0.0
0.0
0.0
0.0
0.0
0.0
0.0
0.0
0.0
0.0
0.0
0.0
0.0
0.0
0.0
0.0
0.0
0.0
0.0
0.0
0.0
0.0
0.0
0.0
0.0
0.0
0.0
0.0
0.0
0.0
0.0
0.0
0.0
0.0
0.0
0.0
0.0
0.0
0.0
0.0
0.0
0.0
0.0
0.0
0.0
0.0
0.0
0.0
0.0
1.2070967124080876e-33
8.451333008017732e-33
3.943573233192751e-32
1.2264113300283968e-31
2.541932103171445e-31
3.5113432535446675e-31
3.4762716490002146e-31
2.441887361218842e-31
1.143191787140322e-31
3.566926108189241e-32
7.417382541793591e-33
1.0279897658022655e-33
9.495294793704075e-35
5.8453384491631454e-36
2.398238772827679e-37
6.557778236004262e-39
1.195095415211898e-40
1.4515432572749424e-42
1.1750028860587026e-44
6.339126700482259e-47
2.2792999402272455e-49
5.46204249043951e-52
0.0014416848758476183
0.009109853038980773
0.038364889142634986
0.10768075017788772
0.2014298111373389
0.2511255880776704
0.20866025615948705
0.11555002767236057
0.042646355181875324
0.010489996266557026
0.0032870411152529284
0.00041115079155518494
3.427509547474874e-05
1.9043105081852568e-06
7.051449545276164e-08
1.7402057120424413e-09
2.8622286536307324e-11
3.137542436651437e-13
2.2922207531169317e-15
1.1161043994002954e-17
3.621885761429039e-20
7.833326419483865e-23
1.1291177862918785e-25
1.0847104427120197e-28
6.944963090382759e-32
2.963518283298782e-35
8.428044656830768e-39
1.5974511761537796e-42
0.0
0.0
5.377765981776708e-34
4.623723416858293e-33
2.649496459375473e-32
1.0118505864202943e-31
2.5754372932195143e-31
3.832141779745912e-31
4.959966477355761e-31
4.2785583796438025e-31
2.4597882991152308e-31
9.424960713694726e-32
2.4068161339309755e-32
4.096262953735156e-33
4.646375339082599e-34
3.512548258738684e-35
1.769749743089091e-36
5.942688474083315e-38
1.329950934688119e-39
1.983671811088043e-41
1.9719031140580754e-43
1.3064201553431858e-45
5.768484359367899e-48
1.6975482021887633e-50
3.3293853081929986e-53
4.351986612401066e-56
3.791338760333827e-59
2.2012997242537133e-62
8.518189859380768e-66
2.1968327807883504e-69
0.0
0.0
0.0
0.0
0.0
0.0
0.0
0.0
0.0
0.0
0.0
0.0
0.0
0.0
0.0
0.0
0.0
0.0
0.0
0.0
0.0
0.0
0.0
0.0
0.0
0.0
0.0
0.0
0.0
0.0
0.0
0.0
0.0
0.0
0.0
0.0
0.0
0.0
0.0
0.0
0.0
0.0
0.0
0.0
0.0
1.036179451512759e-36
6.658018887825243e-36
2.8512586666073615e-35
8.137851527950987e-35
1.547976822955234e-34
1.962459460187241e-34
1.6581296386095758e-34
9.337224882750686e-35
3.504279220122285e-35
8.765185995761388e-36
2.777390537298053e-36
3.5326610067856043e-37
2.9946669249031994e-38
1.6919075775678323e-39
6.370687367533937e-41
1.5987387413978178e-42
2.6739313508158084e-44
2.9806058910788424e-46
2.2143201187584554e-48
1.0963716691773486e-50
3.6179016062884405e-53
7.956778099007335e-56
1.1662704976720403e-58
1.1393125494647437e-61
7.417678751150106e-65
3.218657077720484e-68
9.308140810194037e-72
1.7940425067302904e-75
0.0
0.0
0.0
0.0
0.0
0.0
0.0
0.0
9.643879327475513e-35
8.777825195741033e-34
5.3248041231788164e-33
2.1527911202251983e-32
5.800717272256876e-32
1.0417009293582157e-31
1.2467688785432055e-31
9.945128583141915e-32
5.287086312383801e-32
1.8732853914163874e-32
0.000489591506640229
0.0038586504879704144
0.02026835759721701
0.07095503550765626
0.1655500947414793
0.2574288364457912
0.2667881294288068
0.18427115521507012
0.08482615136849896
0.026024579201252434
0.0053213180499353235
0.0007251640507914695
6.586199228380524e-05
3.986713339788829e-06
1.6083357040608816e-07
1.5100292473037646e-08
3.0977733070506367e-10
4.235409978990817e-12
3.859426957586001e-14
2.3438604167129503e-16
9.486853882143161e-19
2.559141070290608e-21
4.600952926171553e-24
5.512935372451721e-27
4.402501990041441e-30
2.3431374684689282e-33
8.311463935857021e-37
1.9648926539540497e-40
0.0
0.0
0.0
0.0
0.0
0.0
0.0
0.0
0.0
0.0
0.0
0.0
0.0
0.0
0.0
0.0
0.0
0.0
0.0
0.0
0.0
0.0
0.0
0.0
0.0
0.0
0.0
0.0
0.0
0.0
0.0
0.0
0.0
0.0
0.0
0.0
0.0
0.0
0.0
0.0
0.0
0.0
0.0
0.0
0.0
0.0
0.0
0.0
0.0
0.0
0.0
0.0
2.9856975437908037e-35
2.654006336426947e-34
1.5723153276644002e-33
6.208102646855723e-33
1.633652486820464e-32
2.8651147172763414e-32
3.348928697474717e-32
2.608863367858703e-32
1.3544978392905972e-32
4.6869125096739525e-33
1.0808786160393503e-33
1.6613018601517046e-34
3.8047882850763263e-35
2.9737516944762186e-36
1.549032242279961e-37
4.0816454601820005e-06
3.290995221268635e-05
0.0001768482526791962
0.0006333675995513729
0.001511793454957976
0.0024049753361818213
0.0025498248020869884
0.00180173785649924
0.0008485050165485007
0.00026631692837922907
5.5708912443489284e-05
7.766621405838283e-06
7.2164089893036e-07
0.0001444967612826808
0.0010404037745088317
0.004994132629538757
0.0159771949239939
0.03406611029187742
0.048408999939686094
0.04584703154826194
0.028938624248333645
0.012173797910364777
0.0034131536822636353
0.001167015274981887
0.00016638297150795933
1.580966837530558e-05
1.0011938941568052e-06
4.225666054540902e-08
1.1886491967353437e-09
2.2284032229726785e-11
2.7842959957384545e-13
2.3185612641045393e-15
1.2867770221920747e-17
4.7595902545687016e-20
1.1733224604212065e-22
1.9277324148995957e-25
2.110851415905581e-28
1.5404589378779693e-31
7.492454888277138e-35
2.4287325615281675e-38
5.247069324320683e-42
0.0
0.0
1.2078513824232714e-05
0.00010611305799106648
0.0006213062295636803
0.0024245108618491796
0.006305566471791534
0.010929634293100458
0.012588118976634118
0.011095450536497641
0.006517943515492247
0.0025518655653169564
0.0006658655385819236
0.0001157968736707383
1.3421117480202493e-05
1.0367214152995592e-06
5.337243411053574e-08
1.831274710533109e-09
4.187661163483696e-11
6.382210423252277e-13
6.482645180201225e-15
4.388488176543428e-17
1.9799725155401857e-19
5.953672470628017e-22
1.193142381725332e-24
1.5936132860368628e-27
1.4199031632510784e-30
1.0198956391318948e-33
1.625634959645849e-35
9.47877779388049e-37
3.759802413058049e-38
9.940298582842454e-40
1.7515211481986497e-41
9.466589589967286e-43
8.482269861423597e-45
5.065381612161803e-47
2.0160151984614426e-49
5.347576208472709e-52
9.453697708381973e-55
1.1138532801225628e-57
8.746530466543777e-61
4.5774666258713325e-64
1.5965999379900467e-67
3.711492418585254e-71
0.0
0.0
0.0
0.0
0.0
0.0
0.0
0.0
0.0
0.0
1.3656134209661248e-33
8.830789471611895e-33
3.8058602254984324e-32
1.0931699516468685e-31
2.092686077818273e-31
2.575229141059918e-31
2.5068875755964634e-31
1.626430035636992e-31
7.032625030725834e-32
2.026660888947464e-32
3.892478827669541e-33
4.98256507728051e-34
4.250707767839832e-35
1.2046332277527693e-35
7.606161552689956e-35
3.994533564440465e-34
1.399801249880044e-33
3.269269464025688e-33
5.088814491137387e-33
5.27915081078033e-33
4.121016085113485e-33
4.705670145190519e-33
1.3453754126244172e-32
3.699642155113099e-32
7.012349275992644e-32
8.880133679693129e-32
7.496075973441653e-32
4.217310028370057e-32
1.581317300803279e-32
3.951701146679308e-33
6.581588322378046e-34
1.5902399310816148e-34
1.3468271287009589e-35
7.602258013574595e-37
2.8599267024853325e-38
7.170488579892336e-40
1.1981857285097703e-41
1.3343847949074537e-43
9.904203952074346e-46
4.899362948533337e-48
1.6152553949222126e-50
3.5491498412522085e-53
5.197434420932783e-56
5.072654105159621e-59
3.2996131754672934e-62
1.4304489285765948e-65
4.1329793239404914e-69
7.958581292313408e-73
0.0
0.0
0.0
0.0
0.0
0.0
0.0
0.0
0.0
0.0
0.0
0.0
0.0
0.0
0.0
0.0
0.0
0.0
0.0
0.0
0.0
0.0
0.0
0.0
0.0
0.0
0.0
0.0
0.0
0.0
0.0
0.0
0.0
0.0
0.0
0.0
0.0
0.0
0.0
0.0
0.0
0.0
0.0
0.0
0.0
0.0
0.0
0.0
0.0
0.0
0.0
0.0
0.0
0.0
0.0
0.0
0.0
0.0
0.0
0.0
0.0
0.0
0.0
0.0
0.0
0.0
0.0
0.0
0.0
0.0003643500929242779
0.00270840904768072
0.01341810467263217
0.04430468397669944
0.09749664224209946
0.14299182959328313
0.13977011911449191
0.09105399300232886
0.03953349445827334
0.01143965589749284
0.0022061867205993057
0.00028356532245699714
2.429100708963853e-05
1.386818001410362e-06
5.2768526610668564e-08
1.338172232964328e-09
9.21943354297003e-11
1.188895995872542e-12
1.0217979777627697e-14
5.852854953474802e-17
2.234354260407352e-19
5.684834834458205e-22
9.639737739223652e-25
1.0894169647363022e-27
8.205491454926697e-31
4.119045689899392e-34
1.3481841456546691e-34
1.2593360985207468e-33
7.848013906066587e-33
3.259563410871505e-32
9.022785907271795e-32
1.6645751970371706e-31
2.0466695768158205e-31
1.6771565279494115e-31
9.159694901867624e-32
3.3340335629410556e-32
8.087987567496833e-33
1.307653048926141e-33
1.4090491252663941e-34
2.6692441288523647e-34
2.1007190289203176e-33
1.1447582092443298e-32
2.829942598267226e-32
7.843782420641982e-32
1.4489553973487797e-31
1.783881674024859e-31
1.4637220632987677e-31
8.004472973281048e-32
2.917349185819976e-32
7.086399527007614e-33
1.1472139040109132e-33
1.2377835825084364e-34
8.90074957927363e-36
4.265696916073525e-37
1.362495120720139e-38
2.900423829644345e-40
4.114996988360631e-42
3.8909811512589866e-44
2.452055413419215e-46
1.0298713629819976e-48
2.882818045952734e-51
5.378151476765854e-54
6.68698542012517e-57
5.541269475843313e-60
0.00040667948767107075
0.0029058048647791295
0.013837644640074347
0.04391768592559142
0.07570510371087637
0.12218137666242752
0.13142149940443298
0.0942126825132998
0.045012576204089716
0.014333092967656745
0.003041777997945673
0.00043022600598963037
4.055527508231595e-05
2.5478836533126154e-06
1.0668254844268248e-07
2.977067755555786e-09
5.536886288386511e-11
6.863158648772028e-13
5.669751440867916e-15
3.1216596451331023e-17
1.1454829476641776e-19
2.801387941285335e-22
4.5660370406311105e-25
4.960064394209194e-28
3.5913070673891647e-31
3.997186111791876e-34
1.8897161944941475e-33
1.065780376187886e-32
4.0066831585032413e-32
1.003885700156911e-31
1.4781481885154183e-31
1.8833013900723732e-31
1.5992016405065414e-31
9.050408343179147e-32
3.413616039880534e-32
8.581095093678815e-33
1.4376471481217177e-33
1.6052528430981012e-34
1.1945824678259656e-35
5.92475469199162e-37
1.9584214570073875e-38
4.314430645635913e-40
6.334646342947233e-42
6.198731189582007e-44
4.042637324016448e-46
1.7571478581348955e-48
5.090182831204174e-51
9.827431023296259e-54
1.2645271985687888e-56
1.0844209367589267e-59
6.197965591928659e-63
2.3609238323286013e-66
5.993718466076262e-70
0.0
1.2244939194031599e-34
4.389726207597935e-34
2.1247602107334965e-33
6.854313505306102e-33
3.7634225041921475e-06
2.614740622660937e-05
0.00012107536833889746
0.0003736496088265344
0.0007685193612215812
0.0010534808426922158
0.0009624540847267839
0.0005860233837548963
0.0002378107155684191
6.431754244981647e-05
1.1593351730902967e-05
1.3927402622084e-06
1.1150973849058845e-07
5.950274650643419e-09
2.1161321006443356e-10
5.015683069418477e-12
7.923169483630942e-14
8.341599866949572e-16
5.853037537908709e-18
2.737126147461511e-20
8.530802069784417e-23
1.7720112143611115e-25
2.453152882403173e-28
2.4321904214106027e-30
1.71221502078578e-33
8.03342197179172e-37
2.5120275901126796e-40
5.235157819654378e-44
0.0
0.0
0.0
0.0
0.0
4.0356467398808986e-36
3.5577304327953e-35
2.090328213799832e-34
8.18535414578012e-34
2.1362005093334323e-33
3.7155927132471255e-33
4.30720694936696e-33
3.327705798836484e-33
1.713466651294718e-33
5.880143668953808e-34
1.3448745228756338e-34
2.0500154956093904e-35
2.082639347741322e-36
1.410108540911882e-37
6.363155918232339e-39
1.913701226106548e-40
1.4772115975827834e-41
2.2591593191320495e-43
2.3026745323668155e-45
1.564227095631355e-47
7.081880586589125e-50
2.136874136641235e-52
4.297252115422739e-55
5.7594932497853466e-58
5.1446905977538835e-61
3.0627799635247384e-64
1.2152171261423602e-67
3.2134645536913786e-71
0.0
2.042413717403764e-35
1.5659055350261366e-34
8.001454647449516e-34
2.7249208058821324e-33
6.184724662795711e-33
9.355530165137899e-33
9.431873881105898e-33
6.337370744126955e-33
2.8379307418983838e-33
8.469855841592085e-34
1.6847357548005584e-34
2.2334133891334614e-35
4.634770034773824e-36
3.124410533051629e-37
1.4037492725379703e-38
4.203320862686737e-40
8.38836058087996e-42
1.1156890899861514e-43
9.889875625787322e-46
5.842786564034574e-48
2.3005451550399393e-50
6.0370260561940945e-53
1.0558370236962264e-55
1.2307002008065945e-58
9.560689287971832e-62
4.950028340039836e-65
1.708078061340688e-68
3.928161113339579e-72
0.0
0.0
0.0
0.0
0.0
0.0
0.0
0.0
0.0
0.0
0.0
0.0
0.0
0.0
0.0
6.277989968523671e-05
0.0004125741079679243
0.0018070279477474286
0.005274840327065074
0.010262078070175299
0.013305857222734536
0.01149825542288545
0.006622204574365539
0.00254187846747728
0.0006502622158780451
0.00011086738530990228
1.259797200983083e-05
9.540673223103712e-07
4.8154729908429707e-08
1.6198709972303065e-09
3.631645564118622e-11
5.426352857685979e-13
5.403736381474674e-15
3.58642559428944e-17
1.5863939484762076e-19
4.676724770673878e-22
7.674731379725337e-24
1.1505262496327177e-26
1.1495064903341357e-29
7.654342160716837e-33
3.396924265377024e-36
1.0047208271254732e-39
1.9805531142237227e-43
0.0
0.0
0.0
0.0
0.0
0.0
0.0
0.0
0.0
0.0
0.0
8.220654589073814e-35
7.0336253549984565e-34
4.010824059733122e-33
1.5242968044866414e-32
3.860886325650979e-32
6.51757502563934e-32
7.332745489344154e-32
5.498303793236712e-32
3.62218815154818e-32
1.3811336494882801e-32
3.533532982805046e-33
7.510342286155097e-34
7.556032922861275e-34
2.022601401040218e-33
3.9405170623307645e-33
5.1287063874467245e-33
4.449082825882493e-33
2.5722630117966797e-33
9.91155557364106e-34
2.5453635263592023e-34
4.3565164782070217e-35
4.9694743541480074e-36
3.778009925088922e-37
1.9142439515119426e-38
6.46417374142227e-40
0.0001764045377328781
0.001210042042686741
0.005531879556575253
0.01685491317855483
0.0342264512503999
0.046321090195456834
0.04178084515271985
0.02511638996593201
0.014279447652379498
0.00436509787228729
0.0008893201056707405
0.00012075462798720902
1.0927756417345442e-05
6.590824928691336e-07
2.6492936201361163e-08
7.097443758852379e-10
1.2672297911602925e-11
1.5079617883421386e-13
1.1959329934889183e-15
6.3212782324022e-18
2.2268169244626877e-20
5.2281214614996766e-23
2.344601236720806e-05
0.00016469212908810254
0.000771006867614309
0.0024056098708960033
0.005002345636670321
0.006932721322098569
0.006403469395744944
0.003941926131042917
0.0016172723933073545
0.000442221051639202
8.058926613747218e-05
9.78805806865528e-06
1.9160652214931605e-06
1.1834017428663327e-07
4.8711967268448134e-09
1.3363514280586584e-10
2.443358781022747e-12
2.9773874427543614e-14
2.418048513036761e-16
1.3088088272525191e-18
4.721380143911546e-21
1.1351239089179073e-23
1.8188593687892192e-26
1.942390385888109e-29
1.3824692061179424e-32
6.557766685439044e-36
2.0731847427753796e-39
4.3681907533651244e-43
0.0
0.0
0.0
0.0
0.0
0.0
0.0
0.0
0.0
0.0
0.0
0.0
0.0
0.0
0.0
0.0
0.0
0.0
0.0
0.0
0.0
0.0
0.0
0.0
0.0
0.0
0.0
0.0
0.0
0.0
0.0
0.0
0.0
0.0
0.0
0.0
0.0
0.0
0.0
0.0
0.0
0.0
0.0
0.0
0.0
0.0
0.0
0.0
0.0
0.0
2.0001139739931434e-35
1.6148351759760698e-34
8.689268280913223e-34
3.11616007961049e-33
7.447969014174242e-33
1.1864174095399758e-32
1.259559560946247e-32
8.912128812015704e-33
4.2026744456546016e-33
1.3208441948324217e-33
2.766680330259979e-34
7.788696295104326e-35
8.29611456334585e-36
5.889335015438259e-37
2.7863734756896187e-38
8.786055511419684e-40
1.8464183459303419e-41
2.586114912409575e-43
2.414054545355534e-45
1.5018545929847488e-47
6.227163139928128e-50
1.720814862192007e-52
3.169272638073658e-55
3.890152281278429e-58
3.1824028266971574e-61
1.735102953303558e-64
6.304881009494612e-68
1.5268982188730546e-71
0.0
0.0
0.0
0.0
0.0
0.0
0.0
0.0
1.0151973344284144e-34
4.094069877976867e-34
2.364360604463266e-33
9.100258438941631e-33
2.3344000609420464e-32
3.9909693630428807e-32
8.00501096754121e-07
6.504877381871095e-06
3.522879965596489e-05
0.00012715637116022225
0.00030588624843970366
0.0004904145300380019
0.0005240204709749253
0.0003731768765912168
0.0001771180189117652
5.602634801266706e-05
1.1811455864380923e-05
1.65957199103749e-06
1.554069044379685e-07
9.698980166114186e-09
4.034255324371778e-10
1.1183615791996883e-11
2.066248944247369e-13
2.544278212120271e-15
2.087988494619232e-17
1.1420185330273352e-19
2.8296803501877844e-21
7.870186254919421e-24
1.4588621509281873e-26
1.802324808948034e-29
1.487274246641312e-32
1.0331423585115581e-35
9.878049966145086e-38
2.7960166200334458e-39
5.435748364397874e-41
7.044874403160977e-43
6.085113933330204e-45
3.503045041664848e-47
1.3440154991886438e-49
3.43672182409654e-52
5.856876045606186e-55
5.6954129943613626e-05
0.0004320115278332089
0.0021839716567377244
0.007358346051866693
0.016523230704224276
0.02472812989681678
0.02466431897335586
0.016395645944786593
0.007263893743126826
0.0021448255876975754
0.00042208122058968214
0.0001139811204017864
1.1406162370432479e-05
7.607250646274474e-07
3.381407021362818e-08
1.0017254845592456e-09
1.9777962238838477e-11
2.60253100591251e-13
2.2824003717898793e-15
1.3340413607082322e-17
5.196707921160907e-20
1.3491768162843985e-22
2.334484421651816e-25
2.692121843640105e-28
2.069147570216792e-31
1.0643014566977792e-34
5.997695110215097e-38
8.569528536360114e-40
2.01757481189977e-41
3.1965106652830816e-43
3.375236558674765e-45
2.3752745923509127e-47
1.11405075743389e-49
3.4823922002656406e-52
7.254908389595325e-55
1.0073206391721763e-57
9.32148446524014e-61
7.065303767340964e-63
3.3246870119483185e-66
1.0426828805746108e-69
2.179391574206616e-73
0.0
0.0
0.0
0.0
0.0
0.0
0.0
0.0
0.0
2.5104330342312327e-36
2.2395903568628376e-35
1.3315886503620465e-34
5.2765873142381336e-34
1.3935344880745889e-33
2.452809739154682e-33
2.877342434618128e-33
2.2495766090524646e-33
1.1721726198609964e-33
4.070651342852295e-34
9.421450865005436e-35
1.4532931187759961e-35
1.728029783683281e-05
7.14518675058632e-05
0.00042840883184569863
0.0017119252390509793
0.004559242815287336
0.008092490498304055
0.009573113811099144
0.00754754644577168
0.00396588315443665
0.0013888507673247247
0.00032415505593730596
5.042333478753037e-05
5.227473956121309e-06
3.611883543335441e-07
1.6632485309507724e-08
5.104604584528567e-10
1.044115666066302e-11
1.4233662571392932e-13
1.2932017042770714e-15
7.83064288853584e-18
3.160167608659729e-20
8.499715005001818e-23
1.5236322586832366e-25
1.82027708639713e-28
1.4493604080600534e-31
7.691248318351278e-35
4.02387659235114e-37
1.0858445922458024e-40
0.0
0.0
0.0
0.0
0.0
0.0
0.0
0.0
0.0
0.0
0.0
0.0
0.0
0.0
0.0
0.0
0.0
0.0
0.0
0.0
0.0
0.0
0.0
0.0
0.0
0.0
0.0
0.0
0.0
0.0
0.0
0.0
0.0
0.0
0.0
0.0
0.0
0.0
0.0
0.0
0.0
0.0
0.0
0.0
0.0
0.0
0.0
0.0
0.0
0.0
0.0
0.0
0.0
0.0
0.0
0.0
0.0
0.0
0.0
0.0
0.0
0.0
0.0
0.0
0.0
0.0
0.0
0.0
0.0
0.0
0.0
0.0
0.0
0.0
0.0
0.0
0.0
0.0
0.0
0.0
0.0
0.0
0.0
0.0
0.0
0.0
0.0
0.0
0.0
0.0
0.0
0.0
0.0
0.0
0.0
0.0
0.0
0.0
0.0
0.0
0.0
0.0
0.0
0.0
0.0
0.0
0.0
0.0
0.0
0.0
0.0
0.0
0.0
0.0
0.0
0.0
0.0
0.0
0.0
0.0
0.0
0.0
0.0
0.0
0.0
0.0
0.0
0.0
0.0
0.0
0.0
0.0
0.0
0.0
0.0
0.0
0.0
0.0
0.0
0.0
0.0
0.0
0.0
0.0
0.0
0.0
0.0
0.0
0.0
0.0
0.0
0.0
0.0
0.0
0.0
0.0
0.0
0.0
0.0
0.0
0.0
0.0
0.0
0.0
0.0
0.0
0.0
0.0
0.0
0.0
0.0
0.0
0.0
0.0
0.0
0.0
0.0
0.0
0.0
0.0
0.0
0.0
0.0
0.0
0.0
0.0
0.0
0.0
0.0
0.0
0.0
0.0
0.0
0.0
0.0
0.0
0.0
0.0
0.0
0.0
0.0
0.0
0.0
0.0
0.0
0.0
0.0
0.0
0.0
0.0
0.0
0.0
0.0
0.0
0.0
0.0
0.0
0.0
0.0
0.0
0.0
0.0
0.0
0.0
0.0
0.0
0.0
0.0
0.0
0.0
0.0
0.0
0.0
0.0
0.0
0.0
0.0
0.0
0.0
0.0
0.0
0.0
0.0
0.0
0.0
0.0
0.0
0.0
0.0
0.0
0.0
0.0
0.0
0.0
0.0
0.0
0.0
0.0
0.0
0.0
0.0
0.0
0.0
0.0
0.0
0.0
0.0
0.0
0.0
0.0
0.0
0.0
0.0
0.0
0.0
0.0
0.0
0.0
0.0
0.0
0.0
0.0
0.0
0.0
0.0
0.0
0.0
0.0
0.0
0.0
0.0
0.0
0.0
0.0
0.0
0.0
0.0
0.0
0.0
0.0
0.0
0.0
0.0
0.0
0.0
0.0
0.0
0.0
0.0
0.0
0.0
0.0
0.0
0.0
0.0
0.0
0.0
0.0
0.0
