a = 4.895942936505064 b = 4.895942936505064 c = 13.559404037486361 ,Gaussian ,LMH = 0.08 ,DW = [0.4 0.4]
0.0
0.0
0.0
0.0
0.0
0.0
0.0
0.0
0.0
0.0
0.0
0.0
0.0
0.0
0.0
0.0
0.0
0.0
0.0
0.0
0.0
0.0
0.0
0.0
0.0
0.0
0.0
0.0
0.0
0.0
0.0
0.0
0.0
0.0
0.0
0.0
0.0
0.0
0.0
0.0
0.0
0.0
0.0
0.0
0.0
0.0
0.0
0.0
0.0
0.0
0.0
0.0
0.0
0.0
0.0
0.0
0.0
0.0
0.0
0.0
0.0
0.0
0.0
0.0
0.0
0.0
0.0
0.0
0.0
0.0
0.0
0.0
0.0
0.0
0.0
0.0
0.0
0.0
0.0
3.2527627005820286e-34
2.9672000614228575e-33
1.803943061130948e-32
7.309377128580802e-32
1.9738741638283314e-31
3.5525492171112824e-31
4.261301788641512e-31
3.4066383373091277e-31
1.8150613746710917e-31
6.44522597159152e-32
1.525339546910683e-32
2.405893839650479e-33
5.6059679027784696e-34
4.496381135897831e-35
2.40357221813477e-36
8.563134829134895e-38
2.0332460487034924e-39
3.21757471196414e-41
3.393508108120009e-43
2.385342194832045e-45
1.117465279487439e-47
3.488983647095023e-50
7.260146392909908e-53
1.0068699278745377e-55
9.306425612725929e-59
5.732895148656614e-62
2.35367576489099e-65
6.440221738050145e-69
0.0
0.0
0.0
0.0
0.0
0.0
0.0
0.0
0.0
0.0
0.0
0.0
0.0
0.0
0.0
0.0
0.0
0.0
0.0
0.0
0.0
0.0
0.0
0.0
0.0
0.0
0.0
0.0
0.0
0.0
0.0
0.0
0.0
0.0
0.0
0.0
0.0
0.0
0.0
0.0
0.0
0.0
0.0
0.0
0.0
0.0
0.0
0.0
0.0
0.0
0.0
0.0
0.0
0.0
0.0
0.0
0.0
0.0
0.0
0.0
0.0
0.0
0.0
0.0
0.0
0.0
0.0
0.0
0.0
0.0
0.0
0.0
0.0
0.0
0.0
0.0
0.0
0.0
0.0
0.0
0.0
0.0
0.0
0.0
0.0
0.0
0.0
0.0
0.0
0.0
0.0
0.0
0.0
0.0
0.0
0.0
0.0
0.0
0.0
0.0
0.0
0.0
0.0
0.0
0.0
0.0
0.0
0.0
0.0
0.0
0.0
0.0
0.0
0.0
0.0
0.0
0.0
0.0
0.0
0.0
0.0
0.0
0.0
0.0
0.0
0.0
0.0
0.0
0.0
0.0
0.0
0.0
0.0
0.0
0.0
0.0
0.0
0.0
0.0
0.0
0.0
0.0
0.0
0.0
0.0
0.0
0.0
0.0
0.0
0.0
0.0
0.0
0.0
0.0
0.0
0.0
0.0
0.0
0.0
0.0
0.0
0.0
0.0
0.0
0.0
0.0
0.0
0.0
0.0
0.0
0.0
0.0
0.0
0.0
0.0
0.0
0.0
0.0
0.0
0.0
0.0
0.0
0.0
0.0
0.0
0.0
0.0
0.0
0.0
0.0
0.0
0.0
0.0
9.470017403002913e-34
8.599278167691807e-33
5.204209442837904e-32
2.0990804475318476e-31
5.642673848614636e-31
1.0109329725324764e-30
1.2070946447428977e-30
9.605983423403204e-31
5.09476188061582e-31
1.8008912865297833e-31
4.242605503798021e-32
6.661305527327227e-33
6.970558945208505e-34
4.86135574262227e-35
2.2595853477152185e-36
6.999735749863418e-38
1.4451605192978213e-39
1.9885296916745044e-41
1.823600152227377e-43
1.1145734862272264e-45
4.5401410336290866e-48
1.2325698158882947e-50
1.914581439890726e-52
2.6431305179582844e-55
2.431895572077355e-58
1.491257987978393e-61
6.0945576879038e-65
1.6600193468824145e-68
0.0
0.0
0.0
0.0
0.0
0.0
0.0
0.0
0.0
0.0
0.0
0.0
0.0
0.0
0.0
0.0
0.0
0.0
0.0
0.0
0.0
0.0
0.0
0.0
0.0
0.0
0.0
0.0
0.0
0.0
0.0
0.0
0.0
0.0
0.0
0.0
0.0
0.0
0.0
0.0
0.0
0.0
0.0
0.0
0.0
0.0
0.0
0.0
0.0
0.0
0.0
0.0
0.0
0.0
0.0
0.0
0.0
0.0
0.0
0.0
0.0
0.0
0.0
0.0
0.0
0.0
0.0
0.0
0.0
0.0
0.0
0.0
0.0
0.0
0.0
0.0
0.0
0.0
0.0
0.0
0.0
0.0
0.0
0.0
0.0
0.0
0.0
0.0
0.0
0.0
0.0
0.0
0.0
0.0
0.0
0.0
0.0
0.0
0.0
0.0
0.0
0.0
0.0
0.0
0.0
0.0
0.0
0.0
0.0
0.0
0.0
0.0
0.0
0.0
0.0
0.0
0.0
0.0
0.0
0.0
0.0
0.0
0.0
0.0
0.0
0.0
0.0
0.0
0.0
0.0
0.0
0.0
0.0
0.0
0.0
0.0
0.0
0.0
0.0
0.0
0.0
0.0
0.0
0.0
0.0
0.0
0.0
0.0
0.0
0.0
0.0
0.0
0.0
0.0
0.0
0.0
0.0
0.0
0.0
0.0
0.0
0.0
0.0
0.0
0.0
0.0
0.0
0.0
0.0
0.0
0.0
0.0
0.0
0.0
0.0
0.0
0.0
0.0
0.0
0.0
0.0
0.0
0.0
0.0
0.0
0.0
0.0
0.0
0.0
0.0
0.0
0.0
0.0
0.0
4.9279507823383526e-34
4.6423685675285985e-33
2.9147037559799496e-32
1.219637509201455e-31
3.4013292378760823e-31
6.321907257194179e-31
7.628080705845021e-31
7.209701890514633e-31
4.541516374148011e-31
1.9066281868218374e-31
5.334732926734348e-32
9.948117435243296e-33
1.2363763035525414e-33
1.024099113832675e-34
5.6534669300075694e-36
2.0800284256088505e-37
5.1004116869100646e-39
8.335328926936469e-41
9.078661028177347e-43
6.590257860117694e-45
3.188339522352672e-47
1.028035864156621e-49
2.2091922806339288e-52
3.1640279882490076e-55
3.020151048880249e-58
1.9213149409102362e-61
8.146105007207097e-65
2.3018816787483037e-68
0.0
0.0
0.0
0.0
0.0
0.0
0.0
0.0
0.0
0.0
0.0
0.0
0.0
0.0
0.0
0.0
0.0
4.239995676302919e-34
3.0570821835829696e-33
1.4690289772255882e-32
4.7047349233046405e-32
1.0042029759518924e-31
1.4285301048190176e-31
1.3543747184384253e-31
8.557951636241373e-32
3.6039799436684934e-32
1.011524604894671e-32
1.892134852136799e-33
2.3588985718947615e-34
4.698741816727636e-35
2.9787999979354626e-36
1.2585853017175803e-37
3.544096303716814e-39
6.651351839901728e-41
8.319474152822795e-43
6.935270108798217e-45
3.8531190878472554e-47
1.4267340685019963e-49
3.5209120738166596e-52
5.790937476483835e-55
6.3478129411059814e-58
4.6374678622876346e-61
2.257975647728468e-64
7.3272185031178e-68
1.584676362379733e-71
0.0
0.0
0.0
0.0
0.0
0.0
4.182503080825444e-34
3.1217553686645785e-33
1.5528982952666256e-32
5.14835762788833e-32
9.136643861714186e-32
1.5403342464747207e-31
1.7307119560878634e-31
1.296033312949182e-31
6.468284054521785e-32
2.151510901094386e-32
4.769573725300554e-33
7.046884117713325e-34
6.938989679686749e-35
4.553830919267293e-36
1.9917696463798298e-37
5.806078000456141e-39
1.1279975866573112e-40
1.4605452719663482e-42
1.2603855750007932e-44
7.248921106606996e-47
2.7785925722250267e-49
7.098358278116856e-52
1.2085719475607992e-54
1.3714142296827204e-57
1.037161390702367e-60
5.2276388833118996e-64
1.756088367102593e-67
3.931594334709603e-71
0.0
0.0
0.0
0.0
0.0
0.0
0.0
0.0
0.0
0.0
0.0
0.0
0.0
0.0
0.0
0.0
0.0
0.0
0.0
0.0
0.0
0.0
0.0
0.0
0.0
0.0
0.0
0.0
0.0
0.0
0.0
0.0
0.0
0.0
0.0
0.0
0.0
0.0
0.0
0.0
0.0
0.0
0.0
0.0
0.0
0.0
0.0
0.0
0.0
0.0
0.0
0.0
0.0
0.0
0.0
0.0
0.0
0.0
0.0
0.0
0.0
0.0
0.0
0.0
0.0
0.0
0.0
0.0013743957666967129
0.009230594561649593
0.04131702955712382
0.12325656323988445
0.2450600769962196
0.32472567281192133
0.2867756238332016
0.168791040057587
0.06621221147469765
0.017310449522786167
0.0030162000758325717
0.0003502623808107509
6.65451775261832e-05
3.929637749370797e-06
1.5465714702175724e-07
4.056663831088479e-09
7.091687561509312e-11
8.262504623649412e-13
6.415867488828206e-15
3.320325064749919e-17
1.1452159032792156e-19
2.6325442806172187e-22
4.033160896016943e-25
4.118100667582694e-28
2.802398668823743e-31
1.2709967071811801e-34
3.841850677643164e-38
7.739592316149597e-42
0.0
0.0
0.0
0.0
0.0
0.0
0.0
0.0
0.0
0.0
0.0
0.0
0.0
0.0
0.0
0.0
0.0
0.0
0.0
0.0
0.0
0.0
0.0
1.7137036919418557e-34
1.3898407108426387e-33
7.512351035749539e-33
2.7062521962659886e-32
6.497438943544601e-32
1.0396752279676075e-31
1.1087528103457736e-31
7.88049175857138e-32
3.7329610021236964e-32
1.1785150550730599e-32
2.4796955631187918e-33
3.477307868272625e-34
7.491587486403734e-35
5.342213176304032e-36
2.538926455652576e-37
8.041935322723193e-39
1.697667283091891e-40
2.388504866720983e-42
2.2396555466685633e-44
1.3996449380931986e-46
5.829563989222882e-49
1.618213492297335e-51
2.9937608878104685e-54
3.6913051680224395e-57
3.033362681123261e-60
1.6613084586314015e-63
6.063980015772514e-67
1.4751860425053224e-70
0.0
0.0
0.0
0.0
0.0
0.0
0.0
0.0
0.0
0.0
0.0
0.0
0.0
0.0
0.0
0.0
0.0
0.0
0.0
0.0
0.0
0.0
0.0
0.0
0.0
0.0
0.0
0.0
0.0
0.0
0.0
0.0
0.0
0.0
0.0
0.0
0.0
0.0
0.0
0.0
0.0
0.0
0.0
0.0
0.0
0.0
0.0
0.0
0.0
0.0
0.0
0.0
0.0
0.0
0.0
0.0
0.0
0.0
0.0
1.0667732294140779e-33
8.86452594474421e-33
2.9027656830299605e-32
1.2265858980457173e-31
3.45434334954121e-31
6.4835757060389684e-31
8.110454982230454e-31
6.761723349781187e-31
3.7570859128594793e-31
1.3913179957479454e-31
3.433865077566431e-32
5.6483499968752444e-33
6.1921507463144005e-34
4.524212441135563e-35
2.2030583853312795e-36
7.149745324566253e-38
1.5464528599288196e-39
2.2292786045391145e-41
2.1417735846852253e-43
1.3714005400886727e-45
5.852435318915185e-48
1.6645255934319113e-50
3.155192638277378e-53
3.986050815597782e-56
3.35614974598388e-59
1.8833081137917473e-62
7.0434100552745e-66
1.755602201385775e-69
0.0
0.0
0.0
0.0
0.0
0.0
0.0
0.0
0.0
0.0
0.0
0.0
0.0
0.0
0.0
0.0
0.0
0.0
0.0
0.0
0.0
0.0
0.0
0.0
0.0
0.0
0.0
0.0
0.0
0.0
0.0
0.0
0.0
0.0
0.0
0.0
0.0
0.0
0.0
0.0
0.0
0.0
0.0
0.0
0.0
0.0
0.0
0.0
0.0
0.0
0.0
0.0
0.0
0.0
0.0
0.0
0.0
0.0
0.0
0.0
0.0
0.0
0.0
0.0
0.0
0.0
0.0
0.0
0.0
0.0
0.0
0.0
0.0
0.0
0.0
0.0
0.0
0.0
0.0
0.0
0.0
0.0
0.0
0.0
0.0
0.0
0.0
0.0
0.0
0.0
0.0
0.0
0.0
0.0
0.0
0.0
0.0
0.0
0.0
0.0
0.0
0.0
0.0
0.0
0.0
0.0
0.0
0.0
0.0
0.0
0.0
0.0
0.0
2.2424872228344924e-34
1.5972246954201767e-33
7.581996921813931e-33
2.398737581341708e-32
5.057820625086e-32
7.107643800720392e-32
6.656860179805451e-32
4.1552270880959715e-32
1.728628384669742e-32
4.79280836629381e-33
8.856457391397703e-34
1.0907156852766862e-34
8.952506147672327e-36
4.897328601867988e-37
1.7854817316148543e-38
1.566944862691274e-39
2.905042302355983e-41
3.5894900596939e-43
2.9559330771166434e-45
1.622325474957849e-47
5.934210211640635e-50
1.446669793481806e-52
2.350484808162423e-55
2.5452299902414706e-58
1.836868909051417e-61
8.835087255931718e-65
2.832207515174209e-68
6.05091213874179e-72
0.0045259271691498485
0.029991829082094006
0.13245851811725842
0.38988666343334655
0.7648537772982617
1.0
0.8713710606422899
0.5060434558143821
0.19586373936057877
0.05052447606048592
0.008686226379034781
0.0009952725288382995
7.600364809975664e-05
1.0919353172587743e-05
4.2402544122032645e-07
1.0974088664441242e-08
1.8928951693514108e-10
2.1760366679391517e-12
1.6671988569411147e-14
8.513147274775674e-17
2.8971730559667654e-19
6.571133291666205e-22
9.933165329614106e-25
1.0007292631399694e-27
6.719347212901636e-31
3.006900900383991e-34
8.967940025865466e-38
1.7825750495482383e-41
0.0
0.0
0.0
0.0
0.0
0.0
0.0
0.0
0.0
0.0
0.0
0.0
0.0
0.0
0.0
0.0
0.0
0.0
0.0
0.0
0.0
0.0
0.0
0.0
0.0
0.0
0.0
0.0
0.0
0.0
0.0
0.0
0.0
0.0
0.0
0.0
0.0
0.0
0.0
0.0
0.0
0.0
0.0
0.0
0.0
0.0
0.0
0.0
0.0
0.0
0.0
0.0
0.0
0.0
0.0
0.0
0.0
0.0
0.0
0.0
0.0
0.0
0.0
0.0
0.0
0.0
0.0
0.0
0.0009317782492552834
0.0077080094978405605
0.04249652924847212
0.15615152543235247
0.3824023464594655
0.6241319483119667
0.6789125356193867
0.49219000432201904
0.23781174497696805
0.07657999927107481
0.016435350274851324
0.002350845668771914
0.00022410462619917737
1.4238330606178569e-05
6.029049811698666e-07
1.701454028424544e-08
3.2001704816898685e-10
4.0115070403433304e-12
3.3513790516372224e-14
1.8660406097217085e-16
4.679006455610089e-18
1.3248105101463685e-20
2.4999736634033713e-23
3.14411687585931e-26
2.6361611891528944e-29
3.262696871561852e-32
2.739222241802485e-32
2.791843792204597e-32
1.89680802590754e-32
8.588893375002465e-33
2.5919856464857927e-33
5.213261637089138e-34
6.988243007597007e-35
6.243211161167063e-36
3.7173169997851572e-37
1.4751382341617834e-38
3.901372242285366e-40
6.876755887511728e-42
8.078511998977242e-44
6.325002317707903e-46
3.3004377949812645e-48
1.1477940333437932e-50
2.6603447631440884e-53
4.109542056859697e-56
4.23087783009809e-59
2.903013722058662e-62
1.8025847169298126e-64
6.289510821401142e-68
1.462579900849347e-71
0.0
0.0
0.0
0.0
0.0
0.0
0.0
0.0
0.0
0.0
0.0
0.0
0.0
0.0
0.0
0.0
0.0
0.0
0.0
0.0
0.0
0.0
0.0
0.0
0.0
0.0
0.0
0.0
0.0
0.0
0.0
0.0
0.0
3.297331111174483e-34
2.1140976778624514e-33
9.033771186800064e-33
2.5727327297557106e-32
4.883169563498761e-32
6.177183271693246e-32
5.207876976393487e-32
2.926257195080065e-32
1.0958366488724139e-32
2.7350211883480826e-33
1.2678786761243395e-33
6.830771514762521e-33
3.769387855949011e-32
1.3963255130468972e-31
3.4476714358500315e-31
5.027127468177506e-31
6.311930929465915e-31
5.281850770984114e-31
2.9457206829041022e-31
1.094910320791419e-31
2.7123584514475854e-32
4.478134825174925e-33
4.927524529837375e-34
3.6136157722694266e-35
1.766187063702754e-36
1.2575779008572577e-05
0.00011777584487040027
0.00073512147157454
0.003058042632227517
0.008478314285625892
0.01566596080566053
0.019292393343018792
0.01583422195887313
0.008661415984960761
0.0031576399931401394
0.0007672164023160061
0.00012423806889691526
1.3408279479264817e-05
9.644350011346914e-07
4.6233249744257455e-08
1.4771256075269077e-09
1.1871172741440318e-10
1.928675709828405e-12
2.0883647085420217e-14
1.507075563830635e-16
7.248451861311083e-19
2.3234698326153826e-21
4.963755317732383e-24
7.067490620401413e-27
6.706588569928616e-30
4.2415016107113096e-33
1.787800919393165e-36
5.022271937879326e-40
0.0
0.0
0.0
0.0
0.0
0.0
0.0
0.0
0.0
0.0
0.0
0.0
0.0
0.0
0.0
0.0
0.0
0.0
0.0
0.0
0.0
0.0
0.0
0.0
0.0
0.0
0.0
0.0
0.0
0.0
0.0
0.0
0.0
0.0
0.0
0.0
0.0
0.0
0.0
0.0
0.0
0.0
0.0
0.0004147383270284254
0.0030110224133273952
0.014569188197094808
0.046982731951824216
0.10097706141677482
0.1446401080329649
0.1380817540633691
0.08785478115135008
0.037254269795060975
0.010528542576943004
0.00198308809915598
0.0002489415028206283
2.0827356644973146e-05
1.161321720921805e-06
4.315712368038645e-08
1.0688923866622341e-09
1.7643998956564418e-11
1.9410718495850633e-13
1.4232059388113113e-15
6.954652450060231e-18
2.2649815253472597e-20
4.9162668122830996e-23
6.578347709361361e-25
7.260897771100364e-28
5.356758839843031e-31
7.278318300367294e-33
2.1193057764266742e-32
4.266264713467664e-32
5.72381090277009e-32
5.118047408248243e-32
3.050035396399409e-32
1.2113984194954667e-32
3.20664345865501e-33
5.6571265464286436e-34
6.6515469600105e-35
5.212318884364102e-36
2.7222050902099333e-37
9.475284398902541e-39
2.1980887052406443e-40
3.3984409126462686e-42
3.501835816661847e-44
5.966541762811752e-35
4.279100142022062e-34
2.04533176783524e-33
6.515633170600345e-33
1.3833466909528396e-32
1.9574333966055084e-32
1.8459694105449357e-32
1.416936423785186e-32
6.795015489885953e-33
2.1717612802495314e-33
4.626102689958636e-34
6.567498771484216e-35
6.213928898681004e-36
3.9184481754283486e-37
1.6468099527375786e-38
4.6126914721979105e-40
8.61086695800103e-42
1.0713241613980789e-43
8.883343755185255e-46
4.9092323218241284e-48
1.8081408160377257e-50
4.438461560072958e-53
7.261297396910458e-56
7.917307882266821e-59
5.753371152752134e-62
2.7864342349883034e-65
8.994080108637019e-69
1.9348453304716276e-72
0.0
0.0
0.0
0.0
0.0
0.0
0.0
0.0
0.0
0.0
0.0
0.0
0.0
0.0
0.0
0.0
0.0
0.0
0.0
0.0
0.0
0.0
0.0
0.0
0.0
0.0
4.690031388284804e-05
0.00033611159179043143
0.0016053612662126375
0.0051102673097696595
0.008826564583012205
0.01428779207017369
0.015414167982175087
0.011082981339931979
0.0053109799841518784
0.0016961891291537457
0.00036104009477322266
5.121747235800654e-05
4.842419358896288e-06
3.0513231269795875e-07
1.2814319629985415e-08
3.5866124562164706e-10
6.690443393873036e-12
8.317769802748784e-14
6.8919233939382275e-16
3.805883885683211e-18
1.400722726624217e-20
3.435819689928006e-23
5.6168147627749e-26
6.119741985836805e-29
4.641472146062222e-32
1.0733610249026493e-32
3.868827354478547e-32
9.312478853478153e-32
1.493939035932302e-31
1.597283477447464e-31
1.33305768222658e-31
7.27540439820137e-32
2.868333659227444e-32
2.0445776592288355e-32
5.577825925500257e-32
1.4180062530050457e-31
2.443641769819874e-31
2.8085795896789055e-31
2.151445072810513e-31
1.0983882248015142e-31
3.7373437441937483e-32
8.475235388122129e-33
1.2809201042676971e-33
1.2902499867364192e-34
8.661781671240854e-36
3.8754501090531e-37
1.1556294906947879e-38
2.2966595960324548e-40
3.041978864932157e-42
2.6853277677615806e-44
1.579864939443669e-46
6.19475547292998e-49
1.6188623508304788e-51
2.81953328667826e-54
3.272849819901079e-57
2.8853123750715073e-59
1.703116161230174e-62
6.700037753933191e-66
1.756676444904899e-69
0.0
0.0
0.0
0.0
0.0
0.0
0.0
0.0
0.0
0.0
0.0
0.0
5.570504076040918e-35
4.736912166734923e-34
2.6845884403029987e-33
1.0140086221167986e-32
2.552625644716561e-32
4.282665514865928e-32
4.788756263096135e-32
3.5687231472348304e-32
1.772493008156287e-32
5.867292667406595e-33
2.2409943387378504e-33
3.7722160699997164e-34
4.2318855178140144e-35
3.1641189982939557e-36
1.5767152001103092e-37
5.2364293526577716e-39
3.7734541704474322e-34
2.7586239701607014e-33
1.344087717333317e-32
4.3645981848376624e-32
9.445881026420719e-32
1.3624551752421835e-31
1.3097352698350443e-31
8.391244409381273e-32
3.583032662026575e-32
1.0196631197107076e-32
1.9339453797753932e-33
2.444630607806296e-34
2.0595096632948805e-35
1.1563677503179087e-36
4.327226784465696e-38
1.0792073394120977e-39
1.7938316071250818e-41
1.9871927861186885e-43
1.4671681146145805e-45
7.219403346271183e-48
1.6670544458551041e-49
4.171322718178387e-52
6.95631669495033e-55
7.731547859969909e-58
5.727104397933072e-61
2.8273872760921434e-64
9.302872029601036e-68
2.040000822969848e-71
0.0
0.0
0.0
0.0
0.0
0.0
0.0
0.0
0.0
0.0
0.0
0.0
0.0
0.0
0.0
0.0
0.0
0.0
0.0
0.0
0.0
0.0
0.0
0.0
0.0
0.0
0.0
0.0
0.0
0.0
0.0
0.0
0.0
0.0
0.0
0.0
0.0
0.0
0.0
0.0
0.0
0.0
0.0
0.0
0.0
0.0
0.0
0.0
0.0
0.0
0.0
0.0
0.0
0.0
0.0
0.0
0.0
0.0
0.0
0.0
0.0
0.0
0.0
0.0
0.0
0.0
0.0
0.0
1.716113249884709e-33
6.34505438642654e-33
3.216775452325786e-32
1.0868952507640151e-31
2.447575991014733e-31
3.67338311970553e-31
3.6743270977043424e-31
2.4494633942051373e-31
1.088292508587098e-31
3.2225663949066174e-32
6.359744324303667e-33
8.364865977701294e-34
7.332631597206983e-35
4.283929281554622e-36
1.6680392597495365e-37
4.328643221846937e-39
7.486500590909764e-41
8.629536758170411e-43
6.629452312852415e-45
3.394293302157017e-47
0.001264710480639738
0.008288585324202995
0.03620355813629433
0.10539102953940169
0.2044737616156019
0.2643949004096412
0.22785056520919936
0.16469572548083075
0.07217419420370354
0.021079636048704387
0.0041032296178845
0.0005323166883380893
4.6025221862677346e-05
2.652181539698958e-06
1.0185729844537103e-07
2.607129518183227e-09
4.4474861932106287e-11
5.056478424276244e-13
3.8314508307027435e-15
1.9349061406824453e-17
6.512355460747571e-20
1.4608238143168163e-22
2.1839320963305436e-25
2.1760154273257212e-28
1.4449950431880552e-31
6.39517293246613e-35
1.886339141373235e-38
3.7082483165547145e-42
0.0
0.0
0.0
0.0
0.0
0.0
0.0
0.0
0.0
1.2160307271256039e-33
9.122007088243587e-33
4.560556179103912e-32
1.5195911748892538e-31
3.374560849319315e-31
4.994468895568759e-31
4.926550173206111e-31
3.238754695482679e-31
1.419040365225818e-31
4.143744709093288e-32
8.064413376247932e-33
1.0460058648375317e-33
9.042260322994893e-35
5.2095647550086024e-36
2.0003566002866912e-37
5.119115808026342e-39
8.731000915865571e-41
9.92463768691557e-43
7.518770638266373e-45
3.7963003114671405e-47
1.2774850679851036e-49
2.289743706263657e-51
3.918183092531338e-54
4.4685243282525916e-57
3.3964488252351e-60
1.7205510867553276e-63
5.80886946556314e-67
1.3070650754611601e-70
0.0
0.0
0.0
0.0
0.0
0.0
0.0
0.0
0.0
0.0
0.0
0.0
0.0
0.0
0.0
0.0
0.0
0.0
0.0
0.0
0.0
0.0
0.0
0.0
0.0
0.0
0.0
0.0
0.0
0.0
0.0
0.0
0.0
0.0
0.0
0.0
0.0
0.0
0.0
0.0
0.0
0.0
0.0
0.0
0.0
0.0
0.0
2.8323634611622022e-36
1.9532585238140337e-35
8.977429875418166e-35
2.749956746024042e-34
5.614114327676444e-34
7.638677773215344e-34
6.9268642457612685e-34
4.186361333847813e-34
1.6862357512473658e-34
4.526696979418569e-35
8.098901223513302e-36
9.657224537116793e-37
7.674676959175596e-38
4.0648958965301536e-39
1.4348955844250792e-40
3.375768985665599e-42
5.293058412432358e-44
5.531236178576304e-46
3.8522926058547356e-48
1.7881250181795173e-50
5.531692627441408e-53
1.1405117109976567e-55
1.5671948869633936e-58
1.5461063749886105e-60
1.0803518208084395e-63
5.031211724209132e-67
1.5615702534803918e-70
3.230219313028729e-74
0.0
2.6099678864442222e-34
1.9946564692153392e-33
1.0159740238978981e-32
3.4488844699438226e-32
7.802903526168389e-32
1.1765635134267222e-31
1.182377245807268e-31
7.919145066562625e-32
3.534940287892208e-32
1.0516407682290121e-32
2.0851355540864844e-33
2.7553877395030976e-34
0.001370362671088651
0.009013215905048172
0.03950986785382733
0.11542846705028956
0.2247511006040419
0.2916569127880125
0.2522459894292014
0.14539779273186218
0.08037994465308021
0.02356046332753096
0.004602581621729302
0.0005992398951367227
5.199738318213519e-05
3.007071846743271e-06
1.159011298288867e-07
2.977234772683563e-09
5.097063498641785e-11
5.815787819141826e-13
4.422609670405373e-15
2.2414559950621753e-17
7.571176509365115e-20
1.704425697535165e-22
2.5572566925109572e-25
2.5571259675376387e-28
1.7041643241484332e-31
7.569241543942041e-35
2.2406540476487457e-38
4.4205753631220974e-42
0.0
0.0
0.0
0.0
0.0
0.0
0.0
0.0
0.0
0.0
0.0
0.0
0.0
0.0
0.0
0.0
0.0
0.0
0.0
0.0
0.0
0.0
0.0
0.0
0.0
0.0
0.0
0.0
0.0
0.0
0.0
0.0
0.0
0.0
0.0
0.0
0.0
0.0
0.0
0.0
0.0
0.0
0.0
0.0
0.0
2.5409326095306346e-35
2.2586518383794688e-34
1.3380951117556478e-33
5.283311597155671e-33
1.3902951707334013e-32
2.4383124239471483e-32
2.8500549736201556e-32
2.220233599678561e-32
1.1527248419886863e-32
3.988725803326728e-33
9.198653521185867e-34
1.4138257505392968e-34
3.238007361467675e-35
2.530766275658306e-36
1.3182803950818706e-37
2.9419383109560507e-06
2.5481203102335774e-05
0.00014709159094527388
0.0005658968928272374
0.0014510030374913884
0.0024795957424889486
0.0028240669648909307
0.0021436340525193068
0.0010844458031384486
0.0003656340268548648
8.216122519514209e-05
1.2304635593115798e-05
1.2281520971482387e-06
8.169906759062647e-08
3.6221263377118104e-09
1.0702657718597361e-10
2.107663268957868e-12
2.766255979232225e-14
2.419719656806504e-16
1.410650046732925e-18
5.480940289883521e-21
1.4192941158804084e-23
2.4494652460319937e-26
2.8130107710402195e-28
4.2422179902040816e-05
0.00038344611641363943
0.0023099216742363503
0.009274098676064371
0.024815767936523
0.04425529847403711
0.05259983444728099
0.04166630883491493
0.021997191116227912
0.00773982205059724
0.0018149985049454034
0.00028366327697187835
2.9546871808971163e-05
2.0511690196121726e-06
9.490146944198872e-08
2.926348019513037e-09
6.013960327876892e-11
8.237144640777543e-13
7.51924738532693e-15
4.574605028765162e-17
2.6577035464049252e-05
0.00020640352932382064
0.0010683394125669723
0.0036853855608979143
0.00847301855959334
0.011780828568360362
0.013773161639954672
0.010731810628023612
0.0055730623902068895
0.001928840683103136
0.0004449183914431666
6.839839444511441e-05
7.007982434047502e-06
4.785437515700892e-07
2.1778694530502053e-08
6.605772082513467e-10
1.3353554252049252e-11
1.799085127170122e-13
1.6154298354484131e-15
9.667318656037618e-18
3.855720254283049e-20
1.0249119284986388e-22
1.8157212222134378e-25
2.144296655909266e-28
2.4475289797893e-31
8.531567195350933e-32
6.36547656676729e-32
3.168580713360908e-32
1.0511879747917317e-32
2.3242216485829846e-33
6.783333571868105e-34
7.626809737674898e-35
5.7151048030535954e-36
2.8542172957336546e-37
9.500170865157727e-39
2.107450328811578e-40
3.115765947869187e-42
3.070109418799129e-44
2.016157378920888e-46
8.824224597781069e-49
2.5740099738768726e-51
5.004093843380413e-54
6.483689579829268e-57
5.598871891564281e-60
3.222258627716064e-63
1.235952579161539e-66
3.159546629882813e-70
0.0
0.0
0.0
0.0
0.0
0.0
0.0
0.0
0.0
0.0
0.0
0.0
2.9899740622494545e-34
2.591866023653608e-33
1.4974048125035054e-32
5.765639026314895e-32
1.4795758056557205e-31
2.5305128181079523e-31
2.8844393406120553e-31
2.1912696677010546e-31
1.109460365868074e-31
3.7437712554222186e-32
8.419540045994633e-33
1.261969842330327e-33
1.260640148813126e-34
1.674911437051248e-34
1.2686400556666785e-33
6.738121650071081e-33
2.3858707538798297e-32
5.630373816743689e-32
8.855418659345491e-32
9.28407555931751e-32
6.49667355701609e-32
3.0769470314234403e-32
1.123335070174237e-32
6.682945942095146e-33
5.8980961437731984e-33
5.932901977556685e-33
4.299447040234897e-33
2.092938507798321e-33
6.795340435437145e-34
1.470547682741413e-34
2.1209556180268094e-35
2.0387589900995406e-36
1.3061160717239014e-37
5.576724738513765e-39
1.5869315421465618e-40
3.0096689252587643e-42
3.804177777656714e-44
3.2046782477944014e-46
1.7992421186042927e-48
6.732499558671815e-51
1.6789764571343515e-53
2.790579679473661e-56
3.091190689378417e-59
2.2821212453047813e-62
1.122879568429065e-65
3.6822154286604286e-69
8.047606918858153e-73
0.0
0.0
0.0
0.0
0.0
0.0
0.0
0.0
0.0
0.0
0.0
0.0
0.0
0.0
0.0
0.0
0.0
0.0
0.0
0.0
0.0
0.0
0.0
0.0
0.0
0.0
0.0
0.0
0.0
0.0
0.0
0.0
0.0
0.0
0.0
0.0
0.0
0.0
0.0
0.0
0.0
0.0
0.0
0.0
0.0
0.0
0.0
0.0
0.0
0.0
0.0
0.0
0.0
0.0
0.0
0.0
0.0
0.0
0.0
0.0
0.0
0.0
0.0
0.0
0.0
0.0008336761019745297
0.005390843088574431
0.023232587308443485
0.06672982916579885
0.12773914245951634
0.16297069881852994
0.1385723581067786
0.07852812632626736
0.029658925383206795
0.007465641575198729
0.001252450031711987
0.00014003455921479904
1.0434979435346529e-05
1.4749026983409533e-06
5.588848270666134e-08
1.4114412853522388e-09
2.3756631550359057e-11
2.6649462608055133e-13
1.9923865335653313e-15
9.927508961490272e-18
3.29676906249022e-20
7.296562594704837e-23
1.0762908474099123e-25
1.0580898052523273e-28
6.932613060183766e-32
3.0272824291752894e-35
8.810295349054052e-39
1.7088720365331622e-42
0.0
0.0
0.0
0.0
1.15597010409437e-33
7.433520325895132e-33
3.1858403781521376e-32
9.099866888141885e-32
1.7323179878077337e-31
2.1978686713683632e-31
1.8584779398605106e-31
1.326463747168101e-31
5.70366010748429e-32
1.6345320378444717e-32
3.121869795821237e-33
3.97390684783962e-34
3.3713366939321566e-35
1.9061984872148085e-36
7.183162011966011e-38
1.8040341369049465e-39
3.0196415240768505e-41
3.368585498272488e-43
6.464587741384336e-34
4.562413706525093e-33
2.146001595132842e-32
6.727395583686274e-32
1.4055472160869713e-31
1.9571560786430692e-31
1.8162976913202363e-31
1.1233889533618937e-31
4.6307871051360837e-32
1.2722165172861426e-32
2.3294253233901864e-33
0.00045086639495503386
0.003221529001446517
0.015341144913080345
0.048689470033104365
0.0839306830676128
0.13545673803687758
0.14570082694701114
0.10444916405071067
0.049903323319791665
0.015890425140177144
0.0033722760103812913
0.00047697131086517266
4.496172348766882e-05
2.8247186109938566e-06
1.1827391712431723e-07
3.3005348122449526e-09
6.138485062074022e-11
7.608860765751437e-13
6.2857863991970135e-15
3.460837030502366e-17
1.269942996273113e-19
3.1057668760034024e-22
5.062150225875982e-25
5.498990336313801e-28
3.98162893449466e-31
1.972230845347851e-34
4.533861554164625e-37
1.99562075683913e-38
6.768718382166251e-40
1.5311038783186893e-41
9.774719964916658e-43
1.1243592981864405e-44
8.619606808445665e-47
4.404040898939609e-49
1.4996737150713661e-51
3.403484396932866e-54
4.5615365896241906e-34
3.459269579215608e-33
1.7483935704305316e-32
5.889460888041938e-32
1.3221886702506764e-31
1.9783032707237357e-31
1.972758188929348e-31
1.3111017250698185e-31
5.807383027548295e-32
1.714376091136318e-32
3.372976224376555e-33
4.422847923014284e-34
3.865202765578619e-35
2.251251964143746e-36
8.738914213153847e-38
2.260853364382848e-39
3.898242600971809e-41
4.479678837335386e-43
3.5749671000678174e-35
1.5265169942189694e-34
9.604999020708162e-34
4.027861739249721e-33
1.1257276473236183e-32
2.0968803902337096e-32
2.603128052787114e-32
2.1537681719880837e-32
3.841247385755188e-06
2.7077882270789912e-05
0.00012721509947484722
0.0003983310638827452
0.0008312491970022651
0.0011561118416084997
0.0010716426964162884
0.0006620361670043838
0.00027258061740092603
7.479796363020696e-05
1.367937093093274e-05
1.6673394502239268e-06
1.3544515484237502e-07
7.3330470292498115e-09
2.6459827875735457e-10
6.36313456122136e-12
1.0198510519281552e-13
1.0893913867184273e-15
7.755551291430269e-18
2.29086427317398e-19
8.293363037901529e-22
2.0009836614969436e-24
3.217643735748519e-27
3.44837047910368e-30
2.463039795340669e-33
1.1724936173843094e-36
3.719898533336923e-40
7.86562520873096e-44
0.0
0.0
0.0
0.0
0.0
0.0
0.0
0.0
0.0
0.0
0.0
0.0
0.0
0.0
0.0
0.0
0.0
0.0
1.898026203695101e-35
1.2832402637660415e-34
5.782229166180529e-34
1.736457547848363e-33
3.4754783610585104e-33
4.6360333938550505e-33
4.121545232898843e-33
2.4420532718271563e-33
9.643434718290567e-34
2.537989986747329e-34
4.4517381566176354e-35
5.2041627262263056e-36
4.054652803465684e-37
8.56632100920559e-36
7.816934030320382e-35
4.765634508267912e-34
1.9363799744824595e-33
5.243750224957286e-33
9.464004959758261e-33
1.1383858000431079e-32
9.126106416205335e-33
4.8759936975253374e-33
1.7362901071269317e-33
4.12062406109114e-34
1.2607364904913902e-34
1.521484760799947e-35
1.2237492501140568e-36
6.559924163947369e-38
2.3436175794392505e-39
5.580282987042638e-41
8.855380933257137e-43
9.365690908174418e-45
6.60167198440764e-47
3.1013416458537155e-49
9.710169889786862e-52
2.0262153167435855e-54
2.8179021456726965e-57
2.6118472224226727e-60
1.6134339079040873e-63
6.642569975739533e-67
1.82264733397162e-70
0.0
0.0
0.0
0.0
0.0
0.0
0.0
0.0
0.0
0.0
0.0
0.0
0.0
0.0
0.0
0.0
0.0
0.0
0.0
0.0
0.0
0.0
0.0
0.0
5.373818853818361e-05
0.00037045308616635815
0.001702021178553178
0.00521168610423085
0.010635871695327613
0.01446603384453478
0.013113161568494833
0.007922219949241423
0.0031898328597927965
0.0008559935801678685
0.00015309275400188116
3.878926775090408e-05
3.5277539734459045e-06
2.138289711619268e-07
8.638062682398339e-09
2.3256679302949859e-10
4.1731174269243735e-12
4.9906263450128175e-14
3.977691089550149e-16
2.1129469740707016e-18
7.480449445626916e-21
1.7650147309873482e-23
2.7755593911693184e-26
2.908936649335784e-29
2.0318869921540793e-32
9.459025254173598e-36
2.934774710919779e-39
6.068546714273487e-43
0.0
0.0
0.0
0.0
0.0
0.0
0.0
2.072469047033391e-34
1.5413991673699935e-33
4.687781472421654e-33
1.7729521133163532e-32
4.4689778410188555e-32
7.507596878303554e-32
8.406307893775613e-32
6.277081780803392e-32
3.1449079866077167e-32
1.1259232699920347e-32
4.493911214136272e-33
3.8741933250992945e-33
3.807833711668036e-33
2.686441606430566e-33
1.2722487633687706e-33
4.018240378833223e-34
8.458781500245059e-35
1.186762138638014e-35
1.1096891259737223e-36
6.915451612508718e-38
2.8722438854120718e-39
7.950668179323024e-41
1.4667884847472556e-42
1.80348653100073e-44
1.477882351142742e-46
8.071390710100544e-49
2.937909588229297e-51
5.548803226950998e-53
1.0270508830489881e-55
1.2669694552466649e-58
1.0416501422244039e-61
5.707673979056178e-65
2.084385231564034e-68
5.073157723451134e-72
0.0
0.00020653859854500846
0.0013974325080394554
0.006301471931939909
0.01893802644292891
0.037932282758683676
0.05063662924875972
0.04505076241234961
0.026712900736178546
0.010556537717495556
0.0027803758352688483
0.0004880530769062688
5.7096850518247055e-05
4.451832331621268e-06
2.3133800902923477e-07
8.01192243439112e-09
1.849302798388135e-10
2.844859782603456e-12
2.9167234469868164e-14
1.0987166461804722e-15
2.8198125609164803e-05
0.0001945619891395997
0.0008946997228601893
0.002742067593079121
0.005600935322308141
0.007624730664423447
0.006917831908075691
0.004183088484070531
0.0016857984316957628
0.0004527889169078871
8.105269851549526e-05
9.669871821631533e-06
7.688745827746724e-07
4.074476708789085e-08
1.4390295858563107e-09
3.387264842908448e-11
5.313860318904856e-13
5.55587750897023e-15
3.87147748905916e-17
1.7979696756817811e-19
5.565055952817272e-22
1.1479903989917813e-24
1.5782962506886362e-27
1.4461733093823652e-30
8.831484421663772e-34
5.073918388024099e-36
1.5756488001392404e-39
3.2610459391348285e-43
0.0
0.0
0.0
0.0
0.0
0.0
0.0
0.0
0.0
0.0
0.0
0.0
0.0
0.0
0.0
0.0
0.0
0.0
0.0
0.0
0.0
0.0
0.0
0.0
0.0
0.0
0.0
0.0
0.0
0.0
0.0
0.0
0.0
0.0
0.0
0.0
0.0
0.0
0.0
0.0
0.0
3.15998930722564e-35
2.406021008131999e-34
1.220941245630234e-33
4.129254622445048e-33
9.30743710577743e-33
1.398202598621251e-32
1.3998827045618785e-32
1.1182533381993292e-32
5.693303377510353e-33
1.9318348571362748e-33
4.368750247075902e-34
6.584548266070873e-35
6.614184443412454e-36
4.428005643415413e-37
1.9757026306137034e-38
5.8751172557454e-40
1.1643754697940493e-41
1.5379814750527667e-43
1.3539128482304513e-45
7.9434993241485e-48
3.106093783836777e-50
8.094663772088613e-53
1.405932958886306e-55
1.6274661269054455e-58
1.2555697749568534e-61
6.45581824588682e-65
2.212296262482935e-68
5.052622183222714e-72
0.0
0.0
0.0
0.0
0.0
0.0
0.0
0.0
0.0
0.0
0.0
0.0
0.0
0.0
0.0
0.0
0.0
0.0
2.5862822662805614e-06
1.7268388779435604e-05
7.684387587139272e-05
0.0002279020617017606
0.0004504730297008879
0.0005934318929729716
0.0005210201502570652
0.00030487351980021507
0.00011889577933551957
3.090257856926426e-05
5.353090045720994e-06
6.180106035093156e-07
1.1695650230317261e-07
6.86622972874308e-09
2.686543247099554e-10
7.005689589124066e-12
1.2175575361601995e-13
1.4102939535449265e-15
1.0887078213214233e-17
5.601374243914951e-20
1.920699332950312e-22
4.389406448739625e-25
6.686410673715865e-28
7.5941988315468215e-31
4.798933075800169e-32
1.8640294995613282e-32
4.8720058942830346e-33
6.444448699758353e-05
0.0004888277867788806
0.0024711980180377987
0.008326083410153414
0.018696293444051736
0.027980264946329107
0.027908061890442683
0.0185519292973461
0.008219209148558962
0.002426903629908931
0.0004775914891360048
0.0001289714168046313
1.2906250754798625e-05
8.607722843743772e-07
3.8261148232357246e-08
1.133468021173153e-09
2.2379072976821852e-11
2.944804454696851e-13
2.582571645440191e-15
1.5094886219755246e-17
5.880156125412752e-20
1.5266146262019496e-22
2.6415055612274086e-25
3.046177999291991e-28
2.341291302035661e-31
1.206178194150964e-34
8.042876262923068e-38
1.5077796043394348e-39
3.789735166120028e-41
6.387821884976804e-43
7.175931467925674e-45
5.372609987324813e-47
2.6808585251455898e-49
8.915465523832696e-52
1.9760398661792252e-54
2.9189652685076065e-57
2.8737150413311526e-60
2.269975014492339e-62
1.1364188553076365e-65
3.79172937366982e-69
8.431751202642153e-73
0.0
0.0
0.0
0.0
0.0
0.0
0.0
0.0
0.0
0.0
6.981152663885851e-36
5.312622353937229e-35
2.694463491806344e-34
9.1078781131914e-34
2.0518408155951972e-33
3.0807160234973826e-33
3.0827706704812786e-33
2.055948906849584e-33
9.138290608633583e-34
2.707067971709364e-34
5.344596271413592e-35
7.032539761390223e-36
1.4521492371960215e-36
9.716528375945304e-38
4.333038459232148e-39
1.287821028837218e-40
2.5509387397413646e-42
3.0331693490895824e-05
0.00021978030311541527
0.0010613592898254442
0.003415998184837167
0.007327475670900468
0.010475449974706931
0.009980965111378585
0.006338024825820532
0.0026823588787687138
0.0007565913599552734
0.00014222875894633172
1.7819479393922257e-05
1.487935656245159e-06
8.280467152912452e-08
3.071192754511131e-09
7.591731826874286e-11
1.2507087571585278e-12
1.3732609512283786e-14
1.0049200229342816e-16
4.901076442842881e-19
1.1250340172485488e-20
2.7901542369462226e-23
4.6118196619770733e-26
5.080400732556558e-29
3.7299685638654546e-32
1.8251304944993399e-35
5.952017773519764e-39
1.2936478336837657e-42
0.0
0.0
0.0
0.0
0.0
0.0
0.0
0.0
0.0
0.0
0.0
0.0
0.0
0.0
0.0
0.0
0.0
0.0
0.0
0.0
0.0
0.0
0.0
0.0
0.0
0.0
0.0
0.0
0.0
0.0
0.0
0.0
0.0
0.0
0.0
0.0
0.0
0.0
0.0
0.0
0.0
0.0
0.0
0.0
0.0
0.0
0.0
0.0
0.0
0.0
0.0
0.0
0.0
0.0
0.0
0.0
0.0
0.0
0.0
0.0
0.0
0.0
0.0
0.0
0.0
0.0
0.0
0.0
0.0
0.0
0.0
0.0
0.0
0.0
0.0
0.0
0.0
0.0
0.0
0.0
0.0
0.0
0.0
0.0
0.0
0.0
0.0
0.0
0.0
0.0
0.0
0.0
0.0
0.0
0.0
0.0
0.0
0.0
0.0
0.0
0.0
0.0
0.0
0.0
0.0
0.0
0.0
0.0
0.0
0.0
0.0
0.0
0.0
0.0
0.0
0.0
0.0
0.0
0.0
0.0
0.0
0.0
0.0
0.0
0.0
0.0
0.0
0.0
0.0
0.0
0.0
0.0
0.0
0.0
0.0
0.0
0.0
0.0
0.0
0.0
0.0
0.0
0.0
0.0
0.0
0.0
0.0
0.0
0.0
0.0
0.0
0.0
0.0
0.0
0.0
0.0
0.0
0.0
0.0
0.0
0.0
0.0
0.0
0.0
0.0
0.0
0.0
0.0
0.0
0.0
0.0
0.0
0.0
0.0
0.0
0.0
0.0
0.0
0.0
0.0
0.0
0.0
0.0
0.0
0.0
0.0
0.0
0.0
0.0
0.0
0.0
0.0
0.0
0.0
0.0
0.0
0.0
0.0
0.0
0.0
0.0
0.0
0.0
0.0
0.0
0.0
0.0
0.0
0.0
0.0
0.0
0.0
0.0
0.0
0.0
0.0
0.0
0.0
0.0
0.0
0.0
0.0
0.0
0.0
0.0
0.0
0.0
0.0
0.0
0.0
0.0
0.0
0.0
0.0
0.0
0.0
0.0
0.0
0.0
0.0
0.0
0.0
0.0
0.0
0.0
0.0
0.0
0.0
0.0
0.0
0.0
0.0
0.0
0.0
0.0
0.0
0.0
0.0
0.0
0.0
0.0
0.0
0.0
0.0
0.0
0.0
0.0
0.0
0.0
0.0
0.0
0.0
0.0
0.0
0.0
0.0
0.0
0.0
0.0
0.0
0.0
0.0
0.0
0.0
0.0
0.0
0.0
0.0
0.0
0.0
0.0
0.0
0.0
0.0
0.0
0.0
0.0
0.0
0.0
0.0
0.0
0.0
0.0
0.0
0.0
0.0
0.0
0.0
0.0
0.0
0.0
0.0
0.0
