a = 4.895942936505064 b = 4.895942936505064 c = 13.512253711463876 ,Gaussian ,LMH = 0.08 ,DW = [1.5 1.5]
0.0
0.0
0.0
0.0
0.0
0.0
0.0
0.0
0.0
0.0
0.0
0.0
0.0
0.0
0.0
0.0
0.0
0.0
0.0
0.0
0.0
0.0
0.0
0.0
0.0
0.0
0.0
0.0
0.0
0.0
0.0
0.0
0.0
0.0
0.0
0.0
0.0
0.0
0.0
0.0
0.0
0.0
0.0
0.0
0.0
0.0
0.0
0.0
0.0
0.0
0.0
0.0
0.0
0.0
0.0
0.0
0.0
0.0
0.0
0.0
0.0
0.0
0.0
0.0
0.0
0.0
0.0
0.0
0.0
0.0
0.0
0.0
0.0
0.0
0.0
0.0
0.0
0.0
0.0
0.0
9.95864125967489e-34
8.238132922927805e-33
4.5419155011187035e-32
1.6689020710968515e-31
4.0869959296265715e-31
6.670511004007553e-31
7.255971243536683e-31
5.2603367721000995e-31
2.541634478890932e-31
8.18453830954176e-32
1.7565350758964145e-32
5.025733403143021e-33
5.4848489035380875e-34
3.989435402874753e-35
1.9339255661907844e-36
6.24812371779629e-38
1.3453678155661104e-39
1.9306964412213244e-41
1.846581610360911e-43
1.177076162120761e-45
5.00060062801017e-48
1.4158633034937421e-50
2.6717882077980266e-53
3.360193441481565e-56
2.8164891277337808e-59
1.5733792799228548e-62
5.857877996034384e-66
1.453545952369361e-69
0.0
0.0
0.0
0.0
0.0
0.0
0.0
0.0
0.0
0.0
0.0
0.0
0.0
0.0
0.0
0.0
0.0
0.0
0.0
0.0
0.0
0.0
0.0
0.0
0.0
0.0
0.0
0.0
0.0
0.0
0.0
0.0
0.0
0.0
0.0
0.0
0.0
0.0
0.0
0.0
0.0
0.0
0.0
0.0
0.0
0.0
0.0
0.0
0.0
0.0
0.0
0.0
0.0
0.0
0.0
0.0
0.0
0.0
0.0
0.0
0.0
0.0
0.0
0.0
0.0
0.0
0.0
0.0
0.0
0.0
0.0
0.0
0.0
0.0
0.0
0.0
0.0
0.0
0.0
0.0
0.0
0.0
0.0
0.0
0.0
0.0
0.0
0.0
0.0
0.0
0.0
0.0
0.0
0.0
0.0
0.0
0.0
0.0
0.0
0.0
0.0
0.0
0.0
0.0
0.0
0.0
0.0
0.0
0.0
0.0
0.0
0.0
0.0
0.0
0.0
0.0
0.0
0.0
0.0
0.0
0.0
0.0
0.0
0.0
0.0
0.0
0.0
0.0
0.0
0.0
0.0
0.0
0.0
0.0
0.0
0.0
0.0
0.0
0.0
0.0
0.0
0.0
0.0
0.0
0.0
0.0
0.0
0.0
0.0
0.0
0.0
0.0
0.0
0.0
0.0
0.0
0.0
0.0
0.0
0.0
0.0
0.0
0.0
0.0
0.0
0.0
0.0
0.0
0.0
0.0
0.0
0.0
0.0
0.0
0.0
0.0
0.0
0.0
0.0
0.0
0.0
0.0
0.0
0.0
0.0
0.0
0.0
0.0
0.0
0.0
0.0
0.0
0.0
0.0
4.2369533350005545e-33
3.173575400790487e-32
1.584256543930092e-31
5.270887494570265e-31
1.1687551333228627e-30
1.727208889277079e-30
1.701170119168612e-30
1.1166888384145723e-30
4.885377781935772e-31
1.4244449793646112e-31
2.768055240863557e-32
3.5849687570207685e-33
3.0944077890773906e-34
1.7801281347127324e-35
6.825060901522898e-37
1.7439874125940326e-38
2.970035971138993e-40
3.371022262354287e-42
2.5500170263152383e-44
1.2856006637138448e-46
3.017048464789207e-48
7.734778380536888e-51
1.3215847266522733e-53
1.5049556279247056e-56
1.1421783610116488e-59
5.777310495563476e-63
1.9475967353996536e-66
4.375764243373206e-70
0.0
0.0
0.0
0.0
0.0
0.0
0.0
0.0
0.0
0.0
0.0
0.0
0.0
0.0
0.0
0.0
0.0
0.0
0.0
0.0
0.0
0.0
0.0
0.0
0.0
0.0
0.0
0.0
0.0
0.0
0.0
0.0
0.0
0.0
0.0
0.0
0.0
0.0
0.0
0.0
0.0
0.0
0.0
0.0
0.0
0.0
0.0
0.0
0.0
0.0
0.0
0.0
0.0
0.0
0.0
0.0
0.0
0.0
0.0
0.0
0.0
0.0
0.0
0.0
0.0
0.0
0.0
0.0
0.0
0.0
0.0
0.0
0.0
0.0
0.0
0.0
0.0
0.0
0.0
0.0
0.0
0.0
0.0
0.0
0.0
0.0
0.0
0.0
0.0
0.0
0.0
0.0
0.0
0.0
0.0
0.0
0.0
0.0
0.0
0.0
0.0
0.0
0.0
0.0
0.0
0.0
0.0
0.0
0.0
0.0
0.0
0.0
0.0
0.0
0.0
0.0
0.0
0.0
0.0
0.0
0.0
0.0
0.0
0.0
0.0
0.0
0.0
0.0
0.0
0.0
0.0
0.0
0.0
0.0
0.0
0.0
0.0
0.0
0.0
0.0
0.0
0.0
0.0
0.0
0.0
0.0
0.0
0.0
0.0
0.0
0.0
0.0
0.0
0.0
0.0
0.0
0.0
0.0
0.0
0.0
0.0
0.0
0.0
0.0
0.0
0.0
0.0
0.0
0.0
0.0
0.0
0.0
0.0
0.0
0.0
0.0
0.0
0.0
0.0
0.0
0.0
0.0
0.0
0.0
0.0
0.0
0.0
0.0
0.0
0.0
0.0
0.0
0.0
0.0
0.0
3.0701228688684475e-33
2.1835296052150297e-32
1.0350086057668095e-31
2.331138471466756e-31
5.618954666267449e-31
9.026606965294665e-31
9.664404208404116e-31
6.896157740636471e-31
3.279599685602972e-31
1.0394797505948675e-31
2.195799992112472e-32
3.091370604906503e-33
2.900620520156629e-34
1.813895674736871e-35
7.559885948572678e-37
2.0999053991852623e-38
3.887458492387208e-40
4.79637739949788e-42
3.9440506091074693e-44
2.1614896404902156e-46
7.894877322131381e-49
1.9218485555402475e-51
3.1179883312168377e-54
3.3714083464368524e-57
2.4295720228448072e-60
1.1668895388011852e-63
3.7351776568297575e-67
7.96845873388464e-71
0.0
0.0
0.0
0.0
0.0
0.0
0.0
0.0
0.0
0.0
0.0
0.0
0.0
0.0
3.774400777730391e-34
2.7213832872024196e-33
1.3077145679977363e-32
4.18810690133065e-32
8.939312166320255e-32
1.2716628860672845e-31
1.2056505196886807e-31
7.61820100245329e-32
3.2082260787039684e-32
9.004488558198027e-33
1.6843590896543383e-33
2.0998673781927247e-34
4.182771899162678e-35
2.6516972863317727e-36
1.120379760807919e-37
3.1549182750026146e-39
5.920965367439677e-41
7.405910786235165e-43
6.173706506050737e-45
3.4300071962666513e-47
1.2700640729105439e-49
3.134279910710101e-52
5.1550333027903555e-55
5.65075814480282e-58
4.128226451726133e-61
2.0100268234975768e-64
6.522614957212168e-68
1.410662687239428e-71
0.0
0.0
0.0
0.0
0.0
0.0
2.8647088961089345e-34
2.3480356415104933e-33
1.2826566622808193e-32
4.6697938172765755e-32
8.821113747668965e-32
1.63310191168094e-31
2.0150447726302956e-31
1.6570578158271688e-31
9.081804963042956e-32
3.3173265805467354e-32
8.075805196295977e-33
1.3102826440200153e-33
1.416855924859689e-34
1.0210992118783981e-35
4.904466128875888e-37
1.5699907235031346e-38
3.349530843688001e-40
4.762691205304662e-42
4.51338535905229e-44
2.850584735934021e-46
1.1999054972032149e-48
3.3662136668646306e-51
6.293871372124997e-54
7.842880453853369e-57
6.513506872888457e-60
3.605252647114674e-63
1.329958474832116e-66
3.269806149574891e-70
0.0
0.0
0.0
0.0
0.0
0.0
0.0
0.0
0.0
0.0
0.0
0.0
0.0
0.0
0.0
0.0
0.0
0.0
0.0
0.0
0.0
0.0
0.0
0.0
0.0
0.0
0.0
0.0
0.0
0.0
0.0
0.0
0.0
0.0
0.0
0.0
0.0
0.0
0.0
0.0
0.0
0.0
0.0
0.0
0.0
0.0
0.0
0.0
0.0
0.0
0.0
0.0
0.0
0.0
0.0
0.0
0.0
0.0
0.0
0.0
0.0
0.0
0.0
0.0
0.0
0.0
0.0
0.00024548362039794304
0.0023030884373771263
0.014400589095763095
0.0600110810327662
0.16667259225900502
0.30851655847451653
0.3806048467118929
0.3129332415646044
0.17147887731588807
0.06262548645117307
0.015243094474956774
0.0024727301177432308
0.0005870565844359708
4.8426838893021625e-05
2.6624032006849298e-06
9.755355056239243e-08
2.382285913236647e-09
3.877271679571939e-11
4.2057178282539634e-13
3.0404339838306467e-15
1.46491549581269e-17
4.704041191279932e-20
1.0067258198220616e-22
1.435928603454284e-25
1.3650106325743059e-28
8.648101339039709e-32
3.6516324188914375e-35
1.0276255324298435e-38
0.0
0.0
0.0
0.0
0.0
0.0
0.0
0.0
0.0
0.0
0.0
0.0
0.0
0.0
0.0
0.0
0.0
0.0
0.0
0.0
0.0
0.0
0.0
0.0
0.0
0.0
4.315085598909479e-35
3.6637866446818795e-34
2.0732538633937324e-33
7.819092297893069e-33
1.9653583315595545e-32
3.2923704630041997e-32
3.6758450641036036e-32
2.7351884052098997e-32
1.3564345524234564e-32
6.783296005392006e-33
1.7106255190402233e-33
2.875084890366976e-34
3.220534428315773e-35
2.4042895475067758e-36
1.196264290012741e-37
3.966879946565243e-39
8.767030630605113e-41
1.2913308866455783e-42
1.2676638388170974e-44
8.293774309652795e-47
3.616445066776732e-49
1.0509766815589602e-51
2.0355690365377915e-54
2.6276053662373673e-57
2.2605597592338024e-60
1.2961444147354013e-63
4.953045771548115e-67
1.2614581243094428e-70
0.0
0.0
0.0
0.0
0.0
0.0
0.0
0.0
0.0
0.0
0.0
0.0
0.0
0.0
0.0
0.0
0.0
0.0
0.0
0.0
0.0
0.0
0.0
0.0
0.0
0.0
0.0
0.0
0.0
0.0
0.0
0.0
0.0
0.0
0.0
0.0
0.0
0.0
0.0
0.0
0.0
0.0
0.0
0.0
0.0
0.0
0.0
0.0
0.0
0.0
0.0
0.0
0.0
0.0
0.0
0.0
0.0
0.0
1.3727826224493883e-33
1.1137435591320303e-32
6.022130829157115e-32
2.170184788818638e-31
5.212244649653059e-31
8.343233869775266e-31
8.900729259647384e-31
6.328463981137221e-31
2.9988350796858406e-31
9.470837836752203e-32
1.9934519262493302e-32
2.796434691434528e-33
2.6144789153430076e-34
1.6290977901979736e-35
6.76535691919765e-37
1.8724741063590217e-38
3.454001136302315e-40
4.2463000582125326e-42
3.479208305553621e-44
1.899904324774195e-46
6.914560477011468e-49
1.6771773000845e-51
2.711283432407562e-54
2.921140277637511e-57
2.097545806754435e-60
1.0038112136495162e-63
4.902075122754942e-66
1.1929524454519973e-69
0.0
0.0
0.0
0.0
0.0
0.0
0.0
0.0
0.0
0.0
0.0
0.0
0.0
0.0
0.0
0.0
0.0
0.0
0.0
0.0
0.0
0.0
0.0
0.0
0.0
0.0
0.0
0.0
0.0
0.0
0.0
0.0
0.0
0.0
0.0
0.0
0.0
0.0
0.0
0.0
0.0
0.0
0.0
0.0
0.0
0.0
0.0
0.0
0.0
0.0
0.0
0.0
0.0
0.0
0.0
0.0
0.0
0.0
0.0
0.0
0.0
0.0
0.0
0.0
0.0
0.0
0.0
0.0
0.0
0.0
0.0
0.0
0.0
0.0
0.0
0.0
0.0
0.0
0.0
0.0
0.0
0.0
0.0
0.0
0.0
0.0
0.0
0.0
0.0
0.0
0.0
0.0
0.0
0.0
0.0
0.0
0.0
0.0
0.0
0.0
0.0
0.0
0.0
0.0
0.0
0.0
0.0
0.0
0.0
0.0
0.0
0.0
0.0
0.0
0.0
2.2264407775994574e-34
1.555567198265639e-33
7.243491488141987e-33
2.24796052022078e-32
4.6495503325403105e-32
6.409361618911769e-32
5.888438526064574e-32
3.6055129834521635e-32
1.4713484304099582e-32
4.0017093775303186e-33
7.253658543366429e-34
1.8543811752366713e-34
1.7092797719059362e-35
1.0500472562871993e-36
4.2991845073550974e-38
1.1731265717254583e-39
2.1334634536827365e-41
2.5858724067229313e-43
2.0888657268640826e-45
1.1245933336461239e-47
4.0351718341004786e-50
9.649617758752693e-53
1.5379412143150317e-55
1.6336194997845064e-58
1.1564946557946166e-61
5.4565469940238025e-65
0.00162755136812052
0.013086546417395241
0.0701288865484654
0.2504669258352809
0.596190944670892
0.9458056708128016
1.0
0.7046600244930856
0.33093356466301016
0.10358182255835488
0.02160766447391391
0.006066313825174199
0.0006435047146668395
4.5494630360966816e-05
2.1436313340843963e-06
6.731651133477109e-08
1.408882104788471e-09
1.9652113028070807e-11
1.8269447002074666e-13
1.131939196137664e-15
4.674146752505031e-18
1.2863618062373521e-20
2.3594212045507247e-23
2.884226532813162e-26
2.3498211339368924e-29
1.2759151417261705e-32
4.617323736467472e-36
1.113628681860312e-39
0.0
0.0
0.0
0.0
0.0
0.0
0.0
0.0
0.0
0.0
0.0
0.0
0.0
0.0
0.0
0.0
0.0
0.0
0.0
0.0
0.0
0.0
0.0
0.0
0.0
0.0
0.0
0.0
0.0
0.0
0.0
0.0
0.0
0.0
0.0
0.0
0.0
0.0
0.0
0.0
0.0
0.0
0.0
0.0
0.0
0.0
0.0
0.0
0.0
0.0
0.0
0.0
0.0
0.0
0.0
0.0
0.0
0.0
0.0
0.0
0.0
0.0
0.0
0.0
0.0
0.0
0.0009190420154315057
0.007602650726739326
0.04191565527589321
0.15401713096517583
0.37717538853985155
0.6156008515226347
0.6696326572723087
0.48546238754648097
0.2345611582708628
0.07553324723783013
0.0162106997592984
0.002318712572571156
0.0002210413985239829
1.4043710579358369e-05
5.946640302570964e-07
1.6781972971542627e-08
3.1564281861776807e-10
3.956674797057572e-12
3.305569925626954e-14
1.8405341874060176e-16
4.615050336942107e-18
1.3067020208755474e-20
2.465802175535568e-23
3.101140719829536e-26
2.6000184029668454e-29
3.056159478768414e-32
2.5999643324565687e-32
2.807447413275629e-32
2.0208202837548698e-32
9.694497960154156e-33
3.099591797692441e-33
6.60488454631962e-34
9.38010081901903e-35
8.878330958206476e-36
5.6006276782217095e-37
2.354635148835206e-38
6.597692815116689e-40
1.2320890783767694e-41
1.5334643104589202e-43
1.2719990466923326e-45
7.032041856296569e-48
2.5909417937464155e-50
6.36231861617398e-53
1.0412492941643352e-55
1.135731245663147e-58
8.256157632940992e-62
5.3277900752167485e-64
1.9694823223034712e-67
4.852199153545458e-71
0.0
0.0
0.0
0.0
0.0
0.0
0.0
0.0
0.0
0.0
0.0
0.0
0.0
0.0
0.0
0.0
0.0
0.0
0.0
0.0
0.0
0.0
0.0
0.0
0.0
0.0
0.0
0.0
0.0
0.0
0.0
0.0
0.0
8.383580879500069e-35
6.711188431761635e-34
3.580559172290064e-33
1.2731624636668104e-32
3.0171600234831267e-32
4.765345700287312e-32
5.016167466000393e-32
3.519096616551988e-32
1.6454015502198101e-32
5.12736414327826e-33
1.0648733785032752e-33
1.4739519504550091e-34
1.3597223322315412e-35
8.35985381269126e-37
2.812792213381714e-33
1.0269168281226158e-32
5.108466865380946e-32
1.6936652438866452e-31
3.742364792131806e-31
5.5112004878448105e-31
5.409135364730583e-31
3.5382705506429165e-31
1.5425376529597926e-31
4.481898924442357e-32
8.679004041021134e-33
1.1201063807561259e-33
9.634522605568823e-35
5.523097082015152e-36
2.1101663940563265e-37
5.373190963604989e-39
1.72086558026348e-05
0.0001509070826456193
0.000881970068565015
0.0034354182488266225
0.008918399815082016
0.015430351025936793
0.01779287886631046
0.013674082204082113
0.007003767149774124
0.002390819336156214
0.0005439304457053109
0.0001617988018223423
1.8718648552763827e-05
1.443295401019485e-06
7.416816143293742e-08
2.5401616039037223e-09
5.798113720374652e-11
8.820509239197802e-13
8.94297748870215e-15
6.042994014258336e-17
2.721471175120552e-19
8.168397461434566e-22
1.6339980457107504e-24
2.1784507806837585e-27
1.9356441507729766e-30
1.1462644808248253e-33
4.524032321382536e-37
1.1900031501926974e-40
0.0
0.0
0.0
0.0
0.0
0.0
0.0
0.0
0.0
0.0
0.0
0.0
0.0
0.0
0.0
0.0
0.0
0.0
0.0
0.0
0.0
0.0
0.0
0.0
0.0
0.0
0.0
0.0
0.0
0.0
0.0
0.0
0.0
0.0
0.0
0.0
0.0
0.0
0.0
0.0002621634627730415
0.00203199179800093
0.010496712074738757
0.03613817085881682
0.08292024894786032
0.12680505766737388
0.1292391528751167
0.0877876003087391
0.03974237352599286
0.011991015716130152
0.0024112358482095524
0.00032315059468418527
2.8863684942365325e-05
1.7182254187230421e-06
6.816949108725211e-08
1.8025258943018521e-09
3.176541408182176e-11
3.730861077019264e-13
2.920419118884252e-15
1.523571486179511e-17
5.297391100921664e-20
9.704258694559289e-22
1.7157900585652077e-24
2.021844226107259e-27
1.5923981414793448e-30
1.4536805830594083e-32
2.7590626801304974e-32
3.701642583910679e-32
3.309889603302261e-32
1.9724867010760284e-32
7.83422800594417e-33
2.073766614235439e-33
3.6585171740326306e-34
4.301618248657627e-35
3.370855857382083e-36
1.7604757454222718e-37
6.127755923033541e-39
1.421524728529684e-40
2.1978038394245652e-42
2.2646703005058097e-44
4.1196202032854955e-35
3.109637200748954e-34
1.5643856197383758e-33
5.245168632352715e-33
1.1720783493343317e-32
1.745562407205455e-32
1.7325894478562787e-32
1.3760579222537016e-32
6.94543706010123e-33
2.3363827620531188e-33
5.238053800488629e-34
7.826677958518947e-35
7.794109846875996e-36
5.17293627358666e-37
2.288175243358466e-38
6.7456372781798424e-40
1.3253733552914225e-41
1.7355416252668738e-43
1.5146538086116753e-45
8.809946607433269e-48
3.415188817194075e-50
8.823435417781062e-53
1.5192954981956892e-55
1.743525641928719e-58
1.3335090732850698e-61
6.797436501429748e-65
2.309276264589159e-68
5.228633154888198e-72
0.0
0.0
0.0
0.0
0.0
0.0
0.0
0.0
0.0
0.0
0.0
0.0
0.0
0.0
0.0
0.0
0.0
0.0
0.0
0.0
0.0
0.0
0.0
0.0
0.0
0.0
1.334055338627751e-05
0.00011663524805082256
0.0006796218572031038
0.002639285709412532
0.005204751256772197
0.010278307999509287
0.01352772682508214
0.01186614278576664
0.006937066589609965
0.002702860957498224
0.0007018642062955464
0.00012146860190404006
1.4010593057191092e-05
1.0770368271614298e-06
5.5180564113135626e-08
1.8841838055625088e-09
4.2878733152969235e-11
6.503425549292363e-13
6.5739129379051205e-15
4.4288122704334326e-17
1.9885299818788612e-19
5.950569929983829e-22
1.1867699235199575e-24
1.5774516172609562e-27
1.3974205068485978e-30
8.250489668651593e-34
3.246488625839077e-37
8.304584322230176e-35
7.793072813309748e-34
4.873955529509378e-33
1.320578760282085e-32
4.199907413900146e-32
8.902186190533105e-32
1.2602862540778221e-31
1.206996533863651e-31
8.73012609201638e-32
8.011971524485543e-32
1.3193840786935541e-31
2.081086518175656e-31
2.30732566853343e-31
1.715421249348761e-31
8.505711317881923e-32
2.8110264180928706e-32
6.191621660710741e-33
9.089203924502757e-34
8.892602439137219e-35
5.7984705987270534e-36
2.5198784401742375e-37
7.298393421215343e-39
1.4088232109216526e-40
1.8124551734714538e-42
1.5540307154215703e-44
8.88041927434023e-47
3.382119055504609e-49
8.584714570883337e-52
1.2750230401136614e-53
1.6457261946724574e-56
1.415724275600888e-59
8.116734203551444e-63
3.101455242019863e-66
7.898256979739352e-70
0.0
0.0
0.0
0.0
0.0
0.0
0.0
0.0
0.0
0.0
0.0
0.0
0.0
0.0
0.0
0.0
7.430767111117477e-35
5.788610452038364e-34
3.0053603114818143e-33
1.0399209259819436e-32
1.8989069818349332e-32
3.341258235502125e-32
3.918302319982936e-32
3.0624385893177077e-32
1.5952119123126093e-32
5.537974195109918e-33
1.2813418757381335e-33
4.77296439739498e-34
2.1119092716960546e-33
1.0425391021425475e-32
3.462358058123623e-32
7.66460035660984e-32
1.1308093082709636e-31
1.1119129626825e-31
7.286748162726615e-32
3.18257227569468e-32
9.26412355211183e-33
1.7972643087071366e-33
2.323812639244048e-34
2.0024967380913915e-35
1.1500694663118446e-36
4.402079459797138e-38
1.1229831242697742e-39
1.9092822298141497e-41
2.1634585516954497e-43
1.6338364330490362e-45
5.019757850592675e-47
1.9277261773991984e-49
4.9338900859794316e-52
8.416182493040701e-55
9.568026419021183e-58
7.24955144073194e-61
3.660845950702075e-64
1.232064148811491e-67
2.7635462361402166e-71
0.0
0.0
0.0
0.0
0.0
0.0
0.0
0.0
0.0
0.0
0.0
0.0
0.0
0.0
0.0
0.0
0.0
0.0
0.0
0.0
0.0
0.0
0.0
0.0
0.0
0.0
0.0
0.0
0.0
0.0
0.0
0.0
0.0
0.0
0.0
0.0
0.0
0.0
0.0
0.0
0.0
0.0
0.0
0.0
0.0
0.0
0.0
0.0
0.0
0.0
0.0
0.0
0.0
0.0
0.0
0.0
0.0
0.0
0.0
0.0
0.0
0.0
0.0
0.0
0.0
0.0
0.0
0.0
0.0
0.0
1.0111261197638843e-33
7.111540993550166e-33
3.333524523683189e-32
1.0414181425551781e-31
2.168343948385445e-31
3.008934635424156e-31
2.7827800604393228e-31
1.7152465734165107e-31
7.046213305454705e-32
1.9291525000786893e-32
3.520131457189252e-33
4.280877028550296e-34
3.4696700003543563e-35
1.874239721420602e-36
6.747511799549267e-38
1.6189883206593636e-39
2.588959919563371e-41
2.759233705387524e-43
0.00017179595065620318
0.0015460927129942333
0.009273414917330183
0.037070240051295486
0.0987626315260741
0.17536440909770465
0.20524607072002615
0.18532168272927618
0.11152164490220214
0.04472739925682325
0.011955553138380903
0.0021298413291081595
0.0002528752787121497
2.000999807752961e-05
1.0552837911743698e-06
3.7091383815438556e-08
8.68877104539062e-10
1.356516930999704e-11
1.4114764356414537e-13
9.788217107907067e-16
4.523921949031379e-18
1.393503813131339e-20
2.860768845769681e-23
3.914163132120618e-26
3.56924717543938e-29
2.1691814169434652e-32
8.78611076755825e-36
2.3718052240030214e-39
0.0
0.0
0.0
0.0
0.0
0.0
0.0
0.0
0.0
0.0
0.0
0.0
0.0
3.983017504183501e-34
3.470631168491603e-33
2.0155160393579078e-32
7.800916021736697e-32
2.0122711230715226e-31
3.4594649542540403e-31
3.963810867531435e-31
3.0269027007564597e-31
1.5405136325113292e-31
5.225335487129452e-32
1.1812569058594282e-32
1.77973806853785e-33
1.7871021111538632e-34
1.1959807619578092e-35
5.334338461010063e-37
1.5856907410790338e-38
1.2145385349191239e-39
1.8359117498345818e-41
1.8495831155720056e-43
1.241873761163356e-45
5.557284087901113e-48
1.6574074775359122e-50
3.294409164995974e-53
4.36422697453283e-56
3.8531744269014336e-59
2.267313414032327e-62
8.89172441165672e-66
2.3240313295717326e-69
0.0
0.0
0.0
0.0
0.0
0.0
0.0
0.0
0.0
0.0
0.0
0.0
0.0
0.0
0.0
0.0
0.0
0.0
0.0
0.0
0.0
0.0
0.0
0.0
0.0
0.0
0.0
0.0
0.0
0.0
0.0
0.0
0.0
0.0
0.0
0.0
0.0
0.0
0.0
0.0
0.0
0.0
0.0
0.0
0.0
0.0
0.0
0.0
0.0
3.013421678217499e-36
1.924101629891266e-35
8.187996624258321e-35
2.3222493531901743e-34
4.3895661123223915e-34
5.529882283804452e-34
4.642925623996017e-34
2.598059632420945e-34
9.689202926228318e-35
2.4082886364446813e-35
3.989427430085148e-36
4.404475013479724e-37
3.240852607259727e-38
1.589300271104846e-39
5.194385567691132e-41
1.1314723803165843e-42
7.043978145092481e-44
7.802438498155032e-46
5.760023516122395e-48
2.8339990942380485e-50
9.29301644987994e-53
2.0309313938067164e-55
2.9581170053301087e-58
2.8715540250118573e-61
1.857805237954821e-64
4.436345065337043e-34
2.9223443698536232e-33
1.282977420994407e-32
3.753947398534309e-32
7.320468910861978e-32
9.514175680960887e-32
8.241096139294706e-32
4.7575169347173266e-32
1.830447399534135e-32
4.693704149954706e-33
8.021502419897997e-34
9.136445625148708e-35
0.0001744029989090699
0.0015715446396490742
0.009438023252824728
0.03777608200758053
0.10077071273615962
0.15470824831956503
0.20986183546631168
0.18972956594207938
0.1143189185955685
0.04590740563647762
0.012286521388017889
0.0021915767275246865
0.00026053493578065016
2.0642239021475406e-05
1.0900067468267504e-06
3.8360399184168116e-08
8.997432512385649e-10
1.4064866876115035e-11
1.465325820048874e-13
1.0174529299381971e-15
4.708428712880677e-18
1.4521758843203742e-20
2.984997621481847e-23
4.089312562383819e-26
3.7336892737519516e-29
2.2719961220704917e-32
9.214219369551147e-36
2.4905258720358513e-39
0.0
0.0
0.0
0.0
0.0
0.0
0.0
0.0
0.0
0.0
0.0
0.0
0.0
0.0
0.0
0.0
0.0
0.0
0.0
0.0
0.0
0.0
0.0
0.0
0.0
0.0
0.0
0.0
0.0
0.0
0.0
0.0
0.0
0.0
0.0
0.0
0.0
0.0
0.0
0.0
0.0
0.0
1.892692318125351e-35
1.6824267466936853e-34
9.96721569647935e-34
3.935438207488027e-33
1.0356043996223727e-32
1.8162524959081293e-32
2.1229516810374035e-32
1.6538097322194033e-32
8.586427853933767e-33
2.971125900288796e-33
6.851901853414855e-34
1.0531318804664557e-34
2.4119300276189855e-35
1.8851196096042822e-36
9.819619644960233e-38
1.6296482828161586e-06
1.4710472242681557e-05
8.849951580343982e-05
0.0003548433923536271
0.000948230889173523
0.0016887797894690022
0.0020045343157863308
0.0015857529063436667
0.00083606315546014
0.00029378133629853954
6.880038478778831e-05
1.0738387721373648e-05
1.1170403014296122e-06
7.744264043944598e-08
3.5782691978212237e-09
1.101913277624844e-10
2.261535297734824e-12
3.09343413207369e-14
2.8200702292412354e-16
1.7134069445197333e-18
6.938133785208221e-21
1.872433339052454e-23
3.3678412249223353e-26
3.9757215926220274e-28
3.63633418141751e-31
2.2166297633031997e-34
9.005422239921599e-38
2.438352833436617e-41
0.0
0.0
0.0
0.00010019739497484732
0.0007278782839437036
0.0035240547151165627
0.011371246423723962
0.024454289413727303
0.03504964087858963
0.033480631852497646
0.021314996547764184
0.009043955900334456
0.002557485343550496
0.00048200264257803655
6.054345949031026e-05
5.0683499696705635e-06
7.485178274556679e-06
6.584916795421899e-05
0.00040111280265380173
0.001628669998341315
0.0044073901502810625
0.00683147722128924
0.009400817169730926
0.008621803816330901
0.005270019410432032
0.0021468803512711744
0.0005828878676246903
0.00010547359252741144
1.2719909159123318e-05
1.022364660269204e-06
5.476576977167663e-08
1.955213161196676e-09
4.652223553544268e-11
7.377489290003196e-13
7.79719055168894e-15
5.492236831051034e-17
2.5783502499457783e-19
8.067075424370714e-22
1.6821776960559418e-24
2.3378099476113896e-27
2.1665467915425565e-30
7.101356463619752e-33
1.8500109878677989e-32
3.9566681951714465e-32
5.640003988044096e-32
5.358099077802697e-32
4.1330039406172287e-32
1.996639821686501e-32
6.428581971366867e-33
1.3794697824091441e-33
1.9728349149220137e-34
1.8804026189153976e-35
1.1945174474247414e-36
5.057264821914412e-38
1.4269883990506437e-39
2.683531745182359e-41
3.3633694888989157e-43
2.809467232900211e-45
1.5640654065045718e-47
5.803198126663847e-50
1.4350314982384296e-52
2.3650319797257395e-55
2.597730836224039e-58
1.901659817791253e-61
9.27797201771369e-65
3.016857764282619e-68
6.537898287335779e-72
0.0
0.0
0.0
0.0
0.0
0.0
0.0
0.0
0.0
0.0
0.0
0.0
0.0
2.9667373472151304e-34
2.402890936861796e-33
1.2970913647944507e-32
4.6664715777818404e-32
1.1188921582429224e-31
1.7880076944779742e-31
1.9042856067748857e-31
1.3516876150472742e-31
6.394434342275523e-32
2.02976291605027e-32
5.2767738617624704e-33
5.868302843435894e-33
1.7880990462631502e-32
4.0149904227669673e-32
6.026047740343766e-32
6.028335340361583e-32
4.019247583570979e-32
1.7859680723455154e-32
8.300938042048033e-33
1.8756797286783467e-33
2.824696198878068e-34
2.8350867638722787e-35
7.826697708394884e-36
4.841683942512865e-35
2.6253548232486995e-34
9.504119409004418e-34
2.293091682315585e-33
3.6873343962958765e-33
3.951711023974031e-33
2.822535290016016e-33
1.3436158886805059e-33
4.262775188832602e-34
9.013454608676356e-35
1.270198720217047e-35
1.192981238780943e-36
7.467532219407697e-38
3.1153162790216834e-39
8.661811575814653e-41
1.6050806822857757e-42
1.9822870868449296e-44
1.6316153559786572e-46
8.950567340944227e-49
3.272388764982524e-51
6.198814478456938e-53
1.1524591692257975e-55
1.4279861809220533e-58
1.179244908715842e-61
6.490311832166239e-65
2.380721888758708e-68
5.820138435781944e-72
0.0
0.0
0.0
0.0
0.0
0.0
0.0
0.0
0.0
0.0
0.0
0.0
0.0
0.0
0.0
0.0
0.0
0.0
0.0
0.0
0.0
0.0
0.0
0.0
0.0
0.0
0.0
0.0
0.0
0.0
0.0
0.0
0.0
0.0
0.0
0.0
0.0
0.0
0.0
0.0
0.0
0.0
0.0
0.0
0.0
0.0
0.0
0.0
0.0
0.0
0.0
0.0
0.0
0.0
0.0
0.0
0.0
0.0
0.00016864690392726182
0.0013535288017453811
0.007239993538867153
0.025810142592061876
0.06132311075461771
0.09710453187882306
0.10247935156770682
0.07208000146232205
0.0337889544195579
0.010556410436250068
0.0021980589211978924
0.00030503097345382197
6.526012099672384e-05
4.605269665337152e-06
2.1659269494412022e-07
6.789129495736602e-09
1.4182928977597538e-10
1.974691750995427e-12
1.8323745196283173e-14
1.1332108504296697e-16
4.670772909351147e-19
1.2830640278656241e-21
2.349034817740768e-24
2.8662371914211967e-27
2.330860854188072e-30
1.2632872632111845e-33
4.563199277096e-37
1.0985461357959524e-40
0.0
0.0
0.0
0.0
0.0
0.0
0.0
1.7540849068788862e-34
1.4713344661546025e-33
8.225338004540174e-33
2.067995123244484e-32
5.878877836216587e-32
1.1138351244282676e-31
1.4064650052669858e-31
1.1836369131498463e-31
6.638800511472131e-32
2.4816600248966456e-32
6.182676162231345e-33
1.0265787309929148e-33
1.1360294054977602e-34
8.378541633179886e-36
4.11840297777844e-37
1.3491827958842094e-38
2.945739228081185e-40
4.286465671762829e-42
4.1570567182482963e-44
2.6869160537566974e-46
1.1574541449293276e-48
9.109466581047704e-35
8.401755375607566e-34
5.1645045729552456e-33
2.115771916586033e-32
0.00028555265737783083
0.0020403298570844885
0.009716192526580705
0.030837089900341393
0.05315683283045213
0.08579045131545175
0.09227846382522231
0.06615205011796906
0.031605874257656257
0.010064074804452029
0.0021358042802722653
0.00030208599894459003
2.8476151174388423e-05
1.7890131416743889e-06
7.490784789294937e-08
2.0903675611010704e-09
3.8877608563489703e-11
4.819011653097215e-13
3.981052990607442e-15
2.1918937003723963e-17
8.04308330276687e-20
1.9670128325440412e-22
3.2060727203778183e-25
3.4827422165004128e-28
2.521793409401242e-31
1.2575408885754098e-34
3.638362332001469e-37
1.7188124381093979e-38
6.05783244821065e-40
1.423637775078244e-41
9.322989474461041e-43
1.1141406506202968e-44
8.873733767159096e-47
4.710362354342505e-49
1.6664173870196858e-51
3.9291156074179414e-54
6.174294984906522e-57
6.466383983124367e-60
4.5135385250444653e-63
2.0996860629462488e-66
6.509882135741778e-70
1.3451584178855922e-73
2.924944471816978e-34
2.2088150699322252e-33
1.1116872784017803e-32
3.728957754008219e-32
8.336309664014976e-32
1.2420576740855346e-31
1.2333639048835833e-31
8.162482337047593e-32
3.6002679372591466e-32
1.0583490865372313e-32
2.073502694091883e-33
2.707458552213938e-34
2.3561372091787747e-35
4.578739506543327e-35
3.0831622231095636e-34
1.5034609870856594e-33
4.888740586486802e-33
1.0594604426563497e-32
1.5302206408143286e-32
1.4730073496922927e-32
9.450119927885828e-33
4.040650379711461e-33
1.1417961607439608e-06
9.193756900178779e-06
4.93377115829009e-05
0.00017646010604890325
0.0004206255196563169
0.0006682304296706583
0.0007075195213945124
0.000499266186562128
0.00023480504769935454
7.359770163073784e-05
1.5374557441218204e-05
2.1405360327903515e-06
1.9862047248788053e-07
1.2283072820989318e-08
5.062576405160523e-10
1.3906495609221886e-11
2.5459235802100387e-13
1.411555625827858e-14
1.3140994637409818e-16
8.153423993800083e-19
3.3715791870359133e-21
9.291979641921418e-24
1.7067294530699025e-26
2.0893089513054888e-29
1.7045988647630087e-32
9.268794917302415e-36
3.3589682542135286e-39
8.11278700069689e-43
0.0
0.0
0.0
0.0
0.0
0.0
0.0
0.0
0.0
0.0
0.0
0.0
0.0
0.0
0.0
0.0
0.0
0.0
0.0
0.0
0.0
0.0
0.0
0.0
0.0
7.324796408201094e-36
5.412669536297849e-35
2.665686148860882e-34
8.749597324377029e-34
1.9140296691160114e-33
2.7983035022212142e-33
2.777624947620266e-33
2.131795673996675e-33
2.1820716628296785e-33
3.8149883841417095e-33
6.0964889903345425e-33
6.797814706514569e-33
5.0790708930403187e-33
2.5307470380873035e-33
8.404759293533501e-34
3.2172099201500836e-34
5.433283192232319e-35
6.115428962318095e-36
4.587468217177775e-37
2.2935106465532118e-38
7.642052218067528e-40
1.69707403751125e-41
2.5117310034243864e-43
2.477576147765118e-45
1.6287800621156508e-47
7.136403965423974e-50
2.0839051859255097e-52
4.0556272569241134e-55
5.260410780533532e-58
4.547396605450078e-61
2.6199171366902504e-64
1.0059903762486988e-67
2.5744333026276504e-71
0.0
0.0
0.0
0.0
0.0
0.0
0.0
0.0
0.0
0.0
0.0
0.0
0.0
0.0
0.0
0.0
0.0
0.0
0.0
0.0
0.0
0.0
0.0
0.0
0.0
0.0
0.0
0.0
0.0
4.525031661290941e-05
0.0002913332533250271
0.0012500864368389436
0.003574963202771863
0.0068137258676688435
0.008360409901869263
0.008102951364649641
0.005234081028505728
0.0022533009472707898
0.0006465163391306572
0.0001236292854435087
1.5755956071489095e-05
1.3382883940924865e-06
7.575934483871908e-08
2.8582766208605065e-09
7.187102720506556e-11
1.2044395144782648e-12
1.3452335389121423e-14
1.0013638892002926e-16
4.967841300517018e-19
1.6425743987095515e-21
3.619627955024975e-24
5.3159925785085566e-27
5.203389622028372e-30
3.3944535888168864e-33
1.4758253026470017e-36
4.276432062224347e-40
8.258663102496517e-44
0.0
0.0
0.0
0.0
3.0512485246590326e-35
2.8887016214791218e-34
1.82267541703986e-33
7.664741902798103e-33
2.1481632504075282e-32
4.0141048677553043e-32
5.005381721443598e-32
4.188529511527536e-32
2.4187560875231694e-32
1.0885204964501736e-32
5.196453997769816e-33
3.002542242269974e-33
1.55087318666936e-33
5.76239147266251e-34
1.4495478171082728e-34
2.437650402943711e-35
2.7336776813820126e-36
2.0434019053849946e-37
1.0180081246869267e-38
3.3801194596031445e-40
7.479882048977092e-42
1.1031614179900575e-43
1.0843386557532291e-45
7.103499705591923e-48
1.9850807514942608e-49
6.612842598665766e-52
1.4681814790343758e-54
2.1724652831549056e-57
2.142434222356832e-60
1.4081330671553026e-63
6.168242587281821e-67
1.8007803459535226e-70
3.5038183825108915e-74
0.0
0.0
0.0
0.0
0.0
0.0
0.0
0.0
0.00011766330341077165
0.000797884888126832
0.003605960709942832
0.010861337009136617
0.0218035463024581
0.02917108157777131
0.026011145311633115
0.015457810075665534
0.006122347932280963
0.0026355154119685003
0.000530808880952523
7.12512271951584e-05
6.374234922952975e-06
3.800540195977424e-07
1.5102336514639282e-08
3.9996731653854906e-10
7.059702720781211e-12
8.87913636193483e-06
6.848388382849404e-05
0.0003520364154991114
0.001206058425121725
0.002753788941715678
0.004190583557041002
0.004250107409164665
0.002872809677187478
0.0012941819922476755
0.00038856653831965184
7.775297090435805e-05
1.036931658969025e-05
9.216474473505492e-07
5.459602991375779e-08
2.155454450602132e-09
5.671503240483254e-11
9.945785018967548e-13
1.1624157850037969e-14
4.778342911237516e-16
2.839895271609207e-18
1.1248869652090278e-20
2.96959342030113e-23
5.224763639432463e-26
6.126576386482967e-29
4.7879610104033974e-32
2.493818864608059e-35
8.656867188343915e-39
2.0028026242623303e-42
0.0
0.0
0.0
0.0
0.0
0.0
0.0
0.0
0.0
0.0
0.0
0.0
0.0
0.0
0.0
0.0
0.0
0.0
0.0
0.0
0.0
0.0
0.0
0.0
0.0
0.0
0.0
0.0
0.0
0.0
0.0
0.0
0.0
0.0
0.0
0.0
1.1289643605032896e-35
9.415583748871128e-35
5.2335432470489736e-34
1.9387683980793775e-33
4.7867152719592075e-33
6.979316563631962e-33
8.762482034865586e-33
7.332008032726577e-33
4.0888414616417076e-33
1.5197045358219103e-33
3.764433207031513e-34
6.214720193002612e-35
6.837937272962201e-36
5.014298607882212e-37
2.450624787735962e-38
7.982243999325741e-40
1.7328250768339522e-41
2.507067330769212e-43
2.4174573417377136e-45
1.5535784523868639e-47
6.654096686913984e-50
1.8994443462187194e-52
3.613645847252205e-55
4.581905735778368e-58
3.871936808823285e-61
2.180679896152722e-64
8.185347599506041e-68
2.0476884573889607e-71
0.0
0.0
0.0
0.0
0.0
0.0
0.0
0.0
0.0
0.0
0.0
0.0
0.0
0.0
0.0
0.0
0.0
0.0
0.0
0.0
7.049984768674689e-07
5.3926487552592435e-06
2.7491449398567904e-05
9.340598159805152e-05
0.00021151116070143098
0.0003192077569480538
0.0003210666026099222
0.00021522780514430457
0.00013158348963000224
4.485462440742664e-05
1.0190478974067974e-05
1.5429914452996255e-06
1.557090974694248e-07
1.0472394762178786e-08
4.694178179859973e-10
1.4023443985443366e-11
2.792102426480417e-13
3.705011464696796e-15
3.27664442009676e-17
1.931303915675813e-19
7.586709862550163e-22
1.986268152735858e-24
3.465808358430215e-27
3.648101256015447e-05
0.00027671773739003515
0.001398906409760794
0.004713265131183212
0.010583678259187013
0.01583918880418362
0.015798315787555015
0.010501955981695664
0.004652765289207116
0.001373832051891607
0.00027035704566081463
7.300869470071342e-05
7.306025974075432e-06
4.872696793888976e-07
2.165903546230254e-08
6.416384557223913e-10
1.2668441947294333e-11
1.6670075797643158e-13
1.4619532720981263e-15
8.544978157676116e-18
3.328664086889176e-20
8.641925779490298e-23
1.4953148371166269e-25
1.7243936301930152e-28
1.3253802923722334e-31
6.840070528479747e-35
5.347436351418073e-38
1.1968608825134801e-39
3.123294872938872e-41
5.456089488862586e-43
6.352307741787967e-45
4.929048852911228e-47
2.5490377294672424e-49
8.785590424767778e-52
2.018120948809287e-54
3.0896193491077724e-57
3.152421713138331e-60
2.5501832732522095e-62
1.3231628751047646e-65
4.57548113936575e-69
1.0544883355799173e-72
0.0
0.0
0.0
0.0
0.0
0.0
0.0
0.0
0.0
0.0
1.6523674852407777e-36
1.4499343619748946e-35
8.479526316149352e-35
3.3050374929453023e-34
8.58544354856856e-34
1.4863826645402918e-33
1.715062986539984e-33
1.3188975615986077e-33
6.7596405801337055e-34
2.3089668185096424e-34
5.256459557807725e-35
7.97536395398927e-36
1.8108792555095598e-36
1.3971700188160932e-37
7.184401088446746e-39
2.4621438928352784e-40
5.623644243296951e-42
8.560591938368626e-44
8.68502955783067e-46
5.872463877021112e-48
2.646372381097682e-50
7.948096016454066e-53
1.5909509954247325e-55
2.122423514695587e-58
1.8870736166043646e-61
1.118219818407001e-64
4.416183142040297e-68
1.162381031568144e-71
0.0
0.0
0.0
0.0
0.0
0.0
0.0
0.0
0.0
0.0
0.0
0.0
0.0
0.0
0.0
0.0
0.0
0.0
0.0
0.0
0.0
0.0
0.0
0.0
0.0
0.0
0.0
0.0
0.0
0.0
0.0
0.0
0.0
0.0
0.0
0.0
0.0
0.0
0.0
0.0
0.0
0.0
0.0
0.0
0.0
0.0
0.0
0.0
0.0
0.0
0.0
0.0
0.0
0.0
0.0
0.0
0.0
0.0
0.0
0.0
0.0
0.0
0.0
0.0
0.0
0.0
0.0
0.0
0.0
0.0
0.0
0.0
0.0
0.0
0.0
0.0
0.0
0.0
0.0
0.0
0.0
0.0
0.0
0.0
0.0
0.0
0.0
0.0
0.0
0.0
0.0
0.0
0.0
0.0
0.0
0.0
0.0
0.0
0.0
0.0
0.0
0.0
0.0
0.0
0.0
0.0
0.0
0.0
0.0
0.0
0.0
0.0
0.0
0.0
0.0
0.0
0.0
0.0
0.0
0.0
0.0
0.0
0.0
0.0
0.0
0.0
0.0
0.0
0.0
0.0
0.0
0.0
0.0
0.0
0.0
0.0
0.0
0.0
0.0
0.0
0.0
0.0
0.0
0.0
0.0
0.0
0.0
0.0
0.0
0.0
0.0
0.0
0.0
0.0
0.0
0.0
0.0
0.0
0.0
0.0
0.0
0.0
0.0
0.0
0.0
0.0
0.0
0.0
0.0
0.0
0.0
0.0
0.0
0.0
0.0
0.0
0.0
0.0
0.0
0.0
0.0
0.0
0.0
0.0
0.0
0.0
0.0
0.0
0.0
0.0
0.0
0.0
0.0
0.0
0.0
0.0
0.0
0.0
0.0
0.0
0.0
0.0
0.0
0.0
0.0
0.0
0.0
0.0
0.0
0.0
0.0
0.0
0.0
0.0
0.0
0.0
0.0
0.0
0.0
0.0
0.0
0.0
0.0
0.0
0.0
0.0
0.0
0.0
0.0
0.0
0.0
0.0
0.0
0.0
0.0
0.0
0.0
0.0
0.0
0.0
0.0
0.0
0.0
0.0
0.0
0.0
0.0
0.0
0.0
0.0
0.0
0.0
0.0
0.0
0.0
0.0
0.0
0.0
0.0
0.0
0.0
0.0
0.0
0.0
0.0
0.0
0.0
0.0
0.0
0.0
0.0
0.0
0.0
0.0
0.0
0.0
0.0
0.0
0.0
0.0
0.0
0.0
0.0
0.0
0.0
0.0
0.0
0.0
0.0
0.0
0.0
0.0
0.0
0.0
0.0
0.0
0.0
0.0
0.0
0.0
0.0
0.0
0.0
0.0
0.0
0.0
0.0
0.0
0.0
0.0
0.0
0.0
0.0
0.0
0.0
0.0
0.0
0.0
0.0
0.0
0.0
0.0
0.0
0.0
0.0
0.0
0.0
0.0
0.0
0.0
