a = 4.895942936505064 b = 4.895942936505064 c = 13.497346068854782 ,Gaussian ,LMH = 0.08 ,DW = [0.2 0.2]
0.0
0.0
0.0
0.0
0.0
0.0
0.0
0.0
0.0
0.0
0.0
0.0
0.0
0.0
0.0
0.0
0.0
0.0
0.0
0.0
0.0
0.0
0.0
0.0
0.0
0.0
0.0
0.0
0.0
0.0
0.0
0.0
0.0
0.0
0.0
0.0
0.0
0.0
0.0
0.0
0.0
0.0
0.0
0.0
0.0
0.0
0.0
0.0
0.0
0.0
0.0
0.0
0.0
0.0
0.0
0.0
0.0
0.0
0.0
0.0
0.0
0.0
0.0
0.0
0.0
0.0
0.0
0.0
0.0
0.0
0.0
0.0
0.0
0.0
0.0
0.0
0.0
0.0
0.0
0.0
3.85485603215913e-34
3.516580550031957e-33
2.1380335929382585e-32
8.663433131560153e-32
2.3396294473965226e-31
4.211004236553403e-31
5.051330981369645e-31
4.038383156009111e-31
2.151744818361874e-31
7.641094275239087e-32
1.8084308139661447e-32
5.52289752851335e-33
6.646850428589787e-34
5.331462698534173e-35
2.8500888039616904e-36
1.0154345996915837e-37
2.4111657769968022e-39
3.8157835593993475e-41
4.024592766771822e-43
2.8290570170252934e-45
1.3253879156899775e-47
4.1383370667446734e-50
8.611727193291145e-53
1.1943626517561002e-55
1.1039863744987841e-58
6.8009997751301845e-62
2.7923082266610426e-65
7.640741366460736e-69
0.0
0.0
0.0
0.0
0.0
0.0
0.0
0.0
0.0
0.0
0.0
0.0
0.0
0.0
0.0
0.0
0.0
0.0
0.0
0.0
0.0
0.0
0.0
0.0
0.0
0.0
0.0
0.0
0.0
0.0
0.0
0.0
0.0
0.0
0.0
0.0
0.0
0.0
0.0
0.0
0.0
0.0
0.0
0.0
0.0
0.0
0.0
0.0
0.0
0.0
0.0
0.0
0.0
0.0
0.0
0.0
0.0
0.0
0.0
0.0
0.0
0.0
0.0
0.0
0.0
0.0
0.0
0.0
0.0
0.0
0.0
0.0
0.0
0.0
0.0
0.0
0.0
0.0
0.0
0.0
0.0
0.0
0.0
0.0
0.0
0.0
0.0
0.0
0.0
0.0
0.0
0.0
0.0
0.0
0.0
0.0
0.0
0.0
0.0
0.0
0.0
0.0
0.0
0.0
0.0
0.0
0.0
0.0
0.0
0.0
0.0
0.0
0.0
0.0
0.0
0.0
0.0
0.0
0.0
0.0
0.0
0.0
0.0
0.0
0.0
0.0
0.0
0.0
0.0
0.0
0.0
0.0
0.0
0.0
0.0
0.0
0.0
0.0
0.0
0.0
0.0
0.0
0.0
0.0
0.0
0.0
0.0
0.0
0.0
0.0
0.0
0.0
0.0
0.0
0.0
0.0
0.0
0.0
0.0
0.0
0.0
0.0
0.0
0.0
0.0
0.0
0.0
0.0
0.0
0.0
0.0
0.0
0.0
0.0
0.0
0.0
0.0
0.0
0.0
0.0
0.0
0.0
0.0
0.0
0.0
0.0
0.0
0.0
0.0
0.0
0.0
0.0
0.0
0.0
9.856115974262376e-34
8.986448592122776e-33
5.460745437276248e-32
2.2115528236804283e-31
5.969311614044782e-31
1.0738230764834316e-30
1.287427444318151e-30
1.028713267655792e-30
5.478320894212999e-31
1.9443844636883993e-31
4.5993701796087273e-32
7.250970465129665e-33
7.618604964709488e-34
5.335023328459556e-35
2.4898818442366763e-36
7.744666165824443e-38
1.6054922526455292e-39
2.2181722834436996e-41
2.0425085480005437e-43
1.2534702744920942e-45
3.3536289019811674e-47
1.0465686966696795e-49
2.176717283869684e-52
3.0172955966829772e-55
2.787502338601298e-58
1.7163038237145595e-61
7.042950691531428e-65
1.926179133835094e-68
0.0
0.0
0.0
0.0
0.0
0.0
0.0
0.0
0.0
0.0
0.0
0.0
0.0
0.0
0.0
0.0
0.0
0.0
0.0
0.0
0.0
0.0
0.0
0.0
0.0
0.0
0.0
0.0
0.0
0.0
0.0
0.0
0.0
0.0
0.0
0.0
0.0
0.0
0.0
0.0
0.0
0.0
0.0
0.0
0.0
0.0
0.0
0.0
0.0
0.0
0.0
0.0
0.0
0.0
0.0
0.0
0.0
0.0
0.0
0.0
0.0
0.0
0.0
0.0
0.0
0.0
0.0
0.0
0.0
0.0
0.0
0.0
0.0
0.0
0.0
0.0
0.0
0.0
0.0
0.0
0.0
0.0
0.0
0.0
0.0
0.0
0.0
0.0
0.0
0.0
0.0
0.0
0.0
0.0
0.0
0.0
0.0
0.0
0.0
0.0
0.0
0.0
0.0
0.0
0.0
0.0
0.0
0.0
0.0
0.0
0.0
0.0
0.0
0.0
0.0
0.0
0.0
0.0
0.0
0.0
0.0
0.0
0.0
0.0
0.0
0.0
0.0
0.0
0.0
0.0
0.0
0.0
0.0
0.0
0.0
0.0
0.0
0.0
0.0
0.0
0.0
0.0
0.0
0.0
0.0
0.0
0.0
0.0
0.0
0.0
0.0
0.0
0.0
0.0
0.0
0.0
0.0
0.0
0.0
0.0
0.0
0.0
0.0
0.0
0.0
0.0
0.0
0.0
0.0
0.0
0.0
0.0
0.0
0.0
0.0
0.0
0.0
0.0
0.0
0.0
0.0
0.0
0.0
0.0
0.0
0.0
0.0
0.0
0.0
0.0
0.0
0.0
0.0
0.0
0.0
0.0
4.4997905155118415e-33
2.8716289897898234e-32
7.885935327448886e-32
2.5591269150229026e-31
5.534928129031801e-31
7.97836123032699e-31
7.664731635394358e-31
4.907516400197061e-31
2.0941515803768654e-31
5.955743924077368e-32
1.1288739907302401e-32
1.4260556244215492e-33
1.2006295080539164e-34
6.736946648595584e-36
2.5194094354175055e-37
6.279368110233283e-39
1.0430729497199494e-40
1.1547686123455876e-42
8.52033767703194e-45
4.1898665572036388e-47
1.3731725838502773e-49
2.9993807831186873e-52
4.3663609427365875e-55
4.2363244147176525e-58
2.7393046578883457e-61
1.1805190766147157e-64
3.3906833302340233e-68
1.1781418203505714e-70
0.0
0.0
0.0
0.0
0.0
0.0
0.0
0.0
0.0
0.0
0.0
0.0
0.0
5.162635981544998e-34
3.722315701337529e-33
1.7886956579092605e-32
5.728504379009799e-32
1.2227216280900332e-31
1.7393840661388485e-31
1.6490921660566216e-31
1.042019672154617e-31
4.3882206385109067e-32
1.231636473271307e-32
2.303871092173934e-33
2.872204495901227e-34
5.721207148064824e-35
3.626998993682251e-36
1.5324585826362142e-37
4.3153060749305036e-39
8.098713054475043e-41
1.0129825567734384e-42
8.444413093514013e-45
4.691573473830335e-47
1.7371972050139098e-49
4.287076862302788e-52
7.051069025863067e-55
7.729122856664306e-58
5.646599731908369e-61
2.749320332934826e-64
8.921651052678031e-68
1.929508384465854e-71
0.0
0.0
0.0
0.0
0.0
0.0
2.2601751830950734e-34
1.9085720763746465e-33
1.0741293342288049e-32
4.028896744500853e-32
7.763186813211138e-32
1.4807173915100732e-31
1.8822870994283684e-31
1.594707740781513e-31
9.004464435160085e-32
3.388568115384913e-32
8.49877048906984e-33
1.4206187111749994e-33
1.5826340602748955e-34
1.1750735040762815e-35
5.814750807537803e-37
1.9176914403341057e-38
4.215100171464362e-40
6.174739190437076e-42
6.028522486606682e-44
3.922696428441614e-46
1.7011400255832965e-48
4.916736956233645e-51
9.470991213866011e-54
1.2158932327415714e-56
1.0403440726487163e-59
5.932532158962418e-63
2.254679173589845e-66
5.710984134278066e-70
0.0
0.0
0.0
0.0
0.0
0.0
0.0
0.0
0.0
0.0
0.0
0.0
0.0
0.0
0.0
0.0
0.0
0.0
0.0
0.0
0.0
0.0
0.0
0.0
0.0
0.0
0.0
0.0
0.0
0.0
0.0
0.0
0.0
0.0
0.0
0.0
0.0
0.0
0.0
0.0
0.0
0.0
0.0
0.0
0.0
0.0
0.0
0.0
0.0
0.0
0.0
0.0
0.0
0.0
0.0
0.0
0.0
0.0
0.0
0.0
0.0
0.0
0.0
0.0
0.0
0.0
0.0
0.0
0.0011615596281201437
0.008077898870856753
0.037440088172209826
0.11565298917003466
0.2380994594412815
0.32669426074314156
0.2987487857326666
0.18207584775098484
0.07395713534657371
0.020021166125187242
0.003612270011786675
0.0009206084499957588
8.446336384384254e-05
5.164679055751235e-06
2.1047467709975928e-07
5.71660142623632e-09
1.0348026278349747e-10
1.2484141448858304e-12
1.0037865835466107e-14
5.37905073853174e-17
1.9211065077854345e-19
4.572764059723393e-22
7.254169390149625e-25
7.669695805790499e-28
5.40443296664044e-31
2.5380704792697686e-34
7.943991472001645e-38
1.6571255328624966e-41
0.0
0.0
0.0
0.0
0.0
0.0
0.0
0.0
0.0
0.0
0.0
0.0
0.0
0.0
0.0
0.0
0.0
0.0
0.0
0.0
0.0
0.0
0.0
0.0
0.0
0.0
1.117904903330424e-34
9.44905429420548e-34
5.322962125415388e-33
1.9984806877078524e-32
5.000668709078603e-32
8.339456735622591e-32
9.268916809428348e-32
6.865967712753361e-32
4.486604613832582e-32
1.6900250872751255e-32
4.242775501602655e-33
7.098858208616919e-34
7.916049462032243e-35
5.883151669257819e-36
2.9140240955883446e-37
9.619616986028278e-39
2.1164303010335435e-40
3.1033567914468156e-42
3.032780616002351e-44
1.9752943903420366e-46
8.574409350657124e-49
2.480608025472822e-51
4.7829255825217626e-54
6.146256084673318e-57
5.263919352693882e-60
3.00461859587409e-63
1.1430126131797097e-66
2.897972387680489e-70
0.0
0.0
0.0
0.0
0.0
0.0
0.0
0.0
0.0
0.0
0.0
0.0
0.0
0.0
0.0
0.0
0.0
0.0
0.0
0.0
0.0
0.0
0.0
0.0
0.0
0.0
0.0
0.0
0.0
0.0
0.0
0.0
0.0
0.0
0.0
0.0
0.0
0.0
0.0
0.0
0.0
0.0
0.0
0.0
0.0
0.0
0.0
0.0
0.0
0.0
0.0
0.0
0.0
0.0
0.0
0.0
0.0
0.0
3.7969490243916685e-33
2.5263785734545043e-32
1.1203240016660912e-31
3.311085531189884e-31
6.521968649087673e-31
8.561868678570753e-31
7.49100291532343e-31
4.36810347780092e-31
1.6975689308079803e-31
4.396868391688553e-32
7.589987538686688e-33
8.732130298984143e-34
6.695467408850073e-35
3.421551974338768e-36
1.1653246433804612e-37
2.6451619575510848e-39
4.0016504869559664e-41
4.0346659905230144e-43
2.7111751144258406e-45
1.214196843970405e-47
3.624116734500405e-50
7.209361527583438e-53
9.558131019193394e-56
8.445603767984534e-59
4.973589911518243e-62
2.7890974008222707e-64
8.35228937176713e-68
1.6669744064656892e-71
0.0
0.0
0.0
0.0
0.0
0.0
0.0
0.0
0.0
0.0
0.0
0.0
0.0
0.0
0.0
0.0
0.0
0.0
0.0
0.0
0.0
0.0
0.0
0.0
0.0
0.0
0.0
0.0
0.0
0.0
0.0
0.0
0.0
0.0
0.0
0.0
0.0
0.0
0.0
0.0
0.0
0.0
0.0
0.0
0.0
0.0
0.0
0.0
0.0
0.0
0.0
0.0
0.0
0.0
0.0
0.0
0.0
0.0
0.0
0.0
0.0
0.0
0.0
0.0
0.0
0.0
0.0
0.0
0.0
0.0
0.0
0.0
0.0
0.0
0.0
0.0
0.0
0.0
0.0
0.0
0.0
0.0
0.0
0.0
0.0
0.0
0.0
0.0
0.0
0.0
0.0
0.0
0.0
0.0
0.0
0.0
0.0
0.0
0.0
0.0
0.0
0.0
0.0
0.0
0.0
0.0
0.0
0.0
0.0
0.0
0.0
0.0
0.0
0.0
0.0
1.3989741711358797e-34
1.0842897616605082e-33
5.600961222080992e-33
1.9282410441581092e-32
4.424270054806294e-32
6.765555820508527e-32
6.895200246880668e-32
4.683514111164471e-32
2.1202073273558248e-32
6.396853096566269e-33
2.296814571988298e-33
3.5238430859106344e-34
3.6032030467931815e-35
2.455514250884601e-36
1.1152641190424667e-37
3.37593867795706e-39
6.810718285687965e-41
9.15741365522513e-43
8.206052596764749e-45
4.900916557030383e-47
1.9507511360104885e-49
5.174971673333626e-52
9.149463595797242e-55
1.0781143788516625e-57
8.466727674323857e-61
4.4314708044312844e-64
0.0026485341622206693
0.019536257318706944
0.09604144880934753
0.31467162802737336
0.6871285906702387
1.0
0.9699370048196636
0.6270015373696083
0.2701315004119721
0.07756457266855987
0.026945715069374734
0.003934417714354098
0.0003828712609497561
2.4831709483153908e-05
1.0733516217534387e-06
3.092138678264738e-08
5.936868886312853e-10
7.596919081754228e-12
6.478867399855395e-14
3.682495549710735e-16
1.3949765852278206e-18
3.521868640701713e-21
5.925990313501044e-24
6.64553988927402e-27
4.966851199209805e-30
2.4740790828282788e-33
8.213486620332736e-37
1.8172851538899517e-40
0.0
0.0
0.0
0.0
0.0
0.0
0.0
0.0
0.0
0.0
0.0
0.0
0.0
0.0
0.0
0.0
0.0
0.0
0.0
0.0
0.0
0.0
0.0
0.0
0.0
0.0
0.0
0.0
0.0
0.0
0.0
0.0
0.0
0.0
0.0
0.0
0.0
0.0
0.0
0.0
0.0
0.0
0.0
0.0
0.0
0.0
0.0
0.0
0.0
0.0
0.0
0.0
0.0
0.0
0.0
0.0
0.0
0.0
0.0
0.0
0.0
0.0
0.0
0.0
0.0
0.0009782061150293835
0.00809207773579015
0.04461401069579085
0.1639321127866812
0.40145637012583774
0.6552306720101377
0.712740820515802
0.5167144354023541
0.2496612293195353
0.08039576330074583
0.017254277135529798
0.0024679816367477714
0.0002352711237138448
1.4947786211908004e-05
6.329460253374708e-07
1.7862326539351015e-08
3.359625894709955e-10
4.2113890515082965e-12
3.518368758567926e-14
1.9590201174816534e-16
4.912148068274731e-18
1.390822058055274e-20
2.624540256116034e-23
3.3007792570978164e-26
2.767430957498222e-29
3.369263904780033e-32
3.010744916895197e-32
3.311391628113766e-32
2.4277930010584e-32
1.186299454286622e-32
3.863301069842598e-33
8.385024313929216e-34
1.2129185731693057e-34
1.1693392155868725e-35
7.513303476044236e-37
3.21738398567435e-38
9.182404255517705e-40
1.746592012533931e-41
2.2141553005303747e-43
1.8707090032199798e-45
1.0533821190183167e-47
3.9531855189450153e-50
9.88757971390084e-53
1.648216843565267e-55
1.8311345051304143e-58
1.3558376604679603e-61
8.857276126892495e-64
3.3349567876368954e-67
8.368772963313064e-71
0.0
0.0
0.0
0.0
0.0
0.0
0.0
0.0
0.0
0.0
0.0
0.0
0.0
0.0
0.0
0.0
0.0
0.0
0.0
0.0
0.0
0.0
0.0
0.0
0.0
0.0
0.0
0.0
0.0
0.0
0.0
0.0
0.0
5.962843344376352e-35
5.122806474865963e-34
2.9332160182296934e-33
1.1193391513348271e-32
2.846825773602524e-32
4.8254923542249865e-32
5.451348196766006e-32
4.104381883649944e-32
2.0595538390031296e-32
6.887792971729157e-33
1.535212750376914e-33
2.2805447605624264e-34
2.257824496973266e-35
1.4897840114413909e-36
6.551458367549695e-38
1.2942491800757054e-33
9.973556116558093e-33
5.122310425686338e-32
1.753328561957618e-31
3.999836774948834e-31
6.081388922184976e-31
6.162328367108915e-31
4.1616776919850144e-31
1.8731544860114531e-31
5.619016393214065e-32
1.1233848164914056e-32
1.4968502302780162e-33
1.3292592631943107e-34
7.867243469878889e-36
3.1032519285503525e-37
8.158175158066996e-39
1.429389426524784e-40
5.58048365647332e-05
0.0004055710945845024
0.001964462294088741
0.0063416453086764
0.01364400113772466
0.019564245055647765
0.01869674432986371
0.011908318252031886
0.005054944880463959
0.002278914048105458
0.0004919223078398012
7.076958317480326e-05
6.785444552571125e-06
4.336022453990179e-07
1.846657215201301e-08
5.241584604353782e-10
9.915633389236455e-12
1.2501435096320487e-13
1.0504631642851496e-15
5.882789839097501e-18
2.1956716149419204e-20
5.461764741203651e-23
9.054826636355887e-26
1.0004809832338006e-28
7.367482021695071e-32
3.615853943478839e-35
1.1827262136752725e-38
2.578333632412264e-42
0.0
0.0
0.0
0.0
0.0
0.0
0.0
0.0
0.0
0.0
0.0
0.0
0.0
0.0
0.0
0.0
0.0
0.0
0.0
0.0
0.0
0.0
0.0
0.0
0.0
0.0
0.0
0.0
0.0
0.0
0.0
0.0
0.0
0.0
0.0
0.0
0.0
0.0001302240249988917
0.001172617694016253
0.007037255512340964
0.02814697613463239
0.0750311698919892
0.133300948432391
0.15783608824271975
0.12455493135182497
0.06550841514905566
0.022962269338889785
0.005364312489573116
0.0008352084500254083
8.666769339273973e-05
5.99378478716264e-06
2.7626546597448656e-07
8.486597467970654e-09
1.7374893644882838e-10
2.3707854569846348e-12
2.1559759020976008e-14
1.306703632301089e-16
5.278272923637692e-19
1.0685689047355786e-20
2.1949258668154613e-23
3.004821999353812e-26
2.742224309205765e-29
3.647020711802487e-32
3.9863716839355485e-32
5.347387676932984e-32
4.781461716984405e-32
2.849451425523757e-32
1.1317314406854054e-32
2.9957602410770247e-33
5.2850885996663615e-34
6.21411147867812e-35
4.869533479142206e-36
2.5431807066972657e-37
8.852147312640643e-39
2.0535325596448997e-40
3.1749442365586465e-42
3.2715394291871917e-44
5.340151919885404e-35
4.097137754954114e-34
2.0950243170960094e-33
7.13968610426824e-33
1.621626067239818e-32
2.4547307532561304e-32
2.476501289050524e-32
1.9883639551522252e-32
1.0200774728932962e-32
3.487803267156459e-33
7.947899221700652e-34
1.2070750448500678e-34
1.221793300095755e-35
8.242192536396438e-37
3.705691997468608e-38
1.110394832705066e-39
2.217517688448302e-41
2.9514695131686007e-43
2.6181291048705497e-45
1.5478374985193355e-47
6.098755422364967e-50
1.6015430563153322e-52
2.802964314436747e-55
3.269475344234365e-58
2.5416755592693624e-61
1.316872435285437e-64
4.5472501889661505e-68
1.0464911029459213e-71
0.0
0.0
0.0
0.0
0.0
0.0
0.0
0.0
0.0
0.0
0.0
0.0
0.0
0.0
0.0
0.0
0.0
0.0
0.0
0.0
0.0
0.0
0.0
0.0
0.0
0.0
1.1363716551100513e-05
0.00010584274533755145
0.0006570271979697976
0.002718235923640044
0.0055914426454763905
0.01176332929977401
0.01649370350003457
0.015413017085240389
0.00959928055090014
0.00398447638926426
0.0011022633790018302
0.0002032268325032206
2.4972284030631287e-05
2.0451116922494815e-06
1.116239394466407e-07
4.06049712928624e-09
9.844249633274964e-11
1.590624167327783e-12
1.7129081801920914e-14
1.2293686621178743e-16
5.880465974601187e-19
1.874661639643389e-21
3.983048477206451e-24
5.640139424029029e-27
5.3228672564644394e-30
3.347980962145547e-33
1.403465922490248e-36
3.921049387087434e-40
0.0
4.906843430594723e-34
1.9331138197502785e-33
1.077932467856857e-32
4.0059657251076285e-32
9.92211949885677e-32
1.646381377324293e-31
1.8636212830813193e-31
1.619536445278147e-31
1.607247739184695e-31
2.276243588497086e-31
3.003917442863227e-31
2.8297706988205703e-31
1.7962661099965529e-31
7.612051348603467e-32
2.1504289828352382e-32
4.048991359467169e-33
5.081040896464145e-34
4.2495257509315475e-35
2.36869883692286e-36
8.799556525060782e-38
2.178679131301127e-39
3.5950696606122686e-41
3.953692553318049e-43
2.897877531713932e-45
1.415593985461133e-47
4.608705296311465e-50
8.080531935799377e-52
1.3377740294640356e-54
1.4760705601703874e-57
1.0854580015443672e-60
5.3198633718646326e-64
1.73767871318646e-67
3.782857933634603e-71
0.0
0.0
0.0
0.0
0.0
0.0
0.0
0.0
0.0
0.0
0.0
0.0
0.0
0.0
0.0
0.0
0.0
1.4093131620387644e-34
1.027998998282591e-33
3.0861498326093336e-33
1.1447344980955536e-32
2.829919508613016e-32
4.662565472139862e-32
5.119851347774821e-32
3.746893147460714e-32
1.8275396704810294e-32
6.101499999884173e-33
2.6643928248474163e-33
8.052624937369188e-33
2.996399822473098e-32
7.597520176478983e-32
1.2846116249222997e-31
1.447636787845689e-31
1.0872491577796234e-31
5.442270212335521e-32
1.8155686304127556e-32
4.036702911579358e-33
5.9816700506827506e-34
5.907444736885375e-35
3.888288041812683e-36
1.7056846456174858e-37
4.986784472160628e-39
9.716816588174635e-41
1.2618535680219485e-42
1.0921328318757417e-44
3.674689586285532e-46
1.6172968549183307e-48
4.7439529551830384e-51
9.274116632266585e-54
1.2083320119952624e-56
1.0492562321342307e-59
6.072372177515103e-63
2.3421610491906244e-66
6.020834298007281e-70
0.0
0.0
0.0
0.0
0.0
0.0
0.0
0.0
0.0
0.0
0.0
0.0
0.0
0.0
0.0
0.0
0.0
0.0
0.0
0.0
0.0
0.0
0.0
0.0
0.0
0.0
0.0
0.0
0.0
0.0
0.0
0.0
0.0
0.0
0.0
0.0
0.0
0.0
0.0
0.0
0.0
0.0
0.0
0.0
0.0
0.0
0.0
0.0
0.0
0.0
0.0
0.0
0.0
0.0
0.0
0.0
0.0
0.0
0.0
0.0
0.0
0.0
0.0
0.0
0.0
0.0
0.0
0.0
0.0
0.0
0.0
1.7261223555610626e-33
1.162375574349712e-32
5.216784796706508e-32
1.5604178725611746e-31
3.1107166843831105e-31
4.132963304770598e-31
3.6596890645379356e-31
2.159774332134125e-31
8.494818630359777e-32
2.2268009319584785e-32
3.890363895686993e-33
4.52981646541011e-34
3.515220191443478e-35
1.8180507847636605e-36
6.266730740293729e-38
1.4396522742870298e-39
2.2042240089709746e-41
2.249237924656511e-43
0.0006492841313430764
0.004901591310032949
0.024661583235312694
0.08269635339592898
0.18481333854747795
0.25215377514095627
0.2865596302479816
0.21704315300206276
0.10956168925486791
0.0368597934962148
0.008264729121982896
0.0012350538633257868
0.00012300555395051543
8.164791370842651e-06
3.611993923446765e-07
1.0649530905455912e-08
2.092644679705279e-10
2.7405773065953845e-12
2.3920495357873414e-14
1.3914891649199842e-16
5.394746440355524e-19
1.3939390783447896e-21
2.400480033665891e-24
2.755078329316784e-27
2.1074212342197357e-30
1.0743611632329971e-33
3.650318824400584e-37
8.265951324548726e-41
0.0
0.0
0.0
0.0
0.0
0.0
0.0
0.0
0.0
0.0
0.0
0.0
0.0
0.0
1.1312306631678964e-33
8.751544360033027e-33
4.5123188119313723e-32
1.550587943522137e-31
3.551195463888281e-31
5.420436984899938e-31
5.514111843809591e-31
3.738508649315065e-31
1.6892843434183474e-31
5.087315502978571e-32
1.0210714566124081e-32
1.3658567325514171e-33
1.217687106927978e-34
7.235154605335458e-36
8.79339835906017e-37
2.656876922144336e-38
5.350171125356941e-40
7.180347419788107e-42
6.422510028079475e-44
3.8286500492439416e-46
1.5211361995950795e-48
4.027838782900044e-51
7.108166713006207e-54
8.360354231540017e-57
6.553499961735862e-60
3.423761244433597e-63
1.192106868230953e-66
2.7663584747764687e-70
0.0
0.0
0.0
0.0
0.0
0.0
0.0
0.0
0.0
0.0
0.0
0.0
0.0
0.0
0.0
0.0
0.0
0.0
0.0
0.0
0.0
0.0
0.0
0.0
0.0
0.0
0.0
0.0
0.0
0.0
0.0
0.0
0.0
0.0
0.0
0.0
0.0
0.0
0.0
0.0
0.0
0.0
0.0
0.0
0.0
0.0
0.0
0.0
0.0
2.5665557141773765e-36
1.7518241891058883e-35
7.969147945092967e-35
2.4160994603774074e-34
4.8820168656479686e-34
6.574538768979876e-34
5.9008266184683825e-34
3.5297338983404754e-34
1.4071896286652801e-34
3.7389084703815073e-35
6.620923803093337e-36
7.814008768438212e-37
6.146257437281009e-38
3.22202679364634e-39
3.6022645832702125e-40
9.602771377295442e-42
1.7060789264680714e-43
2.020148038055769e-45
1.5942220869613749e-47
8.384863472798339e-50
2.9391700774659167e-52
6.866493097626513e-55
1.069120867242438e-57
1.0084690904656494e-34
9.333241990278782e-34
5.756838009189109e-33
2.3665573863286318e-32
6.483829996140889e-32
1.18393469221117e-31
1.4408057142009922e-31
1.1685966741735217e-31
6.316920597374339e-32
2.2757666984665459e-32
5.4642631536502045e-33
8.744138399933246e-34
9.325754695608666e-35
6.628763131984403e-36
0.0015733532131033973
0.010251804826210046
0.04452008407279653
0.09458608864858685
0.20887453370809295
0.30741515116279383
0.301541153051464
0.19712852046952645
0.08588827527259411
0.0249401952596813
0.004826667310232279
0.0006225531415103234
5.351641848060366e-05
3.0660497779446086e-06
1.170719655636467e-07
2.9792583597343295e-09
5.052949659109051e-11
5.711672855209205e-13
4.3029195454401215e-15
2.160452266305859e-17
7.229490193558859e-20
1.6123236292576946e-22
2.396504853137033e-25
2.374028645995707e-28
1.567383048250829e-31
6.896772239839407e-35
2.022544896124082e-38
3.953047253157004e-42
0.0
0.0
0.0
0.0
0.0
0.0
0.0
0.0
0.0
0.0
0.0
0.0
0.0
0.0
0.0
0.0
0.0
0.0
0.0
0.0
0.0
0.0
0.0
0.0
0.0
0.0
0.0
0.0
0.0
0.0
0.0
0.0
0.0
0.0
0.0
0.0
0.0
0.0
0.0
0.0
3.1942838707542066e-35
2.8394201050131744e-34
1.6821601710269917e-33
6.641812126642919e-33
1.747782457041046e-32
3.0652769059911055e-32
3.5828910215290416e-32
2.7911233655542857e-32
1.449125551921789e-32
5.014348846025178e-33
1.156390786011759e-33
1.7773634664946384e-34
4.0705977991404414e-35
3.181503462414656e-36
1.6572504864343324e-37
2.3807972681910906e-06
2.1775510253258734e-05
0.00013273816617093086
0.0005392682290528785
0.0014601430445627475
0.002634920531923948
0.003168992325148041
0.00254013267668085
0.0013569791148508716
0.0004831383078248669
0.00011464400051548897
1.8130623486971647e-05
1.910978029719433e-06
1.3423946021362196e-07
6.284724557053585e-09
1.9609830867215048e-10
4.0779603198919124e-12
5.651889878696966e-14
5.220666313421993e-16
3.2139545267122357e-18
1.3186667880974929e-20
3.605885704614423e-23
6.571588994522006e-26
7.826066699120238e-28
7.252780967597371e-31
4.479681397853086e-34
1.8440438365588338e-37
5.059142386876612e-41
0.0
0.0
0.0
0.0
0.0
0.00014200990148019517
0.0010545832262253351
0.005219448787829295
0.017216702312826983
0.03784921251734565
0.055455582833943036
0.05415209315787321
0.03524250504207351
0.01528621068659847
0.0044189029124434565
0.0008513548740049755
0.00010931716034534097
9.130728277693195e-05
0.0005264072582668353
0.002248991086942243
0.0064101438198253275
0.010285479614677627
0.014907713840541155
0.014400550593055287
0.00927104512863779
0.003977954772409271
0.0011375553446444939
0.00021680374391088217
2.7538645035905155e-05
2.33130935770468e-06
1.315342321367392e-07
4.9460582749876105e-09
1.2395419015485816e-10
2.0703546388439195e-12
2.3046757038047264e-14
1.7098438527257993e-16
8.454435737497962e-19
2.786084933116211e-21
6.119072855902695e-24
8.956914832832549e-27
8.738215673382989e-30
7.213479787926671e-33
7.820709754078149e-33
2.658853686015935e-32
6.026441813818266e-32
9.103513824701704e-32
9.566255478730945e-32
7.34839755017647e-32
3.762052574904526e-32
1.2836263557822102e-32
2.918998950140004e-33
4.4239560132529824e-34
4.4685766288843486e-35
3.0082170440376123e-36
1.349679568405587e-37
4.0358380234423754e-39
8.043004840063702e-41
1.0682784819128958e-42
9.456538158026964e-45
5.579065063724875e-47
2.1936746739971154e-49
5.748632748704093e-52
1.0040109656301194e-54
1.1686753820509004e-57
9.066316660686812e-61
4.687587847794483e-64
1.6152862788793192e-67
3.709634623802449e-71
0.0
0.0
0.0
0.0
0.0
0.0
0.0
0.0
0.0
0.0
0.0
0.0
0.0
0.0
1.36483235179099e-33
9.161360762956172e-33
4.098474248685413e-32
1.2219853072586077e-31
2.4282383050279623e-31
3.2158677139280847e-31
2.838484934787838e-31
1.6709990960062344e-31
6.651342299578281e-32
2.306614530150624e-32
2.555932960758088e-32
5.735798231041737e-32
9.596361334604865e-32
1.0759450397045543e-31
8.042022939312591e-32
4.006149397264035e-32
2.0094137781086604e-32
5.090190453813003e-33
8.59370097644808e-34
9.66958849126194e-35
7.25132373395828e-36
3.6241665287761446e-37
1.2072036609990587e-38
2.838994628108706e-35
1.9081302929816375e-34
8.547460683523783e-34
2.5518065888423085e-33
5.077383242394464e-33
6.733078600621703e-33
5.9507125429445645e-33
3.50514353563038e-33
1.3760182395322042e-33
3.600179233165538e-34
6.277772921683375e-35
7.295727939583234e-36
5.650842554098988e-37
2.9170194946371676e-38
1.003568460890578e-39
2.3011038828249036e-41
3.516470629063304e-43
3.5814534574458394e-45
1.343161959333307e-46
6.956379730401788e-49
2.401152407702952e-51
5.523797139382269e-54
8.469100041238756e-57
8.654029143193552e-60
5.893604547768899e-63
2.675008576250775e-66
8.091907575684147e-70
1.6313915062232604e-73
0.0
0.0
0.0
0.0
0.0
0.0
0.0
0.0
0.0
0.0
0.0
0.0
0.0
0.0
0.0
0.0
0.0
0.0
0.0
0.0
0.0
0.0
0.0
0.0
0.0
0.0
0.0
0.0
0.0
0.0
0.0
0.0
0.0
0.0
0.0
0.0
0.0
0.0
0.0
0.0
0.0
0.0
0.0
0.0
0.0
0.0
0.0
0.0
0.0
0.0
0.0
0.0
0.0
0.0
0.0
0.0
0.0009021144076937799
0.005881413556757108
0.025555440172063168
0.07400593695170944
0.14283390351595912
0.1837289517620647
0.15750902292551794
0.0899942632411188
0.034269341744369165
0.00869717576954361
0.0014710664140475005
0.000359116888014437
3.088818873283676e-05
1.770641356486034e-06
6.764727602216752e-08
1.7224696217898703e-09
2.9230374345701016e-11
3.305968654680891e-13
2.4919804675299616e-15
1.2519070483478163e-17
4.19161208053094e-20
9.353445721321041e-23
1.3910531547813059e-25
1.3787875997715544e-28
9.10820004326743e-32
4.010045498388973e-35
1.17665078296938e-38
2.3010572514127735e-42
0.0
0.0
0.0
0.0
0.0
0.0
0.0
0.0
9.727164295257418e-34
3.6504699451047743e-33
1.8925347217422325e-32
6.53913770720089e-32
1.5058394081841082e-31
2.311098108116354e-31
2.3639574420121384e-31
1.61154513570926e-31
7.321951396532132e-32
2.2171381656983595e-32
4.474455800451658e-33
6.018236288287178e-34
5.394855241147212e-35
3.2230860826789227e-36
1.2833513212950363e-37
3.4056559140220085e-39
6.023341976804618e-41
7.099958705901631e-43
5.5777066915491716e-45
2.9203645701106227e-47
1.0190606152862613e-49
2.3699790763466553e-52
5.800033017704157e-34
0.0005130322472868666
0.0036657162339117223
0.017456395372948647
0.05540281668759395
0.09550311895565772
0.15413363138793804
0.16579018422438627
0.1188507060179434
0.056784037125652644
0.018081410837509533
0.0038372483721037776
0.000542736531803234
5.116108519258781e-05
3.214193280241577e-06
1.3458162812014565e-07
3.75561543490825e-09
6.984864743904407e-11
8.657977133859452e-13
7.152476118045755e-15
3.938020263030054e-17
1.4450438457920366e-19
3.5339927255072487e-22
5.76012392246485e-25
6.257196640037676e-28
4.530774699987188e-31
2.2658979704278016e-34
7.1355372755389574e-37
3.4464788647770146e-38
1.2296059974283396e-39
2.925012717675547e-41
1.93109279172995e-42
2.3359713338362706e-44
1.883273621468836e-46
1.0119076659057277e-48
3.623680482196341e-51
8.648493349546587e-54
1.375664603970857e-56
1.4583649509909224e-59
1.030389493962848e-62
4.851970745206545e-66
1.522707453512057e-69
3.1849038197203025e-73
0.0
0.0
6.392542054911198e-34
4.645212488628346e-33
2.249671592274576e-32
7.261297188694833e-32
1.5620353121798047e-31
2.239489504510543e-31
2.139876766872833e-31
1.3627307121418185e-31
5.783794744237025e-32
1.6360525494214219e-32
3.084346588017892e-33
8.691584762266089e-34
5.364960397130588e-34
2.3544394661832826e-33
8.017143159198426e-33
1.823165288536319e-32
2.763281628820451e-32
2.7912963206627184e-32
1.8791795882017435e-32
8.431642378564509e-33
2.521376018019697e-33
3.7517223960870897e-06
2.7193384754218515e-05
0.0001313643094934133
0.0004229344436164201
0.0009075076017202987
0.0012978037836996659
0.0012369420355530123
0.0007857261538130215
0.0003326401121143128
9.385546712075186e-05
1.764924292872221e-05
2.211944034324909e-06
1.8475820581746241e-07
1.0285250797925317e-08
3.8159931304042826e-10
9.435867428146781e-12
6.392423236349536e-13
8.037895360083614e-15
6.735978974750171e-17
3.7621893172601327e-19
1.4004322941631189e-21
3.474282561459844e-24
5.74446653879253e-27
6.330176506855627e-30
4.6490421505947e-33
2.275583079682577e-36
7.4234101469158e-40
1.6139711400826935e-43
0.0
0.0
0.0
0.0
0.0
0.0
0.0
0.0
0.0
0.0
0.0
0.0
0.0
0.0
0.0
0.0
0.0
0.0
0.0
0.0
0.0
0.0
0.0
0.0
0.0
0.0
0.0
1.3494775794538096e-35
9.698493557843636e-35
4.645414145221828e-34
1.5567223363267383e-33
3.6219109906080496e-33
6.442628485840765e-33
9.76189291585638e-33
1.302983055198194e-32
1.406103711157715e-32
1.1082737346317296e-32
6.031015373235869e-33
2.2147804000311778e-33
9.089108052299785e-34
1.7064873877447188e-34
2.1368286563648355e-35
1.7836922183700592e-36
9.923982897630733e-38
3.679977692134925e-39
9.094729644454849e-41
1.4980187657887716e-42
1.644472824593092e-44
1.203144649080907e-46
5.8666554741893825e-49
1.906535472469133e-51
4.129341010045769e-54
5.960712273389538e-57
5.734520596447607e-60
3.676864483001136e-63
1.5712296950376565e-66
4.4748994518215884e-70
8.493925211029835e-74
0.0
0.0
0.0
0.0
0.0
0.0
0.0
0.0
0.0
0.0
0.0
0.0
0.0
0.0
0.0
0.0
0.0
0.0
0.0
0.0
0.0
0.0
0.0
0.0
0.0
0.0
0.0
0.0
0.0
1.2783934288401497e-05
0.0001164511097063595
0.0007069753660669783
0.0028605298210436724
0.0057975184385383165
0.011928529723231355
0.016357361198943397
0.014949308995391776
0.009105641376625125
0.0036964217159613398
0.001000078365697867
0.000180330048753648
2.1671237711897414e-05
1.7357248450175812e-06
9.265302268422389e-08
3.2962477972599413e-09
7.8155880677442e-11
1.2350513591794402e-12
1.3007382843436277e-14
9.130117696893938e-17
4.271145609822618e-19
1.3316617546367268e-21
2.7671010853491088e-24
3.832107385459703e-27
3.5369739785184086e-30
2.1757430605047696e-33
8.920000885853183e-37
2.4372705237411316e-40
0.0
0.0
0.0
0.0
0.0
5.004993479059725e-34
3.206929310266603e-33
1.3694835064380764e-32
3.89887297933887e-32
7.402624048700219e-32
9.395267750382924e-32
8.044309052894964e-32
4.8143416691110125e-32
2.2603420335227622e-32
1.035407594529973e-32
4.9537346296281615e-33
2.025457008070995e-33
5.991115482798532e-34
1.2069979968625276e-34
1.6293957698048002e-35
1.4679076745409125e-36
8.816394496112154e-38
3.5293802837177483e-39
9.416631991170462e-41
1.674465743449188e-42
1.9844445299183005e-44
1.567412569173893e-46
4.961889749261127e-48
1.9929393650677848e-50
5.33485489929119e-53
9.517714794711841e-56
1.131681744081899e-58
8.968038863237383e-62
4.736441758484675e-65
1.6672029472010798e-68
3.911166329342131e-72
0.0
0.0
0.0
0.0
0.0
0.0
0.0
0.0
0.0
0.0
0.0
0.0003059614339763401
0.0019636097773984645
0.008398954572960641
0.023942904148794516
0.045489374978776566
0.05760028876550445
0.05381070079910895
0.03464861819215756
0.014869101937549919
0.004252703518626912
0.0008106381198388148
0.000102984173142183
8.71957863591579e-06
4.920418685207719e-07
1.850504594293456e-08
4.6383105687969074e-10
8.464418968401223e-06
7.41629260720643e-05
0.00043307040470635895
0.0016854338185770892
0.0043716607271094485
0.007557231821716482
0.008706840470769908
0.006685593672149607
0.0034213768865271406
0.0011669262364208924
0.00026525735804873603
4.018583746349261e-05
4.057515197313699e-06
2.7304160937294943e-07
1.224557163675853e-08
3.6602507612744444e-10
2.8138409822511693e-11
4.2769473821208076e-13
4.3326121388994195e-15
2.925144098797818e-17
1.3162132743198078e-19
3.947178948001698e-22
7.889126383329448e-25
1.0508786268558099e-27
9.329486772469326e-31
5.520068861345601e-34
2.1767712150763184e-37
5.720877183781309e-41
0.0
0.0
0.0
0.0
0.0
0.0
0.0
0.0
0.0
0.0
0.0
0.0
0.0
0.0
0.0
0.0
0.0
0.0
0.0
0.0
0.0
0.0
0.0
0.0
0.0
0.0
0.0
0.0
0.0
0.0
0.0
0.0
0.0
0.0
0.0
4.6431158084285175e-35
3.439745009816606e-34
1.698339579134585e-33
5.5886171670812636e-33
9.868665764534743e-33
1.651356538635246e-32
1.8416402944229662e-32
1.3688325218638447e-32
6.780744331302986e-33
2.238648829279318e-33
4.925792615074569e-34
7.223502416993868e-35
7.05994096930087e-36
4.598708326716872e-37
1.9964213655934316e-38
5.776304789438969e-40
1.1138572629011833e-41
1.43149728706072e-43
1.2261202519208938e-45
6.999340968727799e-48
2.662948596748376e-50
6.752272556222299e-53
1.141086831606119e-55
1.2851948333459325e-58
9.647189213489234e-62
4.826298404842041e-65
1.609196548311538e-68
3.5759016242787227e-72
0.0
0.0
0.0
0.0
0.0
0.0
0.0
0.0
0.0
0.0
0.0
0.0
0.0
0.0
0.0
0.0
0.0
0.0
0.0
0.0
5.957897097102158e-07
5.316212227481941e-06
3.161499884235222e-05
0.00012530418573910996
0.00033099355338950183
0.0005827134468685627
0.0006837102536844181
0.0006070870775098342
0.00036221849508489797
0.000144036249149397
3.8172845369110285e-05
6.742466711449381e-06
7.937150898127775e-07
6.227188486605659e-08
3.2561239877675796e-09
1.1347270409586481e-10
2.635502443532087e-12
4.079594430695474e-14
4.2087400768358257e-16
2.893801709328073e-18
1.3260716195363592e-20
4.049922762144619e-23
7.484236774720365e-05
0.0005676983507453239
0.002869916721489005
0.009669466319127643
0.021712871568080314
0.03249477769690179
0.0324109249437357
0.021545214797724466
0.009545348288841163
0.002818475596888194
0.0005546491178398515
0.0001497804801476973
1.4988626804717728e-05
9.99654723858122e-07
4.443444365603728e-08
1.316348913965554e-09
2.5989854021735213e-11
3.4199378133041767e-13
2.999260073693864e-15
1.75303905453306e-17
6.828897670728871e-20
1.7729282765005672e-22
3.0677027606119e-25
3.537667795062535e-28
2.719079968341395e-31
1.4038599070587065e-34
1.1393774317758847e-37
2.6517636671773478e-39
7.001461564417325e-41
1.2370848834941451e-42
1.456772851537047e-44
1.1433145403868188e-46
5.980275098270641e-49
2.0847699872094813e-51
4.843693770322836e-54
7.500267594399037e-57
7.740310574672565e-60
6.309287715296974e-62
3.3110408675200497e-65
1.158057965360194e-68
2.699464391955595e-72
0.0
0.0
0.0
0.0
0.0
0.0
0.0
0.0
0.0
0.0
2.967750159321552e-36
2.724971858357586e-35
1.6675476561865291e-34
6.8010510576093935e-34
1.8486528488140054e-33
3.3490084374826255e-33
4.0435113566732805e-33
3.253738460789598e-33
1.744970795389471e-33
6.23699265911514e-34
1.4857435418310797e-34
2.358815742864475e-35
5.5202869753040657e-36
4.4567102756333296e-37
2.397997340475317e-38
8.599328513006335e-40
2.0552371029701198e-41
3.2737150211825203e-43
3.4753724884127563e-45
2.4589143120584976e-47
1.1594899237385763e-49
3.643947498998407e-52
7.632359030377516e-55
1.065435149282567e-57
9.912353852627083e-61
6.146220293031646e-64
2.539925600374648e-67
6.995446134785378e-71
0.0
0.0
0.0
0.0
0.0
0.0
0.0
0.0
0.0
0.0
0.0
0.0
0.0
0.0
0.0
0.0
0.0
0.0
0.0
0.0
0.0
0.0
0.0
0.0
0.0
0.0
0.0
0.0
0.0
0.0
0.0
0.0
0.0
0.0
0.0
0.0
0.0
0.0
0.0
0.0
0.0
0.0
0.0
0.0
0.0
0.0
0.0
0.0
0.0
0.0
0.0
0.0
0.0
0.0
0.0
0.0
0.0
0.0
0.0
0.0
0.0
0.0
0.0
0.0
0.0
0.0
0.0
0.0
0.0
0.0
0.0
0.0
0.0
0.0
0.0
0.0
0.0
0.0
0.0
0.0
0.0
0.0
0.0
0.0
0.0
0.0
0.0
0.0
0.0
0.0
0.0
0.0
0.0
0.0
0.0
0.0
0.0
0.0
0.0
0.0
0.0
0.0
0.0
0.0
0.0
0.0
0.0
0.0
0.0
0.0
0.0
0.0
0.0
0.0
0.0
0.0
0.0
0.0
0.0
0.0
0.0
0.0
0.0
0.0
0.0
0.0
0.0
0.0
0.0
0.0
0.0
0.0
0.0
0.0
0.0
0.0
0.0
0.0
0.0
0.0
0.0
0.0
0.0
0.0
0.0
0.0
0.0
0.0
0.0
0.0
0.0
0.0
0.0
0.0
0.0
0.0
0.0
0.0
0.0
0.0
0.0
0.0
0.0
0.0
0.0
0.0
0.0
0.0
0.0
0.0
0.0
0.0
0.0
0.0
0.0
0.0
0.0
0.0
0.0
0.0
0.0
0.0
0.0
0.0
0.0
0.0
0.0
0.0
0.0
0.0
0.0
0.0
0.0
0.0
0.0
0.0
0.0
0.0
0.0
0.0
0.0
0.0
0.0
0.0
0.0
0.0
0.0
0.0
0.0
0.0
0.0
0.0
0.0
0.0
0.0
0.0
0.0
0.0
0.0
0.0
0.0
0.0
0.0
0.0
0.0
0.0
0.0
0.0
0.0
0.0
0.0
0.0
0.0
0.0
0.0
0.0
0.0
0.0
0.0
0.0
0.0
0.0
0.0
0.0
0.0
0.0
0.0
0.0
0.0
0.0
0.0
0.0
0.0
0.0
0.0
0.0
0.0
0.0
0.0
0.0
0.0
0.0
0.0
0.0
0.0
0.0
0.0
0.0
0.0
0.0
0.0
0.0
0.0
0.0
0.0
0.0
0.0
0.0
0.0
0.0
0.0
0.0
0.0
0.0
0.0
0.0
0.0
0.0
0.0
0.0
0.0
0.0
0.0
0.0
0.0
0.0
0.0
0.0
0.0
0.0
0.0
0.0
0.0
0.0
0.0
0.0
0.0
0.0
0.0
0.0
0.0
0.0
0.0
0.0
0.0
0.0
0.0
0.0
0.0
0.0
0.0
0.0
0.0
0.0
0.0
0.0
0.0
0.0
0.0
0.0
