a = 4.895942936505064 b = 4.895942936505064 c = 13.512253711463876 ,Gaussian ,LMH = 0.08 ,DW = [0.8 0.8]
0.0
0.0
0.0
0.0
0.0
0.0
0.0
0.0
0.0
0.0
0.0
0.0
0.0
0.0
0.0
0.0
0.0
0.0
0.0
0.0
0.0
0.0
0.0
0.0
0.0
0.0
0.0
0.0
0.0
0.0
0.0
0.0
0.0
0.0
0.0
0.0
0.0
0.0
0.0
0.0
0.0
0.0
0.0
0.0
0.0
0.0
0.0
0.0
0.0
0.0
0.0
0.0
0.0
0.0
0.0
0.0
0.0
0.0
0.0
0.0
0.0
0.0
0.0
0.0
0.0
0.0
0.0
0.0
0.0
0.0
0.0
0.0
0.0
0.0
0.0
0.0
0.0
0.0
0.0
0.0
7.777008573894683e-34
6.433410814176188e-33
3.5469211986915634e-32
1.3032968431613654e-31
3.19166054458479e-31
5.2092067499697384e-31
5.666410617823606e-31
4.107958416360455e-31
1.984840363120623e-31
6.39155713585306e-32
1.371732145921192e-32
3.924749445952846e-33
4.283286829706033e-34
3.1154725352732313e-35
1.5102618236125577e-36
4.879351555800776e-38
1.0506390142866914e-39
1.5077401008274064e-41
1.4420522480635956e-43
9.192148975189665e-46
3.9051224905683394e-48
1.105691104199204e-50
2.086481404226654e-53
2.6240781772271533e-56
2.199482793236177e-59
1.2287001640972604e-62
4.5745966956817214e-66
1.1351186411242883e-69
0.0
0.0
0.0
0.0
0.0
0.0
0.0
0.0
0.0
0.0
0.0
0.0
0.0
0.0
0.0
0.0
0.0
0.0
0.0
0.0
0.0
0.0
0.0
0.0
0.0
0.0
0.0
0.0
0.0
0.0
0.0
0.0
0.0
0.0
0.0
0.0
0.0
0.0
0.0
0.0
0.0
0.0
0.0
0.0
0.0
0.0
0.0
0.0
0.0
0.0
0.0
0.0
0.0
0.0
0.0
0.0
0.0
0.0
0.0
0.0
0.0
0.0
0.0
0.0
0.0
0.0
0.0
0.0
0.0
0.0
0.0
0.0
0.0
0.0
0.0
0.0
0.0
0.0
0.0
0.0
0.0
0.0
0.0
0.0
0.0
0.0
0.0
0.0
0.0
0.0
0.0
0.0
0.0
0.0
0.0
0.0
0.0
0.0
0.0
0.0
0.0
0.0
0.0
0.0
0.0
0.0
0.0
0.0
0.0
0.0
0.0
0.0
0.0
0.0
0.0
0.0
0.0
0.0
0.0
0.0
0.0
0.0
0.0
0.0
0.0
0.0
0.0
0.0
0.0
0.0
0.0
0.0
0.0
0.0
0.0
0.0
0.0
0.0
0.0
0.0
0.0
0.0
0.0
0.0
0.0
0.0
0.0
0.0
0.0
0.0
0.0
0.0
0.0
0.0
0.0
0.0
0.0
0.0
0.0
0.0
0.0
0.0
0.0
0.0
0.0
0.0
0.0
0.0
0.0
0.0
0.0
0.0
0.0
0.0
0.0
0.0
0.0
0.0
0.0
0.0
0.0
0.0
0.0
0.0
0.0
0.0
0.0
0.0
0.0
0.0
0.0
0.0
0.0
0.0
3.5936441235062316e-33
2.6917220200050125e-32
1.3437141665427194e-31
4.4705929881388316e-31
9.912995694305654e-31
1.464961632629708e-30
1.442876406339717e-30
9.47138654750608e-31
4.143616360400414e-31
1.208167266574561e-31
2.3477731906312454e-32
3.040652300839994e-33
2.624574661960118e-34
1.509845991824614e-35
5.788791629758815e-37
1.4791926229077908e-38
2.5190865866084334e-40
2.8591899380257348e-42
2.1628403659200067e-44
1.0904040958313656e-46
2.5589610336885647e-48
6.56038400145273e-51
1.120924591596643e-53
1.2764537441922383e-56
9.687580274105034e-60
4.900124280469528e-63
1.6518873373732755e-66
3.71137895929759e-70
0.0
0.0
0.0
0.0
0.0
0.0
0.0
0.0
0.0
0.0
0.0
0.0
0.0
0.0
0.0
0.0
0.0
0.0
0.0
0.0
0.0
0.0
0.0
0.0
0.0
0.0
0.0
0.0
0.0
0.0
0.0
0.0
0.0
0.0
0.0
0.0
0.0
0.0
0.0
0.0
0.0
0.0
0.0
0.0
0.0
0.0
0.0
0.0
0.0
0.0
0.0
0.0
0.0
0.0
0.0
0.0
0.0
0.0
0.0
0.0
0.0
0.0
0.0
0.0
0.0
0.0
0.0
0.0
0.0
0.0
0.0
0.0
0.0
0.0
0.0
0.0
0.0
0.0
0.0
0.0
0.0
0.0
0.0
0.0
0.0
0.0
0.0
0.0
0.0
0.0
0.0
0.0
0.0
0.0
0.0
0.0
0.0
0.0
0.0
0.0
0.0
0.0
0.0
0.0
0.0
0.0
0.0
0.0
0.0
0.0
0.0
0.0
0.0
0.0
0.0
0.0
0.0
0.0
0.0
0.0
0.0
0.0
0.0
0.0
0.0
0.0
0.0
0.0
0.0
0.0
0.0
0.0
0.0
0.0
0.0
0.0
0.0
0.0
0.0
0.0
0.0
0.0
0.0
0.0
0.0
0.0
0.0
0.0
0.0
0.0
0.0
0.0
0.0
0.0
0.0
0.0
0.0
0.0
0.0
0.0
0.0
0.0
0.0
0.0
0.0
0.0
0.0
0.0
0.0
0.0
0.0
0.0
0.0
0.0
0.0
0.0
0.0
0.0
0.0
0.0
0.0
0.0
0.0
0.0
0.0
0.0
0.0
0.0
0.0
0.0
0.0
0.0
0.0
0.0
0.0
2.6956794748022888e-33
1.9172183625246028e-32
9.087751774044302e-32
2.046824312530203e-31
4.9336464404385185e-31
7.925689023781819e-31
8.48569818653214e-31
6.055077164805556e-31
2.8796077341707167e-31
9.127010050851663e-32
1.927992208237009e-32
2.714335759377933e-33
2.5468502513902503e-34
1.592666335736269e-35
6.6378546572387444e-37
1.8437932699731226e-38
3.4133298615948905e-40
4.2113937003431484e-42
3.463019797142861e-44
1.8978664723652534e-46
6.931989259829047e-49
1.6874528890622914e-51
2.737707090606484e-54
2.960219075537061e-57
2.1332525486025617e-60
1.0245714303503496e-63
3.279621752717391e-67
6.996596413960095e-71
0.0
0.0
0.0
0.0
0.0
0.0
0.0
0.0
0.0
0.0
0.0
0.0
0.0
0.0
4.750650719162031e-34
3.425269925425812e-33
1.6459553499384306e-32
5.271362060999215e-32
1.1251468053501102e-31
1.6005788892031483e-31
1.517492403618362e-31
9.588651073982693e-32
4.0380347571871126e-32
1.1333502339519003e-32
2.120019094899906e-33
2.64299873220001e-34
5.264647158852218e-35
3.337559618638854e-36
1.4101663362885513e-37
3.970938873388819e-39
7.452424911239784e-41
9.321451926955668e-43
7.770537624385857e-45
4.317179630159311e-47
1.598566542523461e-49
3.94496238971834e-52
6.488384278558598e-55
7.11232850597292e-58
5.195993514379611e-61
2.5299208899394266e-64
8.209691355545393e-68
1.7755310324143141e-71
0.0
0.0
0.0
0.0
0.0
0.0
2.6621881521859645e-34
2.1820411401067912e-33
1.1919791830452513e-32
4.339662501272251e-32
8.197504653972375e-32
1.5176496873712096e-31
1.8725910779650278e-31
1.5399120276318965e-31
8.439766290360717e-32
3.0828080059577804e-32
7.504885729277066e-33
1.2176521445732059e-33
1.3166912217989353e-34
9.48912550158719e-36
4.557744641637144e-37
1.4590001479134513e-38
3.1127355870467375e-40
4.425992503637696e-42
4.1943113471106766e-44
2.6490625002468436e-46
1.1150781158728032e-48
3.128239017174023e-51
5.848925809185059e-54
7.288427613576748e-57
6.05303416683568e-60
3.350379124323004e-63
1.2359369915060083e-66
3.03864703431705e-70
0.0
0.0
0.0
0.0
0.0
0.0
0.0
0.0
0.0
0.0
0.0
0.0
0.0
0.0
0.0
0.0
0.0
0.0
0.0
0.0
0.0
0.0
0.0
0.0
0.0
0.0
0.0
0.0
0.0
0.0
0.0
0.0
0.0
0.0
0.0
0.0
0.0
0.0
0.0
0.0
0.0
0.0
0.0
0.0
0.0
0.0
0.0
0.0
0.0
0.0
0.0
0.0
0.0
0.0
0.0
0.0
0.0
0.0
0.0
0.0
0.0
0.0
0.0
0.0
0.0
0.0
0.0
0.00022662340416012539
0.0021261448764448862
0.013294208866166616
0.05540050064818322
0.1538673341084747
0.28481359614919205
0.3513634264553751
0.2888909507007895
0.15830435796851514
0.05781404439017948
0.014071985553452628
0.002282753187132538
0.0005419537213270241
4.470626213211282e-05
2.457853911425725e-06
9.005862664286147e-08
2.199257703895774e-09
3.579385481825012e-11
3.8825975013354863e-13
2.8068410365745375e-15
1.3523677707287528e-17
4.342635269714485e-20
9.293802656736454e-23
1.3256079070293494e-25
1.2601384799820534e-28
7.983677940702798e-32
3.3710818186938576e-35
9.48674278078489e-39
0.0
0.0
0.0
0.0
0.0
0.0
0.0
0.0
0.0
0.0
0.0
0.0
0.0
0.0
0.0
0.0
0.0
0.0
0.0
0.0
0.0
0.0
0.0
0.0
0.0
0.0
8.418644814928472e-35
7.147973715063799e-34
4.044876396310907e-33
1.5254891084371628e-32
3.8343743937876415e-32
6.423348249267351e-32
7.171499447708961e-32
5.336297312663308e-32
2.6463764043140837e-32
1.3234073446503695e-32
3.3373958235711015e-33
5.609232528523681e-34
6.283197597074591e-35
4.69072032726766e-36
2.333887458674054e-37
7.73930262288078e-39
1.7104299617906867e-40
2.519360467834798e-42
2.4731865357264156e-44
1.6180986098118465e-46
7.055611253132007e-49
2.0504342701922563e-51
3.971354060556451e-54
5.126404977399034e-57
4.410306414482053e-60
2.5287515638782093e-63
9.663292221430081e-67
2.4610793121116637e-70
0.0
0.0
0.0
0.0
0.0
0.0
0.0
0.0
0.0
0.0
0.0
0.0
0.0
0.0
0.0
0.0
0.0
0.0
0.0
0.0
0.0
0.0
0.0
0.0
0.0
0.0
0.0
0.0
0.0
0.0
0.0
0.0
0.0
0.0
0.0
0.0
0.0
0.0
0.0
0.0
0.0
0.0
0.0
0.0
0.0
0.0
0.0
0.0
0.0
0.0
0.0
0.0
0.0
0.0
0.0
0.0
0.0
0.0
1.295342720691098e-33
1.0509162837916528e-32
5.682417015652244e-32
2.0477627140522833e-31
4.918217243559354e-31
7.872584547256137e-31
8.398631121040121e-31
5.971469639159226e-31
2.8296680971188332e-31
8.936579360826725e-32
1.8809995111297514e-32
2.638685296711148e-33
2.4669938095131887e-34
1.5371989194193772e-35
6.3837170538505415e-37
1.766846158809204e-38
3.25915782732232e-40
4.0067624548318304e-42
3.2829430374968543e-44
1.792729013945922e-46
6.524503904845565e-49
1.5825662209334255e-51
2.558337496750322e-54
2.7563561286956965e-57
1.9792213622631765e-60
9.47185320738525e-64
4.6255446584920923e-66
1.125656925631618e-69
0.0
0.0
0.0
0.0
0.0
0.0
0.0
0.0
0.0
0.0
0.0
0.0
0.0
0.0
0.0
0.0
0.0
0.0
0.0
0.0
0.0
0.0
0.0
0.0
0.0
0.0
0.0
0.0
0.0
0.0
0.0
0.0
0.0
0.0
0.0
0.0
0.0
0.0
0.0
0.0
0.0
0.0
0.0
0.0
0.0
0.0
0.0
0.0
0.0
0.0
0.0
0.0
0.0
0.0
0.0
0.0
0.0
0.0
0.0
0.0
0.0
0.0
0.0
0.0
0.0
0.0
0.0
0.0
0.0
0.0
0.0
0.0
0.0
0.0
0.0
0.0
0.0
0.0
0.0
0.0
0.0
0.0
0.0
0.0
0.0
0.0
0.0
0.0
0.0
0.0
0.0
0.0
0.0
0.0
0.0
0.0
0.0
0.0
0.0
0.0
0.0
0.0
0.0
0.0
0.0
0.0
0.0
0.0
0.0
0.0
0.0
0.0
0.0
0.0
0.0
2.0962769138936762e-34
1.4646244528679621e-33
6.82001701340969e-33
2.116538553055106e-32
4.3777248064059596e-32
6.034652675112868e-32
5.54418418188528e-32
3.39472475800765e-32
1.385329346279596e-32
3.7677584190105e-33
6.829589674566327e-34
1.7459689412439395e-34
1.6093505658368228e-35
9.886585998598037e-37
4.0478423329341224e-38
1.1045423593233024e-39
2.0087353005692997e-41
2.4346951794210983e-43
1.9667448797673227e-45
1.0588465080948185e-47
3.7992645681503973e-50
9.085474511197994e-53
1.4480289325145503e-55
1.5381136017357279e-58
1.0888827910336684e-61
5.137542219057325e-65
0.00162755136812052
0.013086546417395241
0.0701288865484654
0.2504669258352809
0.5961909446708921
0.9458056708128015
1.0
0.7046600244930857
0.3309335646630101
0.1035818225583549
0.02160766447391391
0.006066313825174199
0.0006435047146668396
4.5494630360966816e-05
2.143631334084396e-06
6.731651133477109e-08
1.408882104788471e-09
1.965211302807081e-11
1.8269447002074666e-13
1.131939196137664e-15
4.674146752505032e-18
1.286361806237352e-20
2.3594212045507247e-23
2.884226532813162e-26
2.3498211339368924e-29
1.2759151417261707e-32
4.617323736467472e-36
1.113628681860312e-39
0.0
0.0
0.0
0.0
0.0
0.0
0.0
0.0
0.0
0.0
0.0
0.0
0.0
0.0
0.0
0.0
0.0
0.0
0.0
0.0
0.0
0.0
0.0
0.0
0.0
0.0
0.0
0.0
0.0
0.0
0.0
0.0
0.0
0.0
0.0
0.0
0.0
0.0
0.0
0.0
0.0
0.0
0.0
0.0
0.0
0.0
0.0
0.0
0.0
0.0
0.0
0.0
0.0
0.0
0.0
0.0
0.0
0.0
0.0
0.0
0.0
0.0
0.0
0.0
0.0
0.0
0.0009441654006990427
0.007810480532183762
0.043061482276787286
0.1582274191283585
0.3874860407631566
0.6324292196539497
0.687938065462464
0.49873322651840996
0.2409732376416539
0.07759806129311916
0.016653843433549254
0.0023820980416870987
0.00022708389508229953
1.4427616369895432e-05
6.109200591285085e-07
1.7240733251741024e-08
3.2427138619782833e-10
4.064836408426514e-12
3.395932613486571e-14
1.8908479366273348e-16
4.741209626394869e-18
1.3424226710189605e-20
2.533208558501374e-23
3.1859150560128293e-26
2.671187906299405e-29
3.3685541362854126e-32
3.041892999192746e-32
3.284726261821183e-32
2.364368950869147e-32
1.1342606839170655e-32
3.6265365434750666e-33
7.7277450503302e-34
1.097476074977932e-34
1.0387687723580891e-35
6.55275993328858e-37
2.754933865859014e-38
7.719330692014469e-40
1.441549842426455e-41
1.794160238820544e-43
1.4882446874228423e-45
8.227521051672432e-48
3.0314137184236266e-50
7.443941805486772e-53
1.2182664242968393e-55
1.328810738572147e-58
9.659742094698258e-62
6.233538693101968e-64
2.304303301769928e-67
5.6770951451257625e-71
0.0
0.0
0.0
0.0
0.0
0.0
0.0
0.0
0.0
0.0
0.0
0.0
0.0
0.0
0.0
0.0
0.0
0.0
0.0
0.0
0.0
0.0
0.0
0.0
0.0
0.0
0.0
0.0
0.0
0.0
0.0
0.0
0.0
9.126330023743435e-35
7.305770810842135e-34
3.897781287679231e-33
1.3859591723719919e-32
3.284467401761921e-32
5.187534797259831e-32
5.460578290718934e-32
3.8308734143216766e-32
1.7911770381561002e-32
5.5816265144991784e-33
1.1592165717018857e-33
1.6045377425636413e-34
1.480187872337811e-35
9.100500841046329e-37
2.9839961271125025e-33
1.0894209935910562e-32
5.419397997929851e-32
1.79675160345422e-31
3.970146972811414e-31
5.846644340866068e-31
5.7383669381891515e-31
3.7536303636558977e-31
1.636425504595825e-31
4.7546934720881277e-32
9.207258921664334e-33
1.1882825977134342e-33
1.0220935927305238e-34
5.859265031246507e-36
2.238603446437093e-37
5.7002347508571394e-39
1.827664049799718e-05
0.00016027251226055937
0.000936705926251873
0.0036486234029069137
0.009471883748915591
0.016387972523441933
0.018897120971771524
0.014522708074956396
0.007438427254062762
0.002539195739849542
0.0005776872596027662
0.00017184018134995045
1.988034475969e-05
1.5328676149596178e-06
7.877110440547425e-08
2.6978063233884924e-09
6.157949885752698e-11
9.367917995628584e-13
9.497986735121142e-15
6.418027671472062e-17
2.8903681300735124e-19
8.675335572958262e-22
1.735405437728198e-24
2.3136474003415393e-27
2.0557719720509602e-30
1.217402688038603e-33
4.8047978463587235e-37
1.2638558186645853e-40
0.0
0.0
0.0
0.0
0.0
0.0
0.0
0.0
0.0
0.0
0.0
0.0
0.0
0.0
0.0
0.0
0.0
0.0
0.0
0.0
0.0
0.0
0.0
0.0
0.0
0.0
0.0
0.0
0.0
0.0
0.0
0.0
0.0
0.0
0.0
0.0
0.0
0.0
0.0
0.0002840751900298124
0.0022018264866140317
0.011374031475549556
0.03915861365828691
0.08985075657768209
0.13740347519282442
0.140041013053273
0.09512492311545216
0.04306405702844244
0.01299322961399493
0.002612767906486703
0.0003501596508611443
3.127612329434879e-05
1.8618353876427149e-06
7.386712446505759e-08
1.953181730746162e-09
3.442038011788543e-11
4.042687940640303e-13
3.1645089189333504e-15
1.6509122014273088e-17
5.740149171585114e-20
1.0515344524350963e-21
1.859196479106427e-24
2.190830771754475e-27
1.7254694752584885e-30
1.56855260941848e-32
2.9763253592463333e-32
3.9931286280158706e-32
3.570527037877138e-32
2.127810272287769e-32
8.451134711021812e-33
2.2370654776483148e-33
3.9466073053882636e-34
4.6403494086733634e-35
3.636294082908764e-36
1.8991045025446747e-37
6.61028639229361e-39
1.5334627696229811e-40
2.370870020796573e-42
2.4430018849468294e-44
4.2365742729339875e-35
3.1979183305155884e-34
1.6087977877777595e-33
5.39407648969668e-33
1.2053530994657379e-32
1.7951180985732935e-32
1.7817768430423354e-32
1.415123556010471e-32
7.142614734153083e-33
2.402711563931249e-33
5.386759671120153e-34
8.048873644990429e-35
8.01538094005746e-36
5.3197934884196465e-37
2.353135456575325e-38
6.937142730896389e-40
1.3630000781578527e-41
1.7848128313737082e-43
1.5576541140483897e-45
9.060056825918119e-48
3.5121444128743863e-50
9.07392857721363e-53
1.5624275790049147e-55
1.793023510493416e-58
1.371366765338442e-61
6.990412509601584e-65
2.374835525821339e-68
5.37707157784559e-72
0.0
0.0
0.0
0.0
0.0
0.0
0.0
0.0
0.0
0.0
0.0
0.0
0.0
0.0
0.0
0.0
0.0
0.0
0.0
0.0
0.0
0.0
0.0
0.0
0.0
0.0
1.4876654200202272e-05
0.00013006523811761228
0.000757877058301778
0.0029431868152376374
0.005804053430400738
0.011461805926968289
0.015085379763822702
0.013232472282271113
0.007735836575082327
0.003014082448580387
0.0007826805073392683
0.00013545512951263454
1.5623845729367173e-05
1.2010524582169914e-06
6.153434172585482e-08
2.1011385445080146e-09
4.781601386308509e-11
7.252263846348542e-13
7.330867520087136e-15
4.938768786954752e-17
2.2174996831522696e-19
6.635749550955682e-22
1.323420794940001e-24
1.7590876141375166e-27
1.558326783808092e-30
9.200494029664833e-34
3.620306238658542e-37
1.0760263277179865e-34
1.0097498434067825e-33
6.315192929146453e-33
1.7110762703561032e-32
5.441827575723049e-32
1.153457862797919e-31
1.6324548362224974e-31
1.5596598277440488e-31
1.107128885133036e-31
9.47473528744012e-32
1.4817218556631988e-31
2.3148764347965123e-31
2.563603669513326e-31
1.9057123327893498e-31
9.449113059381807e-32
3.1228034566774737e-32
6.878346653439148e-33
1.0097305296487764e-33
9.878898334957803e-35
6.441590290526106e-36
2.7993630763029394e-37
8.1078724806305e-39
1.565078542997941e-40
2.0134781143263205e-42
1.7263912952391015e-44
9.865363908933783e-47
3.757236481198833e-49
9.536862019657575e-52
1.4164383340932817e-53
1.8282568990657051e-56
1.5727450182302425e-59
9.016977036376914e-63
3.44544369635852e-66
8.774268077246156e-70
0.0
0.0
0.0
0.0
0.0
0.0
0.0
0.0
0.0
0.0
0.0
0.0
0.0
0.0
0.0
0.0
7.927658024937092e-35
6.175691340760572e-34
3.206326942409482e-33
1.1094598109293954e-32
2.025885746120349e-32
3.5646861579654743e-32
4.18031683225111e-32
3.267222010249559e-32
1.7018827705149927e-32
5.908295188537443e-33
1.367024433949154e-33
5.246323539235771e-34
2.368434434694907e-33
1.1697170921917778e-32
3.8847517321326377e-32
8.5996513524969e-32
1.2687635827977584e-31
1.2475619576151875e-31
8.17570269224208e-32
3.5708335380312905e-32
1.0394310078355022e-32
2.016523464133184e-33
2.607308613754077e-34
2.2467934402571263e-35
1.2903734041595913e-36
4.939115787619051e-38
1.2599826352444375e-39
2.1422071297027753e-41
2.4273919601239702e-43
1.8331580323703584e-45
5.632148505340589e-47
2.1629011661315343e-49
5.535805212194224e-52
9.442923555218152e-55
1.0735287896125683e-57
8.133968116905739e-61
4.107454714592349e-64
1.3823711144538707e-67
3.1006879747155592e-71
0.0
0.0
0.0
0.0
0.0
0.0
0.0
0.0
0.0
0.0
0.0
0.0
0.0
0.0
0.0
0.0
0.0
0.0
0.0
0.0
0.0
0.0
0.0
0.0
0.0
0.0
0.0
0.0
0.0
0.0
0.0
0.0
0.0
0.0
0.0
0.0
0.0
0.0
0.0
0.0
0.0
0.0
0.0
0.0
0.0
0.0
0.0
0.0
0.0
0.0
0.0
0.0
0.0
0.0
0.0
0.0
0.0
0.0
0.0
0.0
0.0
0.0
0.0
0.0
0.0
0.0
0.0
0.0
0.0
0.0
1.2012890560703169e-33
8.449011651822612e-33
3.9604619544174764e-32
1.2372781129783827e-31
2.576145353262167e-31
3.5748263023904875e-31
3.306138736517938e-31
2.0378337546937573e-31
8.371397756549311e-32
2.2919690635391664e-32
4.1821641363965374e-33
5.085983463646621e-34
4.1222123710685076e-35
2.2267288143249773e-36
8.016519326388969e-38
1.9234721697901707e-39
3.0758667560703767e-41
3.2781640080630176e-43
0.0002037680810896275
0.001833828702656418
0.010999246231558762
0.04396920679405774
0.1171428769569978
0.20800064842486105
0.24344344451692462
0.21981102307594957
0.13227640986228353
0.05305140362086536
0.014180544489364458
0.0025262160080027525
0.00029993669874848664
2.3733964015397577e-05
1.2516776577750152e-06
4.399428552396952e-08
1.0305797058566671e-09
1.6089718700562375e-11
1.674159627717052e-13
1.160985581876908e-15
5.365847629308406e-18
1.6528422055831437e-20
3.3931729817662496e-23
4.6426094879273307e-26
4.233502856707725e-29
2.5728774931977074e-32
1.0421252215246052e-35
2.8132106569882003e-39
0.0
0.0
0.0
0.0
0.0
0.0
0.0
0.0
0.0
0.0
0.0
0.0
0.0
4.728027007137049e-34
4.1198005982159806e-33
2.3925112700089856e-32
9.260050098308575e-32
2.3886594034726685e-31
4.106545782632765e-31
4.705227836229099e-31
3.5930742714841153e-31
1.8286613231616871e-31
6.20271622671771e-32
1.40220688144212e-32
2.112631853824063e-33
2.1213733148730413e-34
1.419684783361764e-35
6.332107825882029e-37
1.88228865198666e-38
1.4417137228934772e-39
2.179312625872466e-41
2.1955411727877366e-43
1.474161907666249e-45
6.596754653056863e-48
1.9674197533377598e-50
3.9106168848870763e-53
5.180540376534734e-56
4.57389723606911e-59
2.6914064635491675e-62
1.0554890385035055e-65
2.758733266953161e-69
0.0
0.0
0.0
0.0
0.0
0.0
0.0
0.0
0.0
0.0
0.0
0.0
0.0
0.0
0.0
0.0
0.0
0.0
0.0
0.0
0.0
0.0
0.0
0.0
0.0
0.0
0.0
0.0
0.0
0.0
0.0
0.0
0.0
0.0
0.0
0.0
0.0
0.0
0.0
0.0
0.0
0.0
0.0
0.0
0.0
0.0
0.0
0.0
0.0
2.365216373272224e-36
1.51021568330608e-35
6.42670882073467e-35
1.8227194131805777e-34
3.4453437816134478e-34
4.340371018920591e-34
3.6442041235517795e-34
2.0392012262201925e-34
7.604996529602279e-35
1.8902511240490482e-35
3.1312773601603027e-36
3.4570456875829032e-37
2.5437255281799377e-38
1.247432130204464e-39
4.0770416840763315e-41
8.880857993339634e-43
5.528775664612424e-44
6.124086589236328e-46
4.5210074744084377e-48
2.22438867682649e-50
7.294032170547656e-53
1.5940657161747263e-55
2.3218080714148166e-58
2.2538653139016765e-61
1.4581800479250713e-64
5.381846704988773e-34
3.545172700975265e-33
1.5564136026531478e-32
4.554012174426776e-32
8.880653084162676e-32
1.1541896377569889e-31
9.99749015226554e-32
5.771468734272476e-32
2.2205638111447552e-32
5.694055769240917e-33
9.731095244347882e-34
1.1083662127008145e-34
0.0002164335903816191
0.001950282110582148
0.011712558106750719
0.04688000269831334
0.12505614753891442
0.19199246489398064
0.2604378985348302
0.23545381338196045
0.1418694297400421
0.05697095055222418
0.015247535615461091
0.0027197400429007155
0.00032332306166507196
2.5616955745484826e-05
1.3526950524451862e-06
4.760513853451784e-08
1.1165786339988589e-09
1.745445694901278e-11
1.8184648790209234e-13
1.2626559866991472e-15
5.843145689920093e-18
1.802145848839048e-20
3.7043729553913707e-23
5.074824433098441e-26
4.633497015202125e-29
2.819540266559366e-32
1.1434818169357184e-35
3.0907350205834074e-39
0.0
0.0
0.0
0.0
0.0
0.0
0.0
0.0
0.0
0.0
0.0
0.0
0.0
0.0
0.0
0.0
0.0
0.0
0.0
0.0
0.0
0.0
0.0
0.0
0.0
0.0
0.0
0.0
0.0
0.0
0.0
0.0
0.0
0.0
0.0
0.0
0.0
0.0
0.0
0.0
0.0
0.0
2.7208928430865274e-35
2.4186196827967587e-34
1.4328650036954526e-33
5.657499399463548e-33
1.488762104763198e-32
2.6110046361096813e-32
3.051908638206151e-32
2.3774804922754489e-32
1.2343659807626432e-32
4.2712252385595604e-33
9.850143383554995e-34
1.5139592256736042e-34
3.4673375526107846e-35
2.7100064838930984e-36
1.4116469199953e-37
2.0708389307364703e-06
1.8693001999806203e-05
0.00011245877077254297
0.0004509092660967648
0.0012049430919131088
0.0021459789638963896
0.0025472169319591836
0.002015059867587036
0.001062408465150115
0.00037331603067103646
8.742654275190856e-05
1.3645564862827318e-05
1.4194538587213649e-06
9.840849489553495e-08
4.547005165248457e-09
1.4002315331856008e-10
2.8737951539401522e-12
3.930911901614199e-14
3.5835408656595846e-16
2.1772733677073804e-18
8.816477580204345e-21
2.379352584606826e-23
4.279608547837277e-26
5.052058863611906e-28
4.620789938203252e-31
2.8167324552664015e-34
1.1443437923870997e-37
3.098482063642781e-41
0.0
0.0
0.0
0.00012838390309710253
0.0009326375710243969
0.004515405806388345
0.014570089365328585
0.03133352042923459
0.044909447987891184
0.04289906136242213
0.027311113746921058
0.011588109233922492
0.00327693100804737
0.0006175947046609361
7.757492735533257e-05
6.494126434442061e-06
9.624947759508562e-06
8.46850410800062e-05
0.0005158497080901636
0.002094545324066437
0.00566810860401356
0.008785597257289416
0.012089887862801154
0.011088040479091154
0.006777489930562321
0.0027609879261658444
0.000749620892411366
0.00013564394276797582
1.635839444404596e-05
1.3148084761549784e-06
7.043132562895136e-08
2.5144950103755026e-09
5.98297574131445e-11
9.487794158186789e-13
1.0027549489882283e-14
7.063271862913372e-17
3.3158782720760015e-19
1.0374633981334256e-21
2.1633587105708646e-24
3.0065322640762434e-27
2.7862939582101628e-30
9.200450340744936e-33
2.4009502398183592e-32
5.1349781554177e-32
7.319617376917832e-32
6.95376017468614e-32
5.363827317629765e-32
2.591246312102496e-32
8.343036708184276e-33
1.790280824563149e-33
2.5603522188396872e-34
2.4403932540104675e-35
1.550249021762449e-36
6.563336399873231e-38
1.8519506554415552e-39
3.482697110708826e-41
4.3649929695310835e-43
3.646136637741835e-45
2.0298496866944781e-47
7.531411314543488e-50
1.862389018376048e-52
3.0693469743042242e-55
3.371344383743033e-58
2.46798092285009e-61
1.2040985316211724e-64
3.9152888121964734e-68
8.484907814595352e-72
0.0
0.0
0.0
0.0
0.0
0.0
0.0
0.0
0.0
0.0
0.0
0.0
0.0
3.88771865810132e-34
3.148834168750819e-33
1.6997548855840195e-32
6.115111146415354e-32
1.4662362760517174e-31
2.3430691905287424e-31
2.495443922854176e-31
1.7712997633162914e-31
8.379495314542824e-32
2.660721044780838e-32
6.9793240005148e-33
8.016823835630008e-33
2.4536196471513246e-32
5.51009666781116e-32
8.270064713256358e-32
8.273205044562571e-32
5.515960476958533e-32
2.4510381846636278e-32
1.1392093971146978e-32
2.574157236284047e-33
3.876574475627323e-34
3.890834345081569e-35
1.0073842500379286e-35
6.100712182851927e-35
3.307537199675912e-34
1.1973696467156146e-33
2.8889350465983084e-33
4.645461691683713e-33
4.978534682646123e-33
3.555950763880984e-33
1.692744803799764e-33
5.370426631192336e-34
1.135553589508792e-34
1.600250712688459e-35
1.5029688246394627e-36
9.407916703056699e-38
3.9248087849612533e-39
1.0912520951841309e-40
2.0221493415702618e-42
2.4973701146027615e-44
2.055578859182068e-46
1.1276307823601458e-48
4.1226954255332353e-51
7.809531791434349e-53
1.4519173870548361e-55
1.7990381090443162e-58
1.4856632081036139e-61
8.176772633828208e-65
2.999335331205609e-68
7.332459505402477e-72
0.0
0.0
0.0
0.0
0.0
0.0
0.0
0.0
0.0
0.0
0.0
0.0
0.0
0.0
0.0
0.0
0.0
0.0
0.0
0.0
0.0
0.0
0.0
0.0
0.0
0.0
0.0
0.0
0.0
0.0
0.0
0.0
0.0
0.0
0.0
0.0
0.0
0.0
0.0
0.0
0.0
0.0
0.0
0.0
0.0
0.0
0.0
0.0
0.0
0.0
0.0
0.0
0.0
0.0
0.0
0.0
0.0
0.0
0.00022651705017269144
0.0018179838725493492
0.009724352724559147
0.03466673403629157
0.0823657584697813
0.13042535384508444
0.13764450980220277
0.09681380996315556
0.045383425994223354
0.01417877765169599
0.0029523093003252566
0.0004097004730538379
8.765372952513011e-05
6.185539583293357e-06
2.909151440387924e-07
9.118777462276751e-09
1.904971369174867e-10
2.652295061572872e-12
2.4611425489128933e-14
1.522065173362021e-16
6.273519862001536e-19
1.7233395455641795e-21
3.1550916457801115e-24
3.849768828107362e-27
3.1306813985829357e-30
1.696776505940189e-33
6.12903300047393e-37
1.4755054754306885e-40
0.0
0.0
0.0
0.0
0.0
0.0
0.0
2.3366410922213492e-34
1.9599852666971194e-33
1.0957088053973877e-32
2.754805291657446e-32
7.831335572401395e-32
1.483755382360332e-31
1.8735717485453916e-31
1.5767393235582567e-31
8.84363922027463e-32
3.305854105668411e-32
8.236029580958389e-33
1.3675199175544335e-33
1.5133206952798552e-34
1.1161172755206466e-35
5.486182336137235e-37
1.7972653144770525e-38
3.924060517429759e-40
5.710061006601422e-42
5.537673525643354e-44
3.579278538875557e-46
1.5418608909964997e-48
1.1602347555804478e-34
1.0700965317711953e-33
6.577814021913534e-33
2.6947704244410755e-32
0.0003888887634931283
0.002778686644088289
0.01323229884190352
0.04199644952070135
0.0723932852892104
0.1168363931120384
0.12567229464285185
0.09009122593761469
0.043043442397092097
0.013706073136721397
0.0029087114553425827
0.0004114052086817267
3.878113172170063e-05
2.4364231624647573e-06
1.0201558133103201e-07
2.846832046837234e-09
5.294667981961897e-11
6.562920829527697e-13
5.421720775196482e-15
2.98509857577104e-17
1.0953723033109728e-19
2.678837574994591e-22
4.366289802360509e-25
4.743080802376921e-28
3.4343909719032696e-31
1.7136004594027872e-34
5.032758969008044e-37
2.381949745193137e-38
8.39508357988399e-40
1.9729099824793222e-41
1.292001330865425e-42
1.5440017467743727e-44
1.2297424413404472e-46
6.527728522423041e-49
2.309359554362452e-51
5.445058806313367e-54
8.556480042702295e-57
8.961263696553217e-60
6.2549655314364e-63
2.909793253717004e-66
9.021544437216749e-70
1.8641514836993683e-73
4.095183472391079e-34
3.0925383558942295e-33
1.556461468873744e-32
5.220873869777366e-32
1.167157800284706e-31
1.738991665544979e-31
1.7268196122661364e-31
1.1428204221462232e-31
5.040696633698603e-32
1.4817832369019632e-32
2.903088945660772e-33
3.790683762390473e-34
3.29880250742699e-35
6.524096997724761e-35
4.399756018518534e-34
2.1455009084692205e-33
6.97643509937553e-33
1.5118938897407058e-32
2.183688171506186e-32
2.1020424377186711e-32
1.3485712161651176e-32
5.7661752848088974e-33
1.5769280847951174e-06
1.269744456946187e-05
6.814002858785608e-05
0.0002437080335715362
0.0005809234764770995
0.0009228891880103857
0.0009771511257323237
0.0006895336474641782
0.0003242878955973296
0.00010164536076409799
2.1233712508330468e-05
2.9562819552867218e-06
2.7431358770495097e-07
1.6964080949773936e-08
6.991895041508144e-10
1.9206180788848804e-11
3.516160356292895e-13
1.9494913244130658e-14
1.8148951816733617e-16
1.1260646799414918e-18
4.656468547488715e-21
1.2833099430937866e-23
2.3571541928633826e-26
2.885532528836615e-29
2.3542116496548927e-32
1.280107914163673e-35
4.639051660984099e-39
1.1204523282880848e-42
0.0
0.0
0.0
0.0
0.0
0.0
0.0
0.0
0.0
0.0
0.0
0.0
0.0
0.0
0.0
0.0
0.0
0.0
0.0
0.0
0.0
0.0
0.0
0.0
0.0
7.552816574639305e-36
5.581165387890367e-35
2.7486686872772046e-34
9.021971398274565e-34
1.9736132178452097e-33
2.8880883501107438e-33
2.8869050303384263e-33
2.3278732395022722e-33
2.7415647491620748e-33
5.175269522654396e-33
8.376089386224138e-33
9.353897103321583e-33
6.990099514366301e-33
3.483023961042049e-33
1.1567353002085277e-33
4.427802132292765e-34
7.477754004251436e-35
8.41658203863369e-36
6.313670368470759e-37
3.156527636745364e-38
1.0517652954556648e-39
2.335660010612427e-41
3.456861358104213e-43
3.409854492894899e-45
2.2416679373316372e-47
9.821736113565828e-50
2.8680504804685212e-52
5.581704859406313e-55
7.239832103911413e-58
6.258520352666476e-61
3.605756467914841e-64
1.3845309284862652e-67
3.5431576831822934e-71
0.0
0.0
0.0
0.0
0.0
0.0
0.0
0.0
0.0
0.0
0.0
0.0
0.0
0.0
0.0
0.0
0.0
0.0
0.0
0.0
0.0
0.0
0.0
0.0
0.0
0.0
0.0
0.0
0.0
6.392860015163568e-05
0.000411588878416322
0.0017660931891217
0.005050625282953551
0.0096262742261739
0.011811393637141928
0.011447662173728418
0.007394588552716226
0.003183411433596031
0.000913383322581921
0.0001746605935105377
2.225965012173206e-05
1.890702873206093e-06
1.0703104920513749e-07
4.038107065213995e-09
1.0153772403371815e-10
1.7016042735476576e-12
1.900514813086406e-14
1.4147037296244983e-16
7.018451226193857e-19
2.3205910989020324e-21
5.1137266113284885e-24
7.510311295006113e-27
7.351228443889442e-30
4.795605477616726e-33
2.085011834804944e-36
6.041644254563757e-40
1.1667648113559154e-43
0.0
0.0
0.0
0.0
4.215456631353056e-35
3.990889731810768e-34
2.5181197504793454e-33
1.0589234806879747e-32
2.96779791812313e-32
5.545307351611083e-32
6.912696018862865e-32
5.775877938495437e-32
3.3105445506065616e-32
1.444142880250592e-32
6.415065742618732e-33
3.496417267700472e-33
1.772108744852129e-33
6.557312446666123e-34
1.6481737230759033e-34
2.7712380722346023e-35
3.1076825940595575e-36
2.3229541290907605e-37
1.1572777480317435e-38
3.842539277695225e-40
8.503172664685704e-42
1.2540801952849383e-43
1.2326823699062695e-45
8.075298987757615e-48
2.256651122235785e-49
7.517517189131769e-52
1.6690370806033815e-54
2.469670926710896e-57
2.4355314454831747e-60
1.6007737034319105e-63
7.012093359938513e-67
2.047137369824646e-70
3.983160724757109e-74
0.0
0.0
0.0
0.0
0.0
0.0
0.0
0.0
0.00016836741582355294
0.0011417137955883805
0.005159860965103235
0.015541763588201613
0.031199249386346786
0.04174164314324172
0.03722000990777615
0.02211897389660426
0.008760623493054606
0.0037712260867534047
0.000759547938834995
0.00010195519460494301
9.121054999477328e-06
5.438289704449e-07
2.161031772999432e-08
5.723234139057126e-10
1.0101908319120197e-11
1.2741045135184114e-05
9.827039695606519e-05
0.0005051518161663472
0.0017306238134176819
0.003951527239800535
0.006013244089066226
0.006098657360766696
0.004122315084574468
0.0018570760155786916
0.000557570421387665
0.00011157099872460427
1.487936723892442e-05
1.322510573896532e-06
7.834213295038104e-08
3.0929519857818555e-09
8.13827784907289e-11
1.427162402619165e-12
1.6679991588443506e-14
6.856644635626663e-16
4.07508482365863e-18
1.6141474814517457e-20
4.2611941364473333e-23
7.497232460332968e-26
8.791281390948996e-29
6.870446049479901e-32
3.578485273634536e-35
1.2422101776893665e-38
2.87390547831378e-42
0.0
0.0
0.0
0.0
0.0
0.0
0.0
0.0
0.0
0.0
0.0
0.0
0.0
0.0
0.0
0.0
0.0
0.0
0.0
0.0
0.0
0.0
0.0
0.0
0.0
0.0
0.0
0.0
0.0
0.0
0.0
0.0
0.0
0.0
0.0
0.0
1.7505540379626667e-35
1.459965321138584e-34
8.115048255278498e-34
3.006223195937969e-33
7.422203960601764e-33
1.0822016371924304e-32
1.3586964164104433e-32
1.1368894109591172e-32
6.340092018560408e-33
2.3564294895077628e-33
5.837069779839665e-34
9.636445497552217e-35
1.0602795910389169e-35
7.775091032692707e-37
3.7998995077135474e-38
1.2377139574887601e-39
2.6868907836757205e-41
3.8874184100601996e-43
3.7484705976855475e-45
2.4089538414704366e-47
1.0317735644975068e-49
2.945247951561751e-52
5.603261317172408e-55
7.104629577283943e-58
6.0037631412919445e-61
3.381327286551693e-64
1.2692068761192364e-67
3.1751128937088738e-71
0.0
0.0
0.0
0.0
0.0
0.0
0.0
0.0
0.0
0.0
0.0
0.0
0.0
0.0
0.0
0.0
0.0
0.0
0.0
0.0
1.0282426193496532e-06
7.865196115002095e-06
4.009637022891885e-05
0.0001362329343008795
0.00030848973017314656
0.00046556557338874385
0.00046827670595858857
0.00031391046843362103
0.0001919149565279928
6.542061863107756e-05
1.4862847419588126e-05
2.2504581462340516e-06
2.271022356671416e-07
1.5274022532605535e-08
6.846474461618698e-10
2.0453239615446878e-11
4.0722906597661365e-13
5.40377152317805e-15
4.778996766302352e-17
2.816813173609241e-19
1.1065241525024451e-21
2.8969786957437265e-24
5.054892708029588e-27
5.336215974793428e-05
0.00040476552243021017
0.002046233425867076
0.006894271546050039
0.015481147324412014
0.023168581789029145
0.023108795278467823
0.015361609051748456
0.006805776134171604
0.0020095562122621593
0.00039546149755967375
0.00010679258485996191
1.0686801099840953e-05
7.127478281750022e-07
3.168149207535779e-08
9.385488880885145e-10
1.8530610186168842e-11
2.438395168602307e-13
2.1384544609631616e-15
1.249906341663756e-17
4.868963120442519e-20
1.2640872377507233e-22
2.187253686723471e-25
2.522335951965795e-28
1.9386882913023856e-31
1.000904125885235e-34
8.046775146846401e-38
1.839134248897662e-39
4.80037490494056e-41
8.385783644181242e-43
9.763233992519477e-45
7.57574400795432e-47
3.9177654515749915e-49
1.3503088730286126e-51
3.1017683414192757e-54
4.748617019090535e-57
4.845141652379342e-60
3.919526104943173e-62
2.0336465557045806e-65
7.032325071110906e-69
1.6207049124719147e-72
0.0
0.0
0.0
0.0
0.0
0.0
0.0
0.0
0.0
0.0
2.8783308990273712e-36
2.5257038237022337e-35
1.477085625497643e-34
5.757188775112104e-34
1.495535809584099e-33
2.589194709614815e-33
2.9875429237321664e-33
2.2974451132146034e-33
1.1774912373855514e-33
4.022089878860572e-34
9.15645587308386e-35
1.3892633875212928e-35
3.154449456369766e-36
2.433791315959604e-37
1.2514821205688912e-38
4.288915696962315e-40
9.796070871159958e-42
1.491206799350723e-43
1.5128831303302584e-45
1.0229500629630765e-47
4.609831325588056e-50
1.3845134667039578e-52
2.771346840138338e-55
3.6971419721929425e-58
3.2871757329576085e-61
1.9478758109045226e-64
7.692741782343972e-68
2.024802151755226e-71
0.0
0.0
0.0
0.0
0.0
0.0
0.0
0.0
0.0
0.0
0.0
0.0
0.0
0.0
0.0
0.0
0.0
0.0
0.0
0.0
0.0
0.0
0.0
0.0
0.0
0.0
0.0
0.0
0.0
0.0
0.0
0.0
0.0
0.0
0.0
0.0
0.0
0.0
0.0
0.0
0.0
0.0
0.0
0.0
0.0
0.0
0.0
0.0
0.0
0.0
0.0
0.0
0.0
0.0
0.0
0.0
0.0
0.0
0.0
0.0
0.0
0.0
0.0
0.0
0.0
0.0
0.0
0.0
0.0
0.0
0.0
0.0
0.0
0.0
0.0
0.0
0.0
0.0
0.0
0.0
0.0
0.0
0.0
0.0
0.0
0.0
0.0
0.0
0.0
0.0
0.0
0.0
0.0
0.0
0.0
0.0
0.0
0.0
0.0
0.0
0.0
0.0
0.0
0.0
0.0
0.0
0.0
0.0
0.0
0.0
0.0
0.0
0.0
0.0
0.0
0.0
0.0
0.0
0.0
0.0
0.0
0.0
0.0
0.0
0.0
0.0
0.0
0.0
0.0
0.0
0.0
0.0
0.0
0.0
0.0
0.0
0.0
0.0
0.0
0.0
0.0
0.0
0.0
0.0
0.0
0.0
0.0
0.0
0.0
0.0
0.0
0.0
0.0
0.0
0.0
0.0
0.0
0.0
0.0
0.0
0.0
0.0
0.0
0.0
0.0
0.0
0.0
0.0
0.0
0.0
0.0
0.0
0.0
0.0
0.0
0.0
0.0
0.0
0.0
0.0
0.0
0.0
0.0
0.0
0.0
0.0
0.0
0.0
0.0
0.0
0.0
0.0
0.0
0.0
0.0
0.0
0.0
0.0
0.0
0.0
0.0
0.0
0.0
0.0
0.0
0.0
0.0
0.0
0.0
0.0
0.0
0.0
0.0
0.0
0.0
0.0
0.0
0.0
0.0
0.0
0.0
0.0
0.0
0.0
0.0
0.0
0.0
0.0
0.0
0.0
0.0
0.0
0.0
0.0
0.0
0.0
0.0
0.0
0.0
0.0
0.0
0.0
0.0
0.0
0.0
0.0
0.0
0.0
0.0
0.0
0.0
0.0
0.0
0.0
0.0
0.0
0.0
0.0
0.0
0.0
0.0
0.0
0.0
0.0
0.0
0.0
0.0
0.0
0.0
0.0
0.0
0.0
0.0
0.0
0.0
0.0
0.0
0.0
0.0
0.0
0.0
0.0
0.0
0.0
0.0
0.0
0.0
0.0
0.0
0.0
0.0
0.0
0.0
0.0
0.0
0.0
0.0
0.0
0.0
0.0
0.0
0.0
0.0
0.0
0.0
0.0
0.0
0.0
0.0
0.0
0.0
0.0
0.0
0.0
0.0
0.0
0.0
0.0
0.0
0.0
0.0
0.0
0.0
0.0
0.0
0.0
0.0
0.0
0.0
0.0
