a = 4.895942936505064 b = 4.895942936505064 c = 13.129122112823998 ,Gaussian ,LMH = 0.08 ,DW = [0.4 0.4]
0.0
0.0
0.0
0.0
0.0
0.0
0.0
0.0
0.0
0.0
0.0
0.0
0.0
0.0
0.0
0.0
0.0
0.0
0.0
0.0
0.0
0.0
0.0
0.0
0.0
0.0
0.0
0.0
0.0
0.0
0.0
0.0
0.0
0.0
0.0
0.0
0.0
0.0
0.0
0.0
0.0
0.0
0.0
0.0
0.0
0.0
0.0
0.0
0.0
0.0
0.0
0.0
0.0
0.0
0.0
0.0
0.0
0.0
0.0
0.0
0.0
0.0
0.0
0.0
0.0
0.0
0.0
0.0
0.0
0.0
0.0
0.0
0.0
0.0
0.0
0.0
0.0
0.0
0.0
0.0
0.0
0.0
0.0
0.0
0.0
0.0
0.0
2.5255861660894614e-33
1.6180124632687618e-32
6.908489205075919e-32
1.9659200511919933e-31
3.151049495474487e-31
4.559745193341514e-31
4.397516438896788e-31
2.826545085928646e-31
1.2108376347180721e-31
3.4569846649786025e-32
6.577949624363075e-33
8.34190388448652e-34
7.050523559820817e-35
3.9715414808327374e-36
1.4910025487496988e-37
3.730604562009713e-39
6.221019981836723e-41
6.913938685615223e-43
5.1211913055222913e-45
2.528121973500035e-47
8.317764028678276e-50
1.8238819094799466e-52
2.6654367676140303e-55
2.5961010977724318e-58
1.685219072632182e-61
7.29075792629689e-65
2.1021830977086334e-68
4.0397077666175183e-72
0.0
0.0
0.0
0.0
0.0
0.0
0.0
0.0
0.0
0.0
0.0
0.0
0.0
0.0
0.0
0.0
0.0
0.0
0.0
0.0
0.0
0.0
0.0
0.0
0.0
0.0
0.0
0.0
0.0
0.0
0.0
0.0
0.0
0.0
0.0
0.0
0.0
0.0
0.0
0.0
0.0
0.0
0.0
0.0
0.0
0.0
0.0
0.0
0.0
0.0
0.0
0.0
0.0
0.0
0.0
0.0
0.0
0.0
0.0
0.0
0.0
0.0
0.0
0.0
0.0
0.0
0.0
0.0
0.0
0.0
0.0
0.0
0.0
0.0
0.0
0.0
0.0
0.0
0.0
0.0
0.0
0.0
0.0
0.0
0.0
0.0
0.0
0.0
0.0
0.0
0.0
0.0
0.0
0.0
0.0
0.0
0.0
0.0
0.0
0.0
0.0
0.0
0.0
0.0
0.0
0.0
0.0
0.0
0.0
0.0
0.0
0.0
0.0
0.0
0.0
0.0
0.0
0.0
0.0
0.0
0.0
0.0
0.0
0.0
0.0
0.0
0.0
0.0
0.0
0.0
0.0
0.0
0.0
0.0
0.0
0.0
0.0
0.0
0.0
0.0
0.0
0.0
0.0
0.0
0.0
0.0
0.0
0.0
0.0
0.0
0.0
0.0
0.0
0.0
0.0
0.0
0.0
0.0
0.0
0.0
0.0
0.0
0.0
0.0
0.0
0.0
0.0
0.0
0.0
0.0
0.0
0.0
0.0
0.0
0.0
0.0
0.0
0.0
0.0
0.0
0.0
0.0
0.0
0.0
0.0
0.0
0.0
0.0
0.0
0.0
0.0
0.0
0.0
0.0
0.0
0.0
0.0
0.0
0.0
0.0
4.740541743064558e-33
3.280439052837956e-32
1.5129254200205091e-31
4.650339014806004e-31
9.526497491817207e-31
1.300658994264523e-30
1.1835188728489089e-30
8.870549846584909e-31
4.104543476892995e-31
1.2657872825854057e-31
2.601585742929515e-32
3.563666939274809e-33
3.2534011838453953e-34
1.979519028599732e-35
8.027185321998945e-37
2.169444011517339e-38
3.907645443306761e-40
4.690978092911764e-42
3.753126530854165e-44
2.0012647962138685e-46
7.112093437598049e-49
1.6845034303101187e-51
2.659058511554663e-54
2.797469990036385e-57
1.961482902492045e-60
9.166112129247298e-64
2.854745208138938e-67
5.925583028663678e-71
0.0
0.0
0.0
0.0
0.0
0.0
0.0
0.0
0.0
0.0
0.0
0.0
0.0
0.0
0.0
0.0
0.0
0.0
0.0
0.0
0.0
0.0
0.0
0.0
0.0
0.0
0.0
0.0
0.0
0.0
0.0
0.0
0.0
0.0
0.0
0.0
0.0
0.0
0.0
0.0
0.0
0.0
0.0
0.0
0.0
0.0
0.0
0.0
0.0
0.0
0.0
0.0
0.0
0.0
0.0
0.0
0.0
0.0
0.0
0.0
0.0
0.0
0.0
0.0
0.0
0.0
0.0
0.0
0.0
0.0
0.0
0.0
0.0
0.0
0.0
0.0
0.0
0.0
0.0
0.0
0.0
0.0
0.0
0.0
0.0
0.0
0.0
0.0
0.0
0.0
0.0
0.0
0.0
0.0
0.0
0.0
0.0
0.0
0.0
0.0
0.0
0.0
0.0
0.0
0.0
0.0
0.0
0.0
0.0
0.0
0.0
0.0
0.0
0.0
0.0
0.0
0.0
0.0
0.0
0.0
0.0
0.0
0.0
0.0
0.0
0.0
0.0
0.0
0.0
0.0
0.0
0.0
0.0
0.0
0.0
0.0
0.0
0.0
0.0
0.0
0.0
0.0
0.0
0.0
0.0
0.0
0.0
0.0
0.0
0.0
0.0
0.0
0.0
0.0
0.0
0.0
0.0
0.0
0.0
0.0
0.0
0.0
0.0
0.0
0.0
0.0
0.0
0.0
0.0
0.0
0.0
0.0
0.0
0.0
0.0
0.0
0.0
0.0
0.0
0.0
0.0
0.0
0.0
0.0
0.0
0.0
0.0
0.0
0.0
0.0
0.0
0.0
0.0
0.0
0.0
0.0
0.0
0.0
0.0
0.0
0.0
4.562520677565629e-34
4.320963393171043e-33
2.7273311735242887e-32
1.1472992619509294e-31
3.2166003145822375e-31
6.010339913757898e-31
7.484839919673108e-31
6.21223029017485e-31
3.4363241594560816e-31
1.8482442822819185e-31
5.198864881771636e-32
9.74628793077426e-33
1.2177313663679642e-33
1.0140171407045495e-34
5.627566659228175e-36
2.081505428592351e-37
5.1311651856032875e-39
8.430163393903291e-41
9.230761641759369e-43
6.736287733756704e-45
3.2763121333963314e-47
1.0620169768599627e-49
2.294347499969774e-52
4.531430569478873e-34
3.267209855311983e-33
1.5700022648737084e-32
5.028113536037102e-32
1.0732265810133723e-31
1.5267197140262565e-31
1.4474672783186956e-31
9.146180000447565e-32
3.851698476911703e-32
1.0810514600327345e-32
2.022190201388432e-33
2.521036792260236e-34
5.021708494989309e-35
3.183546965967237e-36
1.3450938033674498e-37
3.787698752052239e-39
7.108530611043231e-41
8.89131083524181e-43
7.41196392115285e-45
4.1179621290883123e-47
1.5248002276653787e-49
3.762920960724161e-52
6.188975911824713e-55
6.784128052635826e-58
4.956222892771813e-61
2.413176959693825e-64
7.830852776536444e-68
1.6935986400532078e-71
0.0
0.0
0.0
0.0
0.0
0.0
0.0
0.0
2.8295982368774826e-34
2.2868338498190834e-33
7.350925636658038e-33
3.02102587856442e-32
8.274626693463157e-32
1.510511104731156e-31
1.8377269452372865e-31
1.4901143327775554e-31
8.052667165779026e-32
2.900290195287646e-32
6.961850739885613e-33
1.113754596933617e-33
1.187506127966883e-34
8.438470907739077e-36
3.9964391402265645e-37
1.2614330286486182e-38
2.6536078346131385e-40
3.72041024423046e-42
3.476373818978778e-44
2.164928998568954e-46
8.98550299101715e-49
2.4855509883859074e-51
4.5823104419813987e-54
5.630252710492648e-57
4.6105508523441587e-60
2.516281894822118e-63
9.152659739740783e-67
2.2187935257721942e-70
0.0
0.0
0.0
0.0
0.0
0.0
0.0
0.0
0.0
0.0
0.0
0.0
0.0
0.0
0.0
0.0
0.0
0.0
0.0
0.0
0.0
0.0
0.0
0.0
0.0
0.0
0.0
0.0
0.0
0.0
0.0
0.0
0.0
0.0
0.0
0.0
0.0
0.0
0.0
0.0
0.0
0.0
0.0
0.0
0.0
0.0
0.0
0.0
0.0
0.0
0.0
0.0
0.0
0.0
0.0
0.0
0.0
0.0
0.0
0.0
0.0
0.0
0.0
0.0
0.0
0.0
0.0
0.0
0.0
0.0
0.0
0.0
0.00022177341953232092
0.002076870946261892
0.012962568880330141
0.05392053486640007
0.149485426243975
0.23546669564128112
0.3319531026411718
0.3118929249813379
0.19530612461066052
0.08150941009050985
0.022671548582911205
0.0042027752836282725
0.0005192454523097504
4.2755381091130976e-05
2.3463371136086424e-06
8.581665586804396e-08
2.0918681693435367e-09
3.398432000924365e-11
3.6796321582847953e-13
2.655288870160176e-15
1.2770288026679646e-17
4.0932772185577215e-20
8.744262213791721e-23
1.244963831108329e-25
1.181331663807147e-28
7.470823964477438e-32
3.1488118409923546e-35
8.845175713158979e-39
0.0
0.0
0.0
0.0
0.0
0.0
0.0
0.0
0.0
0.0
0.0
0.0
0.0
0.0
0.0
0.0
0.0
0.0
0.0
0.0
0.0
0.0
0.0
0.0
0.0
0.0
0.0
0.0
0.0
0.0
0.0
0.0
0.0
0.0
0.0
0.0
0.0
0.0
0.0
0.0
0.0
0.0
0.0
0.0
0.0
0.0
3.19467286068374e-34
2.1977676493533598e-33
1.0076708805187495e-32
3.0791949723401654e-32
6.271006018197634e-32
8.5117487247097e-32
7.699843874251127e-32
4.64222934378303e-32
2.644380228215167e-32
8.107204999944747e-33
1.656532483184002e-33
2.255850456585359e-34
2.047397668177433e-35
1.238441938631279e-36
4.992644518789369e-38
1.341427444994947e-39
2.402067893233787e-41
2.866717630214109e-43
2.2801641044887644e-45
1.2087287160428728e-47
4.270444907046246e-50
1.005539082668327e-52
1.5779975881053453e-55
1.650422984545991e-58
1.1504446783234757e-61
5.3446314632633016e-65
1.6548221931543472e-68
3.4148093159122717e-72
0.0
0.0
0.0
0.0
0.0
0.0
0.0
0.0
0.0
0.0
0.0
0.0
0.0
0.0
0.0
0.0
0.0
0.0
0.0
0.0
0.0
0.0
0.0
0.0
0.0
0.0
0.0
0.0
0.0
0.0
0.0
0.0
0.0
0.0
0.0
0.0
0.0
0.0
0.0
0.0
0.0
0.0
0.0
0.0
0.0
2.8132052979919934e-33
1.9514909881718713e-32
9.022216029918406e-32
2.7799785282184637e-31
5.708883881778323e-31
7.813444394748615e-31
7.127141647161892e-31
4.332811574064666e-31
1.7555199271354133e-31
4.740490412117447e-32
8.531439781457807e-33
1.0232999078874751e-33
1.986510502029699e-34
1.211641251898379e-35
4.9253691389266154e-37
1.3343970307611446e-38
2.409422142375619e-40
2.8994944084730405e-42
2.3254831774844836e-44
1.2430416396754314e-46
4.42832717391372e-49
1.0514176692532767e-51
1.6637665574143864e-54
1.7546522517254044e-57
1.2333072195831087e-60
5.777407990298608e-64
1.803750023879641e-67
3.7531957006480585e-71
0.0
0.0
0.0
0.0
0.0
0.0
0.0
0.0
0.0
0.0
0.0
0.0
0.0
0.0
0.0
0.0
0.0
0.0
0.0
0.0
0.0
0.0
0.0
0.0
0.0
0.0
0.0
0.0
0.0
0.0
0.0
0.0
0.0
0.0
0.0
0.0
0.0
0.0
0.0
0.0
0.0
0.0
0.0
0.0
0.0
0.0
0.0
0.0
0.0
0.0
0.0
0.0
0.0
0.0
0.0
0.0
0.0
0.0
0.0
0.0
0.0
0.0
0.0
0.0
0.0
0.0
0.0
0.0
0.0
0.0
0.0
0.0
0.0
0.0
0.0
0.0
0.0
0.0
0.0
0.0
0.0
0.0
0.0
0.0
0.0
0.0
0.0
0.0
0.0
0.0
0.0
0.0
0.0
0.0
0.0
0.0
0.0
0.0
0.0
0.0
0.0
0.0
0.0
0.0
0.0
0.0
0.0
0.0
0.0
0.0
0.0
0.0
0.0
0.0
0.0
0.0
0.0
0.0
0.0
0.0
0.0
0.0
0.0
0.0
0.0
0.0
0.0
0.0
0.0
0.0
0.0
0.0
0.0
0.0
5.812576005239665e-35
5.080647632740908e-34
2.9597229121705928e-33
1.1491178785790794e-32
2.2657281121656862e-32
4.473257520057117e-32
5.886017600036678e-32
5.161795090560148e-32
3.016904148835945e-32
1.1751784326248203e-32
3.050897808262026e-33
5.278773861054452e-34
6.087234077046325e-35
4.678304604544441e-36
0.0008495727913113636
0.0076128386534194325
0.04546468683585684
0.1809603096406024
0.4800362181597161
0.848684418365676
1.0
0.7852994973609646
0.41100980941840004
0.1433674639490492
0.03332963572232033
0.005164069508892445
0.0005332552498156627
3.6699466276643085e-05
1.6833169832869042e-06
5.1458083826862174e-08
4.015561424637408e-09
6.242183894989994e-11
6.467082367594768e-13
4.465414456359442e-15
2.0549284453337227e-17
6.302504754460985e-20
1.2882827991207733e-22
1.7550552089596062e-25
1.59349940370902e-28
9.642609428263505e-32
3.888828537972934e-35
1.0452605564247086e-38
0.0
0.0
0.0
0.0
0.0
0.0
0.0
0.0
0.0
0.0
0.0
0.0
0.0
0.0
0.0
0.0
0.0
0.0
0.0
0.0
0.0
0.0
0.0
0.0
0.0
0.0
0.0
0.0
0.0
0.0
0.0
0.0
0.0
0.0
0.0
0.0
0.0
0.0
0.0
0.0
0.0
0.0
0.0
0.0
0.0
0.0009958237613894312
0.008237817331645043
0.04541751606246729
0.16688455598424234
0.40868666264721804
0.6670314797196502
0.7255773950672098
0.5260205438514686
0.25415766742229057
0.0818437036733493
0.0175650293871275
0.0025124303751386653
0.00023950839374583293
1.521699819831956e-05
6.443454830469111e-07
1.8184029856579335e-08
3.4201332867673853e-10
4.287236832312469e-12
3.5817351346315506e-14
1.994302378665406e-16
5.00061662945568e-18
1.415870982604096e-20
2.671808639892011e-23
3.3602266344445855e-26
2.8166679066283835e-29
2.1491471687777128e-32
1.5272091193969018e-32
2.6978320525177995e-32
3.177455148480535e-32
2.494166945647028e-32
1.3048276707319916e-32
4.549486123825714e-33
1.0571900809354724e-33
1.6372890709591885e-34
1.6899707745892498e-35
1.1625578520356595e-36
5.330052680857999e-38
1.6286583020022945e-39
3.316729102803747e-41
4.501648423693261e-43
4.0720649300313745e-45
2.4549314123029115e-47
9.86383002560777e-50
2.641394960420259e-52
4.7141419770685796e-55
5.607296480036898e-58
5.024447206441822e-60
3.039077176846476e-63
1.2251146098696182e-66
3.2914954351099464e-70
0.0
0.0
0.0
0.0
0.0
0.0
0.0
0.0
0.0
0.0
0.0
0.0
0.0
0.0
0.0
0.0
0.0
0.0
0.0
0.0
0.0
0.0
0.0
0.0
0.0
0.0
0.0
0.0
0.0
0.0
0.0
0.0
0.0
0.0
0.0
0.0
0.0
2.0765805403882215e-34
1.4472467672540006e-33
6.722300843216863e-33
2.081013267917598e-32
4.293518138191636e-32
5.903822650650967e-32
5.410468240621191e-32
3.304592778247357e-32
1.34518679362269e-32
3.6494615192222604e-33
1.2207510634833835e-33
1.6841310593643477e-34
1.5484821648247488e-35
9.488948247539032e-37
3.875355041303548e-38
1.0548396924060894e-39
1.9135639402936188e-41
2.313561462883203e-43
1.864234981207556e-45
1.00115613388588e-47
3.58331114467184e-50
8.547690257026063e-53
1.3589221587591746e-55
1.4398655225099382e-58
1.0167889858908783e-61
4.785433460091109e-65
1.5010435019301414e-68
3.13795581336042e-72
0.0
0.0
0.0
0.0
0.0
0.0
0.0
0.0
0.0
0.0
1.4873113266262368e-33
1.1025876910487003e-32
5.447609173575689e-32
1.7938259131851047e-31
3.9367351009543215e-31
5.758026241578763e-31
5.6129688915353e-31
3.646642413816494e-31
1.5789750614330045e-31
4.556579068151137e-32
8.763631324030524e-33
1.123338996013409e-33
9.596638158013716e-35
5.463978135191629e-36
2.073386821246066e-37
5.243644771679029e-39
8.838279679114528e-41
9.928502873357162e-43
7.43329450151907e-45
3.7090309856328227e-47
1.2334488136283081e-49
2.733778665242721e-52
4.0381934162158675e-55
3.975506163082954e-58
3.1402447698485287e-60
1.572068247516955e-63
5.2451853451164725e-67
1.1663578871753233e-70
0.0
7.635761520482643e-05
0.0005156124223716775
0.00232046988306857
0.006960012963171657
0.013913157741656136
0.01853629436839174
0.016458932896574872
0.00974006779343333
0.0038415264959120827
0.0010097810922124885
0.00017690177235888006
2.0654690035780857e-05
1.6072621887858851e-06
8.335589562208806e-08
2.8811605829279622e-09
6.637127417515558e-11
1.0190004926197796e-12
1.0426779296553994e-14
7.110620754024674e-17
3.231814308843109e-19
7.077934105894815e-21
1.6358669519132355e-23
2.5198285408039955e-26
2.586875637101164e-29
1.7699526937096963e-32
8.071036574792162e-36
2.4528925263577303e-39
4.968316712609135e-43
0.0
0.0
0.0
0.0
0.0
0.0
0.0
0.00039676885658249757
0.002920596435375932
0.014328049522004147
0.0468472546271884
0.1020851954544225
0.14825963693860555
0.14350421195322532
0.09257376184162706
0.039800884573484664
0.011404574452843694
0.002177945426855302
0.000576491788828695
5.598395999232958e-05
3.6233947595558083e-06
1.5629649436604855e-07
4.493289187728232e-09
8.609165414250688e-11
1.0993583570894176e-12
9.356190594583321e-15
5.3068936743320237e-17
2.0061493475279858e-19
5.0543775958481675e-22
8.486989299465802e-25
9.497760320456905e-28
7.083920125189575e-31
3.5241917135242043e-34
1.2678416052714011e-37
2.6067504980103637e-40
3.6320317792307043e-42
3.742533502476107e-44
2.5701785921430914e-46
4.427307976990111e-35
3.4455278152148054e-34
1.7871184351201273e-33
6.177780273538965e-33
1.423289116852805e-32
2.1854221862342085e-32
2.3216550190765374e-32
1.8127690873364356e-32
9.433412691892996e-33
3.271724529931547e-33
7.562513695914386e-34
1.1650301545877017e-34
1.1961611882804774e-35
8.185096337900566e-37
3.73284048927209e-38
1.1345839015740393e-39
2.298345687824017e-41
3.1029561023584404e-43
2.792013161319277e-45
1.6743291521623038e-47
6.691843332425035e-50
1.782511083480121e-52
3.1644647422561118e-55
3.744120622217022e-58
2.9524391149841024e-61
1.5516494694080507e-64
5.434853379957612e-68
1.2687136006401374e-71
0.0
0.0
0.0
0.0
0.0
0.0
0.0
0.0
0.0
0.0
0.0
0.0
0.0
0.0
0.0
0.0
0.0
0.0
0.0
0.0
0.0
0.0
0.0
0.0
0.0
0.0
0.0
0.0
0.0
0.0
4.9784386720477706e-05
0.00035643880642074034
0.0017008199763750653
0.005408953695655118
0.01146435768110885
0.01619450728620005
0.015246399640181641
0.009566397171124359
0.004000470425613508
0.001114949684105829
0.0002071004400434645
2.563824673411552e-05
2.1153253401169828e-06
1.1631817226696723e-07
4.262844738308026e-09
1.0411972414904711e-10
1.6949154980633222e-12
1.838842958364908e-14
1.3296054279602266e-16
6.407409281081441e-19
2.0578973159082477e-21
4.405005790797005e-24
6.284211813614084e-27
5.9749832773471064e-30
3.786204973572192e-33
2.2295468365158197e-35
7.18433554538559e-39
1.5429013673959436e-42
0.0
0.0
0.0
0.0
0.0
0.0
0.0
0.0
0.0
0.0
0.0
0.0
0.0
0.0
0.0
0.0
0.0
1.3687663752999587e-33
9.00043257266906e-33
3.944382158341669e-32
1.1520627557805198e-31
2.242615586369721e-31
2.790667936438616e-31
2.762418298950244e-31
1.8224359341617928e-31
8.013027738659663e-32
2.3481323422341295e-32
4.585957681471802e-33
5.9692403145667634e-34
5.178328914025185e-35
2.993930738933492e-36
1.1536535701940397e-37
4.120977228872753e-34
3.046046096373977e-33
1.5005738846617347e-32
4.926742361143618e-32
1.0780623226378517e-31
1.5722059389051943e-31
1.5281167812832317e-31
9.898860541074978e-32
4.2736151940751526e-32
1.229666019309572e-32
2.3580905463958224e-33
3.013806260647892e-34
2.5671528783303533e-35
1.4573695201134836e-36
5.514030708042421e-38
1.3904335124521939e-39
9.543443740009702e-41
1.2237388399048882e-42
1.045812718133411e-44
5.956630240023973e-47
2.261147602971437e-49
5.720562468375332e-52
9.645618924485035e-55
1.0839344407423399e-57
8.118157627573032e-61
4.052224441421588e-64
1.3480656791994622e-67
2.9888915723983344e-71
0.0
0.0
0.0
0.0
3.553384339240142e-34
2.638836747258973e-33
1.3060638552677782e-32
4.308219740737525e-32
9.471370600460338e-32
1.387744012677831e-31
1.3551502280278662e-31
8.819563083148253e-32
3.825500363247014e-32
1.105887558921554e-32
3.859167679935654e-33
5.673080603460419e-34
5.558092975951536e-35
3.629227632526581e-36
1.5793709971683144e-37
4.5807401503449525e-39
8.854595014279208e-41
1.1407311388147046e-42
9.794436144974964e-45
5.604761410594199e-47
2.137550425344007e-49
5.433218310540696e-52
9.20406105386422e-55
1.0391622802326889e-57
7.819316743272538e-61
3.9213516125080626e-64
1.3106427017916862e-67
2.919539730101128e-71
0.0
3.6892297375206005e-35
3.324517848907711e-34
1.9966557144593625e-33
7.992069467156198e-33
2.1320474354891187e-32
3.790670400184724e-32
4.491761964510874e-32
4.0146842992470077e-32
2.4191048329857404e-32
9.714926671039562e-33
2.600194963860266e-33
4.63824672848167e-34
5.514210352150809e-35
4.3691238909469156e-36
2.307209006870559e-37
8.120094160112852e-39
1.9046568387310283e-40
2.977515038566371e-42
3.102221012139008e-44
2.1541356826252225e-46
9.969076360105583e-49
3.074810380674493e-51
6.320672710615111e-54
8.659440155456585e-57
7.90674760651008e-60
4.811577491116532e-63
1.9514554515769436e-66
5.274864969576302e-70
0.0
0.0
0.0
0.0
0.0
0.0
0.0
0.0
0.0
0.0
0.0
0.0
0.0
0.0
0.0
0.0
0.0
0.0
0.0
0.0
0.0
0.0
0.0
0.0
0.0
0.0
0.0
0.0
0.0
0.0
0.0
0.0
0.0
0.0
0.0
0.0
0.0
0.0
0.0
0.0
0.0
0.0
0.0
0.0
0.0
0.0
0.0
0.0
0.0
0.0
0.0
0.0
0.0
0.0
0.0
0.0
9.41425177094954e-34
6.997702561840573e-33
3.466623662253421e-32
1.1445623702801965e-31
2.5185685631265675e-31
3.6935981244314e-31
3.610165004673012e-31
2.351722158714184e-31
1.0210018256739045e-31
2.9542590475680863e-32
0.000747930110598043
0.0054390749249225
0.02636153003684174
0.08515256479675654
0.1833185450743553
0.26302475107955425
0.2515176015347052
0.16029563484050832
0.06808580190806987
0.019274049329274307
0.003636393925482587
0.0004572465414854934
3.8318763200031223e-05
2.140198646626851e-06
7.966695816472893e-08
7.089166810004297e-09
1.341905478808244e-10
1.6928957112873998e-12
1.42337728768101e-14
7.976114994967147e-17
2.9788204730390715e-19
7.414447621352524e-22
1.2299708563997591e-24
1.3598543316474636e-27
1.002008729286503e-30
4.920759835995812e-34
1.6105506285736274e-37
3.5131617224652353e-41
0.0
0.0
0.0
0.0
0.0
0.0
0.0
0.0
0.0
0.0
0.0
0.0
0.0
0.0
0.0
0.0
0.0
0.0
0.0
0.0
0.0
0.0
0.0
0.0
0.0
0.0
0.0
0.0
0.0
0.0
0.0
0.0
0.0
0.0
0.0
0.0
0.0
0.0
0.0
0.0
0.0
0.0
0.0
4.920737545119575e-34
4.281553087267726e-33
2.482870181396436e-32
9.595955834754777e-32
2.471747003679069e-31
4.243276581147983e-31
4.854899149067511e-31
3.702035961748865e-31
1.8814063342107401e-31
6.372445335902016e-32
1.4385043639212372e-32
2.1642020144669795e-33
2.170031101680874e-34
1.4501591526017735e-35
6.458726966540423e-37
1.9171660589033955e-38
3.792748854875204e-40
5.000690638113486e-42
4.394277090431923e-44
2.573513421482533e-46
1.0044931615229041e-48
2.613058180820953e-51
3.9450393224688745e-53
5.218624055744083e-56
4.600894082726413e-59
2.703398119046627e-62
1.058666881788945e-65
2.7630592347806155e-69
0.0
0.0
0.0
0.0
0.0
0.0
0.0
0.0
0.0
0.0
0.0
0.0
0.0
0.0
0.0
0.0
0.0
0.0
0.0
0.0
0.0
0.0
0.0
0.0
0.0
0.0
0.0
0.0
0.0
0.0
0.0
0.0
0.0
0.0
0.0
0.0
0.0
0.0
0.0
0.0
0.0
0.0
0.0
0.0
0.0
0.0
0.0
0.0
0.0
0.0
1.341797382873086e-34
1.172439842678914e-33
6.827720661334016e-33
2.649979224852561e-32
6.854736135372597e-32
1.1817362631205465e-31
1.3577878922138982e-31
1.0397402315356002e-31
5.306391812475932e-32
1.804909071692819e-32
4.091597358107566e-33
6.213170217521098e-34
8.286344002901644e-35
9.436453615572352e-35
2.631171666977565e-34
5.108842871204393e-34
6.615711440052908e-34
5.709744846431032e-34
3.284267077477238e-34
1.2590465337813102e-34
3.216819145125571e-35
1.0338338480724807e-35
1.3431922905410231e-36
0.0005090853781389771
0.0040083219986214854
0.02103372197872091
0.07356160635350849
0.1714619772605913
0.2663581556941995
0.2757691743208462
0.1902860656204048
0.08750841198075783
0.02682095064721335
0.005478732285599105
0.000745877557693167
6.767629096182369e-05
4.092485090963252e-06
1.6493742540361525e-07
4.430297233974009e-09
7.931002122866275e-11
9.462476542596382e-13
7.524248214025292e-15
3.987520786604494e-17
1.4083946100588774e-19
3.3153340715638364e-22
5.201298609712793e-25
5.6053444876352245e-27
4.4718721557991566e-30
2.377705149985449e-33
8.42574217759083e-37
1.9899395397462367e-40
0.0
0.0
0.0
0.0
0.0
0.0
0.0
0.0
0.0
2.7155828875402476e-35
2.4138996281163106e-34
1.4300686975150108e-33
5.6464585125022754e-33
1.485856712654367e-32
2.605909132777347e-32
3.0459526891354787e-32
2.372840722738693e-32
1.2319570551401795e-32
4.262889733468823e-33
9.830920346666917e-34
1.5110046601501464e-34
3.460570873682179e-35
2.704717773609573e-36
1.4088920219436316e-37
4.891195400850163e-39
3.362533187721514e-06
2.8775771299827787e-05
0.00016412279906805578
0.0006238675622530518
0.0015805107116938593
0.002668603369535107
0.003002978098183228
0.0022521735183562313
0.0011257269899796463
0.0003750125984131411
8.326072445542207e-05
1.2320151859377013e-05
1.2149921859495633e-06
7.985690178983131e-08
3.4981060940014926e-09
1.0212569979027418e-10
1.987095143920928e-12
2.57681848217491e-14
2.2270529340319385e-16
1.2827995558716463e-18
4.9245733467860735e-21
1.2599693127311556e-23
1.8812870509112582e-25
2.4476482403328606e-28
2.1223865759707204e-31
1.226539458571678e-34
4.724111144198751e-38
1.212663308412991e-41
0.0
0.0
0.0
0.0
0.0
0.0
0.0
0.0
0.0
0.0
0.0
0.0
0.0
0.0
0.0
0.0
0.0
0.0
0.0
4.1366520303992284e-05
0.0001619154106750836
0.0008941250640770652
0.003290712196396951
0.008071664102222742
0.013195255646769913
0.014376530331263947
0.010439312764707751
0.005052092365158424
0.0016294918879185454
0.00035027946018571625
5.018323901924799e-05
4.7916408008913436e-06
3.0492383122068573e-07
1.2932426820085406e-08
3.655529049733759e-10
6.8865546394077736e-12
8.646399620201475e-14
7.235193632040143e-16
4.0350280778032525e-18
1.499769481512949e-20
3.715215509414983e-23
6.133735697428702e-26
6.749127828385491e-29
4.949391377436812e-32
2.4190090280389577e-35
1.1980146913055835e-37
2.977490715964253e-41
0.0
0.0
0.0
0.0
0.0
0.0
0.0
0.0
0.0
0.0
7.566890368948069e-05
0.0006102705001284495
0.003280264474554968
0.011751055898867456
0.028056046456646097
0.044643434678923184
0.04734458087145738
0.03346297127437624
0.01576305072800809
0.00494877369232142
0.0010354674775417986
0.00014439657098053648
1.3420195589408917e-05
8.312704814836636e-07
1.0387209588612581e-07
3.27178674455653e-09
6.868353362112164e-11
9.609522783732041e-13
8.960506500154341e-15
5.568584905230039e-17
2.306421514855809e-19
6.3666952688092345e-22
1.1713076919231428e-24
1.436182177140563e-27
1.1736426398482574e-30
6.402102002045303e-34
2.7213195393334014e-37
1.1092209623617553e-39
1.842367756040077e-41
2.1481640747079506e-43
1.6693220211650853e-45
8.64558418228939e-48
2.9842150307324873e-50
6.865108907590671e-53
1.0525586319288034e-55
1.0755403582302119e-58
7.324680298106928e-62
3.3245447582766354e-65
6.358821236563937e-35
6.018631377587705e-34
2.1495424412185018e-33
1.0345934716902091e-32
3.3187534596302964e-32
7.09515351950809e-32
1.0109511035846006e-31
9.600194959800582e-32
6.075912389091476e-32
2.562857748981147e-32
7.204752195457133e-33
1.3498799378517794e-33
1.6855932591837e-34
1.4027877897643712e-35
7.780593327207354e-37
2.87617299280286e-38
7.085962337700675e-40
1.1634942025933252e-41
1.2732425853749364e-43
9.286234278416649e-46
4.51387641718786e-48
1.4623160317573732e-50
3.1572892157257615e-53
4.543275148969336e-56
4.357177582495191e-59
2.153742465202826e-34
1.958253958892354e-33
6.809052792259736e-33
3.1482160147248293e-32
9.701165071022248e-32
1.9923462339979285e-31
2.7270134517317276e-31
2.4876615601252034e-31
1.5124354866746259e-31
6.128355781907497e-32
1.6549795437782804e-32
2.9786730633076273e-33
3.573012982065789e-34
2.8564583662881427e-35
1.5219582915180346e-36
5.404545179289356e-38
1.2790782102294057e-39
2.0175141884356203e-41
2.1208875508774267e-43
1.4859364509753784e-45
6.938480594536755e-48
2.159285497158955e-50
4.478548748778252e-53
6.190790280192614e-56
5.703434081322685e-59
3.501936840398355e-62
1.4330513078803127e-65
3.908379428988143e-69
0.0
0.0
0.0
0.0
0.0
0.0
0.0
0.0
0.0
0.0
0.0
0.0
0.0
0.0
0.0
0.0
0.0
0.0
0.0
0.0
0.0
1.5122857696828872e-35
1.100359359308857e-34
5.336011614273808e-34
1.7245688555299912e-33
3.714718080150112e-33
4.945272947545463e-33
5.416742217045632e-33
3.954281812899131e-33
1.923882812491745e-33
6.238370446690261e-34
1.3481718485625955e-34
1.9417839021569834e-35
1.8639664306565607e-36
1.192495709165764e-37
5.0846037293202754e-39
1.444903844019618e-40
2.7365433324207015e-42
3.4541982567157733e-44
2.9058536651687792e-46
1.6292276335400503e-48
6.087953734638528e-51
1.516151036993968e-53
2.516489597257314e-56
2.7837444216654262e-59
2.052320240442223e-62
1.008422309255798e-65
3.302336387027117e-69
7.207451405570534e-73
0.0
0.0
0.0
0.00011009568324629448
0.0010310750873461754
0.00643564151342723
0.02677163797090334
0.07422318571640672
0.13714683386658644
0.16889373096569807
0.13861901911443195
0.07582521691056843
0.027643055741872112
0.006716453089998607
0.0010876157056364409
0.00011737956698775615
8.442889085565449e-06
4.0473542016738013e-07
1.293102318371683e-08
2.7534431609646305e-10
3.90751712003911e-12
3.6957893642904423e-14
2.3296736166311886e-16
9.787336037121636e-19
2.740409510159759e-21
5.1138499470369694e-24
6.360072164587186e-27
5.271784567058175e-30
3.712976967014848e-32
1.5650219982189918e-35
4.396430235088947e-39
0.0
0.0
0.0
0.0
0.0
0.0
0.0
0.0
0.0
0.0
0.0
0.0
0.0
0.0
0.0
0.0
0.0
0.0
0.0
0.000481856567983918
0.0034429598782861025
0.01639561413198268
0.05203612686513785
0.0896996346235547
0.14476731828118639
0.1557155317200065
0.1116284475432776
0.053333414011183584
0.016982648978783998
0.003604068439873168
0.0005097557978416297
4.8052154724396205e-05
3.01887483885231e-06
1.2640344107531397e-07
3.527396130950082e-09
6.56041208155807e-11
8.131853639742061e-13
6.71783813406439e-15
3.698716676446569e-17
1.3572321658198108e-19
3.319240878317156e-22
5.410097359603578e-25
5.877841539345085e-28
4.561786474398339e-31
7.328047987437026e-33
1.1023072543546525e-33
1.1373319748945606e-34
7.823864989832127e-36
3.587880629305077e-37
3.66936731800837e-38
8.558899223638925e-40
1.3306587018017598e-41
1.3788776394723951e-43
9.523283622486278e-46
4.3837292601697667e-48
1.3449078920834087e-50
2.7499841443269673e-53
3.747611399689951e-56
3.4038007171991543e-59
2.0604299172986732e-62
8.312563214903533e-66
2.235089565482615e-69
0.0
0.0
0.0
0.0
0.0
0.0
0.0
0.0
0.0
0.0
0.0
0.0
0.0
0.0
0.0
4.730049528826053e-35
3.7266762484518796e-34
1.9568574535334637e-33
6.848228841211622e-33
1.6185049933154849e-32
2.663156594931488e-32
3.592090187428506e-32
5.621331627864617e-32
1.048053553886413e-31
1.64353021467865e-31
1.811739863149601e-31
1.3447327055654322e-31
6.66465915663999e-32
2.2021754751036356e-32
4.849924821797505e-33
7.118765492471184e-34
6.963969153749955e-35
4.5403643853589295e-36
1.972904926187933e-37
5.713512210713446e-39
1.1027617953469056e-40
1.4185407365565192e-42
1.2161396849001367e-44
4.066106532148732e-46
1.7726499461105747e-48
5.150492496599953e-51
1.3524987533064362e-06
1.1535173298056468e-05
6.556814871468363e-05
0.000248395239412581
0.0006271553953110895
0.0010553307813103636
0.0011835417884281882
0.0008846268885380298
0.00044067480716101105
0.0001463045587640942
3.237270893053375e-05
4.773992961657168e-06
4.692086982407433e-07
3.0734905548936506e-08
1.3417736514614327e-09
3.90398539281068e-11
7.570397033853318e-13
9.783870100881763e-15
8.427218361342325e-17
4.837704809150039e-19
1.8508704866047095e-21
4.719481023704678e-24
8.020362664690837e-27
9.116498109721638e-29
7.878265244017431e-32
4.537567187353467e-35
1.7431674280974935e-38
4.606610952977223e-42
1.051106743269383e-45
4.882836248165878e-48
1.5117467575706799e-50
3.119374228800524e-53
4.289804120864044e-56
3.9317780381911986e-59
2.401718321587952e-62
9.77769977111631e-66
2.6529732616427493e-69
0.0
0.0
0.0
0.0
0.0
0.0
0.0
0.0
1.2126882276508132e-35
1.0594266131487686e-34
6.168422935476703e-34
1.593469835596753e-33
4.717910434714132e-33
9.309729991096497e-33
1.2243512444781457e-32
1.0731403307407635e-32
6.268859766321451e-33
2.4406311000634295e-33
6.332821914812868e-34
1.0951508838187694e-34
1.2622116628652936e-35
9.695539224717813e-37
4.963560214883192e-38
1.693542774121901e-39
3.8510627369850636e-41
5.8364203815739285e-43
5.895139483663268e-45
3.968470473564283e-47
1.780466348147257e-49
5.323851513327197e-52
1.0609615542618628e-54
1.409142480962103e-57
1.2473597230320755e-60
7.358852090423802e-64
2.893410007976791e-67
7.582133605598549e-71
0.0
0.0
0.0
0.0
0.0
0.0
0.0
0.0
0.0
0.0
0.0
0.0
0.0
0.0
0.0
0.0
0.0
0.0
0.0
0.0
0.0
0.0
0.0
0.0
0.0
0.0
0.0
0.0
0.0
0.0
0.0
0.0
0.0
0.0
0.0
0.0
0.0
0.0
0.0
1.0674101050944189e-35
7.857233045851e-35
3.854690445129596e-34
1.2603493110114821e-33
2.7464639159965594e-33
3.988764673483062e-33
3.860863792392659e-33
2.490646511973673e-33
1.070831790925846e-33
3.068399944297107e-34
5.859819309029062e-35
7.458268791146679e-36
6.326643829137742e-37
3.576764023373084e-38
4.205352618802874e-39
1.208987750069295e-40
2.316450007059615e-42
2.958050005319899e-44
2.5175009270727688e-46
1.427957609448212e-48
5.398120056737106e-51
1.3600388413678524e-53
2.28371356775888e-56
2.5557213488263116e-59
1.9061932076434577e-62
9.47549447612591e-66
3.1391957378175644e-69
6.931328107899379e-73
0.0
0.0
0.0
0.0
1.327630981567403e-35
5.150468205075397e-05
0.00035528665868948876
0.0016334003225583836
0.005004813776945603
0.010220326175475991
0.013909872146723349
0.01363524417541091
0.009436781115306485
0.004352776740259621
0.0013381057927221857
0.0002741549284671521
3.743546332115343e-05
3.40684139658946e-06
2.0663418283670615e-07
8.352836232746811e-09
2.2503357225574627e-10
4.040566048549088e-12
4.8352468915780927e-14
3.8563518060054686e-16
2.049822175866122e-18
7.261682824459956e-21
1.7145095668028854e-23
2.6978891345345304e-26
2.829371142075815e-29
1.9776227869458311e-32
9.22189437498247e-36
3.074409190929908e-39
3.768200955535489e-42
3.137245661614459e-44
2.0651045043031077e-46
9.059768253878216e-49
2.6489495775436578e-51
4.323269280946891e-53
6.4279349080958795e-56
6.369600608158544e-59
4.206631613806998e-62
1.8515622134295548e-65
5.431548791519833e-69
1.0619170879293119e-72
0.0
0.0
0.0
0.0
0.0
0.0
0.0
0.0
0.0
0.0
0.0
0.0
0.0
0.0
0.0
0.0
0.0
0.0
0.0
0.0
0.0
0.0
0.0
0.0
0.0
0.0
0.0
0.0
0.0
0.0
0.0
0.0
0.0
0.0
0.0
0.0
0.0
0.0
0.0
0.0
0.0
0.0
0.0
0.0
0.0
0.0
0.0
0.0
0.0
0.0
0.0
0.0
0.0
0.0
0.0
0.0
0.0
0.0
0.0
0.0
0.0
9.123281509815157e-05
0.0007066409111413776
0.0036533422951225136
0.012600486518515341
0.029082888820452343
0.045214321535324065
0.04812440234561914
0.03638796482530876
0.020911777741981163
0.012906142839259322
0.005402228911655744
0.0018143372914629057
0.0004517233488236591
7.870467467081146e-05
9.323799671899235e-06
7.41919046090028e-07
3.9463863566871044e-08
1.4006110260406603e-09
3.314392892780462e-11
5.228086504161461e-13
5.496546085856748e-15
3.8514890300089865e-17
1.798675583659127e-19
5.598349560308355e-22
1.161312985683485e-24
1.6055375875100163e-27
1.4819546092098123e-30
8.095297167700217e-33
1.3251891559529894e-32
1.6284532548848803e-32
1.333725478817892e-32
7.280130258479343e-33
2.648459890952076e-33
6.421392238039571e-34
1.0376396187189984e-34
2.457115868456599e-35
2.0190429785303715e-36
1.1057247707576842e-37
4.035803961338992e-39
9.81735812616547e-41
1.5916250056406532e-42
1.7197622893457159e-44
1.2384476053234425e-46
5.94385767938148e-49
1.9012565120987906e-51
4.053167720867896e-54
5.758773323691934e-57
5.453143687848324e-60
3.4414815576448934e-63
1.4475230899916999e-66
4.0577669608531855e-70
0.0
0.0
0.0
0.0
0.0
0.0
0.0
0.0
0.0
0.0
0.0
0.0
0.0
0.0
0.0
0.0
0.0
0.0
0.0
0.0
0.0
0.0
0.0
0.0
6.887406042589808e-05
0.0005224272252447145
0.002641055108795837
0.008898374377989484
0.019981377840035033
0.02990348047488328
0.029826314562549423
0.01982709086489145
0.008784154144514656
0.0025937161585357447
0.0005104186038889758
0.0001378362303442487
1.3793358218386074e-05
9.199372217698339e-07
4.089101734052795e-08
3.2153372717908862e-06
2.0521986853323376e-05
8.73285931484893e-05
0.00024767123727682366
0.0004681405202363084
0.0005897370884137561
0.000495133370404842
0.00027705596289703116
0.00010332236872960563
2.568045739704817e-05
4.253953159499881e-06
4.6963904966958977e-07
3.45555051252312e-08
1.6945400556412275e-09
5.538191653318547e-11
1.2063287283426769e-12
1.751236935884536e-14
1.69436001745342e-16
1.0925668744335507e-18
4.695392603834259e-21
1.3448608225661995e-23
2.5672272925200184e-26
3.1532361767182777e-28
3.0608782808942854e-31
1.980236983060812e-34
8.538268794507292e-38
2.453601489185011e-41
4.6991550890909784e-45
0.0
0.0
0.0
0.0
0.0
0.0
0.0
0.0
0.0
0.0
0.0
3.054324236924761e-36
2.6732543734578076e-35
1.5593621258543923e-34
6.062269312546759e-34
1.6686661838480205e-33
3.5485713998315175e-33
7.880161087961113e-33
2.0442489368533666e-32
4.6846057884567714e-32
6.819734497680957e-32
8.702200324985359e-32
7.444067614976168e-32
4.2490232218236637e-32
1.6167911221642932e-32
4.100354508308889e-33
6.930661997157379e-34
7.807472159218856e-35
5.8617581009450736e-36
2.9331003646264307e-37
9.781546206852736e-39
2.1740505975982404e-40
3.2204260607019796e-42
3.179351652286769e-44
2.091921325410165e-46
9.173470673417298e-49
2.6810416128381395e-51
5.222217801402687e-54
6.779348425475452e-57
5.865465403896607e-60
3.382194260208623e-63
1.2997989057099785e-66
3.329165106018924e-70
0.0
0.0
0.0
0.0
0.0
0.0
0.0
0.0
0.0
0.0
0.0
0.0
0.0
0.0
0.0
0.0
0.0
0.0
0.0
0.0
0.0
0.0
0.0
0.0
0.0
0.0
0.0
0.0
0.0
0.0
0.0
0.0
0.0
0.0
0.0
0.0
0.0
0.0
0.0
0.0
0.0
0.0
0.0
0.0
0.0
0.0
0.0
0.0
0.0
0.0
0.0
0.0
0.0
0.0
0.0
0.0
0.0
0.0
0.0
0.0
0.0
0.0
0.0
0.0
0.0
0.0
0.0
0.0
0.0
0.0
0.0
0.0
0.0
0.0
0.0
0.0
0.0
0.0
0.0
0.0
0.0
0.0
0.0
0.0
0.0
0.0
0.0
0.0
0.0
0.0
0.0
0.0
0.0
0.0
0.0
0.0
0.0
0.0
0.0
0.0
0.0
0.0
0.0
0.0
0.0
0.0
0.0
0.0
0.0
0.0
0.0
0.0
0.0
0.0
0.0
0.0
0.0
0.0
0.0
0.0
0.0
0.0
0.0
0.0
0.0
0.0
0.0
0.0
0.0
0.0
0.0
0.0
0.0
0.0
0.0
0.0
0.0
0.0
0.0
0.0
0.0
0.0
0.0
0.0
0.0
0.0
0.0
0.0
0.0
0.0
0.0
0.0
0.0
0.0
0.0
0.0
0.0
0.0
0.0
0.0
0.0
0.0
0.0
0.0
0.0
0.0
0.0
0.0
0.0
0.0
0.0
0.0
0.0
0.0
0.0
0.0
0.0
0.0
0.0
0.0
0.0
0.0
0.0
0.0
0.0
0.0
0.0
0.0
0.0
0.0
0.0
0.0
0.0
0.0
0.0
0.0
0.0
0.0
0.0
0.0
0.0
0.0
0.0
0.0
0.0
0.0
0.0
0.0
0.0
0.0
0.0
0.0
0.0
0.0
0.0
0.0
0.0
0.0
0.0
0.0
0.0
0.0
0.0
0.0
0.0
0.0
0.0
0.0
0.0
0.0
0.0
0.0
0.0
0.0
0.0
0.0
0.0
0.0
0.0
0.0
0.0
0.0
0.0
0.0
0.0
0.0
0.0
0.0
0.0
0.0
0.0
0.0
0.0
0.0
0.0
0.0
0.0
0.0
0.0
0.0
0.0
0.0
0.0
0.0
0.0
0.0
0.0
0.0
0.0
0.0
0.0
0.0
0.0
0.0
0.0
0.0
0.0
0.0
0.0
0.0
0.0
0.0
0.0
0.0
0.0
0.0
0.0
0.0
0.0
0.0
0.0
0.0
0.0
0.0
0.0
0.0
0.0
0.0
0.0
0.0
0.0
0.0
0.0
0.0
0.0
0.0
0.0
0.0
0.0
0.0
0.0
0.0
0.0
0.0
0.0
0.0
0.0
0.0
0.0
0.0
0.0
0.0
0.0
