a = 4.895942936505064 b = 4.895942936505064 c = 13.718743417987003 ,Gaussian ,LMH = 0.08 ,DW = [0.4 0.4]
0.0
0.0
0.0
0.0
0.0
0.0
0.0
0.0
0.0
0.0
0.0
0.0
0.0
0.0
0.0
0.0
0.0
0.0
0.0
0.0
0.0
0.0
0.0
0.0
0.0
0.0
0.0
0.0
0.0
0.0
0.0
0.0
0.0
0.0
0.0
0.0
0.0
0.0
0.0
0.0
0.0
0.0
0.0
0.0
0.0
0.0
0.0
0.0
0.0
0.0
0.0
0.0
0.0
0.0
0.0
0.0
0.0
0.0
0.0
0.0
0.0
0.0
0.0
0.0
0.0
0.0
0.0
0.0
0.0
0.0
0.0
0.0
0.0
0.0
0.0
0.0
0.0
1.3179437498584887e-33
9.71045987033787e-33
4.7683076583101e-32
1.5605234108260448e-31
3.4037515789988582e-31
4.947969017122088e-31
4.793774881246722e-31
3.095350602089985e-31
1.3320594497105235e-31
3.820488671597855e-32
7.302907047662599e-33
9.303667432381534e-34
7.899400457555582e-35
4.4700834620297366e-36
5.258931245506512e-37
1.513287952082668e-38
2.902199107513161e-40
3.7094915159589496e-42
3.1599710819087344e-44
1.7940452077633436e-46
6.788365303281824e-49
1.711900724381475e-51
2.8772228095403603e-54
3.2229232364866425e-57
2.4060684415918405e-60
1.197147161952723e-63
3.96980022411917e-67
8.773468309738514e-71
0.0
0.0
0.0
0.0
0.0
0.0
0.0
0.0
0.0
0.0
0.0
0.0
0.0
0.0
0.0
0.0
0.0
0.0
0.0
0.0
0.0
0.0
0.0
0.0
0.0
0.0
0.0
0.0
0.0
0.0
0.0
0.0
0.0
0.0
0.0
0.0
0.0
0.0
0.0
0.0
0.0
0.0
0.0
0.0
0.0
0.0
0.0
0.0
0.0
0.0
0.0
0.0
0.0
0.0
0.0
0.0
0.0
0.0
0.0
0.0
0.0
0.0
0.0
0.0
0.0
0.0
0.0
0.0
0.0
0.0
0.0
0.0
0.0
0.0
0.0
0.0
0.0
0.0
0.0
0.0
0.0
0.0
0.0
0.0
0.0
0.0
0.0
0.0
0.0
0.0
0.0
0.0
0.0
0.0
0.0
0.0
0.0
0.0
0.0
0.0
0.0
0.0
0.0
0.0
0.0
0.0
0.0
0.0
0.0
0.0
0.0
0.0
0.0
0.0
0.0
0.0
0.0
0.0
0.0
0.0
0.0
0.0
0.0
0.0
0.0
0.0
0.0
0.0
0.0
0.0
0.0
0.0
0.0
0.0
0.0
0.0
0.0
0.0
0.0
0.0
0.0
0.0
0.0
0.0
0.0
0.0
0.0
0.0
0.0
0.0
0.0
0.0
0.0
0.0
0.0
0.0
0.0
0.0
0.0
0.0
0.0
0.0
0.0
0.0
0.0
0.0
0.0
0.0
0.0
0.0
0.0
0.0
0.0
0.0
0.0
0.0
0.0
0.0
0.0
0.0
0.0
0.0
0.0
0.0
0.0
0.0
0.0
0.0
0.0
0.0
2.767119881337537e-33
1.1275210877050328e-32
6.613342436123509e-32
2.5852282726788104e-31
6.735321500731759e-31
1.1694975418164937e-30
1.3533865116058096e-30
1.0438207418896964e-30
5.365516681308392e-31
1.83814058668911e-31
4.196888658986161e-32
6.38642357232991e-33
6.476935003561474e-34
4.377870459815655e-35
1.9721403678423307e-36
5.920989446516441e-38
1.1847652278408802e-39
1.5799809840651383e-41
1.4042776014448321e-43
8.318320046450983e-46
3.283974914218617e-48
8.640633495252978e-51
1.5152102021929764e-53
1.7708498360572767e-56
1.3793425499100292e-59
7.160512045131152e-63
2.477408218233172e-66
9.74542455198997e-69
0.0
0.0
0.0
0.0
0.0
0.0
0.0
0.0
0.0
0.0
0.0
0.0
0.0
0.0
0.0
0.0
0.0
0.0
0.0
0.0
0.0
0.0
0.0
0.0
0.0
0.0
0.0
0.0
0.0
0.0
0.0
0.0
0.0
0.0
0.0
0.0
0.0
0.0
0.0
0.0
0.0
0.0
0.0
0.0
0.0
0.0
0.0
0.0
0.0
0.0
0.0
0.0
0.0
0.0
0.0
0.0
0.0
0.0
0.0
0.0
0.0
0.0
0.0
0.0
0.0
0.0
0.0
0.0
0.0
0.0
0.0
0.0
0.0
0.0
0.0
0.0
0.0
0.0
0.0
0.0
0.0
0.0
0.0
0.0
0.0
0.0
0.0
0.0
0.0
0.0
0.0
0.0
0.0
0.0
0.0
0.0
0.0
0.0
0.0
0.0
0.0
0.0
0.0
0.0
0.0
0.0
0.0
0.0
0.0
0.0
0.0
0.0
0.0
0.0
0.0
0.0
0.0
0.0
0.0
0.0
0.0
0.0
0.0
0.0
0.0
0.0
0.0
0.0
0.0
0.0
0.0
0.0
0.0
0.0
0.0
0.0
0.0
0.0
0.0
0.0
0.0
0.0
0.0
0.0
0.0
0.0
0.0
0.0
0.0
0.0
0.0
0.0
0.0
0.0
0.0
0.0
0.0
0.0
0.0
0.0
0.0
0.0
0.0
0.0
0.0
0.0
0.0
0.0
0.0
0.0
0.0
0.0
0.0
0.0
0.0
0.0
0.0
0.0
0.0
0.0
0.0
0.0
0.0
0.0
0.0
0.0
0.0
0.0
0.0
0.0
0.0
0.0
2.409362870398774e-33
1.7237727013066248e-32
8.219385165132251e-32
2.61204234939189e-31
5.532260781632047e-31
7.80920137259597e-31
7.346697332145201e-31
4.606374280840097e-31
1.9248985500696323e-31
5.360903827572072e-32
9.950610693218531e-33
1.2309573405812777e-33
1.0148873000520168e-34
1.5345058731505933e-35
6.4334799338407756e-37
1.7976489882274715e-38
3.347691169821277e-40
4.154965548064527e-42
3.4369326006678116e-44
1.8947684832589435e-46
6.961820751036011e-49
1.7047907103914844e-51
2.782280112381179e-54
3.026301414824948e-57
2.1938405448550357e-60
1.0599356129571212e-63
3.4129934777695136e-67
7.32441562685534e-71
0.0
0.0
0.0
0.0
0.0
0.0
0.0
0.0
0.0
0.0
0.0
0.0
0.0
0.0
0.0
0.0
0.0
0.0
0.0
0.0
0.0
0.0
0.0
0.0
4.116533209054748e-34
2.9680644255991492e-33
1.42625300389123e-32
4.5677399295063675e-32
9.749620553250388e-32
1.3869333993636408e-31
1.3149373092798487e-31
8.308756612410083e-32
3.499037323503792e-32
9.820704891509915e-33
1.8370386551013446e-33
2.2902108986261283e-34
4.561921333419695e-35
2.8920617026019552e-36
1.2219371401496831e-37
3.4408974074850295e-39
6.457674211106133e-41
8.077223244206184e-43
6.733325195634691e-45
3.7409219005139315e-47
1.3851896609949892e-49
3.4183882684206326e-52
5.6223138544074084e-55
6.162973920698731e-58
4.502431586835257e-61
2.1922267022724855e-64
7.1138606264771875e-68
1.538532906483605e-71
0.0
0.0
0.0
0.0
0.0
2.1728771176412826e-34
1.785692786786544e-33
9.780473267797484e-33
3.5702164332269803e-32
8.685818841291908e-32
1.2540719157932219e-31
1.5514623647064863e-31
1.279209264042798e-31
7.029484781823536e-32
2.5744647062883467e-32
6.28393867236641e-33
1.0222532068759099e-33
1.1083235811030003e-34
8.00859282367241e-36
3.8568025171653456e-37
1.237884538134202e-38
2.6479783078318307e-40
3.775115608277014e-42
3.586969112287353e-44
2.2714677031048308e-46
9.586653788619247e-49
2.6965536740051386e-51
5.05513365970201e-54
6.315936645272862e-57
5.259257502485897e-60
2.91872147498417e-63
1.079549150690155e-66
2.661176837873406e-70
0.0
0.0
0.0
0.0
0.0
0.0
0.0
0.0
0.0
0.0
0.0
0.0
0.0
0.0
0.0
0.0
0.0
0.0
0.0
0.0
0.0
0.0
0.0
0.0
0.0
0.0
0.0
0.0
0.0
0.0
0.0
0.0
0.0
0.0
0.0
0.0
0.0
0.0
0.0
0.0
0.0
0.0
0.0
0.0
0.0
0.0
0.0
0.0
0.0
0.0
0.0
0.0
0.0
0.0
0.0
0.0
0.0
0.0
0.0
0.0
0.0
0.0
0.0
0.0
0.0
0.0007460826657931461
0.0055979920765115085
0.02799362607180099
0.09329697938261186
0.20723235254009542
0.30678143850082745
0.3026789021221994
0.19902918687238708
0.08722338472899757
0.02547596541614406
0.004959180480059514
0.0006433846946665859
5.5630515582152006e-05
3.2058041945812213e-06
1.231239241906309e-07
1.1186999352338192e-08
2.18485011696163e-10
2.8438797824201656e-12
2.467075080004736e-14
1.426379364928741e-16
5.496285408416253e-19
1.4115135570685038e-21
2.415919054900416e-24
2.7558860271485584e-27
2.095181615737194e-30
1.0616066852085606e-33
3.584983514808697e-37
8.068489336363826e-41
0.0
0.0
0.0
0.0
0.0
0.0
0.0
0.0
0.0
0.0
0.0
0.0
0.0
0.0
0.0
0.0
1.802663697362977e-34
1.2646184664071755e-33
5.912700403057773e-33
1.842441793905616e-32
3.82633708999721e-32
5.296076219369057e-32
4.885474761341627e-32
3.003591520280058e-32
1.2307122212896135e-32
3.360885408501593e-33
6.116914994959e-34
7.419809131511592e-35
5.99838821780971e-36
3.2319002985699447e-37
1.1605474122434246e-38
2.777469947797991e-40
4.430139458498395e-42
4.709415135300615e-44
3.336553560589725e-46
1.575472310249211e-48
4.95798258090937e-51
1.0398741128228874e-53
1.3599788059676775e-55
1.4504758116112976e-58
1.0310278332746708e-61
4.884406903318956e-65
1.5421791648847119e-68
3.245184363200102e-72
0.0
0.0
0.0
0.0
0.0
0.0
0.0
0.0
0.0
0.0
0.0
0.0
0.0
0.0
0.0
0.0
0.0
0.0
0.0
0.0
0.0
0.0
0.0
0.0
0.0
0.0
0.0
0.0
0.0
0.0
0.0
0.0
0.0
0.0
0.0
0.0
0.0
0.0
0.0
0.0
0.0
0.0
0.0
0.0
0.0
0.0
0.0
0.0
0.0
0.0
0.0
0.0
0.0
0.0
0.0
0.0
0.0
0.0
0.0
0.0
0.0
0.0
0.0
0.0
2.1516831601220425e-33
1.564981672824978e-32
7.586155476520556e-32
2.4508445758345704e-31
5.277051715058172e-31
7.572660347660323e-31
7.242477490412122e-31
5.611519350600945e-31
2.7291142756854777e-31
8.845950924952316e-32
1.910948039707562e-32
2.7512799247671804e-33
2.6399896749466464e-34
1.6883062398852898e-35
7.195844520685676e-37
2.044061059213162e-38
3.869790966888585e-40
4.882729851004289e-42
4.1060046299823895e-44
2.3012177814481717e-46
8.595626888178536e-49
2.13982835709968e-51
3.550273979733607e-54
3.925783529621209e-57
2.8931594932965016e-60
1.421019218326419e-63
4.65167190560771e-67
1.0148450719432188e-70
0.0
0.0
0.0
0.0
0.0
0.0
0.0
0.0
0.0
0.0
0.0
0.0
0.0
0.0
0.0
0.0
0.0
0.0
0.0
0.0
0.0
0.0
0.0
0.0
0.0
0.0
0.0
0.0
0.0
0.0
0.0
0.0
0.0
0.0
0.0
0.0
0.0
0.0
0.0
0.0
0.0
0.0
0.0
0.0
0.0
0.0
0.0
0.0
0.0
0.0
0.0
0.0
0.0
0.0
0.0
0.0
0.0
0.0
0.0
0.0
0.0
0.0
0.0
0.0
0.0
0.0
0.0
0.0
0.0
0.0
0.0
0.0
0.0
0.0
0.0
0.0
0.0
0.0
0.0
0.0
0.0
0.0
0.0
0.0
0.0
0.0
0.0
0.0
0.0
0.0
0.0
0.0
0.0
0.0
0.0
0.0
0.0
0.0
0.0
0.0
0.0
0.0
0.0
0.0
6.896768452945669e-35
6.0640813675134266e-34
3.5535787374471134e-33
1.3878688024501116e-32
2.747288410905958e-32
5.456187738721391e-32
7.22197373465569e-32
6.37094787951039e-32
3.745706527907379e-32
1.467726014090878e-32
3.832990861847075e-33
6.671325397946629e-34
7.73870002814674e-35
5.982813284071079e-36
3.08265153194481e-37
1.0585831264631309e-38
2.422741331766594e-40
3.6954784820162896e-42
3.7567807979429135e-44
2.5453211206459656e-46
1.1493461759722982e-48
3.458921273347697e-51
6.937644593695139e-54
9.27395461695714e-57
8.262270951313483e-60
4.905863360833088e-63
1.9413909961050998e-66
5.120261273001705e-70
0.0
0.0
0.0
0.0
0.0
0.0007696310718119789
0.007011026741215574
0.042565937448198705
0.1722361581134549
0.4644810549383586
0.8348207368249332
1.0
0.7983407907372225
0.4247742560046896
0.15062935072853764
0.03559939099927365
0.005607342464570814
0.0005886445696646818
4.118421106311371e-05
1.920392088398258e-06
5.968024721606274e-08
1.2360978954835095e-09
1.7063050210822114e-11
1.5697916645620368e-13
9.625181259693632e-16
3.933302635648703e-18
1.0712414227514808e-20
1.6675347028450276e-22
2.309444104854209e-25
2.131677879568256e-28
1.3113458607426524e-31
5.37643586016178e-35
1.4691063526263976e-38
0.0
0.0
0.0
0.0
0.0
0.0
0.0
0.0
0.0
0.0
0.0
0.0
0.0
0.0
0.0
0.0
0.0
0.0
0.0
0.0
0.0
0.0
0.0
0.0
0.0
0.0
0.0
0.0
0.0
0.0
0.0
0.0
0.0
0.0
0.0
0.0
0.0
0.0
0.0
0.0
0.0
0.0
0.0
0.0
0.0
0.0
0.0
0.0
0.0
0.0
0.0
0.0
0.0
0.0
0.0
0.0
0.0
0.0
0.0
0.0
0.0
0.0
0.0
0.0
0.0
0.0
0.0
0.0
0.0
0.0
0.0
0.0
0.0
0.0
0.0
0.0
0.0
0.0009046462306487108
0.007483563544866023
0.04125909252658487
0.15160462159889054
0.371267349921794
0.6059581396315312
0.6591435964287768
0.47785815190336983
0.23088701509114648
0.0743501017962467
0.0159567769342317
0.0022823924842537324
0.0002175790275465851
1.3823731262137079e-05
5.853492706988719e-07
1.6519101778417054e-08
3.1069862019293034e-10
3.8946978276943105e-12
3.253791799671024e-14
1.811704238826536e-16
4.542760637127687e-18
1.2862339674548079e-20
2.4271780900483163e-23
3.052565018419595e-26
2.559904006338047e-29
3.821364788967163e-32
3.023646523992449e-32
2.54639211689191e-32
1.429478042921845e-32
5.348244674184077e-33
1.3336030928713887e-33
2.216274088180019e-34
2.454719609199845e-35
1.812015311575663e-36
8.91463123159589e-38
2.922984081359853e-39
6.38750224796192e-41
9.30287595244343e-43
9.02994161188106e-45
5.84163210589573e-47
2.5186337059833046e-49
7.237313206231875e-52
1.386025666854673e-54
1.7690769578747392e-57
1.5048864339278446e-60
8.531831636624315e-64
4.664826581229683e-66
1.3448586261154314e-69
2.5840404691829206e-73
0.0
0.0
0.0
0.0
0.0
0.0
0.0
0.0
0.0
0.0
0.0
0.0
0.0
0.0
0.0
0.0
0.0
0.0
0.0
0.0
0.0
0.0
0.0
0.0
0.0
0.0
0.0
0.0
0.0
0.0
0.0
1.7840787947735647e-34
2.6910567936810398e-33
1.6623195003489226e-32
7.214099419258579e-32
2.1788497828197697e-31
4.531212213338375e-31
6.426465686913994e-31
6.169276676236053e-31
3.987123003745963e-31
1.7284748509030207e-31
5.014282995883957e-32
3.4031511084040635e-05
0.0002687134178860314
0.0014140964135739402
0.004959640946642031
0.011593191269574765
0.0180608137290397
0.019372888634649692
0.01534727498516325
0.008103072331103016
0.002851344583385503
0.0006686998750287166
0.00010451877898272143
1.0887770582632311e-05
7.55901388529781e-07
3.497622009577534e-08
1.0786043101914106e-09
2.216833000535808e-11
3.036584371611112e-13
2.7721662722089045e-15
1.6866879658878115e-17
6.839616723929558e-20
1.8484611743577078e-22
3.329434293779862e-25
3.996797198710723e-28
3.197682382920164e-31
1.7050616421288354e-34
6.059354936661817e-38
1.4351399341906717e-41
0.0
0.0
0.0
0.0
0.0
0.0
0.0
0.0
0.0
0.0
0.0
0.0
0.0
0.0
0.0
0.0
0.0
0.0
0.0
0.0
0.0
0.0
0.0
0.0
0.0
0.0
0.0
0.0
0.0
0.0
0.0
0.0
0.0
0.0
0.0
0.0
0.0
0.0
0.0
0.0
0.0
0.0
0.0
0.0
0.0
0.0
0.0
0.0
0.0
0.0
0.0
0.0
0.0
0.0
0.0
0.0002869579724477507
0.0022216215599275735
0.011463135233511843
0.039420152369992446
0.09034720662747123
0.138004328606513
0.1404922073011447
0.09532203629658074
0.043103837318232245
0.012990327695422566
0.002609190729469969
0.00034927949866313013
3.116175519134597e-05
1.8529012572229364e-06
7.342842091572457e-08
1.939356498351367e-09
3.413757433991101e-11
4.004877312667909e-13
3.1313190619065284e-15
1.6317250300407725e-17
5.666934296920517e-20
1.3116891540532995e-22
2.0234628056636703e-25
2.080372346670778e-28
1.4255040875346806e-31
6.509946355337315e-35
3.081420010347821e-37
2.2104450151372276e-34
1.5031103374338534e-33
6.812142053372845e-33
2.057586387214574e-32
4.142037328502867e-32
5.557141908254943e-32
4.969017359928379e-32
2.961222830542721e-32
1.176124270861934e-32
3.113270695280883e-33
5.492399302752249e-34
6.457863649602969e-35
5.0605437886618934e-36
2.642938462965185e-37
9.199377987887834e-39
2.1340835798825964e-40
3.299483288180413e-42
1.5678817273148654e-35
1.4247509839150075e-34
8.628716127388992e-34
3.4828514044711975e-33
9.369259291363605e-33
1.6797982273865703e-32
2.0071994410800107e-32
1.5984736601356157e-32
1.0961827974913146e-32
4.4391571490747786e-33
1.1981180335897614e-33
2.1551635767457107e-34
2.5837019945702205e-35
2.064363399094511e-36
1.0992878519290697e-37
3.9013800159382666e-39
9.227979681829057e-41
1.454710429071741e-42
1.5283683068658417e-44
1.0701903792728945e-46
4.994311311016764e-49
1.5533585968458487e-51
3.2199519356311114e-54
4.448448846506725e-57
4.095900151294044e-60
2.513458212492906e-63
1.0279583668160872e-66
2.8019535433902133e-70
0.0
0.0
0.0
0.0
0.0
0.0
0.0
0.0
0.0
0.0
0.0
0.0
0.0
0.0
0.0
0.0
0.0
0.0
0.0
0.0
0.0
0.0
0.0
0.0
0.0
1.942717662088572e-05
0.00016246134230269455
0.0009054655552435966
0.003363375675771063
0.00832645946581083
0.01373810760101515
0.015311067388040842
0.012846197351515312
0.00718332075864061
0.0026770561327354855
0.0006649228288445263
0.00011006938966733658
1.2143487244568931e-05
8.928979622036301e-07
4.375642085989729e-08
1.4291022337414768e-09
3.110758907980212e-11
4.5128506082837695e-13
4.363320442973439e-15
2.81167298915481e-17
1.2075192334330705e-19
3.4562476494837536e-22
6.593214391939636e-25
8.382452440901357e-28
7.102757589752961e-31
4.011361868227349e-34
1.5157133577542279e-37
1.3649337018826562e-33
8.920365604004764e-33
3.8853962341216464e-32
1.1278972130939198e-31
2.182153416379371e-31
2.7043525777906477e-31
2.6606126334403803e-31
1.744542420524401e-31
7.623650317542325e-32
2.2203730610051282e-32
4.3099326087905174e-33
5.575663526383947e-34
4.807332750879941e-35
2.7624432085306673e-36
1.0579474133279974e-37
2.7003269568635488e-39
4.593568224526101e-41
5.207934796670474e-43
3.935160530928003e-45
1.9817137252403936e-47
6.651214119509454e-50
1.4877929248606018e-52
2.218020712010717e-55
2.2037902314956718e-58
1.459339905107602e-61
6.4405686096540406e-65
1.8944079690769666e-68
1.8601329451532638e-34
1.2611137827049057e-33
5.698310467834214e-33
1.2431060828522946e-32
2.8562920264204446e-32
4.3739979144498495e-32
4.4641222981789167e-32
3.0365129975980556e-32
1.3765619253108518e-32
4.159086089633795e-33
8.374938278400386e-34
1.123949680792814e-34
1.0052953408041292e-35
5.992692856729766e-37
2.3808493567899377e-38
6.304103913492536e-40
1.1124906187669024e-41
1.308431225090172e-43
1.0256212025469412e-45
5.358023686121158e-48
1.8655367813517259e-50
4.328969751979416e-53
6.694942240978047e-56
6.900660574465268e-59
4.7404115305669265e-62
2.1703160080233924e-65
6.622339627372682e-69
1.3467329132143118e-72
0.0
0.0
0.0
1.1272721861860035e-34
1.0130150507594186e-33
6.067147487534777e-33
2.4217803727789266e-32
6.442679184918361e-32
1.1422990225321642e-31
1.3498162509110422e-31
1.063043528439439e-31
5.579676134980484e-32
1.951859188454982e-32
4.550609022092986e-33
7.0708579367750145e-34
7.322447189749682e-35
5.0538451711302986e-36
2.324712043865031e-37
7.126855388794867e-39
1.4561572464637868e-40
1.982896988368321e-42
1.7995900311758865e-44
1.0885002985128788e-46
4.387984394973674e-49
1.1789167672916946e-51
2.1109734096995542e-54
2.5192074350254972e-57
2.2623106178939782e-59
1.372890755441379e-62
5.552662481109072e-66
1.496746043702934e-69
0.0
0.0
0.0
0.0
0.0
0.0
0.0
0.0
0.0
0.0
0.0
0.0
0.0
0.0
0.0
0.0
0.0
0.0
0.0
0.0
0.0
0.0
0.0
0.0
0.0
0.0
0.0
0.0
0.0
0.0
0.0
0.0
0.0
0.0
0.0
0.0
0.0
0.0
0.0
0.0
0.0
0.0
0.0
0.0
0.0
0.0
0.0
0.0
0.0
0.0
0.0
0.0
0.0
0.0
0.0
0.0
0.0
0.0
0.0
0.0
0.0
0.0
3.6372123287495394e-34
3.214992456883377e-33
1.8939687557301104e-32
7.436134055827904e-32
1.9458222217592578e-31
3.3934437554717354e-31
3.944207005499166e-31
3.055345257069337e-31
1.577402170884197e-31
5.42757862556383e-32
1.244661800582323e-32
3.722051512861101e-33
4.340404421803109e-34
3.373335706030077e-35
1.7473120721178647e-36
6.032022319535956e-38
1.3878321705416272e-39
2.1281023395436592e-41
2.1748515383893044e-43
1.4813179015127808e-45
6.724321578062599e-48
2.0343713268078246e-50
4.1019798796541678e-53
5.512370167742326e-56
0.0010004528660589238
0.0068418632140273255
0.031184134152069307
0.09472716524963598
0.1917771852931898
0.2587622314004698
0.23269464184698632
0.1394612093248132
0.05570600563368327
0.01482969294430107
0.002631139334335121
0.0003111265574502741
2.4519514592895632e-05
3.5974595399220887e-06
1.441694637885522e-07
3.850633602380032e-09
6.854450709049745e-11
8.13194939344931e-13
6.4298112622528156e-15
3.38831150915184e-17
1.190008285186986e-19
2.785468088751701e-22
4.345381768537409e-25
4.517927283183251e-28
3.1306324568263444e-31
1.8930097977955758e-33
1.2316635019308243e-32
5.782480951450409e-32
1.8093370095399163e-31
3.7731691141095954e-31
5.244144175654964e-31
4.8576310243996535e-31
2.998858486758255e-31
1.2338687617263774e-31
3.383479225433497e-32
6.18357464186021e-33
7.531773461714219e-34
6.114154919414756e-35
9.149487296192607e-36
3.776926456563017e-37
1.0391107710152881e-38
1.9053146769151416e-40
2.328376071470513e-42
1.896361327368343e-44
1.0293678526765128e-46
3.723931297576381e-49
8.978716672345636e-52
1.4428076052305592e-54
1.5451979615097774e-57
1.1029133113832696e-60
5.246626861631874e-64
1.6634146674871828e-67
3.5148146107652576e-71
0.0
0.0
0.0
0.0
0.0
0.0
0.0
0.0
0.0
0.0
0.0
0.0
0.0
0.0
0.0
0.0
0.0
0.0
0.0
0.0
0.0
0.0
0.0
0.0
0.0
0.0
0.0
0.0
0.0
0.0
0.0
0.0
0.0
0.0
0.0
0.0
0.0
0.0
0.0
0.0
0.0
0.0
2.2423962901534665e-36
1.5736802277284582e-35
7.360412570841318e-35
2.294401282482148e-34
4.7667035509208235e-34
6.600068728660167e-34
6.090603404728278e-34
3.745878891590867e-34
1.535425296176211e-34
4.194548292203875e-35
7.637008157729197e-36
9.26707885201788e-37
7.494523236106695e-38
4.039491612189079e-39
1.4510786727665748e-40
3.474055527737192e-42
5.54324533962988e-44
5.8948531898501e-46
4.1779518905621053e-48
1.9734922449076305e-50
6.212822724137036e-53
1.065186156334893e-54
1.7052247654158132e-57
1.8193627451055685e-60
1.2937146964980992e-63
6.131112346055015e-67
1.9365182082317548e-70
4.076481198836772e-74
0.0
0.0
0.0
0.0
0.0
0.0
0.0
0.0
0.0
0.0
0.0
0.0
0.0
0.0
0.0
3.148511550923215e-34
2.3558319231529e-33
1.1748025004631262e-32
2.737029188001266e-32
6.940688743958523e-32
1.1730249703055028e-31
1.3212758390237373e-31
9.918848984342019e-32
0.0004711879901157664
0.003780205256734145
0.020212410002977674
0.07202816734016593
0.17106776397159545
0.27077934963941874
0.2856567238685217
0.20084217205270544
0.09411241461578079
0.029391413375806804
0.006117522480469968
0.000848617972301054
7.845676998585018e-05
4.8342618683434945e-06
1.9852329183265552e-07
5.433432946407449e-09
9.911028020459789e-11
1.2048823548446976e-12
9.762299623110485e-15
5.271584465742672e-17
1.8971940521678767e-19
3.556255901822687e-21
6.5082791121894484e-24
7.938178915908272e-27
6.452932833362243e-30
3.496028420147523e-33
1.262334094997609e-36
3.0377723065883253e-40
0.0
0.0
0.0
0.0
0.0
0.0
0.0
0.0
0.0
0.0
0.0
0.0
0.0
0.0
0.0
0.0
0.0
0.0
0.0
0.0
0.0
0.0
0.0
0.0
0.0
0.0
0.0
0.0
0.0
0.0
0.0
0.0
0.0
0.0
0.0
0.0
0.0
0.0
0.0
0.0
0.0
0.0
0.0
0.0
0.0
0.0
0.0
0.0
0.0
0.0
0.0
0.0
0.0
0.0
0.0
0.0
0.0
0.0
2.466944371562071e-35
2.1928832032415916e-34
1.2991317409122798e-33
5.1294692975818005e-33
1.3498118105872346e-32
2.3673123355591166e-32
2.767065544927417e-32
2.155583647411955e-32
1.1191591820410624e-32
3.87257994695063e-33
8.930802196375806e-34
1.3726572143551326e-34
3.1437213271566406e-35
2.4570740664498095e-36
1.2798939997816713e-37
6.188302255524298e-06
4.675941118951387e-05
0.00023547678508997088
0.0010374082454871368
0.0033993311090206933
0.009815167455773028
0.023676104999074063
0.04289570650924483
0.0543895553851412
0.04678493332334187
0.026986949057500067
0.010396740478193889
0.0026713618233164156
0.0004575674061600755
5.223897903579213e-05
3.974915664543321e-06
2.015797030611628e-07
6.813160491397866e-09
1.534731672500426e-10
2.3040823638744415e-12
2.3053939322448288e-14
1.537353915442413e-16
6.832570557193888e-19
1.474207097693943e-20
3.331741877896042e-23
5.018405448709137e-26
5.0378089399690275e-29
3.370537688587198e-32
1.502928191185593e-35
4.466412416109775e-39
8.846285708030743e-43
0.0
0.0
0.0
0.0
0.0
0.0
0.0
0.0
0.0
0.0
0.0
0.0
5.294847253446221e-05
0.00036004685044703505
0.0016317219082767308
0.004928500684369249
0.009921219220468068
0.013310575063350844
0.012923660111029014
0.008816980513056658
0.0040089974720067855
0.0012148795790220637
0.0002453647835298915
3.302727753393648e-05
2.96288551043247e-06
1.7714892145267e-07
7.059008472112705e-09
1.8746942265990377e-10
3.3181707364951353e-12
3.914250034294358e-14
3.077371641740459e-16
1.612474587646209e-18
5.631023744893481e-21
1.3105795486772438e-23
2.0329231559380903e-26
2.1016485238505836e-29
1.4480406773810815e-32
6.649409076792158e-36
2.0350208002418605e-39
4.151392008326894e-43
2.3500563499242562e-49
6.243429484632105e-52
1.1054769566325012e-54
1.2914220871531107e-56
1.162779250833468e-59
6.977629174223176e-63
2.790615776215358e-66
7.43830107862575e-70
0.0
0.0
0.0
0.0
0.0
0.0
0.0
0.0
6.721841459299339e-34
5.063113759984242e-33
2.5417255463140726e-32
8.503959255056688e-32
1.896248436117041e-31
2.8180639789633116e-31
2.7911810637146467e-31
1.8424967036690275e-31
8.106877917604292e-32
2.3839428917713328e-32
5.037413133377352e-33
2.0401043575582242e-33
3.5475856396196124e-33
5.057815465440688e-33
6.253648368298362e-33
5.1610977180888664e-33
2.8389364899534763e-33
1.040762546825936e-33
2.542899587351286e-34
4.140838730090315e-35
4.493957597378148e-36
3.2505074977083044e-37
1.566949218469333e-38
5.034313077923221e-40
1.077970973274129e-41
1.5383510816926656e-43
1.3062315549502375e-34
1.0735778290669015e-33
5.880692156915278e-33
2.1468658367519033e-32
5.22351580207447e-32
8.470371703990291e-32
9.154266952639922e-32
6.59365508380414e-32
3.165267553009105e-32
1.0126891910780873e-32
2.1593521403054703e-33
3.0686850431852288e-34
2.906449021080927e-35
4.820260383431256e-36
2.321579030779828e-37
7.452088334301728e-39
1.5942413313589414e-40
2.2730640971136938e-42
2.159985564625136e-44
1.3679542192648178e-46
5.7739607326307074e-49
1.6242678080137002e-51
3.045250309894144e-54
3.8051335449206495e-57
3.168825752614421e-60
1.7587672197071794e-63
6.505788109694802e-67
1.6038842197367925e-70
0.0
0.0
0.0
0.0
0.0
0.0
0.0
0.0
0.0
0.0
0.0
0.0
0.0
0.0
0.0
0.0
0.0
0.0
0.0
0.0
0.0
0.0
0.0
0.0
0.0
0.0
0.0
0.0
0.0
0.0
0.0
0.0
0.0
0.0
0.0
0.0
0.0
0.0
0.0
0.0
0.0
0.0
0.0
0.0
0.0
0.0
0.0
0.0
0.0
0.0
0.0
0.0
0.0
0.0
0.0
0.0
0.0
0.0
0.0
0.0
0.0
0.0
0.0
0.0
0.0
0.0
0.0
0.0
9.938996823702352e-05
0.0009386057989796024
0.0059075235628686835
0.024780452939813603
0.0692778763055643
0.12908073809213422
0.1602912672012265
0.13265995104277897
0.07317308262029353
0.02689951304003666
0.0065905101473471995
0.001076155912818428
0.00011711510377435057
8.49438942070507e-06
4.106132645731499e-07
1.3228644048027846e-08
2.8403982399774054e-10
4.06466433812639e-12
3.8766062147404767e-14
1.3915662316452267e-15
6.748907289461061e-18
2.1814466247929116e-20
4.6993443367658736e-23
6.747012442742546e-26
6.457516344568776e-29
9.40764746244234e-32
1.2772370443855487e-31
2.054542807320184e-31
2.202926040285931e-31
1.5742227979106035e-31
7.535336759220051e-32
2.677423739391024e-32
2.0618188634519014e-32
5.509484427536462e-32
1.2656052427309388e-31
1.9608758831791373e-31
2.0257894439427364e-31
1.394853413837859e-31
6.400954321147711e-32
1.9576833552440506e-32
3.990448566394882e-33
5.421039039123165e-34
4.908229940740197e-35
2.9617528434827918e-36
1.191116596598008e-37
1.1159860795113333e-38
2.282268938575052e-40
3.110687686122981e-42
2.8257097401419216e-44
1.7107251313453013e-46
6.90262802547549e-49
1.856223444367175e-51
3.326806833880719e-54
3.973804200359686e-57
3.1634931049812967e-60
1.678451776816064e-63
5.935159468639932e-67
1.3987415135226639e-70
0.0
0.0
0.0
0.0
0.0
0.0
0.0
0.0
0.0
0.0004377378255483372
0.0031277227928569527
0.014894433230809917
0.04727170394129209
0.08148674444115005
0.13151243611768212
0.14145823215487166
0.10140775729461841
0.04845021159720687
0.015427719221774112
0.00327408026956711
0.0004630826045216426
4.365250391828523e-05
2.7424669400913956e-06
1.1482995379650402e-07
3.204428070099981e-09
5.959741363073242e-11
7.387301878713468e-13
6.102753500890725e-15
3.3600625224249913e-17
1.2329641152675843e-19
3.0153314931661345e-22
4.914749793249201e-25
5.340088556324796e-28
4.369289461240558e-31
1.403439611033824e-32
2.5361672060432867e-33
3.095721990856009e-34
2.518537398243868e-35
1.3655899762832909e-36
1.5614808443060646e-37
4.305394944652074e-39
7.911724409704177e-41
9.689713877078741e-43
7.909196037458484e-45
4.302642757303667e-47
1.5599827297912518e-49
3.769518179346671e-52
6.070625512219833e-55
6.515722680189923e-58
4.660937603785979e-61
2.222109901569208e-64
7.060562931590944e-68
1.4951841005893534e-71
0.0
0.0
0.0
0.0
0.0
0.0
0.0
0.0
0.0
5.787624083673267e-35
4.062527266352046e-06
1.5493032017131197e-05
8.22806857982581e-05
0.00029123323574475044
0.0006870138878056313
0.0010801190986114543
0.0011317729830541672
0.0007903665431379411
0.00036785725140629815
0.00011410683075818986
2.358986813673169e-05
3.2502811668427378e-06
2.984680840682864e-07
1.8266545050372184e-08
7.450689672139753e-10
2.0254339530610826e-11
3.669621275340786e-13
4.431042875217706e-15
3.565925025736302e-17
1.9125817680142687e-19
6.836744711101492e-22
1.6287718821029677e-24
2.586144052873321e-27
2.7367285461096317e-30
2.1236911259487107e-33
7.913295155428049e-34
2.1509922969281326e-33
3.346514725101498e-33
4.631001737878853e-33
4.271089734836955e-33
2.6253305732610486e-33
1.0755010644159503e-33
2.936427219209235e-34
5.343295417016013e-35
6.480084645142414e-36
5.237616788018259e-37
2.821423694630737e-38
1.0129416920462849e-39
2.423718247212579e-41
3.865105621784597e-43
4.1079216189926873e-45
2.9098089727213155e-47
1.3736887994968354e-49
4.322089778897016e-52
9.063183198582046e-55
1.2666285758185573e-57
1.1797754452761784e-60
7.32370718904682e-64
3.030010545045437e-67
8.354853820440869e-71
0.0
0.0
0.0
0.0
0.0
0.0
0.0
0.0
0.0
0.0
0.0
0.0
0.0
0.0
0.0
4.3398496884226515e-35
2.9440808293315912e-34
1.3310866230190071e-33
4.0109242199066846e-33
8.054973996516703e-33
1.0781157160265971e-32
9.617189183472824e-33
5.717583158718585e-33
2.2654702771049036e-33
5.982542541877559e-34
1.0529185346654282e-34
1.2350521442497876e-35
9.65511310127348e-37
1.4089846874281594e-37
5.601198000831278e-39
1.4840110172625497e-40
2.6204439412924246e-42
3.08385656224254e-44
2.418772455627841e-46
1.264379387331764e-48
4.4049537011027633e-51
1.022790857258666e-53
1.5827556574303994e-56
1.6323844914121069e-59
1.122050991375845e-62
5.140250401778224e-66
1.569413939902278e-69
3.1935394403347543e-73
0.0
0.0
0.0
0.0
0.0
0.0
2.453376239221969e-05
0.0001956509962661987
0.0010398759180783271
0.003683515705940067
0.008696111095815353
0.012306492983575612
0.014774045838866212
0.011820779712848548
0.006303392551459705
0.0022401862769752205
0.0005306100347411508
8.376224979112928e-05
8.812573587915447e-06
6.179292134600656e-07
2.887727753503632e-08
8.994050345245642e-10
1.8669639406402365e-11
2.582843509204676e-13
2.381451853560953e-15
1.4634135296390143e-17
5.993408428551039e-20
1.6359206362586241e-22
2.975994577743919e-25
3.6081417298552306e-28
2.9155237910854603e-31
1.5701138300040977e-34
5.6354322956685e-38
1.3480465281051926e-41
0.0
0.0
0.0
0.0
0.0
0.0
0.0
0.0
0.0
0.0
0.0
0.0
0.0
0.0
0.0
0.0
1.2439498700162136e-34
1.008931198710121e-33
5.453832210927921e-33
1.9648234901649023e-32
4.7176623967720765e-32
7.54938761477626e-32
8.051524854763527e-32
5.723031017976507e-32
2.7111628800782155e-32
8.559860122870953e-33
1.801188951269998e-33
2.526000480563248e-34
3.1423543052341814e-35
3.583264689141251e-35
1.8858243640502855e-34
3.2269405742489485e-05
0.000305202440883161
0.001923829525488273
0.008082146473433326
0.022629158084957156
0.04222713571305545
0.05251657561775262
0.043529404298593685
0.024046429288051802
0.00885319472257523
0.0021723559362620943
0.0003552577016708687
3.872019776167143e-05
2.8126337253196955e-06
1.3616652091186756e-07
4.393484016769894e-09
9.447769921964545e-11
1.3540388161759245e-12
1.2933452384377862e-14
8.233402952409013e-17
3.4932190613100636e-19
9.87765424049302e-22
1.8615013984149887e-24
2.2669255542678898e-26
2.1724479770074245e-29
7.844549399436682e-06
6.84295470618214e-05
0.0003978330659571437
0.0015414861828893251
0.003980704538969913
0.006851123557448223
0.007858600364387484
0.006007726541716895
0.0030609529691882045
0.001039404769884777
0.00023523086325215092
3.54801500140606e-05
3.5666306768662764e-06
2.389529420769535e-07
1.0669600824017598e-08
3.17515923037802e-10
6.29744517872193e-12
8.32424453570449e-14
7.333424279487447e-16
4.3057651926613195e-18
1.6849050090444212e-20
4.3942225490680685e-23
7.637834145263673e-26
8.847894728772966e-29
7.789698030333913e-31
4.588734453099765e-34
1.8015518996602816e-37
4.713919675584961e-41
0.0
0.0
0.0
0.0
0.0
0.0
0.0
0.0
0.0
0.0
0.0
0.0
0.0
0.0
0.0
0.0
0.0
0.0
0.0
0.0
0.0
0.0
0.0
0.0
0.0
0.0
0.0
0.0
0.0
0.0
0.0
0.0
0.0
0.0
0.0
0.0
0.0
0.0
0.0
0.0
0.0
0.0
0.0
0.0
0.0
0.0
0.0
0.0
0.0
0.0
0.0
0.0
0.0
0.0
0.0
0.0
0.0
0.0
0.0
7.492349319291673e-35
4.943452523726904e-34
2.1738234326746484e-33
6.370884217285192e-33
1.2443905577507052e-32
1.6199262760729438e-32
1.4054498096328061e-32
8.12675150345223e-33
3.131844334551534e-33
8.043867409885361e-34
1.37692785956887e-34
1.5708655633762992e-35
1.1943961625035878e-36
6.052563127178054e-38
6.615573112659613e-39
1.7047511110037686e-40
2.927763815797639e-42
3.351140559133898e-44
2.5564117050822538e-46
1.299722085830748e-48
4.404045006157477e-51
9.945681478029123e-54
8.784767898258315e-35
7.023526244576269e-34
3.7424988521963176e-33
1.3290756159926027e-32
3.1457141282129093e-32
4.962155431128517e-32
5.216786011801197e-32
3.6552512128161074e-32
1.706919285479082e-32
5.312394138376459e-33
1.1019176529046279e-33
1.5233143755090592e-34
1.403497000052933e-35
8.61816857864632e-37
3.52695590084358e-38
9.619812831057059e-40
1.2609184006527625e-06
9.62626122163154e-06
2.9790121619941326e-05
0.00011564996795829009
0.000299226674149775
0.0005159844841348939
0.000592999773534799
0.00045420714405688825
0.00023186486407067032
7.888555256143561e-05
1.7887166509002932e-05
2.7031315147984867e-06
2.7225405069624583e-07
1.8275239303253488e-08
8.175858059565072e-10
2.4377275296001924e-11
4.8441605540573e-13
6.415543353121638e-15
5.662782841263993e-17
3.331255312802062e-19
1.3060730818582342e-21
3.412782307769476e-24
5.943349130718757e-27
6.898194685280507e-30
5.3360660912400785e-33
2.7509868085979373e-36
9.452300036424953e-40
3.701165740597029e-42
3.2096757088527966e-50
7.380354008760001e-53
1.131031708165262e-55
1.1551913152010219e-58
7.863476588730759e-62
3.567441246389659e-65
1.0786501510014542e-68
2.1736315847217484e-72
0.0
0.0
0.0
0.0
0.0
0.0
6.25679578752232e-05
0.0004745938372132039
0.0023992403492904173
0.008083640049638496
0.018151884748094965
0.027165520590848195
0.02709541998225256
0.018011724274009586
0.007979877810090559
0.002356235748902184
0.00046368472410909486
0.00012521595794598545
1.2530439626023987e-05
8.357078555209098e-07
3.7147039605568806e-08
1.1004630916579984e-09
2.1727427132018905e-11
2.8590560598170493e-13
2.5073709397005013e-15
1.4655345230141218e-17
5.708934586884881e-20
1.4821618430647886e-22
2.56458878498017e-25
2.9574774898148273e-28
2.273077319540548e-31
1.1673448075948845e-34
5.503926239012925e-38
5.246548798080221e-40
1.1587753581322008e-41
1.7356326814085214e-43
1.7325985050719985e-45
1.1527087762595554e-47
5.111199260351564e-50
1.5104542413800208e-52
2.97491034538703e-55
3.905006302056739e-58
3.4162617970738673e-61
2.494240201169284e-63
1.1096097402721264e-66
3.289908309166306e-70
6.5009806922773926e-74
0.0
0.0
0.0
0.0
0.0
0.0
0.0
0.0
0.0
1.0165937264378221e-35
7.250749108940355e-35
3.446671386030648e-34
1.0919391258186265e-33
2.305571127562752e-33
3.24444316130898e-33
3.0428697572018094e-33
1.7453950419313848e-05
0.00013945624768722337
0.0007426150754912053
0.0026355490023796248
0.006233902099374702
0.00982721387584379
0.010624574716495454
0.008516959178789946
0.004550290508284549
0.0016202246367804946
0.00038449693920308603
6.081239256987773e-05
6.410218630198294e-06
4.503344195959569e-07
2.1085261421501627e-08
6.579674147703358e-10
1.368394533281547e-11
1.8967051486621586e-13
1.7521442746888677e-15
1.078751599975115e-17
4.4264400840253565e-20
1.2105124914989618e-22
2.206304795270637e-25
2.680052432420012e-28
2.169714645877742e-31
1.1706942860605686e-34
4.2098432441799334e-38
1.008950591852703e-41
0.0
0.0
0.0
0.0
0.0
0.0
0.0
0.0
0.0
0.0
0.0
0.0
0.0
0.0
0.0
0.0
0.0
0.0
0.0
0.0
0.0
0.0
0.0
0.0
0.0
0.0
0.0
0.0
0.0
0.0
0.0
0.0
0.0
0.0
0.0
0.0
0.0
0.0
0.0
0.0
0.0
0.0
0.0
0.0
0.0
0.0
0.0
0.0
0.0
0.0
0.0
0.0
0.0
0.0
0.0
0.0
0.0
0.0
0.0
0.0
0.0
0.0
0.0
0.0
0.0
0.0
0.0
0.0
0.0
0.0
0.0
0.0
0.0
0.0
0.0
0.0
0.0
0.0
0.0
0.0
0.0
0.0
0.0
0.0
0.0
0.0
0.0
0.0
0.0
0.0
0.0
0.0
0.0
0.0
0.0
0.0
0.0
0.0
0.0
0.0
0.0
0.0
0.0
0.0
0.0
0.0
0.0
0.0
0.0
0.0
0.0
0.0
0.0
0.0
0.0
0.0
0.0
0.0
0.0
0.0
0.0
0.0
0.0
0.0
0.0
0.0
0.0
0.0
0.0
0.0
0.0
0.0
0.0
0.0
0.0
0.0
0.0
0.0
0.0
0.0
0.0
0.0
0.0
0.0
0.0
0.0
0.0
0.0
0.0
0.0
0.0
0.0
0.0
0.0
0.0
0.0
0.0
0.0
0.0
0.0
0.0
0.0
0.0
0.0
0.0
0.0
0.0
0.0
0.0
0.0
0.0
0.0
0.0
0.0
0.0
0.0
0.0
0.0
0.0
0.0
0.0
0.0
0.0
0.0
0.0
0.0
0.0
0.0
0.0
0.0
0.0
0.0
0.0
0.0
0.0
0.0
0.0
0.0
0.0
0.0
0.0
0.0
0.0
0.0
0.0
0.0
0.0
0.0
0.0
0.0
0.0
0.0
0.0
0.0
0.0
0.0
0.0
0.0
0.0
0.0
0.0
0.0
0.0
0.0
0.0
0.0
0.0
0.0
0.0
0.0
0.0
0.0
0.0
0.0
0.0
0.0
0.0
0.0
0.0
0.0
0.0
0.0
0.0
0.0
0.0
0.0
0.0
0.0
0.0
0.0
0.0
0.0
0.0
0.0
0.0
0.0
0.0
0.0
0.0
0.0
0.0
0.0
0.0
0.0
0.0
0.0
0.0
0.0
0.0
0.0
0.0
0.0
0.0
0.0
0.0
0.0
0.0
0.0
0.0
0.0
0.0
0.0
0.0
0.0
0.0
0.0
0.0
0.0
0.0
0.0
0.0
0.0
0.0
0.0
0.0
0.0
0.0
0.0
0.0
0.0
0.0
0.0
0.0
0.0
0.0
0.0
0.0
0.0
0.0
0.0
0.0
0.0
0.0
0.0
0.0
0.0
0.0
0.0
0.0
0.0
0.0
0.0
0.0
0.0
