a = 4.895942936505064 b = 4.895942936505064 c = 14.027930272581965 ,Gaussian ,LMH = 0.08 ,DW = [1.2 1.2]
0.0
0.0
0.0
0.0
0.0
0.0
0.0
0.0
0.0
0.0
0.0
0.0
0.0
0.0
0.0
0.0
0.0
0.0
0.0
0.0
0.0
0.0
0.0
0.0
0.0
0.0
0.0
0.0
0.0
0.0
0.0
0.0
0.0
0.0
0.0
0.0
0.0
0.0
0.0
0.0
0.0
0.0
0.0
0.0
0.0
0.0
0.0
0.0
0.0
0.0
0.0
0.0
0.0
0.0
0.0
0.0
0.0
0.0
0.0
0.0
0.0
0.0
0.0
0.0
0.0
0.0
0.0
0.0
0.0
0.0
0.0
0.0
8.31807377909902e-34
6.81550557710272e-33
3.721816312990228e-32
1.354544698554157e-31
3.285589446189734e-31
5.3114707841839715e-31
5.72265872644367e-31
4.109248883666056e-31
1.9665662997508619e-31
6.272436703752764e-32
1.3333541917092183e-32
1.8890189813556816e-33
1.7836459880953445e-34
1.1224384851896102e-35
4.707582988938666e-37
1.3158760087676392e-38
2.451396158024561e-40
3.043642091937785e-42
2.5185768674031907e-44
8.224266143605265e-46
3.460679377091489e-48
9.705258828283862e-51
1.8139880733520508e-53
2.259660951757873e-56
1.8760036650328865e-59
1.0380197873451795e-62
3.8278871903447585e-66
9.407932151424213e-70
0.0
0.0
0.0
0.0
0.0
0.0
0.0
0.0
0.0
0.0
0.0
0.0
0.0
0.0
0.0
0.0
0.0
0.0
0.0
0.0
0.0
0.0
0.0
0.0
0.0
0.0
0.0
0.0
0.0
0.0
0.0
0.0
0.0
0.0
0.0
0.0
0.0
0.0
0.0
0.0
0.0
0.0
0.0
0.0
0.0
0.0
0.0
0.0
0.0
0.0
0.0
0.0
0.0
0.0
0.0
0.0
0.0
0.0
0.0
0.0
0.0
0.0
0.0
0.0
0.0
0.0
0.0
0.0
0.0
0.0
0.0
0.0
0.0
0.0
0.0
0.0
0.0
0.0
0.0
0.0
0.0
0.0
0.0
0.0
0.0
0.0
0.0
0.0
0.0
0.0
0.0
0.0
0.0
0.0
0.0
0.0
0.0
0.0
0.0
0.0
0.0
0.0
0.0
0.0
0.0
0.0
0.0
0.0
0.0
0.0
0.0
0.0
0.0
0.0
0.0
0.0
0.0
0.0
0.0
0.0
0.0
0.0
0.0
0.0
0.0
0.0
0.0
0.0
0.0
0.0
0.0
0.0
0.0
0.0
0.0
0.0
0.0
0.0
0.0
0.0
0.0
0.0
0.0
0.0
0.0
0.0
0.0
0.0
0.0
0.0
0.0
0.0
0.0
0.0
0.0
0.0
0.0
0.0
0.0
0.0
0.0
0.0
0.0
0.0
0.0
0.0
0.0
0.0
0.0
0.0
0.0
0.0
0.0
0.0
0.0
0.0
0.0
0.0
0.0
0.0
0.0
0.0
0.0
0.0
0.0
1.1716419408000374e-33
1.0940065981942228e-32
6.808109328741201e-32
2.8236746145871603e-31
7.805205210425596e-31
1.437922734771695e-30
1.7655024438096668e-30
1.4447165369287972e-30
7.879134480736059e-31
2.863887344731623e-31
6.9376900906158e-32
2.1518982527312477e-32
2.650838556074788e-33
2.1763381381510913e-34
1.1908334214350849e-35
4.342673766845228e-37
1.0554676913908311e-38
1.7096776349325153e-40
1.84571680086912e-42
1.3279980844049942e-44
6.368122071768652e-47
2.035198900676567e-49
4.3349479482721725e-52
6.153787041588316e-55
5.822139231495742e-58
3.671168001009912e-61
1.5427923605671287e-64
4.321079417681193e-68
0.0
0.0
0.0
0.0
0.0
0.0
0.0
0.0
0.0
0.0
0.0
0.0
0.0
0.0
0.0
0.0
0.0
0.0
0.0
0.0
0.0
0.0
0.0
0.0
0.0
0.0
0.0
0.0
0.0
0.0
0.0
0.0
0.0
0.0
0.0
0.0
0.0
0.0
0.0
0.0
0.0
0.0
0.0
0.0
0.0
0.0
0.0
0.0
0.0
0.0
0.0
0.0
0.0
0.0
0.0
0.0
0.0
0.0
0.0
0.0
0.0
0.0
0.0
0.0
0.0
0.0
0.0
0.0
0.0
0.0
0.0
0.0
0.0
0.0
0.0
0.0
0.0
0.0
0.0
0.0
0.0
0.0
0.0
0.0
0.0
0.0
0.0
0.0
0.0
0.0
0.0
0.0
0.0
0.0
0.0
0.0
0.0
0.0
0.0
0.0
0.0
0.0
0.0
0.0
0.0
0.0
0.0
0.0
0.0
0.0
0.0
0.0
0.0
0.0
0.0
0.0
0.0
0.0
0.0
0.0
0.0
0.0
0.0
0.0
0.0
0.0
0.0
0.0
0.0
0.0
0.0
0.0
0.0
0.0
0.0
0.0
0.0
0.0
0.0
0.0
0.0
0.0
0.0
0.0
0.0
0.0
0.0
0.0
0.0
0.0
0.0
0.0
0.0
0.0
0.0
0.0
0.0
0.0
0.0
0.0
0.0
0.0
0.0
0.0
0.0
0.0
0.0
0.0
0.0
0.0
0.0
0.0
0.0
0.0
0.0
0.0
0.0
0.0
0.0
0.0
0.0
0.0
0.0
0.0
0.0
0.0
0.0
1.61081947056285e-33
1.2872145373442398e-32
4.106651409631468e-32
1.6687623214811363e-31
4.5194197517518e-31
8.157412451413806e-31
9.813043223621368e-31
7.867496353711736e-31
4.20388606380467e-31
1.4970864234132022e-31
3.5532384661619484e-32
5.620609152621604e-33
5.92548585480822e-34
4.163380400266815e-35
1.949619092483084e-36
6.084641472650765e-38
1.2656154430781405e-39
1.7544867222261442e-41
1.6209885771878634e-43
9.981397958250023e-46
4.096230021600901e-48
1.1203632362575735e-50
2.0422782431956995e-53
2.481147141101577e-56
2.0089617963632576e-59
1.084107587373636e-62
3.8990125946172e-66
9.345842123642702e-70
0.0
0.0
0.0
0.0
0.0
0.0
0.0
0.0
0.0
0.0
0.0
0.0
0.0
0.0
0.0
0.0
0.0
0.0
0.0
0.0
0.0
0.0
0.0
0.0
0.0
0.0
0.0
0.0
0.0
0.0
0.0
0.0
0.0
0.0
0.0
0.0
0.0
0.0
0.0
4.3382414635059246e-34
3.1279184458341326e-33
1.503068141250727e-32
4.81374927648072e-32
1.0274715638033828e-31
1.4616308613776925e-31
1.3857572057188973e-31
8.756249643960312e-32
3.687488483219244e-32
1.0349628436736642e-32
1.9359778869496352e-33
2.4135570821435086e-34
4.8076173024334627e-35
3.047822368017845e-36
1.2877482332791508e-37
3.6262172674781565e-39
6.805471642694805e-41
8.512246351112353e-43
7.095968638542584e-45
3.9424004802996553e-47
1.4597932087442213e-49
3.6024958311534846e-52
5.925120446103424e-55
6.494899383411077e-58
4.744923556949181e-61
2.3102956527313345e-64
7.496998947440075e-68
1.6213952150790698e-71
0.0
0.0
0.0
0.0
6.315190585411728e-34
4.3970345342585487e-33
2.0403977677551405e-32
6.310319534239503e-32
1.3006768501508978e-31
1.7867715070379052e-31
1.7623937753427405e-31
1.2311334698284744e-31
5.731771576678048e-32
1.7785011851445566e-32
3.677909101167054e-33
5.06908264986363e-34
4.656282284555358e-35
2.8505638843371588e-36
1.1630645101695923e-37
3.1627027586310156e-39
5.731845810262213e-41
6.923284348914627e-43
5.5732867339470376e-45
2.9901443429136385e-47
1.0691889654500783e-49
2.5479935873890774e-52
4.046911820770135e-55
4.283814934834519e-58
3.022172210659504e-61
1.4209842467447453e-64
4.4528787222231556e-68
9.299808778767378e-72
0.0
0.0
0.0
0.0
0.0
0.0
0.0
0.0
0.0
0.0
0.0
0.0
0.0
0.0
0.0
0.0
0.0
0.0
0.0
0.0
0.0
0.0
0.0
0.0
0.0
0.0
0.0
0.0
0.0
0.0
0.0
0.0
0.0
0.0
0.0
0.0
0.0
0.0
0.0
0.0
0.0
0.0
0.0
0.0
0.0
0.0
0.0
0.0
0.0
0.0
0.0
0.0
0.0
0.0
0.0
0.0
0.0
0.0
0.0
0.0
0.0
0.0009023873428981512
0.006631990877758751
0.03248451547310141
0.10604505331030452
0.2307203938205408
0.33455159296695114
0.32331195827382214
0.20823895812584484
0.08938893119790399
0.025573316588604143
0.004876092254736298
0.0006196383954909417
5.247908759858548e-05
2.962209559034254e-06
1.1143633763974573e-07
2.7939551492705986e-09
4.668674307348965e-11
5.199352641734927e-13
3.859104317008573e-15
1.9089972850084006e-17
4.423696932381411e-19
1.1127734074056398e-21
1.865561881880773e-24
2.0844627019973746e-27
1.5522445577187144e-30
7.703848105456326e-34
2.5482194427203627e-37
5.617556988272388e-41
0.0
5.341382349735505e-35
4.159764847144857e-34
2.1590636328149067e-33
7.468676558838559e-33
1.7218820957431879e-32
2.645725094021311e-32
2.7093653416590196e-32
1.849149283870637e-32
8.411199318778501e-33
2.5499133550220462e-33
5.151983586729756e-34
6.937533067604333e-35
6.226116027972497e-36
3.724010540945564e-37
1.4845203029838403e-38
3.944054702084344e-40
2.802947620076112e-41
3.78681728219901e-43
3.409692914906498e-45
2.046151244027538e-47
8.183550091666248e-50
2.181359805102491e-52
3.875202626091798e-55
4.588207742082491e-58
3.620539410189316e-61
1.904079306774655e-64
6.673879106766179e-68
1.5590253817739182e-71
0.0
0.0
0.0
0.0
0.0
0.0
0.0
0.0
0.0
0.0
0.0
0.0
0.0
0.0
0.0
0.0
0.0
0.0
0.0
0.0
0.0
0.0
0.0
0.0
0.0
0.0
0.0
0.0
0.0
0.0
0.0
0.0
0.0
0.0
0.0
0.0
0.0
0.0
0.0
0.0
0.0
0.0
0.0
0.0
0.0
0.0
0.0
0.0
0.0
0.0
0.0
0.0
0.0
0.0
0.0
0.0
0.0
0.0
0.0
0.0
0.0
0.0
0.0
0.0
0.0
0.0
0.0
0.0
0.0
0.0
0.0
0.0
0.0
0.0
1.9373935276472683e-33
1.468740031368018e-32
7.420848538639258e-32
2.498870507838542e-31
5.608096570035631e-31
8.388199746308646e-31
8.361873478694226e-31
5.555459279638021e-31
2.459902497487586e-31
7.259343824484514e-32
1.4277704442429352e-32
1.871547943316491e-33
1.6350275483170468e-34
9.519863912381372e-36
3.694179160442381e-37
9.554032540753142e-39
1.6467854699173105e-40
8.770777491397613e-42
7.687603644577275e-44
4.4908176699709685e-46
1.748402463633106e-48
4.536688336645873e-51
7.84545305955099e-54
9.042294756383162e-57
6.945777060462603e-60
3.5558592939314706e-63
1.2132487251287205e-66
2.7589045024557902e-70
0.0
0.0
0.0
0.0
0.0
0.0
0.0
0.0
0.0
0.0
0.0
0.0
0.0
0.0
0.0
0.0
0.0
0.0
0.0
0.0
0.0
0.0
0.0
0.0
0.0
0.0
0.0
0.0
0.0
0.0
0.0
0.0
0.0
0.0
0.0
0.0
0.0
0.0
0.0
0.0
0.0
0.0
0.0
0.0
0.0
0.0
0.0
0.0
0.0
0.0
0.0
0.0
0.0
0.0
0.0
0.0
0.0
0.0
0.0
0.0
0.0
0.0
0.0
0.0
0.0
0.0
0.0
0.0
0.0
0.0
0.0
0.0
0.0
0.0
0.0
0.0
0.0
0.0
0.0
0.0
0.0
0.0
0.0
0.0
0.0
0.0
0.0
0.0
0.0
6.833958732549052e-35
6.113258328406607e-34
3.644640464692139e-33
9.564821047295417e-33
2.89975545281546e-32
5.859053271583243e-32
7.889964839431945e-32
7.081157223296682e-32
4.235600146587847e-32
1.6885239317941075e-32
4.4862248249297446e-33
7.943948066854775e-34
9.375043825126202e-35
7.373806978289785e-36
3.865376230277469e-37
1.35043388438391e-38
3.1443901672228994e-40
4.8795646987463335e-42
5.046697573414153e-44
3.4786843848113254e-46
1.5981013688686908e-48
4.8929994559402964e-51
9.984528468970998e-54
1.3578803384891828e-56
1.2307702457669374e-59
7.434881059481147e-63
2.993316296690683e-66
8.03179736798643e-70
0.0
0.0
0.0
0.0
0.0
0.0
0.0
0.0
0.0
0.0
0.0
0.0
0.0
0.0
0.0
0.0032784606565508887
0.023172499668510628
0.10915844520448505
0.34270729250798365
0.7170854307116263
1.0
0.9294170800531398
0.575708772042306
0.23767121838357616
0.0653930940617614
0.011991367926805973
0.0030893052085881937
0.00028807146352865777
1.7902810289659387e-05
7.415214670605293e-07
2.0469526435727332e-08
3.765940121832488e-10
4.617645341195732e-12
3.773542844919946e-14
2.0552258090576858e-16
7.460215157103481e-19
1.804781826186377e-21
2.9099103775901063e-24
3.1269149279144476e-27
2.239412337281807e-30
1.0688914798783023e-33
3.4002802456099915e-37
7.209038710963193e-41
0.0
0.0
0.0
0.0
0.0
0.0
0.0
0.0
0.0
0.0
0.0
0.0
0.0
0.0
0.0
0.0
0.0
0.0
0.0
0.0
0.0
0.0
0.0
0.0
0.0
0.0
0.0
0.0
0.0
0.0
0.0
0.0
0.0
0.0
0.0
0.0
0.0
0.0
0.0
0.0
0.0
0.0
0.0
0.0
0.0
0.0
0.0
0.0
0.0
0.0
0.0
0.0
0.0
0.0
0.0
0.0
0.0
0.0
0.0
0.0
0.0
0.0
0.0
0.0
0.0
0.0
0.0
0.0
0.0
0.0
0.0
0.0
0.0
0.0
0.0
0.0
0.0
0.0
0.0
0.0
0.0
0.0
0.0
0.0
0.0
0.0
0.0
0.0
0.0
0.0
0.0
0.0
0.0008473698891477045
0.007009752759258857
0.03864683395134083
0.14200599863928107
0.3477611053790565
0.5675927939693246
0.6174108920320719
0.44760326798280076
0.2162687443500796
0.069642734787087
0.014946497143108207
0.002137886171245935
0.00020380333240409984
1.2948502110935587e-05
5.482887451696028e-07
1.5473219219361876e-08
2.910271954180759e-10
3.648110780443494e-12
3.0477827720785566e-14
1.6969988576882773e-16
4.255142449161686e-18
1.2047979613408526e-20
2.2735048902809e-23
2.859297067548348e-26
2.3988772526814165e-29
4.3143662656942026e-32
2.644986659618775e-32
1.566396618719951e-32
6.183627523743166e-33
1.6269210887635376e-33
2.8527991994664212e-34
3.333937602956098e-35
2.5967209339024515e-36
1.3479526564873025e-37
4.6634309103071e-39
1.0752711736830454e-40
1.652387905849455e-42
1.6923397690153244e-44
1.1551667000986127e-46
5.255128137263775e-49
1.593321832832754e-51
3.219624715167826e-54
4.3359927374222494e-57
3.8918257556397875e-60
2.328090066435912e-63
9.281704033157905e-67
4.0131051096848683e-69
0.0
0.0
0.0
0.0
0.0
0.0
0.0
0.0
0.0
0.0
0.0
0.0
0.0
2.868084985538104e-33
8.736313000977547e-05
0.0005765968925762397
0.0025362844433449547
0.007435414199214437
0.014527601660446967
0.018917521147866486
0.01641784235608489
0.009496191905906193
0.003660702468324778
0.0009405046124336175
0.0003033840805374562
3.963618678353737e-05
3.451218792135638e-06
2.0027865534326427e-07
7.74601599585305e-09
1.996657897334669e-10
3.430129204894866e-12
3.9273431238844635e-14
2.996875916548701e-16
1.5241237309342116e-18
5.165986142969512e-21
1.1669917843287823e-23
1.756972064280095e-26
1.7649917544058245e-29
1.8963127297873716e-32
1.6902247994600766e-33
2.6377800889770965e-34
2.7520819771520063e-35
1.913675315986923e-36
8.868633276931915e-38
2.7392185687506827e-39
5.638690082978073e-41
7.735908276719639e-43
7.073363000993599e-45
4.310445210848365e-47
1.7506521451124668e-49
3.557016456009324e-51
7.346258153364756e-54
1.0111790083531013e-56
9.276228819795919e-60
5.67148005191284e-63
2.3110157910027173e-66
6.276116048070472e-70
0.0
0.0
0.0
0.0
0.0
0.0
0.0
0.0
0.0
0.0
0.0
0.0
0.0
0.0
0.0
0.0
0.0
0.0
0.0
0.0
0.0
0.0
0.0
0.0
0.0
0.0
0.0
0.0
0.0
0.0
0.0
0.0
0.0
0.0
0.0
0.0
0.0
0.0
0.0
0.0
0.0
0.0
0.0
0.0
0.0
0.0
0.0
0.0
0.0
0.0
0.0
0.0
0.0
0.0
0.0
0.0
0.0
0.0
0.0
0.0
0.0
0.0
0.0
0.000673354036792057
0.004359984589249217
0.018815163150814756
0.05411436555255748
0.10372864428071772
0.13251540879543142
0.1128276669090822
0.08090014237060573
0.03502685086807578
0.010107283533749364
0.001943790040861326
0.00024914134496997737
2.128255697857216e-05
1.2116672041430236e-06
4.597528706980073e-08
1.162644909321584e-09
1.959527159543244e-11
2.2010860857191063e-13
1.6477993138406987e-15
8.221539641533201e-18
2.733905765199462e-20
6.058923577499806e-23
8.949297731362575e-26
8.809758167504537e-29
5.779903204449789e-32
2.527311025532572e-35
7.365095233459096e-39
1.4304727524208941e-42
0.0
0.0
0.0
0.0
0.0
0.0
1.4738211194660927e-34
1.0022038377753053e-33
4.542018466200091e-33
1.371902595880735e-32
2.761717222915995e-32
3.7052429278234375e-32
3.3131089209287586e-32
1.9744052125570372e-32
7.841847857761697e-33
2.075783634201238e-33
3.662075579368403e-34
4.305802157219579e-35
3.3741344729791794e-36
1.7621880474255186e-37
6.13371599875154e-39
1.4229073545878136e-40
2.1999415024550133e-42
7.834999223526305e-35
5.212189850997777e-34
2.3109100593305624e-33
6.82853292927042e-33
1.3447864398071857e-32
1.7650653224013545e-32
1.544008874369533e-32
9.001613253430117e-33
5.0141991837481786e-33
1.4865335655752423e-33
2.9371721808262063e-34
3.867814530510559e-35
3.3945594830959203e-36
1.9855588062066245e-37
7.740404078243002e-39
2.0110647802642954e-40
3.482330893233854e-42
4.018792279366277e-44
3.0910258070869692e-46
1.584496378737943e-48
5.41329156363004e-51
1.2325743774815973e-53
1.870451277642965e-56
1.8917389798177224e-59
1.275139131529459e-62
5.728428314329448e-66
1.7151216930532278e-69
3.422440806507533e-73
0.0
0.0
0.0
0.0
0.0
0.0
0.0
0.0
1.1993253688967496e-34
1.0908500687335746e-33
6.612636570503269e-33
2.6715653007704317e-32
7.193470744798229e-32
1.2909003470052637e-31
1.5439331836526551e-31
1.2306819579154199e-31
6.537996958216013e-32
2.3148621973773517e-32
5.462445532910215e-33
8.590741370623028e-34
9.004419456197367e-35
6.290169363806376e-36
1.6360324206350245e-05
0.00013734969640478032
0.0007685020850229062
0.002865787239966671
0.007122367642386458
0.011797401995520066
0.013023566060821237
0.009581974363278758
0.004698526060432641
0.002332027086386786
0.000581490744068232
9.663480400609881e-05
1.0703008795178033e-05
7.900593964272608e-07
3.88682646535547e-08
1.2744186192826337e-09
2.784906461366051e-11
4.055932006536309e-13
3.9368808150466935e-15
2.5468033746260254e-17
1.098044938336249e-19
3.155196127844922e-22
6.042466896628796e-25
7.714760238848079e-28
8.969958658677426e-31
1.7250501018463712e-31
9.923190537391705e-32
4.994251259053705e-32
2.1201442873834707e-32
6.85081764965843e-33
1.5613530840393884e-33
2.422217269444637e-34
2.523182784764647e-35
1.7562647328355434e-36
8.154548439294593e-38
8.409854016354226e-39
1.986412418418001e-40
3.127190352334358e-42
3.281167817595082e-44
2.294493084643712e-46
1.0693688167879518e-48
3.3216214546650766e-51
6.876293620148095e-54
9.487248443187213e-57
8.723840065651303e-60
5.34634116639876e-63
2.1836709276256633e-66
5.944280087600932e-70
0.0
0.0
0.0
0.0
0.0
0.0
0.0
0.0
0.0
0.0
0.0
0.0
0.0
0.0
0.0
0.0
0.0
0.0
0.0
0.0
0.0
0.0
0.0
0.0
0.0
0.0
0.0
0.0
0.0
0.0
0.0
0.0
0.0
0.0
5.585762338191433e-34
3.646962476095205e-33
1.5869443022788644e-32
4.6022861968200667e-32
7.470490320647145e-32
1.101700700132138e-31
1.0828285344139078e-31
7.093119981559078e-32
3.096680994621933e-32
9.010257019725198e-33
1.7472676593138168e-33
2.2582043813657253e-34
1.945129861027845e-35
1.1166459744553401e-36
4.2723217918320567e-38
1.0894165191099506e-39
1.8514223597904745e-41
2.0970008222520477e-43
1.582972044617594e-45
7.963966746401723e-48
2.670343797333824e-50
5.967418109442445e-53
8.887657400875837e-56
8.822053570566676e-59
5.836246470271468e-62
2.5732329633241523e-65
7.56146830576008e-69
1.480862427555374e-72
0.0
0.0
0.0
0.0
0.0
0.0
0.0
0.0
0.0
0.0
0.0
0.0
0.0
0.0
0.0
0.0
0.0
0.0
0.0
0.0
0.0
0.0
0.0
0.0
0.0
0.0
0.0
0.0
0.0
0.0
0.0
0.0
0.0
0.0
0.0
0.0
0.0
0.0
0.0
0.0
0.0
0.0
0.0
0.0
0.0
0.0
0.0
0.0
0.0
0.0
0.0
1.0989054936015882e-33
7.682281227894798e-33
2.2418727918167964e-32
7.969726238456876e-32
1.8882408507583616e-31
2.981624324110821e-31
3.137834289858958e-31
2.2008408309421326e-31
1.028794924279345e-31
3.205166090148204e-32
6.655088176032948e-33
9.209554808162618e-34
8.493858227436525e-35
5.2209907890586965e-36
2.138860176512475e-37
5.839738632940541e-39
1.0626395451740404e-40
1.2887245021320117e-42
1.041635435664187e-44
5.611163896333054e-47
2.0145205905806313e-49
4.8202772162083215e-52
7.686946674601034e-55
8.16990994456489e-58
5.7871164132263484e-61
2.7320504587973526e-64
8.596007026427856e-68
1.8025459965495172e-71
0.0
0.0
0.0006798414253016004
0.004821010470839371
0.022785054588711308
0.0717701113889871
0.15066719927287994
0.2108023065703171
0.1965683308936554
0.12216119983759739
0.05059814291839566
0.01396745926367896
0.0025696962905122733
0.00031508500102400705
2.5748694264040675e-05
1.4023752526870243e-06
5.090434061543383e-08
1.231478804337972e-09
1.9855490251011353e-11
2.1336139204788935e-13
1.5280325508776638e-15
7.293414964282525e-18
2.3201218272429337e-20
4.918947689898028e-23
6.950485898798943e-26
6.545452525068331e-29
5.019458613744835e-31
2.4037205076176943e-34
7.671717600322409e-38
1.6318596168761543e-41
5.602895489803137e-66
1.4192315470350972e-69
0.0
0.0
0.0
0.0
0.0
0.0
0.0
0.0
0.0
0.0
0.0
0.0
0.0
0.0
0.0
0.0
0.0
0.0
0.0
0.0
0.0
0.0
0.0
0.0
0.0
0.0
0.0
0.0
0.0
0.0
0.0
0.0
0.0
1.5759962809577966e-36
1.1426571907998113e-35
5.521515223565193e-35
1.778206277185334e-34
3.8166958464219688e-34
5.459772085376034e-34
5.2052671461426855e-34
3.3074484291241843e-34
1.4006340734006542e-34
3.953100371765287e-35
7.435882934434184e-36
9.321993472945484e-37
1.8637764578982033e-37
1.1881537761356216e-38
5.0481590749056236e-40
1.4294697158308126e-41
2.697729707854028e-43
3.393153120218415e-45
2.844395808705293e-47
1.5891253296013934e-49
5.917085140005145e-52
1.4683819412857327e-54
2.4285765620430972e-57
2.6769860754454177e-60
1.9666268905880114e-63
9.628959994878285e-67
3.14208796845856e-70
6.83343150001404e-74
0.0
0.0
0.0
0.0
0.0
0.0
0.0
0.0
0.0
0.0
0.0
0.0
0.0
0.0
0.0
0.0
0.0
0.0
0.0
0.0
0.0
0.0
0.0
0.0
0.0
0.0
0.0
0.0
0.0
0.0
0.0
0.0
0.0
0.0
0.0
0.0
0.0
0.0
0.0
0.0
0.0
0.0
3.325446638500551e-34
0.0012820785205832018
0.008207033893623279
0.03501381057742422
0.09955752167795628
0.18866455880208174
0.2382802899010355
0.20057068765671265
0.11251964553297364
0.04206983371278879
0.010483222020206334
0.0017410062095241379
0.00019270252474071854
1.421530026319784e-05
6.988858031897764e-07
2.2900129997775518e-08
5.000935176033352e-10
7.278569791843702e-12
7.060288121520831e-14
2.5631510492042907e-15
1.264308781564724e-17
4.156364786199745e-20
9.106588387533695e-23
1.329778496485186e-25
1.2941495111960565e-28
8.394042188674757e-32
3.6286024616986836e-35
1.0454160953570136e-38
2.0073380727776003e-42
0.0
0.0
0.0
0.0
0.0
0.0
0.0
0.0
0.0
0.0
0.0
0.0
0.0
0.0
0.0
0.0
0.0
0.0
0.0
0.0
0.0
0.0
0.0
0.0
0.0
0.0
0.0
0.0
0.0
0.0
0.0
0.0
0.0
0.0
0.0
0.0
0.0
0.0
0.0
0.0
0.0
0.0
0.0
0.0
0.0
0.0
0.0
0.0
0.0
0.0
0.0
0.0
0.0
0.0
0.0
0.0
0.0
0.0
8.641210692516695e-05
0.0006692354981741588
0.003454338492656138
0.011883171452206102
0.027244659377795497
0.0416305309736327
0.04239592017913812
0.028775158845962368
0.013016461609612826
0.006122243657650306
0.0014082780245355067
0.00021589756441270992
2.2059142783286266e-05
1.5021422751930438e-06
6.817341568056448e-08
2.0620566261682325e-09
4.1568817349898505e-11
5.58491153855357e-13
5.00088049562266e-15
2.9844080488244066e-17
1.1870020715803001e-19
3.1464895910204017e-22
5.558820751056709e-25
6.545165075047303e-28
5.138240055387198e-31
1.4903190793912734e-33
4.823822489377399e-33
1.2693566948883023e-32
2.226209411797248e-32
2.602135454053806e-32
2.0271007469960017e-32
1.0524520431608697e-32
3.641756010113728e-33
8.398484477873352e-34
1.290840403214922e-34
2.956340784212959e-35
2.310620922321852e-36
1.9006854967743128e-06
1.675226809902315e-05
9.84053061478911e-05
0.0003852520577383286
0.0010052011240091329
0.0017480043626090884
0.0020258794870681887
0.0015648267085396146
0.0008055647263212712
0.0002763860891584438
6.319947466388037e-05
9.631463964180236e-06
9.782563779375374e-07
6.622083006049255e-08
2.987570074263405e-09
8.983035771854474e-11
1.8001541907767376e-12
2.4042400687226364e-14
2.1400676586871665e-16
1.2695760620716162e-18
5.019627554917209e-21
1.3227135799178693e-23
2.3229597145988012e-26
2.718936671469213e-29
2.410302558406946e-31
1.4346024101405193e-34
5.690797062707193e-38
1.504513847849863e-41
0.0
0.0
1.3372452362815518e-34
1.0149637760297877e-33
5.134185713640189e-33
1.7309086705271204e-32
3.8891821256903637e-32
5.824034741878791e-32
5.812609950990196e-32
3.8663392055809554e-32
1.7139978537869778e-32
5.0640984768832763e-33
9.971845916933743e-34
1.1311935014438125e-05
9.617489979588439e-05
0.0005449643986407785
0.002058050698385913
0.005179949843917301
0.008689135872400935
0.009714247635263486
0.007238078692054127
0.003594338532944364
0.0017990792354567694
0.00045430608068990416
7.645895473598356e-05
8.576097534457492e-06
6.411100940262132e-07
3.194162937157688e-08
1.0606279453754616e-09
2.3472027940522727e-11
3.461941376857635e-13
3.4030658556174295e-15
2.229474687473369e-17
9.734559106963627e-20
2.8327717020917563e-22
5.493999197218229e-25
7.1036377404268715e-28
7.526906408600925e-31
6.074341887203204e-32
1.7249058464904187e-32
3.283408356236978e-33
4.165520989610283e-34
3.522048304279668e-35
1.9847364100216705e-36
7.454043348818568e-38
1.8657890476251504e-39
3.1125383627890507e-41
1.6219981531574047e-42
1.375957783308936e-44
7.779315966517031e-47
2.9312932063746407e-49
7.361370219170965e-52
1.2320819820014383e-54
1.3743650459607962e-57
1.0217535239938626e-60
5.0625780920632334e-64
1.6717790355135294e-67
3.679320009601641e-71
0.0
0.0
0.0
0.0
0.0
0.0
0.0
0.0
0.0
0.0
0.0
0.0
0.0
0.0
0.0
0.0
0.0
0.0
0.0
0.0
0.0
0.0
0.0
2.3212531904383645e-34
1.6220261439594818e-33
7.553960931892726e-33
2.3446237885635356e-32
4.8501274149787164e-32
6.68674369510685e-32
6.144092622623904e-32
3.7625508626687997e-32
1.535636948790473e-32
4.177113488853932e-33
7.572609201434934e-34
9.149478964287249e-35
7.367645636718698e-36
3.954054434721974e-37
1.4142888145243551e-38
3.37143753423025e-40
5.356408328145783e-42
5.671706957860304e-44
2.1829379054559252e-45
1.1753956248381814e-47
4.218016804315037e-50
1.0088209430835217e-52
1.6080569365528067e-55
1.7083242354827822e-58
1.2095413798682737e-61
5.707589199034721e-65
1.7950073547337471e-68
3.762368290471842e-72
0.0
0.0
0.0
0.0
0.0
0.0
0.0
0.0
0.0
0.0
0.0
0.0
0.0
0.0
0.0
0.0
0.0
0.0
0.0
0.0
0.0
0.0
0.0
0.0
0.0
0.0
0.0
0.0
0.0
0.0
0.0
0.0
0.0
0.0
0.0
0.0
0.0
0.0
0.0
0.0
0.0
0.0
0.0
0.0
0.0
0.0
0.0
0.0
0.0
0.0
0.0
0.0
0.0
0.0
0.0
2.4645357948180097e-34
1.990128327094324e-33
1.0710471275266358e-32
3.84164852434552e-32
9.183499869169171e-32
1.463121418981195e-31
1.5535815687289501e-31
1.0994343472784306e-31
5.185445679020432e-32
0.00034877245772117033
0.002485462046639769
0.011804664214930054
0.02662270416808884
0.06429856030825794
0.1034979814269635
0.11103095072158249
0.07938487872962559
0.03782797218251596
0.012013509177910086
0.002542776892959204
0.0003586973565237373
3.372326724374565e-05
2.1130640455476577e-06
8.824238240950677e-08
2.455971583328666e-09
4.55565679211348e-11
5.631968373832834e-13
4.640352414553711e-15
2.5481399098698307e-17
9.325607303094814e-20
2.2746392317273885e-22
3.697681285942352e-25
4.0061570767287155e-28
2.892730800677262e-31
1.3920973743670215e-34
4.4649104925736826e-38
9.544154213023687e-42
1.9380397835506225e-66
4.90567420531285e-70
0.0
0.0
0.0
0.0
0.0
0.0
0.0
0.0
0.0
0.0
0.0
0.0
0.0
0.0
0.0
0.0
0.0
0.0
0.0
0.0
0.0
0.0
0.0
0.0
0.0
7.2048330759757206e-34
4.759158281663336e-33
2.0951635149362326e-32
6.147340151382611e-32
1.2020931289610814e-31
1.5666447695800356e-31
1.3607692903217979e-31
7.877347681789104e-32
3.0391845809677276e-32
7.814760780660309e-33
1.3392320913114842e-33
1.5295988731878389e-34
1.164342662438295e-35
5.906981551444392e-37
1.9972478692415427e-38
4.500697940590151e-40
6.7594181747999e-42
6.765818009233145e-44
4.513493865158979e-46
2.006720787211401e-48
5.946242143611215e-51
0.00029709295673920137
0.0021227875640549483
0.010108861855730353
0.032083337272546954
0.05530510828198842
0.08925757888351152
0.09600779734615471
0.06882551310983899
0.03288319121159578
0.01047080341662855
0.0022221204819773176
0.0003142944752820611
2.9626983781690223e-05
1.8613141575568321e-06
7.793516690702821e-08
2.1748474873322776e-09
4.0448804732339245e-11
5.013766755757983e-13
4.141942907398866e-15
2.280476694846618e-17
8.368135746525187e-20
2.0465075118863344e-22
3.3356426631607793e-25
3.6235219215914417e-28
2.6665992888199156e-31
4.2644928961206445e-33
2.641254103243351e-33
1.1236797090944862e-33
3.186148966919487e-34
6.021038634804853e-35
1.582617068239486e-35
1.5208409031821056e-36
9.740321056183215e-38
4.157615358040736e-39
1.182760717909125e-40
2.2424926307239392e-42
2.8336532491592734e-44
2.38640381017257e-46
1.3394382926668924e-48
5.010522719641457e-51
4.573643745034805e-06
2.9006023552357333e-05
0.00012260144973920078
0.0003453699631416668
0.0006484180129986929
0.0008113479178301123
0.0006766136096734844
0.0003760589078599205
0.00013930046943308626
3.438989324650913e-05
5.658360633305245e-06
6.204859724253245e-07
4.534765771954312e-08
2.2088147838689294e-09
7.170431463574256e-11
5.82420708475357e-12
9.614470633751725e-14
1.057780348559318e-15
7.75616714960598e-18
3.790359241358488e-20
1.2345114861935813e-22
2.6797325125373926e-25
3.876763859908113e-28
3.7379445505472762e-31
2.4040875968710105e-34
1.1115642046671702e-37
2.466121135352453e-40
3.8020060619762374e-42
4.4215194743811466e-44
3.4320242252836466e-46
1.7754591947754413e-48
6.121425865815607e-51
1.4066175813552937e-53
2.1541752738276746e-56
2.198708118987064e-59
1.4956696178617749e-62
6.780868333079295e-66
2.0488798890222775e-69
4.1260001157904687e-73
0.0
0.0
0.0
0.0
0.0
0.0
0.0
0.0
0.0
0.0
0.0
0.0
0.0
0.0
0.0
0.0
0.0
0.0
0.0
0.0
0.0
0.0
0.0
0.0
0.0
0.0
0.0
0.0
0.0
0.0
0.0
0.0
0.0
0.0
0.0
3.3714320676888937e-35
2.2405186107528413e-34
9.923485656049605e-34
2.2839157846010743e-05
0.00017339047704360998
0.0008773077080395284
0.002958422500690444
0.006648902996837951
0.009959128709350354
0.009942011050313535
0.006614677670105838
0.0029330852023231302
0.0008668066206882792
0.0001707266461772837
2.2411036674110942e-05
1.9606683206513916e-06
1.1432148720051929e-07
4.442558419048514e-09
4.0682177980438643e-10
8.039185644208652e-12
1.0587696121816092e-13
9.293352848577797e-16
5.436569364021576e-18
2.1196247816975306e-20
5.50775472355406e-23
9.538316804964542e-26
1.1009065167336308e-28
8.468581866293879e-32
4.3416267676300036e-35
1.4834599650415414e-38
3.378163946239757e-42
0.0
0.0
0.0
0.0
0.0
0.0
0.0
0.0
0.0
0.0
0.0
6.464986609072613e-05
0.000514068089778026
0.0016346452528022608
0.006609659917051421
0.017812146554094882
0.03199152575219652
0.038294393415966965
0.030550405877092634
0.01624352654061686
0.005756058624469766
0.0013594137014006043
0.00021397332005248222
2.2446527049120016e-05
1.5693515291957938e-06
7.31261757656606e-08
2.2709472018526e-09
4.700269509256474e-11
6.483657010746458e-13
5.960721791225172e-15
3.6522392563459663e-17
1.4914240306936027e-19
4.059051867028377e-22
7.362573003478551e-25
8.900589520127094e-28
7.342509954512006e-31
3.7167435679864733e-32
5.259730814752348e-32
5.012640875842568e-32
3.8746896695476806e-32
1.8777757052137297e-32
6.065017453563201e-33
1.3055753517517679e-33
1.873067282186188e-34
1.7909619603183336e-35
1.141302828381279e-36
4.847267348256844e-38
1.2148982165788155e-05
9.249833260458415e-05
0.0004693636601478769
0.0015873276005640075
0.003577710717965255
0.005374343543738532
0.005380556236172637
0.0035901324698439526
0.0015965235184055278
0.00047317491809063925
9.346513958536538e-05
1.2304363433491075e-05
1.0795684651207158e-06
6.312810865995361e-08
2.460236820424376e-09
6.390172739493772e-11
1.1061902610789743e-12
1.2762290066683348e-14
5.201101451099169e-16
3.051382744672521e-18
1.1931075532519046e-20
3.109167020561284e-23
5.399953970908162e-26
6.250541048374007e-29
4.821994531576375e-32
2.479233118878038e-35
8.495512764713755e-39
1.94019009020439e-42
1.8441896282919742e-50
5.210334613664864e-53
9.810862817387155e-56
1.2312049116896766e-58
1.0297576424517365e-61
5.7401237640816246e-65
2.132499987161703e-68
5.280054025061619e-72
0.0
0.0
0.0
0.0
0.0
0.0
0.0
0.0
0.0
0.0
0.0
0.0
0.0
0.0
0.0
0.0
0.0
0.0
0.0
0.0
0.0
0.0
0.0
0.0
0.0
0.0
0.0
0.0
0.0
0.0
0.0
0.0
0.0
0.0
0.0
0.0
0.0
0.0
0.0
0.0
0.0
0.0
0.0
0.0
0.0
0.0
0.0
0.0
0.0
0.0
0.0
3.5392783587705106e-35
3.1194177354350993e-34
1.832373075102159e-33
7.17357782793872e-33
1.8717130805133498e-32
3.254799829912229e-32
3.7721663971232475e-32
2.913660508243002e-32
1.9578160209993485e-32
7.689933141636811e-33
2.013051093991725e-33
3.5121138060386488e-34
4.083794789921993e-35
3.1647600622988655e-36
1.6345537872097323e-37
5.6265112455508383e-39
1.290805224193219e-40
1.9736211285087596e-42
2.0111682553523465e-44
1.3658863759948648e-46
6.182473864956836e-49
1.8650546123807393e-51
3.7497504477101684e-54
5.0245216997543303e-57
4.4871298235228485e-60
2.670693760696349e-63
1.0594027523722572e-66
2.8007842155880148e-70
0.0
0.0
0.0
3.739417862360441e-35
2.5568360465545645e-34
7.351957626462641e-34
2.5562566655178626e-33
5.923623787754871e-33
9.14854497276679e-33
9.416686982564579e-33
6.459899918628852e-33
2.95348652033553e-33
8.999652586808602e-34
1.8276710996065995e-34
2.473727701999692e-35
2.231450661064676e-36
1.3415418743443567e-37
5.3753002237906855e-39
8.637297625270268e-35
7.140566279722151e-34
3.934320097746565e-33
1.4447352785089516e-32
3.5358058696054206e-32
5.767267496249573e-32
6.269506056223908e-32
4.542323964330719e-32
2.1933322924916157e-32
7.058498201095891e-33
5.820958026171439e-07
4.7454968655955595e-06
2.578401007901912e-05
6.360586600192444e-05
0.00017573915006550457
0.00032360961857512535
0.00039715119134459625
0.00032484176828943986
0.00017707995803497513
6.433517743000363e-05
1.557790833080855e-05
2.513919304268135e-06
2.703803152817139e-07
1.9381186270643914e-08
9.259066198413225e-10
2.9480549273421674e-11
6.255838102312132e-13
8.84742681849366e-15
8.339307832055255e-17
5.238712679587511e-19
2.193313454251772e-21
6.120097959554318e-24
1.138144994479834e-26
1.41064703386642e-29
1.165254196097205e-32
6.415116374673449e-36
2.3538021275026852e-39
5.7559486534317004e-43
0.0
0.0
0.0
0.0
0.0
0.0
0.0
0.0
0.0
0.0
0.0
0.0
0.0
0.0
0.0
0.0
0.0
0.0
0.0
0.0
0.0
0.0
0.0
0.0
0.0
0.0
0.0
0.0
0.0
0.0
0.0
0.0
0.0
0.0
0.0
0.0
0.0
0.0
0.0
0.0
0.0
3.913546147509786e-05
0.0002968524059809735
0.0015006943082017683
0.0050562139869113785
0.011353772927608958
0.016991687448938086
0.016947840410290183
0.011266104334607428
0.004991312026446305
0.0014737954778914993
0.0002900288945525718
7.832098832497027e-05
7.837630536516083e-06
5.227246292646968e-07
2.323500057804126e-08
6.883256604640309e-10
1.3590229190057105e-11
1.7883031839916201e-13
1.568328616543949e-15
9.166731952515474e-18
3.570865938032903e-20
9.270733724988127e-23
1.6041179452022572e-25
1.8502789200471992e-28
1.8096291913766404e-31
2.4260464636365438e-32
1.0052778827647867e-32
2.784574355520648e-33
5.140604496218126e-34
6.324862947596965e-35
5.186442836817492e-36
2.834455350387236e-37
1.0324076000609485e-38
2.5061918531159613e-40
4.054702389754051e-42
4.372050808738135e-44
3.141904395823749e-46
9.338970487918942e-48
1.9641601427369458e-05
0.00014159455714892851
0.0006802957742202275
0.0021783644214932434
0.004648842634085594
0.0066121196478547755
0.006267843008912509
0.003959834770888749
0.0016673146559173949
0.00046788553486052254
8.750708519597575e-05
1.0907578958269419e-05
9.061394973279129e-07
5.016990803284846e-08
1.851284209873601e-09
4.552861479516668e-11
7.462379399804831e-13
8.151767079966061e-15
5.934822668943512e-17
2.8796869602199883e-19
9.312458727381408e-22
2.007081418705841e-24
2.8830167650633285e-27
2.7600115216190163e-30
1.760987393361956e-33
1.0417296212922273e-35
3.380361866298617e-39
7.364491342188562e-43
4.360240107352694e-47
2.264945995142519e-49
7.841277890355947e-52
1.8092450266368364e-54
2.7822072493531656e-57
2.851432639088302e-60
1.9476831329116364e-63
8.866557569150155e-67
2.6901303324494206e-70
5.4396775012973864e-74
0.0
0.0
0.0
0.0
0.0
0.0
0.0
0.0
0.0
0.0
0.0
0.0
0.0
0.0
0.0
0.0
0.0
0.0
0.0
0.0
0.0
0.0
0.0
0.0
0.0
0.0
0.0
0.0
0.0
0.0
0.0
0.0
0.0
0.0
0.0
0.0
0.0
0.0
0.0
0.0
0.0
0.0
0.0
0.0
0.0
0.0
0.0
0.0
0.0
0.0
0.0
0.0
0.0
0.0
0.0
0.0
0.0
0.0
0.0
0.0
0.0
0.0
0.0
0.0
0.0
0.0
0.0
0.0
0.0
0.0
0.0
0.0
0.0
0.0
0.0
0.0
0.0
0.0
0.0
0.0
0.0
0.0
0.0
0.0
0.0
0.0
0.0
0.0
0.0
0.0
0.0
0.0
0.0
0.0
0.0
0.0
0.0
0.0
0.0
0.0
0.0
0.0
0.0
0.0
0.0
0.0
0.0
0.0
0.0
0.0
0.0
0.0
0.0
0.0
0.0
0.0
0.0
0.0
0.0
0.0
0.0
0.0
0.0
0.0
0.0
0.0
0.0
0.0
0.0
0.0
0.0
0.0
0.0
0.0
0.0
0.0
0.0
0.0
0.0
0.0
0.0
0.0
0.0
0.0
0.0
0.0
0.0
0.0
0.0
0.0
0.0
0.0
0.0
0.0
0.0
0.0
0.0
0.0
0.0
0.0
0.0
0.0
0.0
0.0
0.0
0.0
0.0
0.0
0.0
0.0
0.0
0.0
0.0
0.0
0.0
0.0
0.0
0.0
0.0
0.0
0.0
0.0
0.0
0.0
0.0
0.0
0.0
0.0
0.0
0.0
0.0
0.0
0.0
0.0
0.0
0.0
0.0
0.0
0.0
0.0
0.0
0.0
0.0
0.0
0.0
0.0
0.0
0.0
0.0
0.0
0.0
0.0
0.0
0.0
0.0
0.0
0.0
0.0
0.0
0.0
0.0
0.0
0.0
0.0
0.0
0.0
0.0
0.0
0.0
0.0
0.0
0.0
0.0
0.0
0.0
0.0
0.0
0.0
0.0
0.0
0.0
0.0
0.0
0.0
0.0
0.0
0.0
0.0
0.0
0.0
0.0
0.0
0.0
0.0
0.0
0.0
0.0
0.0
0.0
0.0
0.0
0.0
0.0
0.0
0.0
0.0
0.0
0.0
0.0
0.0
0.0
0.0
0.0
0.0
0.0
0.0
0.0
0.0
0.0
0.0
0.0
0.0
0.0
0.0
0.0
0.0
0.0
0.0
0.0
0.0
0.0
0.0
0.0
0.0
0.0
0.0
0.0
0.0
0.0
0.0
0.0
0.0
0.0
0.0
0.0
0.0
0.0
0.0
0.0
0.0
0.0
0.0
0.0
0.0
0.0
0.0
0.0
0.0
0.0
0.0
0.0
0.0
0.0
0.0
0.0
0.0
0.0
0.0
0.0
0.0
0.0
0.0
0.0
