a = 4.980454711608642 b = 4.980454711608642 c = 5.531930895786419 ,Gaussian ,LMH = 0.08 ,DW = [0.1 0.1]
0.0
0.0
0.0
0.0
0.0
0.0
0.0
0.0
0.0
0.0
0.0
0.0
0.0
0.0
0.0
0.0
0.0
0.0
0.0
0.0
0.0
0.0
0.0
0.0
0.0
0.0
0.0
0.0
0.0
0.0
0.0
0.0
0.0
0.0
0.0
0.0
0.0
0.0
0.0
0.0
0.0
0.0
0.0
0.0
0.0
0.0
0.0
0.0
0.0
0.0
0.0
0.0
0.0
0.0
0.0
0.0
0.0
0.0
0.0
0.0
0.0
0.0
0.0
0.0
0.0
0.0
0.0
0.0
0.0
0.0
0.0
0.0
0.0
0.0
0.0
0.0
0.0
0.0
0.0
0.0
0.0
0.0
0.0
0.0
0.0
0.0
0.0
0.0
0.0
0.0
0.0
0.0
0.0
0.0
0.0
0.0
0.0
0.0
0.0
0.0
0.0
0.0
0.0
0.0
0.0
0.0
0.0
0.0
0.0
0.0
0.0
0.0
0.0
0.0
0.0
0.0
0.0
0.0
0.0
0.0
0.0
0.0
0.0
0.0
0.0
0.0
0.0
0.0
0.0
0.0
0.0
0.0
0.0
0.0
0.0
0.0
0.0
0.0
0.0
0.0
0.0
0.0
0.0
0.0
0.0
0.0
0.0
0.0
0.0
0.0
0.0
0.0
0.0
0.0
0.0
0.0
0.0
0.0
0.0
0.0
0.0
0.0
0.0
0.0
0.0
0.0
0.0
0.0
0.0
0.0
0.0
0.0
0.0
0.0
0.0
0.0
0.0
0.0
0.0
0.0
0.0
0.0
0.0
0.0
0.0
0.0
0.0
0.0
0.0
0.0
0.0
0.0
0.0
0.0
0.0
0.0
0.0
0.0
0.0
0.0
0.0
0.0
0.0
0.0
0.0
0.0
0.0
0.0
0.0
0.0
0.0
0.0
0.0
0.0
0.0
0.0
0.0
0.0
0.0
0.0
0.0
0.0
0.0
0.0
0.0
0.0
0.0
0.0
0.0
0.0
0.0
0.0
0.0
0.0
0.0
0.0
0.0
0.0
0.0
0.0
0.0
0.0
0.0
0.0
0.0
0.0
0.0
0.0
0.0
0.0
0.0
0.0
0.0
0.0
0.0
0.0
0.0
0.0
0.0
0.0
0.0
0.0
0.0
0.0
0.0
0.0
0.0
0.0
0.0
0.0
0.0
0.0
0.0
0.0
0.0
0.0
0.0
0.0
0.0
0.0
0.0
0.0
0.0
0.0
0.0
0.0
0.0
0.0
0.0
0.0
0.0
0.0
0.0
0.0
0.0
0.0
0.0
0.0
0.0
0.0
0.0
0.0
0.0
0.0
0.0
0.0
0.0
0.0
0.0
0.0
0.0
0.0
0.0
0.0
0.0
0.0
0.0
0.0
0.0
0.0
0.0
0.0
0.0
0.0
0.0
0.0
0.0
0.0
0.0
0.0
0.0
0.0
0.0
0.0
0.0
0.0
0.0
0.0
0.0
0.0
0.0
0.0
0.0
0.0
0.0
0.0
0.0
0.0
0.0
0.0
0.0
0.0
0.0
0.0
0.0
0.0
0.0
0.0
0.0
0.0
0.0
0.0
0.0
0.0
0.0
0.0
0.0
0.0
0.0
0.0
0.0
0.0
0.0
0.0
0.0
0.0
0.0
0.0
0.0
0.0
0.0
0.0
0.0
0.0
0.0
0.0
0.0
0.0
0.0
0.0
0.0
0.0
0.0
0.0
0.0
0.0
0.0
0.0
0.0
0.0
1.4874753856905767e-35
1.4045586337946867e-34
8.83917042967871e-34
3.7073594025476955e-33
1.0363332210264512e-32
1.9307040110202184e-32
2.3972510945004476e-32
1.983777227496395e-32
1.0940919525886829e-32
4.0215761347121664e-33
9.851907248793732e-34
1.6085178407381542e-34
1.7503020365035566e-35
1.2693508032595064e-36
6.135244495217295e-38
1.9763489844546807e-39
4.2430382178453195e-41
6.071161704467673e-43
5.789595278194889e-45
3.6796470100723256e-47
1.5586394348371645e-49
4.400142177417077e-52
8.278836532263394e-55
1.038134092055486e-57
8.675992093335417e-61
6.144178209822908e-63
2.611151546684532e-66
7.39574452886575e-70
0.0
0.0
0.0
0.0
0.0
0.0
0.0
0.0
0.0
0.0
0.0
0.0
0.0
0.0
0.0
0.0
0.0
0.0
0.0
0.0
0.0
0.0
0.0
0.0
0.0
0.0
0.0
0.0
0.0
0.0
0.0
0.0
0.0
0.0
0.0
0.0
0.0
0.0
0.0
0.0
0.0
0.0
0.0
0.0
0.0
0.0
0.0
0.0
0.0
0.0
0.0
0.0
0.0
0.0
0.0
0.0
0.0
0.0
0.0
0.0
0.0
0.0
0.0
0.0
0.0
0.0
0.0
0.0
0.0
0.0
0.0
0.0
0.0
0.0
0.0
0.0
0.0
0.0
0.0
0.0
0.0
0.0
0.0
0.0
0.0
0.0
0.0
0.0
0.0
0.0
0.0
0.0
0.0
0.0
0.0
0.0
0.0
0.0
0.0
0.0
0.0
0.0
0.0
0.0
0.0
0.0
0.0
0.0
0.0
0.0
0.0
0.0
0.0
0.0
0.0
0.0
0.0
0.0
0.0
0.0
0.0
0.0
0.0
0.0
0.0
0.0
0.0
0.0005864912708475088
0.004261775734979991
0.020639595436260382
0.06661826479072867
0.14330686675094012
0.20545761065715762
0.1963174995590785
0.12501938057873158
0.05306121861882254
0.015009238032159719
0.0028295776640010627
0.00035552172153994127
2.977091687257427e-05
1.661498020110814e-06
6.18000738845534e-08
1.5320033279325279e-09
2.53111554623029e-11
2.787056558560974e-13
2.0453194157707652e-15
1.0003639856328719e-17
3.260892662430977e-20
7.084292871925392e-23
1.0257418117646379e-25
9.898312451758206e-29
7.715144870694159e-31
3.785905467796546e-34
1.2381606399707102e-37
2.6987693590027685e-41
0.0
0.0
0.0
0.0
0.0
0.0
0.0
0.0
0.0
0.0
0.0
0.0
0.0
0.0
0.0
0.0
0.0
0.0
0.0
0.0
0.0
0.0
0.0
0.0
0.0
0.0
0.0
0.0
0.0
0.0
0.0
0.0
0.0
0.0
0.0
0.0
0.0
0.0
0.0
0.0
0.0
0.0
0.0
0.0
0.0
0.0
0.0
0.0
0.0
0.0
0.0
0.0
0.0
0.0
0.0
0.0
0.0
0.0
0.0
0.0
0.0
0.0
0.0
0.0
0.0
0.0
0.0
0.0
0.0
0.0
0.0
0.0
0.0
0.0
0.0
0.0
0.0
0.0
0.0
0.0
0.0
0.0
0.0
0.0
0.0
0.0
0.0
0.0
0.0
0.0
0.0
0.0
0.0
0.0
0.0
0.0
0.0
0.0
0.0
0.0
0.0
0.0
0.0
0.0
0.0
0.0
0.0
0.0
0.0
0.0
0.0
0.0
0.0
0.0
0.0
0.0
0.0
0.0
0.0
0.0
0.0
0.0
0.0
0.0
0.0
0.0
0.0
0.0
0.0
0.0
0.0
0.0
0.0
0.0
0.0
0.0
0.0
0.0
0.0
0.0
0.0
0.0
0.0
0.0
0.0
0.0
0.0
0.0
0.0
0.0
0.0
0.0
0.0
0.0
0.0
0.0
0.0
0.0
0.0
0.0
0.0
0.0017397486477474773
0.0138341204463198
0.0733158958571848
0.2589561841839615
0.6095873926516518
0.9563727960081468
1.0
0.696874116393222
0.3236608842605837
0.10018614056413964
0.020668388931924776
0.0028417583986489817
0.0002604049450786456
1.590350502379881e-05
6.473185040283648e-07
6.113674737702118e-08
1.2654065589252701e-09
1.745578487678248e-11
1.604834415442518e-13
9.83337554210437e-16
4.015656627511672e-18
1.092929283770332e-20
1.9824813177916396e-23
2.3966669797474588e-26
1.9310247030075568e-29
1.0369301803616741e-32
3.7110153317917086e-36
8.851513384371359e-40
0.0
0.0
0.0
0.0
0.0
0.0
0.0
0.0
0.0
0.0
0.0
0.0
0.0
0.0
0.0
0.0
0.0
0.0
0.0
0.0
0.0
0.0
0.0
0.0
0.0
0.0
0.0
0.0
0.0
0.0
0.0
0.0
0.0
0.0
0.0
0.0
0.0
0.0
0.0
0.0
0.0
0.0
0.0
0.0
0.0
0.0
0.0
0.0
0.0
0.0
0.0
0.0
0.0
0.0
0.0
0.0
0.0
0.0
0.0
0.0
0.0
0.0
0.0
0.0
0.0
0.0
0.0
0.0
0.0
0.0
0.0
0.0
0.0
0.0
0.0
0.0
0.0
0.0
0.0
0.0
0.0
0.0
0.0
0.0
0.0
0.0
0.0
0.0
0.0
0.0
0.0
0.0
0.0
0.0
0.0
0.0
0.0
0.0
0.0
0.0
0.0
0.0
0.0
0.0
0.0
0.0
0.0
0.0
0.0
0.0
0.0
0.0
0.0
0.0
0.0
0.0
0.0
0.0
0.0
0.0
0.0
0.0
0.0
0.0
0.0
0.0
0.0
0.0
0.0
0.0
0.0
0.0
0.0
0.0
0.0
0.0
0.0
0.0
0.0
0.0
0.0
0.0
0.0
0.0
0.0
0.0
0.0
0.0
0.0
0.0
0.0
0.0
0.0
0.0
0.0
0.0
0.0
0.0
0.0
0.0
0.0
0.0
0.0
0.0
0.0
0.0
0.0
0.0
0.0
0.0
0.0
0.0
0.0
0.0
0.0
0.0
0.0
0.0
0.0
0.0
6.595748846934356e-36
5.849099646364601e-35
3.4569689459040447e-34
1.3617064186377849e-33
3.574810616972407e-33
6.254666266735405e-33
7.29351352544492e-33
5.668276038624034e-33
2.9359370462788235e-33
1.0135006567449096e-33
2.3317547927146877e-34
3.575388755100579e-35
3.6538036889913744e-36
6.374713878060484e-37
3.312723717462623e-38
1.1473377565669268e-39
2.648371479492866e-41
4.074253686536487e-43
4.177329955118215e-45
2.8545065346900423e-47
1.3000044862031961e-49
3.945846701821195e-52
7.982099084496059e-55
1.0761568354829808e-57
9.669757230280268e-61
5.7907807389784205e-64
2.311214320662191e-67
6.147872704657918e-71
0.0
0.0
0.0
0.0
0.0
0.0
0.0
0.0
0.0
0.0
0.0
0.0
0.0
0.0
0.0
0.0
0.0
0.0
0.0
0.0
0.0
0.0
0.0
0.0
0.0
0.0
0.0
0.0
0.0
0.0
0.0
0.0
0.0
0.0
0.0
0.0
0.0
0.0
0.0
0.0
0.0
0.0
0.0
0.0
0.0
0.0
0.0
0.0
0.0
0.0
0.0
0.0
0.0
0.0
0.0
0.0
0.0
0.0
0.0
0.0
0.0
0.0
0.0
0.0
0.0
0.0
0.0
0.0
0.0
0.0
0.0
0.0
0.0
0.0
0.0
0.0
0.0
0.0
0.0
0.0
0.0
0.0
0.0
0.0
0.0
0.0
0.0
0.0
0.0
0.0
0.0
0.0
0.0
0.0
0.0
0.0
0.0
5.873763120879483e-05
0.0005229442508805538
0.003102958060370991
0.012270943790519623
0.03234160554861667
0.056810254311655144
0.06650793122585467
0.05189215334944449
0.026984321020463727
0.009351964401504093
0.0021601093829454678
0.0003325295081300432
3.411663464785282e-05
2.3328334161119257e-06
1.063121298243352e-07
3.2289658960666183e-09
2.5089080466813996e-10
3.874966604829391e-12
3.988712478547116e-14
2.736396636085207e-16
1.251142889480547e-18
3.812556816461597e-21
7.742964801771206e-24
1.0480446703998429e-26
9.454397346934474e-30
5.684201382501678e-33
2.277648013277515e-36
6.082544722071118e-40
0.0
0.0
0.0
0.0
0.0
0.0
0.0
0.0
0.0
0.0
0.0
0.0
0.0
0.0
0.0
0.0
0.0
0.0
0.0
0.0
0.0
0.0
0.0
0.0
0.0
0.0
0.0
0.0
0.0
0.0
0.0
0.0
0.0
0.0
0.0
0.0
0.0
0.0
0.0
0.0
0.0
0.0
0.0
0.0
0.0
0.0
0.0
0.0
0.0
0.0
0.0
0.0
0.0
0.0
0.0
0.0
0.0
0.0
0.0
0.0
9.494918068421465e-05
0.0007768383400265359
0.00423595784768792
0.015394094780084498
0.03728535055972856
0.05367373371052889
0.06610715422445743
0.05426460738657126
0.02968700710611881
0.01082424754721827
0.002630331969793549
0.0004259954488959318
4.5981263763479956e-05
3.307793546792636e-06
1.5859059773680565e-07
5.067549791656879e-09
1.0791955884768098e-10
1.5317357416225242e-12
1.448935588067875e-14
9.134733063033833e-17
3.838169856826515e-19
1.0748158645328014e-21
2.0059748974751944e-24
2.4951603935495502e-27
2.0684879269215623e-30
1.1428495480618133e-33
4.208299878461708e-37
1.032775308762992e-40
0.0
0.0
0.0
0.0
0.0
0.0
0.0
7.916316939478795e-05
0.0005749193979778933
0.0027827378747367765
0.008976751112431104
0.019299569315250273
0.027653977108033075
0.026408828039582385
0.016808238682476016
0.007129791547303825
0.0020156401792683623
0.00037977880999348195
4.7690294021611615e-05
3.991267344167657e-06
2.2262461724872713e-07
8.275935571482174e-09
2.0504187490945425e-10
3.3857085945709444e-12
3.725959549798419e-14
2.732802483631574e-16
1.3358567825779273e-18
4.3520422631461835e-21
9.449478837057281e-24
1.2646933020848414e-25
1.3963765643205395e-28
1.027546377139943e-31
5.039435158657287e-35
1.6471905384604977e-38
3.5882885938719376e-42
0.0
0.0
0.0
0.0
0.0
0.0
0.0
0.0
0.0
0.0
0.0
0.0
0.0
0.0
0.0
0.0
0.0
0.0
0.0
0.0
0.0
0.0
0.0
0.0
0.0
0.0
0.0
0.0
0.0
0.0
0.0
0.0
0.0
0.0
0.0
0.0
0.0
0.0
0.0
0.0
0.0
0.0
0.0
0.0
0.0
0.0
7.171831543541209e-05
0.000573184809464928
0.003053098476920729
0.010838483009578966
0.02564352583425244
0.04043603118728663
0.04249529573640977
0.029764235855213293
0.013894091889554283
0.004322620855416018
0.0008962840550504918
0.00012385847955120378
1.140741829126431e-05
7.002135927409994e-07
2.86454240582286e-08
7.810188623486017e-10
1.41921874164921e-11
1.718773704748287e-13
1.38729752749566e-15
7.462804622153759e-18
2.6755685329410524e-20
6.393102030367011e-23
1.0180960201495571e-25
1.0805562809051789e-28
7.643417681029613e-32
4.843380472059356e-34
1.7421733548473027e-37
4.176530875281832e-41
0.0
0.0
0.0
0.0
0.0
0.0
0.0
0.0
0.0
0.0
0.0
0.0
0.0
0.0
0.0
0.0
0.0
0.0
0.0
0.0
0.0
0.0
0.0
0.0
0.0
0.0
0.0
0.0
0.0
0.0
0.0
0.0
0.0
0.0
0.0
0.0
0.0
0.0
0.0
0.0
0.0
0.0
0.0
0.0
0.0
0.0
0.0
0.0
0.0
0.0
0.0
0.0
0.0
0.0
0.0
0.0
0.0
0.0
0.0
0.0
0.0
0.0
0.0
0.0
0.0
0.0
0.0
0.0
0.0
0.0
0.0
0.0
0.0
0.0
0.0
0.0
0.0
0.0
0.0
0.0
0.0
3.521765420392709e-05
0.0002929380969026089
0.0016239506781169464
0.006000001544997516
0.014774453915045479
0.02424672357900999
0.02652016570040869
0.01933218548200011
0.009392197611882612
0.0030411303679810254
0.0006562727967304383
9.438768085743464e-05
9.047483014283943e-06
5.779919444337086e-07
2.4609191341573812e-08
6.983199487071534e-10
1.3206663195816444e-11
1.6646130855093366e-13
1.3983473201005585e-15
4.6122950481975817e-17
1.9702503428638846e-19
5.609282209225697e-22
1.0643261120977931e-24
1.345933777353255e-27
1.1343686495999165e-30
6.371860906394116e-34
2.385392813161947e-37
5.951618351597023e-41
0.0
0.0
0.0
0.0
0.0
0.0
0.0
0.0
0.0
0.0
0.0
0.0
0.0
0.0
0.0
0.0
0.0
0.0
0.0
0.0
0.0
0.0
0.0
0.0
0.0
0.0
0.0
0.0
0.0
0.0
0.0
0.0
0.0
0.0
0.0
0.0
0.0
0.0
0.0
0.0
0.0
0.0
0.0
0.0
0.0
0.0
0.0
0.0
0.0
0.0
0.0
0.0
0.0
0.0
0.0
0.0
0.0
0.0
0.0
0.0
0.0
0.0
0.0
0.0
0.0
0.0
0.0
0.0
0.0
0.0
0.0
0.0
0.0
0.0
0.0
0.0
0.0
0.0
0.0
0.0
0.0
0.0
0.0
0.0
0.0
0.0
0.0
0.0
0.0
0.0
0.0
0.0
0.0
0.0
0.0
0.0
0.0
0.0
0.0
0.0
0.0
0.0
0.0
0.0
0.0
0.0
0.0
0.0
0.0
0.0
0.0
0.00023880826477386667
0.001784820423593107
0.008890398929603405
0.02951409829792887
0.06530092570943964
0.0962921102938604
0.09463546091446512
0.06200324089637765
0.03737933873315939
0.012717889319126438
0.003611656327626692
0.0020810280238955678
0.0022272251372901747
0.001908141696053593
0.0011066202605118703
0.000428235842939843
0.00011045562064577525
1.8987907410453797e-05
2.1754452593707594e-06
1.661119126414779e-07
8.453468669822886e-09
2.8671516497807903e-10
6.481088165409562e-12
9.763976887037884e-14
9.80363433517603e-16
6.560380270215183e-18
2.9258527916351486e-20
8.696759849697667e-23
1.7228363723333362e-25
2.274637184047851e-28
2.0015285301419163e-31
1.1737969691592233e-34
4.587813244092184e-38
1.1950883861767508e-41
0.0
0.0
0.0
0.0
0.0
0.0
0.0
0.0
0.0
0.0
0.0
0.0
0.0
0.0
0.0
0.0
0.0
0.0
0.0
0.0
0.0
0.0
0.0
0.0
0.0
0.0
0.0
0.0
0.0
0.0
0.0
0.0
0.0
0.0
0.0
0.0
0.0
0.0
0.0
0.0
0.0
0.0
0.0
0.0
0.0
0.0
0.0
0.0
0.0
0.0
0.0
0.0
0.0
0.0
0.0
0.0
0.0
0.0
0.0
0.0
0.0
0.0
0.0
0.0
0.0
0.0
0.0
0.0
0.0
0.0
0.0
0.0
0.0
0.0
0.0
0.0
0.0
0.0
0.0
0.0
0.0
0.0
0.0
0.0
0.0
0.0
0.0
0.0
0.0
0.0
0.0
0.0
0.0
0.0
0.0
0.0
0.0
0.0
0.0
0.0
0.0
0.0
0.0
0.0
0.0
0.0
0.0
0.0
0.0
0.0
0.0
0.0
0.0
0.0
0.0
0.0
0.0
0.0
0.0
0.0
0.0
0.0
0.0
0.0
0.00010606991115264552
0.0007320945819149149
0.0033676250286356004
0.010324328455832308
0.021095093024957247
0.027112031461569194
0.02819317485317976
0.019689252890216953
0.009952265415997816
0.0060643265434441795
0.008188975860556884
0.011825381256750398
0.01207592968484383
0.008263797451913376
0.0037707809171473794
0.0011467881407923686
0.00023244397418196273
3.140039318972386e-05
2.827049687529808e-06
1.6963417317347318e-07
6.783827549872159e-09
1.808080658577297e-10
3.2117545633014816e-12
3.802318104406894e-14
3.000102502067211e-16
1.5776304756570044e-18
5.529120172877759e-21
1.2914818869066169e-23
2.0104911145503562e-26
2.0859195032550998e-29
1.7063259514472437e-31
9.002434350720538e-35
3.16547930236397e-38
7.418234222992537e-42
0.0
0.0
0.0
0.0
0.0
0.0
0.0
0.0
0.0
0.0
0.0
0.0
0.0
0.0
0.0
0.0
0.0
0.0
0.0
0.0
0.0
0.0
0.0
0.0
0.0
0.0
0.0
0.0
0.0
0.0
0.0
0.0
0.0
0.0
0.0
0.0
0.0
0.0
0.0
0.0
0.0
0.0
0.0
0.0
0.0
0.0
0.0
0.0
0.0
0.0
0.0
0.0
9.961413355206327e-06
6.381319367725248e-05
0.00027244669708111557
0.0007752364109208769
0.0014701726034506138
0.001858163978665981
0.001565241292277393
0.000878739409888468
0.00032879140808879186
8.199027900204891e-05
1.362654694004808e-05
1.5093529819836055e-06
1.1142364612803025e-07
5.4820811841591514e-09
1.7976084785911155e-10
3.9284958715679304e-12
5.721883913858835e-14
5.554351143852944e-16
3.593429841374798e-18
1.5494107187973604e-20
4.452516015806659e-23
7.183437318956333e-25
1.049720844364992e-27
1.0223436028977764e-30
6.635925394346937e-34
2.8706989724402127e-37
8.276664690514334e-41
1.5903935898933597e-44
0.0
0.0
0.0
0.0
0.0
0.0
0.0
0.0
0.0
0.0
0.0
0.0
0.0
0.0
0.0
0.0
0.0
0.0
0.0
0.0
0.0
0.0
0.0
0.0
0.0
0.0
0.0
0.0
0.0
0.0
0.0
0.0
0.0
0.0
0.0
0.0
0.0
0.0
0.0
0.0
0.0
0.0
0.0
0.0
0.0
0.0
0.0
0.0
0.0
0.0
0.0
0.0
0.0
0.0
0.0
0.0
0.0
0.0
0.0
0.0
6.906835109482275e-05
0.0005899077784209253
0.0033579227873603125
0.012739102640920884
0.03220983618951936
0.05427748845322041
0.0609582540162778
0.045627517801281305
0.022761596240267478
0.007567634275333023
0.0016768688761570592
0.0004901089233596224
5.522480086241473e-05
4.14722173046379e-06
2.075687168503781e-07
6.92385706742726e-09
1.5392736517102864e-10
2.280684049231561e-12
2.252143002414372e-14
1.4822052566967657e-16
6.501331086381507e-19
1.9005432884535568e-21
3.702838721339204e-24
4.80809871340807e-27
4.160959632145265e-30
2.399911228637456e-33
9.225255458058168e-37
2.3634323336087986e-40
0.0
0.0
0.0
0.0
0.0
0.0
0.0
0.0
0.0
0.0
0.0
0.0
0.0
0.0
0.0
0.0
0.0
0.0
0.0
0.0
0.0
0.0
0.0
0.0
0.0
0.0
0.0
0.0
0.0
0.0
0.0
0.0
0.0
0.0
0.0
0.0
0.0
0.0
0.0
0.0
0.0
0.0
0.0
0.0
0.0
0.0
0.0
0.0
0.0
0.0
0.0
0.0
0.0
0.0
0.0
0.0
0.0
0.0
0.0
0.0
0.0
0.0
0.0
0.0
0.0
0.0
0.0
0.0
0.0
0.0
0.0
0.0
0.0
0.0
0.0
0.0
0.0
0.0
0.0
0.0
0.0
0.0
0.0
0.0
0.0
0.0
0.0
0.0
0.0
0.0
0.0
0.0
0.0
0.0
0.0
6.378573725428518e-05
0.0004053159290026512
0.0017165059472400248
0.004844829536927559
0.00911366872218902
0.011425876438916325
0.009547009539551496
0.005316511259803515
0.0019731843745798812
0.0004880790262479779
8.046262032496939e-05
8.84055938562208e-06
6.473615012852374e-07
3.159333982459947e-08
1.0276039327354304e-09
2.2276016180785887e-11
1.382333700872305e-12
1.5237974533708328e-14
1.1194975279824188e-16
5.4815146937932915e-19
1.788790890301395e-21
3.890452476258789e-24
5.639261096986104e-27
5.4478587555752476e-30
3.507607773726987e-33
1.505142977737162e-36
4.304532961703367e-40
8.20457079841548e-44
0.0
0.0
0.0
0.0
0.0
0.0
0.0
0.0
0.0
0.0
0.0
0.0
0.0
0.0
0.0
0.0
0.0
0.0
0.0
0.0
0.0
0.0
0.0
0.0
0.0
0.0
0.0
0.0
0.0
0.0
0.0
0.0
0.0
0.0
0.0
0.0
0.0
0.0
0.0
0.0
0.0
0.0
0.0
0.0
1.9032726153678428e-06
1.7601225566408484e-05
0.00010848416897452934
0.0004456268729830591
0.0012199946517405078
0.0022260044553520917
0.0027069216143094143
0.0021938497394825176
0.0011850034798687177
0.00042659319261333193
0.00010235045184429918
1.6366173687239994e-05
1.7441590895996336e-06
1.2388153658547715e-07
5.864197921881765e-09
1.8500872237944937e-10
3.890069285501559e-12
5.451349382146433e-14
5.091341710958151e-16
3.1691443654498296e-18
1.3147202388470894e-20
2.709329082425005e-22
5.715518889502978e-25
8.03583698731426e-28
7.529881127760077e-31
4.702476894389407e-34
1.957252104352653e-37
5.429357202163588e-41
0.0
0.0
0.0
0.0
0.0
0.0
0.0
0.0
0.0
0.0
0.0
0.0
0.0
0.0
0.0
0.0
0.0
0.0
0.0
0.0
0.0
0.0
0.0
0.0
0.0
0.0
0.0
0.0
0.0
0.0
0.0
8.475989387548122e-05
0.0006282177667373241
0.0031032129082374967
0.010216319815850503
0.022416042156115402
0.0328368783695197
0.03241850502709301
0.023340378589058897
0.018463226847528297
0.025724362739831905
0.03811847536003959
0.04083924583433055
0.02946035706072466
0.014181045176635185
0.006952846609956701
0.0017021755918479964
0.0002777342235384695
3.020203435564648e-05
2.188893184548015e-06
1.0572908942174772e-07
3.4036583739611307e-09
7.302624721493127e-11
1.04422371208593e-12
9.951525654640245e-15
0.00011783202209384048
0.0007754976250549368
0.0034015680359872624
0.009943960712402448
0.019374084335484872
0.025157328467842067
0.021771552679302558
0.012557287378013933
0.004827072394202297
0.0012366686154448507
0.00021115648041667662
2.4029074170076032e-05
1.8224314838924154e-06
9.211851523138757e-08
3.1033031152004488e-09
2.5837068471768823e-10
4.426118983077268e-12
5.053409366363572e-14
3.845275188281094e-16
1.9500777115225145e-18
6.591100892778055e-21
1.484723384948392e-23
2.229023709029352e-26
2.2303153412512953e-29
1.4890869346308543e-32
1.1233169868942219e-35
7.975965262960437e-37
9.12618713974808e-38
6.976551275829622e-39
3.5544761013534357e-40
1.206957436218313e-41
2.7314286426295896e-43
4.1197352914020085e-45
4.141239165501884e-47
2.7744241853495905e-49
1.2387879118826662e-51
3.6864012462292095e-54
7.311219081605694e-57
9.66403600997145e-60
8.513513508810102e-63
4.998511177675466e-66
2.7974527066499314e-68
8.352128579342306e-72
1.6619315718062026e-75
0.0
0.0
0.0
0.0
0.0
0.0
0.0
0.0
0.0
0.0
0.0
0.0
0.0
0.0
0.0
0.0
0.0
0.0
0.0
0.0
0.0
0.0
0.0
0.0
0.0
0.0
0.0
0.0
0.0
0.0
0.0
0.0
0.0
0.0
0.0
0.0
0.0
0.0
0.0
0.0
0.0
0.0
0.0
0.0
0.0
0.0
0.0
0.0
0.0
0.0
0.0
0.0
0.0
0.0
0.0
0.0
0.0
0.0
0.0
0.0
0.0
0.0
0.0
0.0
0.0
0.0
0.0
0.0
0.0
0.0
0.0
0.0
0.0
0.0
0.0
0.0
0.0
0.0
0.0
0.0
0.0
0.0
0.0
0.0
0.0
0.0
0.0
0.0
0.0
0.0
0.0
0.0
0.0
0.0
0.0
0.0
0.0
0.0
0.0
0.0
0.0
0.0
0.0
9.84446572945671e-06
8.983951915925122e-05
0.0005464170400437774
0.0022149432228216756
0.005983874962800579
0.01077417363260342
0.012929060822236747
0.010340261810319173
0.005511599343225888
0.001957966660802792
0.00046356911501372797
7.314846936671403e-05
7.692677756637517e-06
5.391770348475358e-07
2.5186439638507606e-08
7.841221496991146e-10
1.626979991669734e-11
2.2498949996043422e-13
2.0735945229362805e-15
1.2736994810111398e-17
5.21424765882236e-20
1.4226494030435745e-22
2.586935885495522e-25
3.076179769177148e-27
2.8444746737547956e-30
1.7529679633926095e-33
7.199916092222099e-37
1.9708902426172052e-40
0.0
0.0
0.0
0.0
0.0
0.0
0.0
0.0
0.0
0.0
0.0
0.0
0.0
0.0
0.0
0.0
0.0
0.0
0.0
0.0
0.0
0.0
0.0
0.0
0.0
0.0
0.0
0.0
0.0
0.0
0.0
0.0
0.0
0.0
0.0
0.0
0.0
0.0
0.0
0.0
0.0
0.0
0.0
0.0
0.0
0.0
0.0
0.0
0.0
0.0
0.0
0.0
0.0
0.0
0.0
0.0
0.0
0.0
0.0
0.0
0.0
0.0
0.0
1.306123898425771e-05
0.00011703973747574039
0.000698978552842685
0.002782120329267402
0.007380223556138571
0.01304802178626249
0.015374513324090391
0.012073679117247244
0.0063191611355622596
0.0032757203861411345
0.0008718247706733783
0.00015464402085330436
1.8281785548793718e-05
1.4404083672726728e-06
7.563698501174022e-08
2.6470633231697173e-09
6.174133282806081e-11
9.597745252719674e-13
9.943607763665573e-15
6.865944668148474e-17
3.1596440637795853e-19
9.69075407682373e-22
1.9808816621411382e-24
2.698615675571312e-27
2.4502200768224777e-30
1.4826911579821167e-33
5.9796787039398696e-37
1.6072615277385763e-40
0.0
0.0
0.0
0.0
0.0
0.0
0.0
0.0
0.0
0.0
0.0
0.0
0.0
0.0
0.0
0.0
0.0
0.0
0.0
0.0
0.0
0.0
0.0
0.0
0.0
0.0
0.0
0.0
0.0
0.0
0.0
0.0
0.0
0.0
0.0
0.0
0.0
0.0
0.0
0.0
0.0
0.0
0.0
0.0
0.0
1.483807411665027e-05
0.00011555536949648163
0.0005997693569804833
0.0020747222486661603
0.004783185273427299
0.007349469477059919
0.007526209896039852
0.005136629122564721
0.0023364777065050216
0.0007083152978791745
0.00014311104396769764
1.9270865764498677e-05
1.7294613101894973e-06
2.7670571393728527e-07
1.2627876686591594e-08
3.8408211581495576e-10
7.785730858196168e-12
1.0518558730482336e-13
9.470973770619201e-16
5.683483188712389e-18
2.2730870815238768e-20
6.058974378810946e-23
1.076375258312324e-25
1.27441197919794e-28
1.0056284049035886e-31
5.288673628268909e-35
1.8536918909274208e-38
4.3302192014667354e-42
0.0
0.0
0.0
0.0
0.0
0.0
0.0
0.0
0.0
0.0
0.0
0.0
0.0
0.0
0.0
0.0
0.0
0.0
0.0
0.0
0.0
0.0
0.0
0.0
0.0
0.0
0.0
0.0
0.0
0.0
0.0
0.0
7.341197537490177e-05
0.00048495715739982055
0.0021351155559097266
0.006264998108807442
0.01024915774329091
0.01529291649673969
0.015208066580601188
0.010079505853555243
0.004452316464371861
0.001310733376334416
0.00025717232972638764
3.3629132791445326e-05
2.930816617427894e-06
1.7023277182209686e-07
6.5899063701890035e-09
1.7001876840433776e-10
2.9234524591675884e-12
9.34483212588428e-06
7.105932925080485e-05
0.0003601241558467615
0.0012163679011942376
0.0027381623647610345
0.004108043096370255
0.004107639611852722
0.0027373556320275188
0.0012157706713142524
0.00035987663361472587
7.099654006057278e-05
9.33474089260498e-06
8.179917038316222e-07
1.2880938699297378e-07
5.739799540557447e-09
2.281595251078852e-05
0.0001805675661493372
0.0009524137594598309
0.003348059242078517
0.007844082544938907
0.012248212839743021
0.01274632072763293
0.008840534186774857
0.004086520876272431
0.0012589558030862442
0.0002584930044556444
3.537273600754881e-05
3.2260423150395225e-06
1.9608890191405606e-07
7.943602752007954e-09
2.1446852693927935e-10
3.8591456369877556e-12
4.6280742299301916e-14
3.699056900359608e-16
1.9704401850277248e-18
6.99547241064672e-21
1.6552072828364916e-23
2.610172904978481e-26
2.7432646927904646e-29
2.2634324186761783e-31
1.2096745646811213e-34
4.3087481933349e-38
1.0228577210872843e-41
0.0
0.0
0.0
0.0
0.0
0.0
0.0
0.0
0.0
0.0
0.0
0.0
0.0
0.0
0.0
0.0
0.0
0.0
0.0
0.0
0.0
0.0
0.0
0.0
0.0
0.0
0.0
0.0
0.0
0.0
0.0
0.0
0.0
0.0
0.0
0.0
0.0
0.0
0.0
0.0
0.0
0.0
0.0
0.0
0.0
0.0
0.0
0.0
0.0
0.0
0.0
0.0
0.0
0.0
0.0
0.0
0.0
0.0
0.0
0.0
0.0
0.0
0.0
0.0
0.0
0.0
0.0
0.0
0.0
0.0
0.0
0.0
0.0
0.0
0.0
0.0
0.0
0.0
0.0
0.0
0.0
0.0
0.0
0.0
0.0
0.0
0.0
0.0
0.0
0.0
0.0
0.0
0.0
0.0
0.0
0.0
0.0
0.0
0.0
0.0
0.0
0.0
0.0
0.0
0.0
0.0
0.0
0.0
0.0
0.0
0.0
0.0
0.0
0.0
0.0
0.0
0.0
0.0
0.0
0.0
0.0
0.0
0.0
0.0
0.0
0.0
0.0
0.0
0.0
0.0
0.0
0.0
0.0
0.0
0.0
0.0
0.0
0.0
0.0
0.0
0.0
0.0
0.0
0.0
0.0
0.0
0.0
0.0
0.0
0.0
0.0
0.0
0.0
0.0
0.0
0.0
0.0
0.0
0.0
0.0
0.0
0.0
0.0
0.0
0.0
0.0
0.0
0.0
0.0
0.0
0.0
0.0
0.0
0.0
0.0
0.0
0.0
0.0
0.0
0.0
0.0
0.0
0.0
0.0
0.0
0.0
0.0
0.0
0.0
0.0
0.0
0.0
0.0
0.0
0.0
0.0
0.0
0.0
0.0
0.0
0.0
0.0
0.0
0.0
0.0
0.0
0.0
0.0
0.0
0.0
0.0
0.0
0.0
0.0
0.0
0.0
0.0
0.0
0.0
0.0
0.0
0.0
0.0
0.0
0.0
0.0
0.0
0.0
0.0
0.0
0.0
0.0
0.0
0.0
0.0
0.0
0.0
0.0
0.0
0.0
0.0
0.0
0.0
0.0
0.0
0.0
0.0
0.0
0.0
0.0
0.0
0.0
0.0
0.0
0.0
0.0
0.0
0.0
0.0
0.0
0.0
0.0
0.0
0.0
0.0
0.0
0.0
0.0
0.0
0.0
0.0
0.0
0.0
0.0
0.0
0.0
0.0
0.0
0.0
0.0
0.0
0.0
0.0
0.0
0.0
0.0
0.0
0.0
0.0
0.0
0.0
0.0
0.0
0.0
0.0
0.0
0.0
0.0
0.0
0.0
0.0
0.0
0.0
0.0
0.0
0.0
0.0
0.0
0.0
0.0
0.0
0.0
0.0
0.0
0.0
0.0
0.0
0.0
0.0
0.0
0.0
0.0
0.0
0.0
0.0
0.0
0.0
0.0
0.0
0.0
0.0
0.0
0.0
0.0
0.0
0.0
0.0
0.0
0.0
0.0
0.0
0.0
