a = 4.980454711608642 b = 4.980454711608642 c = 5.553541175089801 ,Gaussian ,LMH = 0.08 ,DW = [1.9 1.9]
0.0
0.0
0.0
0.0
0.0
0.0
0.0
0.0
0.0
0.0
0.0
0.0
0.0
0.0
0.0
0.0
0.0
0.0
0.0
0.0
0.0
0.0
0.0
0.0
0.0
0.0
0.0
0.0
0.0
0.0
0.0
0.0
0.0
0.0
0.0
0.0
0.0
0.0
0.0
0.0
0.0
0.0
0.0
0.0
0.0
0.0
0.0
0.0
0.0
0.0
0.0
0.0
0.0
0.0
0.0
0.0
0.0
0.0
0.0
0.0
0.0
0.0
0.0
0.0
0.0
0.0
0.0
0.0
0.0
0.0
0.0
0.0
0.0
0.0
0.0
0.0
0.0
0.0
0.0
0.0
0.0
0.0
0.0
0.0
0.0
0.0
0.0
0.0
0.0
0.0
0.0
0.0
0.0
0.0
0.0
0.0
0.0
0.0
0.0
0.0
0.0
0.0
0.0
0.0
0.0
0.0
0.0
0.0
0.0
0.0
0.0
0.0
0.0
0.0
0.0
0.0
0.0
0.0
0.0
0.0
0.0
0.0
0.0
0.0
0.0
0.0
0.0
0.0
0.0
0.0
0.0
0.0
0.0
0.0
0.0
0.0
0.0
0.0
0.0
0.0
0.0
0.0
0.0
0.0
0.0
0.0
0.0
0.0
0.0
0.0
0.0
0.0
0.0
0.0
0.0
0.0
0.0
0.0
0.0
0.0
0.0
0.0
0.0
0.0
0.0
0.0
0.0
0.0
0.0
0.0
0.0
0.0
0.0
0.0
0.0
0.0
0.0
0.0
0.0
0.0
0.0
0.0
0.0
0.0
0.0
0.0
0.0
0.0
0.0
0.0
0.0
0.0
0.0
0.0
0.0
0.0
0.0
0.0
0.0
0.0
0.0
0.0
0.0
0.0
0.0
0.0
0.0
0.0
0.0
0.0
0.0
0.0
0.0
0.0
0.0
0.0
0.0
0.0
0.0
0.0
0.0
0.0
0.0
0.0
0.0
0.0
0.0
0.0
0.0
0.0
0.0
0.0
0.0
0.0
0.0
0.0
0.0
0.0
0.0
0.0
0.0
0.0
0.0
0.0
0.0
0.0
0.0
0.0
0.0
0.0
0.0
0.0
0.0
0.0
0.0
0.0
0.0
0.0
0.0
0.0
0.0
0.0
0.0
0.0
0.0
0.0
0.0
0.0
0.0
0.0
0.0
0.0
0.0
0.0
0.0
0.0
0.0
0.0
0.0
0.0
0.0
0.0
0.0
0.0
0.0
0.0
0.0
0.0
0.0
0.0
0.0
0.0
0.0
0.0
0.0
0.0
0.0
0.0
0.0
0.0
0.0
0.0
0.0
0.0
0.0
0.0
0.0
0.0
0.0
0.0
0.0
0.0
0.0
0.0
0.0
0.0
0.0
0.0
0.0
0.0
0.0
0.0
0.0
0.0
0.0
0.0
0.0
0.0
0.0
0.0
0.0
0.0
0.0
0.0
0.0
0.0
0.0
0.0
0.0
0.0
0.0
0.0
0.0
0.0
0.0
0.0
0.0
0.0
0.0
0.0
0.0
0.0
0.0
0.0
0.0
0.0
0.0
0.0
0.0
0.0
0.0
0.0
0.0
0.0
0.0
0.0
0.0
0.0
0.0
0.0
0.0
0.0
0.0
0.0
0.0
0.0
0.0
0.0
0.0
0.0
0.0
0.0
0.0
0.0
0.0
0.0
0.0
0.0
0.0
0.0
0.0
0.0
0.0
0.0
0.0
0.0
0.0
0.0
8.312759189503136e-35
3.463066951567486e-34
2.099837610891277e-33
8.485786108944359e-33
2.285493547957817e-32
4.102508282843083e-32
4.907953978184458e-32
3.91320901213955e-32
2.0794436522605663e-32
7.364492365294878e-33
1.7382811639935188e-33
2.7345053681023125e-34
2.866943172177566e-35
2.0032766872146296e-36
9.329198583945071e-38
2.8955381180569353e-39
5.989571912961829e-41
8.257409618273082e-43
7.587058316912242e-45
4.646057323136469e-47
1.896169923435414e-49
5.15764553691693e-52
9.349906712698716e-55
1.1296518350686012e-57
9.096273181259685e-61
4.88161950359551e-64
1.7460066938586473e-67
7.022117364114339e-70
0.0
0.0
0.0
0.0
0.0
0.0
0.0
0.0
0.0
0.0
0.0
0.0
0.0
0.0
0.0
0.0
0.0
0.0
0.0
0.0
0.0
0.0
0.0
0.0
0.0
0.0
0.0
0.0
0.0
0.0
0.0
0.0
0.0
0.0
0.0
0.0
0.0
0.0
0.0
0.0
0.0
0.0
0.0
0.0
0.0
0.0
0.0
0.0
0.0
0.0
0.0
0.0
0.0
0.0
0.0
0.0
0.0
0.0
0.0
0.0
0.0
0.0
0.0
0.0
0.0
0.0
0.0
0.0
0.0
0.0
0.0
0.0
0.0
0.0
0.0
0.0
0.0
0.0
0.0
0.0
0.0
0.0
0.0
0.0
0.0
0.0
0.0
0.0
0.0
0.0
0.0
0.0
0.0
0.0
0.0
0.0
0.0
0.0
0.0
0.0
0.0
0.0
0.0
0.0
0.0
0.0
0.0
0.0
0.0
0.0
0.0
0.0
0.0
0.0
0.0
0.0
0.0
0.0
0.0
0.0
0.0
0.0
0.0
0.0
0.0
0.0
0.0
0.0
0.0
0.0006420340517939992
0.004665380848742388
0.022594237534315515
0.07292724818439422
0.15687852979815523
0.22491516719679608
0.2149094555113228
0.13685915452714192
0.05808630217759453
0.01643066553096854
0.0030975485958370736
0.00038919087585263416
3.259032714621755e-05
1.818847711676875e-06
6.765275769566363e-08
1.6770894178408892e-09
2.7708210684137198e-11
3.051000592534296e-13
2.2390183400729086e-15
1.095101964666172e-17
3.5697106378079946e-20
7.755200260841065e-23
1.1228831599660722e-25
1.0835717367356469e-28
8.445796157121955e-31
4.144443997752976e-34
1.3554187964358222e-37
2.9543522854384553e-41
0.0
0.0
0.0
0.0
0.0
0.0
0.0
0.0
0.0
0.0
0.0
0.0
0.0
0.0
0.0
0.0
0.0
0.0
0.0
0.0
0.0
0.0
0.0
0.0
0.0
0.0
0.0
0.0
0.0
0.0
0.0
0.0
0.0
0.0
0.0
0.0
0.0
0.0
0.0
0.0
0.0
0.0
0.0
0.0
0.0
0.0
0.0
0.0
0.0
0.0
0.0
0.0
0.0
0.0
0.0
0.0
0.0
0.0
0.0
0.0
0.0
0.0
0.0
0.0
0.0
0.0
0.0
0.0
0.0
0.0
0.0
0.0
0.0
0.0
0.0
0.0
0.0
0.0
0.0
0.0
0.0
0.0
0.0
0.0
0.0
0.0
0.0
0.0
0.0
0.0
0.0
0.0
0.0
0.0
0.0
0.0
0.0
0.0
0.0
0.0
0.0
0.0
0.0
0.0
0.0
0.0
0.0
0.0
0.0
0.0
0.0
0.0
0.0
0.0
0.0
0.0
0.0
0.0
0.0
0.0
0.0
0.0
0.0
0.0
0.0
0.0
0.0
0.0
0.0
0.0
0.0
0.0
0.0
0.0
0.0
0.0
0.0
0.0
0.0
0.0
0.0
0.0
0.0
0.0
0.0
0.0
0.0
0.0
0.0
0.0
0.0
0.0
0.0
0.0
0.0
0.0
0.0
0.0
0.0
0.0
0.0033842755689053035
0.023768921626639558
0.11125890637384737
0.3470896335966649
0.7216557018774854
1.0
0.92353104870754
0.568439894027513
0.23318421431747946
0.0637522170450699
0.011616438190630912
0.0014106920786986317
0.00011417552510564143
6.158789430576515e-06
2.2141102482371652e-07
5.304991307515288e-09
3.519188202523095e-10
4.287760389240482e-12
3.481769935633396e-14
1.8843049201836388e-16
6.796476843301676e-19
1.6337968301279335e-21
2.6175428797795625e-24
2.7949311168950314e-27
1.98897791558061e-30
9.43344586087446e-34
2.981894746588536e-37
6.281969255629835e-41
0.0
0.0
0.0
0.0
0.0
0.0
0.0
0.0
0.0
0.0
0.0
0.0
0.0
0.0
0.0
0.0
0.0
0.0
0.0
0.0
0.0
0.0
0.0
0.0
0.0
0.0
0.0
0.0
0.0
0.0
0.0
0.0
0.0
0.0
0.0
0.0
0.0
0.0
0.0
0.0
0.0
0.0
0.0
0.0
0.0
0.0
0.0
0.0
0.0
0.0
0.0
0.0
0.0
0.0
0.0
0.0
0.0
0.0
0.0
0.0
0.0
0.0
0.0
0.0
0.0
0.0
0.0
0.0
0.0
0.0
0.0
0.0
0.0
0.0
0.0
0.0
0.0
0.0
0.0
0.0
0.0
0.0
0.0
0.0
0.0
0.0
0.0
0.0
0.0
0.0
0.0
0.0
0.0
0.0
0.0
0.0
0.0
0.0
0.0
0.0
0.0
0.0
0.0
0.0
0.0
0.0
0.0
0.0
0.0
0.0
0.0
0.0
0.0
0.0
0.0
0.0
0.0
0.0
0.0
0.0
0.0
0.0
0.0
0.0
0.0
0.0
0.0
0.0
0.0
0.0
0.0
0.0
0.0
0.0
0.0
0.0
0.0
0.0
0.0
0.0
0.0
0.0
0.0
0.0
0.0
0.0
0.0
0.0
0.0
0.0
0.0
0.0
0.0
0.0
0.0
0.0
0.0
0.0
0.0
0.0
0.0
0.0
0.0
0.0
0.0
0.0
0.0
0.0
0.0
0.0
0.0
0.0
0.0
0.0
0.0
0.0
0.0
8.957301729545692e-36
6.996457653275912e-35
3.6421746233049246e-34
1.2636443693896122e-33
2.9219347752062615e-33
4.5029561312881175e-33
4.6249438343570234e-33
3.165896831437618e-33
1.4443372153246123e-33
4.391592079732131e-34
8.899322245709631e-35
1.2019140746293737e-35
1.0818609796116059e-36
6.490094812114177e-38
2.5948494988884357e-39
6.91440564523931e-41
1.2279454761391762e-42
6.671591235956173e-44
6.0249887277390315e-46
3.6263072322191194e-48
1.4546365701549e-50
3.888892654993841e-53
6.929133958287942e-56
8.22836423098302e-59
6.512228130656545e-62
3.4350040425845736e-65
1.2075536840810468e-68
2.8292230661582313e-72
0.0
0.0
0.0
0.0
0.0
0.0
0.0
0.0
0.0
0.0
0.0
0.0
0.0
0.0
0.0
0.0
0.0
0.0
0.0
0.0
0.0
0.0
0.0
0.0
0.0
0.0
0.0
0.0
0.0
0.0
0.0
0.0
0.0
0.0
0.0
0.0
0.0
0.0
0.0
0.0
0.0
0.0
0.0
0.0
0.0
0.0
0.0
0.0
0.0
0.0
0.0
0.0
0.0
0.0
0.0
0.0
0.0
0.0
0.0
0.0
0.0
0.0
0.0
0.0
0.0
0.0
0.0
0.0
0.0
0.0
0.0
0.0
0.0
0.0
0.0
0.0
0.0
0.0
0.0
0.0
0.0
0.0
0.0
0.0
0.0
0.0
0.0
0.0
0.0
0.0
0.0
0.0
0.0
0.0
0.0
0.0
0.0
0.0
0.0
0.0
0.0
4.587851898087045e-05
0.0004084588916205432
0.0024236442181934624
0.00958453236912718
0.025261232594818474
0.044373092293771184
0.05194770919987199
0.04053168460161294
0.021076789421802213
0.00730458936584742
0.0016872083072934899
0.0002597306196467694
2.6647664164239845e-05
1.8221188011455698e-06
8.303778967021439e-08
2.52206583926889e-09
1.959646364215253e-10
3.0266411033491856e-12
3.1154852075283983e-14
2.1373321059128402e-16
9.772369368926771e-19
2.9778943527346454e-21
6.0478393546977486e-24
8.186019135300069e-27
7.384597220002944e-30
4.439789886847634e-33
1.7790148403745675e-36
4.75092607142369e-40
0.0
0.0
0.0
0.0
0.0
0.0
0.0
0.0
0.0
0.0
0.0
0.0
0.0
0.0
0.0
0.0
0.0
0.0
0.0
0.0
0.0
0.0
0.0
0.0
0.0
0.0
0.0
0.0
0.0
0.0
0.0
0.0
0.0
0.0
0.0
0.0
0.0
0.0
0.0
0.0
0.0
0.0
0.0
0.0
0.0
0.0
0.0
0.0
0.0
0.0
0.0
0.0
0.0
0.0
0.0
0.0
3.4006978353937414e-05
0.00031515738640374943
0.0019465630876492437
0.008012924030916649
0.021983412801934374
0.04019580707631654
0.048983288627184284
0.039782921580484375
0.02153411144307096
0.011416018698177622
0.0031422991962064134
0.0005764504006986414
7.047870322667984e-05
5.742954984571282e-06
3.11884985465762e-07
1.128846970024404e-08
2.7230600811153304e-10
4.377850471494419e-12
4.690791961736561e-14
3.3497544200957184e-16
1.594267943365632e-18
5.056979657413646e-21
1.0690613969701417e-23
1.506245065365607e-26
1.4143932486941984e-29
8.85169131544065e-33
3.692018719184898e-36
1.0263206718291597e-39
0.0
0.0
0.0
0.0
0.0
0.0
0.0
0.0
0.0
0.0
4.5592965188690975e-05
0.00034449112586902017
0.0017347615515135055
0.005822145913220035
0.013022906754225084
0.019413968681651482
0.019288669270594434
0.012772377813617683
0.005636672405077174
0.0016578887383511128
0.0003249896395398396
4.245855396170786e-05
3.696940237502098e-06
2.1453650897607336e-07
8.297390633599511e-09
2.1387666938191086e-10
3.674234207615938e-12
4.206799447327405e-14
3.210098276015708e-16
1.632549644757868e-18
5.5334502967173175e-21
1.249991840444574e-23
1.881914511052066e-26
1.973161167281898e-28
1.510629122773291e-31
7.707875558362353e-35
2.6211572978655556e-38
5.940637083734614e-42
0.0
0.0
0.0
0.0
0.0
0.0
0.0
0.0
0.0
0.0
0.0
0.0
0.0
0.0
0.0
0.0
0.0
0.0
0.0
0.0
0.0
0.0
0.0
0.0
0.0
0.0
0.0
0.0
0.0
0.0
0.0
0.0
0.0
0.0
0.0
0.0
0.0
0.0
0.0
0.0
0.0
0.0
0.0
0.0
0.0
0.0
0.0
4.820312082838624e-05
0.00038524742891536267
0.002052040317602118
0.0072847319814371815
0.017235457452532004
0.027177756271987815
0.028561823609269177
0.020005057962990184
0.009338459584372669
0.002905308276190179
0.0006024080228301391
8.324742737165458e-05
7.667123229197433e-06
4.706256722799012e-07
1.9253085194153396e-08
5.249362922494038e-10
9.538814746316283e-12
1.1552175488735207e-13
9.32426674229657e-16
5.015880124014934e-18
1.7982959094198727e-20
4.2969145017845713e-23
6.842799524253252e-26
7.262605745006888e-29
5.137273286240248e-32
3.255319825836927e-34
1.1709448586160454e-37
2.8071186725795567e-41
0.0
0.0
0.0
0.0
0.0
0.0
0.0
0.0
0.0
0.0
0.0
0.0
0.0
0.0
0.0
0.0
0.0
0.0
0.0
0.0
0.0
0.0
0.0
0.0
0.0
0.0
0.0
0.0
0.0
0.0
0.0
0.0
0.0
0.0
0.0
0.0
0.0
0.0
0.0
0.0
0.0
0.0
0.0
0.0
0.0
0.0
0.0
0.0
0.0
0.0
0.0
0.0
0.0
0.0
0.0
0.0
0.0
0.0
0.0
0.0
0.0
0.0
0.0
0.0
0.0
0.0
0.0
0.0
0.0
0.0
0.0
0.0
0.0
0.0
0.0
0.0
0.0
0.0
0.0
0.0
1.4037626705898094e-05
0.0001259546146226534
0.0007532099106787926
0.003001922779011281
0.00797378561693682
0.014115983497174705
0.01665479444889244
0.013096310414014914
0.00686341393005564
0.0023972480359967167
0.0005580425304370004
8.657712808270592e-05
8.952010844584101e-06
6.169068208405839e-07
2.8333491323526905e-08
8.672856516040947e-10
1.769317522010706e-11
2.4056417017477394e-13
2.1799054492284203e-15
1.316515323975724e-17
3.4848622803481774e-19
1.0702283758317269e-21
2.190528215985056e-24
2.9881527204085938e-27
2.716678691557688e-30
1.646096573841967e-33
6.647431853047956e-37
1.789097565762383e-40
0.0
0.0
0.0
0.0
0.0
0.0
0.0
0.0
0.0
0.0
0.0
0.0
0.0
0.0
0.0
0.0
0.0
0.0
0.0
0.0
0.0
0.0
0.0
0.0
0.0
0.0
0.0
0.0
0.0
0.0
0.0
0.0
0.0
0.0
0.0
0.0
0.0
0.0
0.0
0.0
0.0
0.0
0.0
0.0
0.0
0.0
0.0
0.0
0.0
0.0
0.0
0.0
0.0
0.0
0.0
0.0
0.0
0.0
0.0
0.0
0.0
0.0
0.0
0.0
0.0
0.0
0.0
0.0
0.0
0.0
0.0
0.0
0.0
0.0
0.0
0.0
0.0
0.0
0.0
0.0
0.0
0.0
0.0
0.0
0.0
0.0
0.0
0.0
0.0
0.0
0.0
0.0
0.0
0.0
0.0
0.0
0.0
0.0
0.0
0.0
0.0
0.0
0.0
0.0
0.0
0.0
0.0
0.0
0.0
0.0001475560716883716
0.0010828402148228178
0.005296912587407813
0.017271163998761278
0.03755249238698063
0.05450168058054374
0.052949793728620194
0.03470708696319239
0.015673644353093485
0.005125583753101946
0.001327013555012782
0.0004947230631117072
9.921800896736103e-05
1.582555628293907e-05
1.8337828834757936e-06
1.46615320845438e-07
7.913355181751216e-09
2.859673176296405e-10
6.8985619154398346e-12
1.1097637722461866e-13
1.1900669104161068e-15
8.505981914748077e-18
4.0520039879181673e-20
1.286472810178508e-22
2.722163707288776e-25
3.8389272634867987e-28
3.608172068839424e-31
2.2601965255187437e-34
9.435973840139758e-38
2.6254806302328847e-41
0.0
0.0
0.0
0.0
0.0
0.0
0.0
0.0
0.0
0.0
0.0
0.0
0.0
0.0
0.0
0.0
0.0
0.0
0.0
0.0
0.0
0.0
0.0
0.0
0.0
0.0
0.0
0.0
0.0
0.0
0.0
0.0
0.0
0.0
0.0
0.0
0.0
0.0
0.0
0.0
0.0
0.0
0.0
0.0
0.0
0.0
0.0
0.0
0.0
0.0
0.0
0.0
0.0
0.0
0.0
0.0
0.0
0.0
0.0
0.0
0.0
0.0
0.0
0.0
0.0
0.0
0.0
0.0
0.0
0.0
0.0
0.0
0.0
0.0
0.0
0.0
0.0
0.0
0.0
0.0
0.0
0.0
0.0
0.0
0.0
0.0
0.0
0.0
0.0
0.0
0.0
0.0
0.0
0.0
0.0
0.0
0.0
0.0
0.0
0.0
0.0
0.0
0.0
0.0
0.0
0.0
0.0
0.0
0.0
0.0
0.0
0.0
0.0
0.0
0.0
0.0
0.0
0.0
0.0
0.0
0.0
0.0
0.0
0.0
0.0
0.0
0.0
0.0
3.831533746950137e-05
0.0002806354631657471
0.001376364491247041
0.0045127390645447905
0.009986621029722937
0.015208489925918346
0.016641226096019743
0.014091790747116082
0.011358782969491547
0.007093227138888792
0.0035055844966887942
0.0012664290692803717
0.00031758383353976366
5.395064526687302e-05
6.146685552420938e-06
4.6784202915031313e-07
2.375351311149043e-08
8.040520008681224e-10
1.814165228610544e-11
2.728171600298734e-13
2.73436071956975e-15
1.8265197754603604e-17
8.131592143315079e-20
2.4127301613734264e-22
4.771156043068383e-25
6.288109468247392e-28
5.52329368826618e-31
3.233387354790031e-34
1.2615337819881175e-37
3.2803605857549223e-41
0.0
0.0
0.0
0.0
0.0
0.0
0.0
0.0
0.0
0.0
0.0
0.0
0.0
0.0
0.0
0.0
0.0
0.0
0.0
0.0
0.0
0.0
0.0
0.0
0.0
0.0
0.0
0.0
0.0
0.0
0.0
0.0
0.0
0.0
0.0
0.0
0.0
0.0
0.0
0.0
0.0
0.0
0.0
0.0
0.0
0.0
0.0
0.0
0.0
0.0
0.0
0.0
0.0
0.0
0.0
0.0
0.0
0.0
0.0
4.594496664424476e-06
2.943252077208243e-05
0.00012566042551767233
0.00035756182151148135
0.0006780868218014215
0.000857039849417807
0.0007219352957207933
0.0004053004472021806
0.00015164826253955726
3.781632685619473e-05
6.284964013761447e-06
6.961579641244769e-07
5.13918609958782e-08
2.5284969930054376e-09
8.291098726980765e-11
1.8119377777542622e-12
2.6391010611670345e-14
2.561830022858844e-16
1.6573954750518346e-18
7.146337698773823e-21
2.0536312723363072e-23
3.313212455318652e-25
4.841621109409232e-28
4.715349223967871e-31
3.0606838610669395e-34
1.3240507529536344e-37
3.8174410555157916e-41
7.33536274756441e-45
0.0
0.0
0.0
0.0
0.0
0.0
0.0
0.0
0.0
0.0
0.0
0.0
0.0
0.0
0.0
0.0
0.0
0.0
0.0
0.0
0.0
0.0
0.0
0.0
0.0
0.0
0.0
0.0
0.0
0.0
0.0
0.0
0.0
0.0
0.0
0.0
0.0
0.0
0.0
0.0
0.0
0.0
0.0
0.0
0.0
0.0
0.0
0.0
0.0
0.0
0.0
0.0
0.0
0.0
0.0
0.0
0.0
0.0
0.0
0.0
0.00013243583929223792
0.0008612704027736636
0.0037329748694679525
0.010783311664416442
0.020760164816891857
0.026637348016882122
0.022778898566024382
0.012982430453857932
0.004931293335145749
0.0012483811934941669
0.0002106275354805469
5.133276116450992e-05
4.4041807499837445e-06
2.518356397966599e-07
9.597338149228245e-09
2.437619696300755e-10
4.126317598323905e-12
4.655227417570681e-14
3.500263184387815e-16
1.754050312820508e-18
5.858210068392622e-21
1.3039753556692104e-23
1.9344404924751942e-26
1.9125945481485565e-29
1.2602943831941592e-32
5.534808970556931e-36
1.6199992734558654e-39
3.1601562156118334e-43
0.0
0.0
0.0
0.0
0.0
0.0
0.0
0.0
0.0
0.0
0.0
0.0
0.0
0.0
0.0
0.0
0.0
0.0
0.0
0.0
0.0
0.0
0.0
0.0
0.0
0.0
0.0
0.0
0.0
0.0
0.0
0.0
0.0
0.0
0.0
0.0
0.0
0.0
0.0
0.0
0.0
0.0
0.0
0.0
0.0
0.0
0.0
0.0
0.0
0.0
0.0
0.0
0.0
0.0
0.0
0.0
0.0
0.0
0.0
0.0
0.0
0.0
0.0
0.0
0.0
0.0
0.0
0.0
0.0
0.0
0.0
0.0
0.0
0.0
0.0
0.0
0.0
0.0
0.0
0.0
0.0
0.0
0.0
0.0
0.0
0.0
0.0
0.0
0.0
1.8570807750928133e-05
0.00012589314155538246
0.0005687938556732568
0.001712731438980806
0.003437203072350259
0.004597298054647177
0.0040980917659652364
0.002434682001448124
0.0009640162608181795
0.00025439467832750454
4.474177740329557e-05
5.244450512746794e-06
4.097022026398551e-07
2.1331340791919376e-08
7.402008126785316e-10
1.7118373948430846e-11
2.6384994567895964e-13
2.7103979311108905e-15
1.855626873344322e-17
8.467004640698869e-20
2.5748414416882926e-22
5.2185846346661215e-25
6.670961258888212e-27
6.87532511624299e-30
4.722583103402282e-33
2.1619593625765396e-36
6.5962482525199875e-40
1.3413064283897834e-43
0.0
0.0
0.0
0.0
0.0
0.0
0.0
0.0
0.0
0.0
0.0
0.0
0.0
0.0
0.0
0.0
0.0
0.0
0.0
0.0
0.0
0.0
0.0
0.0
0.0
0.0
0.0
0.0
0.0
0.0
0.0
0.0
0.0
0.0
0.0
0.0
0.0
0.0
0.0
0.0
0.0
0.0
0.0
0.0
0.0
0.0
0.0
0.0
0.0
0.0
7.265166019608784e-07
6.718734082338799e-06
4.141054159742231e-05
0.00017010454460804206
0.0004656959605451246
0.000849709694656442
0.0010332852357161902
0.0008374356070023907
0.00045233914183105467
0.00016283901434539438
3.906918109506317e-05
6.2472904818509776e-06
6.657798388016017e-07
4.7288019739819854e-08
2.2384797180556163e-09
7.062146916366129e-11
1.4849159788645198e-12
2.0808873081238136e-14
1.9434652972990478e-16
1.2097247535214948e-18
5.0185458075945585e-21
1.034204213660046e-22
2.1817260063096033e-25
3.067437073803935e-28
2.8743037681190545e-31
1.7950279463517888e-34
7.471216348900417e-38
2.0724924603537997e-41
0.0
0.0
0.0
0.0
0.0
0.0
0.0
0.0
0.0
0.0
0.0
0.0
0.0
0.0
0.0
0.0
0.0
0.0
0.0
0.0
0.0
0.0
0.0
0.0
0.0
0.0
0.0
0.0
1.0223406316542197e-05
9.235652808110434e-05
0.0005560593185975891
0.002318908359087926
0.006522500362370301
0.012981123818066766
0.0192362877088128
0.022388654425764896
0.020765039778934305
0.014762092122293975
0.007602984985489691
0.0027212185308636457
0.0006616306389930905
0.00010811125508547577
1.1815681796736232e-05
8.619594937377605e-07
4.1934856257300087e-08
4.461411658288491e-09
1.1041257180993395e-10
1.821269736976019e-12
2.0022733580899724e-14
1.467097563694885e-16
7.164374400001073e-19
2.3317392658054552e-21
5.057822935520573e-24
7.311878445305396e-27
1.9064371558335446e-05
0.00014611051033311436
0.0007463146551714424
0.0025406452580950868
0.00576431411382904
0.008716312563084437
0.008784145087257394
0.005899942152313892
0.0026410556647498513
0.0007879323004591985
0.00015666854206856573
2.076138145035604e-05
1.8336322633349348e-06
1.0793189051543709e-07
4.234175692066233e-09
1.1070558041339388e-10
7.784023392569826e-12
1.0349213618986448e-13
9.170481064915714e-16
5.4157478228643676e-18
2.1316028749283405e-20
5.591595014693182e-23
9.775673069143617e-26
1.13904052817001e-28
8.845313566014352e-32
4.577926732239137e-35
1.5790867533500943e-38
3.6301510068730365e-42
3.414752899652879e-57
4.567711608678512e-60
4.0721110948857166e-63
2.419480397555091e-66
9.580896442275318e-70
2.52855108574284e-73
0.0
0.0
0.0
0.0
0.0
0.0
0.0
0.0
0.0
0.0
0.0
0.0
0.0
0.0
0.0
0.0
0.0
0.0
0.0
0.0
0.0
0.0
0.0
0.0
0.0
0.0
0.0
0.0
0.0
0.0
0.0
0.0
0.0
0.0
0.0
0.0
0.0
0.0
0.0
0.0
0.0
0.0
0.0
0.0
0.0
0.0
0.0
0.0
0.0
0.0
0.0
0.0
0.0
0.0
0.0
0.0
0.0
0.0
0.0
0.0
0.0
0.0
0.0
0.0
0.0
0.0
0.0
0.0
0.0
0.0
0.0
0.0
0.0
0.0
0.0
0.0
0.0
0.0
0.0
0.0
0.0
0.0
0.0
0.0
0.0
0.0
0.0
0.0
0.0
0.0
0.0
0.0
0.0
0.0
0.0
0.0
0.0
0.0
0.0
0.0
0.0
0.0
0.0
0.0
3.863586589848816e-06
3.4499462264744844e-05
0.00020531257502587856
0.0008143297893436751
0.0021526163898541047
0.0037924032603375694
0.0044529101088175305
0.003955770305707138
0.0023619084679898684
0.0009398890901917176
0.0002492709690634468
4.406039068689805e-05
5.1904681882378645e-06
4.0751750785534244e-07
2.13239452114142e-08
7.436530996211905e-10
1.72844185782029e-11
2.6774459100882786e-13
2.7641918679735446e-15
1.901941751545669e-17
8.721833417225337e-20
2.665630268419313e-22
5.429671847644018e-25
7.371040593885435e-28
6.669074533587675e-31
4.021461242505197e-34
1.6161577606960663e-37
4.3287765150440725e-41
0.0
0.0
0.0
0.0
0.0
0.0
0.0
0.0
0.0
0.0
0.0
0.0
0.0
0.0
0.0
0.0
0.0
0.0
0.0
0.0
0.0
0.0
0.0
0.0
0.0
0.0
0.0
0.0
0.0
0.0
0.0
0.0
0.0
0.0
0.0
0.0
0.0
0.0
0.0
0.0
0.0
0.0
0.0
0.0
0.0
0.0
0.0
0.0
0.0
0.0
0.0
0.0
0.0
0.0
0.0
0.0
0.0
0.0
0.0
0.0
0.0
0.0
0.0
0.0
0.0
0.0
0.0
0.0
0.0
0.0
0.0
1.0589083065873881e-05
8.087678671382859e-05
0.0004116906173584188
0.001396688633158999
0.003157982916093052
0.004758844368303777
0.004779415370773011
0.003199113128525895
0.0014271379943137895
0.0004243106054641217
8.407818996062188e-05
2.280957490355588e-05
2.298366264952684e-06
1.5434864943938966e-07
6.908248909221408e-09
2.060699514158162e-10
4.096782507517581e-12
5.4281607003155574e-14
4.793403984906402e-16
2.8210898404650505e-18
1.1065507820564274e-20
2.892726207121483e-23
5.039934114389894e-26
5.852264362856948e-29
4.529023367752674e-32
2.3359671704299088e-35
8.029905911974012e-39
1.8396522097126934e-42
0.0
0.0
0.0
0.0
0.0
0.0
0.0
0.0
0.0
0.0
0.0
0.0
0.0
0.0
0.0
0.0
0.0
0.0
0.0
0.0
0.0
0.0
0.0
0.0
0.0
0.0
0.0
0.0
0.0
0.0
0.0
0.0
0.0
0.0
0.0
0.0
0.0
0.0
0.0
0.0
0.0
0.0
0.0
0.0
0.0
0.0
0.0
4.678782685171634e-06
3.643723961265692e-05
0.00018912093715638578
0.000654207173874867
0.0015082472470040345
0.002317455099909436
0.0023731853790273554
0.0016196961418217882
0.0007367446308425044
0.00022334794430231791
4.5126171315018386e-05
6.076542842310455e-06
5.453385371426899e-07
8.72516131864487e-08
3.981857101347694e-09
1.211098380444528e-10
2.455018248618802e-12
3.316741113047619e-14
2.986413717934137e-16
1.792131682707537e-18
7.167561231539513e-21
1.910532606227403e-23
3.394056318729161e-26
4.0185111997491e-29
3.1709753783342543e-32
1.6676392370693022e-35
5.845112684254631e-39
1.3654167288520108e-42
0.0
0.0
0.0
0.0
0.0
0.0
0.0
0.0
0.0
0.0
0.0
0.0
0.0
0.0
0.0
0.0
0.0
0.0
0.0
0.0
0.0
0.0
0.0
0.0
0.0
0.0
4.776313689669717e-06
4.195792205090163e-05
0.00024564993296309737
0.0009585193317425775
0.002492680698470324
0.004320300680985816
0.004990486033249461
0.0038419637564167186
0.0019712659978346815
0.0006740913377177796
0.00026310874523494734
4.575213650030999e-05
5.302357713441258e-06
4.0955121192068173e-07
2.1082832374236226e-08
7.233212836113104e-10
1.6539222169751076e-11
2.520463809946639e-13
2.5599259282209594e-15
1.7328296898756994e-17
7.817464359617743e-20
2.3504850195738017e-22
1.1067764822472025e-06
9.949859798177062e-06
5.961500000476168e-05
0.00023805410981389948
0.0006335448531538096
0.0011237264383091442
0.0013321072366403901
0.001079518531119266
0.0007440484013824457
0.0009577854708131174
0.0020525728639269494
0.0035165746226029013
0.004089508999793254
0.0031748218599758015
0.0021407213951685758
0.0008452390973495398
0.0002224240180404681
3.900905546713494e-05
4.559641993490946e-06
3.5520380040744775e-07
1.8441914786733535e-08
6.381399976569044e-10
1.4716599464083424e-11
2.2619370892304512e-13
2.3170484859126438e-15
1.581871749122638e-17
7.197620863750486e-20
2.182670661671454e-22
4.4113244768787605e-25
5.941982174378312e-28
5.3342729420496865e-31
3.1915427865373094e-34
1.2726461164238632e-37
3.382175897244692e-41
0.0
0.0
0.0
0.0
0.0
0.0
0.0
0.0
0.0
0.0
0.0
0.0
0.0
0.0
0.0
0.0
0.0
0.0
0.0
0.0
0.0
0.0
0.0
0.0
0.0
0.0
0.0
0.0
0.0
0.0
0.0
0.0
0.0
0.0
0.0
0.0
0.0
0.0
0.0
0.0
0.0
0.0
0.0
0.0
0.0
0.0
0.0
0.0
0.0
0.0
0.0
0.0
0.0
0.0
0.0
0.0
0.0
0.0
0.0
0.0
0.0
0.0
0.0
0.0
0.0
0.0
0.0
0.0
0.0
0.0
0.0
0.0
0.0
0.0
0.0
0.0
0.0
0.0
0.0
0.0
0.0
0.0
0.0
0.0
0.0
0.0
0.0
0.0
0.0
0.0
0.0
0.0
0.0
0.0
0.0
0.0
0.0
0.0
0.0
0.0
0.0
0.0
0.0
0.0
0.0
0.0
0.0
0.0
0.0
0.0
0.0
0.0
0.0
0.0
0.0
0.0
0.0
0.0
0.0
0.0
0.0
0.0
0.0
0.0
0.0
0.0
0.0
0.0
0.0
0.0
0.0
0.0
0.0
0.0
0.0
0.0
0.0
0.0
0.0
0.0
0.0
0.0
0.0
0.0
0.0
0.0
0.0
0.0
0.0
0.0
0.0
0.0
0.0
0.0
0.0
0.0
0.0
0.0
0.0
0.0
0.0
0.0
0.0
0.0
0.0
0.0
0.0
0.0
0.0
0.0
0.0
0.0
0.0
0.0
0.0
0.0
0.0
0.0
0.0
0.0
0.0
0.0
0.0
0.0
0.0
0.0
0.0
0.0
0.0
0.0
0.0
0.0
0.0
0.0
0.0
0.0
0.0
0.0
0.0
0.0
0.0
0.0
0.0
0.0
0.0
0.0
0.0
0.0
0.0
0.0
0.0
0.0
0.0
0.0
0.0
0.0
0.0
0.0
0.0
0.0
0.0
0.0
0.0
0.0
0.0
0.0
0.0
0.0
0.0
0.0
0.0
0.0
0.0
0.0
0.0
0.0
0.0
0.0
0.0
0.0
0.0
0.0
0.0
0.0
0.0
0.0
0.0
0.0
0.0
0.0
0.0
0.0
0.0
0.0
0.0
0.0
0.0
0.0
0.0
0.0
0.0
0.0
0.0
0.0
0.0
0.0
0.0
0.0
0.0
0.0
0.0
0.0
0.0
0.0
0.0
0.0
0.0
0.0
0.0
0.0
0.0
0.0
0.0
0.0
0.0
0.0
0.0
0.0
0.0
0.0
0.0
0.0
0.0
0.0
0.0
0.0
0.0
0.0
0.0
0.0
0.0
0.0
0.0
0.0
0.0
0.0
0.0
0.0
0.0
0.0
0.0
0.0
0.0
0.0
0.0
0.0
0.0
0.0
0.0
0.0
0.0
0.0
0.0
0.0
0.0
0.0
0.0
0.0
0.0
0.0
0.0
0.0
0.0
0.0
0.0
0.0
0.0
0.0
0.0
0.0
0.0
0.0
0.0
0.0
0.0
0.0
0.0
0.0
0.0
0.0
0.0
0.0
