a = 4.980454711608642 b = 4.980454711608642 c = 5.476472096417224 ,Gaussian ,LMH = 0.08 ,DW = [0.5 0.5]
0.0
0.0
0.0
0.0
0.0
0.0
0.0
0.0
0.0
0.0
0.0
0.0
0.0
0.0
0.0
0.0
0.0
0.0
0.0
0.0
0.0
0.0
0.0
0.0
0.0
0.0
0.0
0.0
0.0
0.0
0.0
0.0
0.0
0.0
0.0
0.0
0.0
0.0
0.0
0.0
0.0
0.0
0.0
0.0
0.0
0.0
0.0
0.0
0.0
0.0
0.0
0.0
0.0
0.0
0.0
0.0
0.0
0.0
0.0
0.0
0.0
0.0
0.0
0.0
0.0
0.0
0.0
0.0
0.0
0.0
0.0
0.0
0.0
0.0
0.0
0.0
0.0
0.0
0.0
0.0
0.0
0.0
0.0
0.0
0.0
0.0
0.0
0.0
0.0
0.0
0.0
0.0
0.0
0.0
0.0
0.0
0.0
0.0
0.0
0.0
0.0
0.0
0.0
0.0
0.0
0.0
0.0
0.0
0.0
0.0
0.0
0.0
0.0
0.0
0.0
0.0
0.0
0.0
0.0
0.0
0.0
0.0
0.0
0.0
0.0
0.0
0.0
0.0
0.0
0.0
0.0
0.0
0.0
0.0
0.0
0.0
0.0
0.0
0.0
0.0
0.0
0.0
0.0
0.0
0.0
0.0
0.0
0.0
0.0
0.0
0.0
0.0
0.0
0.0
0.0
0.0
0.0
0.0
0.0
0.0
0.0
0.0
0.0
0.0
0.0
0.0
0.0
0.0
0.0
0.0
0.0
0.0
0.0
0.0
0.0
0.0
0.0
0.0
0.0
0.0
0.0
0.0
0.0
0.0
0.0
0.0
0.0
0.0
0.0
0.0
0.0
0.0
0.0
0.0
0.0
0.0
0.0
0.0
0.0
0.0
0.0
0.0
0.0
0.0
0.0
0.0
0.0
0.0
0.0
0.0
0.0
0.0
0.0
0.0
0.0
0.0
0.0
0.0
0.0
0.0
0.0
0.0
0.0
0.0
0.0
0.0
0.0
0.0
0.0
0.0
0.0
0.0
0.0
0.0
0.0
0.0
0.0
0.0
0.0
0.0
0.0
0.0
0.0
0.0
0.0
0.0
0.0
0.0
0.0
0.0
0.0
0.0
0.0
0.0
0.0
0.0
0.0
0.0
0.0
0.0
0.0
0.0
0.0
0.0
0.0
0.0
0.0
0.0
0.0
0.0
0.0
0.0
0.0
0.0
0.0
0.0
0.0
0.0
0.0
0.0
0.0
0.0
0.0
0.0
0.0
0.0
0.0
0.0
0.0
0.0
0.0
0.0
0.0
0.0
0.0
0.0
0.0
0.0
0.0
0.0
0.0
0.0
0.0
0.0
0.0
0.0
0.0
0.0
0.0
0.0
0.0
0.0
0.0
0.0
0.0
0.0
0.0
0.0
0.0
0.0
0.0
0.0
0.0
0.0
0.0
0.0
0.0
0.0
0.0
0.0
0.0
0.0
0.0
0.0
0.0
0.0
0.0
0.0
0.0
0.0
0.0
0.0
0.0
0.0
0.0
0.0
0.0
0.0
0.0
0.0
0.0
0.0
0.0
0.0
0.0
0.0
0.0
0.0
0.0
0.0
0.0
0.0
0.0
0.0
0.0
0.0
0.0
0.0
0.0
0.0
0.0
0.0
0.0
0.0
0.0
0.0
0.0
0.0
0.0
0.0
0.0
0.0
0.0
0.0
0.0
0.0
0.0
0.0
0.0
0.0
0.0
0.0
0.0
0.0
0.0
0.0
0.0
0.0
0.0
0.0
0.0
0.0
0.0
0.0
0.0
0.0
6.190221754920871e-35
4.664796069926032e-34
2.3428294037687824e-33
7.842061027812603e-33
1.7494491254705846e-32
2.60108153256851e-32
2.5774376126364656e-32
1.7021738188620493e-32
7.492059175825583e-33
2.197758861348079e-33
4.296753395223154e-34
5.59863772254556e-35
4.861898090295308e-36
2.8139144196563314e-37
1.085419118017442e-38
2.790394432351196e-40
4.780961812878914e-42
5.459419934429495e-44
4.1548875634513936e-46
1.2831240706846018e-47
4.965740346689251e-50
1.280798794185584e-52
2.201706179053338e-55
2.52243138063263e-58
1.92602051308425e-61
9.801307259993208e-65
3.3242115033552384e-68
7.514063141973908e-72
0.0
0.0
0.0
0.0
0.0
0.0
0.0
0.0
0.0
0.0
0.0
0.0
0.0
0.0
0.0
0.0
0.0
0.0
0.0
0.0
0.0
0.0
0.0
0.0
0.0
0.0
0.0
0.0
0.0
0.0
0.0
0.0
0.0
0.0
0.0
0.0
0.0
0.0
0.0
0.0
0.0
0.0
0.0
0.0
0.0
0.0
0.0
0.0
0.0
0.0
0.0
0.0
0.0
0.0
0.0
0.0
0.0
0.0
0.0
0.0
0.0
0.0
0.0
0.0
0.0
0.0
0.0
0.0
0.0
0.0
0.0
0.0
0.0
0.0
0.0
0.0
0.0
0.0
0.0
0.0
0.0
0.0
0.0
0.0
0.0
0.0
0.0
0.0
0.0
0.0
0.0
0.0
0.0
0.0
0.0
0.0
0.0
0.0
0.0
0.0
0.0
0.0
0.0
0.0
0.0
0.0
0.0
0.0
0.0
0.0
0.0
0.0
0.0
0.0
0.0
0.0
0.0
0.0
0.0
0.0
0.0
0.0005897016774675269
0.0042851043567561364
0.02075257494186721
0.0669829278793868
0.14409131715383605
0.2065822692943334
0.1973921259542832
0.12570372673525756
0.05335167151383995
0.015091397408667136
0.002845066547324488
0.0003574678191975292
2.9933880506242014e-05
1.6705929282672524e-06
6.213836257899533e-08
1.5403893924323069e-09
2.5449706716337876e-11
2.8023126847315126e-13
2.0565153317525217e-15
1.0058398986115302e-17
3.278742529787927e-20
7.123071728260819e-23
1.0313566409472787e-25
9.952495027700408e-29
7.757376960749796e-31
3.8066292135379167e-34
1.2449382329423224e-37
2.713542208057324e-41
0.0
0.0
0.0
0.0
0.0
0.0
0.0
0.0
0.0
0.0
0.0
0.0
0.0
0.0
0.0
0.0
0.0
0.0
0.0
0.0
0.0
0.0
0.0
0.0
0.0
0.0
0.0
0.0
0.0
0.0
0.0
0.0
0.0
0.0
0.0
0.0
0.0
0.0
0.0
0.0
0.0
0.0
0.0
0.0
0.0
0.0
0.0
0.0
0.0
0.0
0.0
0.0
0.0
0.0
0.0
0.0
0.0
0.0
0.0
0.0
0.0
0.0
0.0
0.0
0.0
0.0
0.0
0.0
0.0
0.0
0.0
0.0
0.0
0.0
0.0
0.0
0.0
0.0
0.0
0.0
0.0
0.0
0.0
0.0
0.0
0.0
0.0
0.0
0.0
0.0
0.0
0.0
0.0
0.0
0.0
0.0
0.0
0.0
0.0
0.0
0.0
0.0
0.0
0.0
0.0
0.0
0.0
0.0
0.0
0.0
0.0
0.0
0.0
0.0
0.0
0.0
0.0
0.0
0.0
0.0
0.0
0.0
0.0
0.0
0.0
0.0
0.0
0.0
0.0
0.0
0.0
0.0
0.0
0.0
0.0
0.0
0.0
0.0
0.0
0.0
0.0
0.0
0.0
0.0
0.0
0.0
0.0
0.0
0.0
0.0
0.0
0.0
0.0
0.0
0.0
0.0
0.0
0.0
0.0
0.0
0.0
0.0
0.0
0.0
0.000634915935137611
0.005972318845980527
0.037441332116776985
0.15643760077590244
0.43562475343003165
0.8084729628773407
1.0
0.8243583617054049
0.4529118076652704
0.16584133571424584
0.04047188934790789
0.006582573533010318
0.001565518026781736
0.0001294800604183002
7.137222930464094e-06
2.6220271181262265e-07
6.419876065072966e-09
1.0476052289001907e-10
1.1393317993527588e-12
8.258179692789772e-15
3.9893302164432977e-17
1.2843908190927146e-19
2.755979271442737e-22
3.941270559306524e-25
3.756454214784006e-28
2.386170645051055e-31
1.0101978634774117e-34
2.8503155416606085e-38
0.0
0.0
0.0
0.0
0.0
0.0
0.0
0.0
0.0
0.0
0.0
0.0
0.0
0.0
0.0
0.0
0.0
0.0
0.0
0.0
0.0
0.0
0.0
0.0
0.0
0.0
0.0
0.0
0.0
0.0
0.0
0.0
0.0
0.0
0.0
0.0
0.0
0.0
0.0
0.0
0.0
0.0
0.0
0.0
0.0
0.0
0.0
0.0
0.0
0.0
0.0
0.0
0.0
0.0
0.0
0.0
0.0
0.0
0.0
0.0
0.0
0.0
0.0
0.0
0.0
0.0
0.0
0.0
0.0
0.0
0.0
0.0
0.0
0.0
0.0
0.0
0.0
0.0
0.0
0.0
0.0
0.0
0.0
0.0
0.0
0.0
0.0
0.0
0.0
0.0
0.0
0.0
0.0
0.0
0.0
0.0
0.0
0.0
0.0
0.0
0.0
0.0
0.0
0.0
0.0
0.0
0.0
0.0
0.0
0.0
0.0
0.0
0.0
0.0
0.0
0.0
0.0
0.0
0.0
0.0
0.0
0.0
0.0
0.0
0.0
0.0
0.0
0.0
0.0
0.0
0.0
0.0
0.0
0.0
0.0
0.0
0.0
0.0
0.0
0.0
0.0
0.0
0.0
0.0
0.0
0.0
0.0
0.0
0.0
0.0
0.0
0.0
0.0
0.0
0.0
0.0
0.0
0.0
0.0
0.0
0.0
0.0
0.0
0.0
0.0
0.0
0.0
0.0
0.0
0.0
0.0
0.0
0.0
0.0
0.0
0.0
0.0
0.0
0.0
0.0
0.0
0.0
0.0
0.0
0.0
0.0
0.0
0.0
0.0
2.433289080150313e-35
8.856267050655366e-35
4.385180646685479e-34
1.4471242524868322e-33
3.1827732796331435e-33
4.665381178501801e-33
4.557745917641187e-33
2.96752671060906e-33
1.2877178353674909e-33
3.7241600175575797e-34
7.178232217676711e-35
9.22121658031741e-36
7.89478831062614e-37
4.504787450969209e-38
1.7131274256583896e-39
4.341967608955401e-41
7.334407554987247e-43
8.257052517087843e-45
6.1953607911156e-47
3.0980591629612726e-49
1.0325102211271655e-51
2.2934039711729577e-54
3.39506668494332e-57
3.349635926950998e-60
2.2025635668650132e-63
9.652522987143631e-67
4.4451180615474815e-69
9.905998866138368e-73
0.0
0.0
0.0
0.0
0.0
0.0
0.0
0.0
0.0
0.0
0.0
0.0
0.0
0.0
0.0
0.0
0.0
0.0
0.0
0.0
0.0
0.0
0.0
0.0
0.0
0.0
0.0
0.0
0.0
0.0
0.0
0.0
0.0
0.0
0.0
0.0
0.0
0.0
0.0
0.0
0.0
0.0
0.0
0.0
0.0
0.0
0.0
0.0
0.0
0.0
0.0
0.0
0.0
0.0
0.0
0.0
0.0
0.0
0.0
0.0
0.0
0.0
0.0
0.0
0.0
0.0
0.0
0.0
0.0
0.0
0.0
0.0
0.0
0.0
0.0
0.0
0.0
0.0
0.0
0.0
0.0
0.0
0.0
0.0
0.0
5.4790930053879244e-05
0.0004878065608438177
0.002894463984111969
0.01144643406765057
0.030168507155921565
0.052993057538672485
0.06203912777603449
0.04840541380376386
0.025171189493972564
0.008723586852996158
0.0020149672309558867
0.00031018617274569346
3.182426843226814e-05
2.176085584302596e-06
9.916880114518318e-08
3.0120050965088548e-09
2.3403294015839127e-10
3.614599701026679e-12
3.7207027576622365e-14
2.5525325690179683e-16
1.1670760487643362e-18
3.556383353537589e-21
7.222699215694158e-24
9.776244129610165e-27
8.819137120053038e-30
5.3022683065601834e-33
2.1246082011587792e-36
5.6738461452747596e-40
0.0
0.0
0.0
0.0
0.0
0.0
0.0
0.0
0.0
0.0
0.0
0.0
0.0
0.0
0.0
0.0
0.0
0.0
0.0
0.0
0.0
0.0
0.0
0.0
0.0
0.0
0.0
0.0
0.0
0.0
0.0
0.0
0.0
0.0
0.0
0.0
0.0
0.0
0.0
0.0
0.0
0.0
0.0
0.0
0.0
0.0
0.0
0.0
0.0
0.0
0.0
0.0
0.0
0.0
0.0
0.0
0.0
0.0
0.0
0.0
0.0
0.0
0.0
0.0
0.0
0.0
0.0
0.0
0.0
0.0
9.094087594928176e-05
0.000734821633138602
0.003957184342593333
0.01420274137445229
0.03397344781856808
0.0541612422629104
0.057546532260789256
0.040750341050265655
0.01923201927284245
0.0060492296400874185
0.001268109644510337
0.00017717200005211252
1.6497377731748313e-05
1.0238027623481074e-06
4.234471594099847e-08
1.167249506274244e-09
2.1444193734458237e-11
2.625652778358253e-13
2.1426262100122638e-15
1.1652982144256619e-17
4.22385787906321e-20
7.9553318590638085e-22
1.4663346505791315e-24
1.8013140725030004e-27
1.4747803233663238e-30
8.047236694128801e-34
2.9264948522869792e-37
3.167057888978629e-05
0.00026645522899538756
0.0014940806502751472
0.005583485380573875
0.013906513880496655
0.023084087512827558
0.025538106792165213
0.01882982282107894
0.009253058685034288
0.003030441800252979
0.000661466915754287
9.622587186944012e-05
9.329473395097082e-06
6.02842628161717e-07
2.596165215030849e-08
7.451474971126341e-10
1.4253900260747348e-11
1.817216754484745e-13
1.5440497777872652e-15
8.743743526763656e-18
2.2172892213781857e-19
6.385002023642997e-22
1.2254096071390077e-24
1.5674116509164463e-27
1.336184435673411e-30
7.59156464947158e-34
2.8746020382540935e-37
7.254470378597203e-41
0.0
0.0
0.0
0.0
0.0
0.0
0.0
0.0
0.0
0.0
0.0
0.0
0.0
0.0
0.0
0.0
0.0
0.0
0.0
0.0
0.0
0.0
0.0
0.0
0.0
0.0
0.0
0.0
0.0
0.0
0.0
0.0
0.0
0.0
0.0
0.0
0.0
0.0
0.0
0.0
0.0
0.0
0.0
0.0
6.470275817676028e-05
0.0005171152988221127
0.0027544413340263225
0.009778251774517346
0.023135050520635626
0.03648053822311464
0.038338363456947466
0.026852668570977258
0.012534957941463696
0.0038997777652722727
0.0008086086534456379
0.00011174251935351109
1.0291533238612322e-05
6.31717999623161e-07
2.5843300061606736e-08
7.046188170376069e-10
1.2803893466174976e-11
1.5506415439868424e-13
1.2515906975200327e-15
6.732785619072163e-18
2.4138417462989525e-20
5.767722403389648e-23
9.18504850435077e-26
9.748551860891254e-29
6.895730928105998e-32
4.369596156004566e-34
1.571752216938174e-37
3.7679784529308867e-41
0.0
0.0
0.0
0.0
0.0
0.0
0.0
0.0
0.0
0.0
0.0
0.0
0.0
0.0
0.0
0.0
0.0
0.0
0.0
0.0
0.0
0.0
0.0
0.0
0.0
0.0
0.0
0.0
0.0
0.0
0.0
0.0
0.0
0.0
0.0
0.0
0.0
0.0
0.0
0.0
0.0
0.0
0.0
0.0
0.0
0.0
0.0
0.0
0.0
0.0
0.0
0.0
0.0
0.0
0.0
0.0
0.0
0.0
0.0
0.0
0.0
0.0
0.0
0.0
0.0
0.0
0.0
0.0
0.0
0.0
0.0
0.0
0.0
0.0
0.0
0.0
0.0
0.0
0.0
0.0
0.0
0.0
0.0
2.2835978469933584e-05
0.00020021327547218922
0.0011698971008421172
0.004556003058454118
0.011825020365062312
0.020455087233445066
0.023582091641304703
0.01811944360758587
0.009278738618728091
0.003166755782221722
0.0007203138274268207
0.00010919694278176798
1.1032673233089967e-05
7.429037994796141e-07
3.334002735228268e-08
9.971967910179462e-10
1.987821304954765e-11
1.1664761051015842e-12
1.1824285187136252e-14
7.988320722407616e-17
3.596811170819629e-19
1.0793476043355555e-21
2.158671579074449e-24
2.877354445938337e-27
2.5561227268920862e-30
1.5133925371530017e-33
5.971769310047874e-37
1.5704930008469742e-40
0.0
0.0
0.0
0.0
0.0
0.0
0.0
0.0
0.0
0.0
0.0
0.0
0.0
0.0
0.0
0.0
0.0
0.0
0.0
0.0
0.0
0.0
0.0
0.0
0.0
0.0
0.0
0.0
0.0
0.0
0.0
0.0
0.0
0.0
0.0
0.0
0.0
0.0
0.0
0.0
0.0
0.0
0.0
0.0
0.0
0.0
0.0
0.0
0.0
0.0
0.0
0.0
0.0
0.0
0.0
0.0
0.0
0.0
0.0
0.0
0.0
0.0
0.0
0.0
0.0
0.0
0.0
0.0
0.0
0.0
0.0
0.0
0.0
0.0
0.0
0.0
0.0
0.0
0.0
0.0
0.0
0.0
0.0
0.0
0.0
0.0
0.0
0.0
0.0
0.0
0.0
0.0
0.0
0.0
0.0
0.0
0.0
0.0
0.0
0.0
0.0
0.0
0.0
0.0
0.0
0.0
0.0
0.0
0.0
0.0
0.0
0.0
0.0
0.0
0.0
0.0
0.0
0.00010350308362187914
0.0008714860506249376
0.004890453563154752
0.018290239279367772
0.045590166988295315
0.07573637717938045
0.08385315721616117
0.06187509227242401
0.030429432164906338
0.009973633035304325
0.0021786851334126625
0.00031718825896349245
3.07766456630457e-05
1.990247165151857e-06
8.577767918618044e-08
2.4639002274820425e-09
1.3020122641902832e-06
1.2036116803218916e-05
7.415747785346248e-05
0.0003045124669596541
0.0008333678706282182
0.0015200223584039786
0.0018477565381245333
0.0014969974734988691
0.0008083118306433936
0.0002908830071969561
0.00011746599332141071
2.149582669024164e-05
2.621668020699746e-06
2.1309967596174676e-07
1.154434854168228e-08
4.168095101175511e-10
1.0029686463528434e-11
1.6084910264012e-13
1.7192200845334461e-15
1.2246891154254084e-17
5.814358262547696e-20
1.8397519267250966e-22
3.879701322905589e-25
5.4527911965531495e-28
5.10764836205642e-31
3.188633918493138e-34
1.3266912986815302e-37
3.6788886930332273e-41
0.0
0.0
0.0
0.0
0.0
0.0
0.0
0.0
0.0
0.0
0.0
0.0
0.0
0.0
0.0
0.0
0.0
0.0
0.0
0.0
0.0
0.0
0.0
0.0
0.0
0.0
0.0
0.0
0.0
0.0
0.0
0.0
0.0
0.0
0.0
0.0
0.0
0.0
0.0
0.0
0.0
0.0
0.0
0.0
0.0
0.0
0.0
0.0
0.0
0.0
0.0
0.0
0.0
0.0
0.0
0.0
0.0
0.0
0.0
0.0
0.0
0.0
0.0
0.0
0.0
0.0
0.0
0.0
0.0
0.0
0.0
0.0
0.0
0.0
0.0
0.0
0.0
0.0
0.0
0.0
0.0
0.0
0.0
0.0
0.0
0.0
0.0
0.0
0.0
0.0
0.0
0.0
0.0
0.0
0.0
0.0
0.0
0.0
0.0
0.0
0.0
0.0
0.0
0.0
0.0
0.0
0.0
0.0
0.0
0.0
0.0
0.0
0.0
0.0
0.00013364686550548349
0.0008495462244103469
0.0035991239119844837
0.010162209221362666
0.01912321964280931
0.02398365910449219
0.02004709369846482
0.011167833899879836
0.004146369679150339
0.0010260030272609929
0.00016920407283643431
1.859749844586134e-05
1.3623220871120273e-06
6.650994868394918e-08
2.164088294092664e-09
3.425370226195054e-05
0.00023949966887100145
0.0011160520688973342
0.003466135575834324
0.00717444289328399
0.009897200501026375
0.009099511999067524
0.006867354254220373
0.0032106854877803548
0.0010004321207410095
0.00020775861304998748
2.875490888703515e-05
2.652445703280527e-06
1.6306567678675523e-07
6.681287502961126e-09
1.8244808592815297e-10
3.320473441432646e-12
4.02756222127271e-14
3.2558624893820137e-16
1.7541688644102687e-18
6.298806839507407e-21
1.5073938210790445e-23
2.404233915491819e-26
2.555690484554083e-29
1.8105951007765055e-32
8.549012931187646e-36
2.6902469969758846e-39
5.642218294320315e-43
0.0
0.0
0.0
0.0
0.0
0.0
0.0
0.0
0.0
0.0
0.0
0.0
0.0
0.0
0.0
0.0
0.0
0.0
0.0
0.0
0.0
0.0
0.0
0.0
0.0
0.0
0.0
0.0
0.0
0.0
0.0
0.0
0.0
0.0
0.0
8.265594562409781e-06
5.294971384688367e-05
0.00022606570550184044
0.0006432611150847028
0.0012198922224760471
0.001541832421811908
0.0012987765343103067
0.0007291438904453392
0.00027281836200938214
6.803235445857667e-05
1.1306780300730744e-05
1.2524025814188565e-06
9.245502126245644e-08
4.548818406656343e-09
1.4915858158038146e-10
3.2597135523454634e-12
4.7477974137488234e-14
4.608785217044587e-16
2.9816887522035133e-18
1.2856409382447145e-20
3.6945251498934214e-23
5.960537759628703e-25
8.710176552102096e-28
8.483010817546037e-31
5.506233593589786e-34
2.3819947000307667e-37
6.867655444199497e-41
1.3196469356272032e-44
0.0
0.0
0.0
0.0
0.0
0.0
0.0
0.0
0.0
0.0
0.0
0.0
0.0
0.0
0.0
0.0
0.0
0.0
0.0
0.0
0.0
0.0
0.0
0.0
0.0
0.0
0.0
0.0
0.0
0.0
0.0
0.0
0.0
0.0
0.0
0.0
0.0
0.0
0.0
0.0
0.0
0.0
0.0
0.0
0.0
0.0
0.0
0.0
0.0
0.0
0.0
0.0
0.0
0.0
0.0
0.0
0.0
0.0
0.0
0.0
0.0
0.0
9.777353635545114e-05
0.0007575076330346557
0.003911418193807699
0.013460557199872963
0.03087261182828098
0.047191660100758495
0.048077146808588364
0.03264327060112468
0.014771690256707692
0.006949529521128406
0.0015991695499970682
0.00024525347382018054
2.5067866404309288e-05
1.7076588912412026e-06
7.75294001955e-08
2.3459204040764315e-09
4.730877137077491e-11
6.358455179602823e-13
5.69564755497894e-15
3.400291491761925e-17
1.3529157051593646e-19
3.5876236309222024e-22
6.340515401910257e-25
7.468335093995092e-28
5.8627932366648115e-31
3.067375247202431e-34
1.0695738769562697e-37
2.485628467027504e-41
0.0
0.0
0.0
0.0
0.0
0.0
0.0
0.0
0.0
0.0
0.0
0.0
0.0
0.0
0.0
0.0
0.0
0.0
0.0
0.0
0.0
0.0
0.0
0.0
0.0
0.0
0.0
0.0
0.0
0.0
0.0
0.0
0.0
0.0
0.0
0.0
0.0
0.0
0.0
0.0
0.0
0.0
0.0
0.0
0.0
0.0
0.0
0.0
0.0
0.0
0.0
0.0
0.0
0.0
0.0
0.0
0.0
0.0
0.0
0.0
0.0
0.0
0.0
0.0
0.0
0.0
0.0
0.0
0.0
0.0
0.0
0.0
0.0
0.0
0.0
0.0
0.0
0.0
0.0
0.0
0.0
0.0
0.0
0.0
0.0
0.0
0.0
0.0
0.0
0.0
0.0
0.0
0.0
0.0
0.0
0.0
0.0
0.0
0.0
0.0
0.0
0.0
0.0
0.0
0.0
0.0
0.0
0.0
2.844797783715909e-05
0.00010962133966156234
0.0005913055451325206
0.0021257409874348284
0.005093194827825134
0.008133018880152524
0.008655552995358917
0.006139307793879357
0.0029021880058772106
0.0009143515949524961
0.0001919917020918495
2.6867870048235425e-05
2.505910567195013e-06
1.5576843053257323e-07
6.453196193133614e-09
1.7817708187674968e-10
3.278765548578409e-12
4.021151469436806e-14
3.286790704478752e-16
1.7905036711784335e-18
6.50069708792489e-21
1.5729908337711233e-23
2.5367285817591098e-26
2.726486556899386e-29
1.9530540726226498e-32
9.32409569891697e-36
2.966748458491611e-39
1.1036488646854456e-41
0.0
0.0
0.0
0.0
0.0
0.0
0.0
0.0
0.0
0.0
0.0
0.0
0.0
0.0
0.0
0.0
0.0
0.0
0.0
0.0
0.0
0.0
0.0
0.0
0.0
0.0
0.0
0.0
0.0
1.5142360970607191e-06
1.4003464816317263e-05
8.630957188921592e-05
0.0003545389617035107
0.0009706228760767732
0.0017710002609692744
0.0021536160333547366
0.0017454180973489409
0.0009427840393810222
0.00033939584156242325
8.142961101931232e-05
1.3020862470190324e-05
1.387646010961961e-06
9.85596561114936e-08
4.665532463359507e-09
1.4719220117812914e-10
3.09492359875898e-12
4.3370718127736087e-14
4.050651146322363e-16
2.52135860948814e-18
1.0459861751406508e-20
2.155531405379592e-22
4.547244018558599e-25
6.393279837074306e-28
5.990743374420344e-31
3.741271850171725e-34
1.5571819630715606e-37
4.319574922147331e-41
0.0
0.0
0.0
0.0
0.0
0.0
0.0
0.0
0.0
0.0
0.0
0.0
0.0
0.0
0.0
0.0
0.0
0.0
0.0
0.0
0.0
0.0
0.0
0.0
0.0
0.0
0.0
0.0
0.0
0.0
0.0
0.0
0.0
0.0
0.0
0.0
0.0
1.727480187139222e-05
0.00016181718529088393
0.0010102241779419647
0.004203319691160576
0.011655975729441112
0.021542018512883093
0.026534181976881472
0.02178244168312052
0.015243147703953073
0.006363236941397738
0.0017703660806438304
0.0003282688044926808
4.0567448650111175e-05
3.3412373297176915e-06
3.475450689744706e-05
0.0002968604814634338
0.0016988441892557317
0.006479567100734075
0.016471002151977988
0.027927129897014367
0.03169950391280262
0.024800920464756442
0.01602055538711403
0.014391133275264228
0.018397953336934846
0.019754276078773933
0.014667011258326056
0.007294306145487753
0.002419345389809036
0.0005348496923567669
7.8804727129081e-05
7.73846837352632e-06
5.064532845704069e-07
6.564926171834806e-08
2.184825822059551e-09
4.84602156208803e-11
7.163667378196657e-13
7.057762358794022e-15
4.6342578896618874e-17
2.0280325117121724e-19
5.91495133899484e-22
1.1497647441080959e-24
1.4895268873604697e-27
1.286083761676926e-30
7.400681442925518e-34
2.8382831231573088e-37
7.254730221296824e-41
0.0
0.0
0.0
0.0
0.0
0.0
0.0
0.0
0.0
0.0
0.0
0.0
0.0
1.6739131104137635e-37
1.2870247251899271e-36
6.595115684339323e-36
2.2523687524569536e-35
5.126702516069646e-35
7.777110861666729e-35
7.862850352677376e-35
5.298138153540719e-35
2.3792939234985647e-35
7.121220942607493e-36
1.4205037137982963e-36
1.8884775867079948e-37
1.6732577465033332e-38
9.880874926510676e-40
3.888745377177052e-41
1.0200117200948503e-42
1.7831273614556187e-44
2.077500392904352e-46
1.6131747409619653e-48
8.348400204379792e-51
2.8794308613079514e-53
6.61898806876991e-56
1.0140470118473841e-58
1.0353951568469155e-61
7.045887700176416e-65
4.351005533096147e-67
1.5056422868008155e-70
3.472446153314697e-74
0.0
0.0
0.0
0.0
0.0
0.0
0.0
0.0
0.0
0.0
0.0
0.0
0.0
0.0
0.0
0.0
0.0
0.0
0.0
0.0
0.0
0.0
0.0
0.0
0.0
0.0
0.0
0.0
0.0
0.0
0.0
0.0
0.0
0.0
0.0
0.0
0.0
0.0
0.0
0.0
0.0
0.0
0.0
0.0
0.0
0.0
0.0
0.0
0.0
0.0
0.0
0.0
0.0
0.0
0.0
0.0
0.0
0.0
0.0
0.0
0.0
0.0
0.0
0.0
0.0
0.0
0.0
0.0
0.0
0.0
0.0
0.0
0.0
0.0
0.0
0.0
0.0
0.0
0.0
0.0
0.0
0.0
0.0
0.0
0.0
0.0
0.0
0.0
0.0
0.0
0.0
0.0
0.0
0.0
0.0
0.0
0.0
0.0
0.0
0.0
0.0
0.0
0.0
1.3710842162168147e-05
0.00011216687489361246
0.0006115706810859571
0.0022223386640093028
0.005382144771688359
0.008687244743870288
0.009345236287395387
0.006700081176829845
0.0032014844049594628
0.0010195399896985528
0.00021639074760837487
3.060938881353406e-05
2.885706627174091e-06
1.8131396025664528e-07
7.592623400023081e-09
2.1190149584491868e-10
3.941465541440805e-12
4.8861072313487047e-14
4.036916828139199e-16
2.222890951305262e-18
8.157706241023806e-21
1.9952600860945373e-23
2.8910438350620067e-25
3.5957435451199587e-28
2.9806040727665987e-31
1.6466504598737315e-34
6.062895700929374e-38
1.4877855036309193e-41
0.0
0.0
0.0
0.0
0.0
0.0
0.0
0.0
0.0
0.0
0.0
0.0
0.0
0.0
0.0
0.0
0.0
0.0
0.0
0.0
0.0
0.0
0.0
0.0
0.0
0.0
0.0
0.0
0.0
0.0
0.0
0.0
0.0
0.0
0.0
0.0
0.0
0.0
0.0
0.0
0.0
0.0
0.0
0.0
5.1191139177421735e-05
0.0003410216983136378
0.0009636981356095393
0.0032646063256640046
0.0073705884964122975
0.01109060046815678
0.011122169361810897
0.0074337079651158105
0.00331133436080229
0.0009830647501539182
0.00019451037009164806
2.564985679185891e-05
2.254284253415434e-06
1.3204256687609002e-07
5.154669053696124e-09
1.341124710949059e-10
2.325514705659693e-12
2.687512938957328e-14
2.0699677807660294e-16
1.0625714816809525e-18
3.635249923234416e-21
8.288805337606048e-24
1.2595956582105577e-26
1.2757098762981592e-29
8.611012680074702e-33
3.873807966266767e-36
1.161457961438932e-39
4.152866404360232e-42
0.0
0.0
0.0
0.0
0.0
0.0
0.0
0.0
0.0
0.0
0.0
0.0
0.0
0.0
0.0
0.0
0.0
0.0
0.0
0.0
0.0
0.0
0.0
0.0
0.0
0.0
0.0
0.0
0.0
0.0
0.0
0.0
0.0
0.0
0.0
0.0
0.0
0.0
1.131431032408687e-05
8.81131405477081e-05
0.0004573354044741202
0.0015820146990204943
0.0036472686479191224
0.005604108574141064
0.0057388764645982335
0.003916776224161323
0.0017816081540558094
0.0005401037240075608
0.00010912486010820049
1.4694397248541432e-05
1.318746745915519e-06
2.1099330622842487e-07
9.628993253651012e-09
2.9286983028248395e-10
5.936766074689024e-12
8.020598677645453e-14
7.221795461435788e-16
4.333762725087377e-18
1.7332716113861872e-20
4.6200818130860327e-23
8.207563597521718e-26
9.71763080573854e-29
7.668105546816269e-32
4.032713016704987e-35
1.413474898043641e-38
3.301873506733411e-42
0.0
0.0
0.0
0.0
0.0
0.0
0.0
0.0
0.0
0.0
0.0
0.0
0.0
0.0
0.0
0.0
0.0
0.0
0.0
0.0
0.0
0.0
0.0
0.0
0.0
0.0
0.0
0.0
0.0
0.0
0.0
0.0
0.0
0.0
0.0
0.0
0.0
0.0
0.0
0.0
0.0
0.0
0.0
0.0
0.0
0.0
3.536741783570943e-05
0.000253624624820659
0.0012121630185196251
0.003861110145228567
0.00819881144696348
0.011616296512522727
0.011055349168754076
0.007374866118276547
0.004285353804763726
0.003430205009954834
0.003418228597281796
0.002729608416891756
0.0015001291860164585
0.0005521752509229131
0.00013555878956375184
2.2182371819561667e-05
5.297044240040343e-06
4.4078272192560947e-07
2.4445412787796374e-08
9.035491493113802e-10
2.2258082225422986e-11
3.6543088756160516e-13
3.998566391515237e-15
2.915982533122893e-17
1.4172519827446215e-19
4.590825406771193e-22
9.910966949579489e-25
1.4260108420204247e-27
1.3674491174452393e-30
8.739389011085078e-34
3.722481220251952e-37
1.0567335787911454e-40
0.0
0.0
0.0
0.0
0.0
0.0
0.0
0.0
0.0
0.0
0.0
2.0977023474002702e-05
0.0001592049211963428
0.0008052869481551634
0.0027147283639625073
0.006099351316962562
0.009133189437297747
0.009114709479492064
0.006062402173769404
0.002687374580425466
0.0007939501120620728
0.00015632907996878864
2.0514827890323483e-05
1.7942275950597693e-06
1.0458483943769265e-07
4.062950061707911e-09
1.0519516592244758e-10
1.8152298715849724e-12
2.0876083471331936e-14
1.6001031044810847e-16
8.173883793749871e-19
2.782854490981896e-21
6.3144290293451694e-24
9.549029220087674e-27
9.624228075203411e-30
7.722143880183324e-32
3.9577390282700386e-35
1.3518794495221924e-38
3.077586916263934e-42
0.0
0.0
0.0
0.0
0.0
0.0
0.0
0.0
0.0
0.0
0.0
0.0
0.0
0.0
0.0
0.0
0.0
0.0
0.0
0.0
0.0
0.0
0.0
0.0
0.0
0.0
0.0
0.0
0.0
0.0
0.0
0.0
0.0
0.0
0.0
0.0
0.0
0.0
0.0
0.0
0.0
0.0
0.0
0.0
0.0
0.0
0.0
0.0
0.0
0.0
0.0
0.0
0.0
0.0
0.0
0.0
0.0
0.0
0.0
0.0
0.0
0.0
0.0
0.0
0.0
0.0
0.0
0.0
0.0
0.0
0.0
0.0
0.0
0.0
0.0
0.0
0.0
0.0
0.0
0.0
0.0
0.0
0.0
0.0
0.0
0.0
0.0
0.0
0.0
0.0
0.0
0.0
0.0
0.0
0.0
0.0
0.0
0.0
0.0
0.0
0.0
0.0
0.0
0.0
0.0
0.0
0.0
0.0
0.0
0.0
0.0
0.0
0.0
0.0
0.0
0.0
0.0
0.0
0.0
0.0
0.0
0.0
0.0
0.0
0.0
0.0
0.0
0.0
0.0
0.0
0.0
0.0
0.0
0.0
0.0
0.0
0.0
0.0
0.0
0.0
0.0
0.0
0.0
0.0
0.0
0.0
0.0
0.0
0.0
0.0
0.0
0.0
0.0
0.0
0.0
0.0
0.0
0.0
0.0
0.0
0.0
0.0
0.0
0.0
0.0
0.0
0.0
0.0
0.0
0.0
0.0
0.0
0.0
0.0
0.0
0.0
0.0
0.0
0.0
0.0
0.0
0.0
0.0
0.0
0.0
0.0
0.0
0.0
0.0
0.0
0.0
0.0
0.0
0.0
0.0
0.0
0.0
0.0
0.0
0.0
0.0
0.0
0.0
0.0
0.0
0.0
0.0
0.0
0.0
0.0
0.0
0.0
0.0
0.0
0.0
0.0
0.0
0.0
0.0
0.0
0.0
0.0
0.0
0.0
0.0
0.0
0.0
0.0
0.0
0.0
0.0
0.0
0.0
0.0
0.0
0.0
0.0
0.0
0.0
0.0
0.0
0.0
0.0
0.0
0.0
0.0
0.0
0.0
0.0
0.0
0.0
0.0
0.0
0.0
0.0
0.0
0.0
0.0
0.0
0.0
0.0
0.0
0.0
0.0
0.0
0.0
0.0
0.0
0.0
0.0
0.0
0.0
0.0
0.0
0.0
0.0
0.0
0.0
0.0
0.0
0.0
0.0
0.0
0.0
0.0
0.0
0.0
0.0
0.0
0.0
0.0
0.0
0.0
0.0
0.0
0.0
0.0
0.0
0.0
0.0
0.0
0.0
0.0
0.0
0.0
0.0
0.0
0.0
0.0
0.0
0.0
0.0
0.0
0.0
0.0
0.0
0.0
