a = 4.980454711608642 b = 4.980454711608642 c = 5.455805630833164 ,Gaussian ,LMH = 0.08 ,DW = [1. 1.]
0.0
0.0
0.0
0.0
0.0
0.0
0.0
0.0
0.0
0.0
0.0
0.0
0.0
0.0
0.0
0.0
0.0
0.0
0.0
0.0
0.0
0.0
0.0
0.0
0.0
0.0
0.0
0.0
0.0
0.0
0.0
0.0
0.0
0.0
0.0
0.0
0.0
0.0
0.0
0.0
0.0
0.0
0.0
0.0
0.0
0.0
0.0
0.0
0.0
0.0
0.0
0.0
0.0
0.0
0.0
0.0
0.0
0.0
0.0
0.0
0.0
0.0
0.0
0.0
0.0
0.0
0.0
0.0
0.0
0.0
0.0
0.0
0.0
0.0
0.0
0.0
0.0
0.0
0.0
0.0
0.0
0.0
0.0
0.0
0.0
0.0
0.0
0.0
0.0
0.0
0.0
0.0
0.0
0.0
0.0
0.0
0.0
0.0
0.0
0.0
0.0
0.0
0.0
0.0
0.0
0.0
0.0
0.0
0.0
0.0
0.0
0.0
0.0
0.0
0.0
0.0
0.0
0.0
0.0
0.0
0.0
0.0
0.0
0.0
0.0
0.0
0.0
0.0
0.0
0.0
0.0
0.0
0.0
0.0
0.0
0.0
0.0
0.0
0.0
0.0
0.0
0.0
0.0
0.0
0.0
0.0
0.0
0.0
0.0
0.0
0.0
0.0
0.0
0.0
0.0
0.0
0.0
0.0
0.0
0.0
0.0
0.0
0.0
0.0
0.0
0.0
0.0
0.0
0.0
0.0
0.0
0.0
0.0
0.0
0.0
0.0
0.0
0.0
0.0
0.0
0.0
0.0
0.0
0.0
0.0
0.0
0.0
0.0
0.0
0.0
0.0
0.0
0.0
0.0
0.0
0.0
0.0
0.0
0.0
0.0
0.0
0.0
0.0
0.0
0.0
0.0
0.0
0.0
0.0
0.0
0.0
0.0
0.0
0.0
0.0
0.0
0.0
0.0
0.0
0.0
0.0
0.0
0.0
0.0
0.0
0.0
0.0
0.0
0.0
0.0
0.0
0.0
0.0
0.0
0.0
0.0
0.0
0.0
0.0
0.0
0.0
0.0
0.0
0.0
0.0
0.0
0.0
0.0
0.0
0.0
0.0
0.0
0.0
0.0
0.0
0.0
0.0
0.0
0.0
0.0
0.0
0.0
0.0
0.0
0.0
0.0
0.0
0.0
0.0
0.0
0.0
0.0
0.0
0.0
0.0
0.0
0.0
0.0
0.0
0.0
0.0
0.0
0.0
0.0
0.0
0.0
0.0
0.0
0.0
0.0
0.0
0.0
0.0
0.0
0.0
0.0
0.0
0.0
0.0
0.0
0.0
0.0
0.0
0.0
0.0
0.0
0.0
0.0
0.0
0.0
0.0
0.0
0.0
0.0
0.0
0.0
0.0
0.0
0.0
0.0
0.0
0.0
0.0
0.0
0.0
0.0
0.0
0.0
0.0
0.0
0.0
0.0
0.0
0.0
0.0
0.0
0.0
0.0
0.0
0.0
0.0
0.0
0.0
0.0
0.0
0.0
0.0
0.0
0.0
0.0
0.0
0.0
0.0
0.0
0.0
0.0
0.0
0.0
0.0
0.0
0.0
0.0
0.0
0.0
0.0
0.0
0.0
0.0
0.0
0.0
0.0
0.0
0.0
0.0
0.0
0.0
0.0
0.0
0.0
0.0
0.0
0.0
0.0
0.0
0.0
0.0
0.0
0.0
0.0
0.0
0.0
0.0
0.0
0.0
0.0
0.0
0.0
0.0
0.0
0.0
0.0
0.0
0.0
0.0
0.0
0.0
0.0
0.0
6.691220190518228e-35
5.1609518881370006e-34
2.652991432744355e-33
9.08915339126722e-33
2.0753558148778618e-32
3.158226314798792e-32
3.203136731143963e-32
2.1651563130604008e-32
9.754041113491916e-33
2.928609428282929e-33
5.860300402254085e-34
7.815555465212835e-35
6.946745180942941e-36
4.115138301940948e-37
1.6246845514066893e-38
4.274991095284346e-40
7.496920857044111e-42
4.03907819211187e-43
3.6019074763775796e-45
2.140742311580681e-47
8.479647155951598e-50
2.2385805080726627e-52
3.93866644094909e-55
4.618566866966641e-58
3.609498093940846e-61
1.8800437085352227e-64
6.52635395130808e-68
1.5099231697365408e-71
0.0
0.0
0.0
0.0
0.0
0.0
0.0
0.0
0.0
0.0
0.0
0.0
0.0
0.0
0.0
0.0
0.0
0.0
0.0
0.0
0.0
0.0
0.0
0.0
0.0
0.0
0.0
0.0
0.0
0.0
0.0
0.0
0.0
0.0
0.0
0.0
0.0
0.0
0.0
0.0
0.0
0.0
0.0
0.0
0.0
0.0
0.0
0.0
0.0
0.0
0.0
0.0
0.0
0.0
0.0
0.0
0.0
0.0
0.0
0.0
0.0
0.0
0.0
0.0
0.0
0.0
0.0
0.0
0.0
0.0
0.0
0.0
0.0
0.0
0.0
0.0
0.0
0.0
0.0
0.0
0.0
0.0
0.0
0.0
0.0
0.0
0.0
0.0
0.0
0.0
0.0
0.0
0.0
0.0
0.0
0.0
0.0
0.0
0.0
0.0
0.0
0.0
0.0
0.0
0.0
0.0
0.0
0.0
0.0
0.0
0.0
0.0
0.0
0.0
0.0
0.0
0.0
0.0
0.0
0.0006240530175522969
0.004534720531649526
0.0219614552735702
0.070884821707025
0.15248493383824246
0.21861611294641284
0.20889062478479525
0.13302622831868507
0.05645951651800101
0.01597050246220175
0.003010797547023616
0.00037829105761758876
3.167759084083473e-05
1.7679084150886043e-06
6.575805047682965e-08
1.6301202545008283e-09
2.693220467060004e-11
2.965553183674095e-13
2.1763115952699586e-15
1.0644321491481378e-17
3.4697360507404705e-20
7.538005361206389e-23
1.0914352944013667e-25
1.0532248408862097e-28
8.209260182939118e-31
4.028373223581134e-34
1.3174584550451147e-37
2.8716116434770456e-41
0.0
0.0
0.0
0.0
0.0
0.0
0.0
0.0
0.0
0.0
0.0
0.0
0.0
0.0
0.0
0.0
0.0
0.0
0.0
0.0
0.0
0.0
0.0
0.0
0.0
0.0
0.0
0.0
0.0
0.0
0.0
0.0
0.0
0.0
0.0
0.0
0.0
0.0
0.0
0.0
0.0
0.0
0.0
0.0
0.0
0.0
0.0
0.0
0.0
0.0
0.0
0.0
0.0
0.0
0.0
0.0
0.0
0.0
0.0
0.0
0.0
0.0
0.0
0.0
0.0
0.0
0.0
0.0
0.0
0.0
0.0
0.0
0.0
0.0
0.0
0.0
0.0
0.0
0.0
0.0
0.0
0.0
0.0
0.0
0.0
0.0
0.0
0.0
0.0
0.0
0.0
0.0
0.0
0.0
0.0
0.0
0.0
0.0
0.0
0.0
0.0
0.0
0.0
0.0
0.0
0.0
0.0
0.0
0.0
0.0
0.0
0.0
0.0
0.0
0.0
0.0
0.0
0.0
0.0
0.0
0.0
0.0
0.0
0.0
0.0
0.0
0.0
0.0
0.0
0.0
0.0
0.0
0.0
0.0
0.0
0.0
0.0
0.0
0.0
0.0
0.0
0.0
0.0
0.0
0.0
0.0
0.0
0.0
0.0
0.0
0.0
0.0
0.0
0.0
0.0
0.0
0.0
0.0
0.0
0.0
0.0
0.0
0.0
0.0
0.0
0.0
0.0032780052307562466
0.023169924435365433
0.1091493467357756
0.3426882489064913
0.7170655068886052
1.0
0.9294429041114444
0.5757407648768644
0.23769103017545326
0.06540036221075757
0.022083060088243647
0.003089791649936822
0.0002881248285901391
1.7906624299927507e-05
7.417000483367372e-07
2.047502501730645e-08
3.767056404811709e-10
4.61914242311703e-12
3.774871143974088e-14
2.0560063800649397e-16
7.463255895637025e-19
1.8055676110323217e-21
2.911258212604372e-24
3.128450199053824e-27
2.2405741102786734e-30
1.0694757192813566e-33
3.4022333149100364e-37
7.213379893025425e-41
0.0
0.0
0.0
0.0
0.0
0.0
0.0
0.0
0.0
0.0
0.0
0.0
0.0
0.0
0.0
0.0
0.0
0.0
0.0
0.0
0.0
0.0
0.0
0.0
0.0
0.0
0.0
0.0
0.0
0.0
0.0
0.0
0.0
0.0
0.0
0.0
0.0
0.0
0.0
0.0
0.0
0.0
0.0
0.0
0.0
0.0
0.0
0.0
0.0
0.0
0.0
0.0
0.0
0.0
0.0
0.0
0.0
0.0
0.0
0.0
0.0
0.0
0.0
0.0
0.0
0.0
0.0
0.0
0.0
0.0
0.0
0.0
0.0
0.0
0.0
0.0
0.0
0.0
0.0
0.0
0.0
0.0
0.0
0.0
0.0
0.0
0.0
0.0
0.0
0.0
0.0
0.0
0.0
0.0
0.0
0.0
0.0
0.0
0.0
0.0
0.0
0.0
0.0
0.0
0.0
0.0
0.0
0.0
0.0
0.0
0.0
0.0
0.0
0.0
0.0
0.0
0.0
0.0
0.0
0.0
0.0
0.0
0.0
0.0
0.0
0.0
0.0
0.0
0.0
0.0
0.0
0.0
0.0
0.0
0.0
0.0
0.0
0.0
0.0
0.0
0.0
0.0
0.0
0.0
0.0
0.0
0.0
0.0
0.0
0.0
0.0
0.0
0.0
0.0
0.0
0.0
0.0
0.0
0.0
0.0
0.0
0.0
0.0
0.0
0.0
0.0
0.0
0.0
0.0
0.0
0.0
0.0
0.0
0.0
0.0
0.0
0.0
0.0
0.0
0.0
0.0
0.0
0.0
0.0
0.0
0.0
0.0
0.0
0.0
0.0
0.0
7.435143924248523e-36
6.10343282765437e-35
3.3391852009050573e-34
1.2175544515417559e-33
2.958815103755782e-33
4.7921324082384004e-33
5.1727482175234214e-33
3.7213063017641874e-33
1.7842308542757392e-33
5.701488074813887e-34
1.214246732647578e-34
1.7234838371684333e-35
1.630380733515362e-36
1.027903636171391e-37
4.319140367147438e-39
1.209549879501381e-40
2.257520979136782e-42
2.8081568095523794e-44
2.3280508614312167e-46
1.2863084456617583e-48
4.7367375933497625e-51
1.162505669441631e-53
1.6882617275230697e-55
2.106968820575183e-58
1.7524998549083118e-61
9.714924296055483e-65
3.5892391720842526e-68
8.837856085241351e-72
0.0
0.0
0.0
0.0
0.0
0.0
0.0
0.0
0.0
0.0
0.0
0.0
0.0
0.0
0.0
0.0
0.0
0.0
0.0
0.0
0.0
0.0
0.0
0.0
0.0
0.0
0.0
0.0
0.0
0.0
0.0
0.0
0.0
0.0
0.0
0.0
0.0
0.0
0.0
0.0
0.0
0.0
0.0
0.0
0.0
0.0
0.0
0.0
0.0
0.0
0.0
0.0
0.0
0.0
0.0
0.0
0.0
0.0
0.0
0.0
0.0
0.0
0.0
0.0
0.0
0.0
0.0
0.0
0.0
0.0
0.0
0.0
0.0
0.0
0.0
0.0
0.0
0.0
0.0
0.0
0.0
5.2792786927052084e-05
0.00047001698644139777
0.0027889072193332948
0.011028999767183955
0.029068306900861783
0.05106048012875575
0.059776653738121015
0.04664014088727743
0.024253233926655373
0.008405450710856336
0.0019414843950310851
0.0002988741477718675
3.066368504425651e-05
2.096727003431891e-06
9.55522635502002e-08
2.9021617834707426e-09
2.2549810947804343e-10
3.4827806656181605e-12
3.5850143027504676e-14
2.459445530638253e-16
1.1245145338743736e-18
3.4266873810975195e-21
6.959298196934531e-24
9.419719153769169e-27
8.497516402834847e-30
5.108902525710536e-33
2.0471269233237177e-36
5.466929477375401e-40
0.0
0.0
0.0
0.0
0.0
0.0
0.0
0.0
0.0
0.0
0.0
0.0
0.0
0.0
0.0
0.0
0.0
0.0
0.0
0.0
0.0
0.0
0.0
0.0
0.0
0.0
0.0
0.0
0.0
0.0
0.0
0.0
0.0
0.0
0.0
0.0
0.0
0.0
0.0
0.0
0.0
0.0
0.0
0.0
0.0
0.0
0.0
0.0
0.0
0.0
0.0
0.0
0.0
0.0
0.0
0.0
0.0
0.0
0.0
0.0
0.0
0.0
0.0
0.0
0.0
0.0
0.0
0.0
0.0
0.0
0.0
0.0
0.0
0.0
0.00018439866366293787
0.0012929258694531717
0.006041865165163074
0.0188169825032776
0.03905804319368874
0.0540321849449469
0.04981683434850946
0.030611264597071974
0.01253625923801446
0.003421654900570396
0.0006224235195281585
7.546009238787907e-05
6.0971968750538895e-06
3.283406490532037e-07
1.1784214376419794e-08
2.8187604213604246e-10
4.493629308208271e-12
2.271908427603552e-13
1.8417576456809816e-15
9.95074709443813e-18
3.583112497172713e-20
8.598976204159512e-23
1.3753543289945106e-25
1.466101366563747e-28
3.7521666877021055e-05
0.0003028769787779009
0.0016294159147922785
0.005842237275149866
0.013960725148322937
0.022234036326283423
0.02359990164165513
0.016694892356334052
0.007871157482379083
0.00247329049382371
0.0005179563992869657
7.229243049306392e-05
6.724716766163287e-06
4.1690462847450467e-07
1.7225862816971345e-08
4.743586233716553e-10
8.705909815503273e-12
1.0648858987518053e-13
8.681075562723483e-16
2.806648571583271e-17
1.1634857738168048e-19
3.21451655153919e-22
5.919047202062287e-25
7.263893841281238e-28
5.94112543776779e-31
3.238541775005397e-34
1.176553915052295e-37
2.848759006863094e-41
0.0
0.0
0.0
0.0
0.0
0.0
0.0
0.0
0.0
0.0
0.0
0.0
0.0
0.0
0.0
0.0
0.0
0.0
0.0
0.0
0.0
0.0
0.0
0.0
0.0
0.0
0.0
0.0
0.0
0.0
0.0
0.0
0.0
0.0
0.0
0.0
0.0
0.0
0.0
0.0
0.0
0.0
0.0
5.979492126733011e-05
0.000477891042832022
0.0025455113096359565
0.009036551322775022
0.021380209489956205
0.03371341457935648
0.03543031995890787
0.024815838586553608
0.011584155673108979
0.00360397162355121
0.0007472740286708546
0.00010326662008291623
9.510899335106942e-06
5.838008937336082e-07
2.388303274877696e-08
6.511720346316865e-10
1.183269188669925e-11
1.4330222025967277e-13
1.1566549761709148e-15
6.22209002130039e-18
2.2307468991883318e-20
5.330228829817846e-23
8.488343737277171e-26
9.009104208510325e-29
6.372675594452332e-32
4.038153325775327e-34
1.452531587707896e-37
3.4821695593639053e-41
0.0
0.0
0.0
0.0
0.0
0.0
0.0
0.0
0.0
0.0
0.0
0.0
0.0
0.0
0.0
0.0
0.0
0.0
0.0
0.0
0.0
0.0
0.0
0.0
0.0
0.0
0.0
0.0
0.0
0.0
0.0
0.0
0.0
0.0
0.0
0.0
0.0
0.0
0.0
0.0
0.0
0.0
0.0
0.0
0.0
0.0
0.0
0.0
0.0
0.0
0.0
0.0
0.0
0.0
0.0
0.0
0.0
0.0
0.0
0.0
0.0
0.0
0.0
0.0
0.0
0.0
0.0
0.0
0.0
0.0
0.0
0.0
0.0
0.0
0.0
0.0
0.0
0.0
0.0
0.0
0.0
0.0
0.0
0.0
3.2033432708812225e-05
0.00025997801376937134
0.0014062136549126446
0.005069294804933974
0.012179384299836516
0.019502247695585524
0.02081256226766731
0.014802940056903352
0.007017007795703481
0.002216856010676391
0.0004667717466088357
6.550179231480427e-05
6.12608974747366e-06
3.8185200420851327e-07
1.586311022892557e-08
4.3920083577835373e-10
3.2083413001178945e-11
4.5170818285160505e-13
4.238546015098839e-15
2.6506805715949404e-17
1.1047892394795071e-19
3.0689020303754935e-22
5.681567381272853e-25
7.010271643119657e-28
5.764784543780422e-31
3.1594600046578193e-34
1.1540488482174186e-37
2.809422588427126e-41
0.0
0.0
0.0
0.0
0.0
0.0
0.0
0.0
0.0
0.0
0.0
0.0
0.0
0.0
0.0
0.0
0.0
0.0
0.0
0.0
0.0
0.0
0.0
0.0
0.0
0.0
0.0
0.0
0.0
0.0
0.0
0.0
0.0
0.0
0.0
0.0
0.0
0.0
0.0
0.0
0.0
0.0
0.0
0.0
0.0
0.0
0.0
0.0
0.0
0.0
0.0
0.0
0.0
0.0
0.0
0.0
0.0
0.0
0.0
0.0
0.0
0.0
0.0
0.0
0.0
0.0
0.0
0.0
0.0
0.0
0.0
0.0
0.0
0.0
0.0
0.0
0.0
0.0
0.0
0.0
0.0
0.0
0.0
0.0
0.0
0.0
0.0
0.0
0.0
0.0
0.0
0.0
0.0
0.0
0.0
0.0
0.0
0.0
0.0
0.0
0.0
0.0
0.0
0.0
0.0
0.0
0.0
0.0
0.0
0.0
0.0
0.0
0.0
0.0
0.0
0.0
0.0
0.0
0.0
8.53496402146476e-05
0.0007248530946483023
0.004102795289986071
0.015477159111355202
0.038912057462129
0.06520166559186048
0.07281397387933858
0.054194139571140464
0.026882612100373585
0.008887347337068141
0.001958188023609402
0.0002875531799330511
2.8142553956150068e-05
1.8356521545151675e-06
7.979925145005354e-08
2.312005137748753e-09
4.464371431894161e-11
5.745309036487035e-13
4.927742617495306e-15
2.816853016434109e-17
2.0613875396919222e-06
1.717337002591087e-05
9.53526915912827e-05
0.0002386448699323692
0.0006738017155606268
0.0012679253066831364
0.001590145175519949
0.0013291115436441664
0.0007404020835204076
0.0002748877475305933
6.801812896564361e-05
1.1216969217347255e-05
1.2328434241642565e-06
9.030709377441576e-08
4.4087691347622545e-09
1.43447966838115e-10
3.1106631533742194e-12
4.4956565018475575e-14
4.3302682923195244e-16
2.779828718217051e-18
1.1893312158867733e-20
3.3913229312036036e-23
6.444912468430192e-26
8.162937069969001e-29
6.890606059064495e-32
3.8765906428780423e-35
1.453530043532157e-38
3.632282602815457e-42
0.0
0.0
0.0
0.0
0.0
0.0
0.0
0.0
0.0
0.0
0.0
0.0
0.0
0.0
0.0
0.0
0.0
0.0
0.0
0.0
0.0
0.0
0.0
0.0
0.0
0.0
0.0
0.0
0.0
0.0
0.0
0.0
0.0
0.0
0.0
0.0
0.0
0.0
0.0
0.0
0.0
0.0
0.0
0.0
0.0
0.0
0.0
0.0
0.0
0.0
0.0
0.0
0.0
0.0
0.0
0.0
0.0
0.0
0.0
0.0
0.0
0.0
0.0
0.0
0.0
0.0
0.0
0.0
0.0
0.0
0.0
0.0
0.0
0.0
0.0
0.0
0.0
0.0
0.0
0.0
0.0
0.0
0.0
0.0
0.0
0.0
0.0
0.0
0.0
0.0
0.0
0.0
0.0
0.0
0.0
0.0
0.0
0.0
0.0
0.0
0.0
0.0
0.0
0.0
0.0
0.0
0.0
0.0
0.0
1.7551336316355887e-05
0.00015650923400580065
0.0009301463620358843
0.0036842082089811505
0.009725648919486716
0.017110967193868357
0.020063748593028678
0.015679461538823512
0.008166420887507159
0.0028347445069078483
0.000655809394727539
0.00010111670132569393
1.039081711936854e-05
7.11636241341147e-07
3.248238887489261e-08
9.881421246381301e-10
2.0034218880394837e-11
2.7071166065770375e-13
2.4379402633977236e-15
1.3446878622950437e-05
5.633792054290472e-05
0.0003445252808094846
0.0014041804622642743
0.003814224968446342
0.006905120022826513
0.008331394647673468
0.00669955150586922
0.0035905030655485393
0.0012824676579098167
0.0003052945767326719
4.8436561562362246e-05
5.1216402514489036e-06
3.609328264555091e-07
1.6952167823598585e-08
5.30646925157143e-10
1.1070509504210043e-11
1.5392569187876197e-13
1.4263830448501168e-15
8.809327776267059e-18
3.6260260455315134e-20
9.947194669576023e-23
1.818661459656718e-25
2.2160760383627674e-28
1.7996953746003175e-31
9.740805939899457e-35
3.5137619062636807e-38
1.4212096563499106e-40
0.0
0.0
0.0
0.0
0.0
0.0
0.0
0.0
0.0
0.0
0.0
0.0
0.0
0.0
0.0
0.0
0.0
0.0
0.0
0.0
0.0
0.0
0.0
0.0
0.0
0.0
0.0
0.0
0.0
6.8800426607130064e-06
4.4073815548109524e-05
0.00018817057699033754
0.0005354320104070409
0.001015403122998124
0.0012833768651052393
0.001081064150354693
0.0006069183570745629
0.00022708614063731255
5.662817084114209e-05
9.411438008115587e-06
1.0424638086817455e-06
7.695689471337669e-08
3.786305323510573e-09
1.241553038605947e-10
2.7132916008044176e-12
3.951929713510107e-14
3.8362199679542183e-16
2.481871771139418e-18
1.0701304588189177e-20
3.075216241302459e-23
4.961379820580064e-25
7.25009989400368e-28
7.061013684536585e-31
4.5832301279370066e-34
1.982703728094071e-37
5.716438433848744e-41
1.0984360708284434e-44
0.0
0.0
0.0
0.0
0.0
0.0
0.0
0.0
0.0
0.0
0.0
0.0
0.0
0.0
0.0
0.0
0.0
0.0
0.0
0.0
0.0
0.0
0.0
0.0
0.0
0.0
0.0
0.0
0.0
0.0
0.0
0.0
0.0
0.0
0.0
0.0
0.0
0.0
0.0
0.0
0.0
0.0
0.0
0.0
0.0
0.0
0.0
0.0
0.0
0.0
0.0
0.0
0.0
0.0
0.0
0.0
0.0
0.0
0.0
0.0
0.0
0.0
0.0
0.00016428364964377797
0.001112958117249455
0.005025101617144175
0.015121414693878519
0.030326448066388
0.04053519055741766
0.036109746442768695
0.02143868814770849
0.012087827278604264
0.003649426272094558
0.0007343151539760186
9.847408079001547e-05
8.801221044564244e-06
5.242584868546701e-07
2.0812754383039463e-08
5.506747921729931e-10
9.710517657026573e-12
1.1412245778001633e-13
8.938844828034646e-16
4.6663061470944e-18
1.6234787448800777e-20
3.7644500051350025e-23
5.81752165541967e-26
5.991782381853212e-29
4.112970578718172e-32
1.8816408039774e-35
5.7371920761959244e-39
1.1658524930421554e-42
0.0
0.0
0.0
0.0
0.0
0.0
0.0
0.0
0.0
0.0
0.0
0.0
0.0
0.0
0.0
0.0
0.0
0.0
0.0
0.0
0.0
0.0
0.0
0.0
0.0
0.0
0.0
0.0
0.0
0.0
0.0
0.0
0.0
0.0
0.0
0.0
0.0
0.0
0.0
0.0
0.0
0.0
0.0
0.0
0.0
0.0
0.0
0.0
0.0
0.0
0.0
0.0
0.0
0.0
0.0
0.0
0.0
0.0
0.0
0.0
0.0
0.0
0.0
0.0
0.0
0.0
0.0
0.0
0.0
0.0
0.0
0.0
0.0
0.0
0.0
0.0
0.0
0.0
0.0
0.0
0.0
0.0
0.0
0.0
0.0
0.0
0.0
0.0
0.0
0.0
0.0
0.0
0.0
0.0
0.0
0.0
0.0
0.0
0.0
0.0
0.0
0.0
0.0
0.0
0.0
0.0
0.0
0.0
0.0
0.0
0.0
0.0
0.0
1.7058335687755674e-05
0.00012682522863273726
0.0006284289729577755
0.0020753353955791118
0.004567745885723052
0.006700344385374282
0.006550491139198114
0.004268076057598651
0.0018534120602663848
0.0005364056794973253
0.0001034656757636494
1.3300892328692668e-05
1.139585212942481e-06
6.507203383815726e-08
2.476415449203985e-09
6.281077856771641e-11
1.0617600901988607e-12
1.1961899940479507e-14
8.981636651042314e-17
4.494613445237136e-19
1.4990315018524694e-21
2.670897541229456e-23
4.5297915944398074e-26
5.120127349292423e-29
3.857135117060587e-32
1.9365579189530508e-35
6.480039847922675e-39
1.4451283159285824e-42
0.0
0.0
0.0
0.0
0.0
0.0
0.0
0.0
0.0
0.0
0.0
0.0
0.0
0.0
0.0
0.0
0.0
0.0
0.0
0.0
0.0
0.0
0.0
1.195872697906326e-06
1.1059280175946122e-05
6.816325458800487e-05
0.00027999825487470446
0.0007665524548758553
0.0013986530001425586
0.001700825004146613
0.0013784494063395095
0.0007445666464470748
0.00026803892833837786
6.430929021448556e-05
1.0283266897096918e-05
1.0958977811248743e-06
7.783779695092377e-08
3.6846188681919616e-09
1.1624550165944278e-10
2.444225600648487e-12
3.4252160411594515e-14
3.1990144232016907e-16
1.9912508548506866e-18
8.26070856233201e-21
1.7023376751992347e-22
3.591200198613427e-25
5.049112765223949e-28
4.73120833371946e-31
2.9546811555678075e-34
1.2297893300286213e-37
3.411397817014066e-41
0.0
0.0
0.0
0.0
0.0
0.0
0.0
0.0
0.0
0.0
0.0
0.0
0.0
0.0
0.0
0.0
0.0
0.0
0.0
0.0
0.0
0.0
0.0
0.0
0.0
0.0
0.0
0.0
0.0
0.0
0.0
0.0
0.0
0.0
0.0
0.0
0.0
0.0
0.0
0.0
4.323454742190759e-05
0.0003305978111931818
0.0016848086315657345
0.005722459555800459
0.012953777502638817
0.017825419566632493
0.02051899296087279
0.01574178122142764
0.008048839184549668
0.0027428002253796434
0.0006229262765413589
9.428892263369205e-05
9.511877404661125e-06
6.395188693791066e-07
2.8656426367654355e-08
8.55799927922382e-10
1.703350448022837e-11
0.00010649729184915469
0.0007790532747518694
0.0037981960955941136
0.012341536721812266
0.026726539315045737
0.03857428163729136
0.03710518467385049
0.02378772882676775
0.010163727011511362
0.002894240628174593
0.0005492852166997583
6.947728146230485e-05
5.8569208368823224e-06
8.987825219437463e-07
3.8528657271369015e-08
1.1007653764706166e-09
2.095980696333958e-11
2.65987622331265e-13
2.2496616609785646e-15
1.268103256511444e-17
4.76402091586099e-20
1.1928184066241781e-22
1.9904745804753131e-25
2.213709201458696e-28
1.640839626006475e-31
8.105752368686192e-35
2.668714768502955e-38
5.855886046920221e-42
0.0
0.0
0.0
0.0
0.0
0.0
0.0
0.0
0.0
0.0
0.0
0.0
0.0
0.0
0.0
0.0
0.0
0.0
0.0
0.0
0.0
0.0
2.780804000734196e-37
2.0256815875115796e-36
9.834528195082002e-36
3.182126403670498e-35
6.862192118766818e-35
9.862564727003759e-35
9.447097735509821e-35
6.030988474706402e-35
2.566020589854687e-35
7.276345684883699e-36
1.3751436193873756e-36
1.7320656181315476e-37
1.4539925190013774e-38
8.134700188939693e-40
3.0332099974009763e-41
2.702157280847102e-42
5.123587195096393e-44
6.4746930975513935e-46
5.453129253097748e-48
3.0609338492792477e-50
1.1451006061607764e-52
2.855057723841993e-55
4.7442513537084096e-58
5.254144774118412e-61
3.878090400975387e-64
1.9077232386923633e-67
6.2545253877129406e-71
1.3666424220195643e-74
0.0
0.0
0.0
0.0
0.0
0.0
0.0
0.0
0.0
0.0
0.0
0.0
0.0
0.0
0.0
0.0
0.0
0.0
0.0
0.0
0.0
0.0
0.0
0.0
0.0
0.0
0.0
0.0
0.0
0.0
0.0
0.0
0.0
0.0
0.0
0.0
0.0
0.0
0.0
0.0
0.0
0.0
0.0
0.0
0.0
0.0
0.0
0.0
0.0
0.0
0.0
0.0
0.0
0.0
0.0
0.0
0.0
0.0
0.0
0.0
0.0
0.0
0.0
0.0
0.0
0.0
0.0
0.0
0.0
0.0
0.0
0.0
0.0
0.0
0.0
0.0
0.0
0.0
0.0
0.0
0.0
0.0
0.0
0.0
0.0
0.0
0.0
0.0
0.0
0.0
0.0
0.0
0.0
0.0
0.0
0.0
0.0
0.0
0.0
0.0
0.0
0.0
0.0
2.311991636243196e-05
0.0001630743253262848
0.0007665958615188301
0.002401756078530696
0.005015022373143721
0.006979083579836499
0.0064729979886640416
0.004001235312450425
0.0016484062862528622
0.0004526014899731322
8.282267339622284e-05
1.0100992727938943e-05
1.982781208605147e-06
1.2296802229154564e-07
5.082660836909175e-09
1.4001405088521446e-10
2.570595005064002e-12
3.1454098759615403e-14
2.5650886615205504e-16
1.3941485907148708e-18
5.050068806498431e-21
1.2191778809658072e-23
1.9616359070381068e-26
2.103542439175569e-29
1.5033693867617025e-32
7.160802152441079e-36
2.2732081011483472e-39
4.809481557360728e-43
0.0
0.0
0.0
0.0
0.0
0.0
0.0
0.0
0.0
0.0
0.0
0.0
0.0
0.0
0.0
0.0
0.0
0.0
0.0
0.0
0.0
0.0
0.0
0.0
0.0
0.0
0.0
0.0
0.0
0.0
0.0
0.0
0.0
0.0
0.0
0.0
7.682948307164884e-06
6.846713762624956e-05
0.00040664738217005954
0.0016096643956783317
0.004246530456897058
0.007466459208764773
0.00874936830312973
0.006833138891399542
0.003556684533902324
0.0012338205309101124
0.00028525954629382875
4.395516652863452e-05
4.513996526865851e-06
3.0895416877546735e-07
1.4093162086518196e-08
4.2845417806617013e-10
8.681242058393354e-12
1.1723057565196067e-13
1.0550704934052533e-15
6.328541110953069e-18
2.529922875914342e-20
6.740506107575718e-23
1.196903892216503e-25
1.4164707153247195e-28
1.1172168297042478e-31
7.6124579867886665e-34
3.053214795046744e-37
8.16152576138489e-41
0.0
0.0
0.0
0.0
0.0
0.0
0.0
0.0
0.0
0.0
0.0
0.0
0.0
0.0
0.0
0.0
0.0
0.0
0.0
0.0
0.0
0.0
0.0
0.0
0.0
0.0
0.0
0.0
0.0
0.0
0.0
0.0
0.0
0.0
0.0
0.0
8.473579043686014e-06
6.599020530919347e-05
0.0003425102890308366
0.001184811642640285
0.00273153363275766
0.004197061562938463
0.0042979927146948845
0.002933374813063524
0.0013342923329695588
0.0004044976199233427
8.17264244369789e-05
1.1005013387317282e-05
9.87643477157386e-07
1.5801833313772912e-07
7.2114015886793515e-09
2.1933777537693794e-10
4.44619735156601e-12
6.006833375254563e-14
5.408589028138383e-16
3.245666766752017e-18
1.2980918485142588e-20
3.4600985221465734e-23
6.146856229638823e-26
7.277784539326687e-29
5.74284217111738e-32
3.020202869529215e-35
1.0585878353840761e-38
2.4728582962759002e-42
0.0
0.0
0.0
0.0
0.0
0.0
0.0
0.0
0.0
0.0
0.0
0.0
0.0
0.0
0.0
0.0
0.0
0.0
0.0
0.0
0.0
0.0
0.0
0.0
0.0
0.0
0.0
0.0
0.0
0.0
0.0
0.0
0.0
0.0
0.0
0.0
0.0
0.0
0.0
0.0
0.0
0.0
0.0
0.0
0.0
0.0
0.0
0.0
0.0
0.0
0.0
1.8200678044646886e-05
0.00014568566103416276
0.0007771908004411949
0.0027632494642627625
0.0065477808978960115
0.010340696304716613
0.010883962312553966
0.0076349443488531775
0.0035694912616892546
0.001112214035037832
0.00023096810963608942
6.464902928855713e-05
6.8269751936167824e-06
4.804810257078549e-07
2.2537501038343083e-08
7.045582069705025e-10
1.4679443679371466e-11
2.0383742128185538e-13
1.886426273390179e-15
1.1635293878089778e-17
4.782957015437546e-20
1.3103798289348733e-22
2.392651911383363e-25
2.9116786581191512e-28
2.361505523601857e-31
1.2764860958640046e-34
4.5985912835608434e-38
1.1041170979843794e-41
0.0
0.0
0.0
0.0
0.0
0.0
0.0
0.0
0.0
0.0
0.0
0.0
0.0
0.0
0.0
0.0
0.0
0.0
0.0
0.0
0.0
0.0
0.0
0.0
0.0
0.0
0.0
0.0
0.0
0.0
0.0
0.0
0.0
0.0
0.0
0.0
0.0
0.0
0.0
0.0
0.0
0.0
0.0
0.0
0.0
0.0
0.0
0.0
0.0
0.0
0.0
0.0
0.0
0.0
0.0
0.0
0.0
0.0
0.0
0.0
0.0
0.0
0.0
0.0
0.0
0.0
0.0
0.0
0.0
0.0
0.0
0.0
0.0
0.0
0.0
0.0
0.0
0.0
0.0
0.0
0.0
0.0
0.0
0.0
0.0
0.0
0.0
0.0
0.0
0.0
0.0
0.0
0.0
0.0
0.0
0.0
0.0
0.0
0.0
0.0
0.0
0.0
0.0
0.0
0.0
0.0
0.0
0.0
0.0
0.0
0.0
0.0
0.0
0.0
0.0
0.0
0.0
0.0
0.0
0.0
0.0
0.0
0.0
0.0
0.0
0.0
0.0
0.0
0.0
0.0
0.0
0.0
0.0
0.0
0.0
0.0
0.0
0.0
0.0
0.0
0.0
0.0
0.0
0.0
0.0
0.0
0.0
0.0
0.0
0.0
0.0
0.0
0.0
0.0
0.0
0.0
0.0
0.0
0.0
0.0
0.0
0.0
0.0
0.0
0.0
0.0
0.0
0.0
0.0
0.0
0.0
0.0
0.0
0.0
0.0
0.0
0.0
0.0
0.0
0.0
0.0
0.0
0.0
0.0
0.0
0.0
0.0
0.0
0.0
0.0
0.0
0.0
0.0
0.0
0.0
0.0
0.0
0.0
0.0
0.0
0.0
0.0
0.0
0.0
0.0
0.0
0.0
0.0
0.0
0.0
0.0
0.0
0.0
0.0
0.0
0.0
0.0
0.0
0.0
0.0
0.0
0.0
0.0
0.0
0.0
0.0
0.0
0.0
0.0
0.0
0.0
0.0
0.0
0.0
0.0
0.0
0.0
0.0
0.0
0.0
0.0
0.0
0.0
0.0
0.0
0.0
0.0
0.0
0.0
0.0
0.0
0.0
0.0
0.0
0.0
0.0
0.0
0.0
0.0
0.0
0.0
0.0
0.0
0.0
0.0
0.0
0.0
0.0
0.0
0.0
0.0
0.0
0.0
0.0
0.0
0.0
0.0
0.0
0.0
0.0
0.0
0.0
0.0
0.0
0.0
0.0
0.0
0.0
0.0
0.0
0.0
0.0
0.0
0.0
0.0
0.0
0.0
0.0
0.0
0.0
0.0
0.0
0.0
0.0
0.0
0.0
0.0
0.0
0.0
0.0
0.0
0.0
0.0
0.0
0.0
0.0
0.0
0.0
0.0
0.0
0.0
0.0
0.0
0.0
0.0
0.0
0.0
0.0
0.0
0.0
0.0
0.0
0.0
0.0
0.0
0.0
0.0
0.0
0.0
0.0
0.0
0.0
0.0
0.0
0.0
0.0
0.0
0.0
0.0
0.0
0.0
0.0
0.0
0.0
0.0
