a = 4.980454711608642 b = 4.980454711608642 c = 5.329448551723005 ,Gaussian ,LMH = 0.08 ,DW = [1.7 1.7]
0.0
0.0
0.0
0.0
0.0
0.0
0.0
0.0
0.0
0.0
0.0
0.0
0.0
0.0
0.0
0.0
0.0
0.0
0.0
0.0
0.0
0.0
0.0
0.0
0.0
0.0
0.0
0.0
0.0
0.0
0.0
0.0
0.0
0.0
0.0
0.0
0.0
0.0
0.0
0.0
0.0
0.0
0.0
0.0
0.0
0.0
0.0
0.0
0.0
0.0
0.0
0.0
0.0
0.0
0.0
0.0
0.0
0.0
0.0
0.0
0.0
0.0
0.0
0.0
0.0
0.0
0.0
0.0
0.0
0.0
0.0
0.0
0.0
0.0
0.0
0.0
0.0
0.0
0.0
0.0
0.0
0.0
0.0
0.0
0.0
0.0
0.0
0.0
0.0
0.0
0.0
0.0
0.0
0.0
0.0
0.0
0.0
0.0
0.0
0.0
0.0
0.0
0.0
0.0
0.0
0.0
0.0
0.0
0.0
0.0
0.0
0.0
0.0
0.0
0.0
0.0
0.0
0.0
0.0
0.0
0.0
0.0
0.0
0.0
0.0
0.0
0.0
0.0
0.0
0.0
0.0
0.0
0.0
0.0
0.0
0.0
0.0
0.0
0.0
0.0
0.0
0.0
0.0
0.0
0.0
0.0
0.0
0.0
0.0
0.0
0.0
0.0
0.0
0.0
0.0
0.0
0.0
0.0
0.0
0.0
0.0
0.0
0.0
0.0
0.0
0.0
0.0
0.0
0.0
0.0
0.0
0.0
0.0
0.0
0.0
0.0
0.0
0.0
0.0
0.0
0.0
0.0
0.0
0.0
0.0
0.0
0.0
0.0
0.0
0.0
0.0
0.0
0.0
0.0
0.0
0.0
0.0
0.0
0.0
0.0
0.0
0.0
0.0
0.0
0.0
0.0
0.0
0.0
0.0
0.0
0.0
0.0
0.0
0.0
0.0
0.0
0.0
0.0
0.0
0.0
0.0
0.0
0.0
0.0
0.0
0.0
0.0
0.0
0.0
0.0
0.0
0.0
0.0
0.0
0.0
0.0
0.0
0.0
0.0
0.0
0.0
0.0
0.0
0.0
0.0
0.0
0.0
0.0
0.0
0.0
0.0
0.0
0.0
0.0
0.0
0.0
0.0
0.0
0.0
0.0
0.0
0.0
0.0
0.0
0.0
0.0
0.0
0.0
0.0
0.0
0.0
0.0
0.0
0.0
0.0
0.0
0.0
0.0
0.0
0.0
0.0
0.0
0.0
0.0
0.0
0.0
0.0
0.0
0.0
0.0
0.0
0.0
0.0
0.0
0.0
0.0
0.0
0.0
0.0
0.0
0.0
0.0
0.0
0.0
0.0
0.0
0.0
0.0
0.0
0.0
0.0
0.0
0.0
0.0
0.0
0.0
0.0
0.0
0.0
0.0
0.0
0.0
0.0
0.0
0.0
0.0
0.0
0.0
0.0
0.0
0.0
0.0
0.0
0.0
0.0
0.0
0.0
0.0
0.0
0.0
0.0
0.0
0.0
0.0
0.0
0.0
0.0
0.0
0.0
0.0
0.0
0.0
0.0
0.0
0.0
0.0
0.0
0.0
0.0
0.0
0.0
0.0
0.0
0.0
0.0
0.0
0.0
0.0
0.0
0.0
0.0
0.0
0.0
0.0
0.0
0.0
0.0
0.0
0.0
0.0
0.0
0.0
0.0
0.0
0.0
0.0
0.0
0.0
0.0
0.0
0.0
0.0
0.0
0.0
0.0
0.0
0.0
0.0
0.0
0.0
0.0
0.0
0.0
0.0
0.0
0.0
0.0
0.0
0.0
0.0
0.0
0.0
0.0
0.0
0.0
0.0
0.0
0.0
0.0
0.0
0.0
6.907697892456617e-35
5.177117244375142e-34
2.5859743540580848e-33
8.60878724317634e-33
1.5319855741594413e-32
2.593432908824206e-32
2.9260174192050657e-32
2.200190804459865e-32
1.1026186435301312e-32
3.682746842352808e-33
8.197849638036647e-34
1.2162128260965568e-34
1.2025433972179501e-35
7.924529477462501e-37
3.4803887850587606e-38
1.0187405286093857e-39
1.9873801866281449e-41
2.5839248323119624e-43
2.239032222868729e-45
1.2930709649161912e-47
4.97698033163277e-50
1.2767064048814113e-52
2.182718342008958e-55
2.4870579629988546e-58
1.8886681832827133e-61
9.558879119728419e-65
3.224332517815318e-68
7.248601506875222e-72
0.0
0.0
0.0
0.0
0.0
0.0
0.0
0.0
0.0
0.0
0.0
0.0
0.0
0.0
0.0
0.0
0.0
0.0
0.0
0.0
0.0
0.0
0.0
0.0
0.0
0.0
0.0
0.0
0.0
0.0
0.0
0.0
0.0
0.0
0.0
0.0
0.0
0.0
0.0
0.0
0.0
0.0
0.0
0.0
0.0
0.0
0.0
0.0
0.0
0.0
0.0
0.0
0.0
0.0
0.0
0.0
0.0
0.0
0.0
0.0
0.0
0.0
0.0
0.0
0.0
0.0
0.0
0.0
0.0
0.0
0.0
0.0
0.0
0.0
0.0
0.0
0.0
0.0
0.0
0.0
0.0
0.0
0.0
0.0
0.0
0.0
0.0
0.0
0.0
0.0
0.0
0.0
0.0
0.0
0.0
0.0
0.0
0.0
0.0
0.0
0.0
0.0
0.0
0.0
0.0
0.0
0.0006622576253078799
0.004812336718608096
0.02330593845187358
0.07522439980851918
0.16182008152934044
0.23199982011431858
0.2216789362891987
0.14117011150036374
0.059915975539864996
0.01694821872198549
0.0031951189685699333
0.00040145008588478797
3.361689711558488e-05
1.8761400006214697e-06
6.978376696978541e-08
1.7299164307326272e-09
2.858099778030906e-11
3.147104739349562e-13
2.3095456771710977e-15
1.1295968252202777e-17
3.6821537478039035e-20
7.999483040160544e-23
1.1582531065750079e-25
1.1177034040735465e-28
8.711832170304649e-31
4.274990761789116e-34
1.3981134348202215e-37
3.0474120857146503e-41
0.0
0.0
0.0
0.0
0.0
0.0
0.0
0.0
0.0
0.0
0.0
0.0
0.0
0.0
0.0
0.0
0.0
0.0
0.0
0.0
0.0
0.0
0.0
0.0
0.0
0.0
0.0
0.0
0.0
0.0
0.0
0.0
0.0
0.0
0.0
0.0
0.0
0.0
0.0
0.0
0.0
0.0
0.0
0.0
0.0
0.0
0.0
0.0
0.0
0.0
0.0
0.0
0.0
0.0
0.0
0.0
0.0
0.0
0.0
0.0
0.0
0.0
0.0
0.0
0.0
0.0
0.0
0.0
0.0
0.0
0.0
0.0
0.0
0.0
0.0
0.0
0.0
0.0
0.0
0.0
0.0
0.0
0.0
0.0
0.0
0.0
0.0
0.0
0.0
0.0
0.0
0.0
0.0
0.0
0.0
0.0
0.0
0.0
0.0
0.0
0.0
0.0
0.0
0.0
0.0
0.0
0.0
0.0
0.0
0.0
0.0
0.0
0.0
0.0
0.0
0.0
0.0
0.0
0.0
0.0
0.0
0.0
0.0
0.0
0.0
0.0
0.0
0.0
0.0
0.0
0.0
0.0
0.0
0.0
0.0
0.0
0.0
0.0
0.0
0.0
0.0
0.0
0.0
0.0
0.0
0.0
0.0
0.0
0.0
0.0
0.0
0.0
0.0
0.0
0.0
0.0
0.0
0.0
0.0
0.0
0.0
0.0
0.0
0.0
0.0
0.0
0.0
0.0
0.0
0.0
0.0
0.0
0.0
0.0
0.002023792104042654
0.015585644767274037
0.04851375430498708
0.18998807439761725
0.49587172574047217
0.8625691050780189
1.0
0.7726586116255182
0.3978843404413315
0.13655499562730966
0.031234883223883937
0.004761608981806746
0.00048378134661728947
3.275865464567739e-05
1.4783747768058683e-06
4.446564323326831e-08
8.913456763795656e-10
1.1908287013599579e-11
1.0603127236240511e-13
6.292166418632683e-16
2.4885591989245908e-18
6.559599142230667e-21
1.1523599939040473e-23
1.349213235917319e-26
1.0528210548460107e-29
5.4753272136937287e-33
1.8977855840915366e-36
4.383951657680384e-40
0.0
0.0
0.0
0.0
0.0
0.0
0.0
0.0
0.0
0.0
0.0
0.0
0.0
0.0
0.0
0.0
0.0
0.0
0.0
0.0
0.0
0.0
0.0
0.0
0.0
0.0
0.0
0.0
0.0
0.0
0.0
0.0
0.0
0.0
0.0
0.0
0.0
0.0
0.0
0.0
0.0
0.0
0.0
0.0
0.0
0.0
0.0
0.0
0.0
0.0
0.0
0.0
0.0
0.0
0.0
0.0
0.0
0.0
0.0
0.0
0.0
0.0
0.0
0.0
0.0
0.0
0.0
0.0
0.0
0.0
0.0
0.0
0.0
0.0
0.0
0.0
0.0
0.0
0.0
0.0
0.0
0.0
0.0
0.0
0.0
0.0
0.0
0.0
0.0
0.0
0.0
0.0
0.0
0.0
0.0
0.0
0.0
0.0
0.0
0.0
0.0
0.0
0.0
0.0
0.0
0.0
0.0
0.0
0.0
0.0
0.0
0.0
0.0
0.0
0.0
0.0
0.0
0.0
0.0
0.0
0.0
0.0
0.0
0.0
0.0
0.0
0.0
0.0
0.0
0.0
0.0
0.0
0.0
0.0
0.0
0.0
0.0
0.0
0.0
0.0
0.0
0.0
0.0
0.0
0.0
0.0
0.0
0.0
0.0
0.0
0.0
0.0
0.0
0.0
0.0
0.0
0.0
0.0
0.0
0.0
0.0
0.0
0.0
0.0
0.0
0.0
0.0
0.0
0.0
0.0
0.0
0.0
0.0
0.0
0.0
0.0
0.0
0.0
0.0
0.0
0.0
0.0
0.0
0.0
0.0
0.0
0.0
0.0
0.0
0.0
0.0
0.0
0.0
0.0
0.0
0.0
0.0
0.0
0.0
0.0
0.0
0.0
0.0
0.0
0.0
0.0
0.0
0.0
0.0
0.0
5.5771343768534006e-36
4.655755443759341e-35
2.5903041363329047e-34
9.604901303227858e-34
2.3736495660337584e-33
3.909505659183516e-33
4.291495270061112e-33
3.13961921558348e-33
1.5308296556452822e-33
4.9746015808590964e-34
1.0773859020685026e-34
1.5551268559052412e-35
1.4960355117045006e-36
9.59178713129382e-38
4.098629952903046e-39
1.1672380471845596e-40
2.2154487569185674e-42
2.8024994204250094e-44
2.3627126242733073e-46
1.3275711937628333e-48
4.9714867588039455e-51
9.5691374244746e-53
1.8222327120183093e-55
2.3126847353503812e-58
1.9561879407376426e-61
1.1027733668732238e-64
4.14327260703628e-68
1.0374861234629877e-71
0.0
0.0
0.0
0.0
0.0
0.0
0.0
0.0
0.0
0.0
0.0
0.0
0.0
0.0
0.0
0.0
0.0
0.0
0.0
0.0
0.0
0.0
0.0
0.0
0.0
0.0
0.0
0.0
0.0
0.0
0.0
0.0
0.0
0.0
0.0
0.0
0.0
0.0
0.0
0.0
0.0
0.0
0.0
0.0
0.0
0.0
0.0
0.0
0.0
0.0
0.0
0.0
0.0
0.0
4.913235464486758e-05
0.0004374279633856067
0.002595535991711403
0.010264294792548138
0.02705283139441834
0.04752015879536228
0.05563198917691253
0.04340630749285321
0.02257161555452487
0.007822651716538358
0.0018068699416446963
0.0002781514573723968
2.853759265247146e-05
1.9513486732275183e-06
8.89270669941205e-08
2.700937955393295e-09
2.0986300840551332e-10
3.2412991390260463e-12
3.3364443209456875e-14
2.288917806290942e-16
1.0465453729117765e-18
3.189095129564077e-21
6.476769403434635e-24
8.766595003926268e-27
7.908333956333044e-30
4.754672472323033e-33
1.9051876563890633e-36
5.0878753241809095e-40
0.0
0.0
0.0
0.0
0.0
0.0
0.0
0.0
0.0
0.0
0.0
0.0
0.0
0.0
0.0
0.0
0.0
0.0
0.0
0.0
0.0
0.0
0.0
0.0
0.0
0.0
0.0
0.0
0.0
0.0
0.0
0.0
0.0
0.0
0.0
0.0
0.0
0.0
0.0
0.0
0.0
0.0
0.0
0.0
0.0
0.0
0.0
0.0
0.0
0.0
0.0
0.0
0.0
0.0
0.0
0.0
0.0
0.0
0.0
0.0
0.0
0.0
0.0
0.0
0.0
0.0
0.0
0.0
0.0
0.0
0.0
0.0
0.0
0.0
0.0
0.0
0.0
0.0
0.0
0.0
0.0
0.0
0.0
0.0
0.0
0.0
0.0
0.0
0.0
0.0
0.0
0.0
0.0
0.0
0.0
0.0
0.0
6.499423755738615e-05
0.0005328751328073774
0.002911773589323723
0.01060403858566372
0.02573751094902789
0.041633539819071884
0.04488504645281671
0.03231422463438384
0.015898197060452843
0.00709849028641104
0.007956090916527905
0.014807446107460822
0.020746454068522602
0.01954348553333512
0.012277156558088578
0.005140344521406921
0.0014343969491089938
0.00026676454157724367
3.306499074769369e-05
2.73143114444088e-06
4.1352872732234354e-07
1.7371211847704583e-08
4.863356396812389e-10
9.074519223006869e-12
1.1284769725603826e-13
9.352836147620995e-16
5.166250957819613e-18
1.9019067501013928e-20
4.6664271366578154e-23
7.630646001153736e-26
8.31609940422134e-29
6.040314974479159e-32
2.9240247720217976e-35
9.433743368812608e-39
2.0284701258234448e-42
0.0
0.0
0.0
0.0
0.0
0.0
0.0
0.0
0.0
0.0
0.0
0.0
0.0
0.0
0.0
0.0
0.0
0.0
0.0
0.0
0.0
0.0
0.0
0.0
0.0
0.0
0.0
0.0
0.0
0.0
0.0
0.0
0.0
0.0
0.0
0.0
0.0
5.2490790104503315e-05
0.00041951520113169525
0.002234569375304847
0.007932709144840304
0.018768551993073156
0.0295952186387103
0.031102398813836044
0.021784508565374054
0.010169115889567676
0.0031637355485200965
0.0006559922374367204
9.065228893503775e-05
8.349114107403687e-06
5.124878422163789e-07
2.096564779256555e-08
5.71629393723264e-10
1.0387292650142537e-11
1.2579741900704825e-13
1.0153660593694715e-15
5.462042835698952e-18
1.9582543931794135e-20
4.6791251963368223e-23
7.451466780201782e-26
7.9086147789091e-29
5.594233923931116e-32
3.544880637695322e-34
1.2751004445622293e-37
3.0568119762493485e-41
0.0
0.0
0.0
0.0
0.0
0.0
0.0
0.0
0.0
0.0
0.0
0.0
0.0
0.0
0.0
0.0
0.0
0.0
0.0
0.0
0.0
0.0
0.0
0.0
0.0
0.0
0.0
0.0
0.0
0.0
0.0
0.0
0.0
0.0
0.0
0.0
0.0
0.0
0.0
0.0
0.0
0.0
0.0
0.0
0.0
0.0
0.0
0.0
0.0
0.0
0.0
0.0
0.0
0.0
0.0
0.0
0.0
0.0
0.0
0.0
0.0
0.0
0.0
0.0
0.0
0.0
0.0
0.0
0.0
0.0
0.0
0.0
0.0
0.0
0.0
0.0
0.0
0.0
0.0
0.0
0.0
0.0
0.0
0.0
0.0
0.0
0.0
0.0
0.0
1.8828073918177535e-05
0.00016233071403471062
0.000932775330192249
0.0035721933046285906
0.009117471218003952
0.015509414325441737
0.01758320110569314
0.013285626433937749
0.0066903321343575965
0.002245405945218043
0.0005022542336240211
0.00014772147144636618
1.6802540207232208e-05
1.2737605961045086e-06
6.43549896087475e-08
2.1669963879060633e-09
4.8631279766918585e-11
7.273689497475661e-13
7.250623682362918e-15
4.817009700076755e-17
2.1328544760642522e-19
6.29399620504518e-22
1.2378649808385664e-24
1.6225632129063223e-27
1.4174623165375653e-30
8.252831283448998e-34
3.2024028211083708e-37
8.281909888514078e-41
0.0
0.0
0.0
0.0
0.0
0.0
0.0
0.0
0.0
0.0
0.0
0.0
0.0
0.0
0.0
0.0
0.0
0.0
0.0
0.0
0.0
0.0
0.0
0.0
0.0
0.0
0.0
0.0
0.0
0.0
0.0
0.0
0.0
0.0
0.0
0.0
0.0
0.0
0.0
0.0
0.0
0.0
0.0
0.0
0.0
0.0
0.0
0.0
0.0
0.0
0.0
0.0
0.0
0.0
0.0
0.0
0.0
0.0
0.0
0.0
0.0
0.0
0.0
0.0
0.0
0.0
0.0
0.0
0.0
0.0
0.0
0.0
0.0
0.0
0.0
0.0
0.0
0.0
0.0
0.0
0.0
0.0
0.0
0.0
0.0
0.0
0.0
0.0
0.0
0.0
0.0
0.0
0.0
0.0
0.0
0.0
0.0
0.0
0.0
0.0
0.0
0.0
0.0
0.0
0.0
0.0
0.0
0.0
0.0
0.0
0.0
0.0
0.0
0.0
0.0
0.0
0.0
0.0
0.0
0.0
0.0
0.0
0.0
0.0
0.0
0.0
0.0
0.0
0.0
0.0
0.0
0.0
0.0
4.575159606937419e-05
0.00041270568188487417
0.002481168134861568
0.009941536013801754
0.020017932184450665
0.040786748889033164
0.055386065217173854
0.05012605018360242
0.03023486296587826
0.012154415335571074
0.003256429566200004
0.0005814747408139538
6.919927853307733e-05
5.48850200914263e-06
2.901266588843704e-07
1.0221226070784567e-08
2.3999373217459097e-10
3.755591550367449e-12
3.916862762635663e-14
2.72257533220911e-16
1.2612552981327584e-18
3.894104932530317e-21
8.012976050939189e-24
1.0989086390310206e-26
1.0044096546997242e-29
6.1184542622723054e-33
2.484014377988509e-36
6.721218914903437e-40
0.0
0.0
0.0
0.0
0.0
0.0
0.0
0.0
0.0
0.0
0.0
0.0
0.0
0.0
0.0
0.0
1.0382345929052734e-06
9.24438321048112e-06
5.485824799223837e-05
0.00021696389803336412
0.0005718927152911542
0.001004669463922044
0.001176287246893504
0.0009178783425320426
0.00047735162482471366
0.00016545246267249546
3.821990600017317e-05
1.1485098580398462e-05
1.3491296482113833e-06
1.056219530337722e-07
5.511074084011573e-09
1.9164604134764017e-10
4.441656866571601e-12
6.860751746147699e-14
7.0628495157931e-16
4.84584757657932e-18
2.2158537567004725e-20
6.752957041461887e-23
1.3716030052557003e-25
1.8567114567370569e-28
1.6751046901051228e-31
1.0072123451894934e-34
4.0362836059543814e-38
1.0780126469932917e-41
0.0
0.0
0.0
0.0
0.0
0.0
0.0
0.0
0.0
0.0
0.0
0.0
0.0
0.0
0.0
0.0
0.0
0.0
0.0
0.0
0.0
0.0
0.0
0.0
0.0
0.0
0.0
0.0
0.0
0.0
0.0
0.0
0.0
0.0
0.0
0.0
0.0
0.0
0.0
0.0
0.0
0.0
0.0
0.0
0.0
0.0
0.0
0.0
0.0
0.0
0.0
0.0
0.0
0.0
0.0
0.0
0.0
0.0
0.0
0.0
0.0
0.0
0.0
0.0
0.0
0.0
0.0
0.0
0.0
0.0
0.0
0.0
0.0
0.0
0.0
0.0
0.0
0.0
0.0
0.0
0.0
0.0
0.0
0.0
1.340032476828924e-05
0.00011859571069549453
0.0004050160937904566
0.0018227559269218762
0.00546721692076519
0.010929131218592998
0.014560843133015032
0.012929119639757866
0.0076512595307173725
0.00301771666301705
0.0007932416999420169
0.00013896779300721964
1.6225733268225715e-05
1.2626298508584472e-06
6.548311358385393e-08
2.2634147284906708e-09
5.2141137615705295e-11
8.005314811163713e-13
8.19139514700258e-15
5.586230939448597e-17
2.538992648271625e-19
7.6910484830734025e-22
1.5527130495788313e-24
2.089192245033309e-27
1.8734717785005464e-30
1.1196891088049138e-33
4.459942920353177e-37
1.1839754447932786e-40
0.0
0.0
0.0
0.0
0.0
0.0
0.0
0.0
0.0
0.0
0.0
0.0
0.0
0.0
1.8360830967191368e-05
0.0001295220959854659
0.0006089434217362335
0.001908057995435454
0.003984627673493999
0.005545816185440477
0.005144281708416387
0.003180281505252019
0.001310351868329124
0.00035982542671424985
6.585326530184822e-05
8.032381501866097e-06
1.5768481136198168e-06
9.78046394494862e-08
4.043063832845252e-09
1.113892521147958e-10
5.216940128449877e-06
3.341990425258878e-05
0.00014268432590335098
0.0004060026636141873
0.0007699509266657404
0.0009731476929394645
0.0008197397915155366
0.00046020870022562616
0.00017219287636263103
4.2939510059596064e-05
7.13642222628771e-06
7.904702647950098e-07
5.8354195546424025e-08
2.8710462145011316e-09
9.414338905682885e-11
2.057410830277298e-12
2.9966344165366544e-14
2.908895050961374e-16
1.8819318424115848e-18
8.114490883069518e-21
2.3318478553593512e-23
3.762071342775831e-25
5.497541818982204e-28
5.354163195358284e-31
3.4753313282196367e-34
1.503427100206455e-37
4.334610530223497e-41
8.329124181933378e-45
0.0
0.0
0.0
0.0
0.0
0.0
0.0
0.0
0.0
0.0
0.0
0.0
0.0
0.0
0.0
0.0
0.0
0.0
0.0
0.0
0.0
0.0
0.0
0.0
0.0
0.0
0.0
0.0
0.0
0.0
0.0
0.0
0.0
0.0
0.0
0.0
0.0
0.0
0.0
0.0
0.0
0.0
0.0
0.0
0.0
0.0
0.0
0.0
0.0
0.0
0.0
0.0
0.0
0.0
0.0
0.0
0.0
0.0
0.0
0.0
0.0
0.0
0.0
0.0
0.0
0.0
0.0
6.83895415974515e-05
0.0005147514486123352
0.002582182957310196
0.008632925469138117
0.015406577480446958
0.02619266773694536
0.029678014550354737
0.02241152974585103
0.011279496328691433
0.003783462740599699
0.0008458060041935547
0.00012601829933497606
1.2513477385900933e-05
8.281403776240862e-07
3.652678557551113e-08
1.073743378092471e-09
2.1036384007139314e-11
2.746775909095418e-13
2.390324801229038e-15
1.3863476598832713e-17
5.35881714206593e-20
1.3805345194972548e-22
2.370320928271692e-25
2.712367799346395e-28
2.068576358638114e-31
1.051419632632661e-34
3.5617395233561185e-38
8.041365033239236e-42
0.0
0.0
0.0
0.0
0.0
0.0
0.0
0.0
0.0
0.0
0.0
0.0
0.0
0.0
0.0
0.0
0.0
0.0
0.0
0.0
0.0
0.0
0.0
0.0
0.0
0.0
0.0
0.0
0.0
0.0
0.0
0.0
0.0
0.0
0.0
0.0
0.0
0.0
0.0
0.0
0.0
0.0
0.0
0.0
0.0
0.0
0.0
0.0
0.0
0.0
0.0
0.0
0.0
0.0
0.0
0.0
0.0
0.0
0.0
0.0
0.0
0.0
0.0
0.0
0.0
0.0
0.0
0.0
0.0
0.0
0.0
0.0
0.0
0.0
0.0
0.0
0.0
0.0
0.0
0.0
0.0
0.0
0.0
0.0
0.0
0.0
0.0
0.0
0.0
0.0
0.0
0.0
0.0
0.0
0.0
0.0
0.0
0.0
0.0
0.0
0.0
0.0
0.0
0.0
0.0
0.0
0.0
0.0
0.0
0.0
0.0
0.0
0.0
0.0
0.0
0.0
0.0
0.0
0.0
0.0
0.0
0.0
0.0
0.0
0.0
0.0
0.0
0.0
0.0
0.0
0.0
0.0
0.0
0.0
0.0
0.0
0.0
0.0
0.0
0.0
0.0
0.0
0.0
0.0
0.0
0.0
1.0696631216946344e-05
7.996860265627741e-05
0.0003984497327325654
0.0013231501199928535
0.0029283720251929404
0.004319414943316391
0.004246246008689587
0.002782062773795001
0.0012148152823528982
0.0005580931018082265
0.00012392318203272614
1.8339183945721954e-05
1.8087935675620998e-06
1.1889936943183913e-07
8.47677242068014e-07
7.79119264663137e-06
4.801964550489478e-05
0.00019725314168548972
0.000540020794162872
0.000985322920943653
0.0011981970230850144
0.0009710898952699846
0.0005245322341135892
0.0001888280365251834
4.5304602121820995e-05
7.244354800553064e-06
7.720379555497798e-07
5.483516314889096e-08
2.595739919337354e-09
8.189261899124921e-11
1.721907798453758e-12
2.412995842567303e-14
2.253641350133795e-16
1.4027961963639583e-18
5.819503113975792e-21
1.199262669431781e-22
2.529928344650559e-25
3.5569984388531353e-28
3.3330411578127304e-31
2.0815134750109545e-34
8.663618600793973e-38
2.40326118144993e-41
0.0
0.0
0.0
0.0
0.0
0.0
0.0
0.0
0.0
0.0
0.0
0.0
0.0
0.0
0.0
0.0
0.0
0.0
0.0
0.0
0.0
0.0
0.0
0.0
0.0
0.0
0.0
0.0
0.0
0.0
0.0
0.0
0.0
0.0
0.0
0.0
0.0
0.0
0.0
0.0
0.0
0.0
0.0
0.0
0.0
0.0
0.0
0.0
0.0
0.0
0.0
0.0
0.0
0.0
0.0
0.0
1.7348743509016003e-05
0.00014521067103071204
0.000810047687575796
0.003011647852006897
0.007462414008062514
0.012354189664847874
0.013784223060791039
0.011008509386249211
0.00825264007500463
0.008810180543315938
0.01061197278031164
0.00977456325002311
0.006143279009207239
0.0025827104132366257
0.0011573063822356729
0.00024757207060098734
3.529776054229095e-05
3.3540986550158917e-06
2.1241555148713254e-07
8.965579636177145e-09
2.522040112262982e-10
4.7283232122835174e-12
5.908046030552919e-14
4.91996635686079e-16
2.7306242574324826e-18
1.0100510002473167e-20
2.4900393503534467e-23
4.0911995775374073e-26
4.479986130839945e-29
3.2695216791198693e-32
1.590278990471548e-35
5.155181612066122e-39
1.1137716678315938e-42
0.0
0.0
0.0
0.0
5.349106660713871e-05
0.00037297205778349127
0.0017332167751838074
0.003852459974421897
0.00910368668827662
0.01433765144441077
0.015049437997322007
0.010527956795314186
0.004908507446418159
0.0015252335949626512
0.00031586740978431575
4.3596821132995475e-05
4.010387857909781e-06
2.4586656730665007e-07
1.0046022051329172e-08
2.7357116797900907e-10
4.965100804987064e-12
6.00575157893348e-14
4.841592194578721e-16
2.601300931351571e-18
9.31482145588201e-21
2.2230028602406446e-23
3.5357948286836453e-26
3.74813857659327e-29
2.648047496240018e-32
1.2468593026964867e-35
3.912827277562121e-39
8.183619964896613e-43
0.0
0.0
0.0
0.0
0.0
0.0
0.0
0.0
0.0
0.0
0.0
0.0
0.0
0.0
0.0
0.0
0.0
0.0
0.0
0.0
0.0
0.0
0.0
0.0
0.0
0.0
0.0
0.0
0.0
0.0
0.0
0.0
0.0
0.0
0.0
0.0
0.0
0.0
0.0
0.0
0.0
0.0
0.0
0.0
0.0
0.0
0.0
0.0
0.0
1.1231655052135906e-37
8.400501133178128e-37
4.1874359841713057e-36
9.753137903197162e-36
2.4722360287685784e-35
4.176543853208656e-35
4.7024664803405176e-35
3.5287096039804893e-35
1.7647682370370644e-35
5.8822162403106924e-36
1.3066998503430802e-36
1.9346047289963207e-37
1.908930851378495e-38
1.2553640772010893e-39
5.50212870605714e-41
1.6072126487406847e-42
3.128941808351053e-44
4.059786350488304e-46
3.510673330580069e-48
2.0232950045940403e-50
7.771584021008263e-53
1.9894884960092066e-55
3.394336279424281e-58
3.859667099730739e-61
2.925003419122634e-64
1.477353605494319e-67
4.973064395914085e-71
1.1156944112931612e-74
0.0
0.0
0.0
0.0
0.0
0.0
0.0
0.0
0.0
0.0
0.0
0.0
0.0
0.0
0.0
0.0
0.0
0.0
0.0
0.0
0.0
0.0
0.0
0.0
0.0
0.0
0.0
0.0
0.0
0.0
0.0
0.0
0.0
0.0
0.0
0.0
0.0
0.0
0.0
0.0
0.0
0.0
0.0
0.0
0.0
0.0
0.0
0.0
0.0
0.0
0.0
0.0
0.0
0.0
0.0
0.0
0.0
0.0
0.0
0.0
0.0
0.0
0.0
0.0
0.0
0.0
0.0
0.0
0.0
0.0
0.0
0.0
0.0
0.0
0.0
0.0
0.0
0.0
0.0
0.0
0.0
0.0
0.0
0.0
0.0
0.0
0.0
0.0
0.0
0.0
0.0
0.0
0.0
0.0
0.0
0.0
0.0
0.0
0.0
0.0
0.0
2.779707139955967e-06
2.5943511725802014e-05
0.00016137640248384808
0.0004356607165920206
0.0013780413501590773
0.002905076983503108
0.00408163898937247
0.0038220211177501127
0.0023852457077496022
0.000992098314683123
0.00027501592895222757
5.080922073962264e-05
6.256173259366617e-06
5.134008096839801e-07
2.8079274279363603e-08
1.023520998583514e-09
2.4865041206443366e-11
4.025901617568175e-13
4.344288716353999e-15
3.1476563715745403e-05
0.00019980376683930454
0.0008452819142333923
0.002383312716873437
0.004478597485672083
0.005608988915754249
0.004681754965718583
0.002604439815390565
0.0009656094789982581
0.00039776555923613446
7.499234799577243e-05
9.422980109560667e-06
7.891165384175159e-07
4.40428652611844e-08
1.638292836295412e-09
4.061524224658276e-11
6.710704442583426e-13
7.389732603357613e-15
5.423390599572591e-17
2.6527394280983095e-19
8.64768474871765e-22
1.8788263993933038e-24
2.7205393178671067e-27
2.6254569892581705e-30
1.6886372193336107e-33
7.238512936531746e-37
2.067968411861007e-40
3.9374948119511624e-44
0.0
0.0
0.0
0.0
0.0
0.0
0.0
0.0
0.0
0.0
0.0
0.0
0.0
0.0
0.0
0.0
0.0
0.0
0.0
0.0
5.5419411444682335e-06
4.3159311083246766e-05
0.00022401063982498636
0.000774897638523344
0.0017864940598103412
0.0027449874535420346
0.002810999052630648
0.0019185034428606598
0.0008726618989106473
0.00026455196690034107
5.345120778864482e-05
7.197565063376931e-06
6.45944528741096e-07
1.0334810090062326e-07
4.716444251896752e-09
1.4345261142083066e-10
2.907928740858325e-12
3.9286253020904475e-14
3.537357935062208e-16
2.1227505052070292e-18
8.489858402796727e-21
2.262994451923634e-23
4.02020389171324e-26
4.759860428648865e-29
3.7559681865501467e-32
1.975291250720903e-35
6.923439847203674e-39
1.617313660015094e-42
0.0
0.0
0.0
0.0
0.0
0.0
0.0
0.0
0.0
0.0
0.0
0.0
0.0
0.0
0.0
0.0
0.0
0.0
0.0
0.0
0.0
0.0
0.0
0.0
0.0
0.0
0.0
0.0
0.0
0.0
0.0
0.0
0.0
0.0
0.0
0.0
0.0
0.0
0.0
0.0
0.0
0.0
0.0
0.0
0.0
0.0
0.0
0.0
0.0
0.0
0.0
0.0
0.0
0.0
0.0
4.66250529993668e-06
3.340966301260672e-05
0.00015955352372145154
0.0005078345601619565
0.001077257817123192
0.0015229954421832927
0.0014350237910614723
0.0011008638899174582
0.0005274687129089887
0.00016843848650087534
3.5848212451009353e-05
5.084815825643087e-06
4.806893474808894e-07
3.0285539655744055e-08
1.2717088211976989e-09
3.5589476432709137e-11
6.637997162747699e-13
8.251522230818066e-15
6.836166533345541e-17
3.7746156991299983e-19
1.389038867155977e-21
3.406729117099433e-24
5.568552967503639e-27
6.066366654081881e-30
4.404498887972411e-33
2.1313064624985192e-36
6.8734827506956385e-40
1.477370220423481e-43
0.0
0.0
1.2347810376872498e-05
9.274576390023066e-05
0.00046427977145055183
0.001084437203314874
0.002760531250860981
0.004683413201934481
0.005295583640783498
0.003990678452727873
0.0020042929022137004
0.0006708990688599769
0.00014966999285131216
2.2253269878256257e-05
2.205131433698847e-06
1.4563195292420625e-07
6.410035208668671e-09
1.8803803525039151e-10
3.676313530742545e-12
4.790280324069052e-14
4.1599763642049457e-16
2.407699849405025e-18
9.287426210784367e-21
2.3876460979377902e-23
4.090967998259611e-26
4.6715796452258386e-29
3.555355079098215e-32
1.803365481676731e-35
6.096296375893868e-39
1.3735040375202667e-42
0.0
0.0
0.0
0.0
0.0
0.0
0.0
0.0
0.0
0.0
0.0
0.0
0.0
0.0
0.0
0.0
0.0
0.0
0.0
0.0
0.0
0.0
0.0
0.0
0.0
0.0
0.0
0.0
0.0
0.0
0.0
0.0
0.0
0.0
0.0
0.0
0.0
0.0
0.0
0.0
0.0
0.0
0.0
0.0
0.0
0.0
0.0
0.0
0.0
0.0
0.0
0.0
0.0
0.0
0.0
0.0
0.0
0.0
0.0
0.0
0.0
0.0
0.0
0.0
0.0
0.0
0.0
0.0
0.0
0.0
0.0
0.0
0.0
0.0
0.0
0.0
0.0
0.0
0.0
0.0
0.0
0.0
0.0
0.0
0.0
0.0
0.0
0.0
0.0
0.0
0.0
0.0
0.0
0.0
0.0
0.0
0.0
0.0
0.0
0.0
0.0
0.0
0.0
0.0
0.0
0.0
0.0
0.0
0.0
0.0
0.0
0.0
0.0
0.0
0.0
0.0
0.0
0.0
0.0
0.0
0.0
0.0
0.0
0.0
0.0
0.0
0.0
0.0
0.0
0.0
0.0
0.0
0.0
0.0
0.0
0.0
0.0
0.0
0.0
0.0
0.0
0.0
0.0
0.0
0.0
0.0
0.0
0.0
0.0
0.0
0.0
0.0
0.0
0.0
0.0
0.0
0.0
0.0
0.0
0.0
0.0
0.0
0.0
0.0
0.0
0.0
0.0
0.0
0.0
0.0
0.0
0.0
0.0
0.0
0.0
0.0
0.0
0.0
0.0
0.0
0.0
0.0
0.0
0.0
0.0
0.0
0.0
0.0
0.0
0.0
0.0
0.0
0.0
0.0
0.0
0.0
0.0
0.0
0.0
0.0
0.0
0.0
0.0
0.0
0.0
0.0
0.0
0.0
0.0
0.0
0.0
0.0
0.0
0.0
0.0
0.0
0.0
0.0
0.0
0.0
0.0
0.0
0.0
0.0
0.0
0.0
0.0
0.0
0.0
0.0
0.0
0.0
0.0
0.0
0.0
0.0
0.0
0.0
0.0
0.0
0.0
0.0
0.0
0.0
0.0
0.0
0.0
0.0
0.0
0.0
0.0
0.0
0.0
0.0
0.0
0.0
0.0
0.0
0.0
0.0
0.0
0.0
0.0
0.0
0.0
0.0
0.0
0.0
0.0
0.0
0.0
0.0
0.0
0.0
0.0
0.0
0.0
0.0
0.0
0.0
0.0
0.0
0.0
0.0
0.0
0.0
0.0
0.0
0.0
0.0
0.0
0.0
0.0
0.0
0.0
0.0
0.0
0.0
0.0
0.0
0.0
0.0
0.0
0.0
0.0
0.0
0.0
0.0
0.0
0.0
0.0
0.0
0.0
0.0
0.0
0.0
0.0
0.0
0.0
0.0
0.0
