a = 4.980454711608642 b = 4.980454711608642 c = 5.295138613771298 ,Gaussian ,LMH = 0.08 ,DW = [0.5 0.5]
0.0
0.0
0.0
0.0
0.0
0.0
0.0
0.0
0.0
0.0
0.0
0.0
0.0
0.0
0.0
0.0
0.0
0.0
0.0
0.0
0.0
0.0
0.0
0.0
0.0
0.0
0.0
0.0
0.0
0.0
0.0
0.0
0.0
0.0
0.0
0.0
0.0
0.0
0.0
0.0
0.0
0.0
0.0
0.0
0.0
0.0
0.0
0.0
0.0
0.0
0.0
0.0
0.0
0.0
0.0
0.0
0.0
0.0
0.0
0.0
0.0
0.0
0.0
0.0
0.0
0.0
0.0
0.0
0.0
0.0
0.0
0.0
0.0
0.0
0.0
0.0
0.0
0.0
0.0
0.0
0.0
0.0
0.0
0.0
0.0
0.0
0.0
0.0
0.0
0.0
0.0
0.0
0.0
0.0
0.0
0.0
0.0
0.0
0.0
0.0
0.0
0.0
0.0
0.0
0.0
0.0
0.0
0.0
0.0
0.0
0.0
0.0
0.0
0.0
0.0
0.0
0.0
0.0
0.0
0.0
0.0
0.0
0.0
0.0
0.0
0.0
0.0
0.0
0.0
0.0
0.0
0.0
0.0
0.0
0.0
0.0
0.0
0.0
0.0
0.0
0.0
0.0
0.0
0.0
0.0
0.0
0.0
0.0
0.0
0.0
0.0
0.0
0.0
0.0
0.0
0.0
0.0
0.0
0.0
0.0
0.0
0.0
0.0
0.0
0.0
0.0
0.0
0.0
0.0
0.0
0.0
0.0
0.0
0.0
0.0
0.0
0.0
0.0
0.0
0.0
0.0
0.0
0.0
0.0
0.0
0.0
0.0
0.0
0.0
0.0
0.0
0.0
0.0
0.0
0.0
0.0
0.0
0.0
0.0
0.0
0.0
0.0
0.0
0.0
0.0
0.0
0.0
0.0
0.0
0.0
0.0
0.0
0.0
0.0
0.0
0.0
0.0
0.0
0.0
0.0
0.0
0.0
0.0
0.0
0.0
0.0
0.0
0.0
0.0
0.0
0.0
0.0
0.0
0.0
0.0
0.0
0.0
0.0
0.0
0.0
0.0
0.0
0.0
0.0
0.0
0.0
0.0
0.0
0.0
0.0
0.0
0.0
0.0
0.0
0.0
0.0
0.0
0.0
0.0
0.0
0.0
0.0
0.0
0.0
0.0
0.0
0.0
0.0
0.0
0.0
0.0
0.0
0.0
0.0
0.0
0.0
0.0
0.0
0.0
0.0
0.0
0.0
0.0
0.0
0.0
0.0
0.0
0.0
0.0
0.0
0.0
0.0
0.0
0.0
0.0
0.0
0.0
0.0
0.0
0.0
0.0
0.0
0.0
0.0
0.0
0.0
0.0
0.0
0.0
0.0
0.0
0.0
0.0
0.0
0.0
0.0
0.0
0.0
0.0
0.0
0.0
0.0
0.0
0.0
0.0
0.0
0.0
0.0
0.0
0.0
0.0
0.0
0.0
0.0
0.0
0.0
0.0
0.0
0.0
0.0
0.0
0.0
0.0
0.0
0.0
0.0
0.0
0.0
0.0
0.0
0.0
0.0
0.0
0.0
0.0
0.0
0.0
0.0
0.0
0.0
0.0
0.0
0.0
0.0
0.0
0.0
0.0
0.0
0.0
0.0
0.0
0.0
0.0
0.0
0.0
0.0
0.0
0.0
0.0
0.0
0.0
0.0
0.0
0.0
0.0
0.0
0.0
0.0
0.0
0.0
0.0
0.0
0.0
0.0
0.0
0.0
0.0
0.0
0.0
0.0
0.0
0.0
0.0
0.0
0.0
0.0
0.0
0.0
0.0
0.0
0.0
0.0
0.0
0.0
0.0
0.0
0.0
0.0
0.0
0.0
0.0
0.0
0.0
0.0
0.0
6.940096750702987e-35
5.1004361405700855e-34
2.4982198343393383e-33
8.155217307377372e-33
1.7742792435472773e-32
2.572704784668091e-32
2.486219592891818e-32
1.6012921080726273e-32
6.87358313947233e-33
1.966424900801108e-33
3.749325004634218e-34
4.764423516503539e-35
4.0350524020588446e-36
2.2775585319117157e-37
8.567842271996942e-39
2.148102136049113e-40
3.589384138095848e-42
3.9972977562017944e-44
2.9668432981366558e-46
1.4675883830617345e-48
4.83832982394534e-51
1.0630855712102898e-53
1.55676308639246e-56
1.5193519052743704e-59
9.882703653172991e-63
4.2842491441625735e-66
1.9587313577694337e-68
4.3179380029446205e-72
0.0
0.0
0.0
0.0
0.0
0.0
0.0
0.0
0.0
0.0
0.0
0.0
0.0
0.0
0.0
0.0
0.0
0.0
0.0
0.0
0.0
0.0
0.0
0.0
0.0
0.0
0.0
0.0
0.0
0.0
0.0
0.0
0.0
0.0
0.0
0.0
0.0
0.0
0.0
0.0
0.0
0.0
0.0
0.0
0.0
0.0
0.0
0.0
0.0
0.0
0.0
0.0
0.0
0.0
0.0
0.0
0.0
0.0
0.0
0.0
0.0
0.0
0.0
0.0
0.0
0.0
0.0
0.0
0.0
0.0
0.0
0.0
0.0
0.0
0.0
0.0
0.0
0.0
0.0
0.0
0.0
0.0
0.0
0.0
0.0
0.0
0.0
0.0
0.0
0.0
0.0
0.0
0.0
0.0
0.0
0.0
0.0
0.0
0.0
0.0
0.0
0.0
0.000620369009522528
0.004507950455419657
0.021831808952989012
0.07046636326677631
0.1515847607682007
0.21732554388756845
0.20765746875893537
0.13224092694282105
0.05612621581059476
0.015876222877526453
0.0029930237328968153
0.0003760578702846933
3.1490586698976556e-05
1.7574718197771543e-06
6.536985719971231e-08
1.620497071953575e-09
2.6773214239538538e-11
2.9480464631967017e-13
2.1634640500025696e-15
1.058148425691457e-17
3.449252958579098e-20
7.493505821106339e-23
1.0849921617260073e-25
1.0470072781762406e-28
8.160797985686984e-31
4.004592296504156e-34
1.3096810268607116e-37
2.854659493490749e-41
0.0
0.0
0.0
0.0
0.0
0.0
0.0
0.0
0.0
0.0
0.0
0.0
0.0
0.0
0.0
0.0
0.0
0.0
0.0
0.0
0.0
0.0
0.0
0.0
0.0
0.0
0.0
0.0
0.0
0.0
0.0
0.0
0.0
0.0
0.0
0.0
0.0
0.0
0.0
0.0
0.0
0.0
0.0
0.0
0.0
0.0
0.0
0.0
0.0
0.0
0.0
0.0
0.0
0.0
0.0
0.0
0.0
0.0
0.0
0.0
0.0
0.0
0.0
0.0
0.0
0.0
0.0
0.0
0.0
0.0
0.0
0.0
0.0
0.0
0.0
0.0
0.0
0.0
0.0
0.0
0.0
0.0
0.0
0.0
0.0
0.0
0.0
0.0
0.0
0.0
0.0
0.0
0.0
0.0
0.0
0.0
0.0
0.0
0.0
0.0
0.0
0.0
0.0
0.0
0.0
0.0
0.0
0.0
0.0
0.0
0.0
0.0
0.0
0.0
0.0
0.0
0.0
0.0
0.0
0.0
0.0
0.0
0.0
0.0
0.0
0.0
0.0
0.0
0.0
0.0
0.0
0.0
0.0
0.0
0.0
0.0
0.0
0.0
0.0
0.0
0.0
0.0
0.0
0.0
0.0
0.0
0.0
0.0
0.0
0.0
0.0
0.0
0.0
0.0
0.0
0.0
0.0
0.0
0.0
0.0
0.0
0.0
0.0
0.0
0.0
0.0
0.0
0.0
0.0
0.0
0.0
0.0
0.0
0.0
0.0
0.0
0.0
0.004323172808831857
0.02891205625654701
0.128865574106111
0.382803935291873
0.7578747234727461
1.0
0.8793952701137323
0.5154063904523398
0.20132468154175015
0.05241140363808036
0.009093605484827507
0.001051545272617606
8.104036526905756e-05
4.162520185486349e-06
1.4249278129617664e-07
3.2509547350015922e-09
4.9432267217874534e-11
5.009468907380756e-13
3.383408134069466e-15
1.5229955729561278e-17
4.56903453825087e-20
9.135488794271886e-23
1.2173646476765838e-25
1.0811628895048005e-28
6.399456968456925e-32
3.600907608207063e-34
1.0838434354610197e-37
2.1742159273512148e-41
0.0
0.0
0.0
0.0
0.0
0.0
0.0
0.0
0.0
0.0
0.0
0.0
0.0
0.0
0.0
0.0
0.0
0.0
0.0
0.0
0.0
0.0
0.0
0.0
0.0
0.0
0.0
0.0
0.0
0.0
0.0
0.0
0.0
0.0
0.0
0.0
0.0
0.0
0.0
0.0
0.0
0.0
0.0
0.0
0.0
0.0
0.0
0.0
0.0
0.0
0.0
0.0
0.0
0.0
0.0
0.0
0.0
0.0
0.0
0.0
0.0
0.0
0.0
0.0
0.0
0.0
0.0
0.0
0.0
0.0
0.0
0.0
0.0
0.0
0.0
0.0
0.0
0.0
0.0
0.0
0.0
0.0
0.0
0.0
0.0
0.0
0.0
0.0
0.0
0.0
0.0
0.0
0.0
0.0
0.0
0.0
0.0
0.0
0.0
0.0
0.0
0.0
0.0
0.0
0.0
0.0
0.0
0.0
0.0
0.0
0.0
0.0
0.0
0.0
0.0
0.0
0.0
0.0
0.0
0.0
0.0
0.0
0.0
0.0
0.0
0.0
0.0
0.0
0.0
0.0
0.0
0.0
0.0
0.0
0.0
0.0
0.0
0.0
0.0
0.0
0.0
0.0
0.0
0.0
0.0
0.0
0.0
0.0
0.0
0.0
0.0
0.0
0.0
0.0
0.0
0.0
0.0
0.0
0.0
0.0
0.0
0.0
0.0
0.0
0.0
0.0
0.0
0.0
0.0
0.0
0.0
0.0
0.0
0.0
0.0
0.0
0.0
0.0
0.0
0.0
0.0
0.0
0.0
0.0
0.0
0.0
0.0
0.0
0.0
0.0
0.0
0.0
0.0
0.0
0.0
0.0
0.0
0.0
0.0
0.0
0.0
0.0
0.0
0.0
0.0
0.0
0.0
0.0
0.0
0.0
0.0
0.0
0.0
0.0
0.0
1.9753413506820747e-35
1.3365090179053946e-34
6.026750047367357e-34
1.8112400582789907e-33
3.6278589842934845e-33
4.842909224260872e-33
4.308675705776483e-33
2.554834872288964e-33
1.0096327070633359e-33
2.659166524662605e-34
4.6677674048879436e-35
5.460776817306256e-36
4.257760176634841e-37
6.2024970734104e-38
2.4592117022135787e-39
6.498405588090375e-41
1.1444564175303743e-42
1.3433007341322183e-44
1.0508211216693144e-46
5.478553200082014e-49
1.9036386821917544e-51
4.4084376946240477e-54
6.804033472233022e-57
6.998898960628876e-60
4.7981581063456e-63
2.1923047928595572e-66
6.675885207376439e-70
1.3548722116798548e-73
0.0
0.0
0.0
0.0
0.0
0.0
0.0
0.0
0.0
0.0
0.0
0.0
0.0
0.0
0.0
0.0
0.0
0.0
0.0
0.0
0.0
0.0
0.0
0.0
0.0
0.0
0.0
0.0
0.0
0.0
0.0
0.0
0.0
0.0
0.0
0.0
0.0
0.0
0.0
0.0
0.0
0.0
0.0
0.0
0.0
0.0
5.7640322737957504e-05
0.0005131748552740624
0.0030449900746993422
0.01204170385881993
0.031737415066320496
0.05574895217870043
0.06526546170827104
0.05092272883796012
0.026480212777993183
0.009177255453500024
0.0021197552475290173
0.00032631735012221693
3.3479283916726544e-05
2.2892525325135984e-06
1.0432605721282117e-07
3.16864389198028e-09
2.462037820635185e-10
3.802576322957514e-12
3.9141972503983015e-14
2.6852765764819617e-16
1.2277696334843243e-18
3.741332444552886e-21
7.598314418507085e-24
1.0284655986705516e-26
9.277774795395491e-30
5.5780118375948967e-33
2.2350980771101712e-36
5.968913516480789e-40
0.0
0.0
0.0
0.0
0.0
0.0
0.0
0.0
0.0
0.0
0.0
0.0
0.0
0.0
0.0
0.0
0.0
0.0
0.0
0.0
0.0
0.0
0.0
0.0
0.0
0.0
0.0
0.0
0.0
0.0
0.0
0.0
0.0
0.0
0.0
0.0
0.0
0.0
0.0
0.0
0.0
0.0
0.0
0.0
0.0
0.0
0.0
0.0
0.0
0.0
0.0
0.0
0.0
0.0
0.0
0.0
0.0
0.0
0.0
0.0
0.0
0.0
0.0
0.0
0.0
0.0
0.0
0.0
0.0
0.0
0.0
0.0
0.0
0.0
0.0
0.0
0.0
0.0
0.0
0.0
0.0
0.0
0.0
0.0
0.0
0.0
0.0
0.0
0.0
0.0
0.0
0.0
0.0
0.0
0.0
0.0
0.0
0.0
0.0
0.0
0.0
0.0
0.0
0.0
0.0002474600585969143
0.0016655262377864037
0.007476523094530931
0.02265551802700508
0.046915161365623285
0.0678356721827008
0.07070401865673046
0.05497670573137483
0.03246054731238374
0.0143747967441984
0.004620280632196521
0.0010424980968929993
0.00016128191982692192
3.742089483055322e-05
3.0032311707158666e-06
1.6136162948733915e-07
5.7908734463539464e-09
1.3865304440374213e-10
2.2136976560559524e-12
2.3561111680035522e-14
1.6714999468655876e-16
7.903570734759144e-19
2.4907711885619966e-21
5.2315650795949444e-24
7.32341683069234e-27
6.832486146050906e-30
4.24840545086732e-33
1.7605769557654386e-36
4.862567436724083e-40
0.0
0.0
0.0
0.0
0.0
0.0
0.0
0.0
0.0
0.0
0.0
0.0
0.0
0.0
0.0
0.0
0.0
0.0
0.0
0.0
0.0
0.0
0.0
0.0
0.0
0.0
0.0
0.0
0.0
0.0
0.0
0.0
0.0
0.0
0.0
0.0
6.806761373966549e-05
0.000544007789017839
0.002897685571314857
0.01028676803883311
0.024338184755343016
0.03837770219937791
0.04033214330785228
0.028249136878758862
0.013186836225305797
0.004102585022294024
0.0008506602042980267
0.00011755366942585458
1.0826742615222895e-05
6.645703831245311e-07
2.7187276337526293e-08
7.412623947311505e-10
1.3469757694695285e-11
1.631282384847165e-13
1.3166794516891453e-15
7.08292295142966e-18
2.539373161912146e-20
6.067671792893563e-23
9.662715336898872e-26
1.025552358642075e-28
7.25434220261066e-32
4.596836235832602e-34
1.6534909146336395e-37
3.9639315098873576e-41
0.0
0.0
0.0
0.0
0.0
0.0
0.0
0.0
0.0
0.0
0.0
0.0
0.0
0.0
0.0
0.0
0.0
0.0
0.0
0.0
0.0
0.0
0.0
0.0
0.0
0.0
0.0
0.0
0.0
0.0
0.0
0.0
0.0
0.0
0.0
0.0
0.0
0.0
0.0
0.0
0.0
0.0
0.0
0.0
0.0
0.0
0.0
0.0
0.0
0.0
0.0
0.0
0.0
0.0
0.0
0.0
0.0
0.0
0.0
0.0
0.0
0.0
0.0
0.0
0.0
0.0
0.0
0.0
0.0
0.0
0.0
0.0
0.0
0.0
0.0
0.0
0.0
0.0
0.0
0.0
0.0
0.0
0.0
0.0
0.0
0.0
0.0
0.0
0.0
0.0
0.0
8.705390112169498e-05
0.0006027855311873362
0.002781755458790249
0.008555721254741461
0.017537829873720292
0.023959438012334935
0.021815187473612743
0.013238013515883338
0.005353875144539612
0.0023370394578526915
0.00048063350704217366
6.587848320884516e-05
6.018034690738203e-06
3.663931373218378e-07
1.4866937732160663e-08
4.0204740426212945e-10
7.24627064628583e-12
8.704290707292661e-14
6.968411228355131e-16
3.718054099651077e-18
1.3221453006491042e-20
3.133460431502813e-23
4.949379923236098e-26
5.210254266476414e-29
3.6555151796394876e-32
1.7093059863730152e-35
5.3268759566002414e-39
1.1063865871142472e-42
0.0
0.0
0.0
0.0
0.0
0.0
0.0
0.0
0.0
0.0
0.0
0.0
0.0
0.0
0.0
0.0
0.0
0.0
0.0
0.0
0.0
0.0
0.0
0.0
0.0
0.0
0.0
0.0
0.0
0.0
0.0
0.0
0.0
0.0
0.0
0.0
0.0
0.0
0.0
0.0
0.0
0.0
0.0
0.0
0.0
0.0
0.0
0.0
0.0
0.0
0.0
0.0
0.0
0.0
0.0
0.0
0.0
0.0
0.0
0.0
0.0
0.0
0.0
0.0
0.0
0.0
0.0
0.0
0.0
0.0
0.0
0.0
0.0
0.0
0.0
0.0
0.0
0.0
0.0
0.0
0.0
0.0
0.0
0.0
0.0
0.0
0.0
0.0
0.0
0.0
0.0
0.0
0.0
0.0
0.0
0.0
0.0
0.0
0.0
0.0
0.0
0.0
0.0
0.0
0.0
0.0
0.0
0.0
0.0
0.0
0.0
0.0
0.0
0.0
0.0
0.0
0.0
0.0
0.0
0.0
0.0
0.0
0.0
0.0
0.0
0.0
0.0
0.0
0.0
0.0
0.0
0.0
0.0
0.0
0.0
0.0
0.0
0.00012398488163470195
0.001007101802242063
0.005452046644461995
0.01967103904979708
0.047301682262141515
0.07580667018795072
0.08096919154686995
0.05763864113768464
0.027345710531722214
0.008646617333520682
0.0018221528904008115
0.00025592041867984516
2.3955575522243825e-05
1.4944790409247978e-06
6.21376173862197e-08
1.7218721933703468e-09
3.1800121321586814e-11
3.9141565289250295e-13
3.210917520690223e-15
1.7555033345223072e-17
6.396696061308394e-20
1.5534286868239453e-22
2.5142500896578887e-25
2.7121092245382607e-28
2.2768818945733476e-30
1.2489406053462769e-33
4.565881286757788e-37
1.1124717564289388e-40
0.0
0.0
0.0
0.0
0.0
0.0
0.0
0.0
0.0
0.0
0.0
0.0
0.0
0.0
0.0
0.0
0.0
0.0
0.0
0.0
0.0
0.0
0.0
8.137313024209895e-06
5.373582028354823e-05
0.00023649844588196852
0.0006937040782785251
0.0013561313396490797
0.0017668952587887882
0.0015342686336721617
0.0008879194222276289
0.000342473721667696
8.80364453998519e-05
1.508270694447617e-05
1.7221764053380865e-06
1.3105618605409948e-07
6.64689722273142e-09
2.246787247456465e-10
5.061584424156938e-12
7.599632091735978e-14
7.604666959440677e-16
5.0716512123299135e-18
2.2542397632162966e-20
6.67778422598292e-23
1.3183969992604585e-25
1.734768701348383e-28
1.5213127264477012e-31
1.1125101244902043e-33
4.9611627320654e-37
1.4744991328555342e-40
2.9207011287653017e-44
0.0
0.0
0.0
0.0
0.0
0.0
0.0
0.0
0.0
0.0
0.0
0.0
0.0
0.0
0.0
0.0
0.0
0.0
0.0
0.0
0.0
0.0
0.0
0.0
0.0
0.0
0.0
0.0
0.0
0.0
0.0
0.0
0.0
0.0
0.0
0.0
0.0
0.0
0.0
0.0
0.0
0.0
0.0
0.0
0.0
0.0
0.0
0.0
0.0
0.0
0.0
0.0
0.0
0.0
0.0
0.0
0.0
0.0
0.0
0.0
0.0
0.0
0.0
0.0
0.0
0.0
0.0
0.0
0.0
0.0
0.0
0.0
0.0
0.0
0.0
0.0
0.0
8.015124859621928e-05
0.0005600581592120559
0.0026081797173962812
0.008095122891125543
0.016745222676950902
0.023085535675384624
0.02121145860322768
0.012989207640980459
0.005301226168521229
0.0014419544946341946
0.00026140165040178785
3.158251009202379e-05
2.543117990234598e-06
1.3647965778283536e-07
4.881472957775156e-09
1.1636313113621746e-10
1.8486787882793866e-12
1.957442735060219e-14
1.3813324723181675e-16
6.496641846146084e-19
2.036391038697291e-21
4.254171339992773e-24
5.549046588417256e-26
5.894877052808133e-29
4.1736178424837966e-32
1.9693919450265758e-35
6.193457794225896e-39
1.2981227338322403e-42
0.0
0.0
0.0
0.0
0.0
0.0
0.0
0.0
0.0
0.0
0.0
0.0
0.0
0.0
0.0
0.0
0.0
0.0
0.0
1.658516564144453e-05
6.847349352169535e-05
0.00040961682369850737
0.001633106973192136
0.004339433416400077
0.007693502588884077
0.009125853266760416
0.007372551602024282
0.004417148641169315
0.0025902501761633162
0.0019263529590977547
0.0014135521381128154
0.0007719484680321595
0.0002873430299937752
7.158583907449198e-05
1.1895261246860373e-05
1.3175432272016032e-06
9.726325990809538e-08
4.7853801003295784e-09
1.5691555459300957e-10
3.4292344115117547e-12
4.994705791272845e-14
4.848464283329551e-16
3.1367509516854887e-18
1.3525004692091612e-20
3.88665828074701e-23
6.270514477836565e-25
9.163147752266756e-28
8.92416830362454e-31
5.792584303515176e-34
2.50586991560215e-37
7.22480665809985e-41
1.3882749424933913e-44
0.0
0.0
0.0
0.0
0.0
0.0
0.0
0.0
0.0
0.0
0.0
0.0
0.0
0.0
0.0
0.0
0.0
0.0
0.0
0.0
0.0
0.0
0.0
0.0
0.0
0.0
0.0
0.0
0.0
0.0
0.0
0.0
0.0
0.0
0.0
0.0
0.0
0.0
0.0
0.0
0.0
0.0
0.0
0.0
0.0
0.0
0.0
0.0
0.0
0.0
0.0
0.0
0.0
0.0
0.0
0.0
0.0
0.0
0.0
0.0
0.0
0.0
0.0
0.0
0.0
0.0
0.0
0.0
7.413279150489257e-05
0.00060724200786997
0.0033150860767671127
0.008203849237602765
0.02277473083069319
0.04213765695127366
0.05195999034012861
0.04270210541837626
0.02338896819029526
0.00853796531745049
0.002077204513340854
0.00033681054259378804
3.639767515426081e-05
2.621459548029976e-06
1.2583290545324162e-07
4.025564936805437e-09
8.583037244651214e-11
1.2196541719176313e-12
1.1550850487058123e-14
7.290759415636603e-17
3.066995371259934e-19
8.598744048765904e-22
1.6067136060303455e-24
2.0008911767084242e-27
1.6606955236198225e-30
9.186246800539462e-34
3.3866300017021903e-37
8.321065524472978e-41
0.0
0.0
0.0
0.0
0.0
0.0
0.0
0.0
0.0
0.0
0.0
0.0
0.0
0.0
0.0
0.0
0.0
0.0
0.0
0.0
0.0
0.0
0.0
0.0
0.0
0.0
0.0
0.0
0.0
0.0
0.0
0.0
0.0
0.0
0.0
0.0
0.0
0.0
0.0
0.0
0.0
0.0
0.0
0.0
0.0
0.0
0.0
0.0
0.0
0.0
0.0
0.0
0.0
0.0
0.0
0.0
0.0
0.0
0.0
0.0
0.0
0.0
0.0
0.0
0.0
0.0
0.0
0.0
0.0
0.0
0.0
0.0
0.0
0.0
0.0
0.0
0.0
0.0
0.0
0.0
0.0
0.0
0.0
0.0
0.0
0.0
0.0
0.0
0.0
0.0
0.0
0.0
0.0
0.0
0.0
0.0
0.0
0.0
0.0
0.0
0.0
0.0
0.0
0.0
0.0
0.0
0.0
0.0
0.0
0.0
0.0
0.0
0.0
0.0
0.0
0.0
0.0
0.0
0.0
0.0
0.0
0.0
0.0
0.0
0.0
0.0
0.0
0.0
0.0
0.0
0.0
0.0
0.0
0.0
0.0
0.0
0.0
0.0
0.0
0.0
0.0
0.0
0.0
0.0
0.0
0.0
0.0
0.0
0.0
0.0
0.0
0.0
0.0
0.0
0.0
0.0
3.849711102134401e-05
0.0002535185136098467
0.0011126863708735312
0.0032563412567004264
0.0063599065042218425
0.008335051320697865
0.007512029673397256
0.005141234832788585
0.0034478619529439507
0.002671868538534421
0.0019055968469966563
0.0009997166897363328
0.0003576458382449166
8.569467896730505e-05
1.369903269783118e-05
1.4598332705786025e-06
1.0368557766717227e-07
4.908166091275058e-09
1.5484692854923412e-10
3.255874657547543e-12
4.562620499742239e-14
4.2613045528842357e-16
2.652481421440061e-18
1.1003825023404683e-20
2.267629437178848e-22
4.783722644266528e-25
6.72576123093761e-28
6.302290930312314e-31
3.935836034947276e-34
1.638162937276443e-37
4.544213656503385e-41
0.0
0.0
0.0
0.0
0.0
0.0
0.0
0.0
0.0
0.0
0.0
0.0
0.0
0.0
0.0
0.0
0.0
0.0
0.0
0.0
0.0
0.0
0.0
0.0
0.0
0.0
0.0
0.0
0.0
0.0
0.0
0.0
0.0
0.0
0.0
0.0
0.0
0.0
0.0
0.0
0.0
0.0
0.0
0.0
0.0
0.0
0.0
0.0
0.0
0.0
0.0
0.0
0.0
0.0
0.0
0.0
0.0
0.0
0.0
0.0
0.0
0.00010174990585286512
0.0007412533861287336
0.0035155697519769313
0.011371400341766365
0.02535174983055986
0.03943360867386844
0.043275026678816914
0.03372131843293501
0.01863905626487378
0.010334276991604472
0.0031595009845708155
0.0006663436615783531
9.59092780975598e-05
9.3445892740787e-06
6.12817063848741e-07
2.694950159977856e-08
7.928479207673433e-10
1.5581454404842792e-11
2.0436763601117622e-13
1.787981666848226e-15
1.0430758010747166e-17
4.056794199279832e-20
1.0517476850981252e-22
1.8174807236708252e-25
2.093334167708366e-28
1.6069644849911936e-31
8.221783252005569e-35
2.803584311827359e-38
6.371444653266712e-42
0.0
0.0
0.0
0.0
0.0
0.0
0.0
0.0
0.0
0.0
0.0
0.0
0.0
4.463940316540746e-05
0.0003630631789030696
0.0019680112677680217
0.007109752842512865
0.017118392292573975
0.027469641648078923
0.02937815794550791
0.020940048202336917
0.009947463193811254
0.003149405292307721
0.0006645479355370032
9.345566273273858e-05
8.759241052553003e-06
5.471531237583973e-07
2.2778904613028926e-08
6.320309373983053e-10
1.1687601258779731e-11
1.4404360569520432e-13
1.1831617738523221e-15
3.844546225622594e-17
1.605823514631417e-19
4.470252836226086e-22
8.293692128973456e-25
1.0255227059489041e-27
8.451313250811173e-31
4.641781211241577e-34
1.6991302878633789e-37
4.145245388783834e-41
0.0
0.0
0.0
0.0
0.0
0.0
0.0
0.0
0.0
0.0
0.0
0.0
0.0
0.0
0.0
0.0
0.0
0.0
0.0
0.0
0.0
0.0
0.0
0.0
0.0
0.0
0.0
0.0
0.0
0.0
0.0
0.0
0.0
0.0
0.0
0.0
0.0
0.0
0.0
0.0
0.0
0.0
0.0
0.0
0.0
0.0
0.0
0.0
0.0
0.0
0.0
0.0
0.0
0.0
0.0
0.0
0.0
2.165006490965291e-37
1.567373363479033e-36
7.562532765548805e-36
2.431888308596946e-35
5.211965455578361e-35
7.444593358218191e-35
7.086992622004415e-35
4.4963957530677785e-35
1.9012911445692798e-35
5.3581426310410555e-36
1.0063787617374853e-36
2.6344732005285302e-37
2.5161907311407604e-38
1.6016767802581888e-39
6.794973215447411e-41
1.9212424193737294e-42
3.6204131433742103e-44
4.546902556012319e-46
3.805876657109115e-48
2.123123805362552e-50
7.893642955727373e-53
1.9559654782081464e-55
3.230177892881967e-58
3.555275366897055e-61
2.607964018632661e-64
1.2750038463068782e-67
4.154348661893618e-71
9.021441531466314e-75
0.0
0.0
0.0
0.0
0.0
0.0
0.0
0.0
0.0
0.0
0.0
0.0
0.0
0.0
0.0
0.0
0.0
0.0
0.0
0.0
0.0
0.0
0.0
0.0
0.0
0.0
0.0
0.0
0.0
0.0
0.0
0.0
0.0
0.0
0.0
0.0
0.0
0.0
0.0
0.0
0.0
0.0
0.0
0.0
0.0
0.0
0.0
0.0
0.0
0.0
0.0
0.0
0.0
0.0
0.0
0.0
0.0
0.0
0.0
0.0
0.0
0.0
0.0
0.0
0.0
0.0
0.0
0.0
0.0
0.0
0.0
0.0
0.0
0.0
0.0
0.0
0.0
0.0
0.0
0.0
0.0
0.0
0.0
0.0
0.0
0.0
0.0
0.0
0.0
0.0
0.0
0.0
0.0
0.0
0.0
0.0
0.0
0.0
0.0
0.0
0.0
1.5954445569696712e-05
0.00012461657090845655
0.0006487112425500701
0.0022506533060960908
0.00520412027515151
0.008055055571010744
0.0084892430075676
0.00684365540863396
0.00641077254614073
0.008929335765367577
0.011022418124295571
0.011635738135182393
0.008343135159516917
0.003998005514761378
0.0012773529371531097
0.00027200983587928894
3.8604984469547554e-05
3.651608499952924e-06
2.3020070914553232e-07
9.67187474441897e-09
2.708296569504185e-10
5.054326860863772e-12
6.286544249531459e-14
5.211253234453186e-16
2.8790812869335546e-18
1.0601009508069745e-20
2.6014894528385858e-23
4.2547932651329893e-26
4.6378468671435196e-29
3.36927062037028e-32
1.6313116330590998e-35
5.264044107730257e-39
1.1320970381954934e-42
0.0
0.0
0.0
0.0
0.0
0.0
0.0
0.0
0.0
0.0
0.0
0.0
0.0
0.0
0.0
0.0
1.1902709043202275e-05
9.269544892978718e-05
0.00048111905177481557
0.001664287095292295
0.0038369442126892257
0.005895549255221586
0.006037325726127011
0.00412046748304892
0.0018742603728640825
0.0005681917232132178
0.00011479987927173002
1.5458576793874216e-05
1.3873279385740227e-06
2.2196597602186622e-07
1.0129747354831845e-08
3.081004743137778e-10
6.245506550597504e-12
8.437708501690002e-14
7.597363664667408e-16
4.559139293640821e-18
1.8234100967914863e-20
4.8603483554700547e-23
8.634396499352149e-26
1.0222994487231379e-28
8.066884027567596e-32
4.2424335481047423e-35
1.4869824115984082e-38
3.4735868579137296e-42
0.0
0.0
0.0
0.0
0.0
0.0
0.0
0.0
0.0
0.0
0.0
0.0
0.0
0.0
0.0
0.0
0.0
0.0
0.0
0.0
0.0
0.0
0.0
0.0
0.0
0.0
0.0
0.0
0.0
0.0
0.0
0.0
0.0
0.0
0.0
0.0
0.0
0.0
0.0
0.0
0.0
0.0
0.0
0.0
0.0
0.0
0.0
0.0
0.0
0.0
0.0
0.0
0.0
0.0
0.0
0.0
8.956055725084424e-06
6.571952722244344e-05
0.0003214057352058256
0.0010475972793597404
0.0022757085953537416
0.0032947349738803758
0.0033655592208986043
0.002477785193148666
0.0012157705468623825
0.0003975768887890206
8.665072322650495e-05
1.2586494811282256e-05
1.218481552678851e-06
7.861667359428904e-08
3.38058544991366e-09
9.688370082515973e-11
1.8505084394352156e-12
2.355661957702042e-14
1.998556428865928e-16
1.1300597579486683e-18
4.258610814840563e-21
1.0695868226914212e-23
1.7903819181917195e-26
1.9973624022260999e-29
1.485079168748701e-32
7.359086202030972e-36
2.4304110004296334e-39
5.349548169828708e-43
0.0
0.0
0.0
0.0
0.0
0.0
0.0
0.0
0.0
0.0
0.0
3.882374567828326e-05
0.0002720885846970969
0.0012708806227697646
0.0039562228102888826
0.008208017532053186
0.011349516390522231
0.01045918839015051
0.006423920577852297
0.002629564866042691
0.0007173798306318147
0.0001304355530961543
1.5806086496178947e-05
1.276539543441247e-06
6.871091611893348e-08
2.4648968719563954e-09
5.893228989776985e-11
9.390515364639096e-13
9.972569849379512e-15
3.8457972669050085e-16
2.076857150095443e-18
7.474952095798837e-21
1.793047314259577e-23
2.866530940886948e-26
3.054239335764466e-29
2.16885764022748e-32
1.0264565618086074e-35
3.2376630751229466e-39
6.8061932712895e-43
0.0
0.0
0.0
0.0
0.0
0.0
0.0
0.0
0.0
0.0
0.0
0.0
0.0
0.0
0.0
0.0
0.0
0.0
0.0
0.0
0.0
0.0
0.0
0.0
0.0
0.0
0.0
0.0
0.0
0.0
0.0
0.0
0.0
0.0
0.0
0.0
0.0
0.0
0.0
0.0
0.0
0.0
0.0
0.0
0.0
0.0
0.0
0.0
0.0
0.0
0.0
0.0
0.0
0.0
0.0
0.0
0.0
0.0
0.0
0.0
0.0
0.0
0.0
0.0
0.0
0.0
0.0
0.0
0.0
0.0
0.0
0.0
0.0
0.0
0.0
0.0
0.0
0.0
0.0
0.0
0.0
0.0
0.0
0.0
0.0
0.0
0.0
0.0
0.0
0.0
0.0
0.0
0.0
0.0
0.0
0.0
0.0
0.0
0.0
0.0
0.0
0.0
0.0
0.0
0.0
0.0
0.0
0.0
0.0
0.0
0.0
0.0
0.0
0.0
0.0
0.0
0.0
0.0
0.0
0.0
0.0
0.0
0.0
0.0
0.0
0.0
0.0
0.0
0.0
0.0
0.0
0.0
0.0
0.0
0.0
0.0
0.0
0.0
0.0
0.0
0.0
0.0
0.0
0.0
0.0
0.0
0.0
0.0
0.0
0.0
0.0
0.0
0.0
0.0
0.0
0.0
0.0
0.0
0.0
0.0
0.0
0.0
0.0
0.0
0.0
0.0
0.0
0.0
0.0
0.0
0.0
0.0
0.0
0.0
0.0
0.0
0.0
0.0
0.0
0.0
0.0
0.0
0.0
0.0
0.0
0.0
0.0
0.0
0.0
0.0
0.0
0.0
0.0
0.0
0.0
0.0
0.0
0.0
0.0
0.0
0.0
0.0
0.0
0.0
0.0
0.0
0.0
0.0
0.0
0.0
0.0
0.0
0.0
0.0
0.0
0.0
0.0
0.0
0.0
0.0
0.0
0.0
0.0
0.0
0.0
0.0
0.0
0.0
0.0
0.0
0.0
0.0
0.0
0.0
0.0
0.0
0.0
0.0
0.0
0.0
0.0
0.0
0.0
0.0
0.0
0.0
0.0
0.0
0.0
0.0
0.0
0.0
0.0
0.0
0.0
0.0
0.0
0.0
0.0
0.0
0.0
0.0
0.0
0.0
0.0
0.0
0.0
0.0
0.0
0.0
0.0
0.0
0.0
0.0
0.0
0.0
0.0
0.0
0.0
0.0
0.0
0.0
0.0
0.0
0.0
0.0
0.0
0.0
0.0
0.0
0.0
0.0
0.0
0.0
0.0
0.0
0.0
0.0
0.0
0.0
0.0
0.0
0.0
0.0
0.0
0.0
0.0
0.0
0.0
0.0
0.0
