a = 4.980454711608642 b = 4.980454711608642 c = 5.476472096417224 ,Gaussian ,LMH = 0.08 ,DW = [0.9 0.9]
0.0
0.0
0.0
0.0
0.0
0.0
0.0
0.0
0.0
0.0
0.0
0.0
0.0
0.0
0.0
0.0
0.0
0.0
0.0
0.0
0.0
0.0
0.0
0.0
0.0
0.0
0.0
0.0
0.0
0.0
0.0
0.0
0.0
0.0
0.0
0.0
0.0
0.0
0.0
0.0
0.0
0.0
0.0
0.0
0.0
0.0
0.0
0.0
0.0
0.0
0.0
0.0
0.0
0.0
0.0
0.0
0.0
0.0
0.0
0.0
0.0
0.0
0.0
0.0
0.0
0.0
0.0
0.0
0.0
0.0
0.0
0.0
0.0
0.0
0.0
0.0
0.0
0.0
0.0
0.0
0.0
0.0
0.0
0.0
0.0
0.0
0.0
0.0
0.0
0.0
0.0
0.0
0.0
0.0
0.0
0.0
0.0
0.0
0.0
0.0
0.0
0.0
0.0
0.0
0.0
0.0
0.0
0.0
0.0
0.0
0.0
0.0
0.0
0.0
0.0
0.0
0.0
0.0
0.0
0.0
0.0
0.0
0.0
0.0
0.0
0.0
0.0
0.0
0.0
0.0
0.0
0.0
0.0
0.0
0.0
0.0
0.0
0.0
0.0
0.0
0.0
0.0
0.0
0.0
0.0
0.0
0.0
0.0
0.0
0.0
0.0
0.0
0.0
0.0
0.0
0.0
0.0
0.0
0.0
0.0
0.0
0.0
0.0
0.0
0.0
0.0
0.0
0.0
0.0
0.0
0.0
0.0
0.0
0.0
0.0
0.0
0.0
0.0
0.0
0.0
0.0
0.0
0.0
0.0
0.0
0.0
0.0
0.0
0.0
0.0
0.0
0.0
0.0
0.0
0.0
0.0
0.0
0.0
0.0
0.0
0.0
0.0
0.0
0.0
0.0
0.0
0.0
0.0
0.0
0.0
0.0
0.0
0.0
0.0
0.0
0.0
0.0
0.0
0.0
0.0
0.0
0.0
0.0
0.0
0.0
0.0
0.0
0.0
0.0
0.0
0.0
0.0
0.0
0.0
0.0
0.0
0.0
0.0
0.0
0.0
0.0
0.0
0.0
0.0
0.0
0.0
0.0
0.0
0.0
0.0
0.0
0.0
0.0
0.0
0.0
0.0
0.0
0.0
0.0
0.0
0.0
0.0
0.0
0.0
0.0
0.0
0.0
0.0
0.0
0.0
0.0
0.0
0.0
0.0
0.0
0.0
0.0
0.0
0.0
0.0
0.0
0.0
0.0
0.0
0.0
0.0
0.0
0.0
0.0
0.0
0.0
0.0
0.0
0.0
0.0
0.0
0.0
0.0
0.0
0.0
0.0
0.0
0.0
0.0
0.0
0.0
0.0
0.0
0.0
0.0
0.0
0.0
0.0
0.0
0.0
0.0
0.0
0.0
0.0
0.0
0.0
0.0
0.0
0.0
0.0
0.0
0.0
0.0
0.0
0.0
0.0
0.0
0.0
0.0
0.0
0.0
0.0
0.0
0.0
0.0
0.0
0.0
0.0
0.0
0.0
0.0
0.0
0.0
0.0
0.0
0.0
0.0
0.0
0.0
0.0
0.0
0.0
0.0
0.0
0.0
0.0
0.0
0.0
0.0
0.0
0.0
0.0
0.0
0.0
0.0
0.0
0.0
0.0
0.0
0.0
0.0
0.0
0.0
0.0
0.0
0.0
0.0
0.0
0.0
0.0
0.0
0.0
0.0
0.0
0.0
0.0
0.0
0.0
0.0
0.0
0.0
0.0
0.0
0.0
0.0
0.0
0.0
0.0
0.0
0.0
0.0
5.970089158800943e-35
4.498909659083553e-34
2.2595152448684577e-33
7.563186809516465e-33
1.687236365893202e-32
2.508583581258651e-32
2.485780470861895e-32
1.6416422326558515e-32
7.225631493271634e-33
2.119603605696771e-33
4.143955075998857e-34
5.399542648832055e-35
4.6890024669945065e-36
2.713847845148587e-37
1.0468201569806357e-38
2.6911642601681464e-40
4.6109443922618515e-42
5.265275632164477e-44
4.0071341836630386e-46
1.2374944561075097e-47
4.789151953340466e-50
1.235251869562534e-52
2.1234105514850666e-55
2.432730334315246e-58
1.85752863791218e-61
9.452759615347643e-65
3.205998079465601e-68
7.246852968842893e-72
0.0
0.0
0.0
0.0
0.0
0.0
0.0
0.0
0.0
0.0
0.0
0.0
0.0
0.0
0.0
0.0
0.0
0.0
0.0
0.0
0.0
0.0
0.0
0.0
0.0
0.0
0.0
0.0
0.0
0.0
0.0
0.0
0.0
0.0
0.0
0.0
0.0
0.0
0.0
0.0
0.0
0.0
0.0
0.0
0.0
0.0
0.0
0.0
0.0
0.0
0.0
0.0
0.0
0.0
0.0
0.0
0.0
0.0
0.0
0.0
0.0
0.0
0.0
0.0
0.0
0.0
0.0
0.0
0.0
0.0
0.0
0.0
0.0
0.0
0.0
0.0
0.0
0.0
0.0
0.0
0.0
0.0
0.0
0.0
0.0
0.0
0.0
0.0
0.0
0.0
0.0
0.0
0.0
0.0
0.0
0.0
0.0
0.0
0.0
0.0
0.0
0.0
0.0
0.0
0.0
0.0
0.0
0.0
0.0
0.0
0.0
0.0
0.0
0.0
0.0
0.0
0.0
0.0
0.0
0.0
0.0
0.0006042923223670782
0.0043911281962938685
0.02126604380807165
0.06864024742308811
0.14765648463093892
0.21169361397756617
0.2022760842773033
0.1288139407797909
0.05467172082622945
0.015464795058769625
0.002915460370665596
0.00036631243709878207
3.0674517064726665e-05
1.711927435390799e-06
6.367581586711083e-08
1.578502349357468e-09
2.607939397632749e-11
2.8716486741694553e-13
2.107398491971675e-15
1.0307268089718105e-17
3.359866545196254e-20
7.299313740370083e-23
1.0568748971908082e-25
1.0198743811385991e-28
7.949313217523445e-31
3.9008144214849435e-34
1.2757410140311324e-37
2.7806818013305495e-41
0.0
0.0
0.0
0.0
0.0
0.0
0.0
0.0
0.0
0.0
0.0
0.0
0.0
0.0
0.0
0.0
0.0
0.0
0.0
0.0
0.0
0.0
0.0
0.0
0.0
0.0
0.0
0.0
0.0
0.0
0.0
0.0
0.0
0.0
0.0
0.0
0.0
0.0
0.0
0.0
0.0
0.0
0.0
0.0
0.0
0.0
0.0
0.0
0.0
0.0
0.0
0.0
0.0
0.0
0.0
0.0
0.0
0.0
0.0
0.0
0.0
0.0
0.0
0.0
0.0
0.0
0.0
0.0
0.0
0.0
0.0
0.0
0.0
0.0
0.0
0.0
0.0
0.0
0.0
0.0
0.0
0.0
0.0
0.0
0.0
0.0
0.0
0.0
0.0
0.0
0.0
0.0
0.0
0.0
0.0
0.0
0.0
0.0
0.0
0.0
0.0
0.0
0.0
0.0
0.0
0.0
0.0
0.0
0.0
0.0
0.0
0.0
0.0
0.0
0.0
0.0
0.0
0.0
0.0
0.0
0.0
0.0
0.0
0.0
0.0
0.0
0.0
0.0
0.0
0.0
0.0
0.0
0.0
0.0
0.0
0.0
0.0
0.0
0.0
0.0
0.0
0.0
0.0
0.0
0.0
0.0
0.0
0.0
0.0
0.0
0.0
0.0
0.0
0.0
0.0
0.0
0.0
0.0
0.0
0.0
0.0
0.0
0.0
0.0
0.000634915935137611
0.005972318845980528
0.037441332116776985
0.15643760077590244
0.43562475343003165
0.8084729628773407
1.0
0.8243583617054049
0.45291180766527045
0.16584133571424586
0.04047188934790789
0.006582573533010319
0.0015655180267817362
0.0001294800604183002
7.137222930464094e-06
2.622027118126226e-07
6.419876065072968e-09
1.0476052289001905e-10
1.1393317993527588e-12
8.258179692789772e-15
3.989330216443297e-17
1.2843908190927146e-19
2.7559792714427374e-22
3.9412705593065237e-25
3.756454214784006e-28
2.3861706450510553e-31
1.010197863477412e-34
2.8503155416606085e-38
0.0
0.0
0.0
0.0
0.0
0.0
0.0
0.0
0.0
0.0
0.0
0.0
0.0
0.0
0.0
0.0
0.0
0.0
0.0
0.0
0.0
0.0
0.0
0.0
0.0
0.0
0.0
0.0
0.0
0.0
0.0
0.0
0.0
0.0
0.0
0.0
0.0
0.0
0.0
0.0
0.0
0.0
0.0
0.0
0.0
0.0
0.0
0.0
0.0
0.0
0.0
0.0
0.0
0.0
0.0
0.0
0.0
0.0
0.0
0.0
0.0
0.0
0.0
0.0
0.0
0.0
0.0
0.0
0.0
0.0
0.0
0.0
0.0
0.0
0.0
0.0
0.0
0.0
0.0
0.0
0.0
0.0
0.0
0.0
0.0
0.0
0.0
0.0
0.0
0.0
0.0
0.0
0.0
0.0
0.0
0.0
0.0
0.0
0.0
0.0
0.0
0.0
0.0
0.0
0.0
0.0
0.0
0.0
0.0
0.0
0.0
0.0
0.0
0.0
0.0
0.0
0.0
0.0
0.0
0.0
0.0
0.0
0.0
0.0
0.0
0.0
0.0
0.0
0.0
0.0
0.0
0.0
0.0
0.0
0.0
0.0
0.0
0.0
0.0
0.0
0.0
0.0
0.0
0.0
0.0
0.0
0.0
0.0
0.0
0.0
0.0
0.0
0.0
0.0
0.0
0.0
0.0
0.0
0.0
0.0
0.0
0.0
0.0
0.0
0.0
0.0
0.0
0.0
0.0
0.0
0.0
0.0
0.0
0.0
0.0
0.0
0.0
0.0
0.0
0.0
0.0
0.0
0.0
0.0
0.0
0.0
0.0
0.0
0.0
1.9996044954720006e-35
7.277816496220448e-35
3.603610851706706e-34
1.1892036110236747e-33
2.6155082887354475e-33
3.833871303547041e-33
3.745419851870411e-33
2.4386250689953195e-33
1.0582081650328392e-33
3.0604037858523587e-34
5.898857447353368e-35
7.577721150412844e-36
6.487701903364743e-37
3.701900161220236e-38
1.407797096369364e-39
3.5680996643130873e-41
6.027197688188506e-43
6.785399838928021e-45
5.091162981843677e-47
2.5458927506931906e-49
8.484861484929406e-52
1.884651079109555e-54
2.7899646864894975e-57
2.7526310426346796e-60
1.8100011403470638e-63
7.93215590995334e-67
3.652865634125582e-69
8.140454838044646e-73
0.0
0.0
0.0
0.0
0.0
0.0
0.0
0.0
0.0
0.0
0.0
0.0
0.0
0.0
0.0
0.0
0.0
0.0
0.0
0.0
0.0
0.0
0.0
0.0
0.0
0.0
0.0
0.0
0.0
0.0
0.0
0.0
0.0
0.0
0.0
0.0
0.0
0.0
0.0
0.0
0.0
0.0
0.0
0.0
0.0
0.0
0.0
0.0
0.0
0.0
0.0
0.0
0.0
0.0
0.0
0.0
0.0
0.0
0.0
0.0
0.0
0.0
0.0
0.0
0.0
0.0
0.0
0.0
0.0
0.0
0.0
0.0
0.0
0.0
0.0
0.0
0.0
0.0
0.0
0.0
0.0
0.0
0.0
0.0
0.0
5.208885601997564e-05
0.00046374985218185965
0.00275172035910237
0.01088194077935315
0.028680714564200828
0.05037964753428676
0.05897960102434758
0.04601824841688522
0.023929845032996132
0.008293373722925101
0.0019155969404976202
0.000294889005819929
3.0254820180627782e-05
2.068769567817497e-06
9.427818435360387e-08
2.8634648042878857e-09
2.2249135234343262e-10
3.4363418034970055e-12
3.537212273024244e-14
2.4266516619288873e-16
1.1095204299081516e-18
3.380996458211096e-21
6.866503984362411e-24
9.294118066304695e-27
8.384211825116499e-30
5.040781204628211e-33
2.0198308475543694e-36
5.394034279945318e-40
0.0
0.0
0.0
0.0
0.0
0.0
0.0
0.0
0.0
0.0
0.0
0.0
0.0
0.0
0.0
0.0
0.0
0.0
0.0
0.0
0.0
0.0
0.0
0.0
0.0
0.0
0.0
0.0
0.0
0.0
0.0
0.0
0.0
0.0
0.0
0.0
0.0
0.0
0.0
0.0
0.0
0.0
0.0
0.0
0.0
0.0
0.0
0.0
0.0
0.0
0.0
0.0
0.0
0.0
0.0
0.0
0.0
0.0
0.0
0.0
0.0
0.0
0.0
0.0
0.0
0.0
0.0
0.0
0.0
0.0
8.504906175146065e-05
0.0006872145204315873
0.0037008090366628106
0.013282584048008151
0.03177239971872344
0.050652281382500455
0.05381824756735195
0.038110236306828735
0.01798602858909649
0.005657316358987901
0.0011859522391639585
0.0001656935037822331
1.5428557101507838e-05
9.57473341303877e-07
3.9601315946445786e-08
1.0916265573892816e-09
2.0054882230839437e-11
2.455543812982692e-13
2.0038112338753028e-15
1.0898016844793512e-17
3.950205513593118e-20
7.439927353594221e-22
1.3713347814569408e-24
1.6846117896590674e-27
1.379233281871772e-30
7.525877922148891e-34
2.736895139940125e-37
2.9482049156119933e-05
0.00024804239248309547
0.0013908353026292522
0.0051976501921675725
0.012945533052674587
0.02148890947480716
0.023773348836502294
0.01752862692986993
0.00861364523667171
0.002821029398633192
0.0006157576150811722
8.957638237109201e-05
8.684779466524656e-06
5.611844374148792e-07
2.416762597024466e-08
6.936556232484657e-10
1.3268914016892466e-11
1.6916417558859936e-13
1.4373514171192144e-15
8.139525247127271e-18
2.0640680438932028e-19
5.943779688336422e-22
1.140730215250499e-24
1.4590989164109206e-27
1.2438501787812342e-30
7.066965303869561e-34
2.675958620491815e-37
6.753165234134496e-41
0.0
0.0
0.0
0.0
0.0
0.0
0.0
0.0
0.0
0.0
0.0
0.0
0.0
0.0
0.0
0.0
0.0
0.0
0.0
0.0
0.0
0.0
0.0
0.0
0.0
0.0
0.0
0.0
0.0
0.0
0.0
0.0
0.0
0.0
0.0
0.0
0.0
0.0
0.0
0.0
0.0
0.0
0.0
0.0
5.949211536334393e-05
0.0004754709672442527
0.0025326206520870434
0.008990789558494458
0.02127193852772722
0.0335426873543381
0.03525089819805778
0.024690169344465614
0.011525492651966595
0.0035857208446843725
0.0007434897777180783
0.00010274367028077492
9.462735437407119e-06
5.808444828273272e-07
2.376208730444578e-08
6.478744512848394e-10
1.1772770259788445e-11
1.4257652721703193e-13
1.1507975898204301e-15
6.190580897220103e-18
2.219450231895249e-20
5.303236156777099e-23
8.44535813675735e-26
8.963481438446503e-29
6.340403893891649e-32
4.017703818654489e-34
1.4451758603122872e-37
3.464535595159115e-41
0.0
0.0
0.0
0.0
0.0
0.0
0.0
0.0
0.0
0.0
0.0
0.0
0.0
0.0
0.0
0.0
0.0
0.0
0.0
0.0
0.0
0.0
0.0
0.0
0.0
0.0
0.0
0.0
0.0
0.0
0.0
0.0
0.0
0.0
0.0
0.0
0.0
0.0
0.0
0.0
0.0
0.0
0.0
0.0
0.0
0.0
0.0
0.0
0.0
0.0
0.0
0.0
0.0
0.0
0.0
0.0
0.0
0.0
0.0
0.0
0.0
0.0
0.0
0.0
0.0
0.0
0.0
0.0
0.0
0.0
0.0
0.0
0.0
0.0
0.0
0.0
0.0
0.0
0.0
0.0
0.0
0.0
0.0
2.059500370655409e-05
0.0001805656436346721
0.0010550909898541503
0.004108906478409691
0.010664589589151256
0.018447757688392737
0.021267898172194287
0.01634131897392764
0.008368183412699085
0.002855990916197324
0.0006496269019201208
9.848106330525138e-05
9.949998263829542e-06
6.700000406831819e-07
3.006825338362099e-08
8.993383679275371e-10
1.7927494194046523e-11
1.0520057084395986e-12
1.0663926556816901e-14
7.204398756275679e-17
3.2438434592297487e-19
9.734274334344165e-22
1.9468335561274746e-24
2.5949895493723635e-27
2.305281427028021e-30
1.3648780127015076e-33
5.385738615801018e-37
1.4163750073659428e-40
0.0
0.0
0.0
0.0
0.0
0.0
0.0
0.0
0.0
0.0
0.0
0.0
0.0
0.0
0.0
0.0
0.0
0.0
0.0
0.0
0.0
0.0
0.0
0.0
0.0
0.0
0.0
0.0
0.0
0.0
0.0
0.0
0.0
0.0
0.0
0.0
0.0
0.0
0.0
0.0
0.0
0.0
0.0
0.0
0.0
0.0
0.0
0.0
0.0
0.0
0.0
0.0
0.0
0.0
0.0
0.0
0.0
0.0
0.0
0.0
0.0
0.0
0.0
0.0
0.0
0.0
0.0
0.0
0.0
0.0
0.0
0.0
0.0
0.0
0.0
0.0
0.0
0.0
0.0
0.0
0.0
0.0
0.0
0.0
0.0
0.0
0.0
0.0
0.0
0.0
0.0
0.0
0.0
0.0
0.0
0.0
0.0
0.0
0.0
0.0
0.0
0.0
0.0
0.0
0.0
0.0
0.0
0.0
0.0
0.0
0.0
0.0
0.0
0.0
0.0
0.0
0.0
9.10345057250188e-05
0.0007665018189672517
0.004301321345355944
0.016086891656990225
0.04009811275635483
0.06661273674817417
0.07375172268821083
0.05442126209773484
0.02676372741458758
0.008772151726112641
0.0019162281674160958
0.00027897793346919183
2.7069113573898974e-05
1.750490522698977e-06
7.544440565152893e-08
2.1670846076819223e-09
1.141938235549846e-06
1.0556352623039141e-05
6.504028654296313e-05
0.0002670745915346944
0.0007309105793545676
0.0013331452552585712
0.0016205865973315128
0.0013129511338402838
0.0007089350204842286
0.00025512078735943406
0.00010302429486307208
1.885305120777702e-05
2.299350574243401e-06
1.8690042309893306e-07
1.0125044147083946e-08
3.6556542585552034e-10
8.796600159634239e-12
1.410737261933644e-13
1.5078528850375394e-15
1.0741213603663832e-17
5.099519811161116e-20
1.6135661021076451e-22
3.4027166652224756e-25
4.782405121483449e-28
4.479695408266508e-31
2.796611612778594e-34
1.1635830224808124e-37
3.22659267386788e-41
0.0
0.0
0.0
0.0
0.0
0.0
0.0
0.0
0.0
0.0
0.0
0.0
0.0
0.0
0.0
0.0
0.0
0.0
0.0
0.0
0.0
0.0
0.0
0.0
0.0
0.0
0.0
0.0
0.0
0.0
0.0
0.0
0.0
0.0
0.0
0.0
0.0
0.0
0.0
0.0
0.0
0.0
0.0
0.0
0.0
0.0
0.0
0.0
0.0
0.0
0.0
0.0
0.0
0.0
0.0
0.0
0.0
0.0
0.0
0.0
0.0
0.0
0.0
0.0
0.0
0.0
0.0
0.0
0.0
0.0
0.0
0.0
0.0
0.0
0.0
0.0
0.0
0.0
0.0
0.0
0.0
0.0
0.0
0.0
0.0
0.0
0.0
0.0
0.0
0.0
0.0
0.0
0.0
0.0
0.0
0.0
0.0
0.0
0.0
0.0
0.0
0.0
0.0
0.0
0.0
0.0
0.0
0.0
0.0
0.0
0.0
0.0
0.0
0.0
0.00011446493299749501
0.0007276134108166972
0.003082552485438448
0.008703657906455557
0.016378521462747937
0.02054135667190654
0.017169794654818372
0.009564948300448165
0.0035512537141195815
0.000878743899652761
0.00014491872133979124
1.5928255447481433e-05
1.1667920967131673e-06
5.6963975855181684e-08
1.853483212248001e-09
2.9262876630900326e-05
0.00020460413841762705
0.0009534412847447356
0.00296111341811138
0.006129113721601437
0.008455160672205825
0.007773696812831266
0.0058667684469328445
0.002742882865138198
0.000854667369992519
0.00017748781124421123
2.4565267191395002e-05
2.2659796164797397e-06
1.393067157941297e-07
5.707811954388398e-09
1.5586507322944221e-10
2.836674517424776e-12
3.4407391963652216e-14
2.781477496740429e-16
1.4985833209331821e-18
5.381059408233785e-21
1.2877638431384586e-23
2.0539327304667365e-26
2.183321806311939e-29
1.5467881536588522e-32
7.30340644452548e-36
2.2982731940200096e-39
4.820136989362809e-43
0.0
0.0
0.0
0.0
0.0
0.0
0.0
0.0
0.0
0.0
0.0
0.0
0.0
0.0
0.0
0.0
0.0
0.0
0.0
0.0
0.0
0.0
0.0
0.0
0.0
0.0
0.0
0.0
0.0
0.0
0.0
0.0
0.0
0.0
0.0
6.989902831203246e-06
4.477758398808151e-05
0.00019117527517156408
0.0005439817614551185
0.0010316170283051207
0.0013038697614660127
0.0010983265275993923
0.0006166095984621501
0.00023071224055510003
5.753240658646428e-05
9.561719370473123e-06
1.0591098176382966e-06
7.818573848521673e-08
3.846764853906256e-09
1.261378094237185e-10
2.756617302773716e-12
4.015033925722459e-14
3.897476532847936e-16
2.5215021730654482e-18
1.0872182474345281e-20
3.1243211374818144e-23
5.040602880644532e-25
7.365869119531123e-28
7.173763591110089e-31
4.656414912985852e-34
2.0143634401542685e-37
5.807718231360131e-41
1.1159758420137192e-44
0.0
0.0
0.0
0.0
0.0
0.0
0.0
0.0
0.0
0.0
0.0
0.0
0.0
0.0
0.0
0.0
0.0
0.0
0.0
0.0
0.0
0.0
0.0
0.0
0.0
0.0
0.0
0.0
0.0
0.0
0.0
0.0
0.0
0.0
0.0
0.0
0.0
0.0
0.0
0.0
0.0
0.0
0.0
0.0
0.0
0.0
0.0
0.0
0.0
0.0
0.0
0.0
0.0
0.0
0.0
0.0
0.0
0.0
0.0
0.0
0.0
0.0
8.15162779495348e-05
0.0006315533329883952
0.003261048587873024
0.011222408056014653
0.025739279774776597
0.039344884363067496
0.040083137097771344
0.027215522918485516
0.012315532951295215
0.0057939990837941775
0.0013332682276324932
0.0002044740436444301
2.0899716238007937e-05
1.4237185439969144e-06
6.463822800293693e-08
1.9558533610870846e-09
3.944252300020317e-11
5.301205408648035e-13
4.74860587538078e-15
2.8349092881762164e-17
1.127960149289547e-19
2.9910928455465305e-22
5.286248560821404e-25
6.226540452921106e-28
4.8879594709880475e-31
2.557348568404685e-34
8.917308782262109e-38
2.0723315178135474e-41
0.0
0.0
0.0
0.0
0.0
0.0
0.0
0.0
0.0
0.0
0.0
0.0
0.0
0.0
0.0
0.0
0.0
0.0
0.0
0.0
0.0
0.0
0.0
0.0
0.0
0.0
0.0
0.0
0.0
0.0
0.0
0.0
0.0
0.0
0.0
0.0
0.0
0.0
0.0
0.0
0.0
0.0
0.0
0.0
0.0
0.0
0.0
0.0
0.0
0.0
0.0
0.0
0.0
0.0
0.0
0.0
0.0
0.0
0.0
0.0
0.0
0.0
0.0
0.0
0.0
0.0
0.0
0.0
0.0
0.0
0.0
0.0
0.0
0.0
0.0
0.0
0.0
0.0
0.0
0.0
0.0
0.0
0.0
0.0
0.0
0.0
0.0
0.0
0.0
0.0
0.0
0.0
0.0
0.0
0.0
0.0
0.0
0.0
0.0
0.0
0.0
0.0
0.0
0.0
0.0
0.0
0.0
0.0
2.3249006883219516e-05
8.958764292238769e-05
0.00048324231576541083
0.0017372541251160353
0.00416239503164312
0.0066466802318383335
0.00707371934550363
0.00501732706539391
0.002371802639585242
0.0007472505302983673
0.00015690452337262478
2.1957669513962635e-05
2.047946337660231e-06
1.2730118584772306e-07
5.273851223159976e-09
1.4561457502169507e-10
2.6795592728489995e-12
3.286271478645829e-14
2.6861178024511374e-16
1.4632826422299501e-18
5.312671157437307e-21
1.285521063427477e-23
2.0731322484771317e-26
2.228211266586443e-29
1.5961263692491103e-32
7.620083449332653e-36
2.424564435724417e-39
9.019530385816589e-42
0.0
0.0
0.0
0.0
0.0
0.0
0.0
0.0
0.0
0.0
0.0
0.0
0.0
0.0
0.0
0.0
0.0
0.0
0.0
0.0
0.0
0.0
0.0
0.0
0.0
0.0
0.0
0.0
0.0
1.2278069675350755e-06
1.1354604281644715e-05
6.998346818983504e-05
0.00028747525454398575
0.0007870222697829458
0.0014360022615662947
0.0017462433871976086
0.0014152591563143214
0.0007644493581151668
0.00027519656930095237
6.602658856650777e-05
1.0557868548536253e-05
1.1251623469011984e-06
7.99163569845214e-08
3.783011960217579e-09
1.1934969092609386e-10
2.509495557476881e-12
3.5166821083977154e-14
3.284440061997221e-16
2.0444246933442054e-18
8.481300348578053e-21
1.7477964522197043e-22
3.6870986630855407e-25
5.183942942978582e-28
4.857549275245511e-31
3.033582183122062e-34
1.262629300470667e-37
3.502494886033354e-41
0.0
0.0
0.0
0.0
0.0
0.0
0.0
0.0
0.0
0.0
0.0
0.0
0.0
0.0
0.0
0.0
0.0
0.0
0.0
0.0
0.0
0.0
0.0
0.0
0.0
0.0
0.0
0.0
0.0
0.0
0.0
0.0
0.0
0.0
0.0
0.0
0.0
1.3888922737392117e-05
0.0001301008486707594
0.0008122191883495462
0.003379464659896743
0.009371392363302299
0.01731976047889636
0.021333454711692634
0.017513060457707487
0.01225547489985759
0.005116035882596774
0.0014233724875120787
0.00026392777738570237
3.261618652122389e-05
2.686351337932848e-06
2.7895204997051174e-05
0.00023826865697275712
0.0013635405623136383
0.0052006844550634675
0.013220093799375044
0.022415095749723845
0.025442825057770808
0.019905374820202066
0.012856478879873396
0.011545501217524075
0.01475792524780873
0.015845488627825973
0.01176480068976929
0.0058509545760269625
0.0019406203678531179
0.0004290169573610817
6.321133713603266e-05
6.207228310067767e-06
4.062394538439906e-07
5.265899351069563e-08
1.7525060567985188e-09
3.8871209105946046e-11
5.746165365870588e-13
5.661216174006165e-15
3.717259718553698e-17
1.6267380329701419e-19
4.744537501613871e-22
9.22256436919623e-25
1.1947885572875873e-27
1.0316014938729377e-30
5.936280559397616e-34
2.2766612853160004e-37
5.819209259104997e-41
0.0
0.0
0.0
0.0
0.0
0.0
0.0
0.0
0.0
0.0
0.0
0.0
0.0
2.0117739622798706e-37
1.546796434557761e-36
7.926266859035376e-36
2.706984479335157e-35
6.161470729884074e-35
9.346834692869879e-35
9.449879752067554e-35
6.367508755111027e-35
2.85952809266304e-35
8.55856064622055e-36
1.7072166810587234e-36
2.269645905544747e-37
2.0109863204108753e-38
1.1875220271609364e-39
4.673645631347749e-41
1.2258898069087316e-42
2.143031902246415e-44
2.4968208750322067e-46
1.9387762245751583e-48
1.0033432472317365e-50
3.4606121410522687e-53
7.954957620291867e-56
1.2187211882569056e-58
1.2443782202652257e-61
8.46802222181004e-65
5.229207888248645e-67
1.809539533593043e-70
4.1733210124213876e-74
0.0
0.0
0.0
0.0
0.0
0.0
0.0
0.0
0.0
0.0
0.0
0.0
0.0
0.0
0.0
0.0
0.0
0.0
0.0
0.0
0.0
0.0
0.0
0.0
0.0
0.0
0.0
0.0
0.0
0.0
0.0
0.0
0.0
0.0
0.0
0.0
0.0
0.0
0.0
0.0
0.0
0.0
0.0
0.0
0.0
0.0
0.0
0.0
0.0
0.0
0.0
0.0
0.0
0.0
0.0
0.0
0.0
0.0
0.0
0.0
0.0
0.0
0.0
0.0
0.0
0.0
0.0
0.0
0.0
0.0
0.0
0.0
0.0
0.0
0.0
0.0
0.0
0.0
0.0
0.0
0.0
0.0
0.0
0.0
0.0
0.0
0.0
0.0
0.0
0.0
0.0
0.0
0.0
0.0
0.0
0.0
0.0
0.0
0.0
0.0
0.0
0.0
0.0
1.0787830350533414e-05
8.825404034192813e-05
0.0004811900448478497
0.0017485587103405397
0.004234726359784956
0.006835212702617534
0.007352927155141864
0.0052716921554155525
0.002518960558519012
0.0008021844547813915
0.00017025844561652343
2.4083779081423214e-05
2.270503384632449e-06
1.4265967183468327e-07
5.973953473182336e-09
1.6672625657574902e-10
3.101185258397935e-12
3.844438967560038e-14
3.1762873035869355e-16
1.748993255613769e-18
6.418566411659142e-21
1.56989097091136e-23
2.2747027541940965e-25
2.829167668183969e-28
2.345169661994734e-31
1.2956013640621322e-34
4.770348128948312e-38
1.1706047973799466e-41
0.0
0.0
0.0
0.0
0.0
0.0
0.0
0.0
0.0
0.0
0.0
0.0
0.0
0.0
0.0
0.0
0.0
0.0
0.0
0.0
0.0
0.0
0.0
0.0
0.0
0.0
0.0
0.0
0.0
0.0
0.0
0.0
0.0
0.0
0.0
0.0
0.0
0.0
0.0
0.0
0.0
0.0
0.0
0.0
4.000466724101441e-05
0.00026650040968456907
0.0007531073512982
0.0025512128042014972
0.00575994097625927
0.00866704254605331
0.008691712891470374
0.005809267351536095
0.0025877296609577937
0.0007682419035445892
0.00015200526410388926
2.0044757788679276e-05
1.761669946667616e-06
1.0318815002767478e-07
4.028252223807105e-09
1.048057313283664e-10
1.8173348641757492e-12
2.100227940938812e-14
1.6176309728557358e-16
8.303745380057213e-19
2.84086202912745e-21
6.477505769254788e-24
9.843442825192036e-27
9.969371636857932e-30
6.729303203834155e-33
3.0272895101823355e-36
9.076519883793606e-40
3.245367094235204e-42
0.0
0.0
0.0
0.0
0.0
0.0
0.0
0.0
0.0
0.0
0.0
0.0
0.0
0.0
0.0
0.0
0.0
0.0
0.0
0.0
0.0
0.0
0.0
0.0
0.0
0.0
0.0
0.0
0.0
0.0
0.0
0.0
0.0
0.0
0.0
0.0
0.0
0.0
8.79270573933497e-06
6.847548762696581e-05
0.0003554096997993744
0.0012294332862849435
0.0028344069638237667
0.004355128700934164
0.004459861059333257
0.003043849761885813
0.0013845436259657094
0.00041973155922791437
8.480435451154533e-05
1.141947739830494e-05
1.0248394952413073e-06
1.6396952191477545e-07
7.48299293728519e-09
2.2759833908044078e-10
4.61364728761938e-12
6.233059020460201e-14
5.612283964572489e-16
3.367903062077897e-18
1.346979781243685e-20
3.5904106136842406e-23
6.378355329025347e-26
7.551875961582433e-29
5.959125542789916e-32
3.1339478829377504e-35
1.0984557160303333e-38
2.5659895567303195e-42
0.0
0.0
0.0
0.0
0.0
0.0
0.0
0.0
0.0
0.0
0.0
0.0
0.0
0.0
0.0
0.0
0.0
0.0
0.0
0.0
0.0
0.0
0.0
0.0
0.0
0.0
0.0
0.0
0.0
0.0
0.0
0.0
0.0
0.0
0.0
0.0
0.0
0.0
0.0
0.0
0.0
0.0
0.0
0.0
0.0
0.0
2.7337663978519443e-05
0.00019604215388958042
0.0009369557438829816
0.0029844907599597655
0.006337367804011843
0.008978949181054942
0.008545333787030393
0.005700367560915638
0.0033120718700773186
0.0026507769922983174
0.002641363094438883
0.0021092219736474054
0.0011591771409126931
0.0004266757551239596
0.00010474871235520605
1.714071716272975e-05
4.093121230914744e-06
3.406007265769835e-07
1.8889409549227882e-08
6.981886572036548e-10
1.719921993477269e-11
2.8237501068046246e-13
3.0897640728858374e-15
2.253232080158495e-17
1.095136063715862e-19
3.5474132521175724e-22
7.658382182511486e-25
1.1019041916047136e-27
1.0566524951410529e-30
6.7530828655795675e-34
2.8764281020148827e-37
8.165570173573303e-41
0.0
0.0
0.0
0.0
0.0
0.0
0.0
0.0
0.0
0.0
0.0
1.6170333002502773e-05
0.00012272458933807183
0.0006207629090169221
0.0020926735249649285
0.0047017415038301804
0.007040403742650951
0.007026158295866738
0.00467325891428019
0.0020715876073550965
0.0006120238038217898
0.00012050772046868676
1.581404525225824e-05
1.3830969741895435e-06
8.062019298479986e-08
3.1319627187231145e-09
8.1090668813316e-11
1.3992867737406605e-12
1.6092522465727488e-14
1.233454311087753e-16
6.300914094533137e-19
2.145189181508841e-21
4.8675361521964504e-24
7.360957694060457e-27
7.418925428621818e-30
5.952686194519301e-32
3.0508598182884413e-35
1.0421088056227805e-38
2.3723864037149533e-42
0.0
0.0
0.0
0.0
0.0
0.0
0.0
0.0
0.0
0.0
0.0
0.0
0.0
0.0
0.0
0.0
0.0
0.0
0.0
0.0
0.0
0.0
0.0
0.0
0.0
0.0
0.0
0.0
0.0
0.0
0.0
0.0
0.0
0.0
0.0
0.0
0.0
0.0
0.0
0.0
0.0
0.0
0.0
0.0
0.0
0.0
0.0
0.0
0.0
0.0
0.0
0.0
0.0
0.0
0.0
0.0
0.0
0.0
0.0
0.0
0.0
0.0
0.0
0.0
0.0
0.0
0.0
0.0
0.0
0.0
0.0
0.0
0.0
0.0
0.0
0.0
0.0
0.0
0.0
0.0
0.0
0.0
0.0
0.0
0.0
0.0
0.0
0.0
0.0
0.0
0.0
0.0
0.0
0.0
0.0
0.0
0.0
0.0
0.0
0.0
0.0
0.0
0.0
0.0
0.0
0.0
0.0
0.0
0.0
0.0
0.0
0.0
0.0
0.0
0.0
0.0
0.0
0.0
0.0
0.0
0.0
0.0
0.0
0.0
0.0
0.0
0.0
0.0
0.0
0.0
0.0
0.0
0.0
0.0
0.0
0.0
0.0
0.0
0.0
0.0
0.0
0.0
0.0
0.0
0.0
0.0
0.0
0.0
0.0
0.0
0.0
0.0
0.0
0.0
0.0
0.0
0.0
0.0
0.0
0.0
0.0
0.0
0.0
0.0
0.0
0.0
0.0
0.0
0.0
0.0
0.0
0.0
0.0
0.0
0.0
0.0
0.0
0.0
0.0
0.0
0.0
0.0
0.0
0.0
0.0
0.0
0.0
0.0
0.0
0.0
0.0
0.0
0.0
0.0
0.0
0.0
0.0
0.0
0.0
0.0
0.0
0.0
0.0
0.0
0.0
0.0
0.0
0.0
0.0
0.0
0.0
0.0
0.0
0.0
0.0
0.0
0.0
0.0
0.0
0.0
0.0
0.0
0.0
0.0
0.0
0.0
0.0
0.0
0.0
0.0
0.0
0.0
0.0
0.0
0.0
0.0
0.0
0.0
0.0
0.0
0.0
0.0
0.0
0.0
0.0
0.0
0.0
0.0
0.0
0.0
0.0
0.0
0.0
0.0
0.0
0.0
0.0
0.0
0.0
0.0
0.0
0.0
0.0
0.0
0.0
0.0
0.0
0.0
0.0
0.0
0.0
0.0
0.0
0.0
0.0
0.0
0.0
0.0
0.0
0.0
0.0
0.0
0.0
0.0
0.0
0.0
0.0
0.0
0.0
0.0
0.0
0.0
0.0
0.0
0.0
0.0
0.0
0.0
0.0
0.0
0.0
0.0
0.0
0.0
0.0
0.0
0.0
0.0
0.0
0.0
0.0
0.0
0.0
0.0
0.0
0.0
0.0
