a = 4.980454711608642 b = 4.980454711608642 c = 5.193743817075528 ,Gaussian ,LMH = 0.08 ,DW = [0.1 0.1]
0.0
0.0
0.0
0.0
0.0
0.0
0.0
0.0
0.0
0.0
0.0
0.0
0.0
0.0
0.0
0.0
0.0
0.0
0.0
0.0
0.0
0.0
0.0
0.0
0.0
0.0
0.0
0.0
0.0
0.0
0.0
0.0
0.0
0.0
0.0
0.0
0.0
0.0
0.0
0.0
0.0
0.0
0.0
0.0
0.0
0.0
0.0
0.0
0.0
0.0
0.0
0.0
0.0
0.0
0.0
0.0
0.0
0.0
0.0
0.0
0.0
0.0
0.0
0.0
0.0
0.0
0.0
0.0
0.0
0.0
0.0
0.0
0.0
0.0
0.0
0.0
0.0
0.0
0.0
0.0
0.0
0.0
0.0
0.0
0.0
0.0
0.0
0.0
0.0
0.0
0.0
0.0
0.0
0.0
0.0
0.0
0.0
0.0
0.0
0.0
0.0
0.0
0.0
0.0
0.0
0.0
0.0
0.0
0.0
0.0
0.0
0.0
0.0
0.0
0.0
0.0
0.0
0.0
0.0
0.0
0.0
0.0
0.0
0.0
0.0
0.0
0.0
0.0
0.0
0.0
0.0
0.0
0.0
0.0
0.0
0.0
0.0
0.0
0.0
0.0
0.0
0.0
0.0
0.0
0.0
0.0
0.0
0.0
0.0
0.0
0.0
0.0
0.0
0.0
0.0
0.0
0.0
0.0
0.0
0.0
0.0
0.0
0.0
0.0
0.0
0.0
0.0
0.0
0.0
0.0
0.0
0.0
0.0
0.0
0.0
0.0
0.0
0.0
0.0
0.0
0.0
0.0
0.0
0.0
0.0
0.0
0.0
0.0
0.0
0.0
0.0
0.0
0.0
0.0
0.0
0.0
0.0
0.0
0.0
0.0
0.0
0.0
0.0
0.0
0.0
0.0
0.0
0.0
0.0
0.0
0.0
0.0
0.0
0.0
0.0
0.0
0.0
0.0
0.0
0.0
0.0
0.0
0.0
0.0
0.0
0.0
0.0
0.0
0.0
0.0
0.0
0.0
0.0
0.0
0.0
0.0
0.0
0.0
0.0
0.0
0.0
0.0
0.0
0.0
0.0
0.0
0.0
0.0
0.0
0.0
0.0
0.0
0.0
0.0
0.0
0.0
0.0
0.0
0.0
0.0
0.0
0.0
0.0
0.0
0.0
0.0
0.0
0.0
0.0
0.0
0.0
0.0
0.0
0.0
0.0
0.0
0.0
0.0
0.0
0.0
0.0
0.0
0.0
0.0
0.0
0.0
0.0
0.0
0.0
0.0
0.0
0.0
0.0
0.0
0.0
0.0
0.0
0.0
0.0
0.0
0.0
0.0
0.0
0.0
0.0
0.0
0.0
0.0
0.0
0.0
0.0
0.0
0.0
0.0
0.0
0.0
0.0
0.0
0.0
0.0
0.0
0.0
0.0
0.0
0.0
0.0
0.0
0.0
0.0
0.0
0.0
0.0
0.0
0.0
0.0
0.0
0.0
0.0
0.0
0.0
0.0
0.0
0.0
0.0
0.0
0.0
0.0
0.0
0.0
0.0
0.0
0.0
0.0
0.0
0.0
0.0
0.0
0.0
0.0
0.0
0.0
0.0
0.0
0.0
0.0
0.0
0.0
0.0
0.0
0.0
0.0
0.0
0.0
0.0
0.0
0.0
0.0
0.0
0.0
0.0
0.0
0.0
0.0
0.0
0.0
0.0
0.0
0.0
0.0
0.0
0.0
0.0
0.0
0.0
0.0
0.0
0.0
0.0
0.0
0.0
0.0
0.0
0.0
0.0
0.0
0.0
0.0
0.0
0.0
0.0
0.0
0.0
0.0
0.0
0.0
0.0
0.0
0.0
0.0
0.0
0.0
0.0
0.0
0.0
0.0
0.0
0.0
0.0
0.0
0.0
0.0
0.0
0.0
0.0
0.0
0.0
9.414852889745979e-35
6.851263156376792e-34
3.322839067064045e-33
1.0740624037586142e-32
2.3138290542438822e-32
3.322114322106199e-32
3.178918729343114e-32
2.0273364319732777e-32
8.616953966116902e-33
2.4409746488346916e-33
4.608443987934628e-34
5.798650131747548e-35
4.862739968467449e-36
2.717795251526728e-37
1.0123576584174157e-38
9.012521714902104e-40
1.7071282198196244e-41
2.1551003981891046e-43
1.8132196669058084e-45
1.016751643145422e-47
3.7998013534577654e-50
9.464298983025512e-53
1.5710773156877152e-55
1.7381538421651814e-58
1.2816233630820316e-61
6.298166923979486e-65
2.062763633149537e-68
4.5026305493907465e-72
0.0
0.0
0.0
0.0
0.0
0.0
0.0
0.0
0.0
0.0
0.0
0.0
0.0
0.0
0.0
0.0
0.0
0.0
0.0
0.0
0.0
0.0
0.0
0.0
0.0
0.0
0.0
0.0
0.0
0.0
0.0
0.0
0.0
0.0
0.0
0.0
0.0
0.0
0.0
0.0
0.0
0.0
0.0
0.0
0.0
0.0
0.0
0.0
0.0
0.0
0.0
0.0
0.0
0.0
0.0
0.0
0.0
0.0
0.0
0.0
0.0
0.0
0.0
0.0
0.0
0.0
0.0
0.0
0.0
0.0
0.0
0.0
0.0
0.0
0.0
0.0
0.0
0.0
0.0
0.0
0.0
0.0
0.0
0.0
0.0
0.0
0.0
0.0
0.0
0.0
0.0
0.00062459853028297
0.004538684534243027
0.021980652766569797
0.07094678530877847
0.15261822775767717
0.21880721509541018
0.20907322544841403
0.1331425125109255
0.056508870313531114
0.01598446299466187
0.003013429420190134
0.00037862173879695324
3.1705281643690726e-05
1.7694538231228086e-06
6.581553253792128e-08
1.631545215724229e-09
2.6955747318579744e-11
2.9681455067134545e-13
2.1782140068403533e-15
1.0653626170282156e-17
3.47276910263593e-20
7.544594669763132e-23
1.092389366941769e-25
1.0541455119555012e-28
8.216436265440516e-31
4.031894605283582e-34
1.3186101045671039e-37
2.874121848002953e-41
0.0
0.0
0.0
0.0
0.0
0.0
0.0
0.0
0.0
0.0
0.0
0.0
0.0
0.0
0.0
0.0
0.0
0.0
0.0
0.0
0.0
0.0
0.0
0.0
0.0
0.0
0.0
0.0
0.0
0.0
0.0
0.0
0.0
0.0
0.0
0.0
0.0
0.0
0.0
0.0
0.0
0.0
0.0
0.0
0.0
0.0
0.0
0.0
0.0
0.0
0.0
0.0
0.0
0.0
0.0
0.0
0.0
0.0
0.0
0.0
0.0
0.0
0.0
0.0
0.0
0.0
0.0
0.0
0.0
0.0
0.0
0.0
0.0
0.0
0.0
0.0
0.0
0.0
0.0
0.0
0.0
0.0
0.0
0.0
0.0
0.0
0.0
0.0
0.0
0.0
0.0
0.0
0.0
0.0
0.0
0.0
0.0
0.0
0.0
0.0
0.0
0.0
0.0
0.0
0.0
0.0
0.0
0.0
0.0
0.0
0.0
0.0
0.0
0.0
0.0
0.0
0.0
0.0
0.0
0.0
0.0
0.0
0.0
0.0
0.0
0.0
0.0
0.0
0.0
0.0
0.0
0.0
0.0
0.0
0.0
0.0
0.0
0.0
0.0
0.0
0.0
0.0
0.0
0.0
0.0
0.0
0.0
0.0
0.0
0.0
0.0
0.0
0.0
0.0
0.0
0.0
0.0
0.0
0.0
0.0
0.0
0.0
0.0
0.0
0.0
0.0
0.0
0.0
0.0
0.0
0.0
0.0
0.0
0.0
0.0
0.0
0.0
0.0
0.0
0.0
0.0
0.0
0.0
0.0
0.00361059550053384
0.025032254922168318
0.1156651851557755
0.35619423823329516
0.7310594088858431
1.0
0.9116515553453732
0.5539101236402137
0.22430103434898757
0.060534756264666915
0.010888294731558302
0.001305258368502671
0.000104283272847979
5.552829866102333e-06
1.9705870753928773e-07
4.660778253977629e-09
7.346877525893331e-11
7.71842533721707e-13
2.9551543710202074e-14
1.57873290195678e-16
5.621066146256556e-19
1.333860094829527e-21
2.1095188582031145e-24
2.2235049086549297e-27
1.56197587246867e-30
7.312941476745714e-34
2.2818727542706016e-37
4.745394210064967e-41
0.0
0.0
0.0
0.0
0.0
0.0
0.0
0.0
0.0
0.0
0.0
0.0
0.0
0.0
0.0
0.0
0.0
0.0
0.0
0.0
0.0
0.0
0.0
0.0
0.0
0.0
0.0
0.0
0.0
0.0
0.0
0.0
0.0
0.0
0.0
0.0
0.0
0.0
0.0
0.0
0.0
0.0
0.0
0.0
0.0
0.0
0.0
0.0
0.0
0.0
0.0
0.0
0.0
0.0
0.0
0.0
0.0
0.0
0.0
0.0
0.0
0.0
0.0
0.0
0.0
0.0
0.0
0.0
0.0
0.0
0.0
0.0
0.0
0.0
0.0
0.0
0.0
0.0
0.0
0.0
0.0
0.0
0.0
0.0
0.0
0.0
0.0
0.0
0.0
0.0
0.0
0.0
0.0
0.0
0.0
0.0
0.0
0.0
0.0
0.0
0.0
0.0
0.0
0.0
0.0
0.0
0.0
0.0
0.0
0.0
0.0
0.0
0.0
0.0
0.0
0.0
0.0
0.0
0.0
0.0
0.0
0.0
0.0
0.0
0.0
0.0
0.0
0.0
0.0
0.0
0.0
0.0
0.0
0.0
0.0
0.0
0.0
0.0
0.0
0.0
0.0
0.0
0.0
0.0
0.0
0.0
0.0
0.0
0.0
0.0
0.0
0.0
0.0
0.0
0.0
0.0
0.0
0.0
0.0
0.0
0.0
0.0
0.0
0.0
0.0
0.0
0.0
0.0
0.0
0.0
0.0
0.0
0.0
0.0
0.0
0.0
0.0
0.0
0.0
0.0
0.0
0.0
0.0
0.0
0.0
0.0
0.0
0.0
0.0
0.0
0.0
0.0
0.0
0.0
0.0
0.0
0.0
0.0
0.0
0.0
0.0
0.0
0.0
0.0
0.0
0.0
0.0
0.0
0.0
0.0
0.0
0.0
0.0
0.0
0.0
0.0
0.0
0.0
0.0
0.0
0.0
0.0
0.0
0.0
0.0
0.0
0.0
0.0
0.0
0.0
0.0
1.555915514633331e-35
1.0744404457077088e-34
4.944930972154167e-34
1.516769778833435e-33
3.1007064199737706e-33
4.224576493693424e-33
3.8360764714170225e-33
2.3215224204725013e-33
9.363539709502896e-34
2.5170322444932907e-34
4.5094030041334977e-35
5.384320072048921e-36
4.284737651105822e-37
2.2724751931107145e-38
8.032590263972466e-40
1.8923158462233299e-41
1.2412325634983914e-42
1.4869410550035856e-44
1.1871781444839527e-46
6.31712660833962e-49
2.2402929782585714e-51
5.295068739369242e-54
8.34103484149674e-57
8.756888428440419e-60
6.127188560416307e-63
2.85728935468959e-66
8.880322720997308e-70
1.8394365962214186e-73
0.0
0.0
0.0
0.0
0.0
0.0
0.0
0.0
0.0
0.0
0.0
0.0
0.0
0.0
0.0
0.0
0.0
0.0
0.0
0.0
0.0
0.0
0.0
6.255410770615768e-05
0.0005569225438733741
0.003304572702739057
0.013068248135505986
0.034443000768735695
0.06050149953090693
0.07082928282257507
0.05526384504997821
0.02873762677782076
0.00995960811487826
0.0023004624500012256
0.00035413560674758365
3.6333362350742374e-05
2.484409224016157e-06
1.1321975848605101e-07
3.4387678952197483e-09
2.6719243004381633e-10
4.12674248804177e-12
4.247878997792681e-14
2.914193956715295e-16
1.3324358754978345e-18
4.060277624833378e-21
8.246063796022832e-24
1.1161413534027574e-26
1.0068696639036374e-29
6.0535322618059644e-33
2.425638150657064e-36
6.4777579524689255e-40
0.0
0.0
0.0
0.0
0.0
0.0
0.0
0.0
0.0
0.0
0.0
0.0
0.0
0.0
0.0
0.0
0.0
0.0
0.0
0.0
0.0
0.0
0.0
0.0
0.0
0.0
0.0
0.0
0.0
0.0
0.0
0.0
0.0
0.0
0.0
0.0
0.0
0.0
0.0
0.0
0.0
0.0
0.0
0.0
0.0
0.0
0.0
0.0
0.0
0.0
0.0
0.0
0.0
0.0
0.0
0.0
0.0
0.0
0.0
0.0
0.0
0.0
0.0
0.0
0.0
0.0
0.0
0.0
0.0
0.0
0.0
0.0
0.0
0.0
0.0
0.0
0.0
0.0
0.0
0.0
0.0
0.0
0.0
0.0
0.0
0.0
0.0
0.0
0.0
0.0
0.0
0.0
0.0
0.0
0.0
0.0
0.0
0.0
0.0
0.0
0.0
0.0
0.0
0.0
0.0
0.0
0.0
0.0
0.0
0.0
2.3231040025960477e-05
0.00021022142852183286
0.001267847039782219
0.005096104056429161
0.013651842260915726
0.024373942609980773
0.029002928705593914
0.025994816875177375
0.015729155771575118
0.0063431592192277324
0.0017048546568981333
0.00030538707751912687
3.6458223231583096e-05
2.900827419308847e-06
0.00021315067323459744
0.0014718544568696282
0.006778520403784744
0.020805975558486456
0.04256207734628134
0.058028199767266544
0.052727469183239194
0.031931278215401315
0.012887753747517803
0.003466727478431993
0.0006215037088522029
7.425903387388397e-05
5.9133885065021165e-06
3.1383767607100163e-07
1.110082596048915e-08
2.616899574428037e-10
4.111500690373249e-12
4.3052187858820367e-14
3.0044960264895405e-16
8.757700703167273e-18
3.107914671363523e-20
7.350715638589005e-23
1.1587018662982548e-25
1.2172935999842755e-28
8.523157602298907e-32
3.9772899029323047e-35
1.2369596255429374e-38
2.5639251911835107e-42
0.0
0.0
0.0
0.0
0.0
0.0
0.0
0.0
0.0
0.0
0.0
0.0
0.0
0.0
0.0
0.0
0.0
7.637821164942086e-05
0.0006104274818190825
0.003251473493779727
0.01154271324191648
0.027309713449276445
0.04306336156301012
0.04525642678798354
0.031698166527350746
0.014796860252142663
0.004603483065249832
0.0009545200948884263
0.0001319061819606855
1.2148615082967389e-05
7.45709957930304e-07
3.050665995462703e-08
8.317655484305594e-10
1.51143245304093e-11
1.8304509943063128e-13
1.4774371585903512e-15
7.947700213935746e-18
2.849413548698586e-20
6.808493716106036e-23
1.084246790158438e-25
1.150765405197119e-28
8.140048602959086e-32
5.158079028316984e-34
1.855371036236112e-37
4.4479008913685003e-41
0.0
0.0
0.0
0.0
0.0
0.0
0.0
0.0
0.0
0.0
0.0
0.0
0.0
0.0
0.0
0.0
0.0
0.0
0.0
0.0
0.0
0.0
0.0
0.0
0.0
0.0
0.0
0.0
0.0
0.0
0.0
0.0
0.0
0.0
0.0
0.0
0.0
0.0
0.0
0.0
0.0
0.0
0.0
0.0
0.0
0.0
0.0
0.0
0.0
0.0
0.0
0.0
0.0
0.0
0.0
0.0
0.0
0.0
0.0
0.0
0.0
0.0
0.0
0.0
0.0
0.0
0.0
0.0
0.0
0.0
0.0
0.0
0.0
0.0
0.0
0.0
0.0
0.0
0.0
0.0
0.0
0.0
0.0
0.0
0.0
0.0
0.0
0.0
0.0
0.0
0.0
0.0
0.0
0.0
0.0
3.3847469611951414e-05
0.00028443246317203224
0.0015929922603088588
0.0059460658896120615
0.014792014274423608
0.021676703832914878
0.027421639942724157
0.02311932512292188
0.01299087574828187
0.004865004582650082
0.0012142542343227998
0.00020198426937555417
2.2392728627513222e-05
1.6545429083893194e-06
8.147616896969898e-08
2.6740203869398992e-09
5.848983228849483e-11
8.526633307753556e-13
8.284310054831143e-15
5.3643443859396263e-17
2.315040036724802e-19
6.65858440348489e-22
1.276400190598412e-24
1.630697328628196e-27
1.3884856872137279e-30
7.879361082437013e-34
2.9800403672535164e-37
7.511641266485968e-41
0.0
0.0
0.0
0.0
0.0
0.0
0.0
0.0
0.0
0.0
0.0
0.0
0.0
0.0
0.0
0.0
0.0
0.0
0.0
0.0
0.0
0.0
0.0
0.0
0.0
0.0
0.0
0.0
0.0
0.0
0.0
0.0
0.0
0.0
0.0
0.0
0.0
0.0
0.0
0.0
0.0
0.0
0.0
0.0
0.0
0.0
0.0
0.0
0.0
0.0
0.0
0.0
0.0
0.0
0.0
0.0
0.0
0.0
0.0
0.0
0.0
0.0
0.0
0.0
0.0
0.0
0.0
0.0
0.0
0.0
0.0
0.0
0.0
0.0
0.0
0.0
0.0
0.0
0.0
0.0
0.0
0.0
0.0
0.0
0.0
0.0
0.0
0.0
0.0
0.0
0.0
0.0
0.0
0.0
0.0
0.0
0.0
0.0
0.0
0.0
0.0
0.0
0.0
0.0
0.0
0.0
0.0
0.0
0.0
0.0
0.0
0.0
0.0
0.0
0.0
0.0
0.0
0.0
0.0
0.0
0.0
0.0
0.0
0.0
0.0
0.0
0.0
0.0
0.0
0.0
0.0
0.0
0.0
0.0
0.0
0.0
0.0
0.0
0.0
0.0
0.0
0.0
0.0
0.0
0.0
0.0
0.0
0.0
0.0
0.0
0.0003899994233366684
0.002623525217936117
0.011762186723745408
0.0351457199478026
0.06999038249251081
0.09289360941825654
0.08217029706706744
0.06043683738479101
0.027185249889819546
0.008149791105857323
0.001628325308364675
0.00021682902504303257
1.9243107644800488e-05
1.1381894341362761e-06
4.486786849770467e-08
1.178793887368689e-09
2.064057825849793e-11
2.408725960454959e-13
1.8734170771317287e-15
9.71098099747181e-18
3.354851352005573e-20
7.724404496708488e-23
1.185327286669803e-25
1.2122525447635358e-28
8.262842506284223e-32
3.753594842253815e-35
1.1364409135482667e-38
2.2931257738355108e-42
0.0
0.0
0.0
0.0
0.0
0.0
0.0
0.0
0.0
0.0
0.0
0.0
0.0
0.0
0.0
0.0
0.0
0.0
0.0
0.0
0.0
0.0
0.0
0.0
0.0
0.0
0.0
0.0
0.0
0.0
0.0
0.0
0.0
0.0
0.0
0.0
0.0
0.0
0.0
0.0
0.0
0.0
2.3212057500817266e-06
1.9734135189296492e-05
0.0001118160402551015
0.00042225195226127234
0.0010627246936905886
0.0017825898367384776
0.0019927996045650776
0.0014847638283956585
0.0007372803808416308
0.0002439998302588165
5.381804521446489e-05
7.91130016290755e-06
7.75085038538533e-07
5.0609540397970576e-08
6.550210846495738e-09
2.1749080449571067e-10
4.812913626300591e-12
7.09833977906398e-14
6.977294408320825e-16
4.5708699099219724e-18
1.9956860518175728e-20
5.807204647977027e-23
1.1262209146380025e-25
1.4556655149890512e-28
1.2539526777243383e-31
7.199167014877134e-35
2.754640313099908e-38
7.024721274726697e-42
0.0
0.0
0.0
0.0
0.0
0.0
0.0
0.0
0.0
0.0
0.0
0.0
0.0
0.0
0.0
0.0
0.0
0.0
0.0
0.0
0.0
0.0
0.0
0.0
0.0
0.0
0.0
0.0
0.0
0.0
0.0
0.0
0.0
0.0
0.0
0.0
0.0
0.0
0.0
0.0
0.0
0.0
0.0
0.0
0.0
0.0
0.0
0.0
0.0
0.0
0.0
0.0
0.0
0.0
0.0
0.0
2.6272010580755322e-05
0.00023037941801813032
0.0013464046147817
0.005244318437348959
0.013613947310092602
0.023553780563233498
0.02715930999301843
0.02383736961100113
0.013977162625238125
0.005462120214342464
0.0014226073176548707
0.000246939389785814
2.8567829888906018e-05
2.2026509452083218e-06
1.1318676740025627e-07
3.876387476100552e-09
8.847901008349087e-11
1.3459684391609462e-12
1.3646178447186292e-14
9.220803433539797e-17
4.1524845950393995e-19
1.2463179334135323e-21
2.4930512507427492e-24
3.323648725163421e-27
2.9531164713266604e-30
1.7487494177558035e-33
6.901700959977964e-37
1.8153745444958148e-40
0.0
0.0
0.0
0.0
0.0
0.0
0.0
0.0
0.0
1.0608656003033249e-05
6.795945475177862e-05
0.00029014891616615303
0.000825607382328666
0.0015656970410669528
0.0019788981486841134
0.0016669428161853593
0.0009358354867327059
0.0003501546237255476
8.731759585810712e-05
1.4511931574509104e-05
1.6074231639677653e-06
1.1866339546668646e-07
5.838279307328373e-09
1.9144080561160598e-10
4.183749817892909e-12
6.093663214938502e-14
5.915245006311622e-16
3.826912878608275e-18
1.6500836514873465e-20
4.7418181612754317e-23
7.6501810253993535e-25
1.117926436740175e-27
1.0887703595168689e-30
7.06709452365269e-34
3.0572225848817266e-37
8.814440825129232e-41
1.6937293838719861e-44
0.0
0.0
1.916095850483562e-05
0.00014939698085501664
0.000776332843427351
0.002688658518102618
0.006205901553025518
0.009546752536175852
0.009787865588700984
0.006688086425151084
0.0030457714010520467
0.0009244305313343867
0.00018699621018599557
2.5210001839109798e-05
2.2651371246541107e-06
1.3564308759496178e-07
5.413552887588411e-09
1.4399541015784973e-10
2.552680510875419e-12
1.3852533158072247e-13
1.2487617628343485e-15
7.50259553176708e-18
3.004173592303689e-20
8.017150982993476e-23
1.4259248873627537e-25
1.69026494172353e-28
1.3353480194436422e-31
7.030977330896201e-35
2.467280219504784e-38
5.770358614780932e-42
0.0
0.0
0.0
0.0
0.0
0.0
0.0
0.0
0.0
0.0
0.0
0.0
0.0
0.0
0.0
0.0
0.0
0.0
0.0
0.0
0.0
0.0
0.0
0.0
0.0
0.0
0.0
0.0
0.0
0.0
0.0
0.0
0.0
0.0
0.0
0.0
0.0
0.0
0.0
0.0
0.0
0.0
8.244116081306155e-05
0.0006871855307087199
0.0038175564080622647
0.014134435472494222
0.03487811620566466
0.057359997179001365
0.06287047918812307
0.04592677687476408
0.022359738154850164
0.00725519362292432
0.0015689635314938748
0.00022613002941249897
2.1721268176194844e-05
1.3905725881479082e-06
5.93312773943042e-08
1.6871561588068057e-09
3.197484240905373e-11
4.0387139265141173e-13
3.3998465777188687e-15
1.9074672716024207e-17
7.132411948436125e-20
1.777449582986452e-22
2.9521587736911924e-25
3.267861783826768e-28
2.791132916675931e-30
1.571111716087477e-33
5.894068300549107e-37
1.4736854960932576e-40
0.0
0.0
0.0
0.0
0.0
0.0
0.0
0.0
0.0
0.0
0.0
0.0
0.0
0.0
0.0
0.0
0.0
0.0
0.0
0.0
0.0
0.0
0.0
0.0
0.0
0.0
0.0
0.0
0.0
0.0
0.0
0.0
0.0
0.0
0.0
0.0
0.0
0.0
0.0
0.0
0.0
0.0
0.0
0.0
0.0
0.0
0.0
0.0
0.0
0.0
0.0
0.0
0.0
0.0
0.0
0.0
0.0
0.0
0.0
0.0
0.0
0.0
0.0
0.0
0.0
0.0
0.0
0.0
0.0
0.0
0.0
0.0
0.0
0.0
0.0
0.0
0.0
0.0
0.0
0.0
0.0
0.0
0.0
0.0
0.0
0.0
0.0
0.0
0.0
0.0
0.0
0.0
0.0
0.0
0.0
0.0
0.0
0.0
0.0
0.0
0.0
0.0
0.0
0.0
0.0
0.0
0.0
0.0
0.0
0.0
0.0
0.0
0.0
0.0
0.0
0.0
0.0
0.0
0.0
0.0
0.0
0.0
0.0
0.0
0.0
0.0
0.0
0.0
0.0
0.0
0.0
0.0
0.0
0.0
0.0
0.0
0.0
0.0
0.0
0.0
0.0
0.0
0.0
0.0
0.0
0.0
0.0
0.0
0.0
0.0
0.0
0.0
0.0
0.0
0.0
2.0269377182182637e-06
1.874486487082977e-05
0.00011553292583970642
0.0004745814707823401
0.0012992637815888847
0.002370639053514168
0.0028828037959468065
0.002336395085577901
0.0012619990589743148
0.0004543110773839386
0.0001090006705528083
1.74295655187403e-05
1.8574857940671114e-06
1.3193073712533276e-07
6.245224072990746e-09
1.9702966068147908e-10
4.1428264651102395e-12
5.805550707050395e-14
5.422151544109978e-16
3.375059461761684e-18
1.400144161959193e-20
2.885367689258514e-22
6.086884623243283e-25
8.557965346384552e-28
8.0191350142486e-31
5.00802024330372e-34
2.0844245234977657e-37
5.782129585581435e-41
0.0
4.805052463273418e-05
0.00031355071399963964
0.0013636377094100199
0.003952498912685562
0.007635299266465952
0.009830190111098756
0.008434887957915128
0.004823677537421407
0.0018384793877855388
0.0004670042263136877
7.906138259230225e-05
8.920507177180994e-06
6.708049169744829e-07
3.3618975589297425e-08
1.1229340801895209e-09
2.499801920864428e-11
3.708843265100375e-13
3.667354663064616e-15
1.348538633329172e-16
6.780791714380161e-19
2.272369566153938e-21
5.075269074646759e-24
7.554760975286167e-27
7.494867036803259e-30
4.955513746062728e-33
2.183710115615583e-36
6.413318888401896e-40
1.2553135940480078e-43
0.0
0.0
0.0
0.0
0.0
0.0
0.0
0.0
0.0
0.0
0.0
0.0
0.0
0.0
0.0
0.0
0.0
0.0
0.0
0.0
0.0
0.0
0.0
0.0
0.0
0.0
0.0
0.0
0.0
0.0
0.0
0.0
0.0
0.0
0.0
0.0
2.0274697743975224e-05
0.0001846523767652183
0.0011208228180963453
0.004534198969357421
0.012224911732567272
0.01890209889175798
0.025915391227245312
0.023680292154456276
0.014421083485909522
0.005853158357421025
0.0016784779333452245
0.000973178140210962
0.003346401304831475
0.010633607735143371
0.022741402728794637
0.0324221691687856
0.030807119645392147
0.019509302271456638
0.008234058152016518
0.0023161552704176534
0.0004342131371184814
5.4252505007802125e-05
4.517708246148977e-06
2.507252736149658e-07
9.2738399252879e-09
2.2861389600205852e-10
3.756014002541206e-12
4.112759636460903e-14
3.0013801279590325e-16
1.4597894649502404e-18
4.731959246124622e-21
8.272606547898277e-23
1.3636274035242514e-25
1.4980648681223734e-28
1.0968495628470868e-31
5.352356863372798e-35
1.740702710203608e-38
3.7729903748087105e-42
0.0
0.0
0.0
0.0
0.0
0.0
0.0
0.0
0.0
0.0
0.0
0.0
0.0
0.0
0.0
0.0
0.0
0.0
0.0
0.0
0.0
0.0
0.0
0.0
0.0
0.0
0.0
0.0
0.0
0.0
0.0
4.655059331947892e-05
0.0003891931742555628
0.0021686364713113205
0.008053596147692627
0.019933083527166565
0.03288067114415722
0.036148344181039356
0.02648608033769032
0.012933870954478845
0.004209406847849345
0.0009130505683040492
0.00013199281988682062
1.2717077895677432e-05
2.1332718754199434e-06
1.045167297068099e-07
3.412769565147805e-09
7.426935736331357e-11
1.0771939739889693e-12
1.0412612641963561e-14
6.708216308171136e-17
2.8802882439344644e-19
8.242261586818812e-22
1.5719487540676922e-24
1.9980756265286413e-27
1.6926493881902588e-30
9.55660516333648e-34
3.5960177446633637e-37
9.018235187923188e-41
0.0
0.0
0.0
0.0
0.0
0.0
0.0
0.0
0.0
0.0
0.0
0.0
0.0
0.0
0.0
0.0
0.0
0.0
0.0
0.0
0.0
0.0
0.0
0.0
0.0
0.0
0.0
0.0
0.0
0.0
0.0
0.0
0.0
0.0
0.0
0.0
0.0
0.0
0.0
0.0
0.0
0.0
0.0
0.0
0.0
0.0
0.0
0.0
0.0
0.0
0.0
0.0
0.0
0.0
0.0
0.0
0.0
0.0
0.0
0.0
0.0
0.0
0.0
0.0
0.0
0.0
0.0
0.0
0.0
0.0
0.0
0.0
0.0
0.0
0.0
0.0
0.0
0.0
0.0
0.0
1.74628188774354e-37
1.4611600192887026e-36
8.148220245607402e-36
3.028372450076935e-35
7.501314292176219e-35
1.2383601999218195e-34
1.3625051653893097e-34
9.991044133154433e-35
6.484754673049994e-35
2.418069900347509e-35
6.009325098468464e-36
9.953231290555495e-37
1.0987124381854769e-37
8.083241124976327e-39
3.963406117059239e-40
1.2951890519938683e-41
2.8208455143429666e-43
4.094557630547608e-45
3.961103790655242e-47
2.553918325101304e-49
1.0974363338113355e-51
3.142919179478802e-54
5.998858803551035e-57
7.631073119567481e-60
6.469699927413122e-63
3.6556466380553386e-66
1.3766572581438448e-69
3.455166629066937e-73
0.0
0.0
0.0
0.0
0.0
0.0
0.0
0.0
0.0
0.0
0.0
0.0
0.0
0.0
0.0
0.0
0.0
0.0
0.0
0.0
0.0
0.0
0.0
0.0
0.0
0.0
0.0
0.0
0.0
0.0
0.0
0.0
0.0
0.0
0.0
0.0
0.0
0.0
0.0
0.0
0.0
0.0
0.0
0.0
0.0
0.0
0.0
0.0
0.0
0.0
0.0
0.0
0.0
0.0
0.0
0.0
0.0
0.0
0.0
0.0
0.0
0.0
0.0
0.0
0.0
1.3679821450273638e-05
0.00012148016540145841
0.0007189718195338454
0.0028359587544501057
0.007455375126649126
0.013062329620727718
0.01525293168934554
0.011870460302370859
0.006156917621887178
0.0021283383667148755
0.0004903425183696102
7.529046522779492e-05
7.704810405135972e-06
5.254912394119664e-07
2.3886391834533522e-08
7.236310148355833e-10
1.4610508823172797e-11
1.9660522588887885e-13
8.878012019076743e-15
6.075024385467094e-17
2.7705237066704916e-19
8.42087583854807e-22
1.7058239412353434e-24
2.3029934093448994e-27
2.0722050749176663e-30
1.2426657226021463e-33
4.966580205067175e-37
1.3229460553630723e-40
0.0
0.0
0.0
1.5802177706919752e-05
0.0001230635774843
0.0006387393598159349
0.0022095272882572807
0.005102782448134253
0.007905937749097718
0.008486606853954396
0.007346448059786054
0.0074645770285171964
0.009551530635691951
0.010517291374515911
0.008159431158752863
0.004261252317819159
0.0022081600521076067
0.0005875819617067626
0.0001042143910214024
1.2318995787233337e-05
9.705225634047412e-07
5.09586266829033e-08
1.7832464855098046e-09
4.158977704765049e-11
6.464625290220345e-13
6.6970211410082154e-15
4.623826515746288e-17
2.1276634865216265e-19
6.525080864662784e-22
1.3336762090527513e-24
1.816755392867096e-27
1.6493926700828387e-30
9.980061340565167e-34
4.02461099359609e-37
1.0816734150983906e-40
0.0
0.0
0.0
0.0
0.0
0.0
0.0
0.0
0.0
0.0
0.0
0.0
0.0
0.0
0.0
0.0
0.0
0.0
0.0
0.0
0.0
0.0
0.0
0.0
0.0
0.0
0.0
0.0
0.0
0.0
0.0
0.0
0.0
0.0
0.0
0.0
0.0
0.0
0.0
0.0
0.0
0.0
0.0
0.0
0.0
0.0
0.0
0.0
0.0
0.0
0.0
0.0
0.0
0.0
0.0
6.767211468346446e-06
5.4987161932282234e-05
0.0002977792351131794
0.0007329662993269796
0.0020184578852020713
0.003704562498291988
0.0045314345104875186
0.003694162861058276
0.0020071411556500077
0.0007268107504828603
0.00017540675613598742
2.821323198155475e-05
3.024411709292659e-06
2.16077989331886e-07
1.0288728266454992e-08
3.2650844067661526e-10
6.905715406937072e-12
9.73429466346312e-14
9.14496080801441e-16
5.725860418885916e-18
2.3893579336608497e-20
6.645125967918644e-23
1.2317051885619452e-25
1.5215697723525882e-28
1.2527330093682618e-31
6.873955536362187e-35
2.5138332381970603e-38
6.126998274629556e-42
0.0
0.0
0.0
0.0
0.0
0.0
0.0
0.0
0.0
0.0
0.0
0.0
0.0
0.0
0.0
0.0
0.0
0.0
0.0
0.0
0.0
0.0
0.0
0.0
0.0
0.0
0.0
0.0
0.0
0.0
0.0
0.0
0.0
0.0
0.0
0.0
0.0
0.0
0.0
0.0
0.0
0.0
0.0
0.0
0.0
0.0
0.0
0.0
0.0
0.0
0.0
0.0
0.0
0.0
0.0
0.0
0.0
0.0
0.0
0.0
0.0
0.0
0.0
0.0
0.0
0.0
0.0
0.0
0.0
0.0
0.0
0.0
0.0
0.0
0.0
0.0
0.0
0.0
0.0
0.0
0.0
0.0
0.0
0.0
0.0
0.0
0.0
0.0
0.0
0.0
0.0
0.0
0.0
0.0
0.0
0.0
0.0
0.0
0.0
0.0
0.0
0.0
0.0
0.0
0.0
0.0
0.0
0.0
0.0
0.0
0.0
0.0
0.0
0.0
0.0
0.0
0.0
0.0
0.0
0.0
0.0
0.0
0.0
0.0
0.0
0.0
0.0
0.0
0.0
0.0
0.0
0.0
0.0
0.0
0.0
0.0
0.0
0.0
0.0
0.0
0.0
0.0
0.0
0.0
0.0
0.0
0.0
0.0
0.0
0.0
0.0
0.0
0.0
0.0
0.0
0.0
0.0
0.0
0.0
0.0
0.0
0.0
0.0
0.0
0.0
0.0
0.0
0.0
0.0
0.0
0.0
0.0
0.0
0.0
0.0
0.0
0.0
0.0
0.0
0.0
0.0
0.0
0.0
0.0
0.0
0.0
0.0
0.0
0.0
0.0
0.0
0.0
0.0
0.0
0.0
0.0
0.0
0.0
0.0
0.0
0.0
0.0
0.0
0.0
0.0
0.0
0.0
0.0
0.0
0.0
0.0
0.0
0.0
0.0
0.0
0.0
0.0
0.0
0.0
0.0
0.0
0.0
0.0
0.0
0.0
0.0
0.0
0.0
0.0
0.0
0.0
0.0
0.0
0.0
0.0
0.0
0.0
0.0
0.0
0.0
0.0
0.0
0.0
0.0
0.0
0.0
0.0
0.0
0.0
0.0
0.0
0.0
0.0
0.0
0.0
0.0
0.0
0.0
0.0
0.0
0.0
0.0
0.0
0.0
0.0
0.0
0.0
0.0
0.0
0.0
0.0
0.0
0.0
0.0
0.0
0.0
0.0
0.0
0.0
0.0
0.0
0.0
0.0
0.0
0.0
0.0
0.0
0.0
0.0
0.0
0.0
0.0
0.0
0.0
0.0
0.0
0.0
0.0
0.0
0.0
0.0
0.0
0.0
0.0
0.0
0.0
0.0
0.0
0.0
0.0
0.0
0.0
0.0
0.0
0.0
0.0
0.0
0.0
0.0
0.0
0.0
0.0
0.0
0.0
0.0
0.0
0.0
0.0
0.0
0.0
0.0
0.0
0.0
0.0
0.0
0.0
0.0
0.0
0.0
0.0
0.0
0.0
0.0
0.0
0.0
0.0
0.0
