a = 4.980454711608642 b = 4.980454711608642 c = 5.476472096417224 ,Gaussian ,LMH = 0.08 ,DW = [1.2 1.2]
0.0
0.0
0.0
0.0
0.0
0.0
0.0
0.0
0.0
0.0
0.0
0.0
0.0
0.0
0.0
0.0
0.0
0.0
0.0
0.0
0.0
0.0
0.0
0.0
0.0
0.0
0.0
0.0
0.0
0.0
0.0
0.0
0.0
0.0
0.0
0.0
0.0
0.0
0.0
0.0
0.0
0.0
0.0
0.0
0.0
0.0
0.0
0.0
0.0
0.0
0.0
0.0
0.0
0.0
0.0
0.0
0.0
0.0
0.0
0.0
0.0
0.0
0.0
0.0
0.0
0.0
0.0
0.0
0.0
0.0
0.0
0.0
0.0
0.0
0.0
0.0
0.0
0.0
0.0
0.0
0.0
0.0
0.0
0.0
0.0
0.0
0.0
0.0
0.0
0.0
0.0
0.0
0.0
0.0
0.0
0.0
0.0
0.0
0.0
0.0
0.0
0.0
0.0
0.0
0.0
0.0
0.0
0.0
0.0
0.0
0.0
0.0
0.0
0.0
0.0
0.0
0.0
0.0
0.0
0.0
0.0
0.0
0.0
0.0
0.0
0.0
0.0
0.0
0.0
0.0
0.0
0.0
0.0
0.0
0.0
0.0
0.0
0.0
0.0
0.0
0.0
0.0
0.0
0.0
0.0
0.0
0.0
0.0
0.0
0.0
0.0
0.0
0.0
0.0
0.0
0.0
0.0
0.0
0.0
0.0
0.0
0.0
0.0
0.0
0.0
0.0
0.0
0.0
0.0
0.0
0.0
0.0
0.0
0.0
0.0
0.0
0.0
0.0
0.0
0.0
0.0
0.0
0.0
0.0
0.0
0.0
0.0
0.0
0.0
0.0
0.0
0.0
0.0
0.0
0.0
0.0
0.0
0.0
0.0
0.0
0.0
0.0
0.0
0.0
0.0
0.0
0.0
0.0
0.0
0.0
0.0
0.0
0.0
0.0
0.0
0.0
0.0
0.0
0.0
0.0
0.0
0.0
0.0
0.0
0.0
0.0
0.0
0.0
0.0
0.0
0.0
0.0
0.0
0.0
0.0
0.0
0.0
0.0
0.0
0.0
0.0
0.0
0.0
0.0
0.0
0.0
0.0
0.0
0.0
0.0
0.0
0.0
0.0
0.0
0.0
0.0
0.0
0.0
0.0
0.0
0.0
0.0
0.0
0.0
0.0
0.0
0.0
0.0
0.0
0.0
0.0
0.0
0.0
0.0
0.0
0.0
0.0
0.0
0.0
0.0
0.0
0.0
0.0
0.0
0.0
0.0
0.0
0.0
0.0
0.0
0.0
0.0
0.0
0.0
0.0
0.0
0.0
0.0
0.0
0.0
0.0
0.0
0.0
0.0
0.0
0.0
0.0
0.0
0.0
0.0
0.0
0.0
0.0
0.0
0.0
0.0
0.0
0.0
0.0
0.0
0.0
0.0
0.0
0.0
0.0
0.0
0.0
0.0
0.0
0.0
0.0
0.0
0.0
0.0
0.0
0.0
0.0
0.0
0.0
0.0
0.0
0.0
0.0
0.0
0.0
0.0
0.0
0.0
0.0
0.0
0.0
0.0
0.0
0.0
0.0
0.0
0.0
0.0
0.0
0.0
0.0
0.0
0.0
0.0
0.0
0.0
0.0
0.0
0.0
0.0
0.0
0.0
0.0
0.0
0.0
0.0
0.0
0.0
0.0
0.0
0.0
0.0
0.0
0.0
0.0
0.0
0.0
0.0
0.0
0.0
0.0
0.0
0.0
0.0
0.0
0.0
0.0
0.0
0.0
0.0
0.0
0.0
0.0
0.0
0.0
0.0
8.203641970854689e-35
6.1820591151362365e-34
3.104853814329263e-33
1.0392755467059952e-32
2.3184717510607146e-32
3.447104558609926e-32
3.4157702604879146e-32
2.255819764616044e-32
9.928912652292439e-33
2.912597892384129e-33
5.694307552624282e-34
7.419640397175429e-35
6.443270178464665e-36
3.729163081619033e-37
1.438460556838289e-38
3.697993026223685e-40
6.33600871535956e-42
7.235140885704679e-44
5.506298699657446e-46
1.7004706611220063e-47
6.580887977410948e-50
1.697389069438151e-52
2.917829107432834e-55
3.3428728019814376e-58
2.5524744255413207e-61
1.2989262548373904e-64
4.405438462239968e-68
9.958073588259905e-72
0.0
0.0
0.0
0.0
0.0
0.0
0.0
0.0
0.0
0.0
0.0
0.0
0.0
0.0
0.0
0.0
0.0
0.0
0.0
0.0
0.0
0.0
0.0
0.0
0.0
0.0
0.0
0.0
0.0
0.0
0.0
0.0
0.0
0.0
0.0
0.0
0.0
0.0
0.0
0.0
0.0
0.0
0.0
0.0
0.0
0.0
0.0
0.0
0.0
0.0
0.0
0.0
0.0
0.0
0.0
0.0
0.0
0.0
0.0
0.0
0.0
0.0
0.0
0.0
0.0
0.0
0.0
0.0
0.0
0.0
0.0
0.0
0.0
0.0
0.0
0.0
0.0
0.0
0.0
0.0
0.0
0.0
0.0
0.0
0.0
0.0
0.0
0.0
0.0
0.0
0.0
0.0
0.0
0.0
0.0
0.0
0.0
0.0
0.0
0.0
0.0
0.0
0.0
0.0
0.0
0.0
0.0
0.0
0.0
0.0
0.0
0.0
0.0
0.0
0.0
0.0
0.0
0.0
0.0
0.0
0.0
0.0006154717326807536
0.004472364085000889
0.02165946570121729
0.06991009226733348
0.15038813017079644
0.2156099466593546
0.20601819262301538
0.13119699918513003
0.05568314787411417
0.01575089382749412
0.0029693963988601294
0.0003730892186095723
3.124199574970673e-05
1.7435980996026245e-06
6.485381870826566e-08
1.6077046489588327e-09
2.6561862866303324e-11
2.924774185808442e-13
2.146385372268097e-15
1.0497952589459303e-17
3.4220240893477467e-20
7.434351072951446e-23
1.0764270868986604e-25
1.038742061155603e-28
8.096375542959768e-31
3.9729795034513376e-34
1.2993422277516252e-37
2.8321244254682773e-41
0.0
0.0
0.0
0.0
0.0
0.0
0.0
0.0
0.0
0.0
0.0
0.0
0.0
0.0
0.0
0.0
0.0
0.0
0.0
0.0
0.0
0.0
0.0
0.0
0.0
0.0
0.0
0.0
0.0
0.0
0.0
0.0
0.0
0.0
0.0
0.0
0.0
0.0
0.0
0.0
0.0
0.0
0.0
0.0
0.0
0.0
0.0
0.0
0.0
0.0
0.0
0.0
0.0
0.0
0.0
0.0
0.0
0.0
0.0
0.0
0.0
0.0
0.0
0.0
0.0
0.0
0.0
0.0
0.0
0.0
0.0
0.0
0.0
0.0
0.0
0.0
0.0
0.0
0.0
0.0
0.0
0.0
0.0
0.0
0.0
0.0
0.0
0.0
0.0
0.0
0.0
0.0
0.0
0.0
0.0
0.0
0.0
0.0
0.0
0.0
0.0
0.0
0.0
0.0
0.0
0.0
0.0
0.0
0.0
0.0
0.0
0.0
0.0
0.0
0.0
0.0
0.0
0.0
0.0
0.0
0.0
0.0
0.0
0.0
0.0
0.0
0.0
0.0
0.0
0.0
0.0
0.0
0.0
0.0
0.0
0.0
0.0
0.0
0.0
0.0
0.0
0.0
0.0
0.0
0.0
0.0
0.0
0.0
0.0
0.0
0.0
0.0
0.0
0.0
0.0
0.0
0.0
0.0
0.0
0.0
0.0
0.0
0.0
0.0
0.000634915935137611
0.005972318845980527
0.037441332116776985
0.15643760077590244
0.43562475343003154
0.8084729628773407
1.0
0.8243583617054048
0.4529118076652704
0.16584133571424584
0.04047188934790789
0.006582573533010319
0.0015655180267817358
0.0001294800604183002
7.137222930464094e-06
2.6220271181262265e-07
6.419876065072967e-09
1.0476052289001907e-10
1.1393317993527588e-12
8.258179692789772e-15
3.9893302164432977e-17
1.2843908190927146e-19
2.755979271442737e-22
3.9412705593065237e-25
3.756454214784006e-28
2.386170645051055e-31
1.0101978634774117e-34
2.850315541660608e-38
0.0
0.0
0.0
0.0
0.0
0.0
0.0
0.0
0.0
0.0
0.0
0.0
0.0
0.0
0.0
0.0
0.0
0.0
0.0
0.0
0.0
0.0
0.0
0.0
0.0
0.0
0.0
0.0
0.0
0.0
0.0
0.0
0.0
0.0
0.0
0.0
0.0
0.0
0.0
0.0
0.0
0.0
0.0
0.0
0.0
0.0
0.0
0.0
0.0
0.0
0.0
0.0
0.0
0.0
0.0
0.0
0.0
0.0
0.0
0.0
0.0
0.0
0.0
0.0
0.0
0.0
0.0
0.0
0.0
0.0
0.0
0.0
0.0
0.0
0.0
0.0
0.0
0.0
0.0
0.0
0.0
0.0
0.0
0.0
0.0
0.0
0.0
0.0
0.0
0.0
0.0
0.0
0.0
0.0
0.0
0.0
0.0
0.0
0.0
0.0
0.0
0.0
0.0
0.0
0.0
0.0
0.0
0.0
0.0
0.0
0.0
0.0
0.0
0.0
0.0
0.0
0.0
0.0
0.0
0.0
0.0
0.0
0.0
0.0
0.0
0.0
0.0
0.0
0.0
0.0
0.0
0.0
0.0
0.0
0.0
0.0
0.0
0.0
0.0
0.0
0.0
0.0
0.0
0.0
0.0
0.0
0.0
0.0
0.0
0.0
0.0
0.0
0.0
0.0
0.0
0.0
0.0
0.0
0.0
0.0
0.0
0.0
0.0
0.0
0.0
0.0
0.0
0.0
0.0
0.0
0.0
0.0
0.0
0.0
0.0
0.0
0.0
0.0
0.0
0.0
0.0
0.0
0.0
0.0
0.0
0.0
0.0
0.0
0.0
2.7315412854300025e-35
9.941794125901454e-35
4.9226793800225665e-34
1.6245006288240237e-33
3.5728909838136986e-33
5.237224547343355e-33
5.1163962572699715e-33
3.331261292285176e-33
1.4455555075575199e-33
4.180636375879289e-34
8.05807983068599e-35
1.0351476113751643e-35
8.862465370893516e-37
5.056946585092656e-38
1.9231082441298922e-39
4.874169649883449e-41
8.233397833429557e-43
9.269132891105522e-45
6.954736252718956e-47
3.477793319900435e-49
1.1590666804221597e-51
2.5745102308358163e-54
3.8112055375425353e-57
3.760206257556969e-60
2.472535370233978e-63
1.0835648449265316e-66
4.989963421435103e-69
1.1120193279545822e-72
0.0
0.0
0.0
0.0
0.0
0.0
0.0
0.0
0.0
0.0
0.0
0.0
0.0
0.0
0.0
0.0
0.0
0.0
0.0
0.0
0.0
0.0
0.0
0.0
0.0
0.0
0.0
0.0
0.0
0.0
0.0
0.0
0.0
0.0
0.0
0.0
0.0
0.0
0.0
0.0
0.0
0.0
0.0
0.0
0.0
0.0
0.0
0.0
0.0
0.0
0.0
0.0
0.0
0.0
0.0
0.0
0.0
0.0
0.0
0.0
0.0
0.0
0.0
0.0
0.0
0.0
0.0
0.0
0.0
0.0
0.0
0.0
0.0
0.0
0.0
0.0
0.0
0.0
0.0
0.0
0.0
0.0
0.0
0.0
0.0
5.015011460381621e-05
0.00044648913436502003
0.002649301633994738
0.010476916156254583
0.027613221564367248
0.04850452266748647
0.056784386847046175
0.04430545433919009
0.02303917886766596
0.007984695277190814
0.0018442986358509063
0.0002839132698864324
2.912873914517281e-05
1.991770195051854e-06
9.076916083854431e-08
2.756886963383512e-09
2.1421024900416724e-10
3.308441544524822e-12
3.405557626417498e-14
2.336331957503636e-16
1.0682242031545245e-18
3.255156146822639e-21
6.610933471283721e-24
8.948192027635109e-27
8.072152395341855e-30
4.853163889948407e-33
1.944652968503074e-36
5.19326892516956e-40
0.0
0.0
0.0
0.0
0.0
0.0
0.0
0.0
0.0
0.0
0.0
0.0
0.0
0.0
0.0
0.0
0.0
0.0
0.0
0.0
0.0
0.0
0.0
0.0
0.0
0.0
0.0
0.0
0.0
0.0
0.0
0.0
0.0
0.0
0.0
0.0
0.0
0.0
0.0
0.0
0.0
0.0
0.0
0.0
0.0
0.0
0.0
0.0
0.0
0.0
0.0
0.0
0.0
0.0
0.0
0.0
0.0
0.0
0.0
0.0
0.0
0.0
0.0
0.0
0.0
0.0
0.0
0.0
0.0
0.0
8.088208205923754e-05
0.0006535444376362283
0.0035194878582395237
0.012631803700189133
0.0302157106539103
0.048170572313181705
0.05118142195086781
0.03624302487044093
0.01710480292556679
0.005380136083333898
0.0011278464964929304
0.00015757534878821868
1.4672634780928164e-05
9.105619246827553e-07
3.766104904713085e-08
1.0381423025079576e-09
1.9072293060954807e-11
2.3352344175426266e-13
1.9056344809910942e-15
1.0364068392658115e-17
3.7566651521091464e-20
7.07540803315022e-22
1.3041462191390013e-24
1.6020742169659926e-27
1.3116577324413374e-30
7.157147452677179e-34
2.6028009332197458e-37
2.7940483308676937e-05
0.0002350726806782897
0.001318110907164148
0.004925873967225698
0.012268633305127527
0.020365291209002847
0.022530281149733544
0.016612085054352167
0.008163252482473116
0.0026735226038192756
0.0005835607041851383
8.489258678179846e-05
8.230667225300424e-06
5.318410644948286e-07
2.2903942207551662e-08
6.573855589451284e-10
1.2575105232680022e-11
1.6031887062633888e-13
1.3621947737098193e-15
7.713923415011516e-18
1.9561414616392105e-19
5.632989630164268e-22
1.081083386372886e-24
1.382805133517161e-27
1.1788113836557272e-30
6.6974457938850076e-34
2.536037328159781e-37
6.400053792254952e-41
0.0
0.0
0.0
0.0
0.0
0.0
0.0
0.0
0.0
0.0
0.0
0.0
0.0
0.0
0.0
0.0
0.0
0.0
0.0
0.0
0.0
0.0
0.0
0.0
0.0
0.0
0.0
0.0
0.0
0.0
0.0
0.0
0.0
0.0
0.0
0.0
0.0
0.0
0.0
0.0
0.0
0.0
0.0
0.0
5.586140751501569e-05
0.000446453740980189
0.0023780588984460517
0.00844209617260073
0.019973746427982827
0.03149563124467331
0.03309959273570122
0.023183368131094437
0.010822110424392826
0.003366890084789571
0.0006981157957269105
9.64733897944249e-05
8.88523995570474e-06
5.453964808596795e-07
2.2311925441113058e-08
6.083357184520084e-10
1.1054297078632819e-11
1.3387531171657898e-13
1.0805662689860617e-15
5.812779729586776e-18
2.0840007638993423e-20
4.9795882074925055e-23
7.92995155082915e-26
8.416454623075201e-29
5.953459270414582e-32
3.7725098345852143e-34
1.3569791084199637e-37
3.2531005755883176e-41
0.0
0.0
0.0
0.0
0.0
0.0
0.0
0.0
0.0
0.0
0.0
0.0
0.0
0.0
0.0
0.0
0.0
0.0
0.0
0.0
0.0
0.0
0.0
0.0
0.0
0.0
0.0
0.0
0.0
0.0
0.0
0.0
0.0
0.0
0.0
0.0
0.0
0.0
0.0
0.0
0.0
0.0
0.0
0.0
0.0
0.0
0.0
0.0
0.0
0.0
0.0
0.0
0.0
0.0
0.0
0.0
0.0
0.0
0.0
0.0
0.0
0.0
0.0
0.0
0.0
0.0
0.0
0.0
0.0
0.0
0.0
0.0
0.0
0.0
0.0
0.0
0.0
0.0
0.0
0.0
0.0
0.0
0.0
1.9059809764324637e-05
0.00016710590911690195
0.0009764423370447556
0.0038026201370853392
0.009869629143068983
0.01707262388145273
0.01968254529228609
0.015123203441914928
0.007744401806942329
0.002643099478250499
0.000601202376304732
9.114008226127011e-05
9.208304925121203e-06
6.200568593948496e-07
2.7826903923059098e-08
8.322998359549742e-10
1.6591141898208124e-11
9.73587038853571e-13
9.869015534528753e-15
6.667368052827925e-17
3.0020406948745592e-19
9.00866150110495e-22
1.801712578026131e-24
2.401553690214086e-27
2.1334410072673183e-30
1.263137197946776e-33
4.9842745803865575e-37
1.3107955006945546e-40
0.0
0.0
0.0
0.0
0.0
0.0
0.0
0.0
0.0
0.0
0.0
0.0
0.0
0.0
0.0
0.0
0.0
0.0
0.0
0.0
0.0
0.0
0.0
0.0
0.0
0.0
0.0
0.0
0.0
0.0
0.0
0.0
0.0
0.0
0.0
0.0
0.0
0.0
0.0
0.0
0.0
0.0
0.0
0.0
0.0
0.0
0.0
0.0
0.0
0.0
0.0
0.0
0.0
0.0
0.0
0.0
0.0
0.0
0.0
0.0
0.0
0.0
0.0
0.0
0.0
0.0
0.0
0.0
0.0
0.0
0.0
0.0
0.0
0.0
0.0
0.0
0.0
0.0
0.0
0.0
0.0
0.0
0.0
0.0
0.0
0.0
0.0
0.0
0.0
0.0
0.0
0.0
0.0
0.0
0.0
0.0
0.0
0.0
0.0
0.0
0.0
0.0
0.0
0.0
0.0
0.0
0.0
0.0
0.0
0.0
0.0
0.0
0.0
0.0
0.0
0.0
0.0
8.26790734242892e-05
0.0006961498792740498
0.003906532588954451
0.014610386313234476
0.036417782272277
0.0604988109589036
0.06698255839082977
0.0494263080684198
0.024307268616390255
0.007967016142681678
0.0017403507394223709
0.00025337246422503187
2.458462547670799e-05
1.5898250152741327e-06
6.851988160573199e-08
1.9681827892425085e-09
1.0349354649385243e-06
9.567192454288566e-06
5.8945827294035556e-05
0.0002420489451077019
0.0006624221858178895
0.0012082257651557856
0.001468733038533229
0.0011899238901680322
0.0006425057991180084
0.00023121524627465527
9.337062634365943e-05
1.7086466858121568e-05
2.083894906401473e-06
1.6938732356126474e-07
9.176298804344379e-09
3.3131090901502645e-10
7.972333784874902e-12
1.278547180819362e-13
1.3665627946997315e-15
9.734731435901445e-18
4.621680346881776e-20
1.4623703836160906e-22
3.0838724664323007e-25
4.334280202698969e-28
4.05993524784205e-31
2.5345611758094643e-34
1.054551994325993e-37
2.92425179240798e-41
0.0
0.0
0.0
0.0
0.0
0.0
0.0
0.0
0.0
0.0
0.0
0.0
0.0
0.0
0.0
0.0
0.0
0.0
0.0
0.0
0.0
0.0
0.0
0.0
0.0
0.0
0.0
0.0
0.0
0.0
0.0
0.0
0.0
0.0
0.0
0.0
0.0
0.0
0.0
0.0
0.0
0.0
0.0
0.0
0.0
0.0
0.0
0.0
0.0
0.0
0.0
0.0
0.0
0.0
0.0
0.0
0.0
0.0
0.0
0.0
0.0
0.0
0.0
0.0
0.0
0.0
0.0
0.0
0.0
0.0
0.0
0.0
0.0
0.0
0.0
0.0
0.0
0.0
0.0
0.0
0.0
0.0
0.0
0.0
0.0
0.0
0.0
0.0
0.0
0.0
0.0
0.0
0.0
0.0
0.0
0.0
0.0
0.0
0.0
0.0
0.0
0.0
0.0
0.0
0.0
0.0
0.0
0.0
0.0
0.0
0.0
0.0
0.0
0.0
0.00010190786875611327
0.0006477925599827032
0.002744389446563226
0.007748846781298435
0.014581760299299945
0.01828792299069423
0.015286229017326534
0.008515651654488907
0.003161673081362639
0.0007823436894687083
0.00012902080705295472
1.4180889492953334e-05
1.0387923422810884e-06
5.071489777051021e-08
1.6501518761170471e-09
2.600304094378008e-05
0.0001818115779158625
0.0008472295124099794
0.0026312503114324314
0.0054463406535284415
0.007513269845010711
0.006907719925429141
0.00521322020584399
0.002437330278865426
0.0007594588473744724
0.0001577159644596312
2.182873730956418e-05
2.013553258410714e-06
1.2378817949895409e-07
5.071971202022127e-09
1.3850196347358627e-10
2.5206736971821157e-12
3.0574465762166307e-14
2.4716255327391395e-16
1.3316436330317436e-18
4.781618345703969e-21
1.1443090942023623e-23
1.825128042595828e-26
1.9401033907305135e-29
1.3744785276177358e-32
6.489819121461446e-36
2.0422493851583004e-39
4.283181750767648e-43
0.0
0.0
0.0
0.0
0.0
0.0
0.0
0.0
0.0
0.0
0.0
0.0
0.0
0.0
0.0
0.0
0.0
0.0
0.0
0.0
0.0
0.0
0.0
0.0
0.0
0.0
0.0
0.0
0.0
0.0
0.0
0.0
0.0
0.0
0.0
6.1640892510829085e-06
3.948739071425437e-05
0.00016858910448616367
0.0004797136969632851
0.0009097378874886375
0.0011498256521659204
0.0009685660740135363
0.0005437610063802288
0.000203455023115699
5.07353102886423e-05
8.432061649025637e-06
9.339825746185363e-07
6.894857937556502e-08
3.3922934924869774e-09
1.1123541113518511e-10
2.430940099699727e-12
3.5406826191915325e-14
3.4370139017140344e-16
2.223602361422152e-18
9.587701681167342e-21
2.7552020114659573e-23
4.445086975581028e-25
6.495637458921511e-28
6.326228004826157e-31
4.106288428730184e-34
1.7763789181446885e-37
5.121572414917636e-41
9.841302316130787e-45
0.0
0.0
0.0
0.0
0.0
0.0
0.0
0.0
0.0
0.0
0.0
0.0
0.0
0.0
0.0
0.0
0.0
0.0
0.0
0.0
0.0
0.0
0.0
0.0
0.0
0.0
0.0
0.0
0.0
0.0
0.0
0.0
0.0
0.0
0.0
0.0
0.0
0.0
0.0
0.0
0.0
0.0
0.0
0.0
0.0
0.0
0.0
0.0
0.0
0.0
0.0
0.0
0.0
0.0
0.0
0.0
0.0
0.0
0.0
0.0
0.0
0.0
7.112325186494905e-05
0.0005510326022992566
0.0028452768685380482
0.009791592241163147
0.02245761612640304
0.03432855609384107
0.034972684315971565
0.0237456436905285
0.01074534772660149
0.005055285478037814
0.0011632814247989254
0.0001784043539741915
1.8235079168139167e-05
1.2421996579895239e-06
5.639709130491676e-08
1.706489240070826e-09
3.441374616330241e-11
4.625321186775997e-13
4.143176064677172e-15
2.4734687646320725e-17
9.841493724874348e-20
2.609739491993907e-22
4.612271282120908e-25
5.432679411032028e-28
4.264762588595718e-31
2.231296017339213e-34
7.780384659748436e-38
1.8081168595599038e-41
0.0
0.0
0.0
0.0
0.0
0.0
0.0
0.0
0.0
0.0
0.0
0.0
0.0
0.0
0.0
0.0
0.0
0.0
0.0
0.0
0.0
0.0
0.0
0.0
0.0
0.0
0.0
0.0
0.0
0.0
0.0
0.0
0.0
0.0
0.0
0.0
0.0
0.0
0.0
0.0
0.0
0.0
0.0
0.0
0.0
0.0
0.0
0.0
0.0
0.0
0.0
0.0
0.0
0.0
0.0
0.0
0.0
0.0
0.0
0.0
0.0
0.0
0.0
0.0
0.0
0.0
0.0
0.0
0.0
0.0
0.0
0.0
0.0
0.0
0.0
0.0
0.0
0.0
0.0
0.0
0.0
0.0
0.0
0.0
0.0
0.0
0.0
0.0
0.0
0.0
0.0
0.0
0.0
0.0
0.0
0.0
0.0
0.0
0.0
0.0
0.0
0.0
0.0
0.0
0.0
0.0
0.0
0.0
1.9983389800945426e-05
7.700392532285523e-05
0.00041536482021611767
0.0014932348095501383
0.003577734001312509
0.0057130699226095455
0.006080125991347831
0.004312580017298171
0.0020386529590626407
0.0006422897417047686
0.0001348652984549554
1.887343709870707e-05
1.7602863710458727e-06
1.0942012412382956e-07
4.533072112455082e-09
1.2516116615105003e-10
2.3031812805186068e-12
2.824673082999871e-14
2.3088185816824326e-16
1.2577460867691534e-18
4.56643929594845e-21
1.1049533701303522e-23
1.7819346021240454e-26
1.9152308106198597e-29
1.3719302320519494e-32
6.549746346096834e-36
2.0840036935754406e-39
7.752623259419194e-42
0.0
0.0
0.0
0.0
0.0
0.0
0.0
0.0
0.0
0.0
0.0
0.0
0.0
0.0
0.0
0.0
0.0
0.0
0.0
0.0
0.0
0.0
0.0
0.0
0.0
0.0
0.0
0.0
0.0
1.0491376377493392e-06
9.702292810358201e-06
5.979953888483864e-05
0.0002456421224495545
0.0006724955199055871
0.0012270365459213215
0.0014921316710377493
0.0012093119580837634
0.0006532073973827103
0.00023515022008121605
5.641846070997686e-05
9.021497321290397e-06
9.614297669952775e-07
6.828700292570908e-08
3.232511572635937e-09
1.0198203472952582e-10
2.1443160942467473e-12
3.0049377935415125e-14
2.806491394075444e-16
1.7469219104022415e-18
7.247109397508472e-21
1.4934587354799911e-22
3.1505554894383703e-25
4.429580379676854e-28
4.150683215386219e-31
2.5921381207899386e-34
1.0788926571318333e-37
2.992815082601492e-41
0.0
0.0
0.0
0.0
0.0
0.0
0.0
0.0
0.0
0.0
0.0
0.0
0.0
0.0
0.0
0.0
0.0
0.0
0.0
0.0
0.0
0.0
0.0
0.0
0.0
0.0
0.0
0.0
0.0
0.0
0.0
0.0
0.0
0.0
0.0
0.0
0.0
1.1792616549396954e-05
0.00011046424910946432
0.000689627959156398
0.0028693896301336553
0.007956933648773515
0.014705625332996495
0.018113517934088167
0.01486974983510703
0.010405711001306677
0.004343853771609909
0.0012085376432400669
0.00022409218729865262
2.7693305537145176e-05
2.280890450914111e-06
2.365475102907092e-05
0.00020204718960017593
0.0011562558586962436
0.004410079198124255
0.011210382242106878
0.019007557740159307
0.021574959145449622
0.016879022210698584
0.010900725834373418
0.009787035439158648
0.01250884341943628
0.013430402383995229
0.009971644470420175
0.0049591675452710475
0.0016448360621485667
0.0003636273069930406
5.357682926158141e-05
5.261138687880905e-06
3.443214910693867e-07
4.463284644614733e-08
1.4853936339118296e-09
3.294656034108191e-11
4.870349760422792e-13
4.7983483038162e-15
3.150684643922413e-17
1.3787948457251544e-19
4.021387414561653e-22
7.816885053949939e-25
1.0126819875918864e-27
8.743674726762125e-31
5.031488089776592e-34
1.92965848344023e-37
4.932260493105058e-41
0.0
0.0
0.0
0.0
0.0
0.0
0.0
0.0
0.0
0.0
0.0
0.0
0.0
2.1139732872037983e-37
1.6253746219538208e-36
8.32892597350284e-36
2.84450091585076e-35
6.474477141607923e-35
9.821659506043376e-35
9.929939316104817e-35
6.690982022198184e-35
3.004793836305523e-35
8.993340664634245e-36
1.7939443132750894e-36
2.3849452799834945e-37
2.1131456326550473e-38
1.2478488589937752e-39
4.911069634945105e-41
1.2881657449844064e-42
2.2518992093129704e-44
2.6236608742909124e-46
2.0372672206041532e-48
1.0543136864841954e-50
3.6364133151753723e-53
8.359074242653829e-56
1.280632956201845e-58
1.3075933808377494e-61
8.898202833914715e-65
5.494854787992912e-67
1.9014652281411466e-70
4.3853282250393296e-74
0.0
0.0
0.0
0.0
0.0
0.0
0.0
0.0
0.0
0.0
0.0
0.0
0.0
0.0
0.0
0.0
0.0
0.0
0.0
0.0
0.0
0.0
0.0
0.0
0.0
0.0
0.0
0.0
0.0
0.0
0.0
0.0
0.0
0.0
0.0
0.0
0.0
0.0
0.0
0.0
0.0
0.0
0.0
0.0
0.0
0.0
0.0
0.0
0.0
0.0
0.0
0.0
0.0
0.0
0.0
0.0
0.0
0.0
0.0
0.0
0.0
0.0
0.0
0.0
0.0
0.0
0.0
0.0
0.0
0.0
0.0
0.0
0.0
0.0
0.0
0.0
0.0
0.0
0.0
0.0
0.0
0.0
0.0
0.0
0.0
0.0
0.0
0.0
0.0
0.0
0.0
0.0
0.0
0.0
0.0
0.0
0.0
0.0
0.0
0.0
0.0
0.0
0.0
9.012319728615006e-06
7.372878540532626e-05
0.0004019935791983406
0.0014607728940661793
0.003537755663323801
0.005710242030830044
0.006142748663087514
0.004404052869916273
0.002104378470877739
0.0006701572561768305
0.00014223652936081336
2.0119960205379348e-05
1.8968135187812239e-06
1.1918008841229935e-07
4.990732797492239e-09
1.3928568420075806e-10
2.590777957957763e-12
3.211703561048721e-14
2.653519363923857e-16
1.461135919884314e-18
5.362169298329859e-21
1.3115111110566767e-23
1.900321736830492e-25
2.363530270966243e-28
1.9591908775891594e-31
1.0823653463534786e-34
3.9852223438753637e-38
9.779412881958251e-42
0.0
0.0
0.0
0.0
0.0
0.0
0.0
0.0
0.0
0.0
0.0
0.0
0.0
0.0
0.0
0.0
0.0
0.0
0.0
0.0
0.0
0.0
0.0
0.0
0.0
0.0
0.0
0.0
0.0
0.0
0.0
0.0
0.0
0.0
0.0
0.0
0.0
0.0
0.0
0.0
0.0
0.0
0.0
0.0
3.3250452764497445e-05
0.0002215056365935987
0.0006259559730886443
0.0021204771015146165
0.004787457528481762
0.007203736680253604
0.007224241791570538
0.004828455852534922
0.0021508286105864955
0.0006385352731875199
0.00012634135471222
1.6660487837902886e-05
1.4642372350057062e-06
8.576631040773715e-08
3.3481395929187473e-09
8.711078629869616e-11
1.5105039293164697e-12
1.745634566190505e-14
1.3445171766904015e-16
6.90177703177928e-19
2.3612232078039245e-21
5.383871794627744e-24
8.181518639493116e-27
8.286186176877188e-30
5.593156842651321e-33
2.516175081680892e-36
7.544079640604662e-40
2.6974333924639758e-42
0.0
0.0
0.0
0.0
0.0
0.0
0.0
0.0
0.0
0.0
0.0
0.0
0.0
0.0
0.0
0.0
0.0
0.0
0.0
0.0
0.0
0.0
0.0
0.0
0.0
0.0
0.0
0.0
0.0
0.0
0.0
0.0
0.0
0.0
0.0
0.0
0.0
0.0
7.277687089407192e-06
5.667688502462301e-05
0.00029417117555848347
0.0010175969741437203
0.0023460272159985013
0.0036047224664534864
0.0036914090172332345
0.002519382175508469
0.0011459811769128734
0.0003474101192701555
7.019222230913233e-05
9.451855400736616e-06
8.482555181923285e-07
1.3571691218517757e-07
6.193643083741432e-09
1.8838222761012402e-10
3.818697258339685e-12
5.159077820355579e-14
4.645264809481211e-16
2.7875997855369036e-18
1.1148897340889661e-20
2.971768388880106e-23
5.279338989139223e-26
6.250657285224908e-29
4.932344185351864e-32
2.593956027039309e-35
9.091873673284245e-39
2.1238592103711594e-42
0.0
0.0
0.0
0.0
0.0
0.0
0.0
0.0
0.0
0.0
0.0
0.0
0.0
0.0
0.0
0.0
0.0
0.0
0.0
0.0
0.0
0.0
0.0
0.0
0.0
0.0
0.0
0.0
0.0
0.0
0.0
0.0
0.0
0.0
0.0
0.0
0.0
0.0
0.0
0.0
0.0
0.0
0.0
0.0
0.0
0.0
2.253616101536821e-05
0.00016160991478008684
0.0007723917275818582
0.002460304010180994
0.005224291772408032
0.007401911393079177
0.007044439719964158
0.004699096906365544
0.00273013774810167
0.0021848067765232555
0.0021769495193346977
0.0017383560810305394
0.0009553569535077424
0.00035165252259841494
8.633053873560584e-05
1.4126830840147547e-05
3.3734195981885456e-06
2.8071222452227855e-07
1.5568047160709923e-08
5.754247592570439e-10
1.4175046942193882e-11
2.3272445185756426e-13
2.5464847207929423e-15
1.857041809397755e-17
9.025761150873483e-20
2.923664536114097e-22
6.3117936365748285e-25
9.081541896104414e-28
8.70859188789539e-31
5.565674896137074e-34
2.3706600372885374e-37
6.729801756075771e-41
0.0
0.0
0.0
0.0
0.0
0.0
0.0
0.0
0.0
0.0
0.0
1.3303021352680467e-05
0.0001009631546988317
0.0005106896829104271
0.0017216021823724204
0.003868032130850741
0.005792004487816114
0.005780285033261928
0.0038446000532983177
0.0017042552042884785
0.0005035001894722789
9.913937939989644e-05
1.3009910286354998e-05
1.1378472278600244e-06
6.63246791867562e-08
2.5766053745785015e-09
6.671173058462794e-11
1.1511662639671218e-12
1.3239008123514135e-14
1.0147390925973195e-16
5.183640604556885e-19
1.7648058010143846e-21
4.0044281931356224e-24
6.0557180464439255e-27
6.1034069846072244e-30
4.897160221699826e-32
2.5098835812746913e-35
8.57322832552088e-39
1.9517165775463094e-42
0.0
0.0
0.0
0.0
0.0
0.0
0.0
0.0
0.0
0.0
0.0
0.0
0.0
0.0
0.0
0.0
0.0
0.0
0.0
0.0
0.0
0.0
0.0
0.0
0.0
0.0
0.0
0.0
0.0
0.0
0.0
0.0
0.0
0.0
0.0
0.0
0.0
0.0
0.0
0.0
0.0
0.0
0.0
0.0
0.0
0.0
0.0
0.0
0.0
0.0
0.0
0.0
0.0
0.0
0.0
0.0
0.0
0.0
0.0
0.0
0.0
0.0
0.0
0.0
0.0
0.0
0.0
0.0
0.0
0.0
0.0
0.0
0.0
0.0
0.0
0.0
0.0
0.0
0.0
0.0
0.0
0.0
0.0
0.0
0.0
0.0
0.0
0.0
0.0
0.0
0.0
0.0
0.0
0.0
0.0
0.0
0.0
0.0
0.0
0.0
0.0
0.0
0.0
0.0
0.0
0.0
0.0
0.0
0.0
0.0
0.0
0.0
0.0
0.0
0.0
0.0
0.0
0.0
0.0
0.0
0.0
0.0
0.0
0.0
0.0
0.0
0.0
0.0
0.0
0.0
0.0
0.0
0.0
0.0
0.0
0.0
0.0
0.0
0.0
0.0
0.0
0.0
0.0
0.0
0.0
0.0
0.0
0.0
0.0
0.0
0.0
0.0
0.0
0.0
0.0
0.0
0.0
0.0
0.0
0.0
0.0
0.0
0.0
0.0
0.0
0.0
0.0
0.0
0.0
0.0
0.0
0.0
0.0
0.0
0.0
0.0
0.0
0.0
0.0
0.0
0.0
0.0
0.0
0.0
0.0
0.0
0.0
0.0
0.0
0.0
0.0
0.0
0.0
0.0
0.0
0.0
0.0
0.0
0.0
0.0
0.0
0.0
0.0
0.0
0.0
0.0
0.0
0.0
0.0
0.0
0.0
0.0
0.0
0.0
0.0
0.0
0.0
0.0
0.0
0.0
0.0
0.0
0.0
0.0
0.0
0.0
0.0
0.0
0.0
0.0
0.0
0.0
0.0
0.0
0.0
0.0
0.0
0.0
0.0
0.0
0.0
0.0
0.0
0.0
0.0
0.0
0.0
0.0
0.0
0.0
0.0
0.0
0.0
0.0
0.0
0.0
0.0
0.0
0.0
0.0
0.0
0.0
0.0
0.0
0.0
0.0
0.0
0.0
0.0
0.0
0.0
0.0
0.0
0.0
0.0
0.0
0.0
0.0
0.0
0.0
0.0
0.0
0.0
0.0
0.0
0.0
0.0
0.0
0.0
0.0
0.0
0.0
0.0
0.0
0.0
0.0
0.0
0.0
0.0
0.0
0.0
0.0
0.0
0.0
0.0
0.0
0.0
0.0
0.0
0.0
0.0
0.0
0.0
0.0
0.0
0.0
0.0
