a = 4.980454711608642 b = 4.980454711608642 c = 5.455805630833164 ,Gaussian ,LMH = 0.08 ,DW = [1.8 1.8]
0.0
0.0
0.0
0.0
0.0
0.0
0.0
0.0
0.0
0.0
0.0
0.0
0.0
0.0
0.0
0.0
0.0
0.0
0.0
0.0
0.0
0.0
0.0
0.0
0.0
0.0
0.0
0.0
0.0
0.0
0.0
0.0
0.0
0.0
0.0
0.0
0.0
0.0
0.0
0.0
0.0
0.0
0.0
0.0
0.0
0.0
0.0
0.0
0.0
0.0
0.0
0.0
0.0
0.0
0.0
0.0
0.0
0.0
0.0
0.0
0.0
0.0
0.0
0.0
0.0
0.0
0.0
0.0
0.0
0.0
0.0
0.0
0.0
0.0
0.0
0.0
0.0
0.0
0.0
0.0
0.0
0.0
0.0
0.0
0.0
0.0
0.0
0.0
0.0
0.0
0.0
0.0
0.0
0.0
0.0
0.0
0.0
0.0
0.0
0.0
0.0
0.0
0.0
0.0
0.0
0.0
0.0
0.0
0.0
0.0
0.0
0.0
0.0
0.0
0.0
0.0
0.0
0.0
0.0
0.0
0.0
0.0
0.0
0.0
0.0
0.0
0.0
0.0
0.0
0.0
0.0
0.0
0.0
0.0
0.0
0.0
0.0
0.0
0.0
0.0
0.0
0.0
0.0
0.0
0.0
0.0
0.0
0.0
0.0
0.0
0.0
0.0
0.0
0.0
0.0
0.0
0.0
0.0
0.0
0.0
0.0
0.0
0.0
0.0
0.0
0.0
0.0
0.0
0.0
0.0
0.0
0.0
0.0
0.0
0.0
0.0
0.0
0.0
0.0
0.0
0.0
0.0
0.0
0.0
0.0
0.0
0.0
0.0
0.0
0.0
0.0
0.0
0.0
0.0
0.0
0.0
0.0
0.0
0.0
0.0
0.0
0.0
0.0
0.0
0.0
0.0
0.0
0.0
0.0
0.0
0.0
0.0
0.0
0.0
0.0
0.0
0.0
0.0
0.0
0.0
0.0
0.0
0.0
0.0
0.0
0.0
0.0
0.0
0.0
0.0
0.0
0.0
0.0
0.0
0.0
0.0
0.0
0.0
0.0
0.0
0.0
0.0
0.0
0.0
0.0
0.0
0.0
0.0
0.0
0.0
0.0
0.0
0.0
0.0
0.0
0.0
0.0
0.0
0.0
0.0
0.0
0.0
0.0
0.0
0.0
0.0
0.0
0.0
0.0
0.0
0.0
0.0
0.0
0.0
0.0
0.0
0.0
0.0
0.0
0.0
0.0
0.0
0.0
0.0
0.0
0.0
0.0
0.0
0.0
0.0
0.0
0.0
0.0
0.0
0.0
0.0
0.0
0.0
0.0
0.0
0.0
0.0
0.0
0.0
0.0
0.0
0.0
0.0
0.0
0.0
0.0
0.0
0.0
0.0
0.0
0.0
0.0
0.0
0.0
0.0
0.0
0.0
0.0
0.0
0.0
0.0
0.0
0.0
0.0
0.0
0.0
0.0
0.0
0.0
0.0
0.0
0.0
0.0
0.0
0.0
0.0
0.0
0.0
0.0
0.0
0.0
0.0
0.0
0.0
0.0
0.0
0.0
0.0
0.0
0.0
0.0
0.0
0.0
0.0
0.0
0.0
0.0
0.0
0.0
0.0
0.0
0.0
0.0
0.0
0.0
0.0
0.0
0.0
0.0
0.0
0.0
0.0
0.0
0.0
0.0
0.0
0.0
0.0
0.0
0.0
0.0
0.0
0.0
0.0
0.0
0.0
0.0
0.0
0.0
0.0
0.0
0.0
0.0
0.0
0.0
0.0
0.0
0.0
0.0
0.0
0.0
0.0
0.0
6.875320641300443e-35
5.302948944281967e-34
2.7259851326649917e-33
9.339229937684294e-33
2.132456602204204e-32
3.245120912745311e-32
3.291266982328389e-32
2.2247278473843233e-32
1.0022411203671692e-32
3.009186408349427e-33
6.0215391472146835e-34
8.030590577388342e-35
7.137876078278085e-36
4.228361121523548e-37
1.669385689581266e-38
4.392612062062133e-40
7.703189141447037e-42
4.150208314083662e-43
3.701009399673514e-45
2.199642125568127e-47
8.712953910091446e-50
2.3001722161489353e-52
4.0470338607340535e-55
4.745640886049327e-58
3.708808863467411e-61
1.9317707305695693e-64
6.70591831628036e-68
1.551466793811103e-71
0.0
0.0
0.0
0.0
0.0
0.0
0.0
0.0
0.0
0.0
0.0
0.0
0.0
0.0
0.0
0.0
0.0
0.0
0.0
0.0
0.0
0.0
0.0
0.0
0.0
0.0
0.0
0.0
0.0
0.0
0.0
0.0
0.0
0.0
0.0
0.0
0.0
0.0
0.0
0.0
0.0
0.0
0.0
0.0
0.0
0.0
0.0
0.0
0.0
0.0
0.0
0.0
0.0
0.0
0.0
0.0
0.0
0.0
0.0
0.0
0.0
0.0
0.0
0.0
0.0
0.0
0.0
0.0
0.0
0.0
0.0
0.0
0.0
0.0
0.0
0.0
0.0
0.0
0.0
0.0
0.0
0.0
0.0
0.0
0.0
0.0
0.0
0.0
0.0
0.0
0.0
0.0
0.0
0.0
0.0
0.0
0.0
0.0
0.0
0.0
0.0
0.0
0.0
0.0
0.0
0.0
0.0
0.0
0.0
0.0
0.0
0.0
0.0
0.0
0.0
0.0
0.0
0.0
0.0
0.0006555541044538689
0.0047636251623844675
0.023070030493302623
0.07446296148968905
0.16018210221483214
0.22965146567817282
0.21943505216386489
0.13974115583380453
0.059309492539638055
0.016776665034569132
0.003162777254683442
0.0003973865176905794
3.3276619310921324e-05
1.8571492889428187e-06
6.907739996202779e-08
1.712405826964613e-09
2.8291694483031555e-11
3.115249036306235e-13
2.2861679356116703e-15
1.1181627917186348e-17
3.644882158179544e-20
7.918510470979338e-23
1.1465290077387899e-25
1.1063897584596921e-28
8.623649042774586e-31
4.231718342375244e-34
1.3839614157140118e-37
3.016565494166752e-41
0.0
0.0
0.0
0.0
0.0
0.0
0.0
0.0
0.0
0.0
0.0
0.0
0.0
0.0
0.0
0.0
0.0
0.0
0.0
0.0
0.0
0.0
0.0
0.0
0.0
0.0
0.0
0.0
0.0
0.0
0.0
0.0
0.0
0.0
0.0
0.0
0.0
0.0
0.0
0.0
0.0
0.0
0.0
0.0
0.0
0.0
0.0
0.0
0.0
0.0
0.0
0.0
0.0
0.0
0.0
0.0
0.0
0.0
0.0
0.0
0.0
0.0
0.0
0.0
0.0
0.0
0.0
0.0
0.0
0.0
0.0
0.0
0.0
0.0
0.0
0.0
0.0
0.0
0.0
0.0
0.0
0.0
0.0
0.0
0.0
0.0
0.0
0.0
0.0
0.0
0.0
0.0
0.0
0.0
0.0
0.0
0.0
0.0
0.0
0.0
0.0
0.0
0.0
0.0
0.0
0.0
0.0
0.0
0.0
0.0
0.0
0.0
0.0
0.0
0.0
0.0
0.0
0.0
0.0
0.0
0.0
0.0
0.0
0.0
0.0
0.0
0.0
0.0
0.0
0.0
0.0
0.0
0.0
0.0
0.0
0.0
0.0
0.0
0.0
0.0
0.0
0.0
0.0
0.0
0.0
0.0
0.0
0.0
0.0
0.0
0.0
0.0
0.0
0.0
0.0
0.0
0.0
0.0
0.0
0.0
0.0
0.0
0.0
0.0
0.0
0.0
0.003278005230756246
0.023169924435365436
0.10914934673577562
0.3426882489064913
0.7170655068886052
1.0
0.9294429041114445
0.5757407648768645
0.2376910301754533
0.06540036221075757
0.02208306008824365
0.003089791649936822
0.00028812482859013916
1.7906624299927507e-05
7.417000483367372e-07
2.047502501730645e-08
3.767056404811709e-10
4.61914242311703e-12
3.774871143974088e-14
2.0560063800649397e-16
7.463255895637026e-19
1.805567611032322e-21
2.911258212604372e-24
3.1284501990538236e-27
2.2405741102786734e-30
1.0694757192813566e-33
3.402233314910037e-37
7.213379893025425e-41
0.0
0.0
0.0
0.0
0.0
0.0
0.0
0.0
0.0
0.0
0.0
0.0
0.0
0.0
0.0
0.0
0.0
0.0
0.0
0.0
0.0
0.0
0.0
0.0
0.0
0.0
0.0
0.0
0.0
0.0
0.0
0.0
0.0
0.0
0.0
0.0
0.0
0.0
0.0
0.0
0.0
0.0
0.0
0.0
0.0
0.0
0.0
0.0
0.0
0.0
0.0
0.0
0.0
0.0
0.0
0.0
0.0
0.0
0.0
0.0
0.0
0.0
0.0
0.0
0.0
0.0
0.0
0.0
0.0
0.0
0.0
0.0
0.0
0.0
0.0
0.0
0.0
0.0
0.0
0.0
0.0
0.0
0.0
0.0
0.0
0.0
0.0
0.0
0.0
0.0
0.0
0.0
0.0
0.0
0.0
0.0
0.0
0.0
0.0
0.0
0.0
0.0
0.0
0.0
0.0
0.0
0.0
0.0
0.0
0.0
0.0
0.0
0.0
0.0
0.0
0.0
0.0
0.0
0.0
0.0
0.0
0.0
0.0
0.0
0.0
0.0
0.0
0.0
0.0
0.0
0.0
0.0
0.0
0.0
0.0
0.0
0.0
0.0
0.0
0.0
0.0
0.0
0.0
0.0
0.0
0.0
0.0
0.0
0.0
0.0
0.0
0.0
0.0
0.0
0.0
0.0
0.0
0.0
0.0
0.0
0.0
0.0
0.0
0.0
0.0
0.0
0.0
0.0
0.0
0.0
0.0
0.0
0.0
0.0
0.0
0.0
0.0
0.0
0.0
0.0
0.0
0.0
0.0
0.0
0.0
0.0
0.0
0.0
0.0
0.0
0.0
6.499060976284054e-36
5.335012007261001e-35
2.918782535064469e-34
1.0642646199099274e-33
2.5863009476044015e-33
4.188804015749581e-33
4.5215003802427635e-33
3.2527946752611066e-33
1.559596590980237e-33
4.983672008409299e-34
1.0613733420806496e-34
1.5064976096652716e-35
1.4251161658240534e-36
8.984907995438924e-38
3.775361566260225e-39
1.057267821689278e-40
1.973299595560057e-42
2.454610498759483e-44
2.0349497815351723e-46
1.1243625016323896e-48
4.140383395597617e-51
1.0161464670962218e-53
1.4757099557031168e-55
1.8417019199035083e-58
1.531860517297146e-61
8.491817511983055e-65
3.1373547675071405e-68
7.725171991665501e-72
0.0
0.0
0.0
0.0
0.0
0.0
0.0
0.0
0.0
0.0
0.0
0.0
0.0
0.0
0.0
0.0
0.0
0.0
0.0
0.0
0.0
0.0
0.0
0.0
0.0
0.0
0.0
0.0
0.0
0.0
0.0
0.0
0.0
0.0
0.0
0.0
0.0
0.0
0.0
0.0
0.0
0.0
0.0
0.0
0.0
0.0
0.0
0.0
0.0
0.0
0.0
0.0
0.0
0.0
0.0
0.0
0.0
0.0
0.0
0.0
0.0
0.0
0.0
0.0
0.0
0.0
0.0
0.0
0.0
0.0
0.0
0.0
0.0
0.0
0.0
0.0
0.0
0.0
0.0
0.0
0.0
4.7731437040988835e-05
0.0004249555195394875
0.0025215291160269053
0.00997162753956958
0.026281470281987646
0.046165209954079946
0.054045746597250824
0.042168657461104445
0.02192802796734579
0.007599603369315381
0.0017553504098114332
0.0002702204865082063
2.772389633752507e-05
1.8957095993954357e-06
8.639147726890098e-08
2.6239257389822503e-09
2.0387915550444034e-10
3.148879529664357e-12
3.2413118238903614e-14
2.2236535772133425e-16
1.016705080363878e-18
3.0981640203236815e-21
6.292096384217091e-24
8.516631871569884e-27
7.682842539590281e-30
4.619101840398295e-33
1.850864777996205e-36
4.942804033388826e-40
0.0
0.0
0.0
0.0
0.0
0.0
0.0
0.0
0.0
0.0
0.0
0.0
0.0
0.0
0.0
0.0
0.0
0.0
0.0
0.0
0.0
0.0
0.0
0.0
0.0
0.0
0.0
0.0
0.0
0.0
0.0
0.0
0.0
0.0
0.0
0.0
0.0
0.0
0.0
0.0
0.0
0.0
0.0
0.0
0.0
0.0
0.0
0.0
0.0
0.0
0.0
0.0
0.0
0.0
0.0
0.0
0.0
0.0
0.0
0.0
0.0
0.0
0.0
0.0
0.0
0.0
0.0
0.0
0.0
0.0
0.0
0.0
0.0
0.0
0.00016113490426831903
0.0011298101735768876
0.005279622669989649
0.016443029542917906
0.03413047538363399
0.047215477463690717
0.04353193604684005
0.026749343473538217
0.010954683141807899
0.0029899784732195455
0.0005438984873385395
6.594003731624266e-05
5.327973724162993e-06
2.869171500575222e-07
1.0297516357779335e-08
2.463145239932278e-10
3.92671245014551e-12
1.9852841648432427e-13
1.6094012615227943e-15
8.695359546593126e-18
3.1310665584318255e-20
7.514128247672794e-23
1.201839447940052e-25
1.2811378274450196e-28
3.251680920541446e-05
0.00026247748971048045
0.0014120749643458503
0.005062965764059652
0.01209856261197342
0.01926833153382048
0.02045200980711795
0.014468030731020286
0.006821256819937185
0.0021433886549023146
0.00044886836897569326
6.26496465906814e-05
5.8277350194081735e-06
3.6129546977194286e-07
1.492817727032096e-08
4.1108591741603815e-10
7.544665042683203e-12
9.228452378925297e-14
7.523143326655868e-16
2.4322814977261444e-17
1.0082932894323137e-19
2.785745679599863e-22
5.1295303371816045e-25
6.294993527325927e-28
5.148663649685577e-31
2.8065662793383705e-34
1.0196183261535388e-37
2.468774998775522e-41
0.0
0.0
0.0
0.0
0.0
0.0
0.0
0.0
0.0
0.0
0.0
0.0
0.0
0.0
0.0
0.0
0.0
0.0
0.0
0.0
0.0
0.0
0.0
0.0
0.0
0.0
0.0
0.0
0.0
0.0
0.0
0.0
0.0
0.0
0.0
0.0
0.0
0.0
0.0
0.0
0.0
0.0
0.0
5.0570256823207556e-05
0.0004041659769310524
0.0021528109402328428
0.0076424671444213004
0.018081848122305275
0.02851238863653833
0.029964424096153502
0.020987456861004984
0.009797048228395383
0.0030479807770248573
0.0006319907902921707
8.73355025506308e-05
8.043636680207767e-06
4.937369345756962e-07
2.019855657009807e-08
5.507146147110453e-10
1.0007242336602941e-11
1.211947424342028e-13
9.7821584109623e-16
5.2621975861049105e-18
1.8866057720049716e-20
4.50792534110463e-23
7.178832477739272e-26
7.619254343266899e-29
5.389552066163808e-32
3.415180527840608e-34
1.2284470633519e-37
2.9449693249316143e-41
0.0
0.0
0.0
0.0
0.0
0.0
0.0
0.0
0.0
0.0
0.0
0.0
0.0
0.0
0.0
0.0
0.0
0.0
0.0
0.0
0.0
0.0
0.0
0.0
0.0
0.0
0.0
0.0
0.0
0.0
0.0
0.0
0.0
0.0
0.0
0.0
0.0
0.0
0.0
0.0
0.0
0.0
0.0
0.0
0.0
0.0
0.0
0.0
0.0
0.0
0.0
0.0
0.0
0.0
0.0
0.0
0.0
0.0
0.0
0.0
0.0
0.0
0.0
0.0
0.0
0.0
0.0
0.0
0.0
0.0
0.0
0.0
0.0
0.0
0.0
0.0
0.0
0.0
0.0
0.0
0.0
0.0
0.0
0.0
2.605683636163199e-05
0.00021147295152501932
0.0011438511579020172
0.004123497672002493
0.009907031399696571
0.015863641012413027
0.01692948533504176
0.01204110062883361
0.005707818626339194
0.0018032489628126672
0.00037968441066491503
5.3280879987330724e-05
4.983122462635114e-06
3.106084595574825e-07
1.290347091986604e-08
3.5725750692401866e-10
2.609749164548323e-11
3.674313118661344e-13
3.4477447649965876e-15
2.1561332664171883e-17
8.986646135894807e-20
2.496325596518921e-22
4.621536282956234e-25
5.702339262726209e-28
4.689227310816091e-31
2.5699878336748634e-34
9.387336744294288e-38
2.2852581964211408e-41
0.0
0.0
0.0
0.0
0.0
0.0
0.0
0.0
0.0
0.0
0.0
0.0
0.0
0.0
0.0
0.0
0.0
0.0
0.0
0.0
0.0
0.0
0.0
0.0
0.0
0.0
0.0
0.0
0.0
0.0
0.0
0.0
0.0
0.0
0.0
0.0
0.0
0.0
0.0
0.0
0.0
0.0
0.0
0.0
0.0
0.0
0.0
0.0
0.0
0.0
0.0
0.0
0.0
0.0
0.0
0.0
0.0
0.0
0.0
0.0
0.0
0.0
0.0
0.0
0.0
0.0
0.0
0.0
0.0
0.0
0.0
0.0
0.0
0.0
0.0
0.0
0.0
0.0
0.0
0.0
0.0
0.0
0.0
0.0
0.0
0.0
0.0
0.0
0.0
0.0
0.0
0.0
0.0
0.0
0.0
0.0
0.0
0.0
0.0
0.0
0.0
0.0
0.0
0.0
0.0
0.0
0.0
0.0
0.0
0.0
0.0
0.0
0.0
0.0
0.0
0.0
0.0
0.0
0.0
6.59793671736319e-05
0.0005603462224148425
0.0031716576214668255
0.011964586625610344
0.030080887515383573
0.05040401604035616
0.05628869560403406
0.041894670257903145
0.020781549048082208
0.006870345928551254
0.0015137733009747377
0.0002222924056039802
2.1755544557736822e-05
1.419047194589569e-06
6.168865033716299e-08
1.7872909072283221e-09
3.4511733284830685e-11
4.4413995594009256e-13
3.8093814886530525e-15
2.177562541307147e-17
1.5825454624757789e-06
1.3184148194659472e-05
7.320310543605448e-05
0.00018320977923007924
0.0005172835418071017
0.0009733974821393796
0.0012207685278688243
0.0010203706979002147
0.0005684132338638027
0.00021103375719916433
5.2218119731508054e-05
8.611366565403976e-06
9.464648103703151e-07
6.932955532632897e-08
3.3846510930031164e-09
1.1012627400229763e-10
2.388083639720983e-12
3.451355293877379e-14
3.3243853013379377e-16
2.1340991151677e-18
9.130601028876438e-21
2.603548635676926e-23
4.9478163550421386e-26
6.266759050307162e-29
5.289979270035923e-32
2.9760929537196947e-35
1.1158878816681973e-38
2.7885355086479262e-42
0.0
0.0
0.0
0.0
0.0
0.0
0.0
0.0
0.0
0.0
0.0
0.0
0.0
0.0
0.0
0.0
0.0
0.0
0.0
0.0
0.0
0.0
0.0
0.0
0.0
0.0
0.0
0.0
0.0
0.0
0.0
0.0
0.0
0.0
0.0
0.0
0.0
0.0
0.0
0.0
0.0
0.0
0.0
0.0
0.0
0.0
0.0
0.0
0.0
0.0
0.0
0.0
0.0
0.0
0.0
0.0
0.0
0.0
0.0
0.0
0.0
0.0
0.0
0.0
0.0
0.0
0.0
0.0
0.0
0.0
0.0
0.0
0.0
0.0
0.0
0.0
0.0
0.0
0.0
0.0
0.0
0.0
0.0
0.0
0.0
0.0
0.0
0.0
0.0
0.0
0.0
0.0
0.0
0.0
0.0
0.0
0.0
0.0
0.0
0.0
0.0
0.0
0.0
0.0
0.0
0.0
0.0
0.0
0.0
1.2867181977130255e-05
0.00011473957075150067
0.0006819060548984082
0.0027009554493250217
0.007130037977569702
0.012544339913482038
0.0147090739779917
0.01149487886773886
0.005986941493649712
0.002078199219227704
0.00048078497683434084
7.413036668167333e-05
7.617684053002927e-06
5.217125838061942e-07
2.381338954320335e-08
7.244237309234596e-10
1.4687425245419815e-11
1.9846330434496673e-13
1.787295306356734e-15
9.796775460169662e-06
4.1045210039280637e-05
0.00025100522664655553
0.001023021109960899
0.002778868361811865
0.00503075191544412
0.006069869813059036
0.004880984176864742
0.0026158749036519265
0.0009343467753199171
0.0002224235453685724
3.5288644375747874e-05
3.7313908259404078e-06
2.629590075241668e-07
1.235056747277069e-08
3.866048709267888e-10
8.065462542163004e-12
1.1214315851068567e-13
1.039196887427807e-15
6.418069843497061e-18
2.641755308192452e-20
7.247067172162082e-23
1.3249928446525863e-25
1.6145307739632617e-28
1.311175029985998e-31
7.096701864431854e-35
2.5599648350666635e-38
1.0354277952149688e-40
0.0
0.0
0.0
0.0
0.0
0.0
0.0
0.0
0.0
0.0
0.0
0.0
0.0
0.0
0.0
0.0
0.0
0.0
0.0
0.0
0.0
0.0
0.0
0.0
0.0
0.0
0.0
0.0
0.0
4.9220139168282506e-06
3.153060877576519e-05
0.0001346180895029595
0.0003830505037109271
0.0007264240280262579
0.000918133666038746
0.0007733982266439128
0.00043419216234771927
0.00016245846132876095
4.051205184471105e-05
6.732985700485556e-06
7.45783366056859e-07
5.505531367386487e-08
2.7087401073976168e-09
8.88212709696421e-11
1.941101193431921e-12
2.8272285518369145e-14
2.7444492718201074e-16
1.7755423911957865e-18
7.655762138228737e-21
2.200023732902019e-23
3.5493937651013323e-25
5.186754550295615e-28
5.051481413140257e-31
3.278863749283005e-34
1.4184352952275038e-37
4.0895661427743997e-41
7.858261778282987e-45
0.0
0.0
0.0
0.0
0.0
0.0
0.0
0.0
0.0
0.0
0.0
0.0
0.0
0.0
0.0
0.0
0.0
0.0
0.0
0.0
0.0
0.0
0.0
0.0
0.0
0.0
0.0
0.0
0.0
0.0
0.0
0.0
0.0
0.0
0.0
0.0
0.0
0.0
0.0
0.0
0.0
0.0
0.0
0.0
0.0
0.0
0.0
0.0
0.0
0.0
0.0
0.0
0.0
0.0
0.0
0.0
0.0
0.0
0.0
0.0
0.0
0.0
0.0
0.00011421096233722416
0.0007737350484220851
0.0034934802871791092
0.010512496696006512
0.02108312559066163
0.028180303591525256
0.025103708737444438
0.014904302466536805
0.008403528829856559
0.002537102672228428
0.0005105002267496459
6.845976186119619e-05
6.118660788349377e-06
3.6446759264820476e-07
1.4469149620972306e-08
3.8283236393458377e-10
6.7508091572496665e-12
7.933860585400347e-14
6.214337654457032e-16
3.2440435598755925e-18
1.1286520002984667e-20
2.6170678499600798e-23
4.044375372252914e-26
4.165522457228892e-29
2.859361408628672e-32
1.3081277866740297e-35
3.98852977491452e-39
8.105075304956832e-43
0.0
0.0
0.0
0.0
0.0
0.0
0.0
0.0
0.0
0.0
0.0
0.0
0.0
0.0
0.0
0.0
0.0
0.0
0.0
0.0
0.0
0.0
0.0
0.0
0.0
0.0
0.0
0.0
0.0
0.0
0.0
0.0
0.0
0.0
0.0
0.0
0.0
0.0
0.0
0.0
0.0
0.0
0.0
0.0
0.0
0.0
0.0
0.0
0.0
0.0
0.0
0.0
0.0
0.0
0.0
0.0
0.0
0.0
0.0
0.0
0.0
0.0
0.0
0.0
0.0
0.0
0.0
0.0
0.0
0.0
0.0
0.0
0.0
0.0
0.0
0.0
0.0
0.0
0.0
0.0
0.0
0.0
0.0
0.0
0.0
0.0
0.0
0.0
0.0
0.0
0.0
0.0
0.0
0.0
0.0
0.0
0.0
0.0
0.0
0.0
0.0
0.0
0.0
0.0
0.0
0.0
0.0
0.0
0.0
0.0
0.0
0.0
0.0
1.1378567249686523e-05
8.459731473043451e-05
0.0004191863415833783
0.0013843286822642306
0.003046862524665021
0.0044693879039891
0.004369430014168508
0.002846971201476732
0.0012362972657560456
0.0003578032587115266
6.901559280229167e-05
8.872207735453543e-06
7.601472511484135e-07
4.340555413227219e-08
1.6518645337221364e-09
4.189720972902024e-11
7.082348952736827e-13
7.97904821420916e-15
5.991097755186702e-17
2.9980803686895113e-19
9.999117771770757e-22
1.781591583504605e-23
3.021545549803835e-26
3.4153222469822397e-29
2.5728577584567237e-32
1.291758757540279e-35
4.322436288034941e-39
9.639562749971325e-43
0.0
0.0
0.0
0.0
0.0
0.0
0.0
0.0
0.0
0.0
0.0
0.0
0.0
0.0
0.0
0.0
0.0
0.0
0.0
0.0
0.0
0.0
0.0
7.865305121520164e-07
7.273735169344009e-06
4.483125974438065e-05
0.00018415603198721305
0.0005041647793953728
0.0009198999713356209
0.0011186397715529906
0.0009066119825647055
0.0004897046205558577
0.00017629033253435458
4.229649113746559e-05
6.7633479661587414e-06
7.207765881464448e-07
5.119424701958562e-08
2.4233893545339685e-09
7.645515623497533e-11
1.6075774761468072e-12
2.2527790222161864e-14
2.1040052649982013e-16
1.3096540772532393e-18
5.4331028274537e-21
1.1196346616778503e-22
2.3619475019381165e-25
3.3208227398264014e-28
3.111735655754342e-31
1.943306245391595e-34
8.088376240045775e-38
2.2436907179734944e-41
0.0
0.0
0.0
0.0
0.0
0.0
0.0
0.0
0.0
0.0
0.0
0.0
0.0
0.0
0.0
0.0
0.0
0.0
0.0
0.0
0.0
0.0
0.0
0.0
0.0
0.0
0.0
0.0
0.0
0.0
0.0
0.0
0.0
0.0
0.0
0.0
0.0
0.0
0.0
0.0
2.7939755985232447e-05
0.0002136444747264548
0.0010887853546469035
0.0036980640057171226
0.008371207844015256
0.01151944226837764
0.013260128544770901
0.010172918472062888
0.005201456154638585
0.001772498466689549
0.00040255788949315855
6.093297253207563e-05
6.146925306150277e-06
4.1328063374962027e-07
1.8518837546922963e-08
5.530494149735193e-10
1.1007677589560995e-11
6.853520483538123e-05
0.0005013514881828244
0.002444288890664057
0.007942265312283352
0.017199581452368936
0.02482407060219083
0.02387864880034109
0.015308341067102792
0.00654075892321892
0.001862557917091158
0.0003534866862918463
4.4711368970277345e-05
3.769159400382899e-06
5.784019770056044e-07
2.479470949914738e-08
7.083859045712486e-10
1.3488461874792833e-11
1.7117351838378172e-13
1.447745944951884e-15
8.160744253338592e-18
3.0658352234089434e-20
7.676256570481262e-23
1.280948842682211e-25
1.424609119415611e-28
1.055944969146018e-31
5.216371117684083e-35
1.7174231342051836e-38
3.768493465755552e-42
0.0
0.0
0.0
0.0
0.0
0.0
0.0
0.0
0.0
0.0
0.0
0.0
0.0
0.0
0.0
0.0
0.0
0.0
0.0
0.0
0.0
0.0
1.2875552099894236e-37
9.379218675935313e-37
4.553538477369323e-36
1.4733736821470017e-35
3.1773009576129113e-35
4.566519824755317e-35
4.3741521895910204e-35
2.7924408300420293e-35
1.1881071727943543e-35
3.369060456537934e-36
6.367127388907871e-37
8.019731380133298e-38
6.732209974638963e-39
3.7664918517111976e-40
1.4044230855948531e-41
1.2511405637531296e-42
2.372300020116385e-44
2.9978829247346526e-46
2.5248830837117535e-48
1.417259657290456e-50
5.3019927007983455e-53
1.3219358308542214e-55
2.1966616656024146e-58
2.4327501960471674e-61
1.7956157640982596e-64
8.833053298785995e-68
2.8959418739453503e-71
6.327765531836377e-75
0.0
0.0
0.0
0.0
0.0
0.0
0.0
0.0
0.0
0.0
0.0
0.0
0.0
0.0
0.0
0.0
0.0
0.0
0.0
0.0
0.0
0.0
0.0
0.0
0.0
0.0
0.0
0.0
0.0
0.0
0.0
0.0
0.0
0.0
0.0
0.0
0.0
0.0
0.0
0.0
0.0
0.0
0.0
0.0
0.0
0.0
0.0
0.0
0.0
0.0
0.0
0.0
0.0
0.0
0.0
0.0
0.0
0.0
0.0
0.0
0.0
0.0
0.0
0.0
0.0
0.0
0.0
0.0
0.0
0.0
0.0
0.0
0.0
0.0
0.0
0.0
0.0
0.0
0.0
0.0
0.0
0.0
0.0
0.0
0.0
0.0
0.0
0.0
0.0
0.0
0.0
0.0
0.0
0.0
0.0
0.0
0.0
0.0
0.0
0.0
0.0
0.0
0.0
1.4290281347254454e-05
0.00010079526036750686
0.0004738282945757449
0.0014845109969970469
0.0030997551873263346
0.004313729614693836
0.004000921152488601
0.002473139498220554
0.0010188700182070384
0.00027975026070649166
5.119219664163584e-05
6.243362895696701e-06
1.2255451480377366e-06
7.600579551044714e-08
3.141562115256014e-09
8.654184333338348e-11
1.5888693227239472e-12
1.9441589396474367e-14
1.585465884874214e-16
8.617148647460827e-19
3.121417177145226e-21
7.535665206670428e-24
1.2124753642275954e-26
1.3001869388487168e-29
9.292235823388715e-33
4.426048772247562e-36
1.4050562647818722e-39
2.972711644441554e-43
0.0
0.0
0.0
0.0
0.0
0.0
0.0
0.0
0.0
0.0
0.0
0.0
0.0
0.0
0.0
0.0
0.0
0.0
0.0
0.0
0.0
0.0
0.0
0.0
0.0
0.0
0.0
0.0
0.0
0.0
0.0
0.0
0.0
0.0
0.0
0.0
4.691700151331849e-06
4.1810417969722216e-05
0.00024832492790388157
0.0009829641417416141
0.0025932033889489044
0.004559498046733763
0.005342924480380846
0.004172752111445743
0.002171939299707052
0.000753449813815477
0.00017419774323712477
2.6841838993227712e-05
2.7565352962817277e-06
1.8866719681644704e-07
8.606187110799557e-09
2.6164155369849126e-10
5.3013222334359776e-12
7.158849539754163e-14
6.442935961132144e-16
3.86461239889885e-18
1.5449328910251756e-20
4.1161846026575843e-23
7.309061505730798e-26
8.649877109349521e-29
6.822441280915177e-32
4.648654248436978e-34
1.864488441580507e-37
4.983950186685343e-41
0.0
0.0
0.0
0.0
0.0
0.0
0.0
0.0
0.0
0.0
0.0
0.0
0.0
0.0
0.0
0.0
0.0
0.0
0.0
0.0
0.0
0.0
0.0
0.0
0.0
0.0
0.0
0.0
0.0
0.0
0.0
0.0
0.0
0.0
0.0
0.0
5.119333439084687e-06
3.986814343145177e-05
0.00020692842620883629
0.0007158068426475423
0.0016502627041144432
0.0025356649763075105
0.0025966427777262616
0.0017722055453149481
0.0008061159661660541
0.0002443782233018452
4.9375218584738215e-05
6.648705669801691e-06
5.966872147458345e-07
9.546716123727893e-08
4.3567858522666785e-09
1.3251345177198675e-10
2.6861809704368254e-12
3.62904302921023e-14
3.2676122482915914e-16
1.9608774905499266e-18
7.842453552202374e-21
2.0904269583879536e-23
3.713638178082956e-26
4.3968912737517406e-29
3.469552099581063e-32
1.824662927328368e-35
6.39548421741351e-39
1.4939833688901732e-42
0.0
0.0
0.0
0.0
0.0
0.0
0.0
0.0
0.0
0.0
0.0
0.0
0.0
0.0
0.0
0.0
0.0
0.0
0.0
0.0
0.0
0.0
0.0
0.0
0.0
0.0
0.0
0.0
0.0
0.0
0.0
0.0
0.0
0.0
0.0
0.0
0.0
0.0
0.0
0.0
0.0
0.0
0.0
0.0
0.0
0.0
0.0
0.0
0.0
0.0
0.0
1.0870589035264169e-05
8.701263466586014e-05
0.0004641872007286566
0.0016503862796004088
0.0039107463495586005
0.006176113855144989
0.0065005864647718035
0.004560068701654118
0.0021319245614478807
0.0006642841360164944
0.0001379486738320469
3.8612464156633006e-05
4.077498732032977e-06
2.8697347177173365e-07
1.3460812335402394e-08
4.208064499646804e-10
8.76748651965657e-12
1.2174452126756317e-13
1.1266923517137614e-15
6.949328901312429e-18
2.856682587311983e-20
7.826412045629182e-23
1.4290421239716051e-25
1.7390375231601748e-28
1.41043954320972e-31
7.623977364857896e-35
2.746567782313649e-38
6.59448135768541e-42
0.0
0.0
0.0
0.0
0.0
0.0
0.0
0.0
0.0
0.0
0.0
0.0
0.0
0.0
0.0
0.0
0.0
0.0
0.0
0.0
0.0
0.0
0.0
0.0
0.0
0.0
0.0
0.0
0.0
0.0
0.0
0.0
0.0
0.0
0.0
0.0
0.0
0.0
0.0
0.0
0.0
0.0
0.0
0.0
0.0
0.0
0.0
0.0
0.0
0.0
0.0
0.0
0.0
0.0
0.0
0.0
0.0
0.0
0.0
0.0
0.0
0.0
0.0
0.0
0.0
0.0
0.0
0.0
0.0
0.0
0.0
0.0
0.0
0.0
0.0
0.0
0.0
0.0
0.0
0.0
0.0
0.0
0.0
0.0
0.0
0.0
0.0
0.0
0.0
0.0
0.0
0.0
0.0
0.0
0.0
0.0
0.0
0.0
0.0
0.0
0.0
0.0
0.0
0.0
0.0
0.0
0.0
0.0
0.0
0.0
0.0
0.0
0.0
0.0
0.0
0.0
0.0
0.0
0.0
0.0
0.0
0.0
0.0
0.0
0.0
0.0
0.0
0.0
0.0
0.0
0.0
0.0
0.0
0.0
0.0
0.0
0.0
0.0
0.0
0.0
0.0
0.0
0.0
0.0
0.0
0.0
0.0
0.0
0.0
0.0
0.0
0.0
0.0
0.0
0.0
0.0
0.0
0.0
0.0
0.0
0.0
0.0
0.0
0.0
0.0
0.0
0.0
0.0
0.0
0.0
0.0
0.0
0.0
0.0
0.0
0.0
0.0
0.0
0.0
0.0
0.0
0.0
0.0
0.0
0.0
0.0
0.0
0.0
0.0
0.0
0.0
0.0
0.0
0.0
0.0
0.0
0.0
0.0
0.0
0.0
0.0
0.0
0.0
0.0
0.0
0.0
0.0
0.0
0.0
0.0
0.0
0.0
0.0
0.0
0.0
0.0
0.0
0.0
0.0
0.0
0.0
0.0
0.0
0.0
0.0
0.0
0.0
0.0
0.0
0.0
0.0
0.0
0.0
0.0
0.0
0.0
0.0
0.0
0.0
0.0
0.0
0.0
0.0
0.0
0.0
0.0
0.0
0.0
0.0
0.0
0.0
0.0
0.0
0.0
0.0
0.0
0.0
0.0
0.0
0.0
0.0
0.0
0.0
0.0
0.0
0.0
0.0
0.0
0.0
0.0
0.0
0.0
0.0
0.0
0.0
0.0
0.0
0.0
0.0
0.0
0.0
0.0
0.0
0.0
0.0
0.0
0.0
0.0
0.0
0.0
0.0
0.0
0.0
0.0
0.0
0.0
0.0
0.0
0.0
0.0
0.0
0.0
0.0
0.0
0.0
0.0
0.0
0.0
0.0
0.0
0.0
0.0
0.0
0.0
0.0
0.0
0.0
0.0
0.0
0.0
0.0
0.0
0.0
0.0
0.0
0.0
0.0
0.0
0.0
0.0
0.0
0.0
0.0
0.0
0.0
0.0
0.0
0.0
0.0
0.0
0.0
0.0
0.0
0.0
0.0
0.0
0.0
0.0
0.0
0.0
0.0
0.0
0.0
0.0
0.0
