a = 4.980454711608642 b = 4.980454711608642 c = 5.455061517310368 ,Gaussian ,LMH = 0.08 ,DW = [0.5 0.5]
0.0
0.0
0.0
0.0
0.0
0.0
0.0
0.0
0.0
0.0
0.0
0.0
0.0
0.0
0.0
0.0
0.0
0.0
0.0
0.0
0.0
0.0
0.0
0.0
0.0
0.0
0.0
0.0
0.0
0.0
0.0
0.0
0.0
0.0
0.0
0.0
0.0
0.0
0.0
0.0
0.0
0.0
0.0
0.0
0.0
0.0
0.0
0.0
0.0
0.0
0.0
0.0
0.0
0.0
0.0
0.0
0.0
0.0
0.0
0.0
0.0
0.0
0.0
0.0
0.0
0.0
0.0
0.0
0.0
0.0
0.0
0.0
0.0
0.0
0.0
0.0
0.0
0.0
0.0
0.0
0.0
0.0
0.0
0.0
0.0
0.0
0.0
0.0
0.0
0.0
0.0
0.0
0.0
0.0
0.0
0.0
0.0
0.0
0.0
0.0
0.0
0.0
0.0
0.0
0.0
0.0
0.0
0.0
0.0
0.0
0.0
0.0
0.0
0.0
0.0
0.0
0.0
0.0
0.0
0.0
0.0
0.0
0.0
0.0
0.0
0.0
0.0
0.0
0.0
0.0
0.0
0.0
0.0
0.0
0.0
0.0
0.0
0.0
0.0
0.0
0.0
0.0
0.0
0.0
0.0
0.0
0.0
0.0
0.0
0.0
0.0
0.0
0.0
0.0
0.0
0.0
0.0
0.0
0.0
0.0
0.0
0.0
0.0
0.0
0.0
0.0
0.0
0.0
0.0
0.0
0.0
0.0
0.0
0.0
0.0
0.0
0.0
0.0
0.0
0.0
0.0
0.0
0.0
0.0
0.0
0.0
0.0
0.0
0.0
0.0
0.0
0.0
0.0
0.0
0.0
0.0
0.0
0.0
0.0
0.0
0.0
0.0
0.0
0.0
0.0
0.0
0.0
0.0
0.0
0.0
0.0
0.0
0.0
0.0
0.0
0.0
0.0
0.0
0.0
0.0
0.0
0.0
0.0
0.0
0.0
0.0
0.0
0.0
0.0
0.0
0.0
0.0
0.0
0.0
0.0
0.0
0.0
0.0
0.0
0.0
0.0
0.0
0.0
0.0
0.0
0.0
0.0
0.0
0.0
0.0
0.0
0.0
0.0
0.0
0.0
0.0
0.0
0.0
0.0
0.0
0.0
0.0
0.0
0.0
0.0
0.0
0.0
0.0
0.0
0.0
0.0
0.0
0.0
0.0
0.0
0.0
0.0
0.0
0.0
0.0
0.0
0.0
0.0
0.0
0.0
0.0
0.0
0.0
0.0
0.0
0.0
0.0
0.0
0.0
0.0
0.0
0.0
0.0
0.0
0.0
0.0
0.0
0.0
0.0
0.0
0.0
0.0
0.0
0.0
0.0
0.0
0.0
0.0
0.0
0.0
0.0
0.0
0.0
0.0
0.0
0.0
0.0
0.0
0.0
0.0
0.0
0.0
0.0
0.0
0.0
0.0
0.0
0.0
0.0
0.0
0.0
0.0
0.0
0.0
0.0
0.0
0.0
0.0
0.0
0.0
0.0
0.0
0.0
0.0
0.0
0.0
0.0
0.0
0.0
0.0
0.0
0.0
0.0
0.0
0.0
0.0
0.0
0.0
0.0
0.0
0.0
0.0
0.0
0.0
0.0
0.0
0.0
0.0
0.0
0.0
0.0
0.0
0.0
0.0
0.0
0.0
0.0
0.0
0.0
0.0
0.0
0.0
0.0
0.0
0.0
0.0
0.0
0.0
0.0
0.0
0.0
0.0
0.0
0.0
0.0
0.0
0.0
0.0
0.0
0.0
0.0
0.0
0.0
6.549321836404725e-35
5.206261186374085e-34
2.7582721829824914e-33
9.739346911954193e-33
2.291944514461207e-32
3.59467732276663e-32
3.757485145615998e-32
2.6176777469006543e-32
1.2153927402197495e-32
3.760959380491892e-33
7.756435692452507e-34
1.0661229628969663e-34
9.766387397627096e-36
5.962688819467718e-37
2.4262295674184644e-38
6.579655953020505e-40
1.1892030859842843e-41
6.537205175707562e-43
6.008243683623409e-45
3.6803109127612915e-47
1.5024603801634986e-49
4.087926660613103e-52
7.412841448191837e-55
8.958759433985336e-58
7.215934570194728e-61
3.87363634215671e-64
1.3858832786605117e-67
3.304578030178534e-71
0.0
0.0
0.0
0.0
0.0
0.0
0.0
0.0
0.0
0.0
0.0
0.0
0.0
0.0
0.0
0.0
0.0
0.0
0.0
0.0
0.0
0.0
0.0
0.0
0.0
0.0
0.0
0.0
0.0
0.0
0.0
0.0
0.0
0.0
0.0
0.0
0.0
0.0
0.0
0.0
0.0
0.0
0.0
0.0
0.0
0.0
0.0
0.0
0.0
0.0
0.0
0.0
0.0
0.0
0.0
0.0
0.0
0.0
0.0
0.0
0.0
0.0
0.0
0.0
0.0
0.0
0.0
0.0
0.0
0.0
0.0
0.0
0.0
0.0
0.0
0.0
0.0
0.0
0.0
0.0
0.0
0.0
0.0
0.0
0.0
0.0
0.0
0.0
0.0
0.0
0.0
0.0
0.0
0.0
0.0
0.0
0.0
0.0
0.0
0.0
0.0
0.0
0.0
0.0
0.0
0.0
0.0
0.0
0.0
0.0
0.0
0.0
0.0
0.0
0.0
0.0
0.0
0.0
0.0
0.0006091872144790097
0.004426697237923132
0.021438303137265788
0.06919624754626724
0.14885253252885758
0.21340837579539976
0.20391456216741277
0.1298573601966717
0.055114573010698324
0.015590063079798403
0.002939076199367704
0.00036927964318843353
3.092298696258883e-05
1.7257943997547834e-06
6.419160307352083e-08
1.591288543079522e-09
2.629064243197333e-11
2.894909619118036e-13
2.1244688532409394e-15
1.0390759081412814e-17
3.387082155324813e-20
7.358439683109677e-23
1.0654358012534206e-25
1.0281355734103152e-28
8.013704289730537e-31
3.932411820682474e-34
1.2860747786601245e-37
2.803205895897577e-41
0.0
0.0
0.0
0.0
0.0
0.0
0.0
0.0
0.0
0.0
0.0
0.0
0.0
0.0
0.0
0.0
0.0
0.0
0.0
0.0
0.0
0.0
0.0
0.0
0.0
0.0
0.0
0.0
0.0
0.0
0.0
0.0
0.0
0.0
0.0
0.0
0.0
0.0
0.0
0.0
0.0
0.0
0.0
0.0
0.0
0.0
0.0
0.0
0.0
0.0
0.0
0.0
0.0
0.0
0.0
0.0
0.0
0.0
0.0
0.0
0.0
0.0
0.0
0.0
0.0
0.0
0.0
0.0
0.0
0.0
0.0
0.0
0.0
0.0
0.0
0.0
0.0
0.0
0.0
0.0
0.0
0.0
0.0
0.0
0.0
0.0
0.0
0.0
0.0
0.0
0.0
0.0
0.0
0.0
0.0
0.0
0.0
0.0
0.0
0.0
0.0
0.0
0.0
0.0
0.0
0.0
0.0
0.0
0.0
0.0
0.0
0.0
0.0
0.0
0.0
0.0
0.0
0.0
0.0
0.0
0.0
0.0
0.0
0.0
0.0
0.0
0.0
0.0
0.0
0.0
0.0
0.0
0.0
0.0
0.0
0.0
0.0
0.0
0.0
0.0
0.0
0.0
0.0
0.0
0.0
0.0
0.0
0.0
0.0
0.0
0.0
0.0
0.0
0.0
0.0
0.0
0.0
0.0
0.0
0.0
0.0
0.0
0.0
0.0
0.0
0.0
0.002980517267636354
0.021471887222170548
0.10309327608249261
0.3298921735399408
0.7035504288075787
1.0
0.9472973362979388
0.5980729776720501
0.2516538580832831
0.0705723458208256
0.024133633927567646
0.0034415672619936073
0.00032709307604529764
2.0718961737886476e-05
8.746739129921077e-07
2.4609676662882217e-08
4.6147394929181245e-10
5.7672664943314285e-12
4.803683641288759e-14
2.6666150423098053e-16
9.865697596449647e-19
2.4326342789514204e-21
3.997674162622366e-24
4.378441107399179e-27
3.19604716740087e-30
1.5548496337107556e-33
5.041330379532606e-37
1.0893902186458574e-40
0.0
0.0
0.0
0.0
0.0
0.0
0.0
0.0
0.0
0.0
0.0
0.0
0.0
0.0
0.0
0.0
0.0
0.0
0.0
0.0
0.0
0.0
0.0
0.0
0.0
0.0
0.0
0.0
0.0
0.0
0.0
0.0
0.0
0.0
0.0
0.0
0.0
0.0
0.0
0.0
0.0
0.0
0.0
0.0
0.0
0.0
0.0
0.0
0.0
0.0
0.0
0.0
0.0
0.0
0.0
0.0
0.0
0.0
0.0
0.0
0.0
0.0
0.0
0.0
0.0
0.0
0.0
0.0
0.0
0.0
0.0
0.0
0.0
0.0
0.0
0.0
0.0
0.0
0.0
0.0
0.0
0.0
0.0
0.0
0.0
0.0
0.0
0.0
0.0
0.0
0.0
0.0
0.0
0.0
0.0
0.0
0.0
0.0
0.0
0.0
0.0
0.0
0.0
0.0
0.0
0.0
0.0
0.0
0.0
0.0
0.0
0.0
0.0
0.0
0.0
0.0
0.0
0.0
0.0
0.0
0.0
0.0
0.0
0.0
0.0
0.0
0.0
0.0
0.0
0.0
0.0
0.0
0.0
0.0
0.0
0.0
0.0
0.0
0.0
0.0
0.0
0.0
0.0
0.0
0.0
0.0
0.0
0.0
0.0
0.0
0.0
0.0
0.0
0.0
0.0
0.0
0.0
0.0
0.0
0.0
0.0
0.0
0.0
0.0
0.0
0.0
0.0
0.0
0.0
0.0
0.0
0.0
0.0
0.0
0.0
0.0
0.0
0.0
0.0
0.0
0.0
0.0
0.0
0.0
0.0
0.0
0.0
0.0
0.0
0.0
0.0
3.0060610892041135e-36
2.62622906328947e-35
1.5291459979680816e-34
5.933990543797108e-34
1.5347099032355995e-33
2.645375270775866e-33
3.0389939216114662e-33
2.326772496801385e-33
1.1872975183811284e-33
4.0378180645487265e-34
9.151988831343467e-35
1.3825019878551013e-35
1.3918665429871296e-36
9.339227934003432e-38
4.176436691171162e-39
1.2447506973159182e-40
2.47252335279056e-42
3.273256012447225e-44
2.888025972398984e-46
1.698258367469549e-48
6.655611749544883e-51
1.7384161366781961e-53
2.631672130573407e-55
3.495426114110531e-58
3.0942116708106045e-61
1.8254984201759755e-64
7.1778512035750314e-68
1.8810008384450723e-71
0.0
0.0
0.0
0.0
0.0
0.0
0.0
0.0
0.0
0.0
0.0
0.0
0.0
0.0
0.0
0.0
0.0
0.0
0.0
0.0
0.0
0.0
0.0
0.0
0.0
0.0
0.0
0.0
0.0
0.0
0.0
0.0
0.0
0.0
0.0
0.0
0.0
0.0
0.0
0.0
0.0
0.0
0.0
0.0
0.0
0.0
0.0
0.0
0.0
0.0
0.0
0.0
0.0
0.0
0.0
0.0
0.0
0.0
0.0
0.0
0.0
0.0
0.0
0.0
0.0
0.0
0.0
0.0
0.0
0.0
0.0
0.0
0.0
0.0
0.0
0.0
0.0
0.0
0.0
0.0
0.0
5.660138903043051e-05
0.0005039251732862755
0.0029901058777098096
0.011824659063774959
0.031165366390394852
0.054744109339060654
0.06408908925084579
0.05000487590175207
0.02600292215346607
0.00901184069556099
0.0020815478768247088
0.0003204356673298753
3.287583905533877e-05
2.2479900706102806e-06
1.0244563995866145e-07
3.1115309059636357e-09
2.417661003165012e-10
3.734037069016748e-12
3.843646093357844e-14
2.63687600867073e-16
1.205639791097704e-18
3.67389707634058e-21
7.461359165746556e-24
1.0099280970269822e-26
9.110548234059233e-30
5.477471378350631e-33
2.1948117181580317e-36
5.8613272790168256e-40
0.0
0.0
0.0
0.0
0.0
0.0
0.0
0.0
0.0
0.0
0.0
0.0
0.0
0.0
0.0
0.0
0.0
0.0
0.0
0.0
0.0
0.0
0.0
0.0
0.0
0.0
0.0
0.0
0.0
0.0
0.0
0.0
0.0
0.0
0.0
0.0
0.0
0.0
0.0
0.0
0.0
0.0
0.0
0.0
0.0
0.0
0.0
0.0
0.0
0.0
0.0
0.0
0.0
0.0
0.0
0.0
0.0
0.0
0.0
0.0
0.0
0.0
0.0
0.0
0.0
0.0
0.0
0.0
0.0
0.0
0.0
0.0
0.0
0.0
0.00015144699242012724
0.0011203298138468098
0.005523478678804093
0.01814934760820431
0.03974576894269265
0.05800992935211182
0.05642808577267214
0.036582202316332205
0.015806143660953214
0.004551594361176157
0.0008735398558054192
0.00011173351128919091
9.52501607571442e-06
5.411647946318383e-07
2.0491554368652177e-08
5.171324822417087e-10
8.697817296534863e-12
4.557396169627331e-13
3.8978742705423036e-15
2.2218790707934607e-17
8.441012782578266e-20
2.137225001522825e-22
3.6065128356482307e-25
4.056077706165934e-28
3.8331652586018504e-05
0.0003135241031679341
0.0017090937000900572
0.006209295960645195
0.015034894883539337
0.02426274756475114
0.026095228952470354
0.01870526182762672
0.008936099994342717
0.0028452065267740153
0.0006037555289705419
8.53866536565861e-05
8.048230660437228e-06
5.055829083599868e-07
2.11673212599028e-08
5.906374314432065e-10
1.0983925548837826e-11
1.3613686409639123e-13
1.1245414102038445e-15
3.667832148260857e-17
1.5406775106119329e-19
4.3131601278773875e-22
8.047499689944535e-25
1.0007092256905488e-27
8.293472077720252e-31
4.580853661951485e-34
1.6863122611736295e-37
4.137243911769691e-41
0.0
0.0
0.0
0.0
0.0
0.0
0.0
0.0
0.0
0.0
0.0
0.0
0.0
0.0
0.0
0.0
0.0
0.0
0.0
0.0
0.0
0.0
0.0
0.0
0.0
0.0
0.0
0.0
0.0
0.0
0.0
0.0
0.0
0.0
0.0
0.0
0.0
0.0
0.0
0.0
0.0
0.0
0.0
6.684073410148997e-05
0.0005342023611104121
0.002845456453383997
0.010101354953871022
0.023899502955497816
0.03768596616220076
0.03960517959236733
0.027739962413422994
0.012949151077143254
0.004028638283879081
0.0008353275427528297
0.00011543483205977613
1.063159679869424e-05
6.525918837120438e-07
2.669724129849091e-08
7.279015658629729e-10
1.3226973049563092e-11
1.6018794569035175e-13
1.2929470609010696e-15
6.955257333811407e-18
2.4936024193385174e-20
5.958305494226109e-23
9.488550443420032e-26
1.0070673664765918e-28
7.123586851456725e-32
4.513980903202013e-34
1.6236876906976418e-37
3.8924839213880244e-41
0.0
0.0
0.0
0.0
0.0
0.0
0.0
0.0
0.0
0.0
0.0
0.0
0.0
0.0
0.0
0.0
0.0
0.0
0.0
0.0
0.0
0.0
0.0
0.0
0.0
0.0
0.0
0.0
0.0
0.0
0.0
0.0
0.0
0.0
0.0
0.0
0.0
0.0
0.0
0.0
0.0
0.0
0.0
0.0
0.0
0.0
0.0
0.0
0.0
0.0
0.0
0.0
0.0
0.0
0.0
0.0
0.0
0.0
0.0
0.0
0.0
0.0
0.0
0.0
0.0
0.0
0.0
0.0
0.0
0.0
0.0
0.0
0.0
0.0
0.0
0.0
0.0
0.0
0.0
0.0
0.0
0.0
0.0
0.0
3.429281176269172e-05
0.0002816453785262409
0.0015416426309376391
0.005624013331431458
0.013673840818406356
0.022157269820973022
0.023928943325299882
0.017223140483688865
0.008261952905679128
0.0026414028031785893
0.0005628181598192749
7.992508697568953e-05
7.564490493216566e-06
4.77153148048157e-07
2.0059377601855703e-08
5.620289183648384e-10
4.1382843426353454e-11
5.896090169194966e-13
5.598729090734607e-15
3.5432054773416145e-17
1.4944616398254715e-19
4.20102004198957e-22
7.870571763325811e-25
9.827416467227157e-28
8.178129571435731e-31
4.535760988066302e-34
1.6765939079719443e-37
4.130352850337169e-41
0.0
0.0
0.0
0.0
0.0
0.0
0.0
0.0
0.0
0.0
0.0
0.0
0.0
0.0
0.0
0.0
0.0
0.0
0.0
0.0
0.0
0.0
0.0
0.0
0.0
0.0
0.0
0.0
0.0
0.0
0.0
0.0
0.0
0.0
0.0
0.0
0.0
0.0
0.0
0.0
0.0
0.0
0.0
0.0
0.0
0.0
0.0
0.0
0.0
0.0
0.0
0.0
0.0
0.0
0.0
0.0
0.0
0.0
0.0
0.0
0.0
0.0
0.0
0.0
0.0
0.0
0.0
0.0
0.0
0.0
0.0
0.0
0.0
0.0
0.0
0.0
0.0
0.0
0.0
0.0
0.0
0.0
0.0
0.0
0.0
0.0
0.0
0.0
0.0
0.0
0.0
0.0
0.0
0.0
0.0
0.0
0.0
0.0
0.0
0.0
0.0
0.0
0.0
0.0
0.0
0.0
0.0
0.0
0.0
0.0
0.0
0.0
0.0
0.0
0.0
0.0
0.0
0.0
0.0
7.790955614800643e-05
0.0006916842333684024
0.004092668515398979
0.01613937872986137
0.04241784527199094
0.07430053525898288
0.0867394830343233
0.0674874882147675
0.0349954230569918
0.01209430118376867
0.0027856840617641455
0.0004276263786604168
4.3750061062129636e-05
2.9831451680883208e-06
1.3556627419350033e-07
4.105919979189528e-09
8.288021137325942e-11
1.11499460778456e-12
9.99715055147046e-15
5.973945357281275e-17
1.3727212301934174e-06
1.2625588928806095e-05
7.739314373076046e-05
0.00020690480520080005
0.0006449469602848849
0.0013398586108865395
0.0018551348812831884
0.0017118809504517347
0.0010528176940226518
0.0004315333248903664
0.0001178845939408585
2.146254963287134e-05
2.6042766753221364e-06
2.106078129678347e-07
1.1351242021985092e-08
4.0774987522323203e-10
9.761708580231843e-12
1.5575406430007746e-13
1.6562827777849212e-15
1.1738460209989074e-17
5.544588584401015e-20
1.745456657173341e-22
3.6621013522652437e-25
5.120745576801088e-28
4.772188453487485e-31
2.9640363190976928e-34
1.226961694374878e-37
3.3850106229603e-41
0.0
0.0
0.0
0.0
0.0
0.0
0.0
0.0
0.0
0.0
0.0
0.0
0.0
0.0
0.0
0.0
0.0
0.0
0.0
0.0
0.0
0.0
0.0
0.0
0.0
0.0
0.0
0.0
0.0
0.0
0.0
0.0
0.0
0.0
0.0
0.0
0.0
0.0
0.0
0.0
0.0
0.0
0.0
0.0
0.0
0.0
0.0
0.0
0.0
0.0
0.0
0.0
0.0
0.0
0.0
0.0
0.0
0.0
0.0
0.0
0.0
0.0
0.0
0.0
0.0
0.0
0.0
0.0
0.0
0.0
0.0
0.0
0.0
0.0
0.0
0.0
0.0
0.0
0.0
0.0
0.0
0.0
0.0
0.0
0.0
0.0
0.0
0.0
0.0
0.0
0.0
0.0
0.0
0.0
0.0
0.0
0.0
0.0
0.0
0.0
0.0
0.0
0.0
0.0
0.0
0.0
0.0
0.0
0.0
1.67466990355032e-05
0.00015568171492934662
0.0009645562216511961
0.003982896625420275
0.010961047775785434
0.02010419347091595
0.024575524047383203
0.02002167779828593
0.010871255354955044
0.003934055423769755
0.0009488177470190663
0.00015251293285161704
1.6338496684935058e-05
1.166538466370002e-06
5.550953408532821e-08
1.760425490129862e-09
3.72091083187369e-11
5.241582493674658e-13
4.921042729083031e-15
9.666351612240497e-06
4.308936500934647e-05
0.0002891895814486942
0.001293530696954177
0.003856136373293409
0.007661425407487044
0.010144912811908914
0.008953000494418311
0.005265873793290621
0.002064209783572927
0.0005392855283480451
9.389992567410191e-05
1.0896656959711716e-05
8.427579492303878e-07
4.3440416896171695e-08
1.4923361506748334e-09
3.416810419501985e-11
5.213827449886704e-13
5.302418156316406e-15
3.593956710057326e-17
1.623503606178593e-19
4.887820199387699e-22
9.807509425650178e-25
1.3115468078212644e-27
1.1689351106721206e-30
6.943501928131635e-34
2.748832428053868e-37
1.1829387610012053e-39
0.0
0.0
0.0
0.0
0.0
0.0
0.0
0.0
0.0
0.0
0.0
0.0
0.0
0.0
0.0
0.0
0.0
0.0
0.0
0.0
0.0
0.0
0.0
0.0
0.0
0.0
0.0
0.0
0.0
8.538714946702083e-06
5.469933343986452e-05
0.00023353560399441443
0.0006645164188170225
0.001260201171830165
0.001592779254538824
0.0013416920612554415
0.0007532370222895359
0.0002818331104719869
7.028035037148281e-05
1.1680390711636728e-05
1.2937857719132694e-06
9.55100163685306e-08
4.699125202122931e-09
1.540872347842293e-10
3.3674244025906823e-12
4.904679080807873e-14
4.761073498316504e-16
3.080212817434755e-18
1.3281224251436969e-20
3.816603497808696e-23
6.157492056286576e-25
8.99798727753772e-28
8.763315296183379e-31
5.688176298827674e-34
2.4607030497982826e-37
7.094583668169877e-41
1.363252084109538e-44
0.0
0.0
0.0
0.0
0.0
0.0
0.0
0.0
0.0
0.0
0.0
0.0
0.0
0.0
0.0
0.0
0.0
0.0
0.0
0.0
0.0
0.0
0.0
0.0
0.0
0.0
0.0
0.0
0.0
0.0
0.0
0.0
0.0
0.0
0.0
0.0
0.0
0.0
0.0
0.0
0.0
0.0
0.0
0.0
0.0
0.0
0.0
0.0
0.0
0.0
0.0
0.0
0.0
0.0
0.0
0.0
0.0
0.0
0.0
0.0
0.0
0.0
0.0
0.0001971624848380874
0.0013488999713522206
0.006150589693415801
0.01869111953999435
0.037856060945690294
0.05109955021182958
0.04597061151128254
0.02756290781077003
0.015643084588987395
0.004769465654169721
0.0009691669727817661
0.00013125293819730356
1.1846798746904064e-05
7.126471217788523e-07
2.857127414897402e-08
7.634247393480185e-10
1.3595162368163543e-11
1.6135562736190835e-13
1.2763370665623046e-15
6.728653986701492e-18
2.3641365527899455e-20
5.536030422603111e-23
8.639844507632211e-26
8.98659010387878e-29
6.229676400908445e-32
2.878177613500204e-35
8.862397842971894e-39
1.8187225077234006e-42
0.0
0.0
0.0
0.0
0.0
0.0
0.0
0.0
0.0
0.0
0.0
0.0
0.0
0.0
0.0
0.0
0.0
0.0
0.0
0.0
0.0
0.0
0.0
0.0
0.0
0.0
0.0
0.0
0.0
0.0
0.0
0.0
0.0
0.0
0.0
0.0
0.0
0.0
0.0
0.0
0.0
0.0
0.0
0.0
0.0
0.0
0.0
0.0
0.0
0.0
0.0
0.0
0.0
0.0
0.0
0.0
0.0
0.0
0.0
0.0
0.0
0.0
0.0
0.0
0.0
0.0
0.0
0.0
0.0
0.0
0.0
0.0
0.0
0.0
0.0
0.0
0.0
0.0
0.0
0.0
0.0
0.0
0.0
0.0
0.0
0.0
0.0
0.0
0.0
0.0
0.0
0.0
0.0
0.0
0.0
0.0
0.0
0.0
0.0
0.0
0.0
0.0
0.0
0.0
0.0
0.0
0.0
0.0
0.0
0.0
0.0
0.0
0.0
1.3792874668379982e-05
0.0001116485229203583
0.0006023275417302744
0.002165678625706082
0.005189635392451649
0.008288219257467104
0.008822002251799334
0.006258275035054029
0.0029588549435215295
0.0009323398603790244
0.00019579715526798613
2.740438444764118e-05
2.5563203274292447e-06
1.589249354362315e-07
6.584917861377659e-09
1.8184033743418097e-10
3.346660388545234e-12
4.10501365714341e-14
3.355823550146895e-16
1.8283745890920385e-18
6.639154638609146e-21
1.2519261647255237e-22
2.311686325157041e-25
2.8448583034270684e-28
2.333317961376892e-31
1.275465619428165e-34
4.646705378210396e-38
1.1282440865278346e-41
0.0
0.0
0.0
0.0
0.0
0.0
0.0
0.0
0.0
0.0
0.0
0.0
0.0
0.0
0.0
0.0
0.0
0.0
0.0
0.0
0.0
0.0
0.0
1.5642710632831518e-06
1.44661818856313e-05
8.916150265650657e-05
0.00036625400733464135
0.0010026952080687864
0.0018295194961199367
0.0022247780573575716
0.0018030920200049895
0.0009739364915362997
0.0003506105124460279
8.412029303697508e-05
1.345111136938612e-05
1.4334980557137324e-06
1.0181636692033348e-07
4.81969584624741e-09
1.5205587919270622e-10
3.197189287726178e-12
4.480381856747346e-14
4.1844969803230897e-16
2.604671966701893e-18
1.0805487397525256e-20
2.2267567190997655e-22
4.697498791453909e-25
6.604533248163572e-28
6.188695756461838e-31
3.864894851245101e-34
1.6086359913275934e-37
4.4623068156376785e-41
0.0
0.0
0.0
0.0
0.0
0.0
0.0
0.0
0.0
0.0
0.0
0.0
0.0
0.0
0.0
0.0
0.0
0.0
0.0
0.0
0.0
0.0
0.0
0.0
0.0
0.0
0.0
0.0
0.0
0.0
0.0
0.0
0.0
0.0
0.0
0.0
0.0
0.0
0.0
0.0
4.661288331886595e-05
0.0003697642111772566
0.0019549035214808243
0.006888225113056286
0.016175990486875676
0.02281116383054478
0.0272404059276271
0.021680098676614884
0.011499805162280961
0.004065381047850323
0.0009578413516458089
0.00015040679417731965
1.5740657714475858e-05
1.0978925645400515e-06
5.1036203530430464e-08
1.5811694903897768e-09
3.2648259900571684e-11
0.00010703176320493715
0.0008208860653285188
0.004201728150045918
0.01435305338560079
0.03272101656104283
0.049781589029198374
0.05054312653821274
0.0342450161014078
0.015483311434330446
0.004671427898153292
0.0009404633062477631
0.00012633585350437077
1.1323724355238756e-05
1.8113406677642458e-06
8.271005398061346e-08
2.51972018671282e-09
5.1211278524955375e-11
6.943547561565624e-13
6.280334361295764e-15
3.7892450766810025e-17
1.5250155701898414e-19
4.093838702847409e-22
7.330025242081573e-25
8.75350959591278e-28
6.971801254209881e-31
3.7032093281066988e-34
1.3117977077013123e-37
3.098818545453396e-41
0.0
0.0
0.0
0.0
0.0
0.0
0.0
0.0
0.0
0.0
0.0
0.0
0.0
0.0
0.0
0.0
0.0
0.0
0.0
0.0
0.0
0.0
1.149044793513117e-37
9.674878605547541e-37
5.429197468041692e-36
2.0305201308081975e-35
5.061281693203512e-35
8.40804964451875e-35
9.309183122218318e-35
6.869251667271742e-35
3.378227013510684e-35
1.1072604331693083e-35
2.4187572273322615e-36
3.5214078430072284e-37
3.4168185992882686e-38
2.209576620461248e-39
9.523087126040802e-41
9.34381889570335e-42
2.0478384087017606e-43
2.991221022744154e-45
2.9119430216260434e-47
1.8892907114432434e-49
8.169514617121608e-52
2.354372991822323e-54
4.522054875659386e-57
5.788658610926417e-60
4.938574334848807e-63
2.8080627004870983e-66
1.0641272255766762e-69
2.68758282332317e-73
0.0
0.0
0.0
0.0
0.0
0.0
0.0
0.0
0.0
0.0
0.0
0.0
0.0
0.0
0.0
0.0
0.0
0.0
0.0
0.0
0.0
0.0
0.0
0.0
0.0
0.0
0.0
0.0
0.0
0.0
0.0
0.0
0.0
0.0
0.0
0.0
0.0
0.0
0.0
0.0
0.0
0.0
0.0
0.0
0.0
0.0
0.0
0.0
0.0
0.0
0.0
0.0
0.0
0.0
0.0
0.0
0.0
0.0
0.0
0.0
0.0
0.0
0.0
0.0
0.0
0.0
0.0
0.0
0.0
0.0
0.0
0.0
0.0
0.0
0.0
0.0
0.0
0.0
0.0
0.0
0.0
0.0
0.0
0.0
0.0
0.0
0.0
0.0
0.0
0.0
0.0
0.0
0.0
0.0
0.0
0.0
0.0
0.0
0.0
0.0
0.0
0.0
0.0
1.4455224630900555e-05
0.00011745300985029207
0.000636040842627426
0.0022955534332594705
0.005521681553454796
0.008851907249462129
0.00945766444377689
0.0067346106995379885
0.0031961167776191957
0.0010109142768448516
0.00021310202140754233
2.99393492718869e-05
6.458223568538273e-06
4.6139240679352833e-07
2.1968952961659948e-08
6.97155765184251e-10
1.4744560625989713e-11
2.0783342568074606e-13
1.952452625025211e-15
1.2224389009242785e-17
5.101000508901718e-20
1.4186168701736913e-22
2.6293985655189215e-25
3.248099101428571e-28
2.674137099653896e-31
1.4673023574244954e-34
5.365832474738944e-38
1.3077843983496539e-41
0.0
0.0
0.0
0.0
0.0
0.0
0.0
0.0
0.0
0.0
0.0
0.0
0.0
0.0
0.0
0.0
0.0
0.0
0.0
0.0
0.0
0.0
0.0
0.0
0.0
0.0
0.0
0.0
0.0
0.0
0.0
0.0
0.0
0.0
0.0
0.0
8.550371887796417e-06
7.891334167711941e-05
0.0004853973633086955
0.0019898756587385436
0.005436708077713423
0.009899827728894257
0.012014364631981057
0.009717521896000562
0.005238317228647688
0.0018819566316206136
0.0004506184559621159
7.191009910081934e-05
7.648078688203477e-06
5.421211564512419e-07
2.5610727355454808e-08
8.06360077044027e-10
1.6920674486413865e-11
2.3663984490749836e-13
2.2056653540642507e-15
1.3701651563905197e-17
5.672673202126305e-20
1.5652516092996167e-22
2.8784726092523484e-25
3.5279432586891616e-28
2.881791991868053e-31
2.0099758961239943e-33
8.349000138268668e-37
2.3113176479447863e-40
0.0
0.0
0.0
0.0
0.0
0.0
0.0
0.0
0.0
0.0
0.0
0.0
0.0
0.0
0.0
0.0
0.0
0.0
0.0
0.0
0.0
0.0
0.0
0.0
0.0
0.0
0.0
0.0
0.0
0.0
0.0
0.0
0.0
0.0
0.0
0.0
1.1688169549867241e-05
9.102466670906093e-05
0.0004724471572315687
0.0016342892764014804
0.00376778549727769
0.005789285366424831
0.005928506397881599
0.004046198423550935
0.0018404779062581433
0.0005579503937836842
0.00011273067739134415
1.5179944826899222e-05
1.3623221493918375e-06
2.1796516680603952e-07
9.947164477502865e-09
3.025471402437232e-10
6.132934882574496e-12
8.285623652745878e-14
7.460425548698707e-16
4.4769634267393146e-18
1.7905441772022777e-20
4.7727433682499547e-23
8.478766462231925e-26
1.003873088390403e-28
7.92148307676008e-32
4.165966120344022e-35
1.4601804077836025e-38
3.410977450101846e-42
0.0
0.0
0.0
0.0
0.0
0.0
0.0
0.0
0.0
0.0
0.0
0.0
0.0
0.0
0.0
0.0
0.0
0.0
0.0
0.0
0.0
0.0
0.0
0.0
0.0
0.0
0.0
0.0
0.0
0.0
0.0
0.0
0.0
0.0
0.0
0.0
0.0
0.0
0.0
0.0
0.0
0.0
0.0
0.0
0.0
0.0
0.0
0.0
0.0
0.0
0.0
1.7941204188640293e-05
0.00015214729595706017
0.0008607594196069798
0.0032485603928476456
0.008178583786007563
0.013735023591024428
0.015386180616380985
0.011496568803656054
0.005729642561137199
0.0019045597810619238
0.00042223624963749507
0.0001234990583697566
1.3938532222125977e-05
1.0491267989316016e-06
5.2660300821804315e-08
1.762667130924719e-09
3.9343812335205133e-11
5.855846144203519e-13
5.81163421307326e-15
3.8458381292153123e-17
1.6969028516594528e-19
4.992128604167723e-22
9.791908350147582e-25
1.2805369474577628e-27
1.1164799254232062e-30
6.489855190722631e-34
2.5149887129967852e-37
6.497497005809019e-41
0.0
0.0
0.0
0.0
0.0
0.0
0.0
0.0
0.0
0.0
0.0
0.0
0.0
0.0
0.0
0.0
0.0
0.0
0.0
0.0
0.0
0.0
0.0
0.0
0.0
0.0
0.0
0.0
0.0
0.0
0.0
0.0
0.0
0.0
0.0
0.0
0.0
0.0
0.0
0.0
0.0
0.0
0.0
0.0
0.0
0.0
0.0
0.0
0.0
0.0
0.0
0.0
0.0
0.0
0.0
0.0
0.0
0.0
0.0
0.0
0.0
0.0
0.0
0.0
0.0
0.0
0.0
0.0
0.0
0.0
0.0
0.0
0.0
0.0
0.0
0.0
0.0
0.0
0.0
0.0
0.0
0.0
0.0
0.0
0.0
0.0
0.0
0.0
0.0
0.0
0.0
0.0
0.0
0.0
0.0
0.0
0.0
0.0
0.0
0.0
0.0
0.0
0.0
0.0
0.0
0.0
0.0
0.0
0.0
0.0
0.0
0.0
0.0
0.0
0.0
0.0
0.0
0.0
0.0
0.0
0.0
0.0
0.0
0.0
0.0
0.0
0.0
0.0
0.0
0.0
0.0
0.0
0.0
0.0
0.0
0.0
0.0
0.0
0.0
0.0
0.0
0.0
0.0
0.0
0.0
0.0
0.0
0.0
0.0
0.0
0.0
0.0
0.0
0.0
0.0
0.0
0.0
0.0
0.0
0.0
0.0
0.0
0.0
0.0
0.0
0.0
0.0
0.0
0.0
0.0
0.0
0.0
0.0
0.0
0.0
0.0
0.0
0.0
0.0
0.0
0.0
0.0
0.0
0.0
0.0
0.0
0.0
0.0
0.0
0.0
0.0
0.0
0.0
0.0
0.0
0.0
0.0
0.0
0.0
0.0
0.0
0.0
0.0
0.0
0.0
0.0
0.0
0.0
0.0
0.0
0.0
0.0
0.0
0.0
0.0
0.0
0.0
0.0
0.0
0.0
0.0
0.0
0.0
0.0
0.0
0.0
0.0
0.0
0.0
0.0
0.0
0.0
0.0
0.0
0.0
0.0
0.0
0.0
0.0
0.0
0.0
0.0
0.0
0.0
0.0
0.0
0.0
0.0
0.0
0.0
0.0
0.0
0.0
0.0
0.0
0.0
0.0
0.0
0.0
0.0
0.0
0.0
0.0
0.0
0.0
0.0
0.0
0.0
0.0
0.0
0.0
0.0
0.0
0.0
0.0
0.0
0.0
0.0
0.0
0.0
0.0
0.0
0.0
0.0
0.0
0.0
0.0
0.0
0.0
0.0
0.0
0.0
0.0
0.0
0.0
0.0
0.0
0.0
0.0
0.0
0.0
0.0
0.0
0.0
0.0
0.0
0.0
0.0
0.0
0.0
0.0
0.0
0.0
0.0
0.0
0.0
0.0
0.0
0.0
0.0
0.0
0.0
0.0
0.0
0.0
0.0
0.0
0.0
0.0
0.0
0.0
0.0
0.0
0.0
0.0
0.0
0.0
0.0
0.0
0.0
0.0
0.0
0.0
0.0
0.0
0.0
0.0
0.0
0.0
0.0
0.0
0.0
0.0
0.0
0.0
