a = 4.980454711608642 b = 4.980454711608642 c = 5.193743817075528 ,Gaussian ,LMH = 0.08 ,DW = [1.4 1.4]
0.0
0.0
0.0
0.0
0.0
0.0
0.0
0.0
0.0
0.0
0.0
0.0
0.0
0.0
0.0
0.0
0.0
0.0
0.0
0.0
0.0
0.0
0.0
0.0
0.0
0.0
0.0
0.0
0.0
0.0
0.0
0.0
0.0
0.0
0.0
0.0
0.0
0.0
0.0
0.0
0.0
0.0
0.0
0.0
0.0
0.0
0.0
0.0
0.0
0.0
0.0
0.0
0.0
0.0
0.0
0.0
0.0
0.0
0.0
0.0
0.0
0.0
0.0
0.0
0.0
0.0
0.0
0.0
0.0
0.0
0.0
0.0
0.0
0.0
0.0
0.0
0.0
0.0
0.0
0.0
0.0
0.0
0.0
0.0
0.0
0.0
0.0
0.0
0.0
0.0
0.0
0.0
0.0
0.0
0.0
0.0
0.0
0.0
0.0
0.0
0.0
0.0
0.0
0.0
0.0
0.0
0.0
0.0
0.0
0.0
0.0
0.0
0.0
0.0
0.0
0.0
0.0
0.0
0.0
0.0
0.0
0.0
0.0
0.0
0.0
0.0
0.0
0.0
0.0
0.0
0.0
0.0
0.0
0.0
0.0
0.0
0.0
0.0
0.0
0.0
0.0
0.0
0.0
0.0
0.0
0.0
0.0
0.0
0.0
0.0
0.0
0.0
0.0
0.0
0.0
0.0
0.0
0.0
0.0
0.0
0.0
0.0
0.0
0.0
0.0
0.0
0.0
0.0
0.0
0.0
0.0
0.0
0.0
0.0
0.0
0.0
0.0
0.0
0.0
0.0
0.0
0.0
0.0
0.0
0.0
0.0
0.0
0.0
0.0
0.0
0.0
0.0
0.0
0.0
0.0
0.0
0.0
0.0
0.0
0.0
0.0
0.0
0.0
0.0
0.0
0.0
0.0
0.0
0.0
0.0
0.0
0.0
0.0
0.0
0.0
0.0
0.0
0.0
0.0
0.0
0.0
0.0
0.0
0.0
0.0
0.0
0.0
0.0
0.0
0.0
0.0
0.0
0.0
0.0
0.0
0.0
0.0
0.0
0.0
0.0
0.0
0.0
0.0
0.0
0.0
0.0
0.0
0.0
0.0
0.0
0.0
0.0
0.0
0.0
0.0
0.0
0.0
0.0
0.0
0.0
0.0
0.0
0.0
0.0
0.0
0.0
0.0
0.0
0.0
0.0
0.0
0.0
0.0
0.0
0.0
0.0
0.0
0.0
0.0
0.0
0.0
0.0
0.0
0.0
0.0
0.0
0.0
0.0
0.0
0.0
0.0
0.0
0.0
0.0
0.0
0.0
0.0
0.0
0.0
0.0
0.0
0.0
0.0
0.0
0.0
0.0
0.0
0.0
0.0
0.0
0.0
0.0
0.0
0.0
0.0
0.0
0.0
0.0
0.0
0.0
0.0
0.0
0.0
0.0
0.0
0.0
0.0
0.0
0.0
0.0
0.0
0.0
0.0
0.0
0.0
0.0
0.0
0.0
0.0
0.0
0.0
0.0
0.0
0.0
0.0
0.0
0.0
0.0
0.0
0.0
0.0
0.0
0.0
0.0
0.0
0.0
0.0
0.0
0.0
0.0
0.0
0.0
0.0
0.0
0.0
0.0
0.0
0.0
0.0
0.0
0.0
0.0
0.0
0.0
0.0
0.0
0.0
0.0
0.0
0.0
0.0
0.0
0.0
0.0
0.0
0.0
0.0
0.0
0.0
0.0
0.0
0.0
0.0
0.0
0.0
0.0
0.0
0.0
0.0
0.0
0.0
0.0
0.0
0.0
0.0
0.0
0.0
0.0
0.0
0.0
0.0
0.0
0.0
0.0
0.0
0.0
0.0
0.0
0.0
0.0
0.0
0.0
0.0
0.0
0.0
0.0
0.0
0.0
0.0
0.0
0.0
0.0
0.0
0.0
0.0
0.0
9.417237975350562e-35
6.852998802097318e-34
3.3236808492690366e-33
1.0743344983741784e-32
2.3144152217000677e-32
3.3229559207099394e-32
3.179724051889125e-32
2.027850021616809e-32
8.619136918214041e-33
2.441593026366902e-33
4.60961145529114e-34
5.800119116671391e-35
4.863971857189815e-36
2.718483756637379e-37
1.01261412123272e-38
9.014804877056087e-40
1.7075606904051927e-41
2.1556463545621187e-43
1.813679013873427e-45
1.0170092190986419e-47
3.800763965578691e-50
9.466696594918787e-53
1.5714753201954026e-55
1.7385941725406047e-58
1.2819480395766703e-61
6.2997624526023495e-65
2.0632861976446697e-68
4.50377121079373e-72
0.0
0.0
0.0
0.0
0.0
0.0
0.0
0.0
0.0
0.0
0.0
0.0
0.0
0.0
0.0
0.0
0.0
0.0
0.0
0.0
0.0
0.0
0.0
0.0
0.0
0.0
0.0
0.0
0.0
0.0
0.0
0.0
0.0
0.0
0.0
0.0
0.0
0.0
0.0
0.0
0.0
0.0
0.0
0.0
0.0
0.0
0.0
0.0
0.0
0.0
0.0
0.0
0.0
0.0
0.0
0.0
0.0
0.0
0.0
0.0
0.0
0.0
0.0
0.0
0.0
0.0
0.0
0.0
0.0
0.0
0.0
0.0
0.0
0.0
0.0
0.0
0.0
0.0
0.0
0.0
0.0
0.0
0.0
0.0
0.0
0.0
0.0
0.0
0.0
0.0
0.0
0.0006821252247649559
0.004956705880584053
0.024005112055073437
0.07748111711562426
0.16667465238073942
0.2389597694210588
0.22832926109628116
0.14540518728268653
0.06171344310779615
0.01745666197459853
0.0032909719137976193
0.0004134935100804094
3.4625397465538084e-05
1.9324238343340937e-06
7.187726635398214e-08
1.781813585897934e-09
2.9438422133435656e-11
3.2415172670751513e-13
2.3788315965601347e-15
1.1634845094293162e-17
3.7926176413177454e-20
8.239465969510278e-23
1.193000473629707e-25
1.1512342879703081e-28
8.973185434476454e-31
4.403239649974347e-34
1.4400565648908667e-37
3.138833853295634e-41
0.0
0.0
0.0
0.0
0.0
0.0
0.0
0.0
0.0
0.0
0.0
0.0
0.0
0.0
0.0
0.0
0.0
0.0
0.0
0.0
0.0
0.0
0.0
0.0
0.0
0.0
0.0
0.0
0.0
0.0
0.0
0.0
0.0
0.0
0.0
0.0
0.0
0.0
0.0
0.0
0.0
0.0
0.0
0.0
0.0
0.0
0.0
0.0
0.0
0.0
0.0
0.0
0.0
0.0
0.0
0.0
0.0
0.0
0.0
0.0
0.0
0.0
0.0
0.0
0.0
0.0
0.0
0.0
0.0
0.0
0.0
0.0
0.0
0.0
0.0
0.0
0.0
0.0
0.0
0.0
0.0
0.0
0.0
0.0
0.0
0.0
0.0
0.0
0.0
0.0
0.0
0.0
0.0
0.0
0.0
0.0
0.0
0.0
0.0
0.0
0.0
0.0
0.0
0.0
0.0
0.0
0.0
0.0
0.0
0.0
0.0
0.0
0.0
0.0
0.0
0.0
0.0
0.0
0.0
0.0
0.0
0.0
0.0
0.0
0.0
0.0
0.0
0.0
0.0
0.0
0.0
0.0
0.0
0.0
0.0
0.0
0.0
0.0
0.0
0.0
0.0
0.0
0.0
0.0
0.0
0.0
0.0
0.0
0.0
0.0
0.0
0.0
0.0
0.0
0.0
0.0
0.0
0.0
0.0
0.0
0.0
0.0
0.0
0.0
0.0
0.0
0.0
0.0
0.0
0.0
0.0
0.0
0.0
0.0
0.0
0.0
0.0
0.0
0.0
0.0
0.0
0.0
0.0
0.0
0.0036105955005338395
0.025032254922168314
0.1156651851557755
0.3561942382332951
0.7310594088858431
1.0
0.9116515553453731
0.5539101236402136
0.22430103434898754
0.0605347562646669
0.010888294731558302
0.0013052583685026708
0.00010428327284797897
5.552829866102332e-06
1.970587075392877e-07
4.660778253977628e-09
7.346877525893332e-11
7.71842533721707e-13
2.9551543710202074e-14
1.5787329019567797e-16
5.621066146256555e-19
1.333860094829527e-21
2.1095188582031138e-24
2.2235049086549297e-27
1.5619758724686697e-30
7.312941476745713e-34
2.281872754270601e-37
4.745394210064967e-41
0.0
0.0
0.0
0.0
0.0
0.0
0.0
0.0
0.0
0.0
0.0
0.0
0.0
0.0
0.0
0.0
0.0
0.0
0.0
0.0
0.0
0.0
0.0
0.0
0.0
0.0
0.0
0.0
0.0
0.0
0.0
0.0
0.0
0.0
0.0
0.0
0.0
0.0
0.0
0.0
0.0
0.0
0.0
0.0
0.0
0.0
0.0
0.0
0.0
0.0
0.0
0.0
0.0
0.0
0.0
0.0
0.0
0.0
0.0
0.0
0.0
0.0
0.0
0.0
0.0
0.0
0.0
0.0
0.0
0.0
0.0
0.0
0.0
0.0
0.0
0.0
0.0
0.0
0.0
0.0
0.0
0.0
0.0
0.0
0.0
0.0
0.0
0.0
0.0
0.0
0.0
0.0
0.0
0.0
0.0
0.0
0.0
0.0
0.0
0.0
0.0
0.0
0.0
0.0
0.0
0.0
0.0
0.0
0.0
0.0
0.0
0.0
0.0
0.0
0.0
0.0
0.0
0.0
0.0
0.0
0.0
0.0
0.0
0.0
0.0
0.0
0.0
0.0
0.0
0.0
0.0
0.0
0.0
0.0
0.0
0.0
0.0
0.0
0.0
0.0
0.0
0.0
0.0
0.0
0.0
0.0
0.0
0.0
0.0
0.0
0.0
0.0
0.0
0.0
0.0
0.0
0.0
0.0
0.0
0.0
0.0
0.0
0.0
0.0
0.0
0.0
0.0
0.0
0.0
0.0
0.0
0.0
0.0
0.0
0.0
0.0
0.0
0.0
0.0
0.0
0.0
0.0
0.0
0.0
0.0
0.0
0.0
0.0
0.0
0.0
0.0
0.0
0.0
0.0
0.0
0.0
0.0
0.0
0.0
0.0
0.0
0.0
0.0
0.0
0.0
0.0
0.0
0.0
0.0
0.0
0.0
0.0
0.0
0.0
0.0
0.0
0.0
0.0
0.0
0.0
0.0
0.0
0.0
0.0
0.0
0.0
0.0
0.0
0.0
0.0
0.0
1.466522581350864e-35
1.0127099840111636e-34
4.660826931592329e-34
1.4296259086368118e-33
2.922559702158856e-33
3.981859404561235e-33
3.615680103586836e-33
2.1881426213155047e-33
8.825570730681717e-34
2.3724197039114636e-34
4.2503216092241745e-35
5.0749715499438865e-36
4.038564087454173e-37
2.1419133332839744e-38
7.571089109957751e-40
1.7835955059478737e-41
1.1699192957192048e-42
1.401510952099688e-44
1.118970497175245e-46
5.954185001211755e-49
2.1115801022346813e-51
4.9908480268095e-54
7.86181243894337e-57
8.253773744073988e-60
5.775159576169391e-63
2.6931278213349576e-66
8.370116293296787e-70
1.7337543587368853e-73
0.0
0.0
0.0
0.0
0.0
0.0
0.0
0.0
0.0
0.0
0.0
0.0
0.0
0.0
0.0
0.0
0.0
0.0
0.0
0.0
0.0
0.0
0.0
5.353510330750068e-05
0.00047662586860946067
0.002828121885445222
0.011184077906901358
0.02947703471426994
0.051778438641639696
0.06061716987339391
0.04729594526098659
0.02459425727227804
0.00852363927620606
0.001968783496910445
0.0003030766001995114
3.109484537918486e-05
2.1262089628163625e-06
9.689581850440758e-08
2.9429689155806473e-09
2.2866882559608127e-10
3.531751846873857e-12
3.6354229853750735e-14
2.4940276546457726e-16
1.1403262689074362e-18
3.4748698378634416e-21
7.057152493870005e-24
9.552169290124543e-27
8.616999498653809e-30
5.180738514141882e-33
2.0759114587971016e-36
5.5437996624524e-40
0.0
0.0
0.0
0.0
0.0
0.0
0.0
0.0
0.0
0.0
0.0
0.0
0.0
0.0
0.0
0.0
0.0
0.0
0.0
0.0
0.0
0.0
0.0
0.0
0.0
0.0
0.0
0.0
0.0
0.0
0.0
0.0
0.0
0.0
0.0
0.0
0.0
0.0
0.0
0.0
0.0
0.0
0.0
0.0
0.0
0.0
0.0
0.0
0.0
0.0
0.0
0.0
0.0
0.0
0.0
0.0
0.0
0.0
0.0
0.0
0.0
0.0
0.0
0.0
0.0
0.0
0.0
0.0
0.0
0.0
0.0
0.0
0.0
0.0
0.0
0.0
0.0
0.0
0.0
0.0
0.0
0.0
0.0
0.0
0.0
0.0
0.0
0.0
0.0
0.0
0.0
0.0
0.0
0.0
0.0
0.0
0.0
0.0
0.0
0.0
0.0
0.0
0.0
0.0
0.0
0.0
0.0
0.0
0.0
0.0
1.8430498275446265e-05
0.0001667805518609493
0.001005854781108524
0.004043027643986384
0.010830778775521868
0.019337227551460168
0.023009664091405195
0.020623158801892257
0.012478829100990936
0.005032387052848889
0.001352557646094817
0.00024228084490707762
2.892437099865683e-05
2.301390496903873e-06
0.00016786730991190233
0.0011591562726675588
0.005338411142368756
0.016385707369393515
0.03351968488421593
0.04570000084281701
0.04152542032628952
0.02514741879308181
0.010149726503420104
0.002730214780426952
0.0004894640904297261
5.8482564067714026e-05
4.657078124341424e-06
2.4716227831425817e-07
8.742434846936077e-09
2.0609343945974048e-10
3.238004724752658e-12
3.3905670507170485e-14
2.3661852598133804e-16
6.8971109067844916e-18
2.4476324213117468e-20
5.789042434990738e-23
9.125335005873172e-26
9.586773115201476e-29
6.712396923749514e-32
3.1323072686233e-35
9.741652533865208e-39
2.019214517561202e-42
0.0
0.0
0.0
0.0
0.0
0.0
0.0
0.0
0.0
0.0
0.0
0.0
0.0
0.0
0.0
0.0
0.0
5.8644707498255595e-05
0.00046869834141302885
0.00249654591097629
0.008862724423498156
0.02096894025805772
0.03306490409000693
0.03474878311605032
0.024338481670139706
0.011361323113488357
0.0035346457059497872
0.0007328994821570084
0.00010128018568702289
9.327947888066594e-06
5.725709127897703e-07
2.3423619264610204e-08
6.386461039272863e-10
1.1605078490028822e-11
1.4054566195357994e-13
1.1344055869006718e-15
6.1024020367151324e-18
2.187836301693012e-20
5.227696667178739e-23
8.325062146862434e-26
8.835805281310008e-29
6.250090949147529e-32
3.960475498653936e-34
1.4245907225510065e-37
3.415186623546899e-41
0.0
0.0
0.0
0.0
0.0
0.0
0.0
0.0
0.0
0.0
0.0
0.0
0.0
0.0
0.0
0.0
0.0
0.0
0.0
0.0
0.0
0.0
0.0
0.0
0.0
0.0
0.0
0.0
0.0
0.0
0.0
0.0
0.0
0.0
0.0
0.0
0.0
0.0
0.0
0.0
0.0
0.0
0.0
0.0
0.0
0.0
0.0
0.0
0.0
0.0
0.0
0.0
0.0
0.0
0.0
0.0
0.0
0.0
0.0
0.0
0.0
0.0
0.0
0.0
0.0
0.0
0.0
0.0
0.0
0.0
0.0
0.0
0.0
0.0
0.0
0.0
0.0
0.0
0.0
0.0
0.0
0.0
0.0
0.0
0.0
0.0
0.0
0.0
0.0
0.0
0.0
0.0
0.0
0.0
0.0
2.4240721397160177e-05
0.0002037035020670116
0.0011408616955030694
0.0042584254684831496
0.010593675126678
0.015524319674310491
0.01963870096422527
0.01655748939640764
0.009303744218682528
0.0034841960724380735
0.0008696188795497984
0.00014465614288676148
1.603711893990725e-05
1.1849427488000719e-06
5.835121901712384e-08
1.915067328614981e-09
4.188897265665598e-11
6.106564089979069e-13
5.933018163814128e-15
3.8418109013403983e-17
1.6579744718554164e-19
4.76871362246117e-22
9.141262778666668e-25
1.1678651337768484e-27
9.943991410160834e-31
5.64300371569106e-34
2.134231277051692e-37
5.379651869515331e-41
0.0
0.0
0.0
0.0
0.0
0.0
0.0
0.0
0.0
0.0
0.0
0.0
0.0
0.0
0.0
0.0
0.0
0.0
0.0
0.0
0.0
0.0
0.0
0.0
0.0
0.0
0.0
0.0
0.0
0.0
0.0
0.0
0.0
0.0
0.0
0.0
0.0
0.0
0.0
0.0
0.0
0.0
0.0
0.0
0.0
0.0
0.0
0.0
0.0
0.0
0.0
0.0
0.0
0.0
0.0
0.0
0.0
0.0
0.0
0.0
0.0
0.0
0.0
0.0
0.0
0.0
0.0
0.0
0.0
0.0
0.0
0.0
0.0
0.0
0.0
0.0
0.0
0.0
0.0
0.0
0.0
0.0
0.0
0.0
0.0
0.0
0.0
0.0
0.0
0.0
0.0
0.0
0.0
0.0
0.0
0.0
0.0
0.0
0.0
0.0
0.0
0.0
0.0
0.0
0.0
0.0
0.0
0.0
0.0
0.0
0.0
0.0
0.0
0.0
0.0
0.0
0.0
0.0
0.0
0.0
0.0
0.0
0.0
0.0
0.0
0.0
0.0
0.0
0.0
0.0
0.0
0.0
0.0
0.0
0.0
0.0
0.0
0.0
0.0
0.0
0.0
0.0
0.0
0.0
0.0
0.0
0.0
0.0
0.0
0.0
0.00025284582740306574
0.0017008932956016935
0.007625703158200389
0.022785799434906658
0.04537641625254183
0.060225118624189354
0.05327294223187366
0.03918262756247839
0.017624838884997017
0.005283701851896806
0.0010556817144814182
0.00014057537258120082
1.2475760688639903e-05
7.379150634465972e-07
2.9088897714396806e-08
7.642398884577762e-10
1.3381773858015217e-11
1.561633869219149e-13
1.2145804906216337e-15
6.295858091773618e-18
2.1750292824917316e-20
5.007913677042063e-23
7.684756453671363e-26
7.859319254367454e-29
5.356995742014533e-32
2.433544094772285e-35
7.367814562965556e-39
1.4866875408792963e-42
0.0
0.0
0.0
0.0
0.0
0.0
0.0
0.0
0.0
0.0
0.0
0.0
0.0
0.0
0.0
0.0
0.0
0.0
0.0
0.0
0.0
0.0
0.0
0.0
0.0
0.0
0.0
0.0
0.0
0.0
0.0
0.0
0.0
0.0
0.0
0.0
0.0
0.0
0.0
0.0
0.0
0.0
1.447755590030508e-06
1.2308346441807596e-05
6.974060672075272e-05
0.0002633621014707673
0.0006628303483652142
0.0011118163052882479
0.0012429259091823706
0.0009260597137324981
0.00045984798751498487
0.00015218475062422153
3.3566768392251686e-05
4.93434459002844e-06
4.834270711476844e-07
3.1565596896120455e-08
4.085421711780088e-09
1.3565084783105122e-10
3.0018547931674527e-12
4.427294346791089e-14
4.3517973288578237e-16
2.850890087256929e-18
1.2447262106614535e-20
3.6220024835212795e-23
7.024334765321997e-26
9.079108504129101e-29
7.821008537244991e-32
4.490181143564997e-35
1.718092380080209e-38
4.381377865160698e-42
0.0
0.0
0.0
0.0
0.0
0.0
0.0
0.0
0.0
0.0
0.0
0.0
0.0
0.0
0.0
0.0
0.0
0.0
0.0
0.0
0.0
0.0
0.0
0.0
0.0
0.0
0.0
0.0
0.0
0.0
0.0
0.0
0.0
0.0
0.0
0.0
0.0
0.0
0.0
0.0
0.0
0.0
0.0
0.0
0.0
0.0
0.0
0.0
0.0
0.0
0.0
0.0
0.0
0.0
0.0
0.0
1.5662431769948266e-05
0.0001373439579288422
0.0008026782095318255
0.0031264748258371887
0.008116147799521243
0.014041920387555362
0.016191407900700366
0.01421098602102533
0.008332683761768236
0.0032563204446583493
0.0008481075317669098
0.00014721641999741367
1.703111701615398e-05
1.3131416050665107e-06
6.747789691307862e-08
2.310963379513124e-09
5.2748016915019016e-11
8.024181772484655e-13
8.135362849090671e-15
5.497112761811688e-17
2.475562593340582e-19
7.430101147283858e-22
1.486267866470229e-24
1.981440332674036e-27
1.760542273637225e-30
1.0425417709903182e-33
4.114546926279957e-37
1.0822612853579766e-40
0.0
0.0
0.0
0.0
0.0
0.0
0.0
0.0
0.0
6.206061570738784e-06
3.9756266993932494e-05
0.0001697370560319249
0.00048298014814724663
0.0009159324456563383
0.0011576550082727862
0.0009751612031900304
0.0005474635664578885
0.0002048403825610226
5.108077554304315e-05
8.489476973897639e-06
9.403422189354999e-07
6.941806184012558e-08
3.4153921889907947e-09
1.1199283174397956e-10
2.4474927793856927e-12
3.56479172219756e-14
3.4604171070000513e-16
2.2387432436027224e-18
9.652985953236638e-21
2.773962645005039e-23
4.475354319845142e-25
6.539867346045002e-28
6.369304354505529e-31
4.134248836749845e-34
1.7884745807390006e-37
5.156446062229258e-41
9.908313397544017e-45
0.0
0.0
1.1033452080790022e-05
8.602724278446379e-05
0.00044703563365775493
0.0015482098619234832
0.0035735434313542893
0.005497305190054766
0.005636145285680341
0.003851199879456123
0.001753846123828696
0.0005323147047640201
0.00010767800180016209
1.4516671865775876e-05
1.3043335966195197e-06
7.810734033434271e-08
3.1172854091278974e-09
8.291685707838599e-11
1.4699096648637176e-12
7.976702248928346e-14
7.190743128574955e-16
4.32021854545588e-18
1.729892863381154e-20
4.6165149396358965e-23
8.210901303059746e-26
9.733050271801055e-29
7.689332650029494e-32
4.0486467021984544e-35
1.4207336269173063e-38
3.322744801576172e-42
0.0
0.0
0.0
0.0
0.0
0.0
0.0
0.0
0.0
0.0
0.0
0.0
0.0
0.0
0.0
0.0
0.0
0.0
0.0
0.0
0.0
0.0
0.0
0.0
0.0
0.0
0.0
0.0
0.0
0.0
0.0
0.0
0.0
0.0
0.0
0.0
0.0
0.0
0.0
0.0
0.0
0.0
4.582294010296956e-05
0.00038195558023127797
0.002121897082732847
0.007856286637133033
0.0193861635866652
0.03188217741135265
0.03494504654798506
0.0255272963784049
0.012428123671269943
0.004032625202507283
0.0008720707134438701
0.00012568894822754598
1.2073245461151003e-05
7.729163901515257e-07
3.29778661952214e-08
9.377652479283356e-10
1.777244854465737e-11
2.2448221801161798e-13
1.889723101344481e-15
1.0602198910470021e-17
3.964379956318034e-20
9.8795268011719e-23
1.6408865829540216e-25
1.8163625221705119e-28
1.5513842260212863e-30
8.732647302795376e-34
3.2760763681057085e-37
8.191127047715884e-41
0.0
0.0
0.0
0.0
0.0
0.0
0.0
0.0
0.0
0.0
0.0
0.0
0.0
0.0
0.0
0.0
0.0
0.0
0.0
0.0
0.0
0.0
0.0
0.0
0.0
0.0
0.0
0.0
0.0
0.0
0.0
0.0
0.0
0.0
0.0
0.0
0.0
0.0
0.0
0.0
0.0
0.0
0.0
0.0
0.0
0.0
0.0
0.0
0.0
0.0
0.0
0.0
0.0
0.0
0.0
0.0
0.0
0.0
0.0
0.0
0.0
0.0
0.0
0.0
0.0
0.0
0.0
0.0
0.0
0.0
0.0
0.0
0.0
0.0
0.0
0.0
0.0
0.0
0.0
0.0
0.0
0.0
0.0
0.0
0.0
0.0
0.0
0.0
0.0
0.0
0.0
0.0
0.0
0.0
0.0
0.0
0.0
0.0
0.0
0.0
0.0
0.0
0.0
0.0
0.0
0.0
0.0
0.0
0.0
0.0
0.0
0.0
0.0
0.0
0.0
0.0
0.0
0.0
0.0
0.0
0.0
0.0
0.0
0.0
0.0
0.0
0.0
0.0
0.0
0.0
0.0
0.0
0.0
0.0
0.0
0.0
0.0
0.0
0.0
0.0
0.0
0.0
0.0
0.0
0.0
0.0
0.0
0.0
0.0
0.0
0.0
0.0
0.0
0.0
0.0
1.0343067493618982e-06
9.565138621436545e-06
5.895419671531734e-05
0.00024216966014316087
0.0006629889445641764
0.001209690831302876
0.0014710385012988386
0.001192216802948148
0.0006439734840658493
0.00023182607409424316
5.562091435983743e-05
8.893967038279406e-06
9.478387403714886e-07
6.732167970951347e-08
3.1868159302150626e-09
1.0054038959148429e-10
2.1140034722256844e-12
2.9624591945248734e-14
2.7668180860859053e-16
1.7222269581457094e-18
7.144662333616459e-21
1.4723468060055437e-22
3.1060183999840846e-25
4.366962654556329e-28
4.092008054678921e-31
2.5554949676220303e-34
1.0636411438849367e-37
2.9505078534475253e-41
0.0
2.4224278576995175e-05
0.00015807402524734533
0.0006874667863322401
0.0019926199655047844
0.003849273610710907
0.0049558098592300285
0.004252379702823886
0.002431817536337297
0.000926854330690088
0.00023543635707049188
3.985814871402263e-05
4.49720065617983e-06
3.38180806636561e-07
1.6948731285933523e-08
5.66118022436354e-10
1.2602546711232814e-11
1.8697829657201708e-13
1.8488668266943e-15
6.798547107506859e-17
3.418480624659497e-19
1.1455965116122478e-21
2.5586553499084195e-24
3.8086708906247845e-27
3.778475851923897e-30
2.4982816815068284e-33
1.1008995755279887e-36
3.233222208148705e-40
6.328560704827756e-44
0.0
0.0
0.0
0.0
0.0
0.0
0.0
0.0
0.0
0.0
0.0
0.0
0.0
0.0
0.0
0.0
0.0
0.0
0.0
0.0
0.0
0.0
0.0
0.0
0.0
0.0
0.0
0.0
0.0
0.0
0.0
0.0
0.0
0.0
0.0
0.0
9.951653515527858e-06
9.063496272994821e-05
0.0005501458260361411
0.0022255708905410013
0.006000488261610334
0.009277925681674636
0.01272033731252703
0.011623258982376154
0.007078459466204292
0.002872970274581736
0.000823695545881483
0.0004764452273102554
0.001636624863699383
0.005200389650259717
0.011121723629771072
0.01585611938638931
0.01506627654136654
0.009541058902292836
0.004026880753608845
0.00113271984586729
0.00021235270537873257
2.653228386509281e-05
2.2093932361143003e-06
1.2261764006562757e-07
4.535387875302422e-09
1.1180403159926191e-10
1.8368853143712917e-12
2.011352399816078e-14
1.4678302786314742e-16
7.139126287673112e-19
2.314173067919603e-21
4.04573291503309e-23
6.668844019519796e-26
7.326312826224255e-29
5.364162254733984e-32
2.617579623758611e-35
8.512937499423597e-39
1.8451876393595325e-42
0.0
0.0
0.0
0.0
0.0
0.0
0.0
0.0
0.0
0.0
0.0
0.0
0.0
0.0
0.0
0.0
0.0
0.0
0.0
0.0
0.0
0.0
0.0
0.0
0.0
0.0
0.0
0.0
0.0
0.0
0.0
2.2254810707307615e-05
0.00018606466220935145
0.0010367772077740992
0.0038502464737651928
0.009529567059769739
0.01571952278288688
0.017281725103061283
0.012662410127588862
0.006183398089669996
0.0020124244592545667
0.00043650931416385467
6.310285244153409e-05
6.079754115614248e-06
1.0198701754211152e-06
4.996714047033603e-08
1.6315697662277425e-09
3.55065396939269e-11
5.149826517065175e-13
4.978040166427921e-15
3.2070500819922456e-17
1.3770022051345682e-19
3.940443253985551e-22
7.5151398658383715e-25
9.552358343126213e-28
8.092182943724491e-31
4.568801893778154e-34
1.7191766742555078e-37
4.3114190971488536e-41
0.0
0.0
0.0
0.0
0.0
0.0
0.0
0.0
0.0
0.0
0.0
0.0
0.0
0.0
0.0
0.0
0.0
0.0
0.0
0.0
0.0
0.0
0.0
0.0
0.0
0.0
0.0
0.0
0.0
0.0
0.0
0.0
0.0
0.0
0.0
0.0
0.0
0.0
0.0
0.0
0.0
0.0
0.0
0.0
0.0
0.0
0.0
0.0
0.0
0.0
0.0
0.0
0.0
0.0
0.0
0.0
0.0
0.0
0.0
0.0
0.0
0.0
0.0
0.0
0.0
0.0
0.0
0.0
0.0
0.0
0.0
0.0
0.0
0.0
0.0
0.0
0.0
0.0
0.0
0.0
9.279472722703688e-38
7.764379071705726e-37
4.329838615310666e-36
1.6092304307747184e-35
3.9860827651726324e-35
6.580455181210718e-35
7.240142387956658e-35
5.309086817863793e-35
3.4458986561297964e-35
1.2849250650397204e-35
3.1932627100170794e-36
5.288993656277027e-37
5.838388505198028e-38
4.295309712407111e-39
2.1060929057548257e-40
6.882434939671446e-42
1.4989538166217774e-43
2.175784798025964e-45
2.1048694849992997e-47
1.357112823543818e-49
5.83160748329413e-52
1.6700987967825122e-54
3.187701082259515e-57
4.0550346055231685e-60
3.4378987964012453e-63
1.942554263419116e-66
7.315344426989757e-70
1.8360222774944888e-73
0.0
0.0
0.0
0.0
0.0
0.0
0.0
0.0
0.0
0.0
0.0
0.0
0.0
0.0
0.0
0.0
0.0
0.0
0.0
0.0
0.0
0.0
0.0
0.0
0.0
0.0
0.0
0.0
0.0
0.0
0.0
0.0
0.0
0.0
0.0
0.0
0.0
0.0
0.0
0.0
0.0
0.0
0.0
0.0
0.0
0.0
0.0
0.0
0.0
0.0
0.0
0.0
0.0
0.0
0.0
0.0
0.0
0.0
0.0
0.0
0.0
0.0
0.0
0.0
0.0
6.130325940883228e-06
5.443879600113121e-05
0.00032219218738152334
0.0012708756165331829
0.003340970472754123
0.005853609889090528
0.006835282401134291
0.005319498575794131
0.0027590938924558143
0.0009537703359562674
0.00021973674665315925
3.373984768477262e-05
3.452749677171207e-06
2.3548791103626708e-07
1.0704187041448051e-08
3.242801083332485e-10
6.5473940265797735e-12
8.810452101008174e-14
3.978495449071126e-15
2.7223951509237106e-17
1.241552268103202e-19
3.7736394283841637e-22
7.644293308612968e-25
1.032038341312396e-27
9.2861537497213e-31
5.568746597172844e-34
2.2256690688014363e-37
5.928506121999973e-41
0.0
0.0
0.0
7.02407672781867e-06
5.4701828234159035e-05
0.00028391999859995554
0.000982136101287617
0.0022681852194870516
0.0035141542757619088
0.0037720660070810004
0.0032645632220670716
0.0033155232074479645
0.004241266886367478
0.004669765085619004
0.0036228066796448934
0.0018920016466123484
0.0009804256445874954
0.0002608870454638023
4.6271304703537254e-05
5.469647714109664e-06
4.3091308810982557e-07
2.2625686424403022e-08
7.917634054168075e-10
1.846590685765762e-11
2.870300755448407e-13
2.9734847693906873e-15
2.0529840702886482e-17
9.44684933547661e-20
2.8971430971466347e-22
5.921537070614609e-25
8.066413972205753e-28
7.323321638040276e-31
4.431158237210998e-34
1.7869317178799363e-37
4.802641887383385e-41
0.0
0.0
0.0
0.0
0.0
0.0
0.0
0.0
0.0
0.0
0.0
0.0
0.0
0.0
0.0
0.0
0.0
0.0
0.0
0.0
0.0
0.0
0.0
0.0
0.0
0.0
0.0
0.0
0.0
0.0
0.0
0.0
0.0
0.0
0.0
0.0
0.0
0.0
0.0
0.0
0.0
0.0
0.0
0.0
0.0
0.0
0.0
0.0
0.0
0.0
0.0
0.0
0.0
0.0
0.0
2.947386591922958e-06
2.3949070391132058e-05
0.0001296945616419633
0.0003192356339199199
0.0008791177481349529
0.0016134825825199763
0.0019736178455276457
0.0016089531317281872
0.0008741888675905532
0.00031655465044335096
7.639653697629095e-05
1.2287971499960427e-05
1.317250179356686e-06
9.411045768931612e-08
4.481145577071497e-09
1.4220725991810567e-10
3.0077105013264106e-12
4.239667949955305e-14
3.9829898910767606e-16
2.4938372777007984e-18
1.0406592981344383e-20
2.8942135576957556e-23
5.364560240137546e-26
6.627034439051013e-29
5.456144665113467e-32
2.993877829312025e-35
1.0948731859864164e-38
2.66854858132442e-42
0.0
0.0
0.0
0.0
0.0
0.0
0.0
0.0
0.0
0.0
0.0
0.0
0.0
0.0
0.0
0.0
0.0
0.0
0.0
0.0
0.0
0.0
0.0
0.0
0.0
0.0
0.0
0.0
0.0
0.0
0.0
0.0
0.0
0.0
0.0
0.0
0.0
0.0
0.0
0.0
0.0
0.0
0.0
0.0
0.0
0.0
0.0
0.0
0.0
0.0
0.0
0.0
0.0
0.0
0.0
0.0
0.0
0.0
0.0
0.0
0.0
0.0
0.0
0.0
0.0
0.0
0.0
0.0
0.0
0.0
0.0
0.0
0.0
0.0
0.0
0.0
0.0
0.0
0.0
0.0
0.0
0.0
0.0
0.0
0.0
0.0
0.0
0.0
0.0
0.0
0.0
0.0
0.0
0.0
0.0
0.0
0.0
0.0
0.0
0.0
0.0
0.0
0.0
0.0
0.0
0.0
0.0
0.0
0.0
0.0
0.0
0.0
0.0
0.0
0.0
0.0
0.0
0.0
0.0
0.0
0.0
0.0
0.0
0.0
0.0
0.0
0.0
0.0
0.0
0.0
0.0
0.0
0.0
0.0
0.0
0.0
0.0
0.0
0.0
0.0
0.0
0.0
0.0
0.0
0.0
0.0
0.0
0.0
0.0
0.0
0.0
0.0
0.0
0.0
0.0
0.0
0.0
0.0
0.0
0.0
0.0
0.0
0.0
0.0
0.0
0.0
0.0
0.0
0.0
0.0
0.0
0.0
0.0
0.0
0.0
0.0
0.0
0.0
0.0
0.0
0.0
0.0
0.0
0.0
0.0
0.0
0.0
0.0
0.0
0.0
0.0
0.0
0.0
0.0
0.0
0.0
0.0
0.0
0.0
0.0
0.0
0.0
0.0
0.0
0.0
0.0
0.0
0.0
0.0
0.0
0.0
0.0
0.0
0.0
0.0
0.0
0.0
0.0
0.0
0.0
0.0
0.0
0.0
0.0
0.0
0.0
0.0
0.0
0.0
0.0
0.0
0.0
0.0
0.0
0.0
0.0
0.0
0.0
0.0
0.0
0.0
0.0
0.0
0.0
0.0
0.0
0.0
0.0
0.0
0.0
0.0
0.0
0.0
0.0
0.0
0.0
0.0
0.0
0.0
0.0
0.0
0.0
0.0
0.0
0.0
0.0
0.0
0.0
0.0
0.0
0.0
0.0
0.0
0.0
0.0
0.0
0.0
0.0
0.0
0.0
0.0
0.0
0.0
0.0
0.0
0.0
0.0
0.0
0.0
0.0
0.0
0.0
0.0
0.0
0.0
0.0
0.0
0.0
0.0
0.0
0.0
0.0
0.0
0.0
0.0
0.0
0.0
0.0
0.0
0.0
0.0
0.0
0.0
0.0
0.0
0.0
0.0
0.0
0.0
0.0
0.0
0.0
0.0
0.0
0.0
0.0
0.0
0.0
0.0
0.0
0.0
0.0
0.0
0.0
0.0
0.0
0.0
0.0
0.0
0.0
0.0
0.0
0.0
0.0
0.0
0.0
0.0
