a = 4.980454711608642 b = 4.980454711608642 c = 5.274481113299112 ,Gaussian ,LMH = 0.08 ,DW = [0.4 0.4]
0.0
0.0
0.0
0.0
0.0
0.0
0.0
0.0
0.0
0.0
0.0
0.0
0.0
0.0
0.0
0.0
0.0
0.0
0.0
0.0
0.0
0.0
0.0
0.0
0.0
0.0
0.0
0.0
0.0
0.0
0.0
0.0
0.0
0.0
0.0
0.0
0.0
0.0
0.0
0.0
0.0
0.0
0.0
0.0
0.0
0.0
0.0
0.0
0.0
0.0
0.0
0.0
0.0
0.0
0.0
0.0
0.0
0.0
0.0
0.0
0.0
0.0
0.0
0.0
0.0
0.0
0.0
0.0
0.0
0.0
0.0
0.0
0.0
0.0
0.0
0.0
0.0
0.0
0.0
0.0
0.0
0.0
0.0
0.0
0.0
0.0
0.0
0.0
0.0
0.0
0.0
0.0
0.0
0.0
0.0
0.0
0.0
0.0
0.0
0.0
0.0
0.0
0.0
0.0
0.0
0.0
0.0
0.0
0.0
0.0
0.0
0.0
0.0
0.0
0.0
0.0
0.0
0.0
0.0
0.0
0.0
0.0
0.0
0.0
0.0
0.0
0.0
0.0
0.0
0.0
0.0
0.0
0.0
0.0
0.0
0.0
0.0
0.0
0.0
0.0
0.0
0.0
0.0
0.0
0.0
0.0
0.0
0.0
0.0
0.0
0.0
0.0
0.0
0.0
0.0
0.0
0.0
0.0
0.0
0.0
0.0
0.0
0.0
0.0
0.0
0.0
0.0
0.0
0.0
0.0
0.0
0.0
0.0
0.0
0.0
0.0
0.0
0.0
0.0
0.0
0.0
0.0
0.0
0.0
0.0
0.0
0.0
0.0
0.0
0.0
0.0
0.0
0.0
0.0
0.0
0.0
0.0
0.0
0.0
0.0
0.0
0.0
0.0
0.0
0.0
0.0
0.0
0.0
0.0
0.0
0.0
0.0
0.0
0.0
0.0
0.0
0.0
0.0
0.0
0.0
0.0
0.0
0.0
0.0
0.0
0.0
0.0
0.0
0.0
0.0
0.0
0.0
0.0
0.0
0.0
0.0
0.0
0.0
0.0
0.0
0.0
0.0
0.0
0.0
0.0
0.0
0.0
0.0
0.0
0.0
0.0
0.0
0.0
0.0
0.0
0.0
0.0
0.0
0.0
0.0
0.0
0.0
0.0
0.0
0.0
0.0
0.0
0.0
0.0
0.0
0.0
0.0
0.0
0.0
0.0
0.0
0.0
0.0
0.0
0.0
0.0
0.0
0.0
0.0
0.0
0.0
0.0
0.0
0.0
0.0
0.0
0.0
0.0
0.0
0.0
0.0
0.0
0.0
0.0
0.0
0.0
0.0
0.0
0.0
0.0
0.0
0.0
0.0
0.0
0.0
0.0
0.0
0.0
0.0
0.0
0.0
0.0
0.0
0.0
0.0
0.0
0.0
0.0
0.0
0.0
0.0
0.0
0.0
0.0
0.0
0.0
0.0
0.0
0.0
0.0
0.0
0.0
0.0
0.0
0.0
0.0
0.0
0.0
0.0
0.0
0.0
0.0
0.0
0.0
0.0
0.0
0.0
0.0
0.0
0.0
0.0
0.0
0.0
0.0
0.0
0.0
0.0
0.0
0.0
0.0
0.0
0.0
0.0
0.0
0.0
0.0
0.0
0.0
0.0
0.0
0.0
0.0
0.0
0.0
0.0
0.0
0.0
0.0
0.0
0.0
0.0
0.0
0.0
0.0
0.0
0.0
0.0
0.0
0.0
0.0
0.0
0.0
0.0
0.0
0.0
0.0
0.0
0.0
0.0
0.0
0.0
0.0
0.0
0.0
0.0
0.0
0.0
0.0
0.0
0.0
0.0
0.0
0.0
0.0
0.0
0.0
0.0
0.0
0.0
0.0
0.0
0.0
7.90043197244551e-35
6.300895962363782e-34
3.349155621501835e-33
1.1864512416525532e-32
2.8012122096920086e-32
4.4078182053484904e-32
4.622563504264993e-32
3.230900966242086e-32
1.5050327639033282e-32
4.672505388045152e-33
9.667968249205051e-34
1.3332210690804144e-34
1.225323236173759e-35
7.505518822447738e-37
3.0640250798456413e-38
8.336532763641432e-40
1.511681001857853e-41
1.8269068198530206e-43
1.4714794019582283e-45
7.89902567492356e-48
2.826014669939812e-50
6.73840091484773e-53
1.0708307392030369e-55
1.1341391976147513e-58
9.405839738552438e-61
5.065772547494309e-64
1.8183410601994138e-67
4.349972921254379e-71
0.0
0.0
0.0
0.0
0.0
0.0
0.0
0.0
0.0
0.0
0.0
0.0
0.0
0.0
0.0
0.0
0.0
0.0
0.0
0.0
0.0
0.0
0.0
0.0
0.0
0.0
0.0
0.0
0.0
0.0
0.0
0.0
0.0
0.0
0.0
0.0
0.0
0.0
0.0
0.0
0.0
0.0
0.0
0.0
0.0
0.0
0.0
0.0
0.0
0.0
0.0
0.0
0.0
0.0
0.0
0.0
0.0
0.0
0.0
0.0
0.0
0.0
0.0
0.0
0.0
0.0
0.0
0.0
0.0
0.0
0.0
0.0
0.0
0.0
0.0
0.0
0.0
0.0
0.0
0.0
0.0
0.0
0.0
0.0
0.0
0.0
0.0
0.0
0.0
0.0
0.0
0.0
0.0
0.0
0.0
0.0
0.0
0.0
0.0
0.0
0.0006355505326250003
0.004618267948610408
0.02236607179800711
0.07219079937731823
0.15529430704188768
0.2226438829964576
0.2127392130288355
0.13547709550807543
0.057499723237470754
0.016264742034182385
0.0030662682990336594
0.0003852606691962439
3.226121685964315e-05
1.8004802528618862e-06
6.696957282388021e-08
1.6601534915324426e-09
2.742840198145658e-11
3.020190356268712e-13
2.2164078285477967e-15
1.0840431827213794e-17
3.533662258001135e-20
7.676885116324834e-23
1.111543832290471e-25
1.0726293916894917e-28
8.360507096317238e-31
4.102591728345783e-34
1.3417312299832992e-37
2.9245180428136394e-41
0.0
0.0
0.0
0.0
0.0
0.0
0.0
0.0
0.0
0.0
0.0
0.0
0.0
0.0
0.0
0.0
0.0
0.0
0.0
0.0
0.0
0.0
0.0
0.0
0.0
0.0
0.0
0.0
0.0
0.0
0.0
0.0
0.0
0.0
0.0
0.0
0.0
0.0
0.0
0.0
0.0
0.0
0.0
0.0
0.0
0.0
0.0
0.0
0.0
0.0
0.0
0.0
0.0
0.0
0.0
0.0
0.0
0.0
0.0
0.0
0.0
0.0
0.0
0.0
0.0
0.0
0.0
0.0
0.0
0.0
0.0
0.0
0.0
0.0
0.0
0.0
0.0
0.0
0.0
0.0
0.0
0.0
0.0
0.0
0.0
0.0
0.0
0.0
0.0
0.0
0.0
0.0
0.0
0.0
0.0
0.0
0.0
0.0
0.0
0.0
0.0
0.0
0.0
0.0
0.0
0.0
0.0
0.0
0.0
0.0
0.0
0.0
0.0
0.0
0.0
0.0
0.0
0.0
0.0
0.0
0.0
0.0
0.0
0.0
0.0
0.0
0.0
0.0
0.0
0.0
0.0
0.0
0.0
0.0
0.0
0.0
0.0
0.0
0.0
0.0
0.0
0.0
0.0
0.0
0.0
0.0
0.0
0.0
0.0
0.0
0.0
0.0
0.0
0.0
0.0
0.0
0.0
0.0
0.0
0.0
0.0
0.0
0.0
0.0
0.0
0.0
0.0
0.0
0.0
0.0
0.0
0.0
0.0
0.0
0.0
0.0
0.0
0.0
0.0017886440647322914
0.014157374952113956
0.07468322973313868
0.2625699346198376
0.6152455046338354
0.960801009021537
1.0
0.6936623097840164
0.32068433341444835
0.09880727854912416
0.02028998285001063
0.002776872697037718
0.00025328636367635116
1.539746394803198e-05
6.238326929644756e-07
1.684490686574601e-08
3.03145164777622e-10
3.6359192141397806e-12
2.9064265553917876e-14
1.548410219156097e-16
5.497867297933871e-19
1.3010201575400642e-21
2.051896005208975e-24
2.1567917552724753e-27
1.7796898379225906e-29
9.512611705105478e-33
3.38872843528936e-36
8.045542111167299e-40
0.0
0.0
0.0
0.0
0.0
0.0
0.0
0.0
0.0
0.0
0.0
0.0
0.0
0.0
0.0
0.0
0.0
0.0
0.0
0.0
0.0
0.0
0.0
0.0
0.0
0.0
0.0
0.0
0.0
0.0
0.0
0.0
0.0
0.0
0.0
0.0
0.0
0.0
0.0
0.0
0.0
0.0
0.0
0.0
0.0
0.0
0.0
0.0
0.0
0.0
0.0
0.0
0.0
0.0
0.0
0.0
0.0
0.0
0.0
0.0
0.0
0.0
0.0
0.0
0.0
0.0
0.0
0.0
0.0
0.0
0.0
0.0
0.0
0.0
0.0
0.0
0.0
0.0
0.0
0.0
0.0
0.0
0.0
0.0
0.0
0.0
0.0
0.0
0.0
0.0
0.0
0.0
0.0
0.0
0.0
0.0
0.0
0.0
0.0
0.0
0.0
0.0
0.0
0.0
0.0
0.0
0.0
0.0
0.0
0.0
0.0
0.0
0.0
0.0
0.0
0.0
0.0
0.0
0.0
0.0
0.0
0.0
0.0
0.0
0.0
0.0
0.0
0.0
0.0
0.0
0.0
0.0
0.0
0.0
0.0
0.0
0.0
0.0
0.0
0.0
0.0
0.0
0.0
0.0
0.0
0.0
0.0
0.0
0.0
0.0
0.0
0.0
0.0
0.0
0.0
0.0
0.0
0.0
0.0
0.0
0.0
0.0
0.0
0.0
0.0
0.0
0.0
0.0
0.0
0.0
0.0
0.0
0.0
0.0
0.0
0.0
0.0
0.0
0.0
0.0
0.0
0.0
0.0
0.0
0.0
0.0
0.0
0.0
0.0
0.0
0.0
0.0
0.0
0.0
0.0
0.0
0.0
0.0
0.0
0.0
0.0
0.0
0.0
0.0
0.0
0.0
0.0
0.0
0.0
0.0
0.0
0.0
0.0
0.0
0.0
0.0
0.0
0.0
5.430832695254885e-36
4.600741725594399e-35
2.5975913636720434e-34
9.774518161228605e-34
2.4513280356473928e-33
4.09721783762577e-33
4.5641323079644585e-33
3.3885113483801447e-33
1.676645360731071e-33
8.372019857545936e-34
2.1065176251539243e-34
3.5324944877338853e-35
3.9480208415796445e-36
2.9407555724870212e-37
1.4598894456930658e-38
4.830171568280057e-40
1.0650909481764874e-41
1.5652812339552783e-43
1.5331322225170547e-45
1.0008025255395429e-47
4.35410323592396e-50
1.2624977112772314e-52
2.4397426885971325e-55
3.142237440809235e-58
2.6972147199914535e-61
1.5430272344616424e-64
5.8831945458119705e-68
1.4949765366530226e-71
0.0
0.0
0.0
0.0
0.0
0.0
0.0
0.0
0.0
0.0
0.0
0.0
0.0
0.0
0.0
0.0
0.0
0.0
0.0
0.0
0.0
0.0
0.0
0.0
0.0
0.0
0.0
0.0
0.0
0.0
0.0
0.0
0.0
0.0
0.0
0.0
0.0
0.0
0.0
0.0
0.0
0.0
6.016875675021992e-05
0.0005356856375993377
0.003178560743740743
0.012569921817290554
0.033129599493874555
0.058194419867655486
0.06812837789906699
0.05315649078576278
0.027641786264390983
0.009579822332477088
0.0022127398286509864
0.00034063149424301347
3.494787666812517e-05
2.389672233357042e-06
1.0890239438257167e-07
3.30763872422043e-09
2.570036871811056e-10
3.969379055011929e-12
4.0858963143262315e-14
2.803068155463484e-16
1.2816266272183382e-18
3.905448670046519e-21
7.931619918876286e-24
1.0735799782680139e-26
9.684751027250298e-30
5.8226953192453154e-33
2.3331422540069487e-36
6.2307441800586745e-40
0.0
0.0
0.0
0.0
0.0
0.0
0.0
0.0
0.0
0.0
0.0
0.0
0.0
0.0
0.0
0.0
0.0
0.0
0.0
0.0
0.0
0.0
0.0
0.0
0.0
0.0
0.0
0.0
0.0
0.0
0.0
0.0
0.0
0.0
0.0
0.0
0.0
0.0
0.0
0.0
0.0
0.0
0.0
0.0
0.0
0.0
0.0
0.0
0.0
0.0
0.0
0.0
0.0
0.0
0.0
0.0
0.0
0.0
0.0
0.0
0.0
0.0
0.0
0.0
0.0
0.0
0.0
0.0
0.0
0.0
0.0
0.0
0.0
0.0
0.0
0.0
0.0
0.0
0.0
0.0
0.0
0.0
0.0
0.0
0.0
0.0
0.0
0.0
0.0
0.0
0.0
0.0
0.0
0.0
0.0
0.0
0.0
0.0
0.0
0.0
0.0
0.0
0.0
0.0
0.0
0.0
2.0626835497306992e-05
0.0001890048766124321
0.0014375270634424144
0.006546908449579635
0.02078702800460559
0.04635883590047582
0.07282001521586796
0.08032077504467358
0.06173579256107692
0.03274518033017852
0.011872901582552333
0.004867886739453746
0.0009210897896149495
0.00011718667375420443
9.993211268058646e-06
5.700132868364241e-07
2.171896470552272e-08
5.523302696476126e-10
9.369819472757934e-12
1.0599607999078592e-13
7.994343280840822e-16
4.019321685849398e-18
1.3469883643185737e-20
3.00880211409437e-23
4.4794854562252216e-26
4.4448656513221353e-29
2.939542265528821e-32
1.295650744236232e-35
3.806024877350893e-39
7.451646969235075e-43
0.0
0.0
0.0
0.0
0.0
0.0
0.0
0.0
0.0
0.0
0.0
0.0
0.0
0.0
0.0
0.0
0.0
0.0
0.0
0.0
0.0
0.0
0.0
0.0
0.0
0.0
0.0
0.0
0.0
0.0
0.0
0.0
0.0
7.16489849708929e-05
0.0005726307087606061
0.003050147030915023
0.010828005392290058
0.025618736105893575
0.04039694146789615
0.04245421531538484
0.029735462615276285
0.01388066039944012
0.00431844215559538
0.0008954176126431298
0.00012373874492177485
1.1396390681311445e-05
6.995366926583264e-07
2.861773237941198e-08
7.802638473960594e-10
1.4178467755898357e-11
1.7171121573648867e-13
1.385956419838241e-15
7.455590290529699e-18
2.6729820470745682e-20
6.386921785742008e-23
1.0171118214888163e-25
1.07951170158901e-28
7.636028749832291e-32
4.838698351238022e-34
1.7404891869017615e-37
4.172493401396618e-41
0.0
0.0
0.0
0.0
0.0
0.0
0.0
0.0
0.0
0.0
0.0
0.0
0.0
0.0
0.0
0.0
0.0
0.0
0.0
0.0
0.0
0.0
0.0
0.0
0.0
0.0
0.0
0.0
0.0
0.0
0.0
0.0
0.0
0.0
0.0
0.0
0.0
0.0
0.0
0.0
0.0
0.0
0.0
0.0
0.0
0.0
0.0
0.0
0.0
0.0
0.0
0.0
0.0
0.0
0.0
0.0
0.0
0.0
0.0
0.0
0.0
0.0
0.0
0.0
0.0
0.0
0.0
0.0
0.0
0.0
0.0
0.0
0.0
0.0
0.0
0.0
0.0
0.0
0.0
0.0
0.0
0.0
0.0
0.0
0.0
0.0
0.0
0.0
0.0
0.0
0.0
0.0
0.0001153997558925255
0.0007648187694662353
0.0033782651490541107
0.009945130277933064
0.019512313652952307
0.025514590857227175
0.022235658569072562
0.012914956068411542
0.007176109951156339
0.0021195057593794554
0.0004172166829813709
5.473564990922641e-05
4.785864962141524e-06
2.788894911582551e-07
1.0831420279598314e-08
2.803626869207689e-10
4.8365598639005045e-12
5.560764075692196e-14
4.261023410662468e-16
2.176080308061368e-18
7.40657569639828e-21
1.6801248710697932e-23
2.5400788829606352e-26
2.5593777812328286e-29
1.718712101931245e-32
7.692250571617798e-36
2.2944851893245597e-39
4.561405090194363e-43
0.0
0.0
0.0
0.0
0.0
0.0
0.0
0.0
0.0
0.0
0.0
0.0
0.0
0.0
0.0
0.0
0.0
0.0
0.0
0.0
0.0
0.0
0.0
0.0
0.0
0.0
0.0
0.0
0.0
0.0
0.0
0.0
0.0
0.0
0.0
0.0
0.0
0.0
0.0
0.0
0.0
0.0
0.0
0.0
0.0
0.0
0.0
0.0
0.0
0.0
0.0
0.0
0.0
0.0
0.0
0.0
0.0
0.0
0.0
0.0
0.0
0.0
0.0
0.0
0.0
0.0
0.0
0.0
0.0
0.0
0.0
0.0
0.0
0.0
0.0
0.0
0.0
0.0
0.0
0.0
0.0
0.0
0.0
0.0
0.0
0.0
0.0
0.0
0.0
0.0
0.0
0.0
0.0
0.0
0.0
0.0
0.0
0.0
0.0
0.0
0.0
0.0
0.0
0.0
0.0
0.0
0.0
0.0
0.0
0.0
0.0
0.0
0.0
0.0
0.0
0.0
0.0
0.0
0.0
0.0
0.0
0.0
0.0
0.0
0.0
0.0
0.0
0.0
0.0
0.0
0.0
0.0
0.0
0.0
0.0
0.0
0.0
0.0
0.0
6.437005278088965e-05
0.0005907906858489723
0.003613807064527045
0.014732546939681861
0.04002877066913543
0.0724850127993029
0.08747938787051406
0.07036307312717227
0.03771945516791929
0.013476203828567634
0.003208863766534498
0.000509232995526203
5.385962688038966e-05
3.7965724618024012e-06
1.7836169641218212e-07
5.5846124929109536e-09
1.165375922240052e-10
1.6207670035482618e-12
1.5023000450951906e-14
9.280562978762858e-17
3.8209689840502726e-19
7.834425696199175e-21
1.6402458076991905e-23
2.2887178412151825e-26
2.128418974479239e-29
1.319178416207596e-32
5.449184344156126e-36
1.5001718490874978e-39
0.0
0.0
0.0
0.0
0.0
0.0
0.0
0.0
0.0
0.0
0.0
0.0
0.0
0.0
0.0
0.0
0.0
0.0
0.0
0.0
0.0
0.0
0.0
0.0
0.0
0.0
0.0
4.855432042322329e-06
3.5726974400270204e-05
0.00017520485873939582
0.0005726346201374046
0.0012473565279589047
0.0018108611676556268
0.00175210954474043
0.001129845091974403
0.0004855769908979636
0.00013908453528304666
2.6551015499042737e-05
3.3780414706250307e-06
2.864378239424433e-07
1.618740761378118e-08
6.096853899261238e-10
1.530438285341652e-11
2.5603975505287023e-13
1.3368088670065801e-14
1.1372697287537545e-16
6.448210249713299e-19
2.4366684937969797e-21
6.136705109395785e-24
1.030043602420065e-26
1.1522786415127436e-29
8.590945481470749e-33
4.268801517041272e-36
1.4136845435172947e-39
3.1201868723700933e-43
0.0
0.0
0.0
0.0
0.0
0.0
0.0
0.0
0.0
0.0
0.0
0.0
0.0
0.0
0.0
0.0
0.0
0.0
0.0
0.0
0.0
0.0
0.0
0.0
0.0
0.0
0.0
0.0
0.0
0.0
0.0
0.0
0.0
0.0
0.0
0.0
0.0
0.0
0.0
0.0
0.0
0.0
0.0
0.0
0.0
0.0
0.0
0.0
0.0
0.0
0.0
0.0
0.0
0.0
0.0
0.0
0.0
0.0
0.0
0.0
0.0
0.0
0.0
0.0
0.0
0.0
0.0
0.0
0.0
0.0
0.0
0.0
0.0
6.793990956274512e-05
0.0004952815849492506
0.0024063619142670684
0.007792041521137238
0.016816016275303356
0.024186695002764807
0.02318523410753536
0.01481248729804901
0.006307046669853666
0.0017898047094981643
0.0003385063317550851
4.2668708207755405e-05
3.584542560387949e-06
2.006963785193148e-07
7.489052562402918e-09
1.8624978055952115e-10
3.0870680922564164e-12
3.410187014402639e-14
2.5106821325516144e-16
7.584057477230389e-18
2.839342163324589e-20
7.084600993590085e-23
1.1781337786827424e-25
1.3057359710648677e-28
9.644898843563595e-32
4.748118332886918e-35
1.5578546643864359e-38
3.4065431323263e-42
0.0
0.0
0.0
0.0
0.0
0.0
0.0
0.0
0.0
0.0
0.0
0.0
0.0
0.0
0.0
0.0
0.0
0.0
0.0
0.0
0.0
9.346440402189389e-06
5.9873653497782724e-05
0.00026673451848615063
0.0008217287974537555
0.0019135679982407003
0.003758883746978548
0.006536764095563811
0.00931849342637287
0.009796099061820778
0.007139817479973078
0.003516991631142274
0.0011601361938440456
0.0002554622115076317
3.751115144023383e-05
3.6715908329213566e-06
2.3952786522922846e-07
1.0414734001628612e-08
3.018038839943551e-10
5.828865108988782e-12
7.502829293880255e-14
6.436470528574959e-16
2.152932832994935e-17
9.391951210635871e-20
2.730629192892538e-22
5.291163481856358e-25
6.833153555421108e-28
5.8812918199955085e-31
3.373695064071234e-34
1.289794351838023e-37
3.2863715633338806e-41
0.0
0.0
0.0
0.0
0.0
0.0
0.0
0.0
0.0
0.0
0.0
0.0
0.0
0.0
0.0
0.0
0.0
0.0
0.0
0.0
0.0
0.0
0.0
0.0
0.0
0.0
0.0
0.0
0.0
0.0
0.0
0.0
0.0
0.0
0.0
0.0
0.0
0.0
0.0
0.0
0.0
0.0
0.0
0.0
0.0
0.0
0.0
0.0
0.0
0.0
0.0
0.0
0.0
0.0
0.0
0.0
0.0
0.0
0.0
0.0
0.0
0.0
0.0
0.0
0.0
0.0
0.0
0.00014380872750331404
0.001059520187655725
0.0032020351213011126
0.011996447673082396
0.029954411048215675
0.04984831175221818
0.05528682776276572
0.04086715805057938
0.020133011946886225
0.0066103524118470165
0.001446511942160591
0.0002109604202099865
2.050508096409741e-05
1.3283225432219897e-06
5.73491712300733e-08
1.6501837164817318e-09
3.164601259909598e-11
4.0447086534318136e-13
3.4453792981443464e-15
1.955997898266314e-17
7.400844442064585e-20
1.8662753340731575e-22
3.1365463137925374e-25
3.5132515077372365e-28
2.622698248177941e-31
1.3048751460589068e-34
4.3268430336386104e-38
1.6545254606857796e-40
0.0
0.0
0.0
0.0
0.0
0.0
0.0
0.0
0.0
0.0
0.0
0.0
0.0
0.0
0.0
0.0
0.0
0.0
0.0
0.0
0.0
0.0
0.0
0.0
0.0
0.0
0.0
0.0
0.0
0.0
0.0
0.0
0.0
0.0
0.0
0.0
0.0
0.0
0.0
0.0
0.0
0.0
0.0
0.0
0.0
0.0
0.0
0.0
0.0
0.0
0.0
0.0
0.0
0.0
0.0
0.0
0.0
0.0
0.0
0.0
0.0
0.0
0.0
0.0
0.0
0.0
0.0
0.0
0.0
0.0
0.0
0.0
0.0
0.0
0.0
0.0
0.0
0.0
0.0
0.0
0.0
0.0
0.0
0.0
0.0
0.0
0.0
0.0
0.0
0.0
0.0
0.0
0.0
0.0
0.0
0.0
0.0
0.0
0.0
0.0
0.0
0.0
0.0
0.0
0.0
0.0
0.0
0.0
0.0
0.0
0.0
0.0
0.0
0.0
0.0
0.0
0.0
0.0
0.0
0.0
0.0
0.0
0.0
0.0
0.0
0.0
0.0
0.0
0.0
0.0
0.0
0.0
0.0
0.0
0.0
0.0
0.0
0.0
0.0
0.0
0.0
0.0
0.0
0.0
0.0
0.0
0.0
0.0
0.0
0.0
0.0
0.0
0.0
0.0
0.0
0.0
0.0
0.0
1.730337708938091e-06
1.600194532047928e-05
9.862709465987907e-05
0.00042590376863985965
0.0012647810302867206
0.002801115021034157
0.005048717589950928
0.007735668343121854
0.009566352414843788
0.008753437629605754
0.005587431079044795
0.002419915289410403
0.000703212292577436
0.00013653073896924454
1.7682779632060002e-05
1.526850456143579e-06
8.787731290152072e-08
3.3709930345345952e-09
8.618417539832083e-11
1.4685249400275593e-12
1.6676987768806093e-14
6.725267054311106e-16
3.883728287603922e-18
1.494754103693901e-20
3.834177745459708e-23
6.554752329098776e-26
7.46830218664848e-29
5.671122486274617e-32
2.8701045748693673e-35
9.680726777557746e-39
2.176204747318689e-42
0.0
0.0
0.0
0.0
0.0
0.0
0.0
0.0
0.0
0.0
0.0
0.0
0.0
0.0
0.0
0.0
0.0
0.0
0.0
0.0
0.0
0.0
0.0
0.0
0.0
0.0
0.0
0.0
0.0
0.0
0.0
0.0
0.0
0.0
0.0
0.0
0.0
0.0
0.0
0.0
0.0
0.0
0.0
0.0
0.0
0.0
0.0
0.0
0.0
0.0
0.0
0.0
0.0
0.0
0.0
0.0
0.0
0.0
0.0
0.0
0.00011707632722420807
0.0008332731004988723
0.004027109658323895
0.013258936294030828
0.02982123908807992
0.04589982273205599
0.04836816078171684
0.040563357708219984
0.022670584497154613
0.008630873786296123
0.0022309223099669924
0.00039020378370109696
4.6038173001233634e-05
3.65414691321153e-06
1.946807517234393e-07
6.9495394835065585e-09
1.6599185842223583e-10
2.6500950728455226e-12
2.8257953072834136e-14
2.0112843546125753e-16
9.551585467853797e-19
3.025604081521199e-21
6.391245573981989e-24
9.001703972709545e-27
8.452368339417861e-30
5.290655322919485e-33
2.2074512130845163e-36
6.1390905641274924e-40
0.0
0.0
0.0
0.0
0.0
0.0
0.0
0.0
0.0
0.0
0.0
0.0
0.0
0.0
0.0
0.0
0.0
0.0
3.5285660099540084e-05
0.00030293155432208936
0.001733294377534299
0.006609699136418934
0.016798581198710773
0.028454113699295246
0.03212174058258597
0.024167661330230433
0.012118579900153812
0.004049956727753166
0.0009020499432820741
0.00013390362439519234
1.3247551888640511e-05
2.261858091993109e-06
1.1379186916074724e-07
3.815387536779526e-09
8.52604519362718e-11
1.2698082728619603e-12
1.2604053043763654e-14
8.33803743119281e-17
3.6761989513928755e-19
1.0802287243731139e-21
2.115504649687118e-24
2.761174126411157e-27
2.4019012841038135e-30
1.3925091632613022e-33
5.380498531776347e-37
1.3855701576183392e-40
0.0
0.0
0.0
0.0
0.0
0.0
0.0
0.0
0.0
0.0
0.0
0.0
0.0
0.0
0.0
0.0
0.0
0.0
0.0
0.0
0.0
0.0
0.0
0.0
0.0
0.0
0.0
0.0
0.0
0.0
0.0
0.0
0.0
0.0
0.0
0.0
0.0
0.0
0.0
0.0
0.0
0.0
0.0
0.0
0.0
0.0
0.0
0.0
0.0
0.0
0.0
0.0
0.0
0.0
0.0
0.0
0.0
0.0
0.0
0.0
0.0
0.0
1.8950402327410647e-37
1.406073416000988e-36
6.953110128079974e-36
2.291562818643047e-35
5.033452495804406e-35
7.368544821200574e-35
7.189174631141705e-35
4.6747445595201676e-35
2.0259013076892105e-35
5.851406002507955e-36
1.1263768841804694e-36
1.4450696293100962e-37
1.2355927926277045e-38
7.041148554909587e-40
2.674195762309718e-41
6.7689987438791015e-43
1.1419240479867471e-44
1.2839010456488883e-46
9.620716880532439e-49
4.804684382908875e-51
1.5992039085918656e-53
3.5475160494645915e-56
5.244769948940505e-59
5.167851984371556e-62
3.3937139780316434e-65
1.4853265919991301e-68
6.834193890962015e-71
1.5210258511760348e-74
0.0
0.0
0.0
0.0
0.0
0.0
0.0
0.0
0.0
0.0
0.0
0.0
0.0
0.0
0.0
0.0
0.0
0.0
0.0
0.0
0.0
0.0
0.0
0.0
0.0
0.0
0.0
0.0
0.0
0.0
0.0
0.0
0.0
0.0
0.0
0.0
0.0
0.0
0.0
0.0
0.0
0.0
0.0
0.0
0.0
0.0
0.0
0.0
0.0
0.0
0.0
0.0
0.0
0.0
0.0
0.0
0.0
0.0
0.0
0.0
0.0
0.0
0.0
0.0
0.0
0.0
0.0
0.0
0.0
0.0
0.0
0.0
0.0
0.0
0.0
0.0
0.0
0.0
0.0
0.0
0.0
0.0
0.0
0.0
0.0
0.0
0.0
0.0
0.0
0.0
0.0
0.0
0.0
0.0
0.0
0.0
0.0
9.051598678663376e-06
8.37445484813425e-05
0.0005163799231420693
0.0013859431323209835
0.004369814967319984
0.009258514292737935
0.013514755107911445
0.014566644250678579
0.013406683766240761
0.011895644192510517
0.009417926847105181
0.005682162929622893
0.00239093831579121
0.0006797164631412015
0.00012929488142039976
1.6409902627282056e-05
1.3885186793307346e-06
7.831026804740715e-08
2.9435983115325235e-09
7.374339782546698e-11
1.2312612374508537e-12
1.3701214916704191e-14
1.0161306993969384e-16
5.022519546054722e-19
1.654532310999793e-21
3.6325401230748615e-24
5.3152920975152105e-27
5.1835274170097846e-30
3.369032591941195e-33
2.017712482408472e-35
6.668707568402603e-39
1.4689452673775827e-42
0.0
0.0
0.0
0.0
0.0
0.0
0.0
0.0
0.0
0.0
1.3066999520486385e-05
0.00010176266447582821
0.0005281808028760316
0.0018270831116850752
0.004212263612036869
0.006472235775181013
0.006627880433099915
0.004523520354043236
0.0020575954015668867
0.00062377068512917
0.00012602928979872053
1.697069253896603e-05
1.5230325669816551e-06
2.436780813270803e-07
1.1120611563955753e-08
3.382380208998733e-10
6.856424937015515e-12
9.263062093293366e-14
8.340517020355651e-16
5.005101842580831e-18
2.001771090425156e-20
5.335774351856069e-23
9.478989573483644e-26
1.1222979876070995e-28
8.855964582301999e-32
4.6574168063395495e-35
1.6324349682751366e-38
3.8133636336047973e-42
0.0
0.0
0.0
0.0
0.0
0.0
0.0
0.0
0.0
0.0
0.0
0.0
0.0
0.0
0.0
0.0
0.0
0.0
0.0
0.0
0.0
0.0
0.0
0.0
0.0
0.0
0.0
0.0
0.0
0.0
0.0
0.0
0.0
0.0
0.0
0.0
0.0
0.0
0.0
0.0
0.0
0.0
0.0
0.0
0.0
0.0
0.0
0.0
0.0
0.0
0.0
0.0
0.0
0.0
0.0
0.0
0.0
2.080745259270677e-05
0.00013232535048339952
0.0005608526035791232
0.0015842947235575778
0.0029826669332067473
0.0036298176557569986
0.003475010912885853
0.0022172215192863966
0.0009428520407147435
0.0002672142127829042
5.0472766609955895e-05
6.353839141895311e-06
5.330854988711467e-07
2.980842778666415e-08
1.1108689291440226e-09
2.7591042965910853e-11
4.567251881980189e-13
5.038756339014253e-15
3.704872782526186e-17
1.815535688166582e-19
5.929496662841305e-22
1.2906616796398752e-24
1.8723565352297112e-27
1.8102820040335585e-30
1.166501940416204e-33
5.0096368534306535e-37
1.4338660203229355e-40
2.735221168963448e-44
0.0
0.0
0.0
0.0
0.0
0.0
0.0
0.0
0.0
0.0
0.0
0.0
0.0
0.0
0.0
0.0
0.0
0.0
0.0
0.0
0.0
0.0
0.0
0.0
0.0
0.0
0.0
0.0
0.0
0.0
0.0
0.0
0.0
0.0
0.0
0.0
0.0
0.0
0.0
0.0
0.0
0.0
0.0
0.0
0.0
0.0
0.0
0.0
0.0
0.0
0.0
0.0
0.0
0.0
0.0
0.0
0.0
0.0
0.0
0.0
0.0
0.0
0.0
0.0
0.0
0.0
0.0
0.0
0.0
0.0
0.0
0.0
0.0
0.0
0.0
0.0
0.0
0.0
0.0
0.0
0.0
0.0
0.0
0.0
0.0
0.0
0.0
0.0
0.0
0.0
0.0
0.0
0.0
0.0
0.0
0.0
0.0
0.0
0.0
0.0
0.0
0.0
0.0
0.0
0.0
0.0
0.0
0.0
0.0
0.0
0.0
0.0
0.0
0.0
0.0
0.0
0.0
0.0
0.0
0.0
0.0
0.0
0.0
0.0
0.0
0.0
0.0
0.0
0.0
0.0
0.0
0.0
0.0
0.0
0.0
0.0
0.0
0.0
0.0
0.0
0.0
0.0
0.0
0.0
0.0
0.0
0.0
0.0
0.0
0.0
0.0
0.0
0.0
0.0
0.0
0.0
0.0
0.0
0.0
0.0
0.0
0.0
0.0
0.0
0.0
0.0
0.0
0.0
0.0
0.0
0.0
0.0
0.0
0.0
0.0
0.0
0.0
0.0
0.0
0.0
0.0
0.0
0.0
0.0
0.0
0.0
0.0
0.0
0.0
0.0
0.0
0.0
0.0
0.0
0.0
0.0
0.0
0.0
0.0
0.0
0.0
0.0
0.0
0.0
0.0
0.0
0.0
0.0
0.0
0.0
0.0
0.0
0.0
0.0
0.0
0.0
0.0
0.0
0.0
0.0
0.0
0.0
0.0
0.0
0.0
0.0
0.0
0.0
0.0
0.0
0.0
0.0
0.0
0.0
0.0
0.0
0.0
0.0
0.0
0.0
0.0
0.0
0.0
0.0
0.0
0.0
0.0
0.0
0.0
0.0
0.0
0.0
0.0
0.0
0.0
0.0
0.0
0.0
0.0
0.0
0.0
0.0
0.0
0.0
0.0
0.0
0.0
0.0
0.0
0.0
0.0
0.0
0.0
0.0
0.0
0.0
0.0
0.0
0.0
0.0
0.0
0.0
0.0
0.0
0.0
0.0
0.0
0.0
0.0
0.0
0.0
0.0
0.0
0.0
0.0
0.0
0.0
0.0
0.0
0.0
0.0
0.0
0.0
0.0
0.0
0.0
0.0
0.0
0.0
0.0
0.0
0.0
0.0
0.0
0.0
0.0
0.0
0.0
0.0
0.0
0.0
0.0
0.0
0.0
0.0
0.0
0.0
0.0
0.0
0.0
0.0
0.0
0.0
0.0
0.0
0.0
0.0
0.0
0.0
0.0
0.0
0.0
0.0
0.0
0.0
0.0
0.0
0.0
0.0
