a = 4.980454711608642 b = 4.980454711608642 c = 5.599433708452241 ,Gaussian ,LMH = 0.08 ,DW = [1.7 1.7]
0.0
0.0
0.0
0.0
0.0
0.0
0.0
0.0
0.0
0.0
0.0
0.0
0.0
0.0
0.0
0.0
0.0
0.0
0.0
0.0
0.0
0.0
0.0
0.0
0.0
0.0
0.0
0.0
0.0
0.0
0.0
0.0
0.0
0.0
0.0
0.0
0.0
0.0
0.0
0.0
0.0
0.0
0.0
0.0
0.0
0.0
0.0
0.0
0.0
0.0
0.0
0.0
0.0
0.0
0.0
0.0
0.0
0.0
0.0
0.0
0.0
0.0
0.0
0.0
0.0
0.0
0.0
0.0
0.0
0.0
0.0
0.0
0.0
0.0
0.0
0.0
0.0
0.0
0.0
0.0
0.0
0.0
0.0
0.0
0.0
0.0
0.0
0.0
0.0
0.0
0.0
0.0
0.0
0.0
0.0
0.0
0.0
0.0
0.0
0.0
0.0
0.0
0.0
0.0
0.0
0.0
0.0
0.0
0.0
0.0
0.0
0.0
0.0
0.0
0.0
0.0
0.0
0.0
0.0
0.0
0.0
0.0
0.0
0.0
0.0
0.0
0.0
0.0
0.0
0.0
0.0
0.0
0.0
0.0
0.0
0.0
0.0
0.0
0.0
0.0
0.0
0.0
0.0
0.0
0.0
0.0
0.0
0.0
0.0
0.0
0.0
0.0
0.0
0.0
0.0
0.0
0.0
0.0
0.0
0.0
0.0
0.0
0.0
0.0
0.0
0.0
0.0
0.0
0.0
0.0
0.0
0.0
0.0
0.0
0.0
0.0
0.0
0.0
0.0
0.0
0.0
0.0
0.0
0.0
0.0
0.0
0.0
0.0
0.0
0.0
0.0
0.0
0.0
0.0
0.0
0.0
0.0
0.0
0.0
0.0
0.0
0.0
0.0
0.0
0.0
0.0
0.0
0.0
0.0
0.0
0.0
0.0
0.0
0.0
0.0
0.0
0.0
0.0
0.0
0.0
0.0
0.0
0.0
0.0
0.0
0.0
0.0
0.0
0.0
0.0
0.0
0.0
0.0
0.0
0.0
0.0
0.0
0.0
0.0
0.0
0.0
0.0
0.0
0.0
0.0
0.0
0.0
0.0
0.0
0.0
0.0
0.0
0.0
0.0
0.0
0.0
0.0
0.0
0.0
0.0
0.0
0.0
0.0
0.0
0.0
0.0
0.0
0.0
0.0
0.0
0.0
0.0
0.0
0.0
0.0
0.0
0.0
0.0
0.0
0.0
0.0
0.0
0.0
0.0
0.0
0.0
0.0
0.0
0.0
0.0
0.0
0.0
0.0
0.0
0.0
0.0
0.0
0.0
0.0
0.0
0.0
0.0
0.0
0.0
0.0
0.0
0.0
0.0
0.0
0.0
0.0
0.0
0.0
0.0
0.0
0.0
0.0
0.0
0.0
0.0
0.0
0.0
0.0
0.0
0.0
0.0
0.0
0.0
0.0
0.0
0.0
0.0
0.0
0.0
0.0
0.0
0.0
0.0
0.0
0.0
0.0
0.0
0.0
0.0
0.0
0.0
0.0
0.0
0.0
0.0
0.0
0.0
0.0
0.0
0.0
0.0
0.0
0.0
0.0
0.0
0.0
0.0
0.0
0.0
0.0
0.0
0.0
0.0
0.0
0.0
0.0
0.0
0.0
0.0
0.0
0.0
0.0
0.0
0.0
0.0
0.0
0.0
0.0
0.0
0.0
0.0
0.0
0.0
0.0
0.0
0.0
0.0
0.0
0.0
1.004922206510759e-34
6.823347974833916e-34
3.0877643209102425e-33
9.312629340711624e-33
1.8718973900472705e-32
2.3797027527182585e-32
2.4324001103838874e-32
1.65702424958844e-32
7.523228661027648e-33
2.2764662080581995e-33
4.590919759995179e-34
6.170491304841651e-35
5.527405613667578e-36
3.2999280745757374e-37
1.3130134082959283e-38
3.4818928019825165e-40
6.153797196438287e-42
7.248572902210523e-44
5.690407798950655e-46
2.97725352991884e-48
1.0381731555570447e-50
2.4127110835353934e-53
3.7369939244817894e-56
3.8576339261649074e-59
2.6540016061622624e-62
1.2169224368528886e-65
3.7188286120228723e-69
7.574098994943955e-73
0.0
0.0
0.0
0.0
0.0
0.0
0.0
0.0
0.0
0.0
0.0
0.0
0.0
0.0
0.0
0.0
0.0
0.0
0.0
0.0
0.0
0.0
0.0
0.0
0.0
0.0
0.0
0.0
0.0
0.0
0.0
0.0
0.0
0.0
0.0
0.0
0.0
0.0
0.0
0.0
0.0
0.0
0.0
0.0
0.0
0.0
0.0
0.0
0.0
0.0
0.0
0.0
0.0
0.0
0.0
0.0
0.0
0.0
0.0
0.0
0.0
0.0
0.0
0.0
0.0
0.0
0.0
0.0
0.0
0.0
0.0
0.0
0.0
0.0
0.0
0.0
0.0
0.0
0.0
0.0
0.0
0.0
0.0
0.0
0.0
0.0
0.0
0.0
0.0
0.0
0.0
0.0
0.0
0.0
0.0
0.0
0.0
0.0
0.0
0.0
0.0
0.0
0.0
0.0
0.0
0.0
0.0
0.0
0.0
0.0
0.0
0.0
0.0
0.0
0.0
0.0
0.0
0.0
0.0
0.0
0.0
0.0
0.0
0.0
0.0
0.0
0.0
0.0
0.0
0.0
0.0
0.0
0.0
0.0006386513458107528
0.004640800202798351
0.02247519452985079
0.07254301398671308
0.15605197871428625
0.2237301492375873
0.21377715497526392
0.13613808018601095
0.05778026096160018
0.016344096741595104
0.0030812284393917006
0.0003871403330493468
3.2418617414739255e-05
1.8092646887519825e-06
6.729631337997541e-08
1.66825328151398e-09
2.756222352067697e-11
3.034925685089098e-13
2.227221550300778e-15
1.0893321648280012e-17
3.5509027856399826e-20
7.714340181456927e-23
1.1169669884279888e-25
1.0778626865896453e-28
8.401297512362934e-31
4.1226080289764675e-34
1.3482774567207458e-37
2.938786592116356e-41
0.0
0.0
0.0
0.0
0.0
0.0
0.0
0.0
0.0
0.0
0.0
0.0
0.0
0.0
0.0
0.0
0.0
0.0
0.0
0.0
0.0
0.0
0.0
0.0
0.0
0.0
0.0
0.0
0.0
0.0
0.0
0.0
0.0
0.0
0.0
0.0
0.0
0.0
0.0
0.0
0.0
0.0
0.0
0.0
0.0
0.0
0.0
0.0
0.0
0.0
0.0
0.0
0.0
0.0
0.0
0.0
0.0
0.0
0.0
0.0
0.0
0.0
0.0
0.0
0.0
0.0
0.0
0.0
0.0
0.0
0.0
0.0
0.0
0.0
0.0
0.0
0.0
0.0
0.0
0.0
0.0
0.0
0.0
0.0
0.0
0.0
0.0
0.0
0.0
0.0
0.0
0.0
0.0
0.0
0.0
0.0
0.0
0.0
0.0
0.0
0.0
0.0
0.0
0.0
0.0
0.0
0.0
0.0
0.0
0.0
0.0
0.0
0.0
0.0
0.0
0.0
0.0
0.0
0.0
0.0
0.0
0.0
0.0
0.0
0.0
0.0
0.0
0.0
0.0
0.0
0.0
0.0
0.0
0.0
0.0
0.0
0.0
0.0
0.0
0.0
0.0
0.0
0.0
0.0
0.0
0.0
0.0
0.0
0.0
0.0
0.0
0.0
0.0
0.0
0.0
0.0
0.0
0.0018960364162437795
0.01486226582649034
0.07764346769039199
0.2703375479798703
0.6273203345067536
0.9701835543312914
1.0
0.6869539729726918
0.3145117154458006
0.09596824733551042
0.01951640615165339
0.002645170556442888
0.00023894011063608256
1.4384871582531184e-05
5.771709525548174e-07
1.54342130634552e-08
2.7507179693377073e-10
3.267301303488368e-12
2.586508176874019e-14
8.2003268378482845e-16
3.301097960501024e-18
8.856603667356586e-21
1.5836439895502694e-23
1.887250075403266e-26
1.49893532337273e-29
7.934469317982931e-33
2.7992031888827317e-36
6.581615567716177e-40
0.0
0.0
0.0
0.0
0.0
0.0
0.0
0.0
0.0
0.0
0.0
0.0
0.0
0.0
0.0
0.0
0.0
0.0
0.0
0.0
0.0
0.0
0.0
0.0
0.0
0.0
0.0
0.0
0.0
0.0
0.0
0.0
0.0
0.0
0.0
0.0
0.0
0.0
0.0
0.0
0.0
0.0
0.0
0.0
0.0
0.0
0.0
0.0
0.0
0.0
0.0
0.0
0.0
0.0
0.0
0.0
0.0
0.0
0.0
0.0
0.0
0.0
0.0
0.0
0.0
0.0
0.0
0.0
0.0
0.0
0.0
0.0
0.0
0.0
0.0
0.0
0.0
0.0
0.0
0.0
0.0
0.0
0.0
0.0
0.0
0.0
0.0
0.0
0.0
0.0
0.0
0.0
0.0
0.0
0.0
0.0
0.0
0.0
0.0
0.0
0.0
0.0
0.0
0.0
0.0
0.0
0.0
0.0
0.0
0.0
0.0
0.0
0.0
0.0
0.0
0.0
0.0
0.0
0.0
0.0
0.0
0.0
0.0
0.0
0.0
0.0
0.0
0.0
0.0
0.0
0.0
0.0
0.0
0.0
0.0
0.0
0.0
0.0
0.0
0.0
0.0
0.0
0.0
0.0
0.0
0.0
0.0
0.0
0.0
0.0
0.0
0.0
0.0
0.0
0.0
0.0
0.0
0.0
0.0
0.0
0.0
0.0
0.0
0.0
0.0
0.0
0.0
0.0
0.0
0.0
0.0
1.2788399317077755e-35
9.812506101449955e-35
5.017937400836495e-34
1.7102204164637416e-33
3.884726806422651e-33
5.880989802632672e-33
5.933649902438688e-33
3.9900189542354205e-33
1.7881730583439342e-33
5.341038197697604e-34
1.063220566450295e-34
1.4105958501926455e-35
1.2472783474138599e-36
7.350310959143838e-38
2.8868857060319953e-39
7.556749326675981e-41
1.3183234886441557e-42
1.5328177193094297e-44
1.1877925105562901e-46
6.134401552994619e-49
2.111472200494315e-51
4.8437317423946425e-54
7.40553341681782e-57
7.545954067800939e-60
5.124523827857512e-63
2.3193934402551348e-66
1.0913294872044511e-68
2.5117671590803705e-72
0.0
0.0
0.0
0.0
0.0
0.0
0.0
0.0
0.0
0.0
0.0
0.0
0.0
0.0
0.0
0.0
0.0
0.0
0.0
0.0
0.0
0.0
0.0
0.0
0.0
0.0
0.0
0.0
0.0
0.0
0.0
0.0
0.0
0.0
0.0
0.0
0.0
0.0
0.0
0.0
0.0
0.0
0.0
0.0
0.0
0.0
0.0
0.0
0.0
0.0
0.0
0.0
0.0
0.0
0.0
0.0
0.0
0.0
0.0
0.0
0.0
0.0
0.0
0.0
0.0
0.0
0.0
0.0
0.0
0.0
0.0
0.0
0.0
0.0
0.0
0.0
0.0
0.0
0.0
0.0
0.0
0.0
0.0
0.0
0.0
0.0
0.0
0.0
0.0
0.0
0.0
0.0
0.0
0.0
0.0
0.0
0.0
0.0
0.0
0.0
0.0
0.0
0.0
0.0
0.0
0.0
0.0
0.0
0.0
0.0
4.738102396662962e-05
0.00042183577332401373
0.0025030176941127796
0.009898422354913084
0.02608852887122972
0.04582629509730419
0.05364897798110967
0.04185908268568218
0.021767046690203976
0.007543812038786915
0.0017424637721610411
0.000268236703967763
2.752036557559754e-05
1.881792536134885e-06
8.575724739808787e-08
2.604662587858234e-09
2.023824077401373e-10
3.1257625102494815e-12
3.217516226867147e-14
2.2073289631936125e-16
1.009241094885691e-18
3.0754193210954047e-21
6.245903917054106e-24
8.454108315978217e-27
7.626440121372625e-30
4.58519140784035e-33
1.8372769361609824e-36
4.906517190488883e-40
0.0
0.0
0.0
0.0
0.0
0.0
0.0
0.0
0.0
0.0
0.0
0.0
0.0
0.0
0.0
0.0
0.0
0.0
0.0
0.0
0.0
0.0
0.0
0.0
0.0
0.0
0.0
0.0
0.0
0.0
0.0
0.0
0.0
0.0
0.0
0.0
0.0
0.0
0.0
0.0
0.0
0.0
0.0
0.0
0.0
0.0
0.0
0.0
0.0
0.00019227800150567746
0.001325097292214158
0.006086217685565525
0.018630681655799477
0.03800944748478752
0.0516815959484431
0.04683406176139737
0.02828585302679383
0.011385661941495423
0.003054420580273411
0.0005461110171090217
6.507506144646643e-05
5.168086618454676e-06
2.7354358173192823e-07
9.649500270990015e-09
2.2686351896123268e-10
1.4860682384649034e-11
1.7766471113839646e-13
1.4156149623498845e-15
7.517451980183319e-18
2.6605886197920156e-20
6.2757602466301e-23
9.86589540151884e-26
1.0336850086947342e-28
7.21807644272565e-32
3.359203271587346e-35
1.0419158392829941e-38
2.1538256471270793e-42
0.0
0.0
0.0
0.0
0.0
0.0
0.0
0.0
0.0
0.0
0.0
0.0
0.0
0.0
0.0
3.685729086743885e-05
0.00029196349118427154
0.0015413995734724834
0.005423547761005647
0.012718422610772103
0.01987762909405794
0.020705106167753992
0.014373809642000211
0.0066504014855378315
0.002050715378153528
0.00042144844912436703
5.772515132386233e-05
5.26947378522963e-06
3.2059073318870226e-07
1.2999188137333728e-08
3.512877796680044e-10
6.326906306310903e-12
7.59453717529549e-14
6.075650310359764e-16
3.2394089313835235e-18
1.1511192828066496e-20
2.7261919492135416e-23
4.303027098346459e-26
4.526612093601501e-29
3.173613434253052e-32
1.99913466699532e-34
7.127305543450761e-38
1.6935196968166478e-41
0.0
0.0
0.0
0.0
0.0
0.0
0.0
0.0
0.0
0.0
0.0
0.0
0.0
0.0
0.0
0.0
0.0
0.0
0.0
0.0
0.0
0.0
0.0
0.0
0.0
0.0
0.0
0.0
0.0
0.0
0.0
0.0
0.0
0.0
0.0
0.0
0.0
0.0
0.0
0.0
0.0
0.0
0.0
0.0
0.0
0.0
0.0
0.0
0.0
5.0619747454513625e-05
0.0004045615143597169
0.0021549177907653054
0.007649946452367782
0.018099543940657194
0.02854029231356729
0.02999374880910534
0.021007996256191194
0.00980663611922723
0.00305096368639372
0.0006326092886972813
8.742097352563048e-05
8.051508593112855e-06
4.942201307096747e-07
2.0218323907242914e-08
5.512535721074218e-10
1.001703593410439e-11
1.2131334978743448e-13
9.791731729859751e-16
5.267347440919848e-18
1.8884521005891556e-20
4.512337026649194e-23
7.185858049165692e-26
7.626710933982822e-29
5.39482655656523e-32
3.4185227976047882e-34
1.2296492842720727e-37
2.947851422042124e-41
0.0
0.0
0.0
0.0
0.0
0.0
0.0
0.0
0.0
0.0
0.0
0.0
0.0
0.0
0.0
0.0
0.0
0.0
0.0
0.0
0.0
0.0
0.0
0.0
0.0
0.0
0.0
0.0
0.0
0.0
0.0
0.0
0.0
0.0
0.0
0.0
0.0
0.0
0.0
0.0
0.0
0.0
0.0
0.0
0.0
0.0
0.0
0.0
0.0
0.0
0.0
0.0
0.0
0.0
0.0
0.0
0.0
0.0
0.0
0.0
0.0
0.0
0.0
0.0
0.0
0.0
0.0
0.0
0.0
0.0
0.0
0.0
0.0
0.0
0.0
0.0
0.0
0.0
0.0
7.217931296763389e-05
0.00048808317741284466
0.002199664686703283
0.006606944739700021
0.01322593592159324
0.01764548916552377
0.01568998536688501
0.00929807238832156
0.003672356679021423
0.0009666702129136022
0.00016958731544946715
1.982850369546338e-05
1.5451408269488161e-06
8.024680340877523e-08
2.777595265773926e-09
6.407546007819395e-11
9.851356857961397e-13
1.0094432717271595e-14
6.893651623277084e-17
3.1376051912303633e-19
9.5176297428382e-22
1.5919032636949117e-23
2.4555555560237086e-26
2.5244362259376734e-29
1.729659399550176e-32
7.898385506413263e-36
2.4037960159178576e-39
4.8757164740262895e-43
0.0
0.0
0.0
0.0
0.0
0.0
0.0
0.0
0.0
0.0
0.0
0.0
0.0
0.0
0.0
0.0
0.0
0.0
0.0
0.0
0.0
0.0
0.0
0.0
0.0
0.0
0.0
0.0
0.0
0.0
0.0
0.0
0.0
0.0
0.0
0.0
0.0
0.0
0.0
0.0
0.0
0.0
0.0
0.0
0.0
0.0
0.0
0.0
0.0
0.0
0.0
0.0
0.0
0.0
0.0
0.0
0.0
0.0
0.0
0.0
0.0
0.0
0.0
0.0
0.0
0.0
0.0
0.0
0.0
0.0
0.0
0.0
0.0
0.0
0.0
0.0
0.0
0.0
0.0
0.0
0.0
0.0
0.0
0.0
0.0
0.0
0.0
0.0
0.0
0.0
0.0
0.0
0.0
0.0
0.0
0.0
0.0
0.0
2.0323969739120022e-06
1.6508039580596323e-05
8.936429047980764e-05
0.00032241413227479147
0.0007752569643162843
0.0012423925284255708
0.0016766371608790268
0.0031587572727853107
0.009792060646473465
0.026421732279480237
0.04929087768650342
0.061544865033899165
0.051239624127297406
0.028433145441702425
0.010515454457552545
0.0025918688955610474
0.0004257744476480443
4.6615217024775565e-05
3.4013973997896966e-06
1.6541260016777214e-07
5.361191863633707e-09
1.1580722613342677e-10
1.6672146468816716e-12
7.875224605092794e-14
5.765293043884878e-16
2.8129458576231507e-18
9.14708905867564e-21
1.9823758124037928e-23
2.863324839863461e-26
2.75636546437971e-29
1.7684163720826953e-32
7.561601782118281e-36
2.154887618647908e-39
4.0927667780764216e-43
0.0
0.0
0.0
0.0
0.0
0.0
0.0
0.0
0.0
0.0
0.0
0.0
0.0
0.0
0.0
0.0
0.0
0.0
0.0
0.0
0.0
0.0
0.0
0.0
0.0
0.0
0.0
0.0
0.0
0.0
0.0
0.0
0.0
0.0
0.0
0.0
0.0
0.0
0.0
0.0
0.0
0.0
0.0
0.0
0.0
0.0
0.0
0.0
0.0
0.0
0.0
0.0
0.0
0.0
0.0
0.0
0.0
0.0
0.0
0.0
0.0
0.0
0.0
0.0
0.0
0.0
0.0
0.0
0.0
0.0
0.0
0.0
0.0
0.0
0.0
0.0
0.0
0.0
0.0
0.0
0.0
0.0
0.0
0.0
0.0
0.0
0.0
0.0
0.0
0.0
0.0
0.0
0.0
0.0
0.0
0.0
0.0
0.0
0.0
0.0
0.0
0.0
0.0
0.0
0.0
0.0
0.0
0.0
0.0
0.0
0.0
0.0
0.0
0.0
0.0
0.0
0.0
0.0
0.0
0.0
0.0
0.0
0.0
0.0
0.0
1.9007375049512147e-05
0.00013901875988718746
0.0006776512193766676
0.0022015096141320446
0.004766685479915175
0.006917474662828226
0.006905354283578648
0.00567853718120572
0.006565407017138596
0.01098847479006393
0.015473866444162414
0.015057922964301721
0.009812962379833161
0.004264689940604428
0.0012353537607823362
0.00023849610679414957
3.0686925520249995e-05
2.631522503600982e-06
1.5039810188041358e-07
1.7811482181863606e-08
5.176520156746047e-10
1.0026683500650686e-11
1.294369442169283e-13
1.1136295458293878e-15
6.3856452244437894e-18
2.4403402096694443e-20
6.215520651087403e-23
1.0550819656766605e-25
1.1936484378785683e-28
9.000118268558968e-32
4.5227392189613235e-35
1.51473418165189e-38
3.3810598058875586e-42
0.0
0.0
0.0
0.0
0.0
0.0
0.0
0.0
0.0
0.0
0.0
0.0
0.0
0.0
0.0
0.0
0.0
0.0
0.0
0.0
0.0
0.0
0.0
0.0
0.0
0.0
0.0
0.0
0.0
0.0
0.0
0.0
0.0
0.0
0.0
0.0
0.0
0.0
0.0
0.0
0.0
0.0
0.0
0.0
0.0
0.0
0.0
0.0
0.0
0.0
0.0
0.0
0.0
0.0
0.0
0.0
0.0
0.0
0.0
0.0
0.0
0.0
0.0
0.0
0.0
0.0
0.0
5.030979486668158e-06
3.222864636986945e-05
0.0001375983201730309
0.00039153063341385605
0.0007425059021324348
0.0009384596870130193
0.0007905200348922192
0.0004438044871378793
0.00016605503360855056
4.1408924321960674e-05
6.882043309012218e-06
7.622938251560641e-07
5.627415086704644e-08
2.7687073107290926e-09
9.078763282246448e-11
1.9840740905495172e-12
2.8898189011175786e-14
2.80520701933036e-16
1.8148500794105806e-18
7.825248551320486e-21
2.2487287637629377e-23
3.627971705094179e-25
5.301581057238305e-28
5.16331318769835e-31
3.3514525844438523e-34
1.4498371995774822e-37
4.180102641182467e-41
8.032231211748865e-45
0.0
0.0
0.0
0.0
0.0
0.0
0.0
0.0
0.0
0.0
0.0
0.0
0.0
0.0
0.0
0.0
0.0
0.0
0.0
0.0
0.0
0.0
0.0
0.0
0.0
0.0
0.0
0.0
0.0
0.0
0.0
0.0
0.0
0.0
0.0
0.0
0.0
0.0
0.0
0.0
0.0
0.0
0.0
0.0
0.0
0.0
0.0
0.0
0.0
0.0
0.0
0.0
0.0
0.0
0.0
0.0
0.0
0.0
3.934325981341801e-05
0.00032622201866604574
0.0018027593178864397
0.006639628421671374
0.01629788878291325
0.026662475695228827
0.029070409097060445
0.021124350392520096
0.010230506364072382
0.003302116911087446
0.0007103449691425502
0.00010184218791766146
9.731228735915561e-06
1.623411112257384e-06
7.888075427125976e-08
2.5544366891056987e-09
5.5131623296558306e-11
7.930269837166872e-13
7.60250471376756e-15
4.857434794434738e-17
2.0684203833438936e-19
5.870190382929752e-22
1.110317314804952e-24
1.3996633361894872e-27
1.1759303754696864e-30
6.584475396431692e-34
2.4572101345014942e-37
6.11145987419603e-41
0.0
0.0
0.0
0.0
0.0
0.0
0.0
0.0
0.0
0.0
0.0
0.0
0.0
0.0
0.0
0.0
0.0
0.0
0.0
0.0
0.0
0.0
0.0
0.0
0.0
0.0
0.0
0.0
0.0
0.0
0.0
0.0
0.0
0.0
0.0
0.0
0.0
0.0
0.0
0.0
0.0
0.0
0.0
0.0
0.0
0.0
0.0
0.0
0.0
0.0
0.0
0.0
0.0
0.0
0.0
0.0
0.0
0.0
0.0
0.0
0.0
0.0
0.0
0.0
0.0
0.0
0.0
0.0
0.0
0.0
0.0
0.0
0.0
0.0
0.0
0.0
0.0
0.0
7.783111849575186e-06
6.351033579504996e-05
0.0003453958335724848
0.0012519048679637624
0.0030241763311448103
0.004868828084366252
0.005224242385358283
0.0037359731369415784
0.0017805973367615155
0.0008671772902775042
0.00021017083562081465
3.3948340861026254e-05
3.654653482454532e-06
2.622137158297898e-07
1.2538516409490455e-08
3.995935307433285e-10
8.487353532094343e-12
1.2014554863525125e-13
1.1335080934030265e-15
7.127268403367559e-18
2.986779424673182e-20
8.341895324303002e-23
1.552772636496747e-25
1.926338260459443e-28
1.5927176036887064e-31
8.776605101737218e-35
3.2232640466379414e-38
7.889450544590745e-42
0.0
0.0
0.0
0.0
0.0
0.0
0.0
0.0
0.0
0.0
0.0
0.0
0.0
0.0
0.0
0.0
0.0
0.0
0.0
0.0
0.0
0.0
0.0
0.0
0.0
0.0
0.0
0.0
0.0
0.0
0.0
0.0
0.0
0.0
0.0
0.0
0.0
0.0
0.0
0.0
0.0
0.0
0.0
0.0
0.0
0.0
0.0
0.0
0.0
0.0
0.0
0.0
0.0
0.0
0.0
0.0
0.0
0.0
0.0
0.0
0.0
0.0
0.0
8.124383575327439e-07
7.513327662192273e-06
4.6307974668640524e-05
0.00019022202170908522
0.000520771666158412
0.0009502009270581023
0.0011554870976139098
0.0009364752398722128
0.0005058351983218437
0.0001820972308133807
4.368971229749222e-05
6.9861286093201495e-06
7.445185385364599e-07
5.288055494492881e-08
2.5032143527057266e-09
7.897354342490836e-11
1.660530118219899e-12
2.3269842179241474e-14
2.1733099419860845e-16
1.3527933004766076e-18
5.612065990123807e-21
1.1565147588253674e-22
2.439748642176374e-25
3.4302086577926683e-28
3.2142343700310465e-31
2.0073175926376846e-34
8.354802523286717e-38
2.317596550366931e-41
0.0
0.0
0.0
0.0
0.0
0.0
0.0
0.0
0.0
0.0
0.0
0.0
0.0
0.0
0.0
0.0
0.0
0.0
1.477242162149491e-05
6.68829110410351e-05
0.00045947476753404237
0.0021037286153024284
0.006419472018342371
0.013076031257301939
0.017864284857341622
0.01690568818542723
0.012970059445532868
0.011968116305503327
0.014121684432565508
0.014269206090094185
0.010123649523766121
0.004830277479797531
0.0015383034418485415
0.00032658921930845954
4.6212682131020645e-05
4.358178631512282e-06
2.7392452634449774e-07
1.1474623418303984e-08
3.203520631453156e-10
5.960712284667478e-12
7.391802292337064e-14
6.109196206315064e-16
3.3651106777852484e-18
1.2353675237318147e-20
3.022557390448667e-23
4.380540160776609e-25
5.450152475442194e-28
4.519505628947582e-31
2.5721893341228187e-34
1.8932356354823934e-36
2.8975206688270134e-37
3.1059467499543795e-38
2.2190999525638773e-39
4.160272330405245e-05
0.00028196807272622875
0.001273678035845945
0.0038344310388763194
0.007693496341681425
0.010287932825684363
0.009168832445868594
0.005446048454635627
0.0021559094386590133
0.0005688019478055227
0.00010001685269370532
1.1721058717269331e-05
9.154656368996067e-07
4.7653938606904657e-08
1.6532445624044627e-09
3.822583256031067e-11
5.890583973899755e-13
2.911567148317742e-14
2.281554194667013e-16
1.1915610983048815e-18
4.147471316123079e-21
9.621261404983411e-24
1.4875178496983988e-26
1.5327591078548017e-29
1.052609228466058e-32
4.817724809250489e-36
1.4695973272731244e-39
2.9876950382022295e-43
0.0
0.0
0.0
0.0
0.0
0.0
0.0
0.0
0.0
0.0
0.0
0.0
0.0
0.0
0.0
0.0
0.0
0.0
0.0
0.0
0.0
0.0
0.0
0.0
0.0
0.0
0.0
0.0
0.0
0.0
0.0
0.0
0.0
0.0
0.0
0.0
0.0
0.0
0.0
0.0
0.0
0.0
0.0
0.0
0.0
0.0
0.0
0.0
0.0
0.0
0.0
0.0
0.0
0.0
0.0
0.0
0.0
0.0
0.0
0.0
0.0
0.0
0.0
0.0
0.0
0.0
0.0
0.0
0.0
0.0
0.0
0.0
0.0
0.0
0.0
0.0
0.0
0.0
0.0
0.0
0.0
0.0
0.0
0.0
0.0
0.0
0.0
0.0
0.0
0.0
0.0
2.0260434530253267e-05
7.635087088206495e-05
0.00039830260301424933
0.0013848216429277332
0.0032088992982875634
0.004955641513395665
0.00510064648634114
0.0034989047113552067
0.001599633732478288
0.000487405629167407
9.897877526984786e-05
1.3396000618709133e-05
1.2083417752769664e-06
7.264169510479177e-08
2.9104738242940693e-09
7.77182429883897e-11
1.3831325372516174e-12
1.6405375309612093e-14
1.296851028651842e-16
6.83243579993863e-19
2.399068102726895e-21
5.614242165918466e-24
8.756312549566929e-27
9.101917955548307e-30
6.305595769677521e-33
2.9113933389875026e-36
8.958951594932925e-40
3.2593344044477976e-42
0.0
0.0
0.0
0.0
0.0
0.0
0.0
0.0
0.0
0.0
0.0
0.0
0.0
0.0
0.0
0.0
0.0
0.0
0.0
0.0
0.0
0.0
0.0
0.0
0.0
0.0
0.0
0.0
0.0
0.0
0.0
0.0
0.0
0.0
0.0
0.0
0.0
0.0
0.0
0.0
0.0
0.0
0.0
0.0
0.0
0.0
0.0
0.0
0.0
0.0
0.0
0.0
0.0
0.0
0.0
0.0
0.0
0.0
0.0
0.0
0.0
0.0
0.0
0.0
0.0
0.0
0.0
0.0
0.0
0.0
0.0
0.0
0.0
0.0
0.0
0.0
0.0
0.0
0.0
0.0
0.0
0.0
0.0
0.0
0.0
0.0
1.2038421202467834e-05
9.215003130004946e-05
0.0004701137869942627
0.0015984241661630779
0.003622118330564706
0.005470345787710976
0.005506155511619775
0.0036937178221768167
0.0016514312742114375
0.000492083545332636
9.772343617744187e-05
1.293421762426327e-05
1.140940894152878e-06
6.70760805382988e-08
2.62817183365007e-09
6.86311670368585e-11
4.821705291008907e-12
6.402813763141025e-14
5.666600891394892e-16
3.3423808131115427e-18
1.313925622438752e-20
3.442446362264513e-23
6.010977892039257e-26
6.995272344719393e-29
5.42557376372851e-32
2.8045827948179487e-35
9.662119550589176e-39
2.2184931712892385e-42
0.0
0.0
0.0
0.0
0.0
0.0
0.0
0.0
0.0
0.0
0.0
0.0
0.0
0.0
0.0
0.0
0.0
0.0
0.0
0.0
0.0
0.0
0.0
0.0
0.0
0.0
0.0
0.0
0.0
0.0
0.0
0.0
0.0
0.0
0.0
0.0
0.0
0.0
0.0
0.0
0.0
0.0
0.0
0.0
0.0
0.0
0.0
0.0
0.0
0.0
0.0
0.0
5.344397761631191e-06
4.162089050279528e-05
0.00021602574456374947
0.0007472762876508015
0.0017228141919096366
0.002647141934565495
0.0027108005395947137
0.0018501180792835855
0.000841555725263192
0.0002551219695193961
5.1545930895938345e-05
6.941006699846057e-06
6.229197321930556e-07
9.96642412331363e-08
4.548325838475491e-09
1.3833922002995226e-10
2.804275153506247e-12
3.78858882175922e-14
3.411268242916137e-16
2.047084722264494e-18
8.187236035475126e-21
2.1823296509593235e-23
3.876903077835708e-26
4.5901944386291e-29
3.622086096853104e-32
1.9048816766052865e-35
6.676652721062763e-39
1.5596642546570378e-42
0.0
0.0
0.0
0.0
0.0
0.0
0.0
0.0
0.0
0.0
0.0
0.0
0.0
0.0
0.0
6.396543821156374e-06
5.4898075394701165e-05
0.00031401500954752467
0.0011970857018028284
0.0030414566298285826
0.005150146232812425
0.005812179807576566
0.004371596507056256
0.002191404996084584
0.0007321275889469865
0.0001630168310003393
2.4191325667894547e-05
2.3925908524148255e-06
1.5770982726534502e-07
6.9283628185034446e-09
2.028542153436496e-10
3.958393816386966e-12
5.1479641088005885e-14
4.462041132461257e-16
3.8346393737308125e-06
3.479627480490201e-05
0.00012082934706923157
0.00055754924721547
0.0017146504077271499
0.003514386229564311
0.004800704099573225
0.004370608802608309
0.002651920387792593
0.0010724093119491595
0.0002890295314351064
5.1916500363501394e-05
6.215129015074517e-06
2.6534254371107806e-06
1.772974837633615e-05
9.681399329731514e-05
0.00035285255695827325
0.0008571051211181901
0.0013875750623310984
0.0014971331628394753
0.001076579047073688
0.000515956352525068
0.00016480164899912802
3.508259340056876e-05
4.977409535802025e-06
4.706484243221186e-07
2.9660016672348973e-08
1.2457408924914656e-09
1.2014327534374795e-10
2.5660101963513354e-12
3.652572426010401e-14
3.465140454889672e-16
2.1909092940692166e-18
9.232291335959551e-21
2.592842590707827e-23
4.853157115260824e-26
6.054162851471913e-29
5.033445778891144e-32
2.7890624497943165e-35
1.029989104868355e-38
2.5350619171615294e-42
0.0
0.0
0.0
0.0
0.0
0.0
0.0
0.0
0.0
0.0
0.0
0.0
0.0
0.0
0.0
0.0
0.0
0.0
0.0
0.0
0.0
0.0
0.0
0.0
0.0
0.0
0.0
0.0
0.0
0.0
0.0
0.0
0.0
0.0
0.0
0.0
0.0
0.0
0.0
0.0
0.0
0.0
0.0
0.0
0.0
0.0
0.0
0.0
0.0
0.0
0.0
0.0
0.0
0.0
0.0
0.0
0.0
0.0
0.0
0.0
0.0
0.0
0.0
0.0
0.0
0.0
0.0
0.0
0.0
0.0
0.0
0.0
0.0
0.0
0.0
0.0
0.0
0.0
0.0
0.0
0.0
0.0
0.0
0.0
0.0
0.0
0.0
0.0
0.0
0.0
0.0
0.0
0.0
0.0
0.0
0.0
0.0
0.0
0.0
0.0
0.0
0.0
0.0
0.0
0.0
0.0
0.0
0.0
0.0
0.0
0.0
0.0
0.0
0.0
0.0
0.0
0.0
0.0
0.0
0.0
0.0
0.0
0.0
0.0
0.0
0.0
0.0
0.0
0.0
0.0
0.0
0.0
0.0
0.0
0.0
0.0
0.0
0.0
0.0
0.0
0.0
0.0
0.0
0.0
0.0
0.0
0.0
0.0
0.0
0.0
0.0
0.0
0.0
0.0
0.0
0.0
0.0
0.0
0.0
0.0
0.0
0.0
0.0
0.0
0.0
0.0
0.0
0.0
0.0
0.0
0.0
0.0
0.0
0.0
0.0
0.0
0.0
0.0
0.0
0.0
0.0
0.0
0.0
0.0
0.0
0.0
0.0
0.0
0.0
0.0
0.0
0.0
0.0
0.0
0.0
0.0
0.0
0.0
0.0
0.0
0.0
0.0
0.0
0.0
0.0
0.0
0.0
0.0
0.0
0.0
0.0
0.0
0.0
0.0
0.0
0.0
0.0
0.0
0.0
0.0
0.0
0.0
0.0
0.0
0.0
0.0
0.0
0.0
0.0
0.0
0.0
0.0
0.0
0.0
0.0
0.0
0.0
0.0
0.0
0.0
0.0
0.0
0.0
0.0
0.0
0.0
0.0
0.0
0.0
0.0
0.0
0.0
0.0
0.0
0.0
0.0
0.0
0.0
0.0
0.0
0.0
0.0
0.0
0.0
0.0
0.0
0.0
0.0
0.0
0.0
0.0
0.0
0.0
0.0
0.0
0.0
0.0
0.0
0.0
0.0
0.0
0.0
0.0
0.0
0.0
0.0
0.0
0.0
0.0
0.0
0.0
0.0
0.0
0.0
0.0
0.0
0.0
0.0
0.0
0.0
0.0
0.0
0.0
0.0
0.0
0.0
0.0
0.0
0.0
0.0
0.0
0.0
0.0
0.0
0.0
0.0
0.0
0.0
0.0
0.0
0.0
0.0
0.0
0.0
0.0
0.0
0.0
0.0
0.0
0.0
0.0
0.0
0.0
0.0
0.0
0.0
0.0
0.0
0.0
0.0
0.0
0.0
0.0
0.0
0.0
0.0
0.0
0.0
0.0
0.0
0.0
0.0
0.0
0.0
0.0
0.0
0.0
0.0
0.0
