a = 4.980454711608642 b = 4.980454711608642 c = 5.29398057041242 ,Gaussian ,LMH = 0.08 ,DW = [1.7 1.7]
0.0
0.0
0.0
0.0
0.0
0.0
0.0
0.0
0.0
0.0
0.0
0.0
0.0
0.0
0.0
0.0
0.0
0.0
0.0
0.0
0.0
0.0
0.0
0.0
0.0
0.0
0.0
0.0
0.0
0.0
0.0
0.0
0.0
0.0
0.0
0.0
0.0
0.0
0.0
0.0
0.0
0.0
0.0
0.0
0.0
0.0
0.0
0.0
0.0
0.0
0.0
0.0
0.0
0.0
0.0
0.0
0.0
0.0
0.0
0.0
0.0
0.0
0.0
0.0
0.0
0.0
0.0
0.0
0.0
0.0
0.0
0.0
0.0
0.0
0.0
0.0
0.0
0.0
0.0
0.0
0.0
0.0
0.0
0.0
0.0
0.0
0.0
0.0
0.0
0.0
0.0
0.0
0.0
0.0
0.0
0.0
0.0
0.0
0.0
0.0
0.0
0.0
0.0
0.0
0.0
0.0
0.0
0.0
0.0
0.0
0.0
0.0
0.0
0.0
0.0
0.0
0.0
0.0
0.0
0.0
0.0
0.0
0.0
0.0
0.0
0.0
0.0
0.0
0.0
0.0
0.0
0.0
0.0
0.0
0.0
0.0
0.0
0.0
0.0
0.0
0.0
0.0
0.0
0.0
0.0
0.0
0.0
0.0
0.0
0.0
0.0
0.0
0.0
0.0
0.0
0.0
0.0
0.0
0.0
0.0
0.0
0.0
0.0
0.0
0.0
0.0
0.0
0.0
0.0
0.0
0.0
0.0
0.0
0.0
0.0
0.0
0.0
0.0
0.0
0.0
0.0
0.0
0.0
0.0
0.0
0.0
0.0
0.0
0.0
0.0
0.0
0.0
0.0
0.0
0.0
0.0
0.0
0.0
0.0
0.0
0.0
0.0
0.0
0.0
0.0
0.0
0.0
0.0
0.0
0.0
0.0
0.0
0.0
0.0
0.0
0.0
0.0
0.0
0.0
0.0
0.0
0.0
0.0
0.0
0.0
0.0
0.0
0.0
0.0
0.0
0.0
0.0
0.0
0.0
0.0
0.0
0.0
0.0
0.0
0.0
0.0
0.0
0.0
0.0
0.0
0.0
0.0
0.0
0.0
0.0
0.0
0.0
0.0
0.0
0.0
0.0
0.0
0.0
0.0
0.0
0.0
0.0
0.0
0.0
0.0
0.0
0.0
0.0
0.0
0.0
0.0
0.0
0.0
0.0
0.0
0.0
0.0
0.0
0.0
0.0
0.0
0.0
0.0
0.0
0.0
0.0
0.0
0.0
0.0
0.0
0.0
0.0
0.0
0.0
0.0
0.0
0.0
0.0
0.0
0.0
0.0
0.0
0.0
0.0
0.0
0.0
0.0
0.0
0.0
0.0
0.0
0.0
0.0
0.0
0.0
0.0
0.0
0.0
0.0
0.0
0.0
0.0
0.0
0.0
0.0
0.0
0.0
0.0
0.0
0.0
0.0
0.0
0.0
0.0
0.0
0.0
0.0
0.0
0.0
0.0
0.0
0.0
0.0
0.0
0.0
0.0
0.0
0.0
0.0
0.0
0.0
0.0
0.0
0.0
0.0
0.0
0.0
0.0
0.0
0.0
0.0
0.0
0.0
0.0
0.0
0.0
0.0
0.0
0.0
0.0
0.0
0.0
0.0
0.0
0.0
0.0
0.0
0.0
0.0
0.0
0.0
0.0
0.0
0.0
0.0
0.0
0.0
0.0
0.0
0.0
0.0
0.0
0.0
0.0
0.0
0.0
0.0
0.0
0.0
0.0
0.0
0.0
0.0
0.0
0.0
0.0
0.0
0.0
0.0
0.0
0.0
0.0
0.0
0.0
0.0
0.0
0.0
0.0
0.0
0.0
0.0
0.0
0.0
0.0
0.0
6.515509311026822e-35
5.033350438303771e-34
2.591477934543267e-33
8.892408608160719e-33
2.0336342786574828e-32
3.099615651062094e-32
3.148649978903339e-32
2.1316822679715105e-32
9.61838393296133e-33
2.8924329004557164e-33
5.7970363719681485e-34
7.743375246650529e-35
6.893442138682807e-36
4.090001917180575e-37
1.6173068900728523e-38
4.2622891651874025e-40
7.486432817467706e-42
8.763720159480334e-44
6.83728399549156e-46
3.555169286549444e-48
1.2320221039413374e-50
2.845497852221338e-53
4.380055089472405e-56
4.493476054198911e-59
3.072322763981749e-62
1.4000153389704233e-65
6.617251243396794e-68
1.5333671670882545e-71
0.0
0.0
0.0
0.0
0.0
0.0
0.0
0.0
0.0
0.0
0.0
0.0
0.0
0.0
0.0
0.0
0.0
0.0
0.0
0.0
0.0
0.0
0.0
0.0
0.0
0.0
0.0
0.0
0.0
0.0
0.0
0.0
0.0
0.0
0.0
0.0
0.0
0.0
0.0
0.0
0.0
0.0
0.0
0.0
0.0
0.0
0.0
0.0
0.0
0.0
0.0
0.0
0.0
0.0
0.0
0.0
0.0
0.0
0.0
0.0
0.0
0.0
0.0
0.0
0.0
0.0
0.0
0.0
0.0
0.0
0.0
0.0
0.0
0.0
0.0
0.0
0.0
0.0
0.0
0.0
0.0
0.0
0.0
0.0
0.0
0.0
0.0
0.0
0.0
0.0
0.0
0.0
0.0
0.0
0.0
0.0
0.0
0.0
0.0
0.0
0.0
0.0
0.0006758908226742823
0.004911403205381833
0.023785713159753922
0.07677296497435164
0.16515130041611611
0.23677575506126305
0.22624240611561225
0.14407623129238087
0.061149402364593174
0.017297113777347616
0.003260893503800689
0.0004097143142522335
3.4308932625194524e-05
1.9147621107158363e-06
7.122033158106916e-08
1.7655283908313821e-09
2.916936455598268e-11
3.2118908564204627e-13
2.357089851583521e-15
1.1528506404640511e-17
3.757954352974605e-20
8.164159937712303e-23
1.1820968383777858e-25
1.1407123820339744e-28
8.89117344605896e-31
4.362995475616191e-34
1.4268949175380107e-37
3.1101459355544213e-41
0.0
0.0
0.0
0.0
0.0
0.0
0.0
0.0
0.0
0.0
0.0
0.0
0.0
0.0
0.0
0.0
0.0
0.0
0.0
0.0
0.0
0.0
0.0
0.0
0.0
0.0
0.0
0.0
0.0
0.0
0.0
0.0
0.0
0.0
0.0
0.0
0.0
0.0
0.0
0.0
0.0
0.0
0.0
0.0
0.0
0.0
0.0
0.0
0.0
0.0
0.0
0.0
0.0
0.0
0.0
0.0
0.0
0.0
0.0
0.0
0.0
0.0
0.0
0.0
0.0
0.0
0.0
0.0
0.0
0.0
0.0
0.0
0.0
0.0
0.0
0.0
0.0
0.0
0.0
0.0
0.0
0.0
0.0
0.0
0.0
0.0
0.0
0.0
0.0
0.0
0.0
0.0
0.0
0.0
0.0
0.0
0.0
0.0
0.0
0.0
0.0
0.0
0.0
0.0
0.0
0.0
0.0
0.0
0.0
0.0
0.0
0.0
0.0
0.0
0.0
0.0
0.0
0.0
0.0
0.0
0.0
0.0
0.0
0.0
0.0
0.0
0.0
0.0
0.0
0.0
0.0
0.0
0.0
0.0
0.0
0.0
0.0
0.0
0.0
0.0
0.0
0.0
0.0
0.0
0.0
0.0
0.0
0.0
0.0
0.0
0.0
0.0
0.0
0.0
0.0
0.0
0.0
0.0
0.0
0.0
0.0
0.0
0.0
0.0
0.0
0.0
0.0
0.0
0.0
0.0
0.0
0.0
0.0
0.0
0.0
0.0
0.0
0.0036832743304597983
0.02543455576257736
0.11705657026861248
0.35904508165838195
0.7339791393769705
1.0
0.9080250533093008
0.5495120379547749
0.2216348950688859
0.05957727214163952
0.010673445537613006
0.0012744130518997665
0.0001014138642014595
5.378559776897195e-06
1.9011492673434268e-07
4.4786588402123395e-09
7.03171555908575e-11
7.357938543329796e-13
5.131360959582892e-15
2.3850117524746778e-17
7.388053460677219e-20
1.525285295666842e-22
2.09871605981167e-25
1.9245882781412607e-28
1.1762605591642766e-31
6.76158005497299e-34
2.10143747768254e-37
4.352775821774689e-41
0.0
0.0
0.0
0.0
0.0
0.0
0.0
0.0
0.0
0.0
0.0
0.0
0.0
0.0
0.0
0.0
0.0
0.0
0.0
0.0
0.0
0.0
0.0
0.0
0.0
0.0
0.0
0.0
0.0
0.0
0.0
0.0
0.0
0.0
0.0
0.0
0.0
0.0
0.0
0.0
0.0
0.0
0.0
0.0
0.0
0.0
0.0
0.0
0.0
0.0
0.0
0.0
0.0
0.0
0.0
0.0
0.0
0.0
0.0
0.0
0.0
0.0
0.0
0.0
0.0
0.0
0.0
0.0
0.0
0.0
0.0
0.0
0.0
0.0
0.0
0.0
0.0
0.0
0.0
0.0
0.0
0.0
0.0
0.0
0.0
0.0
0.0
0.0
0.0
0.0
0.0
0.0
0.0
0.0
0.0
0.0
0.0
0.0
0.0
0.0
0.0
0.0
0.0
0.0
0.0
0.0
0.0
0.0
0.0
0.0
0.0
0.0
0.0
0.0
0.0
0.0
0.0
0.0
0.0
0.0
0.0
0.0
0.0
0.0
0.0
0.0
0.0
0.0
0.0
0.0
0.0
0.0
0.0
0.0
0.0
0.0
0.0
0.0
0.0
0.0
0.0
0.0
0.0
0.0
0.0
0.0
0.0
0.0
0.0
0.0
0.0
0.0
0.0
0.0
0.0
0.0
0.0
0.0
0.0
0.0
0.0
0.0
0.0
0.0
0.0
0.0
0.0
0.0
0.0
0.0
0.0
0.0
0.0
0.0
0.0
0.0
0.0
0.0
0.0
0.0
0.0
0.0
0.0
0.0
0.0
0.0
0.0
0.0
0.0
0.0
0.0
0.0
0.0
0.0
0.0
0.0
0.0
0.0
0.0
0.0
0.0
0.0
0.0
0.0
0.0
0.0
0.0
0.0
0.0
0.0
0.0
0.0
0.0
0.0
0.0
7.643229199626754e-36
5.73351640949656e-35
2.8664659331634193e-34
9.551114639526426e-34
2.1210107960745646e-33
3.139158530831935e-33
3.096457804550024e-33
2.0356290131820714e-33
8.91894829330407e-34
2.604415122387951e-34
5.068603496187375e-35
6.574276678608185e-36
5.683150855082785e-37
8.868513855443886e-38
3.898473944777538e-39
1.1421416558750934e-40
2.2301129252655157e-42
2.902119467553214e-44
2.517011885650187e-46
1.4549122294479485e-48
5.604925839218263e-51
1.43907853406712e-53
2.4625251106124052e-56
2.8083962765049125e-59
2.134605664541544e-62
1.0813305545158707e-65
3.650739460970081e-69
8.214568466947562e-73
0.0
0.0
0.0
0.0
0.0
0.0
0.0
0.0
0.0
0.0
0.0
0.0
0.0
0.0
0.0
0.0
0.0
0.0
0.0
0.0
0.0
0.0
0.0
0.0
0.0
0.0
0.0
0.0
0.0
0.0
0.0
0.0
0.0
0.0
0.0
0.0
0.0
0.0
0.0
0.0
0.0
0.0
0.0
0.0
0.0
0.0
5.014379047037152e-05
0.00044643283026901475
0.002648967546282258
0.010475594974510845
0.027609739424807045
0.048498406049878644
0.05677722610488571
0.044299867241178806
0.02303627353349542
0.007983688374637409
0.0018440660622909633
0.0002838774672682397
2.9125065892681065e-05
1.9915190247284325e-06
9.075771447814534e-08
2.7565393087233767e-09
2.1418323622043537e-10
3.3080243365884736e-12
3.405128171748188e-14
2.336037336540413e-16
1.068089495737344e-18
3.254745658391687e-21
6.6100998056820254e-24
8.947063624222306e-27
8.071134464090109e-30
4.85255188624091e-33
1.944407739853577e-36
5.192614032833694e-40
0.0
0.0
0.0
0.0
0.0
0.0
0.0
0.0
0.0
0.0
0.0
0.0
0.0
0.0
0.0
0.0
0.0
0.0
0.0
0.0
0.0
0.0
0.0
0.0
0.0
0.0
0.0
0.0
0.0
0.0
0.0
0.0
0.0
0.0
0.0
0.0
0.0
0.0
0.0
0.0
0.0
0.0
0.0
0.0
0.0
0.0
0.0
0.0
0.0
0.0
0.0
0.0
0.0
0.0
0.0
0.0
0.0
0.0
0.0
0.0
0.0
0.0
0.0
0.0
0.0
0.0
0.0
0.0
0.0
0.0
0.0
0.0
0.0
0.0
0.0
0.0
0.0
0.0
0.0
0.0
0.0
0.0
0.0
0.0
0.0
0.0
0.0
0.0
0.0
0.0
0.0
0.0
0.0
0.0
0.0
0.0
0.0
0.0
0.0
0.0
0.0
0.0
0.0
0.0
0.0001254734528148988
0.0009265821559581744
0.00455550839333492
0.015113369855558957
0.03418599453724549
0.05362493338113624
0.059756024285330674
0.04856513304009454
0.02927152363813695
0.013038161855848997
0.00420126834868353
0.0009536267537831541
0.0001491644075441994
3.494849890282485e-05
2.8536600203649138e-06
1.5632807392821152e-07
5.7274347848904445e-09
1.4010299241937194e-10
2.286235534747624e-12
2.4876254761762895e-14
1.8044227292978531e-16
8.724260825288055e-19
2.8114420682507563e-21
6.0384561369566576e-24
8.643941686271235e-27
8.246756981100436e-30
5.2437034883003735e-33
2.2221616074045237e-36
6.276169064817839e-40
0.0
0.0
0.0
0.0
0.0
0.0
0.0
0.0
0.0
0.0
0.0
0.0
0.0
0.0
0.0
0.0
0.0
0.0
0.0
0.0
0.0
0.0
0.0
0.0
0.0
0.0
0.0
0.0
0.0
0.0
0.0
0.0
0.0
0.0
0.0
0.0
5.3571362489125406e-05
0.00042815131692209554
0.002280570091881401
0.008096011438825362
0.019154920324406747
0.030204464106613812
0.03174267100609726
0.02223296320515832
0.010378456724110491
0.0032288640264715976
0.0006694964558889354
9.251845173866413e-05
8.52098848998695e-06
5.230378874462386e-07
2.1397245411600353e-08
5.833969235292714e-10
1.0601124858924037e-11
1.283870774359864e-13
1.036268326640603e-15
5.574484135213185e-18
1.9985669054338826e-20
4.7754493983784525e-23
7.604862246560443e-26
8.071421067663555e-29
5.709396501581046e-32
3.6178553465204127e-34
1.3013495889410845e-37
3.1197393316947706e-41
0.0
0.0
0.0
0.0
0.0
0.0
0.0
0.0
0.0
0.0
0.0
0.0
0.0
0.0
0.0
0.0
0.0
0.0
0.0
0.0
0.0
0.0
0.0
0.0
0.0
0.0
0.0
0.0
0.0
0.0
0.0
0.0
0.0
0.0
0.0
0.0
0.0
0.0
0.0
0.0
0.0
0.0
0.0
0.0
0.0
0.0
0.0
0.0
0.0
0.0
0.0
0.0
0.0
0.0
0.0
0.0
0.0
0.0
0.0
0.0
0.0
0.0
0.0
0.0
0.0
0.0
0.0
0.0
0.0
0.0
0.0
0.0
0.0
0.0
0.0
0.0
0.0
0.0
0.0
0.0
0.0
0.0
0.0
0.0
0.0
0.0
0.0
0.0
0.0
0.0
0.0
5.7866942897904345e-05
0.0004088563391845593
0.0019252737096159532
0.006042209414853533
0.01263806586176625
0.017617610476179303
0.01636797454508385
0.010135015718538547
0.00418249528827014
0.0018504485297569054
0.0003883207732753452
5.431074824069349e-05
5.062470396331759e-06
3.145000764162177e-07
1.3021486414780431e-08
3.5932043539001585e-10
6.6082249828032785e-12
8.099706310185363e-14
6.616605956711842e-16
3.602324397063863e-18
1.3071093323964444e-20
3.1609859072307734e-23
5.094654674194184e-26
5.47253430399045e-29
3.9178137070307996e-32
1.8693069398254925e-35
5.94427651194143e-39
1.2597922629303523e-42
0.0
0.0
0.0
0.0
0.0
0.0
0.0
0.0
0.0
0.0
0.0
0.0
0.0
0.0
0.0
0.0
0.0
0.0
0.0
0.0
0.0
0.0
0.0
0.0
0.0
0.0
0.0
0.0
0.0
0.0
0.0
0.0
0.0
0.0
0.0
0.0
0.0
0.0
0.0
0.0
0.0
0.0
0.0
0.0
0.0
0.0
0.0
0.0
0.0
0.0
0.0
0.0
0.0
0.0
0.0
0.0
0.0
0.0
0.0
0.0
0.0
0.0
0.0
0.0
0.0
0.0
0.0
0.0
0.0
0.0
0.0
0.0
0.0
0.0
0.0
0.0
0.0
0.0
0.0
0.0
0.0
0.0
0.0
0.0
0.0
0.0
0.0
0.0
0.0
0.0
0.0
0.0
0.0
0.0
0.0
0.0
0.0
0.0
0.0
0.0
0.0
0.0
0.0
0.0
0.0
0.0
0.0
0.0
0.0
0.0
0.0
0.0
0.0
0.0
0.0
0.0
0.0
0.0
0.0
0.0
0.0
0.0
0.0
0.0
0.0
0.0
0.0
0.0
0.0
0.0
0.0
0.0
0.0
0.0
0.0
0.0
0.0
5.474152529991265e-05
0.00047915177348991473
0.0027951869098683086
0.01086751268636094
0.028159893376384467
0.0486310228918677
0.05597284103376447
0.042936124927390636
0.021950776553228784
0.007479257404688495
0.0016984337821716678
0.00025705159736796364
2.5928270133798437e-05
1.743043905494676e-06
7.809525706507474e-08
2.3319677450441958e-09
4.6408974041741447e-11
6.155494453449275e-13
5.4413350600344096e-15
3.205749197831328e-17
1.2587374789647529e-19
3.293990429181598e-22
5.745013461049298e-25
6.677921605969232e-28
5.8926279370793945e-30
3.4830673046137785e-33
1.3721331630290814e-36
3.602568135800345e-40
0.0
0.0
0.0
0.0
0.0
0.0
0.0
0.0
0.0
0.0
0.0
0.0
0.0
0.0
0.0
0.0
0.0
0.0
0.0
0.0
0.0
0.0
0.0
2.2292803375818567e-06
1.735547733614849e-05
9.005130030187692e-05
0.0003114045557403199
0.000717697583033115
0.001102400886197388
0.0011285457559561591
0.0007699815843391295
0.00035012494438392143
0.00010610780134012997
2.1431527536159445e-05
2.8849645814147874e-06
2.588268894354675e-07
1.5476040178875497e-08
6.167254240676977e-10
1.637967966892056e-11
2.899349059661541e-13
3.4204020066274052e-15
2.6892758323514752e-17
1.4092079795250312e-19
4.921487501515769e-22
1.145510904017034e-24
1.7769844065271033e-27
1.8371708849159993e-30
1.4993201323142834e-32
7.882480232484041e-36
2.7619318370454987e-39
6.449775085708641e-43
0.0
0.0
0.0
0.0
0.0
0.0
0.0
0.0
0.0
0.0
0.0
0.0
0.0
0.0
0.0
0.0
0.0
0.0
0.0
0.0
0.0
0.0
0.0
0.0
0.0
0.0
0.0
0.0
0.0
0.0
0.0
0.0
0.0
0.0
0.0
0.0
0.0
0.0
0.0
0.0
0.0
0.0
0.0
0.0
0.0
0.0
0.0
0.0
0.0
0.0
0.0
0.0
0.0
0.0
0.0
0.0
0.0
0.0
0.0
0.0
0.0
0.0
0.0
0.0
0.0
0.0
0.0
0.0
0.0
0.0
0.0
0.0
0.0
0.0
0.0
0.0
0.0
3.447597282424246e-05
0.0002584367060490224
0.001291140227716984
0.004299066630575874
0.009540178226330569
0.014109783441187249
0.013908034408645988
0.009136770428487588
0.004000379725664991
0.0011673236122824618
0.00022701934767150556
2.9424969450857497e-05
2.541854680516677e-06
1.463413185055883e-07
5.615193897230311e-09
1.435965809291104e-10
2.4474001906178416e-12
2.7800168476859924e-14
2.104608957145863e-16
1.0618836871328358e-18
3.5707877158133914e-21
8.002628623767624e-24
1.0939041686051962e-25
1.2466670721778795e-28
9.468981070560301e-32
4.7933325036230584e-35
1.6171615695069232e-38
3.6362255688310276e-42
0.0
0.0
0.0
0.0
0.0
0.0
0.0
0.0
0.0
0.0
0.0
0.0
0.0
0.0
0.0
0.0
0.0
0.0
0.0
4.145585508917537e-06
1.898434084287471e-05
0.00013266650258744273
0.0006178863285992744
0.0019179507021608799
0.003973106694338719
0.0055047687469190875
0.005172672619567405
0.003493067462813656
0.0020424238863112885
0.0013350210100921624
0.0008985907970714914
0.00047717118822132625
0.00017634069771592077
4.385582798996877e-05
7.2844900128387025e-06
8.067704424277862e-07
5.955591022252961e-08
2.9301540507902945e-09
9.608145222268085e-11
2.099764725406495e-12
3.058323008529287e-14
2.968777407191592e-16
1.920673184433746e-18
8.281535326762312e-21
2.3798511412093286e-23
3.839517127004699e-25
5.6107138985383015e-28
5.464383690804165e-31
3.5468742989619263e-34
1.5343765639798376e-37
4.423842573172871e-41
8.500587053061185e-45
0.0
0.0
0.0
0.0
0.0
0.0
0.0
0.0
0.0
0.0
0.0
0.0
0.0
0.0
0.0
0.0
0.0
0.0
0.0
0.0
0.0
0.0
0.0
0.0
0.0
0.0
0.0
0.0
0.0
0.0
0.0
0.0
0.0
0.0
0.0
0.0
0.0
0.0
0.0
0.0
0.0
0.0
0.0
0.0
0.0
0.0
0.0
0.0
0.0
0.0
0.0
0.0
0.0
0.0
0.0
0.0
0.0
0.0
0.0
0.0
0.0
0.0
0.0
0.0
0.0
0.0
0.0
0.0
3.9425585956604495e-05
0.0003283889249568557
0.0018229736674851929
0.004561865932962169
0.012877661098369984
0.0242277460886836
0.030378797829768784
0.025386901735694353
0.014139380068506308
0.005248468357717377
0.0012984234372722563
0.0002140827413175598
2.3524939571074152e-05
1.7228875154673047e-06
8.40943619225859e-08
2.735636461335637e-09
5.931047955505759e-11
8.570102886137759e-13
8.25319647812348e-15
5.2971208453713704e-17
2.2658915799403136e-19
6.459812589964938e-22
1.2273890931736545e-24
1.5542688713001305e-27
1.3117515518302853e-30
7.37833844362551e-34
2.7659677131012055e-37
6.910622796206e-41
0.0
0.0
0.0
0.0
0.0
0.0
0.0
0.0
0.0
0.0
0.0
0.0
0.0
0.0
0.0
0.0
0.0
0.0
0.0
0.0
0.0
0.0
0.0
0.0
0.0
0.0
0.0
0.0
0.0
0.0
0.0
0.0
0.0
0.0
0.0
0.0
0.0
0.0
0.0
0.0
0.0
0.0
0.0
0.0
0.0
0.0
0.0
0.0
0.0
0.0
0.0
0.0
0.0
0.0
0.0
0.0
0.0
0.0
0.0
0.0
0.0
0.0
0.0
0.0
0.0
0.0
0.0
0.0
0.0
0.0
0.0
0.0
0.0
0.0
0.0
0.0
0.0
0.0
0.0
0.0
0.0
0.0
0.0
0.0
0.0
0.0
0.0
0.0
0.0
0.0
0.0
0.0
0.0
0.0
0.0
0.0
0.0
0.0
0.0
0.0
0.0
0.0
0.0
0.0
0.0
0.0
0.0
0.0
0.0
0.0
0.0
0.0
0.0
0.0
0.0
0.0
0.0
0.0
0.0
0.0
0.0
0.0
0.0
0.0
0.0
0.0
0.0
0.0
0.0
0.0
0.0
0.0
0.0
0.0
0.0
0.0
0.0
0.0
0.0
0.0
0.0
0.0
0.0
0.0
0.0
0.0
0.0
0.0
0.0
0.0
0.0
0.0
0.0
0.0
0.0
0.0
9.713894003776937e-06
7.380667560480961e-05
0.00037374851569537136
0.0012622366638945378
0.0028451634111986306
0.004302251824576917
0.0044507399476322795
0.0033807168730375908
0.002261332998643059
0.0015942696678007962
0.001064293302607441
0.0005449486422519443
0.00019355741579161155
4.628638556027767e-05
7.395398048030572e-06
7.879806283764357e-07
5.596485254764124e-08
2.649185526181689e-09
8.357853134905936e-11
1.757355280015783e-12
2.462669767937155e-14
2.3000347112277326e-16
1.431674082674381e-18
5.939303074783158e-21
1.2239506221029842e-22
2.5820093041627106e-25
3.6302226041000094e-28
3.4016549513094908e-31
2.12436339163133e-34
8.841967354780687e-38
2.452734577840781e-41
0.0
0.0
0.0
0.0
0.0
0.0
0.0
0.0
0.0
0.0
0.0
0.0
0.0
0.0
0.0
0.0
0.0
0.0
0.0
0.0
0.0
0.0
0.0
0.0
0.0
0.0
0.0
0.0
0.0
0.0
0.0
0.0
0.0
0.0
0.0
0.0
0.0
0.0
0.0
0.0
0.0
0.0
0.0
0.0
0.0
0.0
0.0
0.0
0.0
0.0
0.0
0.0
0.0
0.0
0.0
0.0
0.0
0.0
0.0
0.0
0.0
3.811611128904373e-05
0.0002991398032916073
0.001512804711422557
0.00520761525642588
0.012304033429357823
0.020137608398327782
0.023022028912362106
0.01847883826563675
0.010414540128108479
0.005825168122880944
0.001797982378605992
0.0003821793844265877
5.545518178403705e-05
5.453275550078144e-06
3.6144677972660605e-07
1.6085373052243938e-08
4.793857107516687e-10
9.551215613105351e-12
1.2707692380647836e-13
1.1282302340700069e-15
6.681179469060358e-18
2.6381943254044346e-20
6.945104736788293e-23
1.2187614360226956e-25
1.4255899134979464e-28
1.1114409964648996e-31
5.775391226971901e-35
2.0001916150492671e-38
4.616649849972975e-42
0.0
0.0
0.0
0.0
0.0
0.0
0.0
0.0
0.0
0.0
0.0
0.0
0.0
1.0192739851415868e-05
9.524542102791849e-05
0.0005931695110220012
0.0024620398756180105
0.00681071791551387
0.012556605558801432
0.015428835864344743
0.012635010701958861
0.006896037547501427
0.0025084483838772563
0.0006081241754465746
9.825641552832844e-05
1.058061989514024e-05
7.59351503373008e-07
3.6320862213539845e-08
1.1578465082769543e-09
2.459956226525673e-11
3.483255377229547e-13
3.2871899575250827e-15
1.1717059943577474e-16
5.622904627442838e-19
1.7983918720401606e-21
3.8334472630016044e-24
5.445982019662639e-27
5.156374612411835e-30
3.25382557206428e-33
1.3684395664467763e-36
3.835646063618228e-40
0.0
0.0
0.0
0.0
0.0
0.0
0.0
0.0
0.0
0.0
0.0
0.0
0.0
0.0
0.0
0.0
0.0
0.0
0.0
0.0
0.0
0.0
0.0
0.0
0.0
0.0
0.0
0.0
0.0
0.0
0.0
0.0
0.0
0.0
0.0
0.0
0.0
0.0
0.0
0.0
0.0
0.0
0.0
0.0
0.0
0.0
0.0
0.0
0.0
0.0
0.0
0.0
0.0
0.0
0.0
0.0
0.0
5.715946774977178e-38
5.27571909336642e-37
3.245313817486783e-36
1.3304951093604461e-35
3.635393399337468e-35
6.620199763014241e-35
8.034749154266609e-35
6.499128127751776e-35
3.503639577938447e-35
1.2588248175390704e-35
3.014343336556785e-36
9.277803955692749e-37
1.1297313815974966e-37
9.16825622907885e-39
4.9588370784182475e-40
1.787534718744239e-41
4.294480941959909e-43
6.876198764872648e-45
7.337831122892233e-47
5.218774732835248e-49
2.4737222641283036e-51
7.814746107524299e-54
1.6453578062600087e-56
2.3088057076849363e-59
2.159215389568673e-62
1.345817262785122e-65
5.59059163850435e-69
1.54778628756068e-72
0.0
0.0
0.0
0.0
0.0
0.0
0.0
0.0
0.0
0.0
0.0
0.0
0.0
0.0
0.0
0.0
0.0
0.0
0.0
0.0
0.0
0.0
0.0
0.0
0.0
0.0
0.0
0.0
0.0
0.0
0.0
0.0
0.0
0.0
0.0
0.0
0.0
0.0
0.0
0.0
0.0
0.0
0.0
0.0
0.0
0.0
0.0
0.0
0.0
0.0
0.0
0.0
0.0
0.0
0.0
0.0
0.0
0.0
0.0
0.0
0.0
0.0
0.0
0.0
0.0
0.0
0.0
0.0
0.0
0.0
0.0
0.0
0.0
0.0
0.0
0.0
0.0
0.0
0.0
0.0
0.0
0.0
0.0
0.0
0.0
0.0
0.0
0.0
0.0
0.0
0.0
0.0
0.0
0.0
0.0
0.0
0.0
0.0
0.0
0.0
0.0
0.0
1.883087652038906e-05
0.00012436964408585707
0.0005474441201727445
0.0016060044631745567
0.0031522710697030466
0.004184777256391142
0.004025446729480088
0.0036518679684010478
0.004386416961095589
0.005263630365524836
0.0057106643223719744
0.0043179382575715824
0.002193303879280925
0.0007435285481761085
0.00016802737189705613
2.5308210623393152e-05
2.5405478896914805e-06
1.6997122018113105e-07
7.578880062902117e-09
2.2522481547145564e-10
4.460761419724535e-12
5.888210139643343e-14
5.180112048844395e-16
3.037222127086091e-18
1.186849099651681e-20
3.090978628869092e-23
5.365102804611816e-26
6.206426866844765e-29
4.7850533531985997e-32
2.458744916082614e-35
8.420186552418653e-39
1.921814653042123e-42
0.0
0.0
0.0
0.0
0.0
0.0
0.0
0.0
0.0
0.0
0.0
0.0
0.0
0.0
0.0
0.0
5.6560272259692154e-06
4.404778617769709e-05
0.00022862210996621476
0.0007908496367201735
0.0018232707237256522
0.0028014956073062727
0.002868866117375229
0.00195799764433925
0.0008906264665461765
0.0002699980184678796
5.455155127644748e-05
7.345733723603262e-06
6.592419056402766e-07
1.054756189588201e-07
4.813536701868694e-09
1.46405718624869e-10
2.9677911945871515e-12
4.0094997564950183e-14
3.610177781963771e-16
2.166449324958125e-18
8.664630139346122e-21
2.309580325491803e-23
4.1029635776940927e-26
4.857846641537136e-29
3.8332883315093856e-32
2.015954482744372e-35
7.065965381503807e-39
1.6506075859553412e-42
0.0
0.0
0.0
0.0
0.0
0.0
0.0
0.0
0.0
0.0
0.0
0.0
0.0
0.0
0.0
0.0
0.0
0.0
0.0
0.0
0.0
0.0
0.0
0.0
0.0
0.0
0.0
0.0
0.0
0.0
0.0
0.0
0.0
0.0
0.0
0.0
0.0
0.0
0.0
0.0
0.0
0.0
0.0
0.0
0.0
0.0
0.0
0.0
0.0
0.0
0.0
0.0
0.0
0.0
0.0
0.0
3.859620200718697e-06
2.873965136169499e-05
0.000142626415723379
0.0004717370526906419
0.0010398760086891673
0.0015277232074827041
0.0015758720313755984
0.0011772986484872856
0.0005861839072323501
0.00019451929438477305
4.302025970487382e-05
6.341104616553769e-06
6.229287237253288e-07
4.078433109873585e-08
1.7796306585034198e-09
5.175448152354157e-11
1.0031077681155202e-12
1.2957725433149486e-14
1.1155563202553081e-16
6.400822397683803e-19
2.4477192383046987e-21
6.238339035064408e-24
1.0596389027036051e-26
1.1995776429039852e-29
9.05066270108845e-33
4.551074502631424e-36
1.5252079433983834e-39
3.4066359090692095e-43
0.0
0.0
0.0
0.0
0.0
0.0
0.0
0.0
0.0
0.0
0.0
0.0
0.0
0.0
0.0
0.0
0.0
0.0
0.0
0.0
0.0
0.0
0.0
0.0
0.0
0.0
0.0
0.0
0.0
0.0
0.0
0.0
0.0
0.0
0.0
0.0
0.0
0.0
0.0
0.0
0.0
0.0
0.0
0.0
0.0
0.0
0.0
0.0
0.0
0.0
0.0
0.0
0.0
0.0
0.0
0.0
0.0
0.0
0.0
0.0
0.0
0.0
0.0
0.0
0.0
0.0
0.0
0.0
0.0
0.0
0.0
0.0
0.0
0.0
0.0
0.0
0.0
0.0
0.0
0.0
0.0
0.0
0.0
0.0
0.0
0.0
0.0
0.0
0.0
0.0
0.0
0.0
0.0
0.0
0.0
0.0
0.0
0.0
0.0
0.0
0.0
0.0
0.0
0.0
0.0
0.0
0.0
0.0
0.0
0.0
0.0
0.0
0.0
0.0
0.0
0.0
0.0
0.0
0.0
0.0
0.0
0.0
0.0
0.0
0.0
0.0
0.0
0.0
0.0
0.0
0.0
0.0
0.0
0.0
0.0
0.0
0.0
0.0
0.0
0.0
0.0
0.0
0.0
0.0
0.0
0.0
0.0
0.0
0.0
0.0
0.0
0.0
0.0
0.0
0.0
0.0
0.0
0.0
0.0
0.0
0.0
0.0
0.0
0.0
0.0
0.0
0.0
0.0
0.0
0.0
0.0
0.0
0.0
0.0
0.0
0.0
0.0
0.0
0.0
0.0
0.0
0.0
0.0
0.0
0.0
0.0
0.0
0.0
0.0
0.0
0.0
0.0
0.0
0.0
0.0
0.0
0.0
0.0
0.0
0.0
0.0
0.0
0.0
0.0
0.0
0.0
0.0
0.0
0.0
0.0
0.0
0.0
0.0
0.0
0.0
0.0
0.0
0.0
0.0
0.0
0.0
0.0
0.0
0.0
0.0
0.0
0.0
0.0
0.0
0.0
0.0
0.0
0.0
0.0
0.0
0.0
0.0
0.0
0.0
0.0
0.0
0.0
0.0
0.0
0.0
0.0
0.0
0.0
0.0
0.0
0.0
0.0
0.0
0.0
0.0
0.0
0.0
0.0
0.0
0.0
0.0
0.0
0.0
0.0
0.0
0.0
0.0
0.0
0.0
0.0
0.0
0.0
0.0
0.0
0.0
0.0
0.0
0.0
0.0
0.0
0.0
0.0
0.0
0.0
0.0
0.0
0.0
0.0
0.0
0.0
0.0
0.0
0.0
0.0
0.0
0.0
0.0
0.0
0.0
0.0
0.0
0.0
0.0
0.0
0.0
0.0
0.0
0.0
0.0
0.0
0.0
0.0
0.0
0.0
0.0
0.0
0.0
0.0
0.0
0.0
0.0
0.0
0.0
0.0
0.0
0.0
0.0
0.0
0.0
0.0
0.0
0.0
0.0
0.0
0.0
0.0
0.0
0.0
0.0
0.0
0.0
0.0
0.0
0.0
0.0
0.0
0.0
0.0
0.0
0.0
